0.14918 -0.00327 12.06394 0 0.05000 -4.80000 11.93190 0.10182 13
0.11420 0.14186 82.84648 0 -4.27500 -4.07500 82.32198 0.10236 -13
0.11675 -0.25723 82.84648 0 7.77500 -4.15000 82.32198 0.10465 -13
-0.21093 -0.03520 71.54740 0 1.07500 6.85000 70.00879 0.10298 -13
-0.12420 -0.15167 21.54162 0 4.60000 4.90000 21.38101 0.10263 -13
0.11889 0.00159 68.13379 0 -0.05000 -2.40000 67.65731 0.10141 13
0.66462 -0.12384 7.36434 0 3.65000 -19.87500 6.14725 0.12154 13
-1.33784 -0.19203 79.15964 0 5.77500 40.02500 47.94313 0.16929 13
-1.09985 0.08041 16.53480 0 -2.37500 34.72500 11.14294 0.14990 -13
-1.12600 -0.09954 94.17263 0 3.00000 33.30000 62.70539 0.15199 -13
1.60637 0.03042 73.29087 0 -0.90000 -49.15000 38.74641 0.19057 -13
-0.02694 -0.14050 19.63489 0 4.22500 1.32500 19.62790 0.10172 13
-1.93468 -0.01842 40.27950 0 0.57500 59.62500 18.49750 0.21933 -13
0.83077 0.11191 24.70426 0 -3.35000 -25.65000 19.05048 0.13140 -13
0.18030 -0.21810 36.42424 0 6.60000 -7.60000 35.87194 0.10467 -13
0.42009 -0.24093 70.53785 0 7.25000 -9.17500 65.30197 0.11188 13
-0.02288 -0.05190 89.88254 0 1.55000 -0.92500 89.85908 0.10087 13
0.44164 -0.05040 81.19650 0 1.52500 -13.00000 74.29069 0.11005 13
0.44165 -0.05039 81.19650 0 1.52500 -13.00000 74.29069 0.11020 13
-0.14051 0.04534 18.08973 0 -1.40000 3.27500 17.91418 0.10180 13
-0.36111 -0.02346 12.33375 0 0.75000 10.37500 11.60095 0.10711 -13
-1.91084 -0.00204 5.89049 0 0.22500 56.85000 2.73140 0.21722 -13
0.35512 0.08524 47.24894 0 -2.55000 -9.67500 44.54262 0.10721 -13
0.18899 0.13803 68.83009 0 -4.15000 -6.17500 67.65476 0.10342 -13
0.19351 -0.26125 68.83009 0 7.87500 -6.30000 67.65476 0.10589 -13
-1.51823 -0.23645 90.01694 0 7.12500 43.55000 50.45540 0.18460 13
0.72407 -0.21011 65.70295 0 6.35000 -22.72500 53.60862 0.12613 -13
-0.96296 0.04242 57.14559 0 -1.27500 27.22500 41.18069 0.13987 -13
1.17424 -0.07459 57.61556 0 2.22500 -34.45000 37.41627 0.15549 13
-1.82202 0.09420 8.34054 0 -2.72500 54.92500 4.02644 0.20946 -13
0.77037 -0.07284 44.76641 0 2.20000 -24.07500 35.49818 0.12734 -13
0.45470 0.10885 21.37039 0 -3.30000 -14.17500 19.47308 0.11118 13
-0.81624 -0.14714 3.31405 0 4.62500 23.00000 2.57828 0.13103 -13
-0.63474 1.07332 3.31405 0 4.55000 22.97500 2.57828 0.13102 -13
1.31019 -1.29542 3.31405 0 5.32500 32.27500 2.57828 0.18165 -13
-1.33256 -0.00491 44.03126 0 0.12500 41.92500 26.42873 0.16778 13
-0.68581 -0.19370 70.49287 0 5.82500 19.22500 58.47374 0.12365 13
0.71639 -0.12572 96.64432 0 3.80000 -22.35000 78.77214 0.12452 -13
1.13207 -0.17517 80.59187 0 5.27500 -36.17500 53.80691 0.15312 13
-1.69716 0.02733 25.45190 0 -0.87500 53.20000 12.92428 0.19839 13
-1.03879 -0.17281 97.42170 0 5.20000 32.32500 68.07847 0.14624 13
-0.51560 -0.17712 18.42745 0 5.30000 17.65000 16.43125 0.11467 13
-1.62798 -0.19918 19.74720 0 6.05000 50.97500 10.48246 0.19349 -13
-0.20833 -0.07787 38.11101 0 2.32500 5.55000 37.31449 0.10316 13
0.21759 -0.13185 62.78067 0 3.97500 -5.72500 61.36879 0.10390 13
0.88931 0.04090 71.29915 0 -1.22500 -26.10000 53.29866 0.13474 -13
-0.06322 0.07350 71.29915 0 -1.22500 -26.10000 53.29866 0.13481 -13
-0.01499 -0.11957 71.29915 0 0.85000 -26.17500 53.29866 0.14778 -13
-0.09442 0.24871 71.29915 0 -0.87500 -25.97500 53.29866 0.15763 -13
0.17155 -0.52788 71.29915 0 0.65000 -25.50000 53.29866 0.16994 -13
-1.01621 0.96926 71.29915 0 0.25000 -25.22500 53.29866 0.17201 -13
2.00700 -1.05160 71.29915 0 0.80000 -18.75000 53.29866 0.21570 -13
-1.77323 0.12959 84.07355 0 -3.92500 54.45000 41.56014 0.20543 13
-1.82156 -0.27015 84.07355 0 8.15000 55.90000 41.56014 0.21100 13
-0.32357 -0.07608 60.70198 0 2.30000 10.82500 57.76949 0.10612 -13
-0.13508 -0.08006 58.75941 0 2.42500 3.15000 58.23386 0.10194 -13
0.64310 0.16508 1.24205 0 -4.50000 -16.25000 1.04889 0.12101 -13
0.65778 -0.23407 1.24205 0 7.52500 -16.62500 1.04889 0.12337 -13
-1.19920 0.11541 57.47008 0 -3.50000 36.92500 36.94920 0.15768 13
-1.34944 -0.09249 78.41709 0 2.77500 41.32500 46.81574 0.16939 13
-0.74485 -0.00959 15.12529 0 0.25000 23.82500 12.13042 0.12557 13
-1.14831 -0.06795 93.45168 0 2.05000 34.72500 61.45263 0.15350 13
1.39243 0.10152 5.53878 0 -2.92500 -42.05000 3.24159 0.17290 -13
0.53687 -0.22175 63.22056 0 6.70000 -16.42500 55.99510 0.11647 -13
0.47538 -0.23892 26.89065 0 7.17500 -14.55000 24.40783 0.11405 13
-1.70067 -0.16003 56.01681 0 4.85000 49.62500 28.66002 0.19935 -13
1.27332 -0.18088 38.91838 0 5.42500 -38.37500 24.27665 0.16404 13
0.39596 -0.19861 43.17538 0 6.00000 -12.62500 40.24675 0.11015 -13
-0.01294 -0.13222 54.60596 0 3.97500 2.90000 54.60147 0.10159 13
-1.00605 0.12867 31.71116 0 -3.90000 29.97500 22.44739 0.14345 13
-1.03383 -0.27114 31.71116 0 8.15000 30.80000 22.44739 0.14737 13
0.14751 0.02762 93.81586 0 -0.82500 -2.27500 92.81232 0.10183 -13
0.06504 -0.04818 42.11246 0 1.47500 -2.25000 42.02386 0.10104 -13
0.01237 -0.13482 90.69197 0 4.05000 -0.97500 90.68515 0.10162 13
0.33050 0.08620 94.95718 0 -2.60000 -8.45000 90.19382 0.10641 13
-0.61625 0.07645 45.93332 0 -2.30000 19.97500 39.13508 0.11854 -13
0.14991 0.12968 5.62173 0 -4.00000 -6.67500 5.56060 0.10272 13
0.15400 -0.27022 5.62173 0 8.05000 -6.77500 5.56060 0.10540 13
0.58749 0.08316 65.14525 0 -2.52500 -14.82500 56.21895 0.11709 13
-0.01104 -0.14375 96.26851 0 4.35000 1.25000 96.26276 0.10175 -13
0.84167 -0.14553 79.78307 0 4.40000 -25.40000 61.30505 0.13244 -13
-1.10187 0.02858 14.51584 0 -0.80000 31.15000 9.75755 0.14987 -13
1.75378 -0.14128 41.16477 0 4.25000 -51.62500 20.54078 0.20380 13
0.70591 -0.15474 20.30707 0 4.65000 -20.27500 16.65518 0.12423 13
-2.03340 0.03164 21.16818 0 -1.00000 60.00000 9.34555 0.22823 13
0.10435 -0.16143 72.63459 0 4.87500 -1.62500 72.25221 0.10254 13
-1.95689 -0.24605 80.41022 0 7.40000 60.27500 37.44714 0.22266 13
0.58630 0.02198 17.71821 0 -0.70000 -18.12500 15.28577 0.11676 13
-0.26023 -0.23927 31.61155 0 7.20000 6.77500 30.64529 0.10679 13
1.28225 -0.09921 16.48413 0 2.95000 -36.72500 10.16765 0.16405 13
0.65583 -0.06508 40.86764 0 1.95000 -19.77500 34.19591 0.12061 13
-1.38597 -0.22581 26.18148 0 6.77500 42.12500 15.56910 0.17358 13
0.33672 -0.01850 86.93634 0 0.55000 -8.82500 82.39242 0.10627 13
-0.43145 -0.02785 64.95029 0 0.85000 14.37500 59.64008 0.10971 -13
0.02673 0.11220 85.99479 0 -3.40000 -4.90000 85.96448 0.10137 13
-0.93099 -0.07973 3.66621 0 2.60000 27.65000 2.68722 0.13795 -13
0.69625 0.06977 2.38209 0 -2.35000 -21.25000 1.95630 0.12312 13
-0.47102 -0.02538 62.74608 0 0.75000 13.40000 56.76760 0.11134 13
-1.37201 -0.21977 18.41324 0 6.67500 41.97500 11.01242 0.17246 -13
-0.90237 -0.02787 63.77435 0 0.85000 28.45000 47.35512 0.13568 -13
1.25590 -0.19489 2.50376 0 6.20000 -36.70000 1.57737 0.16333 -13
-1.05360 -0.05836 44.24912 0 1.75000 33.92500 30.48906 0.14641 13
-0.81087 -0.06496 9.31732 0 1.90000 21.97500 7.24304 0.12981 13
0.66000 -0.19765 97.25491 0 5.97500 -20.85000 81.63718 0.12229 -13
1.32868 0.02198 29.68915 0 -0.70000 -39.35000 17.85589 0.16748 13
0.32975 0.07773 71.77218 0 -2.35000 -9.52500 68.18217 0.10633 13
-0.25754 0.05138 49.00008 0 -1.55000 8.07500 47.45552 0.10412 13
-0.89044 -0.22061 63.77596 0 6.67500 26.20000 48.12705 0.13667 -13
-0.61869 0.12532 62.59077 0 -3.77500 20.32500 53.34130 0.11909 -13
-0.63661 -0.27462 62.59077 0 8.30000 20.87500 53.34130 0.12255 -13
0.36027 0.02243 32.09203 0 -0.65000 -11.55000 30.19350 0.10706 -13
-0.16865 -0.11757 2.17573 0 3.77500 6.35000 2.14574 0.10303 -13
-1.88939 -0.00295 49.36596 0 0.07500 58.97500 23.09286 0.21528 13
1.75569 -0.00953 48.67276 0 0.27500 -54.90000 24.09064 0.20348 13
0.70191 -0.18749 46.58004 0 5.65000 -19.95000 38.34096 0.12446 13
-0.38056 0.08017 81.26718 0 -2.42500 12.17500 75.98374 0.10805 13
-1.77404 -0.14374 47.35125 0 4.32500 51.80000 23.43221 0.20557 13
-0.21201 -0.04701 31.83368 0 1.40000 5.40000 31.14298 0.10305 13
0.23129 0.13466 62.00430 0 -4.05000 -3.62500 60.43698 0.10424 -13
0.23712 -0.26477 62.00430 0 8.00000 -3.80000 60.43698 0.10688 -13
1.54708 0.09602 55.36892 0 -2.92500 -44.57500 30.15455 0.18577 13
-0.35851 -0.13993 30.99319 0 4.25000 11.32500 29.20672 0.10791 -13
-0.14748 0.03501 29.66890 0 -1.07500 3.57500 29.35181 0.10186 13
-1.24878 -0.19450 83.69189 0 5.85000 38.70000 52.90388 0.16228 13
0.45216 -0.11534 86.79181 0 3.47500 -17.45000 79.17178 0.11113 13
0.46737 -0.13974 99.82263 0 4.22500 -13.60000 90.58851 0.11205 -13
0.85612 0.13127 27.67299 0 -3.97500 -24.35000 21.09706 0.13324 13
0.87887 -0.26840 27.67299 0 8.07500 -25.02500 21.09706 0.13674 13
-1.13576 -0.03968 39.29775 0 1.22500 34.07500 25.98033 0.15245 -13
2.16982 -0.21186 36.01010 0 6.35000 -64.05000 15.34557 0.24150 13
0.58383 -0.00587 59.10606 0 0.17500 -19.40000 51.04369 0.11660 13
-0.29446 0.01859 80.25249 0 -0.55000 7.55000 76.98545 0.10499 -13
-1.48389 0.09695 12.10215 0 -3.00000 46.20000 6.78460 0.18052 13
-0.76408 0.13386 65.81725 0 -4.02500 25.57500 52.46863 0.12744 -13
-0.78360 -0.26562 65.81725 0 8.02500 26.17500 52.46863 0.13071 -13
-0.44427 -0.18285 30.37562 0 5.52500 11.30000 27.83372 0.11174 -13
-1.78129 -0.00716 5.57055 0 0.02500 50.37500 2.72722 0.20573 13
-1.71292 -0.01167 3.70371 0 0.07500 49.97500 1.86772 0.19978 13
0.63382 0.13614 84.13989 0 -4.10000 -17.70000 71.25334 0.12001 -13
0.64942 -0.26322 84.13989 0 7.95000 -18.15000 71.25334 0.12298 -13
0.38883 -0.19351 41.92233 0 5.82500 -13.42500 39.16530 0.10978 13
0.38300 -0.03613 67.61326 0 1.07500 -9.22500 63.14586 0.10790 13
-1.50455 -0.03337 42.46545 0 1.02500 45.92500 23.51550 0.18197 -13
0.41618 -0.20035 71.93967 0 6.02500 -13.40000 66.60736 0.11092 13
0.76757 -0.11086 99.47816 0 3.35000 -22.10000 79.08974 0.12744 -13
-1.26968 0.10235 96.76643 0 -3.10000 37.05000 60.06570 0.16309 13
-1.39186 0.10956 99.33394 0 -3.32500 42.40000 58.18801 0.17295 13
0.35374 -0.24765 52.53805 0 7.47500 -10.72500 49.69033 0.10970 -13
0.76468 -0.08923 98.29292 0 2.67500 -21.57500 78.19468 0.12709 13
0.58817 -0.09620 87.09858 0 2.90000 -17.75000 75.16379 0.11723 13
-1.57472 -0.06249 43.32941 0 1.90000 46.47500 23.25986 0.18797 -13
0.23472 0.10840 64.48826 0 -3.25000 -7.27500 62.80111 0.10401 -13
-0.69195 0.14906 57.95140 0 -4.47500 22.32500 47.82351 0.12337 -13
-0.70539 -0.24971 57.95140 0 7.55000 22.72500 47.82351 0.12579 -13
1.62505 -0.10253 28.34656 0 3.12500 -45.87500 14.91277 0.19244 -13
-1.88107 -0.15969 6.16557 0 4.65000 53.95000 2.92214 0.21502 13
0.78911 0.12480 1.95423 0 -3.40000 -22.77500 1.53707 0.12903 -13
0.04724 -0.09899 96.45422 0 2.97500 -2.75000 96.34779 0.10131 13
-1.26540 0.12485 67.21762 0 -3.77500 39.37500 41.87560 0.16291 13
-1.30233 -0.27517 67.21762 0 8.30000 40.47500 41.87560 0.16764 13
-0.45615 -0.16699 40.54083 0 5.05000 10.35000 36.97117 0.11197 -13
-0.52260 -0.16772 54.53438 0 5.05000 16.00000 48.47472 0.11487 13
-0.68531 0.11824 61.79221 0 -3.55000 19.67500 51.08437 0.12266 -13
0.54014 0.07877 61.06830 0 -2.37500 -19.17500 53.76885 0.11473 -13
0.35025 -0.15598 55.04793 0 4.72500 -11.35000 52.02090 0.10786 -13
1.02072 0.07305 99.44998 0 -2.20000 -29.67500 69.69083 0.14409 13
0.62755 0.11939 5.48421 0 -3.50000 -18.52500 4.65418 0.11948 -13
0.28096 -0.07689 69.58796 0 2.32500 -7.90000 67.00837 0.10489 -13
-0.67884 -0.05641 73.48270 0 1.70000 20.30000 60.82805 0.12184 13
-1.01237 -0.13019 1.05614 0 3.30000 29.72500 0.74517 0.14430 13
0.54623 -0.14431 76.21661 0 4.35000 -15.77500 67.04594 0.11566 13
0.41081 -0.04991 90.83208 0 1.50000 -12.57500 84.03363 0.10899 13
-1.20525 -0.17769 4.16853 0 5.17500 38.37500 2.68695 0.15857 13
-1.16571 -0.21021 65.81007 0 6.35000 32.60000 43.38001 0.15612 -13
1.33598 0.00188 34.41014 0 -0.02500 -38.47500 20.61956 0.16805 -13
-0.29855 -0.05407 30.84732 0 1.62500 10.67500 29.56179 0.10524 13
1.32846 -0.11203 30.06086 0 3.40000 -40.72500 18.15069 0.16785 -13
0.00675 0.04763 88.55149 0 -1.45000 -1.17500 88.54948 0.10082 13
-1.24940 -0.19168 95.93583 0 5.77500 38.20000 60.60701 0.16230 13
-0.53690 -0.12574 19.80248 0 3.77500 15.22500 17.47712 0.11499 13
-1.40398 0.03177 41.20523 0 -0.92500 41.62500 23.91324 0.17360 -13
0.42841 0.11540 97.96096 0 -3.47500 -11.52500 90.13756 0.11017 -13
0.51206 0.04743 69.53151 0 -1.42500 -14.55000 61.90378 0.11324 -13
0.77008 -0.10089 76.66528 0 3.05000 -22.72500 60.85627 0.12751 -13
1.11334 0.06171 86.47767 0 -1.85000 -34.30000 57.84747 0.15083 -13
0.51020 0.08395 63.48224 0 -2.55000 -15.17500 56.58840 0.11337 13
0.41243 -0.11043 92.60310 0 3.32500 -15.32500 85.68292 0.10950 -13
0.83077 -0.17582 63.48563 0 5.32500 -26.60000 49.13394 0.13212 -13
0.42834 -0.23771 93.53629 0 7.17500 -11.65000 86.33938 0.11214 -13
0.82766 0.00381 27.43792 0 -0.10000 -25.32500 21.13736 0.13072 -13
-1.49910 0.04087 26.38401 0 -1.27500 42.50000 14.65026 0.18152 13
0.53820 -0.24535 97.36604 0 7.40000 -14.05000 86.28911 0.11699 13
0.26049 -0.24827 39.04970 0 7.47500 -4.15000 37.85854 0.10701 13
0.05848 0.12980 15.87125 0 -3.87500 -2.05000 15.84460 0.10171 -13
0.06017 -0.26990 15.87125 0 8.17500 -2.10000 15.84460 0.10451 -13
1.06217 -0.15883 26.80395 0 4.77500 -31.70000 18.49452 0.14776 13
-0.50824 -0.03185 97.73946 0 0.95000 13.77500 87.14076 0.11301 13
0.21091 0.09575 15.14995 0 -2.85000 -6.42500 14.82668 0.10336 -13
-0.42129 0.01591 63.27212 0 -0.50000 11.42500 58.30983 0.10929 13
-0.49859 -0.15805 55.18803 0 4.77500 14.35000 49.50981 0.11365 -13
0.88898 -0.19159 14.14841 0 5.72500 -25.40000 10.65817 0.13608 13
1.10926 -0.09606 30.94259 0 2.92500 -35.22500 20.77116 0.15072 -13
0.63700 -0.07889 4.48504 0 2.50000 -18.75000 3.78655 0.11972 -13
-0.24319 -0.12804 75.32202 0 3.85000 9.67500 73.22181 0.10443 13
-1.91317 0.03434 33.50546 0 -1.07500 57.80000 15.52690 0.21744 13
-0.03745 -0.09350 73.97795 0 2.82500 0.65000 73.92654 0.10121 13
-0.85290 0.12784 73.43026 0 -3.87500 26.82500 56.06023 0.13298 13
-0.87675 -0.27199 73.43026 0 8.20000 27.52500 56.06023 0.13669 13
-1.92931 -0.02632 58.60065 0 0.82500 58.75000 26.97405 0.21885 -13
-1.25662 -0.04674 74.88272 0 1.40000 37.95000 46.65938 0.16179 13
-0.63940 -0.03446 97.90333 0 1.02500 16.85000 82.49808 0.11958 13
0.48302 -0.14070 90.10990 0 4.25000 -14.85000 81.28974 0.11273 -13
-0.80393 -0.02898 57.80792 0 0.87500 24.12500 45.06149 0.12924 -13
-0.80648 0.07248 96.40580 0 -2.20000 24.05000 75.11989 0.12958 13
-0.38058 -0.11328 83.44354 0 3.42500 9.00000 78.04918 0.10836 -13
-1.65584 -0.17170 60.93201 0 5.17500 51.15000 31.83552 0.19554 13
2.14423 -0.04866 95.86906 0 1.47500 -61.82500 40.55996 0.23831 -13
-0.38046 -0.22142 28.50024 0 6.70000 11.07500 26.71659 0.11004 -13
-0.34220 -0.12840 57.64823 0 3.87500 11.62500 54.58958 0.10722 -13
-0.72652 -0.04771 52.06364 0 1.45000 22.47500 42.13770 0.12457 -13
-1.94042 0.07112 38.46337 0 -2.17500 59.45000 17.65492 0.21996 13
-1.82994 -0.07881 53.25696 0 2.35000 54.62500 25.60004 0.21014 13
0.15831 0.09877 77.47871 0 -2.97500 -3.65000 76.53481 0.10244 13
0.81911 0.11071 20.97922 0 -3.30000 -24.57500 16.26934 0.13064 -13
0.53053 0.08856 54.75488 0 -2.65000 -17.20000 48.41068 0.11434 -13
-0.74918 0.11245 97.32946 0 -3.37500 24.05000 78.06951 0.12634 -13
-0.16852 0.04288 78.95573 0 -1.30000 7.20000 77.85984 0.10222 13
1.30523 0.03068 83.85699 0 -0.92500 -42.50000 51.01509 0.16561 -13
-0.41380 0.06378 21.91832 0 -1.95000 12.22500 20.25872 0.10918 13
1.95273 -0.24112 14.49148 0 7.35000 -59.55000 6.75312 0.22243 -13
-0.10553 -0.10895 17.82810 0 3.32500 0.87500 17.73076 0.10187 -13
-1.41647 0.00790 95.37151 0 -0.25000 40.82500 55.00426 0.17461 13
1.64193 0.08935 43.42943 0 -2.67500 -48.97500 22.65664 0.19379 -13
-0.61307 0.00442 92.40344 0 -0.12500 18.22500 78.77745 0.11812 -13
0.72565 -0.23841 86.12049 0 7.17500 -18.97500 70.35804 0.12671 13
-0.69016 0.01236 52.66366 0 -0.37500 20.40000 43.34412 0.12237 13
1.34762 0.01857 72.91813 0 -0.55000 -41.77500 43.45736 0.16900 -13
-1.22438 -0.14606 75.36040 0 4.40000 38.40000 47.97189 0.15987 13
0.68046 -0.03180 47.67698 0 0.97500 -21.95000 39.42304 0.12185 -13
-0.17463 0.03104 83.39861 0 -0.92500 3.75000 82.15644 0.10227 -13
-1.01871 0.00180 59.37366 0 -0.07500 28.27500 41.59232 0.14375 13
0.66849 -0.16807 38.30865 0 5.07500 -19.22500 31.98371 0.12233 -13
-1.60078 -0.08957 32.70687 0 2.72500 50.65000 17.37848 0.19030 -13
1.54413 -0.00907 21.10543 0 0.32500 -50.42500 11.47305 0.18526 -13
0.77747 0.11947 46.45104 0 -3.62500 -22.75000 36.76897 0.12813 13
0.80187 -0.28086 46.45104 0 8.45000 -23.47500 36.76897 0.13213 13
0.82795 -0.11051 63.39554 0 3.35000 -24.47500 48.95043 0.13122 -13
-0.05355 -0.13089 39.45901 0 3.92500 4.32500 39.40352 0.10170 13
-1.85639 -0.05736 38.89664 0 1.75000 54.40000 18.47025 0.21243 -13
-1.06536 0.14416 30.93416 0 -4.32500 29.32500 21.28653 0.14784 -13
-1.08812 -0.25480 30.93416 0 7.70000 30.02500 21.28653 0.15105 -13
0.59320 0.13209 91.36364 0 -3.97500 -18.85000 78.75493 0.11784 -13
0.60876 -0.26748 91.36364 0 8.07500 -19.32500 78.75493 0.12094 -13
-0.38903 -0.00192 59.68909 0 0.05000 12.80000 55.62787 0.10806 13
0.64117 -0.21866 42.93842 0 6.57500 -19.22500 36.38937 0.12162 13
1.81553 -0.04524 77.84790 0 1.37500 -53.92500 37.58821 0.20877 -13
-0.87890 -0.16920 12.00553 0 5.15000 27.12500 9.07292 0.13519 -13
-0.49799 -0.21925 31.55235 0 6.62500 16.27500 28.37371 0.11466 -13
-0.92025 0.10958 42.87110 0 -3.30000 28.52500 31.63253 0.13729 -13
-0.43387 -0.04717 2.65816 0 1.62500 12.40000 2.43899 0.11000 -13
0.21071 0.04378 31.43420 0 -1.32500 -8.85000 30.76014 0.10301 13
1.68912 -0.19169 98.51955 0 5.80000 -49.70000 50.86147 0.19863 -13
-1.71773 -0.18601 49.92088 0 5.62500 51.77500 25.43649 0.20105 -13
0.47977 -0.02226 18.97234 0 0.65000 -15.20000 17.10641 0.11171 13
0.25027 -0.10759 85.31844 0 3.25000 -7.85000 82.79381 0.10437 -13
0.53787 0.09844 74.06000 0 -2.95000 -17.65000 65.29430 0.11477 -13
1.31013 -0.13078 95.75072 0 3.92500 -38.05000 58.40582 0.16649 13
-0.33276 0.13926 73.28448 0 -4.20000 10.32500 69.60189 0.10705 -13
-0.34053 -0.25996 73.28448 0 7.85000 10.55000 69.60189 0.10956 -13
0.28400 -0.15573 40.97192 0 4.67500 -6.97500 39.44816 0.10585 13
-1.09707 -0.19769 27.46684 0 5.92500 35.52500 18.69565 0.15079 13
-1.70284 -0.15932 88.09764 0 4.80000 52.87500 45.02860 0.19951 13
0.10454 0.03446 33.66779 0 -1.05000 -3.22500 33.48552 0.10131 13
-0.07837 0.11956 36.56729 0 -3.62500 1.02500 36.45712 0.10173 13
-0.08082 -0.28079 36.56729 0 8.45000 1.10000 36.45712 0.10490 13
-1.77618 0.07113 12.35586 0 -2.22500 52.55000 6.07333 0.20543 13
-1.55138 0.14399 77.10152 0 -4.32500 47.00000 42.07544 0.18642 -13
-1.58471 -0.25499 77.10152 0 7.70000 48.00000 42.07544 0.19045 -13
0.40311 -0.02509 28.25718 0 0.75000 -12.12500 26.20921 0.10861 13
-0.02236 0.11669 56.75500 0 -3.50000 1.92500 56.74099 0.10141 -13
-0.60863 0.11992 55.95503 0 -3.60000 19.05000 47.88990 0.11850 -13
-0.62760 -0.28033 55.95503 0 8.47500 19.62500 47.88990 0.12221 -13
-1.87415 -0.01917 66.28957 0 0.55000 57.10000 31.21016 0.21393 13
-0.70396 0.00331 90.56439 0 -0.10000 22.32500 74.05519 0.12315 13
0.30040 0.05582 96.81024 0 -1.70000 -8.42500 92.72915 0.10530 13
0.06717 -0.09881 99.81956 0 2.97500 -4.35000 99.59732 0.10142 13
0.41159 0.02696 45.11592 0 -0.82500 -13.65000 41.72221 0.10893 13
0.46729 -0.08389 41.50387 0 2.55000 -14.57500 37.62486 0.11148 -13
0.15342 -0.00456 86.62890 0 0.15000 -4.95000 85.62705 0.10188 -13
-0.21568 0.06449 96.24794 0 -1.95000 9.40000 94.09316 0.10322 13
-0.26897 0.01202 67.48300 0 -0.37500 10.37500 65.16721 0.10429 13
0.77600 0.00768 96.33993 0 -0.22500 -25.47500 76.11266 0.12747 -13
-1.06150 -0.06900 77.94817 0 2.10000 29.80000 53.51656 0.14703 -13
1.88653 0.11782 33.41770 0 -3.60000 -59.20000 15.73551 0.21538 13
1.94707 -0.28273 33.41770 0 8.50000 -61.00000 15.73551 0.22218 13
-0.77620 0.08997 43.79029 0 -2.70000 23.62500 34.64484 0.12779 -13
-0.43644 -0.17139 29.60976 0 5.15000 12.50000 27.19978 0.11121 13
-0.77704 -0.12234 84.79276 0 3.67500 22.75000 67.14186 0.12813 13
0.16907 -0.01949 41.06453 0 0.57500 -5.50000 40.49015 0.10215 13
-0.21095 0.00012 66.21782 0 -0.00000 6.77500 64.79181 0.10292 -13
-0.71311 0.04721 41.41103 0 -1.40000 20.25000 33.72898 0.12377 -13
-0.35845 -0.09577 5.40948 0 2.97500 11.42500 5.09487 0.10746 -13
1.04264 -0.22749 94.75897 0 6.87500 -34.12500 66.44868 0.14728 -13
-0.61845 -0.16296 48.94441 0 4.90000 20.62500 41.77667 0.11953 13
0.24056 -0.19978 19.94403 0 6.00000 -6.60000 19.41125 0.10550 13
1.18992 -0.20547 2.31902 0 5.85000 -37.20000 1.51009 0.15771 13
-0.58167 0.06332 31.51659 0 -1.92500 20.90000 27.25703 0.11668 13
-0.77242 0.11079 40.06051 0 -3.32500 22.82500 31.77714 0.12772 -13
0.13758 -0.70341 40.06051 0 -3.25000 22.62500 31.77714 0.12766 -13
-0.47820 0.78021 40.06051 0 -1.95000 22.27500 31.77714 0.13360 -13
0.68423 0.02599 25.98935 0 -0.75000 -20.97500 21.45137 0.12205 -13
0.03758 0.12614 87.46629 0 -3.80000 1.77500 87.40555 0.10157 13
0.03866 -0.27378 87.46629 0 8.25000 1.75000 87.40555 0.10448 13
0.39443 0.05322 72.13064 0 -1.60000 -9.60000 67.11257 0.10838 -13
0.21954 -0.08430 21.60527 0 2.52500 -6.75000 21.10605 0.10345 13
2.10145 -0.21927 75.02075 0 6.62500 -61.12500 32.85657 0.23542 -13
-1.37543 0.08524 73.00782 0 -2.57500 41.95000 43.03385 0.17147 13
-0.79541 -0.18333 2.40348 0 5.25000 23.02500 1.89335 0.12989 13
-1.93955 0.08034 3.01648 0 -2.07500 59.27500 1.38651 0.21974 -13
1.82235 0.06355 40.84306 0 -1.90000 -56.27500 19.67936 0.20941 -13
0.74736 -0.17969 73.29503 0 5.40000 -23.57500 59.04209 0.12701 13
-0.54781 0.09120 86.62691 0 -2.75000 16.27500 76.04641 0.11519 -13
1.93464 0.11218 62.53315 0 -3.37500 -57.60000 28.85613 0.21958 -13
0.30769 -0.15912 89.10399 0 4.80000 -8.27500 85.25509 0.10657 13
0.68883 0.02023 19.94557 0 -0.65000 -20.20000 16.42675 0.12230 13
0.16387 0.14137 50.11603 0 -4.27500 -5.12500 49.46894 0.10304 13
0.16755 -0.25776 50.11603 0 7.77500 -5.25000 49.46894 0.10535 13
-0.11395 0.14877 7.33383 0 -4.42500 2.85000 7.28765 0.10243 -13
-0.11616 -0.24993 7.33383 0 7.60000 2.92500 7.28765 0.10453 -13
1.24978 -0.16470 74.62454 0 4.95000 -38.97500 47.00313 0.16195 13
1.24979 -0.16470 74.62454 0 4.95000 -39.00000 47.00313 0.16203 13
-0.36074 -0.15999 62.34942 0 4.82500 12.00000 58.73431 0.10827 -13
-0.04126 0.04691 72.78050 0 -1.40000 -0.60000 72.71878 0.10090 -13
0.36183 -0.06009 49.02462 0 1.82500 -13.20000 46.10928 0.10727 -13
-0.85951 -0.10154 78.00820 0 3.07500 28.40000 59.28728 0.13319 -13
-0.50631 -0.03093 65.14559 0 0.92500 14.25000 58.12622 0.11291 13
1.44691 -0.23644 22.69971 0 7.17500 -44.45000 13.14289 0.17878 -13
0.93854 0.15026 19.94509 0 -4.50000 -27.95000 14.61857 0.13887 -13
0.95635 -0.24844 19.94509 0 7.52500 -28.50000 14.61857 0.14162 -13
1.15741 -0.05661 59.62876 0 1.72500 -34.57500 39.01973 0.15414 -13
0.73638 -0.03629 4.84904 0 0.97500 -20.90000 3.90540 0.12513 13
-1.71579 0.09783 77.27823 0 -2.97500 51.10000 39.05114 0.20025 13
0.84028 -0.15625 52.08036 0 4.70000 -25.10000 40.07091 0.13246 13
-1.80016 -0.21860 40.26640 0 6.57500 50.85000 19.90360 0.20850 13
-1.54439 0.03322 95.30345 0 -1.00000 46.20000 51.81912 0.18531 13
0.47271 -0.07826 31.78508 0 2.35000 -15.72500 28.75205 0.11166 13
-0.34229 -0.02433 95.67747 0 0.72500 12.62500 90.52421 0.10647 13
0.33613 -0.12685 4.69190 0 3.72500 -11.47500 4.45096 0.10699 13
0.93485 -0.17816 99.03936 0 5.37500 -28.47500 72.87315 0.13902 -13
-1.04429 0.14861 7.70158 0 -4.40000 29.70000 5.35650 0.14633 -13
-1.06472 -0.25019 7.70158 0 7.65000 30.35000 5.35650 0.14938 -13
-1.36663 -0.17466 3.95606 0 5.47500 41.30000 2.35853 0.17174 -13
0.88187 0.08360 14.04388 0 -2.47500 -24.97500 10.54944 0.13452 -13
-1.66252 -0.20786 37.58404 0 6.30000 50.72500 19.67420 0.19653 -13
0.14316 0.10781 62.63156 0 -3.25000 -4.52500 62.00664 0.10231 13
0.23858 0.12395 95.36998 0 -3.75000 -6.52500 92.80426 0.10427 13
0.24562 -0.27610 95.36998 0 8.32500 -6.75000 92.80426 0.10735 13
0.08337 -0.05518 10.72822 0 1.62500 -1.62500 10.69126 0.10120 13
-0.10225 -0.12129 10.79453 0 3.62500 4.02500 10.73932 0.10194 13
0.80174 -0.21088 70.65914 0 6.35000 -24.77500 55.59364 0.13080 13
0.88566 -0.01947 50.18111 0 0.60000 -24.22500 37.56932 0.13454 -13
-0.93324 0.01320 50.99478 0 -0.37500 29.37500 37.28316 0.13775 -13
1.31550 0.04936 39.82717 0 -1.47500 -40.32500 24.12044 0.16647 -13
0.20196 0.14554 2.60924 0 -4.20000 -4.60000 2.55872 0.10377 -13
0.20598 -0.25304 2.60924 0 7.85000 -4.72500 2.55872 0.10619 -13
0.33616 -0.03605 1.63042 0 1.40000 -10.50000 1.54557 0.10657 -13
-0.42647 0.12997 68.22536 0 -3.92500 16.25000 62.83693 0.11026 13
-0.43803 -0.26975 68.22536 0 8.12500 16.57500 62.83693 0.11324 13
-0.32212 0.11154 7.61439 0 -3.42500 10.75000 7.25211 0.10642 13
1.74531 -0.23113 9.35742 0 6.85000 -47.62500 4.74349 0.20372 13
-0.03057 0.07149 50.46683 0 -2.17500 0.72500 50.44340 0.10101 13
0.17853 0.10963 95.88495 0 -3.30000 -9.37500 94.40973 0.10289 -13
-1.54715 -0.17437 34.74748 0 5.27500 47.95000 19.06166 0.18637 -13
0.50776 0.12973 72.32895 0 -3.92500 -13.17500 64.60133 0.11370 13
0.52158 -0.27000 72.32895 0 8.12500 -13.57500 64.60133 0.11678 13
0.10911 -0.03664 30.93873 0 1.10000 -2.12500 30.75644 0.10137 13
0.53534 -0.06468 65.71463 0 1.95000 -14.72500 57.96263 0.11441 -13
-0.08684 0.04788 79.72628 0 -1.45000 0.55000 79.42802 0.10119 -13
0.49349 -0.12033 8.05238 0 3.70000 -14.60000 7.23122 0.11299 -13
1.11785 0.13160 39.36040 0 -3.97500 -33.35000 26.36779 0.15163 13
1.14746 -0.26807 39.36040 0 8.07500 -34.25000 26.36779 0.15561 13
-1.31444 -0.17196 41.17894 0 5.20000 40.42500 25.16207 0.16724 -13
1.80902 0.00320 57.00970 0 -0.12500 -55.17500 27.58079 0.20815 13
-0.20380 -0.16950 33.76859 0 5.10000 3.97500 33.10693 0.10417 13
2.07734 -0.05729 94.14702 0 1.72500 -62.75000 40.89041 0.23223 13
-1.57943 0.11196 23.55597 0 -3.35000 47.27500 12.65598 0.18858 -13
1.11399 -0.22886 37.77320 0 6.92500 -32.27500 25.58791 0.15253 -13
0.37776 -0.21529 51.65427 0 6.50000 -10.60000 48.45543 0.10981 -13
-0.86432 -0.08615 24.76676 0 2.62500 27.20000 18.76795 0.13339 -13
-0.53124 -0.06368 1.79550 0 1.62500 17.35000 1.58645 0.11434 13
0.77769 0.11300 66.01425 0 -3.40000 -20.90000 52.23491 0.12807 -13
-0.51611 0.04611 61.16841 0 -1.40000 14.95000 54.36788 0.11342 13
-0.29073 -0.24523 7.93505 0 7.47500 9.25000 7.63659 0.10781 -13
-0.09813 -0.12664 22.25163 0 3.85000 4.02500 22.14690 0.10200 -13
-0.08543 0.03847 28.10026 0 -1.15000 1.50000 27.99843 0.10114 -13
-1.59593 -0.01792 71.08631 0 0.55000 50.47500 37.74894 0.18967 -13
-0.28777 0.03348 70.91593 0 -1.00000 9.10000 68.15309 0.10485 -13
-0.29434 0.01477 71.52530 0 -0.45000 8.27500 68.61544 0.10498 13
1.10733 -0.14474 52.25689 0 4.37500 -34.12500 35.22317 0.15097 -13
0.47272 -0.11644 30.11749 0 3.50000 -14.97500 27.26198 0.11200 13
1.64706 -0.11404 65.60573 0 3.42500 -48.70000 34.21056 0.19436 13
0.27046 -0.24010 73.68110 0 7.22500 -8.17500 71.25816 0.10708 13
0.50407 -0.13909 83.59468 0 4.20000 -12.45000 74.79093 0.11364 13
0.36340 -0.18851 38.83866 0 5.67500 -9.62500 36.57651 0.10881 13
-0.32828 -0.21672 38.39780 0 6.52500 12.02500 36.56193 0.10820 13
0.61402 0.09358 84.07112 0 -2.82500 -18.75000 71.72819 0.11855 13
-0.19806 0.09864 57.75354 0 -2.97500 4.72500 56.66327 0.10314 -13
0.08385 -0.18259 22.06360 0 5.52500 -2.60000 21.98893 0.10273 -13
0.14385 -0.12900 26.44336 0 3.90000 -5.22500 26.17828 0.10257 -13
1.48536 -0.24528 7.23020 0 7.27500 -44.27500 4.11873 0.18186 13
1.97069 -0.05364 60.80175 0 1.62500 -61.22500 27.54431 0.22262 -13
-1.49546 -0.08604 4.61784 0 2.80000 43.90000 2.57367 0.18151 -13
0.00787 -0.21090 59.17807 0 6.35000 0.65000 59.17633 0.10291 13
-0.46954 -0.09488 67.48479 0 2.85000 12.25000 61.13536 0.11166 13
0.78451 -0.12258 20.80487 0 3.72500 -22.62500 16.41456 0.12861 -13
0.13660 -0.05282 38.12769 0 1.57500 -2.55000 37.77783 0.10177 13
0.32218 0.10786 50.83563 0 -3.25000 -8.32500 48.41229 0.10635 -13
-0.48115 0.05576 70.05584 0 -1.67500 15.07500 63.14688 0.11189 -13
-1.03996 0.09373 3.89323 0 -3.00000 30.40000 2.70559 0.14568 13
-0.92038 -0.04266 88.23186 0 1.27500 28.05000 64.94709 0.13693 13
0.83479 -0.18205 1.22409 0 4.92500 -24.02500 0.94572 0.13257 13
0.88090 0.08006 39.97822 0 -2.42500 -26.62500 30.04079 0.13445 13
0.95017 -0.56984 39.97822 0 -2.12500 -41.25000 30.04079 0.70453 13
-0.37901 -0.24329 57.18227 0 7.32500 12.82500 53.65948 0.11044 13
1.58660 0.08658 2.39264 0 -2.97500 -51.05000 1.27871 0.18954 13
1.04596 0.13361 59.60674 0 -4.02500 -30.97500 41.38088 0.14633 -13
1.07278 -0.26589 59.60674 0 8.02500 -31.80000 41.38088 0.15011 -13
-2.13977 0.05072 13.73224 0 -1.45000 63.15000 5.82020 0.23788 -13
-0.40496 0.14946 52.20838 0 -4.50000 12.17500 48.46548 0.10964 -13
-0.41278 -0.24931 52.20838 0 7.52500 12.42500 48.46548 0.11181 -13
0.88976 -0.06811 22.46976 0 2.02500 -24.70000 16.80443 0.13496 13
-1.36866 -0.24280 61.16683 0 7.30000 43.42500 36.75898 0.17242 13
1.59421 -0.23049 93.40538 0 6.95000 -45.37500 50.55676 0.19092 13
-0.81708 -0.13049 33.88999 0 3.92500 23.75000 26.33242 0.13070 13
0.48659 -0.09416 23.94739 0 2.82500 -17.55000 21.55154 0.11239 13
1.41955 0.11789 47.92480 0 -3.57500 -44.82500 27.72638 0.17528 13
1.46496 -0.28258 47.92480 0 8.50000 -46.15000 27.72638 0.18060 13
1.07475 -0.12191 55.02039 0 3.70000 -30.02500 37.62756 0.14835 -13
-0.87093 0.01985 41.60465 0 -0.62500 28.37500 31.37631 0.13357 13
0.59241 0.04658 49.91201 0 -1.40000 -19.22500 42.95413 0.11714 -13
0.48006 0.14578 50.47661 0 -4.37500 -14.42500 45.59416 0.11266 -13
0.49003 -0.25312 50.47661 0 7.65000 -14.72500 45.59416 0.11501 -13
-1.21343 0.04509 53.11996 0 -1.35000 31.92500 33.80376 0.15841 -13
0.49542 -0.12996 24.18624 0 3.90000 -17.12500 21.70790 0.11313 13
-0.89808 -0.21892 24.86716 0 6.62500 29.47500 18.69290 0.13717 -13
0.58354 -0.05423 25.55233 0 1.65000 -16.50000 22.07786 0.11673 -13
1.26495 -0.12012 41.55451 0 3.65000 -38.50000 25.88427 0.16284 -13
-0.15622 -0.22801 56.81655 0 6.87500 3.00000 56.16874 0.10449 -13
0.14168 -0.05716 66.12026 0 1.72500 -2.80000 65.46853 0.10187 13
-1.17300 -0.13107 17.47557 0 4.00000 35.67500 11.39316 0.15582 -13
-0.96129 0.06259 92.58975 0 -1.87500 29.60000 66.81318 0.13983 -13
-0.43224 0.14740 1.05635 0 -3.95000 12.27500 0.97141 0.11100 -13
-0.44038 -0.25041 1.05635 0 8.10000 12.62500 0.97141 0.11395 -13
0.40998 -0.02909 83.18168 0 0.87500 -15.52500 76.96935 0.10888 13
1.08815 -0.13409 44.92679 0 4.02500 -37.10000 30.54694 0.14942 13
0.79178 -0.24096 66.90163 0 7.27500 -22.97500 53.01424 0.13073 -13
0.68182 0.01473 36.02962 0 -0.45000 -19.87500 29.76978 0.12189 13
0.02995 0.08573 6.53137 0 -2.52500 -1.42500 6.52845 0.10111 -13
1.43400 -0.12452 61.85391 0 3.75000 -42.10000 35.56376 0.17650 13
1.03572 -0.13843 86.97457 0 4.17500 -32.87500 60.70781 0.14566 -13
0.72120 0.11459 13.84082 0 -3.40000 -22.02500 11.25061 0.12468 -13
0.03439 -0.05237 36.32359 0 1.57500 -1.70000 36.30219 0.10089 13
-0.86520 -0.05096 86.89480 0 1.52500 26.75000 65.75014 0.13326 13
-0.59578 0.02952 95.43813 0 -0.87500 18.02500 81.99916 0.11726 -13
0.66867 0.14129 90.82921 0 -4.27500 -19.95000 75.73416 0.12198 13
0.68375 -0.25785 90.82921 0 7.77500 -20.40000 75.73416 0.12472 13
0.57735 -0.12810 97.44549 0 3.85000 -17.10000 84.56108 0.11699 13
0.31908 -0.22823 45.31979 0 6.90000 -10.17500 43.27425 0.10819 -13
-0.06934 -0.00584 82.96110 0 0.17500 1.85000 82.76236 0.10095 13
0.31737 -0.03405 2.84194 0 0.85000 -10.00000 2.70892 0.10576 13
-1.78887 -0.23862 98.60695 0 7.20000 52.52500 49.13391 0.20779 -13
0.83678 0.00404 92.70007 0 -0.12500 -26.75000 71.09380 0.13131 13
1.01394 0.06635 26.09105 0 -2.02500 -27.70000 18.34171 0.14357 13
-0.48892 -0.21358 6.23018 0 6.55000 16.72500 5.62063 0.11424 -13
0.07119 0.04714 69.83959 0 -1.42500 1.32500 69.66370 0.10107 -13
-0.24357 -0.21712 59.16848 0 6.55000 8.00000 57.56042 0.10593 -13
0.47443 -0.02689 32.61873 0 0.80000 -13.32500 29.47224 0.11149 13
1.17901 0.11363 47.34000 0 -3.42500 -37.32500 30.73548 0.15610 -13
-0.38398 -0.09071 7.39935 0 2.80000 11.05000 6.91096 0.10830 -13
-0.61216 -0.12558 10.78382 0 3.72500 19.67500 9.21676 0.11873 13
0.36769 -0.10241 8.77318 0 3.02500 -10.67500 8.23929 0.10778 13
-0.82230 0.01773 42.86178 0 -0.52500 25.67500 33.10829 0.13039 -13
1.71905 -0.02737 52.63452 0 0.80000 -51.52500 26.47255 0.20029 13
-0.56791 -0.06702 20.68631 0 2.05000 16.05000 17.99746 0.11601 -13
0.88669 -0.13265 80.73788 0 4.00000 -28.12500 60.64075 0.13525 13
-0.72246 -0.24111 68.17031 0 7.27500 21.65000 55.78631 0.12659 13
1.10849 0.07828 35.98633 0 -2.35000 -33.95000 24.14559 0.15054 -13
0.52946 -0.16747 84.17537 0 5.05000 -19.15000 74.61474 0.11518 13
0.28020 -0.05667 18.88480 0 1.67500 -7.90000 18.18648 0.10473 13
-0.51453 -0.16825 20.99858 0 5.10000 15.67500 18.72615 0.11453 -13
0.49704 0.09343 52.90265 0 -2.80000 -15.55000 47.41405 0.11285 -13
1.44077 -0.17230 78.32089 0 5.17500 -42.15000 45.09883 0.17744 13
1.70608 0.13104 90.83631 0 -3.97500 -49.82500 46.22589 0.19958 13
1.75157 -0.26861 90.83631 0 8.10000 -51.20000 46.22589 0.20488 13
0.27159 0.05808 47.47951 0 -1.77500 -8.57500 45.82498 0.10452 13
-0.83477 0.08578 31.80733 0 -2.60000 26.27500 24.45455 0.13147 13
0.37427 0.02652 27.79937 0 -0.82500 -11.30000 26.03675 0.10756 13
-2.12080 0.10075 33.27484 0 -3.00000 62.37500 14.25027 0.23631 -13
-1.27884 -0.06824 12.99112 0 2.00000 38.40000 8.01400 0.16361 13
-0.79614 -0.15867 72.66580 0 4.77500 27.57500 57.12163 0.12970 13
