-0.64666 -0.02687 62.01500 0 0.80000 21.70000 52.08084 0.11995 13
-0.28191 -0.21473 62.60387 0 6.47500 8.90000 60.35316 0.10684 13
1.35750 -0.16197 5.25260 0 4.72500 -42.82500 3.14156 0.17046 13
0.66516 0.01195 45.24723 0 -0.35000 -20.35000 37.67505 0.12095 -13
-0.23819 0.10420 18.27220 0 -3.17500 6.62500 17.78019 0.10406 13
0.69403 0.10183 92.40776 0 -3.07500 -23.15000 76.04277 0.12302 13
-0.65079 0.09748 61.22829 0 -2.92500 20.55000 51.38970 0.12055 -13
-1.87986 -0.13514 52.55248 0 4.05000 55.40000 24.85502 0.21484 13
0.12152 -0.09487 42.25779 0 2.85000 -3.82500 41.95195 0.10188 13
0.87388 -0.08903 44.61709 0 2.67500 -25.00000 33.65342 0.13404 13
1.40390 -0.24026 39.10679 0 7.27500 -43.20000 23.11056 0.17528 -13
-0.76471 0.06487 96.10189 0 -1.97500 24.97500 76.39815 0.12694 13
0.85919 0.07183 1.99127 0 -2.50000 -25.67500 1.51235 0.13323 13
-0.30219 0.06229 90.10906 0 -1.87500 7.12500 86.27062 0.10539 -13
0.63655 0.03396 29.04373 0 -1.05000 -18.80000 24.50513 0.11942 13
0.47005 -0.09291 55.47846 0 2.80000 -19.30000 50.24708 0.11166 13
-0.26923 -0.01139 34.00332 0 0.35000 7.92500 32.83422 0.10430 -13
1.14250 -0.22072 64.26868 0 6.65000 -34.25000 42.89622 0.15449 13
-0.59958 -0.17482 97.74096 0 5.27500 20.97500 84.15837 0.11872 -13
0.65956 -0.04741 27.39788 0 1.40000 -18.27500 22.87925 0.12073 13
0.25885 -0.18746 23.44493 0 5.62500 -4.75000 22.72121 0.10571 13
0.18268 0.06436 40.27567 0 -1.92500 -5.57500 39.62262 0.10257 -13
0.18809 -0.02985 47.18631 0 0.90000 -7.52500 46.37388 0.10250 13
0.71232 -0.03898 34.69291 0 1.15000 -21.92500 28.26421 0.12370 13
0.42806 -0.09461 57.69073 0 2.87500 -12.30000 53.07280 0.10996 -13
0.06235 -0.06292 85.95516 0 1.90000 -2.65000 85.78917 0.10109 13
0.30961 -0.23586 15.74918 0 7.07500 -8.00000 15.07930 0.10803 13
-0.20520 -0.09955 60.95785 0 3.00000 7.27500 59.72550 0.10328 13
-1.75518 -0.18604 84.11158 0 5.62500 52.35000 42.17382 0.20430 -13
0.26418 0.11381 8.30432 0 -3.37500 -9.75000 8.03224 0.10477 -13
1.53835 0.11072 63.68206 0 -3.35000 -46.15000 34.85620 0.18511 13
-0.60201 -0.05812 22.24276 0 1.77500 19.97500 19.06488 0.11769 -13
-0.38402 -0.05456 92.35867 0 1.65000 14.12500 86.23618 0.10801 13
-0.36263 -0.00172 44.44852 0 0.05000 13.92500 41.78597 0.10712 13
-0.02263 0.07583 91.98542 0 -2.30000 3.42500 91.96200 0.10102 13
1.23317 0.06060 91.22067 0 -1.82500 -37.67500 57.51918 0.16000 -13
0.66873 -0.14721 28.58689 0 4.45000 -20.65000 23.84178 0.12206 -13
-1.46069 0.13994 40.74390 0 -4.25000 44.82500 23.16926 0.17884 13
-1.49443 -0.25928 40.74390 0 7.80000 45.85000 23.16926 0.18291 13
-0.99465 -0.19312 19.07861 0 5.80000 29.37500 13.64959 0.14333 13
-0.92841 -0.16431 49.63193 0 4.95000 30.42500 36.59587 0.13840 13
-0.18197 0.07326 27.78989 0 -2.22500 5.82500 27.34328 0.10263 13
0.87397 -0.15543 21.04692 0 4.72500 -29.10000 15.92937 0.13468 -13
0.35598 0.12036 12.03915 0 -3.67500 -9.77500 11.35111 0.10760 13
0.36702 -0.28008 12.03915 0 8.40000 -10.10000 11.35111 0.11088 13
0.48630 -0.11643 29.78911 0 3.50000 -18.20000 26.82355 0.11258 13
0.46708 -0.11743 77.05650 0 3.52500 -12.42500 69.90145 0.11177 13
-1.00677 0.08768 24.32425 0 -2.67500 30.80000 17.17505 0.14318 13
0.70995 0.09871 15.59155 0 -2.95000 -20.10000 12.73381 0.12389 -13
-1.36921 0.10447 96.09770 0 -3.15000 40.72500 56.87910 0.17106 -13
-1.59102 0.05429 89.86784 0 -1.62500 47.25000 47.87326 0.18931 -13
-0.64733 0.00479 20.04485 0 -0.17500 20.00000 16.82721 0.11997 13
0.45388 -0.11043 54.29108 0 3.35000 -14.22500 49.48817 0.11115 -13
0.00206 0.06878 51.41717 0 -2.07500 -0.10000 51.41706 0.10094 -13
-0.05513 -0.08034 61.16406 0 2.42500 5.15000 61.07195 0.10118 13
-1.86158 -0.13624 27.25904 0 4.15000 56.37500 12.99225 0.21328 -13
-1.79930 0.05375 27.12047 0 -1.65000 54.35000 13.18950 0.20738 13
1.45077 0.11431 25.09054 0 -3.47500 -44.30000 14.30208 0.17784 13
-0.14226 -0.00631 1.00510 0 0.70000 3.17500 0.99510 0.10231 -13
1.82431 0.09452 84.07437 0 -2.85000 -54.05000 40.54976 0.20972 -13
-1.25759 -0.21850 52.83784 0 6.57500 36.80000 33.35384 0.16328 13
-0.24699 0.05810 9.32818 0 -1.80000 6.10000 9.05687 0.10391 13
0.65245 -0.16692 65.92726 0 5.02500 -20.02500 55.43933 0.12140 13
-0.46059 -0.03894 14.95631 0 1.15000 14.47500 13.58641 0.11094 13
-0.99965 -0.08289 27.63554 0 2.47500 27.70000 19.57849 0.14262 13
-0.06364 0.07578 66.01584 0 -2.30000 0.75000 65.88342 0.10120 13
0.88363 0.13874 4.83090 0 -4.05000 -26.67500 3.63510 0.13507 -13
0.90442 -0.26037 4.83090 0 8.00000 -27.35000 3.63510 0.13849 -13
-0.56748 -0.22899 84.35578 0 6.92500 17.27500 73.81502 0.11807 -13
-1.49846 -0.17236 44.59284 0 5.17500 42.75000 25.00411 0.18223 13
0.01510 0.06766 69.31374 0 -2.02500 -2.15000 69.30587 0.10094 -13
0.30272 0.05534 32.10725 0 -1.65000 -7.92500 30.73388 0.10536 -13
0.78306 0.09674 42.63703 0 -2.92500 -24.42500 33.62960 0.12828 13
1.47855 -0.09858 72.94470 0 2.95000 -45.67500 41.00200 0.18002 13
-1.09075 -0.10199 39.24298 0 3.10000 31.02500 26.59361 0.14938 -13
-0.88860 0.00433 17.27464 0 -0.17500 27.72500 12.91312 0.13472 13
-0.41444 -0.17709 75.27301 0 5.35000 12.27500 69.69304 0.11046 -13
-0.60133 0.05201 17.34773 0 -1.52500 18.77500 14.87206 0.11762 -13
1.60102 -0.05031 30.99588 0 1.55000 -45.20000 16.43537 0.19017 -13
-0.79171 -0.01240 48.77539 0 0.37500 24.05000 38.24276 0.12845 -13
0.11319 -0.06225 86.35569 0 1.87500 -3.05000 85.80992 0.10154 13
-1.27835 0.02024 73.38109 0 -0.60000 38.47500 45.21822 0.16345 -13
-0.41107 0.05473 32.79313 0 -1.67500 14.77500 30.33717 0.10902 13
0.33641 -0.22532 60.61968 0 6.80000 -11.42500 57.59705 0.10865 -13
-1.79232 0.08230 58.56597 0 -2.50000 55.65000 28.60882 0.20686 13
0.33783 0.11996 33.78460 0 -3.60000 -7.95000 32.03075 0.10697 -13
0.34833 -0.28028 33.78460 0 8.47500 -8.27500 32.03075 0.11033 -13
-0.95198 -0.19813 91.12223 0 5.97500 30.92500 66.59880 0.14046 13
-0.29622 -0.18630 16.10397 0 5.60000 7.52500 15.46175 0.10667 13
-0.11236 -0.17154 91.91727 0 5.17500 4.60000 91.35875 0.10280 -13
-1.79460 -0.14361 87.66376 0 4.32500 52.32500 43.00333 0.20739 13
0.20294 -0.16385 90.57479 0 4.92500 -3.05000 88.81127 0.10407 13
0.79067 -0.00674 30.30287 0 0.17500 -22.55000 23.77073 0.12838 13
-0.20422 0.02761 45.32142 0 -0.85000 5.60000 44.40550 0.10282 13
-0.88460 0.00838 55.01265 0 -0.27500 27.50000 41.20538 0.13445 13
1.87240 -0.23174 88.94961 0 7.00000 -56.50000 42.75981 0.21505 -13
0.19992 0.14029 38.34919 0 -4.22500 -7.05000 37.61880 0.10366 -13
0.20451 -0.25883 38.34919 0 7.82500 -7.17500 37.61880 0.10605 -13
1.93615 -0.13381 10.67844 0 3.92500 -56.95000 4.93388 0.21982 13
0.04646 -0.17291 80.13909 0 5.22500 -1.07500 80.05527 0.10231 -13
2.10454 0.03498 25.78526 0 -1.00000 -64.70000 11.07213 0.23465 -13
0.92752 0.12797 43.43481 0 -3.87500 -31.07500 31.96503 0.13796 13
0.95343 -0.27187 43.43481 0 8.17500 -31.85000 31.96503 0.14178 13
0.94279 -0.18838 15.12517 0 5.65000 -29.90000 11.09488 0.13967 13
0.51811 0.07328 1.91856 0 -2.52500 -15.10000 1.70417 0.11393 13
0.45153 -0.07527 67.43775 0 2.27500 -12.50000 61.49191 0.11075 -13
-0.99637 -0.24418 11.21522 0 7.30000 27.10000 8.05873 0.14421 13
0.74709 -0.22752 60.99168 0 6.85000 -21.00000 49.29853 0.12776 13
-0.33069 -0.19819 19.86254 0 5.95000 12.25000 18.89326 0.10791 13
-0.31370 0.13886 29.08629 0 -4.20000 10.22500 27.77613 0.10647 13
-0.32108 -0.26039 29.08629 0 7.82500 10.45000 27.77613 0.10895 13
-1.33791 0.02976 85.91962 0 -0.90000 39.67500 51.45311 0.16824 13
-0.64079 0.07855 52.77352 0 -2.37500 17.75000 44.47296 0.11987 13
-0.35651 -0.12917 40.99667 0 3.90000 13.25000 38.65163 0.10771 -13
-0.21120 -0.16021 54.96684 0 4.85000 4.55000 53.80914 0.10419 -13
-0.59496 0.01797 64.53746 0 -0.55000 15.42500 55.46565 0.11719 13
-0.09051 -0.22573 45.64061 0 6.80000 3.27500 45.46369 0.10363 13
-0.28198 0.13188 45.56518 0 -3.97500 9.45000 43.88288 0.10547 -13
-0.28940 -0.26769 45.56518 0 8.07500 9.67500 43.88288 0.10826 -13
0.10985 0.11114 24.48778 0 -3.32500 -6.22500 24.34310 0.10192 -13
-1.61608 -0.18930 3.99970 0 5.45000 48.05000 2.13222 0.19203 13
0.77045 -0.19630 56.22661 0 5.90000 -24.77500 44.85138 0.12864 13
-0.18287 -0.02174 90.67320 0 0.65000 6.42500 89.19484 0.10240 13
0.09590 -0.10950 92.05066 0 3.30000 -1.77500 91.63524 0.10177 -13
-1.71124 -0.13728 80.82379 0 4.15000 51.10000 41.06338 0.20008 -13
-0.83195 0.06153 84.87439 0 -1.87500 23.22500 65.29696 0.13115 13
0.36494 -0.02733 56.05792 0 0.82500 -13.57500 52.66305 0.10724 13
1.28678 -0.07289 53.29803 0 2.17500 -41.62500 32.75831 0.16427 13
-0.20947 -0.19281 10.96532 0 5.77500 7.20000 10.74048 0.10468 13
-1.46594 -0.11830 43.56750 0 3.55000 44.72500 24.66787 0.17908 13
2.06457 -0.14673 6.77594 0 4.60000 -60.72500 2.97957 0.23168 -13
-1.32740 -0.03043 88.48112 0 0.90000 42.05000 53.25628 0.16739 13
-0.32837 0.08437 72.72851 0 -2.52500 9.30000 69.12213 0.10633 -13
-1.44613 0.11576 86.38115 0 -3.47500 43.65000 49.35270 0.17743 -13
-0.30974 -0.00099 61.43152 0 0.05000 9.40000 58.68096 0.10542 -13
1.06634 -0.18822 20.66431 0 5.65000 -31.57500 14.26628 0.14839 13
-0.62252 0.13177 18.28686 0 -3.95000 19.95000 15.56135 0.11934 -13
-0.63885 -0.26770 18.28686 0 8.10000 20.45000 15.56135 0.12254 -13
-0.41829 -0.19198 31.26844 0 5.80000 11.70000 28.92143 0.11088 -13
0.30422 -0.13301 80.77875 0 4.02500 -10.70000 77.33837 0.10611 -13
1.71855 0.01503 26.06957 0 -0.42500 -55.50000 13.11264 0.20023 -13
0.57225 -0.12568 79.49452 0 3.77500 -19.17500 69.12851 0.11671 13
0.85009 0.09138 34.08562 0 -2.75000 -23.67500 26.01548 0.13248 -13
0.37878 0.06869 80.73346 0 -2.07500 -11.50000 75.52109 0.10790 -13
1.42779 0.11569 92.82891 0 -3.50000 -41.25000 53.49084 0.17592 13
1.13605 -0.12199 18.09382 0 3.72500 -34.42500 12.00510 0.15293 -13
2.00964 0.06894 89.83948 0 -2.10000 -62.02500 40.09925 0.22615 13
-0.40760 0.02078 22.18534 0 -0.65000 12.82500 20.54507 0.10877 13
-1.73642 -0.18601 22.16052 0 5.65000 49.67500 11.19997 0.20273 -13
-0.13000 -0.14992 78.83537 0 4.52500 3.05000 78.19177 0.10267 -13
0.09241 -0.19217 68.45579 0 5.80000 -2.80000 68.17568 0.10297 -13
-1.02904 0.02125 54.62157 0 -0.65000 29.20000 38.07095 0.14451 13
0.78880 0.01472 54.58629 0 -0.45000 -22.17500 42.85970 0.12827 13
0.49876 -0.16552 2.02406 0 5.27500 -15.75000 1.81627 0.11408 -13
0.85071 -0.21173 88.53226 0 6.37500 -23.95000 68.04842 0.13392 13
-0.24774 -0.22609 69.59906 0 6.80000 4.90000 67.65202 0.10621 13
-0.40849 0.12584 91.94211 0 -3.80000 12.55000 85.20950 0.10952 -13
-0.42024 -0.27407 91.94211 0 8.27500 12.90000 85.20950 0.11268 -13
0.32977 0.07789 52.30288 0 -2.35000 -11.90000 49.68654 0.10632 -13
-0.22638 -0.14715 80.05582 0 4.42500 8.25000 78.12053 0.10431 13
-0.93377 0.07440 1.20150 0 -1.65000 29.20000 0.87927 0.13836 -13
0.79425 0.04497 87.61432 0 -1.35000 -24.90000 68.63415 0.12868 -13
0.01832 0.09415 7.04834 0 -2.77500 -1.75000 7.04717 0.10115 -13
1.67033 0.09636 66.96638 0 -2.90000 -50.90000 34.51487 0.19627 -13
-1.28051 0.00140 48.42520 0 -0.05000 41.02500 29.80516 0.16361 13
-1.37927 0.04179 6.54143 0 -1.40000 42.02500 3.84167 0.17168 13
-0.84335 -0.21014 36.09778 0 6.32500 25.42500 27.84026 0.13341 13
-0.55809 -0.23230 39.06097 0 7.00000 16.12500 34.31800 0.11766 13
0.42196 -0.02908 88.13756 0 0.87500 -12.15000 81.20945 0.10934 13
0.64227 -0.09131 87.26141 0 2.75000 -23.10000 73.51044 0.12004 13
-0.39631 -0.03574 98.54365 0 1.07500 12.07500 91.61953 0.10838 13
-0.59595 0.01843 91.24226 0 -0.57500 17.35000 78.38295 0.11725 13
-0.45994 -0.17292 37.67588 0 5.22500 14.37500 34.31593 0.11222 -13
-1.48836 -0.22388 15.39697 0 6.82500 44.05000 8.73121 0.18206 -13
-0.10809 -0.17164 39.48888 0 5.17500 3.90000 39.26669 0.10274 13
-0.55510 -0.00498 35.90679 0 0.17500 16.87500 31.39427 0.11518 -13
0.05868 0.09290 53.08851 0 -2.80000 -2.10000 52.99812 0.10131 -13
0.95699 -0.20535 12.36849 0 6.15000 -27.47500 9.02359 0.14087 13
-1.02549 -0.07175 40.87106 0 2.17500 30.20000 28.57198 0.14443 -13
-1.90927 0.06908 32.83957 0 -2.12500 55.67500 15.26516 0.21717 13
-0.56449 0.07029 73.78074 0 -2.12500 13.07500 64.28929 0.11586 13
0.37292 -0.23732 40.02972 0 7.15000 -10.00000 37.62954 0.11009 13
0.26183 0.01172 56.88623 0 -0.37500 -9.90000 55.03142 0.10410 13
-0.29767 -0.19134 8.26364 0 5.70000 6.30000 7.93154 0.10679 13
0.51446 -0.13473 1.23022 0 4.52500 -18.07500 1.09581 0.11474 -13
0.02087 -0.21512 65.07190 0 6.50000 -1.85000 65.05836 0.10304 -13
-0.78055 -0.12845 38.65415 0 3.85000 23.27500 30.56485 0.12839 13
0.31060 -0.24238 20.10562 0 7.27500 -7.80000 19.24770 0.10822 13
-0.67032 -0.10836 54.21073 0 3.25000 20.37500 45.11124 0.12172 13
0.27276 0.11190 16.25870 0 -3.40000 -8.27500 15.69240 0.10500 13
0.22797 0.10338 43.31596 0 -3.12500 -5.65000 42.24344 0.10382 13
0.91445 -0.17619 5.63662 0 5.45000 -27.87500 4.18835 0.13762 -13
9.10847 1.56446 5.63662 0 5.45000 -27.95000 4.18835 0.13792 -13
-1.72256 -0.72396 5.63662 0 6.20000 -62.02500 4.18835 0.26994 -13
-0.11657 0.13534 10.81223 0 -4.12500 2.62500 10.74073 0.10232 13
-0.11941 -0.26417 10.81223 0 7.92500 2.72500 10.74073 0.10481 13
-0.12821 -0.24256 98.94748 0 7.32500 2.72500 98.18838 0.10443 -13
0.42726 -0.20285 77.38733 0 6.12500 -13.70000 71.38203 0.11141 -13
-1.81540 -0.23664 48.82978 0 7.15000 54.67500 24.05387 0.21011 -13
0.02583 -0.09888 29.60095 0 3.00000 -1.57500 29.59117 0.10124 -13
0.35143 -0.16583 3.09250 0 5.17500 -9.62500 2.92160 0.10822 -13
0.50322 0.04634 23.60550 0 -1.37500 -13.82500 21.09083 0.11283 -13
1.11106 -0.01698 2.88651 0 0.77500 -34.47500 1.93101 0.15068 -13
-1.55415 -0.06480 14.66601 0 1.90000 46.67500 7.94802 0.18618 13
-0.00639 -0.22284 7.18101 0 6.65000 -0.15000 7.18087 0.10313 13
-0.53048 -0.11538 6.71907 0 3.55000 14.72500 5.94372 0.11464 -13
0.23590 -0.04770 56.56709 0 1.45000 -6.15000 55.05906 0.10358 -13
-0.41783 -0.23242 88.09553 0 7.00000 11.52500 81.59659 0.11161 13
-0.59502 -0.01953 33.13856 0 0.57500 17.87500 28.47973 0.11720 13
-1.78242 -0.20103 39.85429 0 6.10000 51.10000 19.79505 0.20684 -13
-0.82752 -0.04213 86.62302 0 1.27500 20.57500 66.76013 0.13079 -13
0.65554 0.11979 9.31949 0 -3.67500 -20.60000 7.81063 0.12105 13
0.67618 -0.28058 9.31949 0 8.40000 -21.20000 7.81063 0.12473 13
0.73586 -0.07935 85.77552 0 2.40000 -20.97500 69.16291 0.12528 13
-0.89649 -0.23835 51.88728 0 7.17500 27.40000 39.10628 0.13734 13
0.29599 -0.00308 51.94042 0 0.10000 -5.57500 49.80435 0.10502 -13
-1.90217 0.13964 5.45908 0 -4.02500 54.10000 2.56006 0.21669 -13
-1.94606 -0.25941 5.45908 0 8.02500 55.57500 2.56006 0.22226 -13
0.38638 0.09002 80.09347 0 -2.72500 -12.82500 74.74995 0.10834 13
-0.75746 0.05100 98.29367 0 -1.52500 21.42500 78.39022 0.12643 -13
-0.02143 -0.17925 52.70175 0 5.40000 -0.60000 52.69004 0.10233 13
0.45593 -0.17265 87.07466 0 5.22500 -12.90000 79.42670 0.11204 -13
-0.18974 0.00696 20.80537 0 -0.22500 4.32500 20.44075 0.10250 13
-0.11740 -0.17938 10.87285 0 5.35000 2.40000 10.80098 0.10296 13
-1.03315 0.02962 6.64220 0 -0.77500 29.35000 4.62066 0.14483 -13
1.20738 0.10142 99.66058 0 -3.07500 -33.40000 63.76284 0.15821 13
0.95787 -0.21842 6.01660 0 6.70000 -30.12500 4.39245 0.14133 -13
0.55288 0.14341 24.38327 0 -4.30000 -15.97500 21.38974 0.11596 -13
0.56485 -0.25558 24.38327 0 7.72500 -16.35000 21.38974 0.11851 -13
-0.38825 -0.14609 48.92131 0 4.42500 12.12500 45.66695 0.10903 -13
1.20704 0.04260 22.98473 0 -1.25000 -34.50000 14.67134 0.15790 -13
0.92136 0.11742 88.25445 0 -3.55000 -30.87500 65.10867 0.13745 13
-1.75370 -0.05096 53.37546 0 1.52500 53.85000 26.46511 0.20336 13
0.95322 -0.14615 69.29866 0 4.40000 -29.95000 50.41297 0.13989 13
-1.43542 -0.02333 58.15250 0 0.70000 40.55000 33.24747 0.17618 13
-1.82638 -0.04933 24.86121 0 1.45000 54.52500 11.95090 0.20973 13
0.69025 0.02882 15.19597 0 -0.82500 -20.67500 12.50774 0.12239 -13
1.08159 -0.01436 88.11305 0 0.42500 -32.75000 59.82162 0.14834 13
-0.08455 -0.11595 55.20226 0 3.50000 2.75000 55.00860 0.10174 -13
-0.10613 -0.00656 96.03990 0 0.20000 0.77500 95.50367 0.10127 -13
2.10483 0.12051 38.23771 0 -3.67500 -62.70000 16.50531 0.23501 13
2.16968 -0.27981 38.23771 0 8.40000 -64.65000 16.50531 0.24219 13
0.51858 -0.06513 64.22886 0 1.97500 -17.92500 57.04342 0.11363 -13
0.88839 -0.22247 8.99210 0 6.80000 -25.62500 6.79349 0.13664 -13
-0.94515 0.10059 56.42953 0 -3.05000 28.45000 41.10784 0.13894 13
0.40015 -0.22697 98.59032 0 6.85000 -11.95000 91.84510 0.11085 -13
-0.60212 -0.05821 4.31257 0 1.62500 16.22500 3.69596 0.11771 13
-0.77630 -0.21891 14.33240 0 6.65000 22.90000 11.42005 0.12942 -13
-0.02255 0.01650 46.84987 0 -0.47500 0.25000 46.83797 0.10074 -13
-1.94873 -0.18821 58.96118 0 5.65000 57.42500 27.29163 0.22136 13
-1.34586 0.02487 40.43951 0 -0.77500 41.30000 24.12347 0.16877 13
-0.05637 0.45108 40.43951 0 -0.77500 41.30000 24.12347 0.16884 13
0.03912 -0.34117 40.43951 0 0.97500 41.32500 24.12347 0.18338 13
0.51470 1.28316 40.43951 0 0.40000 41.35000 24.12347 0.18595 13
-1.23745 -1.23816 40.43951 0 1.20000 36.47500 24.12347 0.22184 13
2.85824 1.02059 40.43951 0 1.00000 36.17500 24.12347 0.22334 13
-0.34504 -0.23692 1.09756 0 6.65000 7.27500 1.04041 0.10930 13
0.44489 0.04183 48.25107 0 -1.27500 -13.17500 44.09157 0.11030 13
-0.32013 -0.17215 40.42249 0 5.17500 7.50000 38.54918 0.10714 13
-0.58760 -0.20844 7.36151 0 6.20000 15.80000 6.38123 0.11862 13
0.25564 0.14356 43.66916 0 -4.35000 -7.02500 42.33473 0.10495 13
0.26118 -0.25547 43.66916 0 7.70000 -7.17500 42.33473 0.10720 13
1.32984 -0.05065 85.39942 0 1.52500 -37.37500 51.36765 0.16764 -13
-0.26540 -0.07339 52.06342 0 2.22500 7.27500 50.33019 0.10445 -13
-0.16662 -0.21937 75.44019 0 6.62500 7.17500 74.46043 0.10446 -13
-1.10784 0.09164 52.94072 0 -2.75000 35.17500 35.55527 0.15056 -13
0.27975 -0.10737 66.80903 0 3.22500 -7.65000 64.36568 0.10512 13
-0.38346 0.03829 15.74132 0 -1.12500 12.27500 14.69916 0.10792 -13
1.57727 -0.10162 54.87891 0 3.07500 -47.40000 29.49250 0.18836 -13
-1.94993 -0.01134 97.06871 0 0.32500 57.47500 44.29734 0.22067 13
-0.41729 -0.16675 42.31564 0 5.05000 13.90000 39.13053 0.11042 -13
1.06633 -0.00485 30.07880 0 0.12500 -35.90000 20.57563 0.14722 13
-0.40676 -0.05876 24.01561 0 1.80000 10.40000 22.25099 0.10889 -13
-0.97648 -0.07072 73.20242 0 2.12500 25.87500 52.43780 0.14093 13
-1.09299 -0.08002 81.20672 0 2.42500 31.10000 54.91179 0.14940 -13
-1.52302 -0.15185 3.09915 0 4.87500 44.35000 1.71492 0.18445 -13
-0.00400 -0.05109 70.13440 0 1.55000 -1.35000 70.13384 0.10084 -13
1.78315 -0.03512 98.04510 0 1.05000 -52.87500 47.97960 0.20591 13
0.70282 -0.09728 95.94562 0 2.92500 -22.22500 78.61970 0.12348 13
0.79019 0.07808 95.59112 0 -2.35000 -22.50000 75.08948 0.12859 13
1.83490 -0.02578 27.42985 0 0.82500 -53.85000 13.12968 0.21046 -13
-0.32654 0.01629 48.81175 0 -0.50000 11.55000 46.40128 0.10595 13
2.10616 0.07561 50.61646 0 -2.30000 -62.90000 21.76129 0.23491 13
1.01669 0.08718 40.69799 0 -2.65000 -29.95000 28.59374 0.14388 13
-0.83279 -0.15143 70.02885 0 4.55000 25.22500 54.06053 0.13193 13
0.86168 -0.00808 44.91138 0 0.25000 -27.37500 34.02349 0.13293 -13
0.15175 -0.15232 8.58218 0 4.65000 -5.40000 8.48720 0.10304 -13
-1.36009 -0.13934 99.79440 0 4.20000 41.50000 59.48412 0.17057 13
-0.00982 0.01696 35.63449 0 -0.50000 0.47500 35.63277 0.10072 -13
-0.13974 -0.11573 63.41440 0 3.50000 3.22500 62.81213 0.10235 -13
0.11597 0.01341 23.29009 0 -0.37500 -4.77500 23.13502 0.10138 -13
-1.10557 -0.19235 93.28785 0 5.80000 34.90000 63.20177 0.15138 -13
0.18926 0.02906 88.34457 0 -0.87500 -5.45000 86.80478 0.10253 -13
-0.10752 -0.23023 55.45885 0 6.95000 3.57500 55.15687 0.10391 -13
0.19602 -0.02283 85.23551 0 0.70000 -6.30000 83.64449 0.10265 -13
-1.98554 -0.07137 62.52893 0 2.12500 61.07500 28.18348 0.22398 13
0.47557 -0.12640 58.33686 0 3.80000 -17.05000 52.75901 0.11223 13
-0.73028 0.13763 53.98697 0 -4.15000 21.50000 43.74032 0.12547 -13
-0.74783 -0.26164 53.98697 0 7.90000 22.02500 43.74032 0.12850 -13
-0.08282 -0.10051 24.60802 0 3.02500 0.80000 24.52449 0.10155 13
0.86771 -0.23758 53.85680 0 7.17500 -25.17500 41.15268 0.13547 -13
-0.84229 0.02375 80.99080 0 -0.70000 25.40000 61.95231 0.13168 -13
-0.06248 0.06396 56.85283 0 -1.92500 2.40000 56.74262 0.10110 -13
-0.25548 -0.21928 3.39060 0 6.47500 5.60000 3.28969 0.10620 13
1.44890 -0.16948 14.57274 0 5.17500 -43.20000 8.35667 0.17818 -13
1.31209 0.07013 10.74905 0 -2.05000 -39.10000 6.52675 0.16624 -13
0.49547 -0.13557 13.02623 0 4.12500 -17.87500 11.69271 0.11324 -13
0.21740 -0.05100 98.28647 0 1.52500 -6.30000 96.04875 0.10318 13
0.21950 -0.03734 20.64765 0 1.10000 -5.50000 20.16822 0.10317 13
-0.46487 -0.08666 6.03546 0 2.70000 15.20000 5.47685 0.11144 -13
1.34533 -0.08453 33.58837 0 2.57500 -40.85000 20.08278 0.16904 -13
-1.08937 -0.13803 40.87005 0 4.15000 32.82500 27.77982 0.14956 13
0.29052 -0.19472 94.98259 0 5.87500 -10.37500 91.34118 0.10668 13
-1.99335 0.13815 80.79720 0 -4.17500 59.62500 36.50455 0.22502 13
-2.04076 -0.26112 80.79720 0 7.85000 61.05000 36.50455 0.23034 13
0.23226 -0.10687 79.69555 0 3.22500 -6.32500 77.65158 0.10395 -13
-1.45647 -0.00654 44.36202 0 0.22500 43.15000 25.10997 0.17792 -13
1.86898 -0.02972 81.20246 0 0.90000 -55.30000 38.32119 0.21349 -13
1.18309 0.14644 24.49740 0 -4.45000 -33.72500 15.91123 0.15672 13
1.20739 -0.25254 24.49740 0 7.57500 -34.45000 15.91123 0.15987 13
1.19864 0.14426 56.55587 0 -4.37500 -33.47500 36.45010 0.15787 13
1.22426 -0.25475 56.55587 0 7.67500 -34.22500 36.45010 0.16122 13
0.25980 -0.12348 58.34165 0 3.72500 -9.97500 56.49408 0.10479 -13
-0.07533 -0.07874 10.86319 0 2.32500 3.07500 10.83270 0.10129 13
0.87497 0.07654 24.62713 0 -2.32500 -24.17500 18.55734 0.13404 13
0.24996 -0.08131 1.11754 0 2.90000 -6.85000 1.08429 0.10474 -13
-0.08925 -0.16570 24.54773 0 5.02500 2.77500 24.45308 0.10249 -13
0.16780 -0.15965 68.27873 0 4.82500 -4.05000 67.36018 0.10337 -13
0.52154 -0.16694 3.77504 0 4.90000 -15.75000 3.35679 0.11477 13
-0.53659 0.13853 12.59702 0 -4.12500 18.12500 11.12348 0.11511 -13
-0.54927 -0.26065 12.59702 0 7.90000 18.50000 11.12348 0.11790 -13
1.14285 -0.00977 59.79241 0 0.30000 -33.10000 39.37418 0.15293 -13
0.37843 0.13408 93.51312 0 -4.05000 -8.57500 87.55686 0.10852 13
0.38806 -0.26541 93.51312 0 8.00000 -8.85000 87.55686 0.11127 13
1.26138 -0.22910 89.39238 0 6.92500 -35.27500 56.40518 0.16373 -13
0.19315 0.06763 69.80383 0 -2.02500 -8.25000 68.54260 0.10279 -13
0.08383 0.06248 58.83006 0 -1.90000 -3.10000 58.62528 0.10125 13
0.94717 -0.18264 96.27742 0 5.52500 -27.50000 70.43952 0.13993 -13
-1.33181 -0.20810 28.45867 0 6.25000 39.55000 17.31980 0.16899 13
1.83532 0.05809 92.13126 0 -1.75000 -54.45000 44.13798 0.21054 -13
-0.83750 -0.04508 39.90033 0 1.37500 22.60000 30.60284 0.13143 -13
0.25365 0.10666 55.54883 0 -3.20000 -7.30000 53.86197 0.10444 -13
-1.02797 -0.11211 22.94663 0 3.35000 30.67500 16.05210 0.14484 13
-0.00215 -0.06595 28.47043 0 2.00000 1.25000 28.47036 0.10093 -13
-0.02890 0.09247 41.03457 0 -2.80000 1.52500 41.01758 0.10118 13
0.49247 -0.08402 85.26200 0 2.55000 -14.72500 76.54224 0.11257 -13
-0.02279 0.11767 1.15366 0 -3.12500 -0.80000 1.15336 0.10169 -13
1.46928 -0.06921 34.23032 0 2.10000 -45.92500 19.29150 0.17912 -13
-1.29244 0.05725 35.21844 0 -1.70000 39.35000 21.57414 0.16466 -13
0.60324 0.01650 24.41143 0 -0.52500 -20.52500 20.90330 0.11762 13
1.03227 0.13912 33.15258 0 -4.22500 -29.90000 23.18111 0.14542 13
1.05647 -0.26015 33.15258 0 7.82500 -30.60000 23.18111 0.14879 13
-1.24723 -0.01152 5.21321 0 0.20000 37.67500 3.26096 0.16102 13
-0.94362 0.14351 60.74856 0 -4.35000 29.85000 44.39490 0.13922 13
-0.96404 -0.25554 60.74856 0 7.70000 30.45000 44.39490 0.14221 13
0.72622 0.03480 63.66486 0 -1.05000 -23.32500 51.52454 0.12451 13
-1.67373 0.00384 28.38043 0 -0.07500 51.25000 14.55672 0.19634 -13
1.30036 -0.02208 44.46119 0 0.65000 -37.50000 27.10802 0.16521 13
0.71004 0.08346 57.95598 0 -2.52500 -22.37500 47.31033 0.12380 13
-1.36317 -0.23115 66.23740 0 6.97500 42.60000 39.84129 0.17185 -13
0.03325 0.01424 55.04634 0 -0.45000 -1.35000 55.01595 0.10077 13
-0.30022 0.11755 89.40556 0 -3.55000 8.07500 85.67808 0.10580 -13
-0.70174 -0.06802 45.36816 0 2.05000 24.55000 37.16392 0.12321 13
0.38335 -0.09212 82.75932 0 2.77500 -11.45000 77.31738 0.10825 13
-0.90247 -0.08992 54.30279 0 2.70000 29.30000 40.38631 0.13595 13
0.10403 -0.13670 20.86444 0 4.15000 -3.17500 20.75445 0.10219 -13
-0.32097 -0.08052 28.39973 0 2.40000 9.07500 27.04906 0.10607 13
-0.04258 0.14591 89.99082 0 -4.40000 1.90000 89.91106 0.10186 -13
-0.04344 -0.25300 89.99082 0 7.62500 1.92500 89.91106 0.10397 -13
0.74333 -0.00570 82.23851 0 0.17500 -23.22500 66.00178 0.12548 13
-1.50589 -0.11771 57.14424 0 3.52500 48.30000 31.76328 0.18241 13
1.33297 -0.08662 28.49045 0 2.57500 -38.12500 17.13864 0.16802 13
-0.91729 -0.09880 73.32163 0 2.97500 28.62500 54.15185 0.13702 13
-0.64958 -0.22338 26.94153 0 6.72500 19.65000 22.75424 0.12216 13
-0.59503 -0.04320 21.60220 0 1.32500 17.80000 18.56887 0.11727 -13
-0.31358 0.11684 39.08429 0 -3.50000 9.37500 37.31637 0.10619 -13
-2.11218 -0.06370 2.00750 0 1.32500 63.10000 0.86022 0.23558 13
1.40978 0.12153 13.80979 0 -3.72500 -41.92500 8.02897 0.17453 13
1.45268 -0.27893 13.80979 0 8.35000 -43.17500 8.02897 0.17972 13
-0.86121 -0.23769 89.14430 0 7.17500 25.95000 68.33157 0.13504 -13
0.57685 -0.21914 41.50158 0 6.60000 -17.72500 36.15659 0.11832 13
-1.73987 0.06346 78.09662 0 -1.92500 50.42500 38.97534 0.20220 13
-1.11779 -0.17262 24.68338 0 5.25000 31.57500 16.59154 0.15206 -13
-0.41855 0.04221 42.14188 0 -1.27500 12.95000 38.87924 0.10925 13
0.69736 -0.16315 67.84511 0 4.92500 -21.70000 55.88758 0.12386 13
0.74392 -0.03643 49.95258 0 1.07500 -22.12500 40.08829 0.12556 13
0.89282 -0.22721 44.08130 0 6.87500 -30.55000 33.24612 0.13694 -13
0.24895 -0.01427 40.14214 0 0.42500 -7.50000 38.95347 0.10378 13
-0.07655 -0.14507 16.53913 0 4.40000 1.27500 16.49189 0.10206 -13
-1.46198 -0.00831 14.14317 0 0.20000 46.00000 7.98490 0.17839 13
0.48072 0.12495 1.59932 0 -4.12500 -14.65000 1.44339 0.11287 13
0.49478 -0.27549 1.59932 0 7.92500 -15.00000 1.44339 0.11563 13
-0.52819 0.11120 18.85173 0 -3.32500 15.40000 16.69160 0.11443 -13
0.60151 -0.12584 97.23911 0 3.80000 -19.97500 83.49941 0.11820 -13
1.66562 -0.18810 33.25203 0 5.70000 -51.15000 17.33553 0.19659 -13
-2.07423 -0.25150 19.75624 0 7.52500 63.75000 8.79477 0.23315 13
-1.77049 0.11385 21.97926 0 -3.40000 52.15000 10.86164 0.20506 -13
-0.56917 -0.16942 76.25434 0 5.10000 16.45000 66.49936 0.11712 13
0.61262 0.07156 41.43361 0 -2.17500 -18.27500 35.35564 0.11832 13
-0.19002 0.02023 47.73465 0 -0.62500 8.55000 46.89583 0.10252 13
-1.03553 0.07662 39.22393 0 -2.32500 31.32500 27.28854 0.14518 13
0.10086 0.11212 86.13165 0 -3.40000 -2.80000 85.70221 0.10184 13
-1.13527 0.07749 52.88561 0 -2.32500 32.52500 35.01590 0.15255 -13
1.36011 -0.07823 89.32088 0 2.35000 -41.42500 53.01524 0.17018 13
0.19512 -0.21472 85.34175 0 6.47500 -6.40000 83.82982 0.10486 -13
0.61466 -0.17857 50.58007 0 5.37500 -17.22500 43.27427 0.11956 13
0.04501 -0.11246 68.81518 0 3.40000 -0.80000 68.74643 0.10144 -13
0.93942 -0.06095 20.75514 0 1.80000 -29.97500 15.13989 0.13830 13
0.27684 -0.12480 8.89858 0 3.82500 -8.22500 8.58064 0.10528 -13
-0.87645 -0.06786 28.00943 0 2.07500 27.47500 21.08518 0.13409 -13
-0.34455 0.12246 57.78970 0 -3.70000 8.02500 54.68015 0.10723 13
-0.35494 -0.27769 57.78970 0 8.37500 8.35000 54.68015 0.11045 13
-0.63098 0.07330 15.04272 0 -2.17500 19.32500 12.73170 0.11929 -13
0.03980 -0.04547 95.07704 0 1.37500 -1.47500 95.00199 0.10089 13
1.45103 0.04246 45.79447 0 -1.30000 -44.85000 26.00226 0.17752 13
-0.91373 -0.09540 35.31741 0 2.90000 27.37500 26.12598 0.13676 -13
1.19165 -0.13743 46.81159 0 4.12500 -34.30000 30.25672 0.15726 13
-0.14228 -0.15564 78.86979 0 4.70000 0.70000 78.10177 0.10292 -13
-0.41603 0.09909 44.51663 0 -2.97500 11.90000 41.13084 0.10952 -13
0.87601 0.00586 80.38023 0 -0.17500 -24.65000 60.46247 0.13388 13
0.76206 -0.08686 25.54636 0 2.65000 -25.90000 20.34674 0.12693 -13
-3.25090 -0.55350 25.54636 0 3.52500 -25.15000 20.34674 0.13110 -13
-0.43426 -0.29529 25.54636 0 4.07500 -24.22500 20.34674 0.13776 -13
0.25583 0.23644 25.54636 0 5.15000 -23.65000 20.34674 0.14540 -13
0.38296 0.01281 63.02208 0 -0.37500 -11.40000 58.85468 0.10784 -13
-0.37586 -0.04434 47.55141 0 1.35000 9.55000 44.51660 0.10768 -13
1.70762 -0.22579 45.68355 0 6.82500 -50.37500 23.51383 0.20060 -13
-0.74670 -0.18818 82.72120 0 5.67500 21.80000 66.69175 0.12711 -13
-0.92528 0.12761 8.97727 0 -3.92500 27.40000 6.61370 0.13786 13
-0.95127 -0.27244 8.97727 0 8.12500 28.17500 6.61370 0.14159 13
-1.00168 0.11190 7.10612 0 -3.47500 27.25000 5.03617 0.14305 13
-0.47311 0.02012 81.57758 0 -0.60000 14.47500 73.74393 0.11142 -13
-0.51622 -0.01643 20.07634 0 0.52500 16.62500 17.84030 0.11334 -13
0.60232 -0.16080 97.36438 0 4.85000 -18.95000 83.68532 0.11866 13
0.03291 -0.06392 49.37328 0 1.92500 -4.57500 49.34667 0.10096 13
1.85272 -0.19220 82.12817 0 5.77500 -54.90000 39.55808 0.21290 13
-0.01829 0.02231 78.67811 0 -0.67500 1.45000 78.66495 0.10075 13
2.00661 -0.13158 38.27093 0 4.00000 -61.25000 17.18765 0.22620 -13
0.70381 -0.22050 62.20700 0 6.65000 -22.85000 51.26680 0.12514 -13
-0.96770 -0.17515 29.73861 0 5.30000 27.15000 21.52592 0.14127 -13
-0.59386 0.10277 53.96806 0 -3.10000 19.95000 46.46553 0.11758 -13
0.16625 -0.11397 80.98949 0 3.42500 -3.97500 79.90684 0.10273 13
1.57226 -0.13316 33.71672 0 4.05000 -49.75000 18.20797 0.18815 -13
1.40864 0.05203 38.50740 0 -1.60000 -42.50000 22.31086 0.17405 13
-0.94804 -0.03464 74.36359 0 1.05000 29.67500 53.98191 0.13881 -13
1.14193 0.09274 24.10174 0 -2.77500 -35.12500 15.91689 0.15313 -13
0.91201 0.10764 17.91590 0 -3.27500 -26.90000 13.27164 0.13675 13
-0.61461 0.11474 86.00653 0 -3.47500 16.27500 73.40444 0.11877 13
-0.94197 -0.08912 56.08074 0 2.70000 30.25000 40.89706 0.13864 -13
-0.26298 0.08472 92.63507 0 -2.55000 7.55000 89.60972 0.10448 -13
-0.76817 -0.18271 96.08182 0 5.50000 23.95000 76.65620 0.12831 13
0.44625 0.08835 89.18764 0 -2.65000 -11.47500 81.49850 0.11063 -13
0.82455 -0.11922 4.22183 0 3.75000 -23.97500 3.26688 0.13118 -13
-0.86496 0.10278 48.79138 0 -3.10000 25.40000 36.98481 0.13354 -13
-0.02787 -0.05042 41.22744 0 1.52500 2.75000 41.21149 0.10087 -13
1.80628 -0.04513 25.02858 0 1.32500 -56.42500 12.13194 0.20795 13
1.39016 0.06178 84.94422 0 -1.87500 -45.32500 49.66628 0.17256 13
1.75770 -0.20802 34.69708 0 6.30000 -52.25000 17.43274 0.20477 -13
-0.30681 -0.14401 78.18255 0 4.35000 7.32500 74.80910 0.10633 13
-0.84803 -0.06010 60.24418 0 1.82500 24.82500 45.98159 0.13218 -13
0.51697 -0.16180 9.00272 0 4.95000 -13.70000 8.01871 0.11458 -13
2.13798 -0.01835 23.99307 0 0.50000 -64.22500 10.16679 0.23770 13
0.30355 -0.23408 35.37160 0 7.05000 -10.10000 33.92102 0.10783 13
1.19348 0.00350 88.15520 0 -0.12500 -37.82500 56.61715 0.15680 13
-0.83023 0.02422 96.95966 0 -0.72500 26.25000 74.60922 0.13091 13
-0.44833 -0.01927 45.36505 0 0.57500 13.97500 41.39653 0.11038 13
-0.27489 0.01691 59.94204 0 -0.52500 8.75000 57.79878 0.10445 13
-1.07272 -0.22638 68.39661 0 6.85000 32.90000 47.25837 0.14944 -13
0.71968 -0.17878 58.75492 0 5.40000 -23.05000 47.94303 0.12538 -13
0.68161 -0.15442 38.74090 0 4.65000 -16.30000 32.13102 0.12285 13
-0.77653 -0.15064 96.78103 0 4.55000 24.50000 76.76097 0.12840 -13
1.98102 -0.02797 65.03533 0 0.85000 -57.52500 29.31552 0.22350 -13
-1.64833 -0.19799 47.34986 0 5.95000 50.90000 24.90495 0.19515 13
0.05247 -0.05228 18.89082 0 1.55000 -2.80000 18.86493 0.10098 13
-0.43045 -0.07055 29.39448 0 2.15000 11.85000 27.00973 0.10987 -13
-0.67506 0.06095 89.08326 0 -1.82500 20.10000 73.87727 0.12166 -13
-1.07374 0.02957 20.05325 0 -0.92500 34.62500 13.67015 0.14780 13
0.65846 0.09522 25.31719 0 -2.90000 -18.80000 21.17377 0.12096 13
-0.28686 0.05531 49.86713 0 -1.67500 3.40000 47.93941 0.10491 13
-1.73823 -0.05309 18.48857 0 1.55000 52.72500 9.22880 0.20202 13
-0.35460 -0.21780 94.26040 0 6.57500 11.37500 89.06573 0.10907 13
-1.00646 0.11404 38.60426 0 -3.42500 28.60000 27.29757 0.14333 -13
-1.00040 -0.04022 63.62866 0 1.22500 30.20000 45.00147 0.14251 -13
-0.20154 0.05796 93.38513 0 -1.75000 6.17500 91.55042 0.10290 -13
1.08791 -0.12540 16.81323 0 3.75000 -35.00000 11.42634 0.14932 13
-0.40769 -0.08799 53.70596 0 2.67500 8.85000 49.75906 0.10911 -13
-0.38682 0.08116 35.72966 0 -2.42500 11.72500 33.33777 0.10828 -13
1.84610 0.12146 3.66410 0 -3.37500 -56.95000 1.75492 0.21165 -13
-1.58735 0.14056 5.94951 0 -4.40000 46.20000 3.19305 0.18966 13
-1.62363 -0.25879 5.94951 0 7.65000 47.20000 3.19305 0.19360 13
0.17276 0.03641 31.13193 0 -1.07500 -5.57500 30.67813 0.10226 -13
-1.37662 0.04603 89.93261 0 -1.40000 41.22500 52.89203 0.17141 13
-0.26195 -0.10103 23.08808 0 3.07500 8.87500 22.34177 0.10461 -13
-0.78693 0.13907 60.94115 0 -4.17500 23.85000 48.06515 0.12890 -13
-0.80537 -0.26014 60.94115 0 7.85000 24.40000 48.06515 0.13194 -13
-0.02983 -0.08453 42.63499 0 2.55000 -0.57500 42.61617 0.10111 -13
-0.01872 -0.06296 53.35270 0 1.90000 -0.25000 53.34339 0.10092 -13
1.88287 0.10356 91.44322 0 -3.12500 -57.17500 43.07062 0.21497 13
-0.77593 -0.15349 49.01998 0 4.62500 21.82500 38.89726 0.12839 13
0.66469 0.09165 69.08335 0 -2.75000 -20.15000 57.60684 0.12127 -13
