0.70913 0.04125 98.24033 0 -1.25000 -20.07500 80.15923 0.12352 13
-0.15365 0.09600 67.34718 0 -2.90000 4.42500 66.57297 0.10234 13
0.12015 -0.15368 15.59367 0 4.67500 -3.87500 15.48485 0.10262 -13
1.09069 0.08188 7.82274 0 -2.57500 -32.95000 5.29622 0.14929 13
-0.56695 -0.17365 33.02497 0 5.25000 18.40000 28.83171 0.11709 -13
-0.96884 -0.20199 62.92924 0 6.10000 29.60000 45.63208 0.14169 -13
-0.90535 -0.17793 76.77751 0 5.35000 25.32500 57.31370 0.13701 13
-0.13623 0.06836 95.64465 0 -2.05000 2.35000 94.77329 0.10186 -13
1.61230 -0.08735 24.50075 0 2.60000 -50.37500 12.95008 0.19123 13
0.19734 -0.10351 35.00062 0 3.10000 -8.47500 34.34524 0.10317 13
1.10861 -0.00198 65.25029 0 0.05000 -32.50000 43.70425 0.15035 13
-0.04263 0.09460 63.30313 0 -2.85000 0.30000 63.24616 0.10125 13
-1.05286 -0.06049 75.38157 0 1.82500 30.87500 51.96293 0.14635 -13
-0.27797 0.10954 80.50441 0 -3.30000 9.12500 77.59631 0.10510 -13
0.04338 -0.17070 95.81137 0 5.15000 -3.37500 95.72385 0.10226 -13
-0.41732 -0.17294 83.56109 0 5.22500 12.22500 77.28215 0.11050 -13
1.31075 0.13462 83.98908 0 -4.07500 -40.10000 51.23280 0.16659 13
1.34382 -0.26485 83.98908 0 7.97500 -41.10000 51.23280 0.17077 13
1.82740 -0.23849 92.45906 0 7.17500 -55.57500 45.33392 0.21113 13
0.27653 -0.16755 87.45017 0 5.05000 -7.57500 84.36869 0.10583 13
0.63565 -0.09434 78.29935 0 2.85000 -18.07500 66.16370 0.11971 -13
0.45033 0.10802 91.43462 0 -3.27500 -15.62500 83.45217 0.11098 13
0.88292 -0.17689 87.16443 0 5.35000 -27.05000 65.77907 0.13552 -13
-0.47338 0.06998 66.54530 0 -2.10000 14.60000 60.17364 0.11164 -13
0.33994 0.14556 61.78886 0 -4.40000 -9.57500 58.56434 0.10737 13
0.34701 -0.25339 61.78886 0 7.62500 -9.77500 58.56434 0.10960 13
0.24259 -0.07940 84.69171 0 2.40000 -5.92500 82.31881 0.10393 13
-0.30780 0.02996 81.91212 0 -0.90000 10.50000 78.29057 0.10541 -13
-0.44959 0.02817 68.03288 0 -0.85000 13.22500 62.05420 0.11045 -13
-0.07217 -0.04134 87.18524 0 1.25000 2.87500 86.95945 0.10105 -13
0.87564 -0.03952 9.33714 0 1.12500 -26.57500 7.02718 0.13391 13
0.35779 0.06569 37.11202 0 -2.00000 -12.15000 34.95125 0.10717 13
0.62924 0.09396 58.16385 0 -2.85000 -18.22500 49.28980 0.11936 13
2.06408 0.08277 55.41900 0 -2.52500 -60.97500 24.22816 0.23115 13
0.88467 -0.13427 96.80796 0 4.05000 -25.10000 72.79044 0.13513 13
-0.01533 0.04409 19.66657 0 -1.30000 -0.47500 19.66426 0.10081 -13
-0.28670 -0.09080 88.95221 0 2.75000 10.25000 85.53392 0.10516 -13
0.96116 -0.06886 54.63682 0 2.07500 -29.20000 39.43651 0.13984 13
0.59713 0.06270 17.95505 0 -1.92500 -17.52500 15.42384 0.11747 13
-1.15723 0.11314 20.75092 0 -3.45000 35.00000 13.61670 0.15446 13
0.59796 -0.09920 43.05672 0 2.97500 -18.02500 37.00175 0.11775 13
1.12698 -0.22361 23.13965 0 6.77500 -36.77500 15.56739 0.15342 -13
1.25737 -0.23754 40.70755 0 7.17500 -34.70000 25.76376 0.16357 -13
-0.42990 -0.02903 12.28108 0 0.92500 11.70000 11.28346 0.10967 -13
0.46357 0.05923 4.18925 0 -1.65000 -14.57500 3.80185 0.11117 -13
-0.11982 0.10542 74.66151 0 -3.17500 2.57500 74.13701 0.10198 13
0.08226 -0.24636 6.21492 0 7.52500 -1.02500 6.19515 0.10413 -13
0.63406 -0.14382 3.82685 0 4.17500 -16.95000 3.24106 0.12009 13
-1.34432 -0.19303 82.25232 0 5.82500 41.62500 49.66956 0.16985 -13
0.18441 -0.23255 49.10972 0 7.02500 -7.05000 48.33620 0.10505 -13
-0.38666 -0.13983 32.76864 0 4.20000 10.47500 30.60174 0.10888 13
0.28934 -0.08344 50.62661 0 2.50000 -7.55000 48.64473 0.10517 13
-1.38132 -0.13120 39.12382 0 3.97500 42.72500 23.07063 0.17226 -13
0.07483 -0.06027 84.96439 0 1.80000 -1.87500 84.72840 0.10116 13
-0.86972 0.00814 99.55197 0 -0.25000 25.27500 75.11766 0.13347 -13
1.44520 0.10896 19.43271 0 -3.25000 -43.90000 11.10161 0.17729 -13
-1.15241 -0.24605 75.95225 0 7.42500 34.12500 50.60974 0.15565 -13
-1.27572 -0.03888 28.83120 0 1.15000 40.20000 17.79542 0.16328 13
0.45190 -0.21834 81.46264 0 6.60000 -16.70000 74.52272 0.11268 -13
1.46803 -0.20433 57.92701 0 6.17500 -45.70000 33.06837 0.18007 -13
0.43015 -0.19826 45.50107 0 5.97500 -10.90000 41.92213 0.11142 13
0.35120 -0.04435 89.12640 0 1.35000 -6.57500 84.10043 0.10683 -13
-0.25590 -0.17703 7.89983 0 5.40000 5.37500 7.66045 0.10552 -13
-0.46064 -0.07355 18.63511 0 2.20000 12.37500 16.93364 0.11112 13
-0.69688 -0.09305 71.98155 0 2.80000 18.30000 59.13918 0.12310 13
1.77484 -0.23238 86.80948 0 7.00000 -51.30000 43.46675 0.20647 13
0.66054 0.09260 98.76580 0 -2.77500 -22.00000 82.51667 0.12105 -13
0.05093 -0.12246 15.64063 0 3.72500 -2.92500 15.62068 0.10160 -13
0.10609 0.02733 63.21155 0 -0.82500 -4.85000 62.85902 0.10131 -13
1.38275 -0.12049 92.03866 0 3.62500 -40.82500 54.19062 0.17227 13
1.10000 -0.05137 99.48041 0 1.55000 -31.00000 66.96642 0.14980 -13
0.93517 0.03214 34.97626 0 -0.95000 -27.15000 25.55259 0.13791 -13
-1.05201 -0.03133 37.45814 0 0.97500 35.62500 25.81367 0.14620 -13
-0.11545 -0.12005 64.68581 0 3.62500 1.12500 64.26484 0.10209 -13
1.19786 -0.23690 57.53248 0 7.12500 -36.65000 37.46161 0.15892 13
2.00373 0.05724 73.57937 0 -1.75000 -62.12500 32.89959 0.22560 13
1.28532 -0.00327 29.53008 0 0.07500 -37.40000 18.13317 0.16400 13
-0.49182 0.09321 99.81370 0 -2.82500 15.65000 89.64231 0.11262 13
0.16573 -0.01327 62.06245 0 0.40000 -6.35000 61.22737 0.10209 13
0.44029 0.06864 96.18584 0 -2.07500 -13.12500 88.06478 0.11025 -13
-1.13509 -0.10675 85.17309 0 3.22500 33.22500 56.48319 0.15272 -13
0.13649 0.13885 10.72620 0 -4.22500 -5.15000 10.62948 0.10262 13
0.13972 -0.26051 10.72620 0 7.80000 -5.25000 10.62948 0.10497 13
0.31614 -0.23850 34.01128 0 7.17500 -6.02500 32.50902 0.10830 13
-1.33960 0.00641 55.29119 0 -0.17500 39.20000 33.07551 0.16834 -13
-0.59973 0.07442 50.56360 0 -2.25000 17.17500 43.39455 0.11767 13
-0.77586 -0.06847 64.64820 0 2.05000 23.00000 51.12221 0.12764 13
0.92003 -0.11523 61.43408 0 3.47500 -27.57500 45.34736 0.13732 13
-0.36555 -0.19851 20.53431 0 6.02500 9.10000 19.32939 0.10909 -13
-1.09444 -0.01390 60.63569 0 0.42500 29.20000 40.90293 0.14929 -13
-2.00890 0.12313 37.90100 0 -3.75000 61.25000 16.99199 0.22634 13
-2.06887 -0.27701 37.90100 0 8.32500 63.05000 16.99199 0.23301 13
-0.90882 -0.03527 54.29890 0 1.05000 25.80000 40.19463 0.13612 13
-1.37588 -0.22904 21.61463 0 6.95000 43.80000 12.91967 0.17289 -13
2.07318 -0.12297 84.31722 0 3.72500 -61.07500 36.85474 0.23214 -13
-0.13391 0.05719 16.18138 0 -1.70000 5.57500 16.03870 0.10176 -13
0.25799 -0.05762 22.91313 0 1.72500 -9.70000 22.18894 0.10416 13
-0.46480 -0.15318 2.42444 0 4.85000 12.77500 2.20281 0.11237 -13
-0.03231 -0.17658 97.61668 0 5.32500 3.45000 97.56730 0.10231 -13
-0.39543 -0.11464 72.21584 0 3.45000 15.35000 67.21482 0.10890 13
1.72225 -0.08310 6.67107 0 2.65000 -53.77500 3.35799 0.20085 -13
-1.07546 0.09986 82.92399 0 -3.00000 32.50000 56.61721 0.14822 -13
-0.44933 0.06653 59.75595 0 -2.00000 12.55000 54.52646 0.11060 -13
-1.89413 -0.04439 83.77169 0 1.35000 56.87500 39.14099 0.21574 -13
-1.00865 -0.13754 92.00486 0 4.15000 32.07500 65.08149 0.14371 -13
-0.63837 -0.09219 54.25417 0 2.77500 17.22500 45.78622 0.11984 13
1.23895 -0.13266 25.36527 0 4.02500 -37.97500 16.01554 0.16091 -13
0.27897 0.07359 42.17573 0 -2.20000 -9.80000 40.63252 0.10481 -13
0.65201 -0.15072 6.33441 0 4.45000 -19.00000 5.32375 0.12114 13
-0.57736 0.11184 26.34508 0 -3.40000 17.42500 22.85096 0.11684 13
1.27538 0.07312 85.97503 0 -2.22500 -41.07500 53.13661 0.16337 13
0.46391 0.04830 16.45862 0 -1.50000 -15.57500 14.93334 0.11113 13
-0.47898 -0.10112 13.12404 0 3.00000 14.80000 11.84756 0.11211 13
0.26514 -0.11767 21.86298 0 3.52500 -10.17500 21.14273 0.10485 13
-0.80285 -0.07769 98.80379 0 2.32500 25.17500 77.13641 0.12938 13
-1.24369 -0.19121 15.43918 0 5.72500 34.82500 9.77960 0.16181 13
0.94173 -0.03577 70.75181 0 1.07500 -26.75000 51.52286 0.13837 13
0.05084 0.11636 99.55335 0 -3.52500 0.70000 99.42665 0.10152 13
-0.97456 -0.10335 6.50071 0 3.22500 31.97500 4.66694 0.14109 -13
0.97134 -0.22380 39.06228 0 6.77500 -29.62500 28.34997 0.14221 -13
1.21869 0.09259 5.23219 0 -2.95000 -37.10000 3.32784 0.15911 13
1.10630 -0.15615 35.60333 0 4.72500 -32.10000 24.03215 0.15101 -13
1.49707 -0.00222 82.73869 0 0.05000 -45.10000 45.95689 0.18130 13
-0.11403 -0.23459 26.70181 0 7.10000 3.82500 26.53870 0.10408 -13
-0.11874 -0.24400 29.33656 0 7.35000 2.70000 29.14327 0.10433 13
1.47960 -0.08213 22.88352 0 2.45000 -45.82500 12.84370 0.18001 13
0.61274 -0.09426 80.73716 0 2.82500 -16.40000 68.92443 0.11848 13
1.54828 -0.20017 6.79128 0 5.92500 -45.45000 3.73666 0.18653 13
-0.69754 0.00649 58.52045 0 -0.17500 22.37500 47.99767 0.12278 -13
-0.09630 -0.16740 85.87536 0 5.05000 3.57500 85.49061 0.10257 -13
0.64101 0.09464 61.23845 0 -2.85000 -20.25000 51.62303 0.11999 -13
-0.03091 -0.08620 1.09642 0 3.07500 0.07500 1.09591 0.10175 -13
1.47572 0.12721 85.73156 0 -3.85000 -44.67500 48.35746 0.17998 13
1.51737 -0.27264 85.73156 0 8.22500 -45.92500 48.35746 0.18504 13
-2.00788 -0.04626 43.09231 0 1.37500 60.70000 19.22784 0.22593 13
-0.92374 -0.00238 87.94504 0 0.07500 26.00000 64.60107 0.13709 -13
1.10992 -0.21304 29.06643 0 6.40000 -33.95000 19.69333 0.15195 13
-0.36605 -0.24113 97.08726 0 7.27500 10.17500 91.46874 0.10996 -13
1.56408 0.10159 48.50628 0 -3.05000 -47.37500 26.22349 0.18722 -13
-1.38523 -0.05751 77.25841 0 1.75000 43.60000 45.27006 0.17215 -13
-0.33009 -0.05134 18.10581 0 1.57500 9.70000 17.19563 0.10618 -13
1.46599 -0.08052 72.10881 0 2.42500 -44.72500 40.72449 0.17889 13
2.05777 -0.23865 87.11340 0 7.17500 -63.62500 38.93328 0.23163 13
1.77759 -0.09958 46.33737 0 3.02500 -54.15000 22.80451 0.20565 -13
-1.03597 0.02622 78.45859 0 -0.77500 30.90000 54.49993 0.14503 -13
0.36620 -0.10311 16.52304 0 3.07500 -11.00000 15.52499 0.10774 13
-0.07429 -0.23464 25.70004 0 7.10000 0.15000 25.63308 0.10372 -13
1.40146 -0.14067 69.35526 0 4.22500 -41.20000 40.54605 0.17394 13
-1.71902 -0.09875 85.52280 0 2.97500 52.85000 43.16039 0.20050 13
0.18468 -0.23319 1.66820 0 7.35000 -7.47500 1.64189 0.10551 -13
1.71808 0.07697 38.02642 0 -2.30000 -49.90000 19.17131 0.20032 -13
-0.92697 -0.22259 40.03468 0 6.72500 29.15000 29.68654 0.13915 -13
-1.93916 0.13868 83.02374 0 -4.17500 56.70000 38.33929 0.22015 -13
-1.98494 -0.26058 83.02374 0 7.87500 58.10000 38.33929 0.22538 -13
-0.14093 -0.03150 58.47570 0 0.95000 4.40000 57.90412 0.10175 13
0.29281 0.08813 1.86174 0 -2.37500 -8.70000 1.78736 0.10539 -13
0.21461 -0.03881 62.67204 0 1.17500 -6.72500 61.27883 0.10307 -13
0.86377 0.02229 27.67094 0 -0.70000 -28.00000 20.94301 0.13309 13
-0.10320 0.12921 93.18899 0 -3.90000 3.92500 92.70454 0.10207 13
-0.10603 -0.27054 93.18899 0 8.15000 4.02500 92.70454 0.10486 13
1.99884 -0.20946 61.53257 0 6.35000 -61.97500 28.00647 0.22608 -13
-0.00184 -0.12265 20.94522 0 3.72500 -1.32500 20.94519 0.10147 -13
-0.66108 0.13154 63.96467 0 -3.95000 21.57500 53.49733 0.12144 -13
-0.67855 -0.26805 63.96467 0 8.10000 22.10000 53.49733 0.12467 -13
-1.00737 -0.01774 81.92737 0 0.52500 30.55000 57.72293 0.14295 13
0.72598 -0.12446 33.67201 0 3.72500 -21.90000 27.32021 0.12507 13
0.28887 0.13641 25.04183 0 -4.10000 -9.17500 24.07514 0.10571 -13
0.29596 -0.26293 25.04183 0 7.95000 -9.40000 24.07514 0.10832 -13
-1.36947 -0.18933 41.95592 0 5.70000 40.95000 25.02644 0.17181 13
-0.57547 0.05651 46.30993 0 -1.70000 16.50000 40.15460 0.11632 -13
-1.09845 0.09677 59.46483 0 -2.92500 31.50000 40.13308 0.14992 13
-0.91734 -0.01893 24.40796 0 0.55000 27.30000 17.98772 0.13667 13
0.25991 -0.16461 26.98287 0 4.95000 -8.90000 26.13693 0.10535 13
-1.84017 -0.05687 17.86226 0 1.77500 53.50000 8.53956 0.21100 -13
0.12162 0.00056 64.26294 0 -0.02500 -2.17500 63.79291 0.10145 13
-1.80484 -0.04312 49.08166 0 1.27500 55.12500 23.80374 0.20782 13
0.20126 0.06106 92.15346 0 -1.82500 -6.20000 90.34841 0.10291 -13
1.40797 -0.04231 97.62620 0 1.27500 -43.92500 56.56471 0.17396 -13
-0.96326 -0.23584 83.01248 0 7.10000 26.65000 60.55949 0.14182 13
-1.65860 0.10407 94.07617 0 -3.15000 48.45000 48.76720 0.19532 13
0.85847 -0.13677 46.94217 0 4.12500 -26.10000 35.75969 0.13343 -13
-0.04553 0.00580 55.22378 0 -0.17500 0.90000 55.16663 0.10081 -13
-2.07069 -0.09837 12.83590 0 3.05000 64.12500 5.60321 0.23189 -13
-1.12397 -0.05323 79.87795 0 1.62500 30.10000 53.13702 0.15160 -13
0.12757 0.07578 60.51388 0 -2.30000 -3.07500 60.03009 0.10181 13
-0.72838 0.08467 29.81123 0 -2.57500 21.20000 24.12665 0.12488 13
1.40935 0.09547 39.08043 0 -2.85000 -44.90000 22.68285 0.17428 -13
-0.23302 0.12669 48.04208 0 -3.82500 7.25000 46.80782 0.10419 13
-0.23965 -0.27319 48.04208 0 8.22500 7.45000 46.80782 0.10714 13
-1.12467 0.00103 74.12981 0 -0.02500 32.97500 49.25725 0.15155 -13
-0.50953 -0.15583 91.02107 0 4.70000 15.10000 81.29903 0.11411 -13
0.19222 -0.21039 76.39878 0 6.35000 -6.50000 75.08209 0.10472 -13
-0.57200 0.07836 62.13737 0 -2.37500 17.60000 53.97777 0.11629 13
-0.39478 -0.10206 61.12895 0 3.07500 9.75000 56.89838 0.10875 -13
-0.21817 0.02737 15.03335 0 -0.85000 5.25000 14.68802 0.10311 13
0.38646 -0.00044 83.65600 0 0.02500 -12.52500 78.03159 0.10796 -13
0.00299 -0.04643 69.80885 0 1.40000 -0.65000 69.80854 0.10081 -13
-0.37474 -0.05443 52.60061 0 1.65000 9.77500 49.26452 0.10769 -13
0.01588 -0.23502 87.45426 0 7.07500 -0.65000 87.44381 0.10345 13
0.80948 0.01814 81.46612 0 -0.55000 -23.97500 63.32453 0.12958 13
0.93456 -0.22040 47.85253 0 6.67500 -28.72500 35.34526 0.13962 -13
1.45239 -0.11479 52.05532 0 3.45000 -43.42500 29.65166 0.17794 13
1.04219 -0.15816 90.47344 0 4.77500 -33.77500 63.04170 0.14632 13
-0.30144 -0.11454 2.56295 0 3.25000 8.65000 2.45542 0.10581 13
-1.25246 0.11892 31.88100 0 -3.62500 37.12500 19.97752 0.16185 13
-1.29203 -0.28152 31.88100 0 8.45000 38.30000 19.97752 0.16690 13
-0.28520 -0.09970 22.96380 0 3.02500 9.17500 22.09158 0.10520 -13
1.02546 0.06264 71.12158 0 -1.90000 -31.57500 49.70387 0.14439 13
-0.39917 -0.02668 5.93847 0 0.90000 13.95000 5.51564 0.10849 -13
0.67207 -0.02653 30.61412 0 0.77500 -21.15000 25.41162 0.12136 13
1.27073 -0.23384 28.65648 0 7.02500 -39.70000 18.01239 0.16450 13
-1.06564 0.11594 1.22958 0 -4.10000 35.55000 0.84935 0.14768 13
-1.10007 -0.28541 1.22958 0 7.97500 36.35000 0.84935 0.15137 13
-1.15149 -0.07191 3.99122 0 1.97500 35.65000 2.62074 0.15375 13
-0.01746 -0.20471 13.59994 0 6.22500 4.12500 13.59795 0.10284 -13
2.09371 -0.07077 38.06960 0 2.10000 -61.62500 16.44059 0.23376 13
1.65314 0.01287 58.47819 0 -0.40000 -50.80000 30.26877 0.19458 13
0.12192 -0.07074 93.87012 0 2.15000 -4.85000 93.18351 0.10170 -13
2.08262 0.01131 4.13037 0 -0.62500 -62.15000 1.78662 0.23295 13
-0.17724 -0.01198 37.35981 0 0.35000 9.47500 36.78650 0.10228 13
-0.99015 -0.21550 19.37906 0 6.47500 29.35000 13.92454 0.14333 13
0.60228 -0.14474 38.98413 0 4.35000 -16.42500 33.48647 0.11845 13
0.54461 -0.11575 87.67890 0 3.50000 -17.20000 77.11700 0.11526 -13
-0.17474 -0.17276 6.76904 0 5.27500 5.32500 6.67088 0.10375 -13
0.47855 0.09306 35.45755 0 -2.80000 -15.80000 32.00954 0.11203 -13
0.26062 0.04601 32.82667 0 -1.40000 -8.82500 31.76769 0.10417 13
0.41552 -0.09471 44.80264 0 2.85000 -13.67500 41.40021 0.10947 13
-1.63239 0.00471 84.13678 0 -0.15000 50.47500 43.95151 0.19278 13
-0.18191 -0.01441 39.36354 0 0.45000 4.62500 38.72822 0.10237 -13
0.26489 -0.15737 73.78940 0 4.75000 -8.60000 71.38563 0.10537 13
1.35595 -0.13962 59.99965 0 4.20000 -42.60000 35.83412 0.17024 13
-0.05017 0.12175 68.53144 0 -3.67500 -0.07500 68.44660 0.10158 13
-0.05172 -0.27843 68.53144 0 8.40000 -0.05000 68.44660 0.10466 13
-0.11726 -0.04285 88.30206 0 1.30000 4.55000 87.70222 0.10148 -13
1.73498 0.03610 62.41698 0 -1.10000 -52.57500 31.18443 0.20170 13
-0.31739 0.13918 22.27664 0 -4.17500 10.20000 21.25124 0.10657 -13
-0.32482 -0.26000 22.27664 0 7.87500 10.42500 21.25124 0.10910 -13
0.87954 0.06515 66.60045 0 -1.95000 -28.17500 50.05554 0.13427 -13
-0.30848 0.04050 41.52420 0 -1.20000 9.32500 39.68162 0.10546 -13
0.31871 -0.54216 41.52420 0 -1.17500 9.27500 39.68162 0.10548 -13
-0.43527 0.14397 41.52420 0 0.17500 8.70000 39.68162 0.11275 -13
-0.05302 1.11524 41.52420 0 -0.92500 8.10000 39.68162 0.11895 -13
32.02617 -30.95869 41.52420 0 -0.10000 14.45000 39.68162 0.19174 -13
0.47331 0.36655 41.52420 0 0.87500 15.47500 39.68162 0.20408 -13
-0.14864 -0.08843 65.36723 0 2.65000 7.45000 64.66225 0.10220 13
-1.99620 -0.05908 98.67295 0 1.80000 60.35000 44.25644 0.22492 -13
-1.66801 0.06666 65.93431 0 -2.00000 48.60000 33.95722 0.19597 -13
0.31795 -0.07098 1.55426 0 2.45000 -8.65000 1.48155 0.10624 -13
0.69675 0.02346 48.87022 0 -0.70000 -21.32500 40.10053 0.12275 -13
0.98126 -0.22366 68.95689 0 6.75000 -30.25000 49.80412 0.14289 -13
-0.24354 0.14958 7.98730 0 -4.45000 7.25000 7.76530 0.10471 -13
-0.24829 -0.24932 7.98730 0 7.57500 7.40000 7.76530 0.10681 -13
0.08611 0.08781 97.93350 0 -2.65000 -5.40000 97.57517 0.10146 13
0.71878 0.10681 33.08636 0 -3.20000 -20.25000 26.91816 0.12448 -13
0.40919 0.02999 19.81186 0 -0.87500 -13.37500 18.33729 0.10885 -13
-1.70507 -0.13119 27.58198 0 3.92500 50.95000 14.04273 0.19946 13
-0.12015 -0.22909 75.25096 0 6.90000 2.97500 74.74019 0.10401 13
-0.29017 -0.07080 3.97787 0 2.27500 5.05000 3.82087 0.10518 -13
-0.31224 -0.17707 10.56778 0 5.30000 9.07500 10.10119 0.10697 13
-0.64055 0.14714 26.86214 0 -4.42500 16.30000 22.69003 0.12049 -13
-0.65351 -0.25170 26.86214 0 7.62500 16.70000 22.69003 0.12296 -13
-1.69174 -0.18731 50.63982 0 5.62500 51.35000 26.09851 0.19877 13
-0.74990 0.14065 15.74696 0 -4.27500 21.70000 12.64240 0.12669 13
-0.76697 -0.25855 15.74696 0 7.75000 22.20000 12.64240 0.12952 13
0.23363 -0.16018 93.96251 0 4.82500 -7.70000 91.55778 0.10466 13
-1.94155 -0.20592 49.29965 0 6.22500 58.95000 22.94553 0.22093 -13
0.32072 -0.10139 1.16187 0 2.60000 -10.05000 1.10691 0.10654 13
0.18639 -0.21549 14.78456 0 6.47500 -7.45000 14.54497 0.10469 13
-0.63525 -0.20581 63.79906 0 6.22500 20.82500 54.16941 0.12110 -13
0.11459 0.03982 59.89425 0 -1.20000 -2.17500 59.50550 0.10144 13
1.69390 -0.07450 97.41098 0 2.25000 -52.42500 49.62306 0.19824 -13
1.62867 -0.17481 75.27018 0 5.25000 -48.32500 39.81537 0.19326 13
1.37847 -0.18895 96.15840 0 5.70000 -41.55000 57.11308 0.17254 13
-0.89495 0.06773 49.64669 0 -2.05000 28.95000 37.03277 0.13532 13
-0.38746 0.06297 78.21581 0 -1.90000 13.30000 72.95169 0.10818 -13
0.13077 -0.04145 40.33026 0 1.25000 -2.67500 39.99039 0.10164 13
0.68413 -0.08919 9.51681 0 2.62500 -19.30000 7.86454 0.12233 13
0.82723 0.00989 59.61262 0 -0.30000 -23.15000 45.93361 0.13070 13
0.45272 0.03693 5.73916 0 -1.20000 -15.40000 5.22889 0.11064 13
0.95833 0.04186 76.80248 0 -1.27500 -30.67500 55.47336 0.13955 13
-0.47443 -0.17677 65.84644 0 5.35000 15.72500 59.65685 0.11288 -13
-0.89349 -0.24404 96.98680 0 7.35000 28.05000 73.24325 0.13726 13
0.41245 0.07034 98.19491 0 -2.12500 -12.60000 90.80921 0.10916 -13
-0.03168 0.08764 34.12675 0 -2.62500 3.72500 34.10978 0.10114 -13
2.06385 -0.20551 40.98675 0 6.17500 -62.22500 18.17301 0.23181 13
-2.07341 0.03240 34.02172 0 -0.95000 63.05000 14.78497 0.23184 -13
0.94383 -0.00481 20.68799 0 0.17500 -28.02500 15.04506 0.13848 -13
-0.34728 -0.02994 83.73983 0 0.90000 10.17500 79.10924 0.10665 13
0.11794 -0.24415 32.37408 0 7.37500 -4.07500 32.16371 0.10435 -13
0.82661 -0.00917 34.42412 0 0.25000 -26.70000 26.53323 0.13065 13
-0.20603 -0.06974 56.88285 0 2.10000 6.32500 55.71824 0.10306 13
0.83252 0.01349 61.59646 0 -0.40000 -24.55000 47.34039 0.13104 -13
-1.61407 -0.06830 2.32998 0 2.47500 47.90000 1.22827 0.19187 -13
0.93358 -0.05385 56.08923 0 1.62500 -26.45000 41.02696 0.13787 13
-2.16172 -0.07511 63.43427 0 2.27500 63.82500 26.69395 0.23999 -13
-1.03667 -0.12322 60.68524 0 3.72500 32.17500 42.29546 0.14558 -13
0.19724 0.01792 9.23540 0 -0.47500 -4.95000 9.06089 0.10266 -13
0.43476 -0.03460 77.00430 0 1.05000 -12.65000 70.62554 0.10986 13
-1.07099 -0.01627 1.92617 0 0.12500 32.02500 1.31444 0.14780 13
0.27659 -0.09609 38.13113 0 2.92500 -8.37500 36.76229 0.10494 -13
-0.16040 -0.23047 36.31932 0 6.92500 4.72500 35.88361 0.10459 13
-0.48865 -0.08791 1.01832 0 2.10000 14.87500 0.91554 0.11289 13
0.21535 -0.17439 73.13504 0 5.25000 -6.85000 71.54274 0.10449 13
0.72257 -0.08482 90.31405 0 2.57500 -24.02500 73.29319 0.12454 -13
-0.61446 0.13460 29.01615 0 -4.07500 18.42500 24.78281 0.11898 13
-0.62998 -0.26492 29.01615 0 7.97500 18.87500 24.78281 0.12195 13
1.86401 -0.15897 33.47937 0 4.77500 -57.95000 15.98130 0.21358 13
0.52598 0.09131 74.87248 0 -2.75000 -16.40000 66.32454 0.11416 13
-0.03975 0.04550 12.22247 0 -1.42500 1.70000 12.21286 0.10090 13
0.96357 -0.12689 6.44182 0 3.72500 -28.60000 4.65647 0.14039 13
-1.83499 -0.08743 50.93132 0 2.65000 52.60000 24.44296 0.21065 -13
-0.64553 0.08892 53.26377 0 -2.70000 18.37500 44.80145 0.12020 13
-0.61046 -0.17149 78.74536 0 5.17500 21.00000 67.47352 0.11924 13
0.30769 -0.08957 89.85503 0 2.70000 -10.37500 85.91070 0.10575 -13
0.24332 0.11050 31.77016 0 -3.35000 -5.32500 30.87992 0.10424 13
0.58885 0.10385 3.33110 0 -2.97500 -20.60000 2.87404 0.11734 -13
0.75134 -0.24077 71.31167 0 7.25000 -23.30000 57.58495 0.12826 13
-1.22733 -0.15644 30.96404 0 4.70000 36.32500 19.70081 0.16018 13
0.66440 -0.04168 14.44470 0 1.22500 -21.62500 12.03441 0.12097 13
1.23465 0.08894 86.99870 0 -2.70000 -38.30000 54.88718 0.16024 13
-0.81754 0.05755 32.37308 0 -1.75000 25.20000 25.07957 0.13021 13
1.82771 0.05951 98.13299 0 -1.77500 -54.92500 47.16610 0.20989 -13
-1.80251 0.09067 63.51361 0 -2.72500 52.45000 30.90926 0.20777 -13
-0.49764 -0.18755 77.59195 0 5.67500 15.80000 69.70118 0.11407 -13
-0.44407 -0.08742 21.00969 0 2.65000 16.02500 19.21347 0.11055 -13
-0.22548 -0.20303 46.51099 0 6.12500 8.80000 45.41546 0.10523 13
0.54991 -0.16546 83.09497 0 4.97500 -16.75000 73.03835 0.11612 13
-0.26757 0.02447 4.17760 0 -0.85000 8.60000 4.03567 0.10432 13
-0.23898 -0.02263 27.23748 0 0.70000 7.27500 26.49183 0.10357 -13
1.77951 -0.08883 89.95060 0 2.67500 -53.95000 44.19798 0.20575 13
-0.04861 -0.03880 95.35792 0 1.17500 1.62500 95.24562 0.10090 -13
1.93425 -0.16362 86.62410 0 4.95000 -58.60000 40.19831 0.21993 -13
-0.02447 -0.15302 50.53974 0 4.60000 0.70000 50.52495 0.10190 13
-0.32361 0.07609 35.98812 0 -2.30000 9.42500 34.24927 0.10613 13
0.75862 -0.04539 76.46689 0 1.37500 -24.07500 60.94367 0.12649 -13
-0.20098 -0.13733 62.44934 0 4.12500 4.50000 61.24699 0.10364 13
1.63792 0.13226 82.36319 0 -3.97500 -53.25000 43.18965 0.19371 -13
1.68077 -0.26728 82.36319 0 8.07500 -54.55000 43.18965 0.19881 -13
-1.37398 0.13803 42.60339 0 -4.17500 40.77500 25.22558 0.17170 13
-1.40677 -0.26129 42.60339 0 7.85000 41.75000 25.22558 0.17576 13
1.29411 0.06775 28.83749 0 -2.07500 -38.80000 17.65764 0.16485 13
-0.89523 -0.12062 1.79040 0 4.00000 27.25000 1.33838 0.13614 -13
0.38417 0.08205 4.26887 0 -2.35000 -10.90000 3.98664 0.10819 -13
-1.23463 -0.10022 17.33115 0 2.97500 40.00000 10.94063 0.16030 13
-0.80079 0.03533 79.28197 0 -1.05000 25.60000 61.90008 0.12906 -13
-0.51133 0.01015 58.25889 0 -0.30000 15.55000 51.87192 0.11311 -13
-0.23871 0.06818 37.50295 0 -2.07500 4.25000 36.48253 0.10376 13
1.18843 -0.05402 24.05186 0 1.65000 -35.10000 15.49863 0.15651 -13
0.16006 0.10267 8.17401 0 -3.15000 -4.37500 8.07230 0.10254 13
0.44122 0.13269 91.16003 0 -4.00000 -12.07500 83.52078 0.11088 -13
0.45269 -0.26685 91.16003 0 8.05000 -12.40000 83.52078 0.11377 -13
-1.59654 -0.05411 58.73366 0 1.62500 49.07500 31.21060 0.18978 13
0.67091 -0.17934 19.99407 0 5.45000 -20.80000 16.68417 0.12263 -13
-0.18348 0.02359 37.75902 0 -0.72500 5.97500 37.13944 0.10241 13
-0.30756 -0.11123 21.43692 0 3.32500 7.05000 20.50039 0.10595 13
0.99723 0.09046 66.74351 0 -2.75000 -31.37500 47.35643 0.14251 13
-0.84152 -0.19079 23.25544 0 5.77500 23.85000 17.92421 0.13304 -13
-0.37364 -0.13665 93.12612 0 4.12500 13.15000 87.33381 0.10838 -13
-0.16884 0.00600 15.93375 0 -0.15000 5.07500 15.71138 0.10213 -13
1.39169 0.10569 26.11932 0 -3.15000 -43.30000 15.29711 0.17289 -13
0.67998 0.06038 12.92168 0 -1.77500 -19.27500 10.69165 0.12192 -13
0.29815 -0.07596 91.34274 0 2.30000 -10.35000 87.55533 0.10537 -13
-0.92722 0.02717 82.31968 0 -0.82500 27.02500 60.37398 0.13736 13
0.07918 -0.24346 28.04880 0 7.35000 -3.20000 27.96615 0.10396 -13
0.75290 0.09451 46.46256 0 -2.85000 -22.80000 37.17775 0.12641 -13
0.62412 -0.00239 28.80163 0 0.05000 -18.40000 24.43340 0.11871 13
1.94055 -0.21263 26.52271 0 6.37500 -57.45000 12.36226 0.22083 13
1.41151 -0.22433 41.06271 0 6.75000 -42.37500 24.12558 0.17563 13
0.05126 -0.02489 70.69621 0 0.75000 -1.50000 70.60354 0.10087 -13
-0.31710 -0.15706 12.28705 0 4.70000 10.20000 11.72507 0.10680 13
1.14750 -0.08241 11.62826 0 2.55000 -36.12500 7.65489 0.15353 -13
1.73170 -0.21197 20.56762 0 6.35000 -52.67500 10.45464 0.20245 13
-0.19320 -0.08398 8.07504 0 2.60000 4.60000 7.92934 0.10294 -13
-1.97380 0.00677 36.90084 0 -0.17500 58.92500 16.67758 0.22282 -13
0.95312 -0.14697 52.36569 0 4.45000 -30.27500 38.09849 0.13991 -13
0.42496 -0.19072 29.80264 0 5.72500 -13.32500 27.50267 0.11108 13
1.19741 -0.00553 57.68219 0 0.15000 -35.95000 36.97501 0.15710 13
-1.54780 -0.00305 44.98491 0 0.07500 44.90000 24.41212 0.18557 13
-1.63503 -0.10957 8.26107 0 3.42500 50.75000 4.32833 0.19344 -13
0.12660 0.11580 14.09593 0 -3.45000 0.02500 13.98581 0.10216 -13
1.25520 0.12661 9.63641 0 -3.72500 -38.02500 6.03384 0.16206 -13
1.29073 -0.27307 9.63641 0 8.32500 -39.12500 6.03384 0.16685 -13
-0.12915 0.00539 44.93827 0 -0.17500 2.05000 44.56807 0.10154 13
1.73129 -0.13552 79.98077 0 4.10000 -50.97500 40.27707 0.20181 -13
0.71758 -0.05993 35.51806 0 1.80000 -21.05000 28.87524 0.12409 13
-0.46928 -0.21380 44.00666 0 6.45000 14.12500 39.99633 0.11329 13
1.26508 0.02370 48.79694 0 -0.72500 -38.70000 30.26549 0.16242 13
-1.94097 0.03888 98.52101 0 -1.17500 58.10000 45.14908 0.21992 13
0.82853 -0.04655 94.36012 0 1.40000 -25.30000 72.69303 0.13086 -13
1.71851 -0.14954 99.28742 0 4.50000 -55.12500 50.34978 0.20078 13
-0.98429 -0.02894 24.26813 0 0.90000 29.07500 17.29901 0.14134 -13
0.07891 0.12463 40.04673 0 -3.75000 -0.60000 39.92450 0.10179 -13
0.08122 -0.27535 40.04673 0 8.32500 -0.67500 39.92450 0.10478 -13
0.30592 -0.01667 28.34337 0 0.52500 -6.22500 27.10368 0.10533 -13
0.28396 0.08466 29.68166 0 -2.57500 -6.90000 28.56037 0.10504 13
0.21648 -0.02785 46.25075 0 0.82500 -5.82500 45.20452 0.10307 13
-0.87168 -0.05755 56.57190 0 1.72500 25.47500 42.67458 0.13372 13
1.06693 -0.19257 22.00073 0 5.77500 -32.22500 15.19083 0.14850 13
1.61215 -0.04253 32.84163 0 1.25000 -46.57500 17.32274 0.19109 13
-2.04580 0.05411 68.25375 0 -1.65000 62.52500 30.00842 0.22939 13
-0.40199 0.02118 3.61241 0 -0.80000 11.32500 3.35180 0.10862 13
1.07790 0.04114 9.50754 0 -1.32500 -29.30000 6.46926 0.14815 13
1.00936 0.00491 6.98701 0 -0.25000 -31.62500 4.91797 0.14310 13
-0.26228 -0.16933 2.91539 0 5.25000 10.17500 2.82221 0.10566 -13
-0.63298 0.06498 79.94048 0 -1.95000 18.50000 67.58651 0.11936 -13
1.12290 -0.16309 70.96472 0 4.92500 -33.37500 47.54016 0.15232 -13
-0.56391 0.08594 22.62459 0 -2.62500 16.40000 19.72451 0.11595 13
-0.43670 0.14044 63.85885 0 -4.25000 12.30000 58.61249 0.11080 13
-0.44669 -0.25874 63.85885 0 7.80000 12.60000 58.61249 0.11333 13
0.05506 0.02495 56.48054 0 -0.75000 -2.40000 56.39517 0.10089 -13
0.43057 -0.03975 31.79034 0 1.17500 -11.70000 29.20244 0.10971 13
0.69412 -0.15385 19.54573 0 4.60000 -19.37500 16.11743 0.12354 13
0.19591 -0.15205 70.71831 0 4.60000 -5.97500 69.42791 0.10376 -13
-0.35306 -0.16056 24.49445 0 4.87500 9.25000 23.12941 0.10802 -13
0.45089 0.03068 36.41391 0 -0.90000 -15.12500 33.19817 0.11051 -13
1.10626 0.04967 17.25177 0 -1.55000 -31.52500 11.57663 0.15027 13
1.00785 -0.22085 89.12932 0 6.65000 -29.77500 63.52579 0.14469 13
1.10135 -0.02957 11.04668 0 0.95000 -34.55000 7.42752 0.14985 -13
1.15805 -0.19886 7.56253 0 5.90000 -34.22500 4.99730 0.15529 13
1.07013 -0.11060 5.38977 0 3.20000 -32.35000 3.69199 0.14787 13
0.37793 0.02620 31.05253 0 -0.77500 -12.50000 29.04858 0.10769 -13
-0.02170 -0.13883 47.99304 0 4.20000 1.72500 47.98197 0.10170 -13
-1.10616 -0.01099 65.82260 0 0.35000 34.17500 44.14271 0.15017 -13
-1.78247 -0.12521 86.65330 0 3.77500 53.37500 42.64864 0.20620 13
-0.22089 -0.22589 42.77090 0 6.82500 8.27500 41.81139 0.10562 -13
-0.37813 0.09232 7.82101 0 -2.72500 13.50000 7.31943 0.10805 -13
0.04175 -0.08679 9.06140 0 2.67500 -1.97500 9.05358 0.10120 -13
1.35096 -0.10013 83.35411 0 3.00000 -38.55000 49.75258 0.16955 13
1.35684 -0.20501 87.47984 0 6.20000 -39.27500 52.59248 0.17100 -13
-0.62350 0.13776 86.32342 0 -4.15000 17.15000 73.44341 0.11948 13
-0.63845 -0.26153 86.32342 0 7.87500 17.60000 73.44341 0.12234 13
1.01917 0.07049 40.60795 0 -2.10000 -32.12500 28.47611 0.14395 -13
-1.01494 0.07423 6.82396 0 -2.12500 31.52500 4.79620 0.14365 -13
0.41927 -0.06390 66.04405 0 1.92500 -10.82500 60.92595 0.10939 -13
0.07365 0.10329 93.43091 0 -3.12500 -1.87500 93.18114 0.10151 13
-0.45818 -0.02291 18.95604 0 0.67500 14.32500 17.23409 0.11079 13
-0.56204 -0.08728 49.24237 0 2.65000 15.27500 42.96582 0.11586 -13
-0.67728 0.14775 72.08425 0 -4.45000 17.40000 59.88510 0.12253 -13
-0.69079 -0.25109 72.08425 0 7.57500 17.80000 59.88510 0.12499 -13
0.86293 0.01794 96.20110 0 -0.52500 -25.65000 72.83746 0.13302 -13
1.12689 -0.01466 42.82356 0 0.42500 -33.77500 28.42549 0.15173 13
2.05029 0.09976 22.41110 0 -3.05000 -60.72500 9.86370 0.22998 13
0.99272 0.11630 1.36362 0 -2.97500 -30.30000 0.97088 0.14255 -13
-1.40460 -0.19672 81.30382 0 5.95000 42.62500 47.74863 0.17478 -13
0.26362 -0.05185 71.22457 0 1.55000 -8.37500 68.87763 0.10428 13
-0.68395 0.02151 8.44734 0 -0.57500 21.32500 6.97331 0.12203 -13
0.09766 0.04235 15.78076 0 -1.30000 -4.65000 15.70618 0.10128 13
-0.23094 0.04715 17.60784 0 -1.45000 4.75000 17.15754 0.10347 13
-0.42845 0.03790 68.24432 0 -1.15000 14.30000 62.73654 0.10962 13
-0.13093 -0.05922 79.91895 0 1.77500 2.90000 79.24496 0.10174 13
-0.35126 0.08816 33.68117 0 -2.67500 12.90000 31.79111 0.10711 13
-0.12613 0.14832 21.47024 0 -4.50000 3.62500 21.30503 0.10258 13
-0.12856 -0.25055 21.47024 0 7.52500 3.70000 21.30503 0.10461 13
-1.55184 -0.08084 46.88487 0 2.42500 50.70000 25.45473 0.18608 13
1.63604 -0.06724 29.48571 0 2.00000 -46.40000 15.40419 0.19318 13
1.38797 0.08686 12.49882 0 -2.70000 -42.67500 7.32371 0.17255 13
0.50716 -0.23140 4.55948 0 6.85000 -14.50000 4.08768 0.11522 13
0.56562 -0.22358 10.93194 0 6.80000 -17.45000 9.57060 0.11792 -13
-0.04182 0.13901 59.88786 0 -4.20000 -1.35000 59.83655 0.10176 13
-0.04281 -0.26022 59.88786 0 7.85000 -1.30000 59.83655 0.10414 13
-0.04483 -0.18855 35.10136 0 5.70000 2.10000 35.06734 0.10259 -13
1.50598 0.04756 4.11901 0 -1.22500 -48.75000 2.28035 0.18211 -13
0.06564 -0.24855 61.70901 0 7.50000 -0.80000 61.58414 0.10398 -13
0.47451 0.10786 30.14995 0 -3.22500 -14.52500 27.26776 0.11199 -13
-0.49222 0.09722 74.13018 0 -2.92500 15.57500 66.57059 0.11266 -13
0.14805 -0.02857 94.50756 0 0.85000 -5.17500 93.48934 0.10184 13
0.43548 0.01350 22.01521 0 -0.42500 -11.62500 20.18465 0.10985 13
-1.26439 -0.15700 37.63644 0 4.72500 40.40000 23.52280 0.16308 13
-0.67410 -0.04898 14.69080 0 1.52500 20.97500 12.18616 0.12156 -13
-0.90500 0.13134 98.27677 0 -3.97500 25.42500 73.14725 0.13647 13
-0.92903 -0.26829 98.27677 0 8.07500 26.12500 73.14725 0.14007 13
1.51187 0.12811 49.01395 0 -3.85000 -44.90000 27.19302 0.18298 -13
1.55403 -0.27166 49.01395 0 8.22500 -46.20000 27.19302 0.18812 -13
0.97991 -0.14460 55.11024 0 4.37500 -28.65000 39.56110 0.14175 -13
-0.95991 0.13393 49.12591 0 -4.05000 28.17500 35.59171 0.14024 13
-0.98441 -0.26557 49.12591 0 8.00000 28.90000 35.59171 0.14379 13
0.10852 0.02517 32.67454 0 -0.77500 -1.35000 32.48394 0.10133 13
-0.58039 -0.03048 6.02806 0 1.00000 20.02500 5.21408 0.11651 -13
-0.63015 -0.09742 2.30546 0 3.17500 19.00000 1.95337 0.11964 -13
1.93328 -0.19083 86.40206 0 5.75000 -57.05000 40.25514 0.22003 13
-0.33950 -0.02652 35.32881 0 0.82500 6.52500 33.45472 0.10638 -13
1.16405 0.10078 47.41424 0 -3.05000 -36.72500 30.98677 0.15487 13
-0.20594 -0.18646 60.66084 0 5.62500 8.10000 59.45463 0.10452 -13
0.18348 0.08524 94.76336 0 -2.57500 -5.05000 93.21816 0.10274 13
-0.01185 -0.17613 4.19986 0 5.42500 1.42500 4.19957 0.10236 -13
-1.07230 -0.24147 96.37467 0 7.30000 31.40000 66.71967 0.14965 -13
0.76730 0.13781 26.93588 0 -4.12500 -22.92500 21.44433 0.12768 -13
0.78570 -0.26143 26.93588 0 7.90000 -23.50000 21.44433 0.13077 -13
-0.85092 -0.18505 2.88026 0 5.82500 26.87500 2.20890 0.13382 -13
-0.28503 0.13879 74.38337 0 -4.20000 10.52500 71.58515 0.10564 13
-0.29173 -0.26047 74.38337 0 7.85000 10.72500 71.58515 0.10812 13
-1.01807 0.11237 34.46079 0 -3.40000 28.70000 24.22456 0.14417 13
2.03592 -0.04222 46.57004 0 1.25000 -59.65000 20.54552 0.22846 13
-0.69210 0.11241 46.47612 0 -3.37500 18.52500 38.29309 0.12298 -13
-0.73011 -0.11797 41.48172 0 3.57500 22.90000 33.58269 0.12526 -13
-1.52507 -0.24914 18.31736 0 7.47500 43.82500 10.25499 0.18530 13
1.83595 0.10546 58.67007 0 -3.15000 -55.32500 28.18340 0.21078 -13
0.69513 -0.10274 59.27350 0 3.10000 -21.57500 48.75267 0.12308 -13
0.34293 -0.24392 5.81335 0 7.25000 -9.20000 5.51529 0.10920 13
1.35752 -0.20146 40.03782 0 6.10000 -39.65000 24.05208 0.17103 -13
