2.11658 -0.08631 84.29327 0 2.62500 -63.72500 36.11815 0.23591 -13
0.07674 -0.18493 65.51044 0 5.57500 -2.82500 65.32478 0.10271 -13
0.63454 -0.06196 34.26138 0 1.87500 -17.90000 28.94470 0.11943 -13
-0.21247 -0.19725 59.06715 0 5.95000 6.42500 57.82442 0.10484 13
1.41606 -0.05632 4.78499 0 1.52500 -42.50000 2.76287 0.17467 13
-1.13738 -0.13599 33.20372 0 4.07500 36.20000 22.03660 0.15312 13
-0.83444 -0.13699 26.46982 0 4.15000 24.07500 20.40136 0.13189 -13
1.98834 0.08752 14.44015 0 -2.72500 -60.77500 6.50732 0.22438 13
-0.23709 -0.02407 39.28728 0 0.72500 7.17500 38.22815 0.10353 13
-0.40705 -0.10249 79.29708 0 3.07500 12.82500 73.49940 0.10921 13
0.84253 -0.16758 95.03984 0 5.05000 -24.85000 73.09747 0.13276 -13
1.72799 -0.21149 53.06297 0 6.40000 -53.37500 27.01513 0.20220 -13
-1.97511 -0.22617 3.17303 0 7.20000 58.60000 1.46152 0.22488 -13
-1.92672 -0.01570 12.10328 0 0.37500 56.40000 5.57547 0.21864 13
-0.79556 -0.13651 69.91917 0 4.12500 24.55000 54.91106 0.12942 -13
-1.74161 -0.19010 37.61045 0 5.70000 51.52500 18.97945 0.20310 13
0.16216 -1.06883 37.61045 0 5.77500 51.30000 18.97945 0.20272 13
-1.11344 3.29864 37.61045 0 7.07500 50.92500 18.97945 0.20794 13
0.99364 0.54811 37.61045 0 7.52500 50.50000 18.97945 0.21063 13
5.78518 -2.43605 37.61045 0 7.65000 46.85000 18.97945 0.23275 13
1.95210 -1.35228 37.61045 0 8.00000 47.50000 18.97945 0.23612 13
-0.53865 0.02582 75.77370 0 -0.77500 18.05000 66.71631 0.11441 13
-1.46666 -0.08044 84.92391 0 2.42500 43.67500 47.94623 0.17895 -13
-0.87597 -0.04422 16.33266 0 1.37500 26.62500 12.29102 0.13396 -13
0.53907 -0.19625 65.65839 0 5.90000 -17.67500 58.04118 0.11609 13
0.18292 -0.17547 73.33057 0 5.30000 -5.35000 72.16857 0.10389 -13
-0.97742 0.00102 50.55942 0 -0.05000 26.00000 36.15684 0.14082 13
-1.00418 0.10457 75.11662 0 -3.15000 31.32500 53.14914 0.14310 -13
0.38658 -0.22859 94.42579 0 6.90000 -11.45000 88.35949 0.11039 13
-0.40770 -0.20667 15.98509 0 6.27500 11.87500 14.84560 0.11075 -13
0.50083 -0.03736 12.17469 0 1.07500 -14.80000 10.88738 0.11269 13
-0.62970 0.04808 99.99434 0 -1.45000 18.00000 84.64279 0.11911 13
-1.31528 0.00751 6.35153 0 -0.10000 38.32500 3.84407 0.16642 -13
1.49384 0.01126 69.53778 0 -0.35000 -46.65000 38.68430 0.18103 13
-0.33672 0.00309 35.28772 0 -0.10000 9.10000 33.44271 0.10626 13
-1.20080 -0.18944 42.97278 0 5.72500 35.27500 27.78572 0.15853 -13
-0.68052 -0.17960 39.57090 0 5.42500 21.07500 32.87742 0.12316 -13
0.45651 0.12373 69.36602 0 -3.72500 -14.90000 63.18384 0.11140 -13
0.47003 -0.27631 69.36602 0 8.35000 -15.30000 63.18384 0.11471 -13
-0.76951 -0.00415 64.26304 0 0.12500 23.22500 50.92953 0.12707 13
1.49903 -0.00582 37.07005 0 0.20000 -43.05000 20.57218 0.18147 -13
0.35469 0.07269 53.29223 0 -2.20000 -11.50000 50.24115 0.10710 13
-0.13107 -0.00544 74.06371 0 0.17500 4.75000 73.43548 0.10157 -13
0.11974 0.09004 5.19157 0 -2.62500 -4.20000 5.15514 0.10182 -13
1.73386 0.07965 95.66733 0 -2.40000 -53.60000 47.90919 0.20172 -13
-0.24011 -0.20902 26.62310 0 6.27500 5.30000 25.91701 0.10567 13
0.31194 -0.14972 86.08273 0 4.52500 -9.32500 82.25734 0.10656 -13
-1.26706 -0.01255 34.91646 0 0.40000 36.00000 21.63273 0.16256 -13
1.04015 0.12822 97.87781 0 -3.85000 -30.57500 68.12235 0.14587 -13
1.06907 -0.27155 97.87781 0 8.20000 -31.45000 68.12235 0.14994 -13
-0.41934 -0.13249 53.34627 0 4.00000 14.92500 49.25918 0.11002 -13
0.89619 -0.05173 60.54010 0 1.55000 -27.90000 45.11169 0.13532 13
-0.41281 0.13921 60.26274 0 -4.20000 14.05000 55.78055 0.10984 -13
-0.42245 -0.25999 60.26274 0 7.85000 14.32500 55.78055 0.11242 -13
0.83748 0.08235 33.24289 0 -2.50000 -22.92500 25.52194 0.13162 13
0.29544 -0.11428 16.69610 0 3.42500 -9.12500 16.02018 0.10563 13
-0.57720 0.00483 62.52764 0 -0.15000 15.50000 54.15416 0.11627 -13
1.43135 -0.13172 10.31677 0 4.05000 -44.35000 5.94225 0.17642 -13
-1.06918 -0.09364 46.99158 0 2.85000 31.27500 32.17357 0.14773 -13
-1.32513 -0.17723 88.49886 0 5.32500 40.52500 53.83318 0.16812 13
-0.39251 -0.11021 46.61940 0 3.32500 11.45000 43.43109 0.10876 -13
0.31106 0.07265 55.22063 0 -2.20000 -9.05000 52.74068 0.10572 13
-1.97757 -0.07225 7.15224 0 2.02500 59.67500 3.23466 0.22319 13
-0.13396 -0.18994 49.28456 0 5.72500 3.67500 48.86312 0.10338 13
-0.29513 0.01937 91.24448 0 -0.60000 9.47500 87.51414 0.10501 13
1.37515 -0.13429 16.52364 0 4.00000 -43.87500 9.77518 0.17172 13
0.01713 -0.16793 76.28746 0 5.05000 -0.82500 76.27659 0.10212 13
2.11501 -0.00230 84.69954 0 0.05000 -64.90000 36.20365 0.23559 13
-2.14231 -0.03691 93.20728 0 1.10000 64.80000 39.44553 0.23811 13
1.09331 -0.13794 91.55890 0 4.15000 -32.85000 62.11088 0.14985 13
-0.00871 0.10192 48.52880 0 -3.07500 -0.70000 48.52697 0.10123 13
2.03362 -0.01196 80.80564 0 0.35000 -60.32500 35.65870 0.22822 13
1.68495 -0.23630 64.64387 0 7.15000 -50.75000 33.65656 0.19877 -13
0.27924 -0.06307 64.79181 0 1.90000 -8.57500 62.41350 0.10475 -13
1.08005 -0.01749 51.86292 0 0.55000 -33.72500 35.23790 0.14824 -13
-0.40627 -0.14910 20.03827 0 4.47500 10.22500 18.59284 0.10972 13
1.09371 -0.14282 42.95023 0 4.30000 -34.25000 29.14231 0.14991 13
0.16035 -0.01066 79.39760 0 0.32500 -3.52500 78.39614 0.10199 13
0.29037 0.07740 27.22406 0 -2.32500 -8.32500 26.15027 0.10515 -13
-0.93366 0.08664 90.81511 0 -2.60000 27.40000 66.49625 0.13805 -13
0.60409 0.00276 55.10222 0 -0.10000 -16.85000 47.16460 0.11766 13
1.47882 0.05945 87.98748 0 -1.77500 -45.80000 49.34746 0.17988 -13
0.97372 -0.08167 59.97501 0 2.47500 -30.37500 43.03872 0.14080 -13
-0.81695 0.10559 42.93996 0 -3.17500 27.10000 33.32793 0.13046 -13
1.31871 -0.10546 36.78651 0 3.15000 -43.07500 22.30514 0.16699 13
0.90092 -0.06956 37.54603 0 2.12500 -26.47500 27.92533 0.13573 -13
-1.14140 0.00781 62.83401 0 -0.25000 35.30000 41.40611 0.15282 13
-0.90857 0.05779 65.15477 0 -1.72500 27.82500 48.25941 0.13619 -13
1.42482 -0.21417 66.07301 0 6.47500 -43.47500 38.52726 0.17663 -13
-1.05298 0.15731 2.63049 0 -4.47500 33.02500 1.82292 0.14704 -13
-1.06959 -0.24046 2.63049 0 7.55000 33.65000 1.82292 0.14992 -13
1.05020 0.04056 41.80842 0 -1.25000 -31.47500 28.84324 0.14610 13
-0.16516 -0.18986 59.49834 0 5.72500 3.92500 58.73019 0.10384 13
-0.41958 -0.00908 2.42445 0 0.05000 14.55000 2.23565 0.10931 13
0.06187 -0.02778 97.12647 0 0.82500 -1.92500 96.94124 0.10093 13
1.59955 0.11089 5.11867 0 -3.17500 -50.67500 2.72580 0.19019 -13
-0.78030 -0.05455 14.62007 0 1.60000 21.72500 11.53270 0.12785 13
-0.28055 -0.16505 52.10314 0 4.97500 7.32500 50.21485 0.10589 13
0.06440 0.14259 81.78524 0 -4.30000 -4.42500 81.61953 0.10192 -13
0.06582 -0.25645 81.78524 0 7.75000 -4.47500 81.61953 0.10418 -13
1.34536 -0.03386 96.17777 0 1.02500 -40.82500 57.39613 0.16885 -13
0.69554 -0.21105 80.34945 0 6.35000 -19.57500 66.42594 0.12449 13
1.09715 0.14698 43.37240 0 -4.45000 -33.15000 29.38668 0.15024 13
1.11943 -0.25193 43.37240 0 7.57500 -33.80000 29.38668 0.15325 13
0.56931 0.05012 97.37234 0 -1.52500 -16.57500 84.64602 0.11599 13
-0.52991 -0.00835 45.81857 0 0.27500 15.55000 40.48566 0.11397 -13
-1.97060 -0.11242 7.68823 0 3.52500 61.22500 3.49728 0.22291 -13
-0.58222 -0.06986 30.95540 0 2.10000 21.35000 26.76811 0.11674 13
-1.32079 0.07981 95.65594 0 -2.42500 39.77500 57.85751 0.16702 13
0.32230 -0.01319 26.07625 0 0.42500 -11.37500 24.81918 0.10581 -13
0.21279 0.03363 40.42367 0 -1.02500 -6.65000 39.53940 0.10301 13
-1.01888 0.14505 16.48663 0 -4.32500 29.47500 11.60921 0.14449 -13
-1.04029 -0.25388 16.48663 0 7.70000 30.12500 11.60921 0.14761 -13
1.76435 0.10289 78.36076 0 -3.12500 -53.60000 38.79229 0.20450 13
-0.49162 0.04163 17.47623 0 -1.27500 13.60000 15.68610 0.11230 13
1.08535 -0.09300 21.56722 0 2.77500 -30.22500 14.64787 0.14891 13
-0.13264 -0.11597 26.55653 0 3.52500 3.10000 26.32898 0.10226 -13
1.03143 -0.10567 95.89534 0 3.17500 -32.32500 66.94200 0.14507 13
-1.11502 -0.09767 47.73908 0 2.95000 36.80000 31.95774 0.15115 -13
-0.62725 -0.06556 42.67690 0 1.97500 18.92500 36.17545 0.11905 13
-0.71816 -0.14732 98.18410 0 4.45000 22.92500 80.03918 0.12486 13
1.68407 -0.01507 21.44137 0 0.40000 -49.30000 10.94785 0.19725 13
0.36172 0.00680 79.96680 0 -0.20000 -7.72500 75.19865 0.10709 -13
1.86600 0.01904 36.80781 0 -0.60000 -56.00000 17.38888 0.21322 13
0.01400 -0.02276 47.84707 0 0.67500 -1.82500 47.84239 0.10074 13
0.46227 0.13343 39.79804 0 -4.00000 -11.35000 36.18037 0.11174 -13
0.47415 -0.26606 39.79804 0 8.05000 -11.72500 36.18037 0.11464 -13
1.24442 0.11988 17.40857 0 -3.57500 -36.02500 10.95198 0.16119 -13
1.01567 -0.14578 52.18007 0 4.40000 -30.77500 36.80367 0.14429 -13
0.15812 -0.03003 50.28651 0 0.90000 -3.05000 49.66990 0.10200 13
-0.19877 -0.06203 73.91448 0 1.87500 7.85000 72.50153 0.10286 13
-0.06810 -0.09474 25.04002 0 2.87500 3.57500 24.98270 0.10140 -13
-0.54879 0.07689 89.65022 0 -2.30000 14.77500 78.64637 0.11513 -13
-0.01225 -0.15935 15.75533 0 4.85000 3.30000 15.75417 0.10200 -13
0.03969 -0.16380 7.26355 0 5.00000 -0.45000 7.25800 0.10217 -13
0.02388 -0.23572 48.89449 0 7.10000 -1.27500 48.88128 0.10348 13
0.58724 0.10610 96.54612 0 -3.20000 -18.10000 83.37104 0.11728 13
-0.79364 -0.18164 41.58074 0 5.50000 24.22500 32.77284 0.12988 -13
1.26937 0.08163 90.44893 0 -2.47500 -34.57500 56.08689 0.16294 13
-0.44342 -0.05290 54.92405 0 1.57500 15.82500 50.22094 0.11029 13
-1.79820 0.14232 8.47793 0 -4.42500 54.82500 4.15202 0.20784 13
-1.83823 -0.25692 8.47793 0 7.62500 55.92500 4.15202 0.21210 13
1.12770 0.00587 69.87101 0 -0.17500 -35.12500 46.35843 0.15178 -13
1.22850 -0.24706 28.78122 0 7.42500 -35.82500 18.49277 0.16140 13
1.01131 -0.01331 44.50960 0 0.37500 -27.62500 31.29701 0.14323 13
1.35406 0.09525 9.40836 0 -2.77500 -39.90000 5.60459 0.16978 -13
-1.78943 -0.01651 88.46588 0 0.50000 53.82500 43.16106 0.20644 -13
-0.46601 0.01998 19.41260 0 -0.57500 15.80000 17.59644 0.11112 -13
1.65142 -0.15925 58.23878 0 4.82500 -50.12500 30.44256 0.19509 -13
0.21183 -0.15526 83.28505 0 4.67500 -6.57500 81.51832 0.10411 13
0.40636 -0.20882 91.06124 0 6.30000 -16.07500 84.61295 0.11071 13
-0.02496 0.13406 37.38237 0 -4.02500 3.22500 37.37095 0.10163 -13
-0.02559 -0.26537 37.38237 0 8.02500 3.25000 37.37095 0.10423 -13
0.47404 -0.13366 85.59944 0 4.05000 -15.12500 77.47364 0.11226 -13
0.52236 -0.10710 90.22475 0 3.22500 -15.72500 80.06896 0.11412 -13
-0.21706 0.00145 48.27448 0 -0.05000 4.67500 47.17589 0.10305 13
0.35540 -0.15946 1.31473 0 5.25000 -15.17500 1.24059 0.10867 -13
0.54346 0.09316 45.17215 0 -2.80000 -11.37500 39.72851 0.11499 -13
0.62624 -0.00291 87.18496 0 0.10000 -18.87500 73.89172 0.11882 -13
-1.58331 0.12584 57.57075 0 -3.77500 49.30000 30.91547 0.18899 -13
-1.62887 -0.27405 57.57075 0 8.27500 50.67500 30.91547 0.19447 -13
0.01485 0.09606 9.29845 0 -2.95000 -1.17500 9.29743 0.10120 13
0.77759 -0.17124 5.94726 0 5.05000 -21.77500 4.72032 0.12867 13
0.38014 0.07415 15.54406 0 -2.20000 -12.77500 14.53478 0.10798 -13
-1.44719 -0.01364 98.41821 0 0.42500 43.00000 55.95227 0.17715 -13
0.91889 -0.16342 1.47356 0 4.47500 -27.25000 1.09146 0.13780 13
-0.65851 0.03972 80.99332 0 -1.20000 21.12500 67.65978 0.12064 13
-0.34097 -0.05584 70.74816 0 1.70000 7.60000 66.97339 0.10654 -13
0.03318 -0.21812 59.65612 0 6.60000 -1.70000 59.62480 0.10313 -13
0.01770 -0.04119 7.47477 0 1.17500 -0.97500 7.47361 0.10081 13
-0.54774 -0.00829 62.13672 0 0.25000 16.15000 54.49732 0.11482 13
-0.95303 0.09079 84.72429 0 -2.75000 25.32500 61.45163 0.13941 13
1.96776 0.01385 84.95819 0 -0.42500 -57.60000 38.49325 0.22228 13
0.39986 -0.04031 66.44287 0 1.22500 -10.00000 61.70046 0.10853 -13
0.97128 -0.07861 13.20211 0 2.42500 -27.07500 9.48460 0.14063 -13
-1.76669 -0.18056 91.22536 0 5.45000 54.27500 45.48493 0.20525 -13
-0.07971 -0.17801 2.43577 0 5.15000 4.52500 2.42835 0.10258 13
0.41605 -0.19570 61.05589 0 5.90000 -11.87500 56.52543 0.11083 13
0.60059 0.03157 96.35795 0 -0.95000 -21.90000 82.61561 0.11751 -13
-0.16310 -0.21843 40.22477 0 6.60000 5.92500 39.72363 0.10439 -13
-0.50266 -0.12186 25.66723 0 3.70000 18.57500 22.96669 0.11339 -13
-0.76874 -0.03384 27.61792 0 1.00000 25.20000 21.90033 0.12706 13
0.37707 -0.15492 62.54193 0 4.67500 -11.37500 58.60526 0.10874 13
0.61639 0.09973 39.15902 0 -3.02500 -18.70000 33.38043 0.11872 13
-0.04500 0.01096 44.11798 0 -0.35000 2.05000 44.07338 0.10081 13
0.60424 -0.20415 19.05437 0 6.20000 -18.67500 16.39628 0.11947 -13
1.19764 0.10545 93.03937 0 -3.17500 -32.50000 59.82580 0.15747 -13
0.62645 -0.11620 55.37959 0 3.50000 -19.05000 47.01927 0.11940 13
-0.37004 -0.11964 44.68783 0 3.60000 13.22500 41.94596 0.10804 13
-0.52197 0.06609 55.42857 0 -2.00000 15.52500 49.16014 0.11379 13
0.40827 -0.02636 47.55111 0 0.80000 -12.47500 44.02547 0.10881 -13
-0.48156 0.08880 74.66019 0 -2.67500 13.32500 67.31657 0.11212 13
-0.09663 -0.19313 93.75699 0 5.82500 1.60000 93.33778 0.10303 -13
0.84837 -0.04540 42.64615 0 1.35000 -24.90000 32.53407 0.13214 13
-0.59341 -0.15753 68.09066 0 4.75000 17.27500 58.74237 0.11816 13
0.91179 0.03663 92.85767 0 -1.12500 -25.32500 68.63799 0.13633 13
0.62734 -0.04517 72.37712 0 1.37500 -19.10000 61.32869 0.11898 -13
-0.75594 0.04147 79.47873 0 -1.25000 22.90000 63.42151 0.12631 13
-0.51629 -0.08708 79.66072 0 2.62500 15.30000 70.83979 0.11367 13
1.14172 -0.09807 47.18526 0 2.95000 -33.92500 31.17302 0.15316 13
0.78311 -0.01490 98.88140 0 0.45000 -25.85000 77.85417 0.12791 -13
0.12599 -0.13809 44.94496 0 4.17500 -3.65000 44.59892 0.10246 -13
-0.19145 -0.02669 21.66613 0 0.77500 6.65000 21.27991 0.10257 13
-1.10158 -0.01341 37.12336 0 0.37500 34.72500 24.95385 0.14983 13
0.32159 -0.10604 85.92208 0 3.20000 -10.55000 81.83904 0.10632 13
0.17510 -0.18352 85.90570 0 5.52500 -7.32500 84.65937 0.10389 13
-1.84706 -0.04581 48.16614 0 1.35000 56.87500 22.95003 0.21157 13
0.03456 -0.04202 65.99940 0 1.25000 -2.45000 65.96009 0.10085 13
0.10112 -0.22137 43.93685 0 6.70000 -4.35000 43.72431 0.10365 -13
0.15592 -0.03281 59.89063 0 0.97500 -3.82500 59.17646 0.10197 13
-0.36104 -0.14386 99.52321 0 4.32500 12.10000 93.71883 0.10804 13
0.10789 -0.22076 62.15983 0 6.65000 -1.02500 61.81784 0.10369 13
0.00381 0.08132 11.72003 0 -2.40000 0.52500 11.71995 0.10103 -13
-0.29461 0.12845 9.31837 0 -3.92500 10.67500 8.94436 0.10581 13
-0.30282 -0.27143 9.31837 0 8.12500 10.92500 8.94436 0.10866 13
-0.17410 -0.16868 1.69972 0 5.40000 4.67500 1.67516 0.10400 -13
0.61618 0.13713 38.14520 0 -4.15000 -16.37500 32.55821 0.11910 13
0.63113 -0.26221 38.14520 0 7.90000 -16.82500 32.55821 0.12196 13
1.17596 0.04987 20.43863 0 -1.47500 -36.47500 13.24959 0.15554 -13
-1.58827 0.08781 94.25778 0 -2.65000 48.75000 50.36009 0.18922 13
-0.89231 0.02963 77.31526 0 -0.87500 26.77500 57.69938 0.13500 -13
0.29548 -0.23914 98.83383 0 7.20000 -8.90000 94.98930 0.10773 13
0.65597 0.13487 31.19582 0 -4.05000 -20.17500 26.15494 0.12119 -13
0.67239 -0.26454 31.19582 0 8.00000 -20.67500 26.15494 0.12426 -13
-1.04738 -0.04014 37.95550 0 1.20000 30.95000 26.22159 0.14588 13
1.01401 0.11473 69.08291 0 -3.47500 -30.10000 48.66830 0.14390 13
-0.04358 -0.17573 50.53353 0 5.30000 -1.37500 50.48699 0.10235 -13
-0.37828 -0.04394 90.85161 0 1.32500 12.15000 84.98539 0.10775 13
-0.65280 -0.13074 59.47431 0 3.95000 20.42500 49.92780 0.12098 -13
1.32245 -0.04529 90.16443 0 1.37500 -39.50000 54.41783 0.16703 -13
-0.51512 -0.14557 52.07862 0 4.40000 15.25000 46.39816 0.11423 -13
-0.48098 -0.21059 2.18852 0 6.60000 14.07500 1.98017 0.11407 -13
-0.00580 -0.07291 4.67300 0 2.10000 -1.40000 4.67292 0.10097 13
1.65413 -0.22609 50.19221 0 6.85000 -50.10000 26.44200 0.19601 -13
-0.07916 -0.07182 69.08938 0 2.15000 0.60000 68.87497 0.10127 13
-1.83949 0.10613 47.62930 0 -3.22500 58.72500 22.84737 0.21114 13
-0.86433 -0.13113 37.61571 0 3.97500 28.07500 28.56243 0.13376 -13
-0.33935 0.02917 34.22505 0 -0.90000 13.05000 32.41104 0.10639 13
-1.05617 0.03215 96.22813 0 -0.97500 32.57500 66.17857 0.14651 13
0.35448 0.13363 3.23917 0 -3.87500 -10.97500 3.05589 0.10767 -13
0.36344 -0.26551 3.23917 0 8.17500 -11.27500 3.05589 0.11066 -13
-0.79684 0.13307 94.55274 0 -4.00000 23.95000 74.19783 0.12946 -13
-0.81743 -0.26645 94.55274 0 8.05000 24.55000 74.19783 0.13282 -13
0.07985 -0.20315 46.30373 0 6.15000 1.07500 46.16260 0.10308 -13
-1.19729 -0.24519 14.83087 0 7.45000 36.95000 9.66977 0.15909 -13
-0.40483 -0.22670 14.61023 0 6.87500 14.47500 13.58918 0.11105 -13
1.78170 0.07286 24.60768 0 -2.22500 -52.32500 12.06864 0.20591 13
0.33640 0.05712 63.53384 0 -1.72500 -10.82500 60.22779 0.10640 -13
0.34129 -0.14254 35.20898 0 4.27500 -10.47500 33.35633 0.10736 13
0.81509 -0.20261 34.62355 0 6.10000 -25.05000 27.05171 0.13149 13
0.01618 0.12575 57.75971 0 -3.77500 -0.45000 57.75226 0.10151 -13
0.01664 -0.27416 57.75971 0 8.27500 -0.47500 57.75226 0.10444 -13
1.28534 -0.02136 77.97578 0 0.62500 -38.25000 47.88797 0.16401 13
1.30760 -0.23741 43.89381 0 7.17500 -42.27500 27.12492 0.16750 -13
-1.49076 -0.22818 22.53973 0 6.92500 46.85000 12.77641 0.18228 -13
0.18216 -0.13469 28.34579 0 4.05000 -6.15000 27.89480 0.10325 13
-1.18282 -0.05559 87.04571 0 1.67500 37.07500 56.24963 0.15608 -13
-0.94844 -0.14033 73.24153 0 4.25000 27.42500 53.38584 0.13951 -13
1.44011 -0.05001 96.55061 0 1.50000 -44.15000 55.11541 0.17663 13
-0.75173 -0.12114 77.48530 0 3.65000 22.87500 62.09924 0.12658 -13
0.26833 -0.13798 88.46404 0 4.15000 -9.55000 85.49516 0.10518 13
-0.38116 -0.17527 54.36791 0 5.27500 10.17500 50.89921 0.10920 13
-0.59690 -0.21001 32.72030 0 6.35000 17.20000 28.25318 0.11919 -13
1.34649 -0.22906 85.67121 0 6.90000 -42.20000 51.92079 0.17045 13
-0.28207 -0.07686 3.93423 0 2.45000 11.90000 3.78727 0.10499 -13
0.66549 -0.04806 49.62044 0 1.45000 -18.52500 41.32377 0.12106 -13
-0.48788 0.08827 70.91169 0 -2.67500 15.17500 63.77851 0.11240 13
0.49273 -0.07381 84.99806 0 2.22500 -17.25000 76.28554 0.11251 -13
0.70584 -0.01062 45.65954 0 0.32500 -21.60000 37.30372 0.12326 -13
-0.85694 0.13256 95.03030 0 -4.00000 25.52500 72.42469 0.13329 -13
-0.87927 -0.26700 95.03030 0 8.05000 26.20000 72.42469 0.13677 -13
-0.39937 -0.02170 93.38050 0 0.65000 11.55000 86.72326 0.10846 -13
-0.65689 -0.03265 25.55316 0 0.97500 21.40000 21.36085 0.12053 13
-0.21319 0.00556 95.80743 0 -0.17500 5.10000 93.70184 0.10297 -13
-0.23041 0.12449 47.72255 0 -3.75000 6.55000 46.52193 0.10410 -13
-0.23716 -0.27551 47.72255 0 8.32500 6.75000 46.52193 0.10717 -13
-0.96352 0.00841 50.80036 0 -0.25000 28.77500 36.58283 0.13984 -13
-0.63243 -0.12949 27.82552 0 3.92500 20.12500 23.57295 0.11987 -13
-2.00157 0.10829 2.58622 0 -2.87500 59.07500 1.16197 0.22534 -13
-1.42433 -0.01890 76.44309 0 0.57500 39.90000 43.93011 0.17527 -13
0.95866 0.07598 90.74564 0 -2.30000 -29.20000 65.59750 0.13971 13
1.60397 0.13899 54.76533 0 -4.17500 -50.60000 29.17319 0.19084 -13
1.64167 -0.26021 54.76533 0 7.87500 -51.75000 29.17319 0.19536 -13
2.04552 -0.05573 25.85800 0 1.65000 -61.17500 11.37127 0.22934 13
-1.16968 -0.01380 81.79861 0 0.42500 38.87500 53.15729 0.15498 -13
-0.51017 -0.06975 55.65790 0 2.10000 15.12500 49.60376 0.11326 13
1.03562 -0.14484 74.07915 0 4.37500 -29.45000 51.73203 0.14572 -13
1.20213 0.12882 41.50554 0 -3.90000 -34.95000 26.67253 0.15801 13
1.23529 -0.27097 41.50554 0 8.15000 -35.95000 26.67253 0.16233 13
-0.38684 -1.07801 41.50554 0 5.62500 -35.60000 26.67253 0.17468 13
0.17393 1.60416 41.50554 0 6.25000 -35.37500 26.67253 0.17771 13
-1.50655 -0.24081 45.99905 0 7.27500 45.20000 25.93703 0.18373 -13
2.05324 -0.12377 67.56254 0 3.75000 -61.82500 29.76502 0.23034 -13
-1.29708 -0.06955 19.67582 0 2.12500 39.97500 12.03207 0.16510 -13
0.21862 0.00129 88.75095 0 -0.02500 -10.37500 86.70305 0.10308 -13
-0.44008 -0.07856 39.02162 0 2.35000 17.67500 35.73365 0.11031 13
-0.13537 0.09131 30.62229 0 -2.75000 3.90000 30.34777 0.10203 -13
-0.18789 0.09529 12.28006 0 -2.82500 6.42500 12.07070 0.10291 -13
-0.88807 -0.02087 11.11668 0 0.57500 27.30000 8.31305 0.13469 13
-0.96950 -0.21961 64.74257 0 6.62500 29.85000 47.01037 0.14198 13
1.75954 -0.02589 85.72908 0 0.77500 -52.75000 42.36970 0.20382 13
-0.56059 0.07704 53.38532 0 -2.32500 15.72500 46.60018 0.11570 -13
-0.86416 -0.06588 51.70109 0 2.00000 25.97500 39.15474 0.13326 -13
-2.14440 -0.02497 57.43551 0 0.72500 65.00000 24.28070 0.23792 13
-0.56809 0.11928 78.94901 0 -3.60000 17.37500 68.76309 0.11644 13
-0.58594 -0.28105 78.94901 0 8.47500 17.90000 68.76309 0.12009 13
-0.28655 -0.18115 90.29198 0 5.45000 8.22500 86.90342 0.10633 13
-0.12005 0.12089 72.43588 0 -3.65000 2.97500 71.92683 0.10216 13
-0.12374 -0.27934 72.43588 0 8.42500 3.10000 71.92683 0.10529 13
0.09631 0.05007 97.37043 0 -1.50000 -3.22500 96.92304 0.10129 -13
-0.38931 -0.15280 30.87390 0 4.62500 11.80000 28.81385 0.10917 -13
-0.74160 0.05800 64.32204 0 -1.75000 23.32500 51.69540 0.12551 -13
0.69333 -0.04058 9.13862 0 1.15000 -22.05000 7.51215 0.12260 13
-0.13641 0.06396 45.12149 0 -1.92500 3.65000 44.70913 0.10184 -13
0.73738 0.06912 12.66576 0 -2.12500 -22.95000 10.20278 0.12533 13
-1.99804 -0.20233 10.58019 0 6.20000 62.15000 4.81179 0.22609 -13
-1.83726 0.10663 42.96928 0 -3.20000 55.67500 20.63247 0.21090 -13
1.76915 -0.24088 4.89871 0 7.05000 -53.92500 2.46229 0.20578 13
0.07042 -0.15491 28.90718 0 4.65000 -1.87500 28.83750 0.10214 13
-0.52217 -0.02158 87.83158 0 0.65000 16.62500 77.86039 0.11362 -13
-1.25287 -0.22579 77.36310 0 6.80000 39.10000 48.99191 0.16302 13
0.30818 -0.14748 94.89550 0 4.45000 -10.75000 90.77040 0.10642 13
0.39349 -0.10138 8.30531 0 3.12500 -11.42500 7.73353 0.10873 -13
0.25284 0.00728 62.20911 0 -0.20000 -7.32500 60.31129 0.10387 -13
0.97797 0.07733 8.00180 0 -2.42500 -28.92500 5.72912 0.14111 13
1.61218 0.03312 97.30942 0 -1.00000 -50.77500 51.31254 0.19108 -13
0.57394 -0.04518 74.51127 0 1.35000 -16.70000 64.63985 0.11620 13
1.09773 -0.17383 77.24368 0 5.25000 -34.67500 52.44097 0.15056 -13
0.76367 -0.12890 35.38092 0 3.87500 -23.42500 28.20392 0.12736 13
0.33634 -0.19773 83.22253 0 5.97500 -8.00000 79.03145 0.10810 -13
1.57903 -0.15804 47.36618 0 4.80000 -46.70000 25.56552 0.18890 -13
0.66424 -0.15667 20.78953 0 4.75000 -20.27500 17.38103 0.12194 -13
-0.62121 0.09275 77.91823 0 -2.80000 19.80000 66.26595 0.11892 13
0.02272 0.03473 18.14094 0 -1.02500 -1.95000 18.13627 0.10079 -13
0.53040 0.07460 25.55386 0 -2.27500 -13.92500 22.58874 0.11424 13
1.44279 -0.14296 42.57835 0 4.30000 -43.32500 24.42030 0.17735 13
1.62584 0.13705 40.91590 0 -4.10000 -49.77500 21.58056 0.19269 -13
1.66523 -0.26219 40.91590 0 7.92500 -50.97500 21.58056 0.19742 -13
-1.22074 0.08369 98.99984 0 -2.52500 34.87500 62.86595 0.15914 13
-1.63212 -0.22022 85.03128 0 6.65000 48.45000 45.18967 0.19404 -13
1.51842 0.14642 36.01445 0 -4.40000 -43.55000 19.95466 0.18367 -13
1.54959 -0.25245 36.01445 0 7.65000 -44.52500 19.95466 0.18750 -13
0.93736 0.06414 70.87309 0 -1.92500 -30.15000 51.75779 0.13818 -13
-0.11610 -0.04139 51.93407 0 1.25000 4.22500 51.58812 0.10147 -13
1.07504 -0.00051 73.22512 0 -0.00000 -30.00000 49.87296 0.14785 13
1.01173 -0.22754 45.31493 0 6.87500 -31.70000 32.25961 0.14509 -13
-0.51555 0.09799 43.40982 0 -2.95000 13.65000 38.62228 0.11373 -13
0.48110 -0.04650 95.45930 0 1.40000 -14.72500 86.03967 0.11185 -13
1.71690 -0.10648 20.11151 0 3.25000 -52.92500 10.16509 0.20040 -13
0.26133 0.04044 33.07258 0 -1.20000 -9.67500 31.99976 0.10416 -13
-1.13548 0.03553 84.63906 0 -1.07500 35.30000 55.95931 0.15241 13
-0.48712 -0.18151 47.64347 0 5.47500 15.30000 42.96293 0.11349 13
1.29277 -0.18521 13.08961 0 5.65000 -36.17500 8.09322 0.16571 -13
0.77538 -0.12057 45.86193 0 3.65000 -23.42500 36.34147 0.12801 -13
0.88061 0.00907 10.80868 0 -0.22500 -25.72500 8.11169 0.13420 -13
-0.89862 0.07627 21.12571 0 -2.27500 26.95000 15.73388 0.13559 -13
0.03335 0.12813 5.83216 0 -3.77500 0.92500 5.82897 0.10156 -13
0.03421 -0.27148 5.83216 0 8.27500 0.90000 5.82897 0.10450 -13
-1.05946 0.14619 61.43700 0 -4.42500 32.82500 42.40703 0.14745 13
-1.08131 -0.25276 61.43700 0 7.60000 33.47500 42.40703 0.15047 13
-1.31160 -0.10286 43.96925 0 3.12500 38.85000 26.74759 0.16642 -13
0.56793 0.00872 11.09474 0 -0.32500 -18.72500 9.64755 0.11582 13
0.20830 -0.14414 85.72708 0 4.35000 -7.50000 83.96130 0.10389 -13
-0.07673 0.06084 66.10732 0 -1.85000 2.10000 65.91430 0.10119 13
-1.59080 -0.08657 86.62857 0 2.60000 46.02500 46.22676 0.18942 13
1.04674 -0.24047 69.10536 0 7.25000 -33.60000 48.43358 0.14777 13
-0.47642 -0.06624 67.82811 0 2.00000 15.82500 61.25928 0.11175 -13
0.63295 0.14480 63.93746 0 -4.37500 -22.95000 54.18428 0.12008 13
0.64632 -0.25417 63.93746 0 7.65000 -23.37500 54.18428 0.12260 13
-1.61044 -0.15561 99.81768 0 4.70000 48.30000 53.11085 0.19155 -13
1.17021 -0.23988 11.05215 0 7.30000 -36.02500 7.29564 0.15698 -13
-1.39027 -0.18326 85.80634 0 5.52500 43.27500 50.64977 0.17346 -13
-0.92819 -0.20977 23.06368 0 6.35000 27.25000 17.07138 0.13904 -13
-0.08690 -0.14719 41.10110 0 4.42500 3.37500 40.95001 0.10216 13
-0.65650 -0.23101 60.28768 0 6.95000 21.57500 50.78681 0.12268 13
-0.09138 -0.24149 45.88993 0 7.27500 1.27500 45.70993 0.10400 13
-0.09900 0.01531 39.76592 0 -0.47500 3.97500 39.57251 0.10121 13
-0.87312 0.10920 6.85719 0 -3.20000 25.67500 5.17861 0.13411 -13
1.30264 -0.01075 3.63658 0 0.10000 -39.32500 2.21486 0.16541 13
1.98859 0.06659 51.59254 0 -2.00000 -58.15000 23.21924 0.22424 -13
0.30799 0.14707 27.73985 0 -4.45000 -7.87500 26.53487 0.10641 13
0.31422 -0.25182 27.73985 0 7.57500 -8.05000 26.53487 0.10854 13
-0.55254 -0.21069 44.65504 0 6.37500 14.10000 39.28126 0.11700 -13
0.96472 -0.20270 50.08876 0 6.10000 -28.42500 36.39571 0.14140 13
-0.62469 -0.23456 20.74326 0 7.05000 18.32500 17.72290 0.12103 13
1.25575 -0.15442 87.02016 0 4.65000 -38.00000 54.59914 0.16239 13
-1.03439 0.01010 20.71977 0 -0.35000 32.60000 14.40182 0.14489 13
0.47108 -0.02710 19.68529 0 0.80000 -14.65000 17.80932 0.11135 13
-1.10865 0.09907 61.62078 0 -3.00000 32.45000 41.38368 0.15069 13
-0.39125 -0.06518 33.69979 0 1.95000 11.27500 31.39224 0.10833 13
1.85027 0.13902 36.39919 0 -4.17500 -56.17500 17.43473 0.21224 -13
1.89370 -0.26012 36.39919 0 7.87500 -57.50000 17.43473 0.21729 -13
0.69850 -0.13488 53.93013 0 4.05000 -21.57500 44.34264 0.12358 13
0.96888 0.07239 42.79543 0 -2.20000 -28.55000 30.77401 0.14041 13
-0.73940 0.01434 41.26122 0 -0.45000 22.62500 33.17835 0.12525 13
-0.40829 0.09573 25.26620 0 -2.87500 13.22500 23.40674 0.10919 -13
-1.50652 -0.18101 89.27156 0 5.45000 46.00000 49.92330 0.18299 13
-1.43689 -0.01247 69.19563 0 0.40000 43.07500 39.52856 0.17630 -13
1.40249 0.01496 6.60502 0 -0.57500 -42.85000 3.83475 0.17350 13
0.21093 -0.21430 86.20589 0 6.47500 -9.15000 84.42877 0.10516 -13
0.57332 -0.07102 36.28329 0 2.12500 -17.00000 31.49681 0.11629 13
-1.24252 -0.14787 82.35358 0 4.47500 38.62500 51.97252 0.16131 -13
0.91907 -0.24306 28.84409 0 7.30000 -28.60000 21.51303 0.13893 13
1.38536 -0.16016 70.86241 0 4.85000 -43.92500 41.81948 0.17283 -13
-0.20229 -0.10671 7.57787 0 3.15000 6.07500 7.42883 0.10330 13
1.31653 -0.19047 85.75271 0 5.72500 -41.62500 52.45601 0.16757 13
0.33932 0.11826 58.58766 0 -3.57500 -13.15000 55.52026 0.10701 13
0.35013 -0.28215 58.58766 0 8.50000 -13.47500 55.52026 0.11029 13
-0.22612 -0.20350 81.13656 0 6.12500 6.37500 79.21526 0.10525 13
1.59267 -0.16761 64.74375 0 5.05000 -45.70000 34.76996 0.19011 13
-0.15918 -0.22952 42.39036 0 6.92500 4.65000 41.88981 0.10455 13
1.97562 0.00607 2.51541 0 -0.60000 -55.55000 1.13584 0.22327 13
1.11895 0.02851 67.42664 0 -0.85000 -34.70000 44.94057 0.15115 -13
0.48666 -0.17279 95.04169 0 5.22500 -14.17500 85.69737 0.11334 -13
-1.99559 0.02453 41.63112 0 -0.77500 59.65000 18.65579 0.22481 13
-1.13013 -0.05976 22.89463 0 1.82500 33.15000 15.18695 0.15209 -13
0.63695 -0.01829 44.76128 0 0.57500 -19.00000 37.75537 0.11941 -13
-0.18813 -0.07974 37.64030 0 2.42500 5.17500 36.99542 0.10279 -13
0.00988 -0.20456 85.47416 0 6.17500 2.20000 85.47015 0.10280 -13
0.70793 -0.17574 78.87706 0 5.30000 -20.22500 64.70225 0.12464 13
-0.21307 -0.00121 32.59392 0 0.02500 7.55000 31.87834 0.10296 13
0.63931 -0.10078 40.97209 0 3.05000 -19.97500 34.57077 0.11996 -13
-1.00060 0.14441 23.08314 0 -4.32500 29.85000 16.40136 0.14318 -13
-1.02182 -0.25457 23.08314 0 7.70000 30.50000 16.40136 0.14629 -13
0.38428 -0.14980 20.74807 0 4.55000 -11.65000 19.39490 0.10895 -13
0.78015 -0.19652 86.74170 0 5.92500 -21.82500 68.87714 0.12925 -13
-1.00230 -0.13979 54.41041 0 4.20000 28.75000 38.61500 0.14327 13
-0.90843 -0.14038 41.07109 0 4.25000 26.17500 30.53387 0.13679 -13
0.89402 -0.11544 68.08304 0 3.47500 -26.52500 50.90547 0.13557 13
-1.23934 0.11019 15.35592 0 -3.27500 38.17500 9.67828 0.16072 -13
0.21834 -0.18199 57.15569 0 5.50000 -5.30000 55.88087 0.10470 -13
0.79363 0.09081 47.80298 0 -2.72500 -21.60000 37.50355 0.12888 -13
0.24925 -0.02354 24.91331 0 0.72500 -7.65000 24.17405 0.10382 -13
1.41400 0.07535 84.59447 0 -2.27500 -43.10000 48.93680 0.17457 -13
0.03017 -0.23434 95.93144 0 7.07500 0.45000 95.89006 0.10347 13
-0.64549 0.11397 19.95250 0 -3.40000 19.70000 16.79517 0.12040 -13
-0.37938 0.05641 70.73789 0 -1.70000 13.30000 66.15204 0.10785 -13
0.52340 -0.10863 46.67890 0 3.30000 -15.75000 41.40874 0.11419 -13
1.62718 0.01388 41.73579 0 -0.45000 -50.15000 21.85390 0.19234 13
-0.29919 0.00481 50.66714 0 -0.12500 10.00000 48.54121 0.10511 -13
0.40965 -0.06733 13.18179 0 2.00000 -13.97500 12.20206 0.10903 13
0.03808 -0.13772 72.18901 0 4.15000 -1.05000 72.13769 0.10172 13
-1.65574 -0.21657 59.79353 0 6.55000 53.22500 31.43317 0.19602 -13
1.27081 -0.22661 54.85608 0 6.85000 -36.95000 34.44630 0.16445 -13
0.79604 0.03228 24.92071 0 -0.95000 -24.00000 19.50113 0.12876 -13
-0.08388 -0.02413 95.28772 0 0.72500 3.67500 94.95445 0.10109 -13
0.02362 0.04266 87.47097 0 -1.30000 -2.60000 87.44663 0.10082 13
1.13310 -0.07961 96.55264 0 2.40000 -32.52500 64.00185 0.15240 13
0.12057 0.06034 97.25625 0 -1.82500 -5.62500 96.55945 0.10161 -13
-0.37816 0.00330 86.93350 0 -0.10000 10.82500 81.31358 0.10766 -13
0.32690 -0.14260 93.23681 0 4.30000 -8.65000 88.70724 0.10691 13
0.11931 0.03857 83.68133 0 -1.17500 -4.50000 83.09295 0.10149 13
1.10138 -0.08345 44.57891 0 2.50000 -33.67500 30.02281 0.15003 13
-1.24125 -0.17374 88.23992 0 5.22500 35.12500 55.85825 0.16146 13
0.25153 -0.07304 15.90382 0 2.17500 -6.65000 15.42597 0.10409 13
0.17059 0.02001 86.20325 0 -0.60000 -5.67500 84.97625 0.10218 13
-1.53052 -0.16195 64.76333 0 4.90000 47.65000 35.74383 0.18485 -13
-0.39548 0.78192 64.76333 0 3.07500 48.02500 35.74383 0.19306 -13
1.24444 0.50076 64.76333 0 3.02500 48.90000 35.74383 0.20392 -13
-0.99363 -0.01546 90.49554 0 0.45000 28.77500 64.19802 0.14197 13
1.02698 -0.14547 22.66573 0 4.35000 -28.40000 15.89684 0.14507 13
-0.37232 -0.12610 39.75817 0 3.82500 10.92500 37.29482 0.10821 -13
-0.78076 0.03672 74.56090 0 -1.10000 25.67500 58.78457 0.12781 -13
1.33715 0.09161 66.26657 0 -2.75000 -39.95000 39.79368 0.16839 -13
-0.39730 0.10119 55.53126 0 -3.05000 11.92500 51.64289 0.10884 -13
0.48205 0.07142 7.33504 0 -2.07500 -13.37500 6.61031 0.11202 -13
-0.58141 0.12882 89.94092 0 -3.90000 18.70000 77.91477 0.11720 13
-0.59743 -0.27095 89.94092 0 8.17500 19.17500 77.91477 0.12043 13
-0.13448 0.00048 79.31096 0 -0.00000 5.42500 78.60341 0.10161 -13
0.14537 -0.11951 32.77240 0 3.60000 -4.22500 32.43627 0.10247 13
-0.96811 0.07611 80.66645 0 -2.30000 26.52500 58.03759 0.14038 13
0.83017 0.01379 57.03062 0 -0.40000 -23.87500 43.88200 0.13089 -13
0.48852 -0.03194 52.56421 0 0.97500 -15.07500 47.23449 0.11213 -13
-1.90184 -0.07797 53.04739 0 2.37500 56.95000 24.74702 0.21653 -13
1.09164 -0.16331 89.79294 0 4.92500 -33.85000 61.08587 0.14998 13
-0.38629 0.03690 42.24714 0 -1.10000 11.75000 39.41243 0.10802 -13
1.34208 0.08112 32.59584 0 -2.42500 -41.32500 19.51662 0.16873 -13
1.33260 0.07267 79.37896 0 -2.17500 -42.10000 47.72449 0.16794 -13
0.53031 -0.10302 95.36741 0 3.10000 -15.87500 84.35093 0.11446 13
0.52579 0.09002 99.50777 0 -2.72500 -14.40000 88.15214 0.11413 13
1.34555 0.09322 65.45919 0 -2.82500 -40.32500 39.15554 0.16908 13
1.21766 -0.00199 46.45058 0 0.05000 -38.72500 29.47971 0.15868 13
-1.36368 -0.03764 92.67634 0 1.15000 42.47500 54.83022 0.17034 -13
-0.72831 0.04134 18.04744 0 -1.22500 23.20000 14.59264 0.12465 -13
-1.97180 -0.08711 4.55880 0 2.87500 59.57500 2.06769 0.22309 -13
-0.29762 0.13850 73.00674 0 -4.17500 7.25000 70.02716 0.10599 13
-0.30466 -0.26076 73.00674 0 7.85000 7.45000 70.02716 0.10849 13
0.57264 0.14362 51.36624 0 -4.35000 -15.37500 44.68718 0.11695 13
0.58502 -0.25540 51.36624 0 7.70000 -15.75000 44.68718 0.11946 13
0.32922 -0.16204 96.89862 0 4.90000 -7.47500 92.15445 0.10727 -13
0.88547 0.12203 6.24485 0 -3.80000 -27.25000 4.69064 0.13515 13
0.91234 -0.27840 6.24485 0 8.27500 -28.02500 4.69064 0.13905 13
0.80361 -0.08767 95.77691 0 2.65000 -24.47500 74.76938 0.12949 13
-1.97271 0.02242 20.87561 0 -0.62500 57.80000 9.44086 0.22272 -13
-1.59507 -0.02933 6.86264 0 0.75000 48.05000 3.64627 0.18962 13
-1.39787 0.09818 34.90622 0 -2.92500 42.80000 20.37371 0.17335 -13
0.16376 -0.04312 54.03500 0 1.30000 -3.57500 53.32594 0.10213 13
-0.53888 -0.16182 93.05823 0 4.87500 16.70000 82.15716 0.11555 13
0.40081 -0.22950 12.26130 0 6.87500 -10.47500 11.42088 0.11089 13
-1.74436 -0.11905 71.18972 0 3.57500 53.72500 35.59402 0.20282 13
