0.13639 0.08033 75.71536 0 -2.42500 -3.40000 75.02518 0.10196 -13
-0.00527 -0.20272 41.61544 0 6.12500 1.40000 41.61489 0.10276 -13
0.78747 0.13313 41.15263 0 -4.00000 -24.25000 32.43986 0.12887 -13
0.80780 -0.26636 41.15263 0 8.05000 -24.87500 32.43986 0.13222 -13
2.02723 0.00506 88.02077 0 -0.15000 -59.65000 38.94014 0.22763 -13
-1.48011 0.14519 31.26120 0 -4.35000 45.05000 17.62611 0.18045 -13
-1.51120 -0.25372 31.26120 0 7.67500 46.00000 17.62611 0.18430 -13
-1.58135 0.07078 86.91118 0 -2.15000 46.90000 46.53541 0.18855 13
-1.53978 0.05301 40.12492 0 -1.62500 44.80000 21.87584 0.18498 13
0.63668 -0.14990 90.24652 0 4.52500 -18.60000 76.36882 0.12034 -13
1.28044 0.04053 4.30331 0 -1.40000 -39.30000 2.65042 0.16373 13
0.48966 -0.07593 97.09089 0 2.30000 -13.97500 87.24662 0.11239 -13
-1.64856 -0.20451 22.15132 0 6.12500 52.02500 11.66105 0.19520 13
0.68286 0.11561 73.38361 0 -3.47500 -18.50000 60.72958 0.12249 -13
-1.48130 0.13119 31.29399 0 -3.97500 43.70000 17.61155 0.18050 13
-1.52068 -0.26852 31.29399 0 8.07500 44.87500 17.61155 0.18523 13
-1.94920 0.12317 46.22550 0 -3.75000 58.60000 21.22679 0.22098 13
-2.00733 -0.27691 46.22550 0 8.32500 60.32500 21.22679 0.22751 13
-1.04401 -0.22336 88.42969 0 6.72500 30.30000 61.94172 0.14730 13
-1.04477 0.09313 10.06099 0 -2.87500 33.92500 6.97187 0.14599 13
0.12368 0.14682 86.40700 0 -4.42500 -1.10000 85.76724 0.10254 -13
0.12619 -0.25205 86.40700 0 7.60000 -1.20000 85.76724 0.10464 -13
0.72789 -0.09514 41.91680 0 2.87500 -23.35000 33.94245 0.12493 -13
0.18751 -0.04444 75.74015 0 1.35000 -6.40000 74.44530 0.10255 -13
0.03678 -0.07751 31.61393 0 2.35000 0.10000 31.59268 0.10107 -13
-0.01241 0.00481 94.55507 0 -0.15000 -1.85000 94.54780 0.10071 13
1.15138 0.06515 93.74911 0 -1.97500 -35.75000 61.54859 0.15372 13
0.02131 -0.18502 89.77930 0 5.57500 -0.35000 89.75960 0.10243 13
-0.44868 -0.03653 56.23954 0 1.10000 13.05000 51.32245 0.11042 -13
1.56547 0.05919 74.90916 0 -1.80000 -46.57500 40.37639 0.18716 13
-0.25971 -0.19953 73.29068 0 6.02500 5.62500 71.02338 0.10597 -13
-0.65882 0.09758 50.60019 0 -2.92500 20.92500 42.31487 0.12099 -13
0.18978 -0.09984 99.23353 0 3.00000 -5.17500 97.51018 0.10299 13
0.32059 0.06386 78.75339 0 -1.92500 -9.80000 75.00813 0.10595 13
-1.40996 0.07763 57.51376 0 -2.32500 42.87500 33.33886 0.17425 -13
0.60628 0.06231 10.30345 0 -1.92500 -20.12500 8.81498 0.11796 13
0.08725 0.02572 85.72281 0 -0.77500 -0.62500 85.39860 0.10112 -13
0.10966 0.07392 93.84500 0 -2.22500 -3.45000 93.28862 0.10158 13
0.48269 -0.08185 68.68033 0 2.47500 -13.67500 61.89087 0.11214 -13
-0.68789 -0.04909 89.68331 0 1.47500 23.05000 73.91744 0.12233 -13
0.68516 0.13105 93.47002 0 -3.95000 -20.02500 77.31578 0.12279 13
0.70343 -0.26860 93.47002 0 8.10000 -20.57500 77.31578 0.12605 13
-0.28047 -0.09491 36.48145 0 2.85000 9.67500 35.13728 0.10502 13
-0.50473 0.14222 89.07367 0 -4.30000 17.05000 79.67952 0.11371 13
-0.51592 -0.25687 89.07367 0 7.75000 17.37500 79.67952 0.11623 13
0.07927 -0.21215 72.31631 0 6.40000 -5.77500 72.09983 0.10325 13
-0.85690 0.10078 55.83461 0 -3.05000 23.32500 42.48851 0.13301 13
-0.08446 -0.03024 74.81977 0 0.90000 2.50000 74.55455 0.10111 13
0.42532 -0.20581 24.48776 0 6.17500 -10.12500 22.60476 0.11136 13
1.42237 -0.23433 29.76900 0 7.05000 -41.35000 17.42687 0.17665 13
0.10239 0.12883 67.59307 0 -3.90000 -3.05000 67.24717 0.10206 13
0.10520 -0.27094 67.59307 0 8.17500 -3.15000 67.24717 0.10486 13
0.10210 0.00452 76.94003 0 -0.15000 -1.55000 76.54216 0.10123 13
-0.36044 0.05635 42.69540 0 -1.70000 10.02500 40.17313 0.10719 -13
-1.61704 -0.14286 85.20791 0 4.30000 47.47500 45.14463 0.19199 13
-0.06175 -0.05214 60.18934 0 1.57500 -0.30000 60.07521 0.10103 13
0.36216 0.01150 15.97044 0 -0.32500 -11.05000 15.01599 0.10711 -13
0.24893 0.12809 83.55860 0 -3.85000 -7.65000 81.12238 0.10457 -13
0.25585 -0.27172 83.55860 0 8.20000 -7.87500 81.12238 0.10749 -13
-0.57429 -0.00885 94.24033 0 0.27500 15.10000 81.72334 0.11613 -13
-1.25031 -0.01410 45.79965 0 0.40000 37.35000 28.60825 0.16123 13
1.27033 0.00034 64.53137 0 -0.02500 -38.97500 39.91542 0.16279 13
1.27033 0.00034 64.53137 0 -0.02500 -39.00000 39.91542 0.16281 13
-1.43569 0.11998 48.31250 0 -3.62500 44.40000 27.74576 0.17662 13
-1.48041 -0.28031 48.31250 0 8.45000 45.72500 27.74576 0.18209 13
0.53089 -0.00299 97.58366 0 0.07500 -18.10000 86.19063 0.11402 13
0.53816 -0.20118 9.64094 0 6.12500 -19.55000 8.52690 0.11619 -13
-0.62307 -0.22081 29.73870 0 6.67500 17.60000 25.40605 0.12074 -13
0.34606 0.11599 40.32125 0 -3.50000 -9.35000 38.13117 0.10721 13
1.18805 -0.14546 1.87160 0 3.97500 -36.37500 1.21224 0.15707 13
0.43693 -0.19332 77.09986 0 5.82500 -12.27500 70.85514 0.11160 13
-1.89616 -0.21226 17.44165 0 6.35000 58.12500 8.27688 0.21684 13
1.31643 -0.01550 70.43777 0 0.47500 -41.90000 42.61089 0.16649 -13
-0.80323 0.06589 15.74928 0 -1.95000 25.30000 12.28900 0.12932 -13
1.15618 -0.03426 19.40082 0 1.00000 -32.90000 12.69571 0.15398 13
-0.26416 -0.21154 27.25538 0 6.40000 12.60000 26.38823 0.10633 -13
-1.85426 -0.19988 94.06914 0 6.05000 55.07500 45.33262 0.21312 -13
-0.82636 0.08025 55.81215 0 -2.40000 24.12500 43.07943 0.13089 -13
1.67570 -0.19314 71.86243 0 5.82500 -48.35000 37.32261 0.19747 13
1.43800 -0.16129 84.46420 0 4.85000 -41.05000 48.63946 0.17713 13
-0.58637 -0.17281 25.32872 0 5.22500 16.65000 21.93127 0.11804 -13
-0.36285 0.11690 72.10514 0 -3.52500 8.05000 67.83441 0.10778 13
-1.52782 -0.03787 67.01729 0 1.15000 48.35000 36.72041 0.18393 -13
1.30405 -0.01019 40.30155 0 0.27500 -38.25000 24.52451 0.16550 13
0.06793 -0.13909 4.48289 0 4.32500 -1.55000 4.47282 0.10198 -13
-0.90389 -0.15700 15.79410 0 4.70000 28.22500 11.78062 0.13664 13
0.44081 -0.10810 18.84001 0 3.30000 -16.97500 17.25554 0.11060 -13
-0.56084 -0.07178 46.97718 0 2.17500 19.75000 40.99838 0.11569 -13
1.36239 -0.03099 96.49201 0 0.95000 -39.60000 57.11341 0.17021 -13
-0.79715 -0.10254 82.70828 0 3.07500 23.75000 64.80472 0.12920 13
-1.02661 -0.12043 1.78817 0 3.17500 30.75000 1.25318 0.14475 13
-0.25804 -0.20720 12.28738 0 6.20000 6.97500 11.91276 0.10605 13
-0.90486 -0.23412 28.29943 0 7.02500 28.60000 21.23404 0.13781 13
-0.97775 -0.05022 15.82045 0 1.47500 33.05000 11.31887 0.14093 13
0.02169 0.13326 54.81188 0 -4.00000 -1.62500 54.79921 0.10161 -13
0.02221 -0.26622 54.81188 0 8.05000 -1.62500 54.79921 0.10424 -13
1.03717 -0.09669 81.42194 0 2.92500 -32.27500 56.65060 0.14542 -13
0.95525 -0.01485 36.04734 0 0.42500 -26.50000 26.06760 0.13927 13
-0.74687 0.04066 73.73892 0 -1.22500 19.82500 59.09727 0.12575 -13
-1.51102 -0.04381 20.39491 0 1.27500 46.75000 11.26338 0.18251 13
0.98517 -0.12185 63.39659 0 3.67500 -28.35000 45.32537 0.14191 -13
0.13838 0.09629 47.60998 0 -2.92500 -3.02500 47.16470 0.10213 13
2.13944 0.03179 4.31133 0 -0.70000 -63.00000 1.82608 0.23790 -13
0.25563 0.04204 60.86953 0 -1.27500 -6.55000 58.97650 0.10403 13
0.17031 -0.06303 27.99756 0 1.87500 -7.90000 27.60170 0.10235 13
-0.27037 0.00154 95.34811 0 -0.05000 7.07500 92.04326 0.10432 13
-0.14564 -0.13566 15.39761 0 4.12500 6.87500 15.23973 0.10269 -13
0.87446 -0.13855 23.02226 0 4.15000 -25.37500 17.40268 0.13448 13
-0.08186 -0.01169 38.24537 0 0.35000 2.57500 38.11789 0.10105 13
-0.65192 -0.03526 41.37085 0 1.07500 19.15000 34.66310 0.12027 -13
0.71424 0.02936 91.53291 0 -0.87500 -20.27500 74.49578 0.12379 -13
-0.00045 -0.14004 63.58080 0 4.22500 1.30000 63.58079 0.10168 13
-0.49147 0.04115 37.18914 0 -1.22500 15.80000 33.38152 0.11228 -13
-0.99593 -0.09789 49.91574 0 2.95000 29.90000 35.45148 0.14247 13
1.70710 -0.01293 43.58627 0 0.42500 -50.77500 22.03224 0.19924 -13
-0.27020 0.04885 87.00363 0 -1.47500 6.85000 83.99846 0.10443 -13
1.28691 -0.05998 35.44638 0 1.82500 -39.95000 21.77358 0.16424 -13
-0.73701 0.11549 86.72995 0 -3.47500 22.12500 69.97944 0.12563 -13
-0.79757 -0.16206 92.80956 0 4.90000 25.47500 72.92163 0.12984 -13
0.28073 0.01146 48.29115 0 -0.35000 -6.22500 46.49409 0.10460 13
-1.31380 -0.19073 64.29737 0 5.75000 39.92500 39.38310 0.16736 13
0.17084 -0.05746 6.81805 0 1.65000 -6.47500 6.72096 0.10233 13
-1.19503 -0.20244 1.68938 0 5.62500 33.47500 1.09688 0.15810 13
-0.28153 -0.22902 85.70002 0 6.92500 8.37500 82.64456 0.10713 -13
1.43436 -0.18521 58.97254 0 5.60000 -43.30000 34.10895 0.17708 -13
-0.33871 -0.01869 84.86733 0 0.55000 11.52500 80.38327 0.10634 13
-0.48534 -0.08026 93.06718 0 2.42500 15.95000 83.77828 0.11223 13
-1.46098 -0.04103 90.07717 0 1.22500 42.62500 50.90760 0.17833 13
0.40125 -0.15097 97.61232 0 4.55000 -11.05000 90.73177 0.10957 13
-0.62850 -0.01773 53.40248 0 0.55000 17.95000 45.21601 0.11896 -13
-0.06541 -0.10244 4.97844 0 3.20000 0.67500 4.96795 0.10150 -13
-0.37016 0.12901 35.00461 0 -3.87500 10.05000 32.85980 0.10816 -13
-0.38033 -0.27072 35.00461 0 8.17500 10.35000 32.85980 0.11116 -13
-0.67013 0.07795 55.11196 0 -2.35000 20.12500 45.82579 0.12148 13
-0.09784 0.11315 88.25134 0 -3.42500 4.55000 87.83721 0.10183 13
0.86348 -0.24318 43.43794 0 7.35000 -29.40000 33.27607 0.13530 -13
-0.39391 1.06720 43.43794 0 7.15000 -29.32500 33.27607 0.13555 -13
0.85140 -0.51282 43.43794 0 8.22500 -27.80000 33.27607 0.14854 -13
0.65463 0.17446 43.43794 0 -3.85000 -27.00000 33.27607 0.15374 -13
-1.15337 1.67897 43.43794 0 -2.77500 -27.55000 33.27607 0.16316 -13
-0.18416 -0.08903 91.67274 0 2.67500 5.15000 90.16843 0.10278 13
0.47945 0.07860 65.17105 0 -2.35000 -14.40000 58.79944 0.11196 -13
-0.80250 0.07141 60.43493 0 -2.17500 23.97500 47.18145 0.12932 13
-0.48578 0.06821 51.79563 0 -2.07500 14.60000 46.61006 0.11217 13
-1.04324 -0.06637 15.93655 0 2.05000 29.92500 11.04063 0.14570 -13
1.07185 -0.09272 59.07914 0 2.80000 -30.10000 40.39466 0.14792 -13
0.89505 -0.02555 98.42464 0 0.77500 -25.32500 73.34940 0.13518 13
0.22595 -0.22186 18.93800 0 6.72500 -4.10000 18.49332 0.10566 -13
-1.30258 -0.12748 66.14482 0 3.82500 39.40000 40.48328 0.16586 13
0.80254 0.11892 1.63514 0 -3.20000 -25.60000 1.27915 0.12972 -13
0.48910 -0.23046 65.18975 0 6.95000 -14.65000 58.84764 0.11449 -13
1.75624 -0.24145 1.57146 0 6.67500 -51.30000 0.79496 0.20434 13
-1.05916 -0.05909 46.22932 0 1.80000 28.00000 31.76618 0.14682 -13
-0.87666 -0.22350 22.90046 0 6.72500 24.57500 17.40092 0.13577 13
0.48865 -0.04299 72.74460 0 1.30000 -11.95000 65.37032 0.11216 -13
-0.22019 -0.17032 22.97420 0 5.12500 8.47500 22.45150 0.10452 13
-0.18385 -0.18277 72.60645 0 5.50000 5.00000 71.44748 0.10403 13
0.40538 -0.20239 25.00351 0 6.12500 -10.27500 23.23654 0.11057 -13
1.56645 0.14756 20.91227 0 -4.40000 -48.72500 11.33908 0.18770 -13
1.59801 -0.25116 20.91227 0 7.62500 -49.70000 11.33908 0.19157 -13
0.52024 0.02556 26.33235 0 -0.80000 -15.10000 23.36181 0.11355 13
-1.46406 -0.12273 62.97357 0 3.72500 45.05000 35.69866 0.17899 -13
-0.07207 -0.01293 42.15537 0 0.37500 -0.52500 42.04632 0.10097 13
1.11684 -0.23984 57.21530 0 7.25000 -33.80000 38.75507 0.15291 -13
0.24743 0.05677 5.69017 0 -1.62500 -5.45000 5.52405 0.10390 -13
0.24773 -0.18999 32.35654 0 5.72500 -9.40000 31.43885 0.10549 13
-1.57452 -0.03156 5.27631 0 0.77500 44.35000 2.82962 0.18788 13
-0.01878 -0.05871 77.76298 0 1.77500 -1.85000 77.74931 0.10089 -13
-0.82183 -0.07259 20.65256 0 2.22500 24.35000 15.97274 0.13057 -13
-0.50584 -0.01103 3.69388 0 0.17500 14.87500 3.29591 0.11291 13
-0.09291 -0.08759 28.14612 0 2.62500 2.27500 28.02630 0.10152 13
-1.21752 -0.04364 40.92457 0 1.32500 38.55000 25.98980 0.15873 -13
-0.40140 -0.14564 53.35073 0 4.40000 13.07500 49.58265 0.10945 -13
-0.28486 -0.22094 81.54379 0 6.65000 11.30000 78.56118 0.10704 13
0.49800 -0.07701 96.03911 0 2.32500 -16.72500 86.01891 0.11276 13
-0.72666 0.00289 83.23296 0 -0.07500 22.07500 67.33303 0.12448 -13
-0.50301 0.02762 26.88782 0 -0.80000 13.65000 24.02198 0.11276 -13
-0.88115 -0.08050 20.62612 0 2.45000 24.70000 15.49727 0.13448 -13
0.88015 -0.08459 47.48103 0 2.57500 -27.22500 35.69809 0.13442 -13
0.41591 0.10780 77.32372 0 -3.25000 -11.80000 71.45549 0.10960 13
-0.82120 -0.05036 75.33199 0 1.50000 25.97500 58.24691 0.13040 13
-0.01464 0.09870 58.56441 0 -2.97500 2.05000 58.55820 0.10120 -13
1.61758 -0.19397 87.36638 0 5.85000 -49.47500 46.55569 0.19249 13
0.61952 -0.25020 14.17245 0 7.50000 -19.05000 12.14754 0.12108 13
0.38741 0.10450 91.68184 0 -3.15000 -11.52500 85.55075 0.10851 13
-0.82921 -0.08210 48.68226 0 2.47500 23.75000 37.52611 0.13108 13
0.83536 -0.06650 76.01715 0 2.02500 -23.92500 58.39277 0.13139 -13
-1.36786 -0.24774 26.02098 0 7.50000 41.45000 15.65407 0.17250 -13
0.27433 0.10097 65.32730 0 -3.05000 -6.35000 63.02197 0.10491 -13
1.40776 0.11309 82.18501 0 -3.42500 -44.15000 47.79526 0.17427 13
-0.75484 0.05687 47.61058 0 -1.70000 22.25000 38.02278 0.12630 -13
0.49105 -0.06581 91.96796 0 1.97500 -13.00000 82.58635 0.11237 13
0.49105 -0.06581 91.96796 0 1.97500 -13.00000 82.58635 0.11238 13
-0.03682 0.11680 47.77422 0 -3.52500 2.55000 47.74230 0.10145 -13
1.65123 0.09349 33.15940 0 -2.80000 -49.62500 17.23193 0.19461 -13
1.37197 -0.09319 19.72499 0 2.77500 -42.82500 11.65119 0.17120 13
2.11223 -0.00420 56.60870 0 0.15000 -62.15000 24.22298 0.23535 -13
-0.97366 0.11015 26.83680 0 -3.30000 30.12500 19.28400 0.14098 -13
0.80141 0.00317 2.31081 0 -0.37500 -26.07500 1.80309 0.12921 13
-0.33309 0.01757 92.53513 0 -0.55000 9.70000 87.79436 0.10616 13
0.76284 0.12920 91.03315 0 -3.90000 -22.95000 72.59781 0.12732 -13
0.78373 -0.27052 91.03315 0 8.17500 -23.57500 72.59781 0.13082 -13
-0.39694 -0.01111 62.17477 0 0.32500 10.42500 57.78926 0.10835 13
-0.35374 -0.18717 22.14360 0 5.67500 9.70000 20.91536 0.10849 -13
-0.04130 0.05613 60.62836 0 -1.70000 3.15000 60.57688 0.10095 13
1.42803 -0.21335 84.34621 0 6.45000 -43.35000 49.10451 0.17689 -13
1.53907 -0.01494 43.34605 0 0.47500 -46.45000 23.61808 0.18483 -13
1.51158 -0.00045 81.35957 0 -0.00000 -43.67500 44.89012 0.18251 13
0.62179 -0.02379 34.77655 0 0.72500 -18.30000 29.53528 0.11861 -13
-0.10523 -0.00387 70.86052 0 0.12500 5.60000 70.47147 0.10126 -13
-1.86134 -0.19804 28.49715 0 6.02500 54.37500 13.68863 0.21377 -13
-0.93698 -0.04230 6.62556 0 1.17500 28.32500 4.83687 0.13807 13
-0.32398 -0.07459 71.09064 0 2.25000 7.95000 67.64784 0.10612 13
0.96091 -0.03007 20.22998 0 0.95000 -25.10000 14.59003 0.13970 -13
-0.77578 0.05706 17.09776 0 -1.75000 24.12500 13.51752 0.12759 13
-1.48579 0.07681 10.76474 0 -2.22500 45.97500 6.02301 0.18049 -13
0.61073 -0.11414 63.23843 0 3.42500 -15.85000 54.06310 0.11855 13
1.34540 0.01250 34.86774 0 -0.40000 -39.82500 20.80110 0.16882 13
-0.75727 -0.21568 62.05098 0 6.52500 26.12500 49.87303 0.12818 -13
1.13748 -0.14791 22.18333 0 4.42500 -33.87500 14.73616 0.15322 13
-0.04414 0.05196 56.20388 0 -1.55000 1.05000 56.14935 0.10093 -13
-0.70017 0.02227 53.41013 0 -0.65000 19.77500 43.75530 0.12295 -13
0.95604 -0.11992 46.96774 0 3.62500 -29.62500 34.06468 0.13984 -13
0.07653 -0.00332 65.70642 0 0.10000 -3.65000 65.51484 0.10100 13
-0.25606 -0.15777 44.25961 0 4.75000 7.65000 42.90829 0.10515 13
-0.44430 -0.12851 66.10310 0 3.87500 16.50000 60.49006 0.11096 -13
-0.55353 0.04284 8.26372 0 -1.22500 15.80000 7.23153 0.11519 -13
0.20342 -0.11558 24.69832 0 3.50000 -3.50000 24.20898 0.10343 -13
0.34047 0.07387 60.20232 0 -2.25000 -8.65000 57.00573 0.10664 13
-1.29830 0.07899 10.85844 0 -2.45000 41.35000 6.63815 0.16528 13
0.55210 0.01024 33.34164 0 -0.30000 -18.05000 29.18904 0.11504 -13
0.66393 -0.23565 8.05158 0 7.20000 -18.72500 6.76221 0.12327 -13
0.10639 -0.19931 73.29220 0 6.02500 -4.15000 72.89649 0.10325 -13
1.40591 -0.15184 82.07846 0 4.57500 -43.00000 47.93376 0.17440 13
-0.84118 -0.05887 55.97232 0 1.77500 25.47500 42.86398 0.13172 13
0.77548 -0.14952 3.52852 0 4.70000 -23.25000 2.80008 0.12848 -13
-0.79004 -0.03975 84.73428 0 1.20000 24.87500 66.50867 0.12840 13
-0.82960 -0.00914 66.79641 0 0.27500 26.37500 51.40993 0.13085 13
-0.86154 -0.22573 64.59455 0 6.80000 25.75000 49.45120 0.13484 13
0.33438 0.11987 62.37719 0 -3.60000 -10.17500 59.19995 0.10686 -13
0.34481 -0.28040 62.37719 0 8.47500 -10.50000 59.19995 0.11021 -13
2.02042 -0.12420 14.59286 0 3.67500 -60.35000 6.51300 0.22731 13
0.21695 -0.14894 58.98668 0 4.50000 -8.92500 57.67382 0.10413 -13
-1.54848 -0.12395 70.72012 0 3.72500 51.37500 38.57276 0.18604 13
0.13035 -0.05055 73.55786 0 1.52500 -3.80000 72.94226 0.10169 -13
0.08470 -0.18922 68.16865 0 5.72500 -1.15000 67.93384 0.10285 -13
-0.01324 0.04308 95.11870 0 -1.30000 0.15000 95.11038 0.10080 -13
-1.99162 -0.01325 8.59730 0 0.52500 61.37500 3.85787 0.22447 -13
-0.31477 -0.22619 98.39496 0 6.82500 8.40000 94.06200 0.10800 13
-0.91796 0.11067 8.27433 0 -3.27500 26.77500 6.11239 0.13713 -13
-1.10323 -0.01153 30.79811 0 0.37500 32.52500 20.68457 0.14995 -13
1.77084 -0.02343 48.29881 0 0.67500 -52.40000 23.75604 0.20480 13
1.23563 -0.21992 47.24424 0 6.62500 -38.42500 30.14375 0.16159 13
1.51473 -0.20445 19.64599 0 6.12500 -46.30000 10.97806 0.18389 13
0.25522 -0.04287 6.15633 0 1.20000 -10.05000 5.96537 0.10402 13
1.98428 0.14406 45.21811 0 -4.37500 -61.05000 20.51838 0.22424 13
2.02679 -0.25500 45.21811 0 7.67500 -62.30000 20.51838 0.22898 13
0.79554 -0.12287 6.41453 0 3.80000 -21.77500 5.03440 0.12934 -13
0.76763 0.02539 40.10945 0 -0.77500 -24.02500 31.82011 0.12698 13
-0.60188 -0.19826 96.19193 0 5.97500 15.27500 82.83310 0.11922 13
1.02334 -0.23386 34.35046 0 7.02500 -30.60000 24.33205 0.14598 13
-0.39224 0.14106 30.60303 0 -4.25000 12.55000 28.52687 0.10909 -13
-0.40111 -0.25803 30.60303 0 7.80000 12.82500 28.52687 0.11159 -13
0.74582 -0.24882 92.79778 0 7.50000 -24.22500 75.17431 0.12811 -13
2.17285 -0.13713 52.80717 0 4.15000 -63.57500 22.24704 0.24130 -13
-0.38307 -0.06794 5.14061 0 2.15000 10.47500 4.80168 0.10811 -13
0.11859 -0.15304 12.31684 0 4.65000 -3.60000 12.23306 0.10260 -13
-0.71317 -0.07604 60.99579 0 2.30000 22.70000 49.70872 0.12393 -13
-0.20111 -0.15375 93.26053 0 4.62500 5.07500 91.47092 0.10388 13
-0.42572 0.01580 79.61094 0 -0.47500 13.02500 73.25068 0.10946 -13
0.26658 0.07770 7.52048 0 -2.27500 -11.60000 7.26812 0.10451 -13
-0.36901 -0.01243 62.40283 0 0.37500 11.15000 58.54463 0.10735 -13
0.95136 -0.05492 26.97289 0 1.62500 -29.37500 19.55574 0.13910 13
-0.49210 -0.06102 3.02470 0 2.02500 17.82500 2.71488 0.11252 -13
-1.99219 0.01859 17.42523 0 -0.62500 57.45000 7.81728 0.22452 13
-0.54631 -0.24063 54.60459 0 7.25000 15.30000 48.22431 0.11727 13
1.65427 -0.04241 86.11169 0 1.30000 -49.50000 44.57766 0.19471 -13
-0.07797 0.04673 82.89251 0 -1.42500 3.45000 82.64225 0.10112 13
-0.17710 -0.03598 51.70432 0 1.07500 5.62500 50.91308 0.10233 13
-0.56360 -0.18378 58.32477 0 5.55000 17.42500 51.01199 0.11708 -13
-0.43451 -0.24773 59.02791 0 7.47500 13.75000 54.38843 0.11261 -13
0.42190 0.01367 78.39841 0 -0.42500 -11.95000 72.23369 0.10931 13
0.37975 -0.00880 66.78246 0 0.25000 -13.52500 62.43267 0.10772 13
1.26182 -0.01606 50.49297 0 0.50000 -35.42500 31.36421 0.16214 -13
0.01825 -0.15096 87.42262 0 4.55000 -1.50000 87.40839 0.10186 13
0.38201 -0.14434 73.07726 0 4.35000 -9.37500 68.35463 0.10878 -13
1.52515 0.01168 75.45947 0 -0.37500 -46.25000 41.37796 0.18366 13
-0.84568 -0.16239 74.39901 0 4.90000 24.60000 57.11494 0.13289 13
1.40780 0.08577 77.09764 0 -2.60000 -42.07500 44.75624 0.17412 13
-0.69668 -0.15812 50.28939 0 4.77500 19.87500 41.42803 0.12376 -13
1.35378 0.10258 24.83161 0 -3.05000 -38.45000 14.80234 0.16980 -13
1.89179 -0.24645 77.50307 0 7.45000 -56.97500 37.05702 0.21694 -13
-0.30555 -0.02375 30.50311 0 0.70000 6.50000 29.17242 0.10532 13
0.11424 0.07142 22.11958 0 -2.17500 -4.17500 21.97730 0.10162 13
-1.71041 -0.05637 77.45500 0 1.70000 52.90000 39.13989 0.19959 -13
0.11793 -0.22609 29.61909 0 6.85000 -2.15000 29.42498 0.10394 -13
0.62696 0.00929 91.42002 0 -0.27500 -17.40000 77.45658 0.11886 -13
0.21517 -0.16273 24.92462 0 4.92500 -3.67500 24.38078 0.10432 -13
1.04767 -0.02509 78.86737 0 0.77500 -29.55000 54.46342 0.14587 -13
-0.05098 -0.07277 87.18824 0 2.20000 2.32500 87.07575 0.10111 -13
1.67859 0.06197 44.74945 0 -1.85000 -52.57500 22.93451 0.19686 -13
-1.15053 0.04821 95.49224 0 -1.45000 36.72500 62.68468 0.15359 13
0.36433 -0.21986 97.05404 0 6.62500 -8.37500 91.43798 0.10944 13
-0.57960 -0.02831 65.14575 0 0.85000 20.52500 56.36871 0.11643 -13
1.88944 -0.05713 71.76992 0 1.75000 -56.95000 33.61509 0.21537 -13
1.53858 -0.03931 8.03976 0 1.07500 -47.45000 4.38338 0.18484 13
-0.68097 -0.13398 59.26068 0 4.05000 20.50000 49.11925 0.12259 -13
1.77110 -0.18376 81.70771 0 5.52500 -56.20000 40.67937 0.20564 13
0.48740 0.03131 31.95864 0 -0.95000 -12.02500 28.73069 0.11207 13
0.64073 0.06079 46.36381 0 -1.85000 -19.45000 39.05859 0.11976 13
0.24873 -0.13190 74.24005 0 3.97500 -7.37500 72.08082 0.10462 -13
-2.11852 0.13479 41.24843 0 -4.10000 62.80000 17.73786 0.23632 13
-2.17204 -0.26469 41.24843 0 7.95000 64.40000 17.73786 0.24219 13
-0.45913 -0.24530 87.23952 0 7.40000 14.15000 79.67700 0.11354 -13
0.33505 0.13112 7.78350 0 -3.90000 -10.05000 7.38635 0.10700 -13
0.34394 -0.26832 7.78350 0 8.17500 -10.32500 7.38635 0.10994 -13
1.09511 -0.22290 70.20707 0 6.72500 -32.40000 47.96408 0.15101 13
1.98182 0.01587 53.02233 0 -0.45000 -59.92500 23.88808 0.22355 -13
0.88463 -0.06386 11.91539 0 1.97500 -27.65000 8.93241 0.13463 -13
0.54750 -0.02875 11.51749 0 0.92500 -17.75000 10.10337 0.11485 -13
0.50470 0.11654 85.29437 0 -3.50000 -17.62500 76.24961 0.11341 -13
0.27057 -0.10344 97.19778 0 3.12500 -7.00000 93.85834 0.10484 13
-1.12660 -0.13791 56.55899 0 4.15000 33.50000 37.74361 0.15231 13
0.48831 0.05469 79.77217 0 -1.65000 -17.47500 71.70290 0.11220 13
1.45992 -0.13160 25.30963 0 4.00000 -44.00000 14.38630 0.17872 -13
-1.47876 -0.24754 16.63436 0 7.52500 45.47500 9.50846 0.18157 -13
1.53803 -0.14564 61.49321 0 4.40000 -47.85000 33.76665 0.18534 -13
-1.09441 -0.09660 15.26987 0 2.95000 31.82500 10.32686 0.14963 -13
-0.29616 -0.09918 80.25647 0 2.97500 7.42500 76.98289 0.10550 13
-1.44669 -0.17052 40.23226 0 5.12500 42.97500 23.09903 0.17790 13
-1.01036 -0.07394 14.42202 0 2.17500 30.97500 10.15949 0.14333 13
0.03534 -0.13126 23.70874 0 3.92500 -2.80000 23.69413 0.10162 13
0.19867 -0.11826 9.89060 0 3.52500 -2.67500 9.70355 0.10335 13
0.89967 -0.07221 44.99586 0 2.17500 -30.52500 33.48926 0.13566 13
1.17743 0.12486 47.51254 0 -3.77500 -36.65000 30.89526 0.15608 13
1.21179 -0.27514 47.51254 0 8.27500 -37.67500 30.89526 0.16061 13
0.29936 -0.25023 18.04324 0 7.52500 -11.30000 17.32729 0.10807 13
-1.02745 -0.19405 75.01720 0 5.85000 33.47500 52.81636 0.14569 13
-1.09585 -0.13763 45.43005 0 4.17500 30.30000 30.77939 0.15005 -13
0.35855 -0.17626 45.71743 0 5.32500 -12.90000 43.10871 0.10845 -13
-1.71381 -0.02268 31.54335 0 0.72500 52.57500 15.90007 0.19985 -13
0.60207 0.00339 54.33270 0 -0.10000 -16.85000 46.54744 0.11755 -13
-0.27287 -0.24956 37.44657 0 7.52500 7.57500 36.19910 0.10736 13
1.86996 -0.23307 69.26985 0 7.05000 -57.37500 33.34010 0.21486 -13
2.13429 -0.04616 86.14988 0 1.37500 -63.35000 36.58356 0.23739 13
1.30624 0.07814 80.12203 0 -2.35000 -37.75000 48.79828 0.16584 -13
1.69831 0.04331 53.93099 0 -1.32500 -51.32500 27.38355 0.19852 13
-0.08476 -0.05443 94.38327 0 1.65000 5.25000 94.04706 0.10121 -13
1.05853 -0.05158 75.19909 0 1.57500 -32.02500 51.67744 0.14674 -13
-0.71867 0.14338 47.78344 0 -4.32500 22.70000 38.93612 0.12486 13
-0.73426 -0.25567 47.78344 0 7.70000 23.17500 38.93612 0.12755 13
-1.80699 -0.16858 29.18319 0 5.12500 55.45000 14.28202 0.20872 -13
-0.39378 0.10577 85.76354 0 -3.20000 11.02500 79.85945 0.10875 13
-1.37629 -0.20833 89.10180 0 6.30000 42.02500 53.10285 0.17261 -13
0.08211 -0.14315 77.40159 0 4.30000 -1.97500 77.14719 0.10207 13
0.22612 -0.11884 20.74797 0 3.55000 -7.70000 20.24396 0.10393 13
1.92574 -0.13062 61.01058 0 3.95000 -56.17500 28.30432 0.21893 -13
0.55377 -0.09922 46.85646 0 3.00000 -18.47500 41.03815 0.11556 -13
1.19212 -0.16750 8.83533 0 4.97500 -33.32500 5.72448 0.15753 13
0.46609 -0.16169 97.81974 0 4.87500 -14.92500 88.86461 0.11229 -13
0.31125 -0.10360 18.05507 0 3.15000 -9.75000 17.24753 0.10599 -13
-0.66772 -0.19767 39.83303 0 5.95000 20.80000 33.32079 0.12270 13
0.42677 -0.08223 70.90281 0 2.47500 -13.17500 65.24616 0.10981 13
-0.10165 0.00330 93.18802 0 -0.10000 4.57500 92.71026 0.10122 13
-0.25594 0.14350 5.87821 0 -4.42500 9.70000 5.69809 0.10502 13
-0.26136 -0.25575 5.87821 0 7.62500 9.85000 5.69809 0.10717 13
-1.90486 -0.09063 58.21229 0 2.75000 56.92500 27.14578 0.21685 -13
1.16597 -0.05611 67.34988 0 1.70000 -34.70000 43.88547 0.15479 -13
-1.97294 0.14295 73.33083 0 -4.32500 60.37500 33.42028 0.22323 13
-2.01610 -0.25615 73.33083 0 7.70000 61.65000 33.42028 0.22807 13
-1.02855 -0.02146 44.71601 0 0.65000 28.42500 31.17443 0.14448 -13
-1.61254 -0.07778 53.96584 0 2.32500 49.50000 28.50366 0.19123 13
-1.13792 0.07504 80.86101 0 -2.25000 35.90000 53.46210 0.15274 -13
1.25185 -0.16360 85.06596 0 4.95000 -39.95000 53.52019 0.16219 -13
0.07620 -0.18529 1.56639 0 5.90000 -2.77500 1.56204 0.10314 -13
-0.99819 0.12295 69.48639 0 -3.72500 29.52500 49.36244 0.14283 13
-1.02808 -0.27717 69.48639 0 8.35000 30.42500 49.36244 0.14708 13
0.59992 -0.12505 66.53640 0 3.77500 -18.52500 57.17323 0.11811 13
0.11238 0.02386 87.24976 0 -0.72500 -3.12500 86.70434 0.10137 -13
0.51598 -0.09125 35.12552 0 2.72500 -16.10000 31.24227 0.11368 13
0.73881 0.02033 56.59204 0 -0.62500 -23.92500 45.51987 0.12522 13
2.01432 0.00924 7.08229 0 -0.45000 -60.20000 3.14985 0.22647 13
0.16496 0.13228 70.92219 0 -3.97500 -5.30000 69.99239 0.10293 -13
0.16927 -0.26728 70.92219 0 8.07500 -5.42500 69.99239 0.10563 -13
0.10651 -0.14353 6.89633 0 4.40000 -6.82500 6.85837 0.10235 -13
-0.11591 -0.14309 91.36097 0 4.30000 5.82500 90.76537 0.10239 13
-0.16817 0.09321 9.73969 0 -2.77500 7.37500 9.60603 0.10254 -13
1.39714 0.08851 6.92604 0 -2.55000 -39.82500 4.04194 0.17319 -13
0.14826 0.08838 84.14062 0 -2.65000 -5.10000 83.23781 0.10219 -13
-0.61373 0.01159 28.67708 0 -0.37500 18.20000 24.44169 0.11817 13
1.94512 0.00073 31.67420 0 -0.05000 -59.75000 14.48190 0.22025 13
0.03469 -0.23701 60.85289 0 7.15000 -3.17500 60.81827 0.10355 13
-0.45931 -0.13134 41.17426 0 3.97500 12.72500 37.47158 0.11162 -13
0.34389 -0.01044 55.86867 0 0.32500 -12.40000 52.83216 0.10649 -13
-0.38808 -0.00502 48.94721 0 0.15000 14.85000 45.63164 0.10802 -13
0.79979 -0.10437 9.94122 0 3.07500 -24.52500 7.78045 0.12934 13
-0.10783 0.02143 35.52192 0 -0.62500 2.97500 35.31730 0.10131 -13
0.89217 -0.24144 82.82476 0 7.30000 -29.95000 62.57155 0.13713 -13
-0.33435 0.09088 45.17585 0 -2.75000 8.10000 42.86220 0.10658 13
-0.22727 -0.20043 42.88659 0 6.05000 6.42500 41.85989 0.10524 -13
1.10120 -0.22689 93.50926 0 6.85000 -33.45000 63.72405 0.15154 -13
-1.91411 0.00173 93.98279 0 -0.07500 56.97500 43.51883 0.21748 13
0.79482 -0.10302 37.16869 0 3.10000 -23.05000 29.15625 0.12905 13
1.41805 -0.12161 73.67956 0 3.67500 -44.02500 42.67051 0.17517 -13
-0.47835 -0.11331 22.10637 0 3.40000 14.45000 19.96589 0.11220 13
1.86745 -0.13193 37.58824 0 4.00000 -54.60000 17.86326 0.21376 -13
0.14117 -0.13964 7.31895 0 4.15000 -2.00000 7.24835 0.10265 13
-0.37175 0.12217 94.23203 0 -3.70000 10.07500 88.40522 0.10814 13
-0.38301 -0.27800 94.23203 0 8.37500 10.42500 88.40522 0.11141 13
-0.62694 -0.00281 83.31656 0 0.10000 20.97500 70.59075 0.11886 -13
0.10755 -0.10592 70.87820 0 3.20000 -4.25000 70.47633 0.10185 -13
0.71104 0.05892 79.27773 0 -1.77500 -19.95000 64.64760 0.12371 13
0.38029 -0.23618 22.79115 0 7.10000 -10.25000 21.37418 0.11031 13
1.56207 -0.06644 65.72338 0 2.00000 -46.82500 35.49097 0.18689 13
-0.92591 0.02771 66.74854 0 -0.82500 26.05000 48.98610 0.13727 -13
0.57137 0.01651 96.08861 0 -0.50000 -20.77500 83.43321 0.11600 13
-1.19392 -0.22423 33.55284 0 6.77500 36.72500 21.85405 0.15847 -13
-0.42788 -0.20862 52.25133 0 6.27500 15.05000 48.19435 0.11152 13
-0.80121 -0.11278 16.46897 0 3.45000 26.05000 12.88403 0.12956 -13
-0.47337 0.02652 93.92465 0 -0.80000 16.07500 84.89912 0.11145 -13
-0.35339 -0.07644 29.88365 0 2.30000 8.45000 28.18520 0.10708 13
0.86587 -0.22881 32.40365 0 6.92500 -24.72500 24.76190 0.13521 -13
-0.32509 0.02326 47.69549 0 -0.70000 13.65000 45.35995 0.10592 -13
-0.24728 -0.09568 49.23245 0 2.90000 7.85000 47.80540 0.10419 -13
0.03351 -0.13702 72.09215 0 4.15000 0.97500 72.05246 0.10171 -13
-0.84251 -0.05715 35.20827 0 1.70000 25.92500 26.94417 0.13180 13
-0.94621 -0.14384 47.51680 0 4.32500 30.82500 34.68167 0.13939 13
-0.24060 -0.07823 68.04789 0 2.37500 6.52500 66.17087 0.10388 -13
-0.76098 -0.11845 8.10664 0 3.65000 23.45000 6.46846 0.12713 -13
-1.73101 -0.22742 30.41013 0 6.82500 53.30000 15.50101 0.20255 13
-1.63742 -0.12745 77.34759 0 3.85000 51.05000 40.55032 0.19366 -13
1.57247 -0.02780 56.15034 0 0.85000 -48.25000 30.13981 0.18769 -13
-1.56891 -0.17602 51.37523 0 5.30000 49.22500 27.91369 0.18817 13
0.24213 0.01707 41.11075 0 -0.50000 -6.67500 39.95649 0.10362 -13
-1.90904 -0.17233 95.75325 0 5.20000 59.30000 44.94314 0.21771 13
0.37178 -0.16107 90.06571 0 4.85000 -10.97500 84.55008 0.10865 13
0.42832 -0.02249 39.77270 0 0.70000 -14.80000 36.56165 0.10958 -13
1.44917 0.05327 63.95788 0 -1.60000 -44.67500 36.35947 0.17739 -13
0.81742 -0.07857 57.57956 0 2.37500 -25.50000 44.64059 0.13029 13
-0.81836 -0.13110 17.68531 0 4.00000 24.52500 13.73320 0.13082 -13
-0.81744 0.04777 43.79430 0 -1.42500 24.72500 33.92257 0.13015 -13
0.69044 0.08017 37.51483 0 -2.40000 -20.62500 30.90334 0.12263 -13
0.94083 -0.13362 80.11285 0 4.02500 -26.32500 58.58997 0.13891 13
1.24001 -0.11474 88.34279 0 3.47500 -38.47500 55.67674 0.16084 -13
-0.66777 -0.14756 47.81772 0 4.45000 22.52500 39.89785 0.12199 13
0.88984 -0.03216 64.75660 0 0.97500 -26.20000 48.38786 0.13484 -13
-0.28428 0.07434 72.24743 0 -2.25000 8.27500 69.50826 0.10496 13
1.52941 -0.11360 90.48137 0 3.42500 -46.62500 49.73834 0.18438 -13
0.68168 0.00908 26.54171 0 -0.25000 -19.35000 21.93109 0.12188 -13
-0.10781 -0.02417 46.85605 0 0.75000 4.17500 46.58626 0.10132 -13
0.53223 -0.16012 64.53812 0 4.82500 -17.47500 57.12921 0.11521 13
-1.38564 -0.05413 16.41362 0 1.67500 39.77500 9.61470 0.17218 -13
2.15415 -0.08636 46.64974 0 2.62500 -63.32500 19.70348 0.23933 -13
0.54358 0.01596 21.95150 0 -0.45000 -17.10000 19.28700 0.11463 -13
-2.03953 0.07146 18.91792 0 -2.10000 62.35000 8.34548 0.22883 -13
1.65212 0.05238 34.71187 0 -1.60000 -50.00000 17.99200 0.19447 13
-2.06701 -0.19999 3.97224 0 6.32500 61.52500 1.75686 0.23274 -13
-0.21779 -0.09329 47.35830 0 2.80000 6.55000 46.28262 0.10349 13
0.02269 0.12589 17.90122 0 -3.82500 0.80000 17.89670 0.10154 13
0.02333 -0.27408 17.90122 0 8.25000 0.80000 17.89670 0.10442 13
-0.10605 -0.06616 19.02864 0 2.02500 4.85000 18.92298 0.10149 -13
-0.05894 -0.02167 7.80790 0 0.60000 3.90000 7.79438 0.10091 13
-0.01169 -0.21235 41.21474 0 6.42500 -0.92500 41.21205 0.10296 -13
1.79279 -0.23263 19.42044 0 6.95000 -52.87500 9.65074 0.20797 13
0.71328 -0.17421 83.19852 0 5.25000 -25.05000 68.07258 0.12494 -13
-0.81844 -0.08012 30.09105 0 2.45000 24.50000 23.31640 0.13039 -13
-1.80204 -0.01770 98.13241 0 0.52500 55.12500 47.62194 0.20754 13
-0.12327 -0.22703 90.02135 0 6.85000 3.02500 89.37779 0.10400 13
0.20962 -0.03591 66.22438 0 1.10000 -7.45000 64.81747 0.10296 -13
-1.44498 0.02777 77.23674 0 -0.82500 41.57500 43.96453 0.17698 -13
0.40210 -0.21620 21.19714 0 6.50000 -9.72500 19.72912 0.11068 13
0.71791 -0.20777 34.86767 0 6.27500 -20.57500 28.52587 0.12573 -13
-1.47425 0.11528 29.56369 0 -3.45000 43.50000 16.67140 0.17975 -13
0.79407 0.09552 61.95611 0 -2.87500 -21.55000 48.60463 0.12895 -13
0.63689 0.01349 11.70880 0 -0.35000 -20.60000 9.87608 0.11940 -13
-1.13826 -0.08810 13.57043 0 2.70000 34.35000 8.97596 0.15287 -13
-0.14745 0.00446 35.36322 0 -0.12500 2.92500 34.98499 0.10179 -13
0.81973 0.03749 78.09166 0 -1.12500 -24.55000 60.41049 0.13027 -13
-0.50065 0.01607 66.44696 0 -0.50000 15.42500 59.41790 0.11263 13
1.47862 -0.06360 67.41353 0 1.92500 -42.37500 37.81794 0.17988 -13
2.04653 0.02338 49.81606 0 -0.72500 -57.60000 21.87521 0.22941 13
-1.92429 -0.00768 38.26905 0 0.25000 56.87500 17.64736 0.21839 -13
0.18395 -0.05654 88.54224 0 1.70000 -7.57500 87.08570 0.10255 -13
-0.93019 -0.14595 89.79006 0 4.40000 27.37500 66.06508 0.13832 -13
0.03634 -0.11491 33.43666 0 3.47500 -3.67500 33.41489 0.10144 -13
-0.50618 -0.10087 78.19419 0 3.02500 13.55000 69.83747 0.11332 13
-1.10826 0.07050 16.44512 0 -2.17500 33.95000 11.03101 0.15052 13
0.83822 -0.10271 1.47411 0 3.55000 -23.77500 1.13241 0.13234 -13
-0.36091 0.00028 60.82838 0 -0.00000 9.75000 57.21611 0.10706 -13
-0.85145 -0.19828 80.38964 0 6.00000 25.47500 61.70057 0.13377 -13
1.39088 0.13625 60.52840 0 -4.10000 -43.82500 35.54800 0.17305 -13
1.42505 -0.26304 60.52840 0 7.95000 -44.87500 35.54800 0.17733 -13
-0.73077 0.13318 99.56568 0 -4.00000 23.00000 80.63317 0.12544 -13
-0.74962 -0.26632 99.56568 0 8.05000 23.55000 80.63317 0.12869 -13
-0.07501 -0.21748 62.21205 0 6.57500 1.45000 62.04565 0.10334 -13
0.98290 -0.04277 20.69363 0 1.32500 -31.00000 14.76498 0.14128 -13
-0.10179 -0.09335 5.18496 0 2.90000 0.70000 5.15850 0.10171 -13
-0.45111 0.08672 53.26230 0 -2.62500 11.47500 48.58173 0.11082 13
0.09115 0.10012 98.58044 0 -3.02500 -2.00000 98.17752 0.10162 -13
-1.97764 0.08086 38.16968 0 -2.47500 61.27500 17.26897 0.22333 13
