-0.09388 -0.00603 5.23656 0 0.27500 5.25000 5.21360 0.10117 -13
-1.22666 -0.11118 38.72748 0 3.32500 36.10000 24.56118 0.15975 13
-0.09977 0.03020 72.01770 0 -0.90000 3.02500 71.66225 0.10125 -13
1.55257 -0.14904 93.13949 0 4.47500 -47.47500 50.82585 0.18657 13
0.56590 -0.12675 25.73572 0 3.85000 -16.17500 22.44101 0.11643 -13
-0.66561 -0.18287 99.05431 0 5.52500 18.25000 82.87123 0.12237 -13
-1.69059 0.01892 22.14064 0 -0.52500 48.60000 11.27394 0.19780 -13
0.14671 -0.10435 20.04541 0 3.12500 -1.75000 19.83530 0.10231 13
-0.44372 -0.06469 54.74272 0 1.95000 12.70000 50.05580 0.11036 -13
-0.20643 0.00345 33.42009 0 -0.10000 7.95000 32.72999 0.10283 -13
-0.31393 -0.00015 95.02468 0 -0.00000 8.45000 90.66224 0.10555 -13
-1.50485 -0.05981 82.50884 0 1.80000 46.05000 45.72153 0.18204 13
0.35117 -0.15302 19.78788 0 4.65000 -11.70000 18.69368 0.10786 -13
0.87486 -0.08085 50.50244 0 2.45000 -23.87500 38.06290 0.13406 -13
-0.53720 0.10405 96.37723 0 -3.15000 18.70000 85.00397 0.11480 13
-0.51536 0.13885 81.13352 0 -4.20000 14.82500 72.26323 0.11415 13
-0.52748 -0.26040 81.13352 0 7.85000 15.17500 72.26323 0.11683 13
-0.53103 0.12875 23.47876 0 -3.90000 17.97500 20.77366 0.11477 13
-0.54569 -0.27106 23.47876 0 8.15000 18.42500 20.77366 0.11790 13
-0.29362 -0.24030 14.58999 0 7.27500 8.00000 14.02949 0.10774 -13
0.47902 -0.03682 46.00145 0 1.10000 -13.67500 41.49237 0.11173 13
-0.06557 -0.22063 30.31544 0 6.67500 0.50000 30.25349 0.10335 -13
0.56687 -0.19117 61.29633 0 5.75000 -16.80000 53.55461 0.11734 13
-0.01840 -0.18907 66.85741 0 5.70000 -0.45000 66.84650 0.10251 -13
-0.31018 -0.12381 7.32446 0 3.80000 12.92500 7.00028 0.10621 -13
-0.20779 0.09106 30.63995 0 -2.72500 5.32500 30.00416 0.10326 -13
-0.37699 0.01872 24.91004 0 -0.55000 10.57500 23.30913 0.10764 -13
1.02179 -0.06598 52.67597 0 1.97500 -28.55000 36.88470 0.14412 13
-0.31923 0.01813 69.07904 0 -0.55000 8.32500 65.80811 0.10573 -13
-0.30117 0.01147 74.58498 0 -0.35000 9.47500 71.41673 0.10517 13
0.58320 -0.01314 48.68374 0 0.37500 -15.55000 42.05531 0.11658 13
0.36634 -0.23894 83.92760 0 7.22500 -10.87500 79.05856 0.10992 -13
0.68875 -0.11814 87.97702 0 3.55000 -20.72500 72.61467 0.12286 13
-0.23863 -0.00409 83.39242 0 0.12500 7.12500 81.11490 0.10353 13
0.88574 0.03541 51.04602 0 -1.05000 -27.55000 38.22259 0.13457 -13
0.29375 0.09371 51.71128 0 -2.82500 -7.42500 49.63212 0.10538 -13
-0.26532 0.11907 79.24670 0 -3.57500 7.75000 76.63195 0.10487 -13
-0.27369 -0.28126 79.24670 0 8.50000 8.00000 76.63195 0.10819 -13
0.75828 0.00007 42.17889 0 -0.00000 -21.47500 33.60895 0.12638 -13
0.83500 -0.01276 43.16632 0 0.40000 -26.97500 33.13531 0.13120 -13
-0.21336 0.04588 18.87803 0 -1.35000 8.22500 18.46366 0.10307 -13
-0.91512 -0.09941 31.46059 0 3.02500 30.52500 23.26144 0.13688 -13
-1.41915 0.03350 20.18361 0 -1.05000 40.32500 11.63018 0.17487 13
0.16404 -0.12473 28.40623 0 3.75000 -4.00000 28.03716 0.10281 13
1.37284 0.12837 11.52692 0 -3.80000 -39.62500 6.82250 0.17149 -13
1.41089 -0.27130 11.52692 0 8.25000 -40.80000 6.82250 0.17641 -13
0.06770 -0.18617 56.43871 0 5.60000 -3.17500 56.31408 0.10266 13
0.48375 -0.01913 90.95271 0 0.57500 -15.52500 81.87845 0.11189 -13
0.42433 0.07750 89.68374 0 -2.32500 -12.12500 82.59611 0.10967 -13
-0.40354 -0.17155 18.85805 0 5.20000 13.32500 17.52285 0.10998 -13
-1.46998 -0.20496 36.90782 0 6.20000 44.92500 21.05140 0.18025 -13
-0.59884 -0.23484 33.39563 0 7.10000 18.45000 28.85094 0.11975 -13
-2.11195 -0.21014 90.55971 0 6.35000 62.77500 39.44215 0.23628 -13
-0.25377 -0.08655 46.68053 0 2.62500 7.92500 45.25650 0.10426 -13
-0.37125 -0.16463 76.49798 0 4.95000 10.35000 71.82997 0.10869 13
0.55105 -0.19095 66.27833 0 5.75000 -17.05000 58.28743 0.11657 13
-0.14304 -0.15051 17.45351 0 4.57500 5.90000 17.28154 0.10287 -13
1.86873 -0.04386 81.11800 0 1.30000 -58.72500 38.30178 0.21348 13
-1.72527 -0.05727 64.64433 0 1.70000 52.60000 32.45852 0.20088 13
-1.14013 -0.13725 5.59412 0 4.27500 34.77500 3.70735 0.15350 -13
0.26986 -0.04607 62.22038 0 1.40000 -9.22500 60.07562 0.10441 -13
0.81920 -0.13282 91.82541 0 4.00000 -24.32500 71.28212 0.13086 13
-1.93457 -0.02064 98.33524 0 0.60000 59.10000 45.16256 0.21931 13
0.45816 0.06798 14.27779 0 -2.07500 -14.22500 12.98571 0.11099 13
0.33368 -0.07582 39.21307 0 2.27500 -9.75000 37.20780 0.10643 13
1.42570 -0.00775 76.53809 0 0.22500 -45.00000 43.95186 0.17538 13
-0.25240 -0.00611 35.78101 0 0.17500 9.67500 34.69311 0.10386 13
1.70813 -0.12855 26.16320 0 3.92500 -51.12500 13.29856 0.19978 -13
0.90610 0.06702 85.39444 0 -2.00000 -28.62500 63.33999 0.13607 -13
-0.06531 -0.23186 70.39421 0 7.00000 2.62500 70.25218 0.10359 -13
-0.44700 -0.09203 87.73686 0 2.77500 10.07500 80.15501 0.11069 -13
1.78927 0.10733 48.75942 0 -3.25000 -55.77500 23.89105 0.20672 13
-1.40216 0.01693 5.08059 0 -0.35000 42.27500 2.95059 0.17346 -13
0.62523 -0.19954 49.14074 0 6.02500 -17.40000 41.89278 0.12047 -13
1.11757 -0.05425 80.57859 0 1.65000 -33.55000 53.77510 0.15112 -13
0.20259 -0.03589 96.55040 0 1.07500 -5.90000 94.63060 0.10281 -13
-0.34421 -0.09590 39.33803 0 2.87500 11.12500 37.21414 0.10693 13
-0.00861 0.07637 40.76160 0 -2.30000 -2.45000 40.76010 0.10100 -13
0.08370 -0.05074 18.90321 0 1.50000 -2.00000 18.83754 0.10118 13
1.23717 0.03446 16.32826 0 -1.10000 -36.37500 10.26811 0.16025 13
-0.41870 -0.22385 52.14854 0 6.77500 13.60000 48.27440 0.11149 -13
-0.00686 0.10544 68.05362 0 -3.20000 -1.75000 68.05204 0.10127 13
0.78024 -0.13022 54.02186 0 3.95000 -26.05000 42.72625 0.12841 -13
-0.83881 -0.19288 90.33517 0 5.80000 27.15000 69.72903 0.13286 13
-0.75281 -0.11049 33.90790 0 3.35000 25.60000 27.14922 0.12655 -13
-0.79982 -0.09868 63.16729 0 2.97500 23.27500 49.42337 0.12934 -13
1.76510 -0.07468 56.39981 0 2.27500 -52.87500 27.85993 0.20445 -13
0.56274 0.00146 52.83051 0 -0.02500 -18.20000 46.04114 0.11555 -13
1.24046 -0.21758 95.28820 0 6.57500 -37.27500 60.64030 0.16195 -13
-0.16986 -0.13664 5.36409 0 4.22500 3.45000 5.28974 0.10313 -13
-0.12063 -0.23173 54.71042 0 6.97500 1.22500 54.33634 0.10408 13
0.28952 0.10496 20.58130 0 -3.15000 -5.62500 19.77771 0.10536 -13
-1.01309 -0.24811 18.58364 0 7.52500 29.05000 13.25162 0.14555 -13
-0.72345 0.11690 11.72201 0 -3.47500 22.02500 9.51920 0.12483 -13
-0.29859 -0.03409 20.20710 0 1.00000 10.55000 19.36348 0.10515 13
0.46808 0.05386 79.87832 0 -1.62500 -14.47500 72.36398 0.11132 13
0.23412 0.08448 89.38270 0 -2.55000 -5.67500 87.04547 0.10378 13
-1.26182 -0.03124 52.82065 0 0.95000 37.62500 32.81765 0.16217 -13
0.81342 -0.01117 63.02516 0 0.35000 -22.60000 48.89415 0.12982 -13
0.64885 -0.17770 74.21091 0 5.35000 -20.27500 62.53846 0.12136 13
-0.30940 0.13048 52.91193 0 -3.95000 8.32500 50.58471 0.10623 13
-0.31770 -0.26920 52.91193 0 8.10000 8.57500 50.58471 0.10908 13
-1.36785 -0.14213 10.25815 0 4.20000 42.47500 6.09365 0.17118 13
0.13092 -0.19233 37.74706 0 5.82500 -4.12500 37.43901 0.10340 -13
-1.75741 -0.04779 80.59138 0 1.45000 52.57500 39.89152 0.20368 -13
-0.49491 0.05443 7.79951 0 -1.57500 11.10000 6.99244 0.11249 -13
0.59647 -0.00920 45.72347 0 0.30000 -21.22500 39.26907 0.11726 -13
1.24997 0.10722 33.26909 0 -3.25000 -37.77500 20.85582 0.16157 13
0.84052 0.04564 41.95839 0 -1.35000 -22.57500 32.13349 0.13163 -13
-0.08953 0.09348 53.14573 0 -2.80000 1.25000 52.93581 0.10154 -13
1.59565 -0.17021 81.11590 0 5.15000 -47.22500 43.51762 0.19042 -13
-0.30100 -0.25277 1.29375 0 7.20000 9.20000 1.24194 0.10822 13
0.60464 -0.10564 42.83819 0 3.17500 -20.15000 36.71229 0.11815 13
-0.60227 0.01342 19.04850 0 -0.37500 18.27500 16.31817 0.11756 -13
-0.32682 0.04674 7.42038 0 -1.47500 10.77500 7.05404 0.10607 13
0.51007 -0.00899 66.80909 0 0.27500 -12.07500 59.51465 0.11305 13
-0.92140 0.05037 76.75796 0 -1.52500 29.10000 56.48251 0.13703 13
0.57871 -0.21057 22.99891 0 6.32500 -19.10000 20.01287 0.11825 13
1.88460 -0.21810 4.03661 0 6.32500 -55.00000 1.92618 0.21570 13
-0.86807 -0.24109 39.33861 0 7.30000 26.10000 30.06392 0.13556 -13
0.55392 0.05903 40.04812 0 -1.77500 -21.00000 35.04657 0.11527 -13
0.14462 0.14319 80.45136 0 -4.32500 -4.15000 79.63944 0.10276 -13
0.14777 -0.25584 80.45136 0 7.72500 -4.22500 79.63944 0.10501 -13
-0.37712 0.06307 25.06178 0 -1.87500 11.15000 23.45553 0.10781 -13
-0.04559 -0.22514 51.96103 0 6.80000 4.22500 51.90970 0.10333 -13
-0.23953 -0.05306 92.27433 0 1.60000 7.67500 89.74274 0.10370 -13
-0.15425 -0.13636 37.36500 0 4.10000 5.30000 36.93622 0.10281 13
-0.40286 -0.00376 45.35805 0 0.12500 11.10000 42.07226 0.10857 -13
0.71119 -0.02099 4.23633 0 0.77500 -22.80000 3.45273 0.12364 -13
0.49715 -0.24278 39.72899 0 7.35000 -14.27500 35.77327 0.11510 -13
0.43652 0.14869 42.66772 0 -4.47500 -13.85000 39.17214 0.11089 -13
0.44507 -0.25011 42.66772 0 7.55000 -14.12500 39.17214 0.11308 -13
1.95923 0.06515 58.43577 0 -1.97500 -59.55000 26.61080 0.22161 13
-0.13154 0.10543 31.12861 0 -3.20000 2.47500 30.86557 0.10213 13
-1.44762 0.10931 69.95644 0 -3.27500 45.52500 39.92024 0.17752 -13
0.31393 -0.14066 58.51967 0 4.22500 -9.90000 55.88188 0.10649 13
-1.20086 0.11521 92.45207 0 -3.47500 33.72500 59.39162 0.15780 13
-0.54990 0.13361 65.68340 0 -4.05000 17.15000 57.67289 0.11571 13
-0.56400 -0.26590 65.68340 0 8.02500 17.57500 57.67289 0.11867 13
-0.23023 0.02264 72.05301 0 -0.70000 7.30000 70.21698 0.10336 13
0.75205 0.06808 32.55171 0 -2.07500 -23.70000 26.03731 0.12620 13
0.95103 0.01801 74.46232 0 -0.55000 -27.55000 53.96171 0.13898 13
-0.31304 0.01789 8.49944 0 -0.47500 7.15000 8.11145 0.10554 -13
0.58509 0.12904 11.86500 0 -3.95000 -18.75000 10.26233 0.11743 13
0.60122 -0.27084 11.86500 0 8.12500 -19.22500 10.26233 0.12058 13
-0.56223 -0.18839 42.24605 0 5.67500 15.17500 36.97735 0.11706 13
-1.52551 -0.02685 69.81247 0 0.80000 44.90000 38.28299 0.18371 13
-0.66424 -0.14768 78.05392 0 4.45000 21.75000 65.23097 0.12180 13
-1.02455 0.09757 37.18926 0 -2.95000 29.27500 26.03910 0.14451 13
-0.53241 0.07592 92.21742 0 -2.30000 15.12500 81.45121 0.11435 13
0.00013 -0.21056 50.47721 0 6.35000 -2.07500 50.47721 0.10290 13
0.22879 -0.22736 50.14023 0 6.85000 -7.17500 48.93703 0.10581 13
-1.32817 0.06496 83.78229 0 -1.97500 41.00000 50.46262 0.16756 13
1.27389 -0.02234 63.30469 0 0.70000 -39.65000 39.09491 0.16310 -13
-1.90371 -0.03223 98.23083 0 0.95000 58.27500 45.69960 0.21657 13
-0.84052 -0.11414 98.46279 0 3.42500 24.17500 75.57543 0.13205 13
0.29791 0.04859 53.40075 0 -1.47500 -8.12500 51.18295 0.10519 13
0.21665 0.06955 7.81731 0 -2.15000 -5.07500 7.64088 0.10330 13
-0.29184 0.14637 18.88022 0 -4.40000 7.10000 18.13906 0.10592 -13
-0.29783 -0.25249 18.88022 0 7.65000 7.30000 18.13906 0.10813 -13
1.03495 -0.07959 14.63344 0 2.45000 -30.52500 10.18490 0.14517 -13
-0.11687 0.05090 4.60279 0 -1.65000 2.95000 4.57165 0.10157 13
-1.23958 0.09957 63.28944 0 -3.00000 38.70000 39.85741 0.16069 -13
1.72839 -0.04785 85.43518 0 1.42500 -49.45000 42.82178 0.20114 13
0.17664 -0.13972 54.93504 0 4.22500 -5.47500 54.11311 0.10323 -13
1.02524 0.07862 56.56214 0 -2.37500 -33.02500 39.55594 0.14445 13
-0.19846 0.12607 98.95846 0 -3.80000 3.32500 97.09422 0.10345 13
-0.20415 -0.27386 98.95846 0 8.25000 3.50000 97.09422 0.10641 13
-0.59363 -0.04331 33.93296 0 1.30000 17.95000 29.18604 0.11719 13
-1.76099 -0.20482 59.66917 0 6.20000 54.57500 29.92317 0.20500 -13
-0.04576 -0.15266 85.43711 0 4.60000 2.00000 85.34985 0.10198 -13
0.35082 0.06904 81.93316 0 -2.07500 -8.05000 77.33364 0.10694 -13
-0.77362 0.14397 89.79700 0 -4.35000 22.92500 71.29610 0.12814 13
-0.79023 -0.25504 89.79700 0 7.67500 23.42500 71.29610 0.13089 13
-0.53805 -0.05594 5.93278 0 1.77500 15.67500 5.22652 0.11453 -13
1.31075 -0.04406 92.49976 0 1.32500 -36.90000 56.14040 0.16608 13
0.13462 -0.24795 99.85044 0 7.47500 -7.22500 99.00874 0.10464 -13
1.02999 -0.01943 9.94290 0 0.52500 -32.77500 6.92653 0.14459 13
1.06655 0.09864 57.24280 0 -2.97500 -33.27500 39.25420 0.14756 -13
0.99260 0.03271 89.53978 0 -0.97500 -30.27500 63.56574 0.14192 -13
-1.06087 0.04494 38.62480 0 -1.37500 30.80000 26.50801 0.14689 13
1.23504 -0.00442 54.27047 0 0.15000 -36.67500 34.15114 0.16004 -13
-1.26086 0.06751 44.45398 0 -2.02500 38.02500 27.66229 0.16220 -13
-1.23712 -0.01641 31.31968 0 0.52500 36.27500 19.69027 0.16021 -13
1.59374 0.03741 64.20631 0 -1.15000 -49.07500 34.14172 0.18952 13
0.36021 0.09721 4.39662 0 -2.82500 -9.60000 4.13855 0.10748 -13
-0.17041 -0.24115 42.34297 0 7.27500 4.42500 41.77362 0.10501 -13
0.94478 0.04202 33.97128 0 -1.27500 -28.60000 24.70315 0.13861 13
0.27914 0.03894 94.53663 0 -1.17500 -8.62500 91.06049 0.10463 13
-0.05800 0.13451 5.46011 0 -3.97500 3.80000 5.45109 0.10176 -13
-0.05942 -0.26479 5.46011 0 8.07500 3.85000 5.45109 0.10445 -13
-0.06077 0.04989 58.04563 0 -1.50000 4.12500 57.93898 0.10101 -13
0.17987 0.13928 54.18172 0 -4.20000 -4.75000 53.34196 0.10328 13
0.18406 -0.25994 54.18172 0 7.82500 -4.87500 53.34196 0.10569 13
-0.59564 -0.18583 26.57274 0 5.57500 17.60000 22.93035 0.11868 13
-0.43163 -0.03053 99.30522 0 0.92500 11.80000 91.18128 0.10973 -13
-0.13259 0.03653 94.56260 0 -1.10000 2.87500 93.74329 0.10165 13
-1.55439 -0.18584 69.67758 0 5.62500 47.02500 38.15266 0.18708 -13
1.17623 0.08531 21.23266 0 -2.60000 -34.75000 13.78189 0.15572 13
1.02473 0.09178 80.99890 0 -2.77500 -30.50000 56.69275 0.14449 13
-0.65640 -0.24449 17.42749 0 7.35000 18.47500 14.69465 0.12291 13
-0.31732 -0.04530 1.38994 0 1.00000 11.15000 1.32502 0.10601 13
-0.89311 -0.18759 64.78715 0 5.67500 28.27500 48.68961 0.13635 -13
1.16842 0.08730 84.68711 0 -2.62500 -34.40000 55.18673 0.15512 -13
0.22025 0.00908 29.03062 0 -0.30000 -6.22500 28.35132 0.10312 13
-1.34824 0.05032 4.02387 0 -1.72500 40.22500 2.39962 0.16920 13
-0.14444 0.01365 70.68579 0 -0.40000 5.05000 69.96034 0.10176 -13
-0.01349 -0.03654 91.33948 0 1.10000 1.25000 91.33119 0.10078 -13
1.81062 -0.00968 48.35985 0 0.30000 -53.00000 23.38122 0.20830 -13
-0.10698 -0.13117 4.22740 0 4.07500 4.45000 4.20383 0.10222 -13
0.77565 0.07912 34.40939 0 -2.37500 -22.65000 27.22083 0.12769 -13
-0.04396 -0.23155 87.75149 0 7.00000 2.90000 87.67112 0.10347 -13
-0.66125 -0.17522 35.18138 0 5.27500 18.57500 29.47982 0.12201 13
-0.09719 -0.18220 62.19103 0 5.50000 5.35000 61.90866 0.10283 -13
0.33035 -0.09266 68.74630 0 2.80000 -11.72500 65.30407 0.10646 13
-0.07362 -0.24932 54.47753 0 7.50000 0.55000 54.33907 0.10405 13
0.51897 -0.04800 65.21581 0 1.45000 -14.85000 57.89950 0.11356 -13
0.45492 0.06361 40.71379 0 -1.92500 -10.85000 37.07206 0.11082 13
0.28690 0.00904 73.39069 0 -0.27500 -8.60000 70.54492 0.10477 13
0.08436 -0.23149 17.94333 0 7.00000 -0.87500 17.88307 0.10374 -13
0.77309 -0.16490 25.32879 0 4.95000 -21.57500 20.13893 0.12835 13
-0.70857 0.05200 88.44603 0 -1.57500 23.15000 72.19870 0.12353 -13
-0.33117 0.08172 48.95013 0 -2.45000 7.37500 46.48350 0.10640 -13
0.56517 0.11647 58.04227 0 -3.52500 -16.70000 50.61251 0.11627 13
1.88641 -0.22995 38.72148 0 6.97500 -53.77500 18.50194 0.21630 -13
-0.10236 -0.01491 18.38653 0 0.42500 2.25000 18.29091 0.10124 13
1.17294 -0.24133 34.29841 0 7.30000 -36.25000 22.61516 0.15715 -13
-0.87332 0.08448 13.40058 0 -2.60000 27.57500 10.10819 0.13400 13
-1.29888 -0.19788 33.93041 0 6.00000 41.20000 20.94836 0.16630 -13
-0.58153 -0.06906 18.52564 0 2.12500 20.47500 16.02407 0.11671 -13
-0.05031 0.05018 49.35833 0 -1.52500 0.22500 49.29611 0.10096 13
1.25403 0.07419 16.83006 0 -2.20000 -39.05000 10.51032 0.16168 -13
-2.01521 -0.16743 57.93790 0 5.07500 62.65000 26.04133 0.22719 -13
1.04530 0.04285 98.65139 0 -1.30000 -29.10000 68.22789 0.14575 13
1.58345 -0.04556 43.58166 0 1.40000 -47.72500 23.28822 0.18866 -13
1.10578 0.14386 61.54143 0 -4.32500 -32.50000 41.51016 0.15083 -13
1.12954 -0.25513 61.54143 0 7.70000 -33.22500 41.51016 0.15410 -13
0.54069 0.08877 45.91648 0 -2.67500 -14.55000 40.42617 0.11483 -13
-0.04730 -0.12805 99.29044 0 3.85000 1.45000 99.18130 0.10164 13
-0.75939 0.00037 70.31306 0 -0.00000 19.87500 55.99719 0.12645 -13
-0.63592 -0.14167 49.21882 0 4.25000 21.47500 41.65004 0.12019 13
-1.21084 0.03283 89.63343 0 -0.97500 34.72500 57.09507 0.15817 -13
-0.12210 -0.00309 51.39611 0 0.07500 3.82500 51.01723 0.10145 13
0.02210 -0.14233 36.45286 0 4.30000 -2.12500 36.44414 0.10175 -13
0.08805 0.14210 24.21135 0 -4.27500 -0.55000 24.11982 0.10209 -13
0.08999 -0.25695 24.21135 0 7.77500 -0.60000 24.11982 0.10439 -13
0.51461 -0.20668 20.38124 0 6.20000 -17.35000 18.20095 0.11513 13
0.43768 -0.06341 7.96919 0 1.97500 -11.47500 7.30297 0.11014 -13
-1.57591 -0.20420 44.20020 0 6.17500 47.30000 24.02667 0.18910 -13
-0.78937 0.07258 76.03596 0 -2.20000 25.22500 59.74302 0.12851 13
-0.94751 0.04824 65.75015 0 -1.45000 28.22500 47.75449 0.13881 -13
0.95458 -0.02392 13.88301 0 0.77500 -29.72500 10.04352 0.13925 -13
0.94631 0.10884 48.76039 0 -3.30000 -29.80000 35.51495 0.13909 13
0.54714 -0.23973 88.67116 0 7.22500 -14.32500 78.28044 0.11730 13
1.50592 -0.17274 23.45174 0 5.25000 -46.07500 13.10544 0.18292 -13
-0.20168 -0.03460 18.37818 0 1.02500 3.97500 18.01577 0.10279 13
-0.09178 -0.12262 60.85092 0 3.70000 2.50000 60.60003 0.10188 13
-2.17367 0.01160 86.35568 0 -0.35000 63.35000 36.09389 0.24094 -13
-0.10629 0.08860 58.73764 0 -2.67500 3.65000 58.41114 0.10166 -13
-1.79377 0.07262 1.99363 0 -2.70000 54.70000 0.97214 0.20765 13
-0.50663 -0.09121 87.53485 0 2.75000 17.20000 78.15098 0.11326 13
-0.62288 0.06054 77.20460 0 -1.82500 20.27500 65.56490 0.11880 -13
0.62371 -0.17830 26.81518 0 5.35000 -18.10000 22.85112 0.12002 13
-1.81258 0.02200 1.61509 0 -0.05000 54.80000 0.77982 0.20903 -13
-0.70317 -0.17733 95.76599 0 5.35000 22.20000 78.73547 0.12439 13
-0.60657 -0.19132 33.43210 0 5.75000 18.25000 28.72102 0.11934 13
-0.38273 0.09910 52.07447 0 -3.00000 9.97500 48.66451 0.10829 13
-1.60721 -0.14055 26.17731 0 4.20000 49.40000 13.92569 0.19113 13
-1.98106 -0.08833 5.50812 0 2.45000 57.92500 2.48920 0.22361 13
-1.52486 -0.06201 23.15674 0 1.90000 46.17500 12.71627 0.18375 -13
-1.46676 0.04261 8.09227 0 -1.17500 43.85000 4.56111 0.17882 -13
-0.07731 0.10711 9.98463 0 -3.27500 2.50000 9.95529 0.10160 13
-0.91806 -0.14276 4.78862 0 4.17500 29.45000 3.54365 0.13742 13
0.71160 0.11076 93.44121 0 -3.35000 -20.82500 76.28809 0.12410 13
0.04981 -0.04901 25.65529 0 1.50000 -3.97500 25.62361 0.10096 -13
1.29004 -0.18327 52.76284 0 5.55000 -38.05000 32.65890 0.16542 -13
0.45230 0.03767 37.07649 0 -1.15000 -13.02500 33.78572 0.11059 13
0.20103 0.03927 59.74486 0 -1.20000 -9.25000 58.57472 0.10279 13
-1.16663 -0.04193 53.78802 0 1.25000 34.45000 35.02311 0.15479 13
0.45572 0.13042 46.25822 0 -3.95000 -13.20000 42.15396 0.11145 13
0.46800 -0.26926 46.25822 0 8.10000 -13.57500 42.15396 0.11444 13
-0.45396 0.06192 12.08878 0 -1.82500 12.82500 11.01158 0.11076 -13
0.93097 0.08335 20.88055 0 -2.55000 -28.97500 15.30742 0.13786 13
0.14304 0.05205 39.40400 0 -1.55000 -6.90000 39.00800 0.10186 -13
-0.01853 0.02997 56.38182 0 -0.90000 -1.40000 56.37214 0.10076 -13
1.27350 -0.06605 73.96292 0 1.97500 -38.35000 45.74000 0.16319 13
0.99353 -0.13730 68.47649 0 4.15000 -30.55000 48.80160 0.14263 -13
1.20583 -0.13363 56.80305 0 4.02500 -35.92500 36.45057 0.15832 13
-0.15603 0.06369 7.66007 0 -1.85000 1.95000 7.56893 0.10212 -13
0.79311 -0.02531 40.91891 0 0.75000 -22.72500 32.06357 0.12856 13
0.23207 -0.00197 69.08032 0 0.07500 -6.37500 67.29217 0.10338 -13
0.58923 -0.20415 57.90599 0 6.17500 -17.42500 50.14808 0.11869 -13
0.95640 -0.19048 83.77228 0 5.75000 -27.50000 61.05369 0.14067 -13
-1.08239 0.12330 90.21215 0 -3.70000 31.50000 61.46681 0.14891 -13
-1.11465 -0.27675 90.21215 0 8.35000 32.47500 61.46681 0.15336 -13
-0.08870 -0.11091 6.39759 0 3.27500 3.50000 6.37291 0.10170 13
-0.48911 0.14282 38.71668 0 -4.30000 13.40000 34.84694 0.11302 -13
-0.49982 -0.25622 38.71668 0 7.75000 13.72500 34.84694 0.11552 -13
1.32551 -0.15006 69.79545 0 4.52500 -42.37500 42.33217 0.16788 13
-1.91805 0.05766 26.33377 0 -1.77500 60.07500 12.19024 0.21792 13
-2.06740 -0.14929 3.11311 0 4.85000 62.90000 1.36797 0.23224 -13
-0.30435 -0.14495 30.20967 0 4.35000 5.27500 28.92599 0.10626 13
1.72239 -0.01970 9.87974 0 0.50000 -53.55000 4.96125 0.20058 13
1.65689 -0.09552 68.64677 0 2.90000 -48.05000 35.59051 0.19513 -13
0.80104 0.01924 33.71658 0 -0.55000 -21.45000 26.31686 0.12904 -13
-0.15424 -0.24673 10.03489 0 7.40000 6.12500 9.92410 0.10484 13
0.11359 0.11730 62.27682 0 -3.55000 -4.20000 61.88419 0.10204 13
0.29672 0.11609 28.38835 0 -3.52500 -9.62500 27.23022 0.10570 13
-0.32398 -0.19321 78.47454 0 5.82500 9.62500 74.78216 0.10763 13
1.24775 -0.18723 23.02048 0 5.67500 -38.77500 14.54769 0.16215 -13
-0.61214 0.09754 75.53848 0 -2.95000 19.20000 64.50935 0.11848 13
-0.31656 -0.14658 30.58673 0 4.40000 8.87500 29.18849 0.10665 13
0.92859 -0.20900 46.95792 0 6.30000 -31.37500 34.74858 0.13901 13
0.40800 0.10733 77.46016 0 -3.25000 -13.97500 71.77900 0.10930 13
0.76141 -0.22607 62.30779 0 6.82500 -22.52500 50.02161 0.12861 -13
-1.38802 -0.02039 60.72024 0 0.62500 44.65000 35.49845 0.17229 -13
-0.73833 -0.17073 26.68151 0 5.12500 21.37500 21.57319 0.12633 13
0.25489 0.07867 40.33107 0 -2.35000 -9.30000 39.08870 0.10422 -13
0.93464 -0.10917 44.20156 0 3.27500 -28.55000 32.38163 0.13827 13
0.82491 0.07819 5.45341 0 -2.25000 -26.65000 4.21189 0.13077 -13
0.13979 0.02056 94.98190 0 -0.62500 -2.90000 94.06762 0.10170 -13
-0.07578 0.03923 44.89876 0 -1.20000 1.72500 44.77058 0.10107 13
0.99334 -0.09828 55.91140 0 2.97500 -31.50000 39.76117 0.14230 -13
-0.95055 -0.17307 8.97809 0 5.15000 28.47500 6.55277 0.13998 13
0.08431 -0.24500 81.28275 0 7.40000 -2.07500 81.01162 0.10403 -13
-0.70352 0.05248 67.06965 0 -1.57500 21.22500 54.87973 0.12324 -13
-0.31871 0.02806 62.56082 0 -0.85000 8.97500 59.60899 0.10573 13
0.12826 -0.23139 85.34001 0 6.97500 -5.45000 84.68136 0.10416 13
-0.23511 0.02523 92.95138 0 -0.77500 4.97500 90.48566 0.10348 13
-0.04170 -0.09276 80.71984 0 2.80000 -0.40000 80.65036 0.10122 13
-0.74624 0.07669 99.56551 0 -2.32500 20.87500 79.88026 0.12588 13
-0.08762 -0.18643 23.49412 0 5.65000 3.12500 23.40745 0.10283 -13
-1.69793 -0.20760 75.27410 0 6.27500 52.00000 38.80010 0.19955 -13
-0.52342 -0.00860 83.98399 0 0.25000 17.25000 74.40831 0.11367 13
-0.13885 0.03529 41.73268 0 -1.05000 5.75000 41.33660 0.10173 -13
1.26687 -0.20850 61.50917 0 6.27500 -37.72500 38.60875 0.16387 13
1.48280 0.14008 28.47277 0 -4.25000 -45.12500 16.02609 0.18069 13
1.51687 -0.25918 28.47277 0 7.77500 -46.12500 16.02609 0.18478 13
0.00150 0.04064 52.03528 0 -1.22500 0.37500 52.03523 0.10079 -13
1.70894 -0.23584 66.95737 0 7.10000 -49.77500 34.50208 0.20077 13
1.49868 -0.17947 13.86454 0 5.35000 -45.72500 7.77956 0.18227 13
-0.75770 0.02099 13.51465 0 -0.60000 21.45000 10.77280 0.12636 -13
0.29144 -0.03702 1.90332 0 1.37500 -7.70000 1.82754 0.10515 -13
0.67795 -0.17055 54.57588 0 5.12500 -18.80000 45.37611 0.12286 13
-1.87554 -0.02251 53.12195 0 0.65000 57.97500 24.99787 0.21405 13
-0.65760 0.08046 41.62152 0 -2.42500 18.50000 34.80959 0.12079 -13
-0.32570 -0.13338 90.68137 0 4.02500 7.70000 86.29566 0.10676 -13
-0.06926 0.02480 70.26833 0 -0.75000 1.27500 70.10051 0.10097 -13
1.90339 -0.05994 99.38754 0 1.82500 -57.07500 46.28955 0.21661 -13
0.11749 0.10874 79.64579 0 -3.27500 -1.80000 79.10796 0.10198 -13
-0.35645 -0.14171 13.65628 0 4.32500 10.40000 12.87769 0.10788 -13
0.59189 0.02923 98.76068 0 -0.87500 -18.75000 84.99859 0.11706 -13
-1.15023 0.12328 56.99280 0 -3.72500 36.17500 37.55382 0.15399 13
-1.18453 -0.27682 56.99280 0 8.32500 37.20000 37.55382 0.15856 13
-0.39070 -0.18168 71.02435 0 5.47500 12.10000 66.29431 0.10965 13
0.04887 0.07331 29.03516 0 -2.20000 -3.22500 29.00072 0.10109 -13
0.02640 -0.23265 62.32065 0 7.02500 -0.27500 62.30005 0.10343 -13
0.81044 -0.07093 82.63170 0 2.15000 -25.15000 64.25997 0.12982 -13
-0.16151 0.07954 22.79666 0 -2.37500 6.75000 22.50676 0.10232 -13
-0.25857 -0.23866 88.72249 0 7.20000 7.25000 86.04282 0.10676 -13
0.96481 -0.03476 34.52968 0 1.07500 -29.00000 24.85626 0.13998 -13
0.25240 -0.19804 83.33328 0 5.97500 -8.22500 80.89071 0.10575 13
0.13375 0.12623 2.91732 0 -3.97500 -3.47500 2.89190 0.10254 13
0.13778 -0.27400 2.91732 0 8.07500 -3.57500 2.89190 0.10524 13
-0.87121 -0.11453 68.70392 0 3.47500 29.27500 51.94773 0.13406 -13
0.77995 0.07257 96.56097 0 -2.17500 -23.20000 76.21550 0.12791 -13
2.03313 -0.09150 20.82808 0 2.82500 -62.30000 9.22318 0.22841 -13
0.97181 -0.03700 8.80826 0 1.02500 -30.20000 6.31881 0.14047 13
-0.07849 0.12077 61.38869 0 -3.65000 2.70000 61.20316 0.10174 13
-0.08091 -0.27947 61.38869 0 8.42500 2.77500 61.20316 0.10487 13
1.48526 -0.13640 28.13054 0 4.15000 -44.07500 15.81071 0.18086 -13
0.21325 -0.04958 76.67990 0 1.50000 -7.22500 74.99762 0.10309 -13
-0.17147 -0.12589 5.88662 0 3.87500 4.05000 5.80324 0.10301 -13
-0.29429 0.02635 42.81990 0 -0.80000 8.97500 41.07921 0.10501 13
-0.19963 -0.15196 82.21353 0 4.60000 6.17500 80.65759 0.10383 -13
0.63069 -0.11663 78.95469 0 3.50000 -22.07500 66.91002 0.11963 13
0.34374 0.00681 98.00176 0 -0.20000 -9.97500 92.67946 0.10649 13
0.24546 0.11767 18.21804 0 -3.57500 -6.37500 17.69966 0.10438 13
0.25337 -0.28283 18.21804 0 8.50000 -6.60000 17.69966 0.10758 13
0.17344 -0.22553 22.01407 0 6.82500 -4.27500 21.70573 0.10471 -13
-0.30171 -0.01859 9.97654 0 0.50000 6.80000 9.55137 0.10521 13
-0.07087 0.14378 7.66741 0 -4.27500 -0.65000 7.64863 0.10197 -13
-0.07243 -0.25524 7.66741 0 7.77500 -0.60000 7.64863 0.10425 -13
-1.31617 -0.10451 62.38771 0 3.15000 38.87500 37.87307 0.16678 13
0.27575 -0.01221 15.26275 0 0.32500 -9.12500 14.71374 0.10447 13
-0.07113 0.05176 54.26464 0 -1.57500 1.27500 54.12825 0.10109 13
-0.32986 -0.15502 32.81516 0 4.70000 10.57500 31.19929 0.10719 -13
-1.71608 -0.06940 30.77733 0 2.12500 51.42500 15.52357 0.20015 -13
0.46269 -0.07986 54.76332 0 2.40000 -15.02500 49.72883 0.11124 13
-1.08587 -0.13741 27.84062 0 4.17500 33.85000 18.95562 0.14931 -13
0.84633 0.01322 60.10222 0 -0.40000 -23.97500 45.87889 0.13193 -13
-0.46551 0.11688 89.33938 0 -3.52500 13.35000 81.09140 0.11170 13
1.85742 -0.02947 44.06405 0 0.87500 -56.52500 20.89558 0.21245 13
-0.24627 0.13422 71.07063 0 -4.05000 5.77500 69.04389 0.10458 -13
-0.25251 -0.26524 71.07063 0 8.00000 5.95000 69.04389 0.10725 -13
-0.73504 -0.06446 38.18133 0 1.92500 20.77500 30.78780 0.12514 13
0.30879 -0.01149 19.47312 0 0.32500 -7.87500 18.60631 0.10540 13
-1.80638 0.11928 58.69460 0 -3.62500 54.02500 28.58205 0.20828 13
-1.86325 -0.28110 58.69460 0 8.45000 55.72500 28.58205 0.21478 13
0.37112 -0.24199 71.60142 0 7.30000 -11.95000 67.35352 0.11014 13
1.61297 -0.02622 54.87828 0 0.77500 -46.62500 28.92359 0.19113 13
-2.08706 -0.21425 49.96384 0 6.47500 60.65000 21.98462 0.23410 -13
1.82057 -0.07472 40.85061 0 2.22500 -56.02500 19.70890 0.20930 13
0.70252 0.03832 7.32110 0 -1.25000 -22.10000 5.99224 0.12315 13
-0.91280 -0.16290 98.44368 0 4.90000 28.25000 73.13879 0.13733 13
0.02207 0.12125 7.03930 0 -3.60000 -1.15000 7.03762 0.10145 -13
0.02267 -0.27887 7.03930 0 8.47500 -1.17500 7.03762 0.10465 -13
0.05757 -0.03631 97.61644 0 1.10000 -1.50000 97.45528 0.10094 13
0.83728 -0.02469 28.25542 0 0.77500 -28.12500 21.66721 0.13137 -13
0.26447 0.02236 21.62109 0 -0.65000 -8.60000 20.90280 0.10419 -13
-0.49026 -0.01770 33.09131 0 0.52500 13.62500 29.71375 0.11217 13
-0.91089 -0.08994 61.16583 0 2.70000 23.90000 45.30134 0.13652 13
2.12444 0.02819 91.71599 0 -0.85000 -62.25000 39.07338 0.23647 13
-0.30615 -0.15228 71.42102 0 4.60000 7.82500 68.35857 0.10643 -13
0.96704 -0.04316 29.03831 0 1.32500 -29.15000 20.88384 0.14016 -13
0.40315 0.04657 1.47376 0 -1.75000 -12.10000 1.36707 0.10903 13
-0.25900 -0.03603 28.85561 0 1.07500 7.77500 27.93509 0.10409 13
0.86299 0.13063 1.23978 0 -4.50000 -24.27500 0.94177 0.13453 13
0.88667 -0.27021 1.23978 0 7.55000 -24.80000 0.94177 0.13716 13
0.51578 -0.02254 98.17773 0 0.67500 -16.22500 87.25966 0.11333 13
1.23513 0.12298 36.95322 0 -3.72500 -36.17500 23.35793 0.16053 13
1.27210 -0.27714 36.95322 0 8.32500 -37.30000 23.35793 0.16529 13
-0.07790 -0.16926 23.81075 0 5.12500 5.00000 23.74083 0.10245 -13
-0.76214 -0.18976 9.54202 0 5.80000 22.92500 7.63833 0.12811 -13
-1.82686 0.01369 21.05372 0 -0.45000 56.35000 10.10971 0.20973 13
-0.82380 0.06124 53.62985 0 -1.82500 24.00000 41.42396 0.13062 -13
-2.00915 -0.11227 43.68345 0 3.35000 63.00000 19.56174 0.22627 13
-0.74976 0.01469 67.53515 0 -0.42500 21.75000 54.03636 0.12587 -13
0.24059 0.01290 17.41422 0 -0.35000 -8.55000 16.93105 0.10359 -13
0.86780 -0.10839 8.59837 0 3.20000 -25.52500 6.51061 0.13375 13
-0.27225 0.12913 38.84536 0 -3.90000 8.42500 37.50248 0.10518 13
-0.27970 -0.27062 38.84536 0 8.15000 8.65000 37.50248 0.10805 13
-1.45717 -0.06535 40.17247 0 2.00000 46.77500 22.76373 0.17810 -13
-0.04253 0.10185 77.43641 0 -3.07500 3.72500 77.36722 0.10132 13
-0.03416 -0.02158 71.28457 0 0.65000 -0.67500 71.24302 0.10078 13
0.37242 -0.06584 61.91921 0 2.00000 -10.85000 58.04109 0.10767 -13
0.75440 -0.03727 63.21490 0 1.12500 -20.57500 50.47768 0.12620 13
1.40845 0.11333 10.69044 0 -3.35000 -44.35000 6.21623 0.17425 -13
-0.36240 0.14163 73.10435 0 -4.27500 11.37500 68.80886 0.10805 -13
-0.37052 -0.25746 73.10435 0 7.77500 11.60000 68.80886 0.11048 -13
-0.50402 -0.07170 40.80606 0 2.15000 15.90000 36.45817 0.11300 13
1.34709 -0.17113 36.13525 0 5.17500 -42.42500 21.74057 0.16983 -13
-1.44048 -0.03277 82.57309 0 1.00000 42.77500 47.10564 0.17662 -13
-1.25919 -0.11822 22.67384 0 3.52500 37.25000 14.16114 0.16234 13
1.41760 -0.20739 72.30928 0 6.25000 -42.17500 42.26715 0.17593 13
-0.08297 -0.07742 83.36850 0 2.32500 3.20000 83.08472 0.10135 13
-0.18548 -0.24131 39.38808 0 7.30000 5.15000 38.76298 0.10527 -13
-0.54234 -0.00995 93.03051 0 0.30000 19.32500 81.77882 0.11456 13
-1.14307 -0.13792 12.48710 0 4.22500 32.35000 8.26551 0.15362 -13
-1.69772 -0.21898 98.63285 0 6.60000 49.90000 50.93184 0.19963 13
-2.02612 0.04752 61.57980 0 -1.45000 63.50000 27.27850 0.22760 13
-1.24314 -0.08811 14.62178 0 2.70000 37.87500 9.18603 0.16094 -13
1.31249 -0.02342 85.47169 0 0.72500 -41.62500 51.80865 0.16618 -13
-1.40343 -0.15606 34.70886 0 4.72500 40.82500 20.30236 0.17427 -13
-0.84035 -0.05625 55.78458 0 1.70000 25.05000 42.73539 0.13166 -13
1.66311 -0.02076 44.80706 0 0.65000 -51.25000 23.09299 0.19544 -13
-0.22364 -0.09428 36.24045 0 2.82500 8.07500 35.37414 0.10362 13
-0.79604 -0.09302 27.84858 0 2.77500 26.32500 21.82453 0.12905 13
-1.06619 0.09039 14.00309 0 -2.67500 34.22500 9.60009 0.14747 -13
-0.00543 -0.10746 28.81618 0 3.22500 0.45000 28.81576 0.10128 13
-0.34432 -0.21160 33.38267 0 6.40000 12.37500 31.63613 0.10863 -13
-1.31464 0.09375 34.14091 0 -2.80000 38.05000 20.72658 0.16660 -13
0.39825 -0.18430 42.59531 0 5.55000 -8.70000 39.66196 0.10996 13
-0.47792 -0.06200 87.77361 0 1.87500 13.10000 79.22203 0.11179 13
1.97368 0.09518 61.02023 0 -2.90000 -59.42500 27.67741 0.22303 13
-0.41115 -0.11702 95.99389 0 3.52500 13.12500 88.86958 0.10952 -13
1.61981 0.10552 46.97148 0 -3.17500 -48.07500 24.77306 0.19198 -13
1.34544 -0.21487 61.01877 0 6.47500 -41.47500 36.92775 0.17018 13
0.36801 -0.10468 93.92010 0 3.17500 -11.12500 88.19828 0.10782 -13
0.86959 -0.10199 87.88296 0 3.07500 -26.55000 66.46378 0.13384 13
-1.04120 -0.11662 97.79151 0 3.50000 29.97500 67.97724 0.14585 13
-1.05293 0.03688 3.97229 0 -1.27500 31.67500 2.73632 0.14637 13
-0.95921 0.11366 39.95148 0 -3.45000 29.65000 28.92022 0.14002 13
-0.02485 -0.04306 21.84176 0 1.32500 0.95000 21.83505 0.10084 -13
-0.27463 0.04916 74.46571 0 -1.47500 9.95000 71.81284 0.10455 -13
0.47165 0.03500 63.27090 0 -1.07500 -14.92500 57.23172 0.11140 13
-0.10034 -0.01421 92.46695 0 0.42500 1.07500 92.00503 0.10122 13
-1.11088 0.02745 95.88856 0 -0.82500 35.77500 64.16665 0.15055 13
1.79858 0.08421 32.81459 0 -2.50000 -53.77500 15.98926 0.20738 -13
-1.01445 0.07735 57.16822 0 -2.35000 30.45000 40.19444 0.14366 13
0.55803 -0.04682 23.43200 0 1.37500 -17.67500 20.46722 0.11541 13
-1.11700 0.06820 48.30244 0 -2.07500 30.62500 32.25964 0.15114 13
0.92598 0.11188 16.13904 0 -3.32500 -29.60000 11.87580 0.13769 -13
-0.11160 -0.10294 97.05197 0 3.10000 3.22500 96.45945 0.10186 -13
-0.48548 -0.02134 30.85808 0 0.65000 16.25000 27.76091 0.11196 -13
0.22097 -0.01531 92.40133 0 0.45000 -6.17500 90.22531 0.10314 13
0.33279 0.05052 88.26448 0 -1.52500 -7.55000 83.75909 0.10625 -13
-1.21495 0.01736 15.50708 0 -0.57500 37.55000 9.85567 0.15848 13
1.09475 -0.11043 84.71210 0 3.35000 -31.95000 57.32094 0.14974 -13
-1.11753 -0.24021 6.69055 0 7.12500 32.62500 4.53077 0.15283 13
-2.00373 -0.02544 73.66098 0 0.77500 60.72500 32.90114 0.22554 -13
-0.77731 -0.12517 87.70682 0 3.77500 25.35000 69.44966 0.12817 -13
-0.11307 0.06049 60.31489 0 -1.82500 3.55000 59.93438 0.10153 -13
0.38876 0.05727 84.77806 0 -1.72500 -11.07500 79.03403 0.10820 13
0.15099 0.06605 71.85177 0 -2.00000 -2.27500 71.04985 0.10206 13
-1.07747 -0.07410 42.53964 0 2.22500 32.00000 28.98091 0.14822 13
0.65851 -0.00456 8.63798 0 0.20000 -20.22500 7.21426 0.12059 -13
2.12857 -0.05149 21.83666 0 1.60000 -63.72500 9.29461 0.23694 -13
-0.37372 -0.24288 34.52300 0 7.35000 11.02500 32.44969 0.11027 -13
-1.43732 -0.07363 34.27112 0 2.20000 44.02500 19.60772 0.17648 13
