-0.18476 -0.22269 2.15565 0 6.47500 6.20000 2.12147 0.10478 13
0.06644 0.10571 95.79546 0 -3.20000 -5.72500 95.58703 0.10149 13
-0.58245 -0.02634 37.20017 0 0.77500 18.87500 32.14781 0.11657 13
-0.19903 -0.23615 64.89944 0 7.12500 7.35000 63.71515 0.10539 13
0.22006 0.05254 68.84560 0 -1.60000 -8.20000 67.24109 0.10325 13
1.40807 -0.04464 89.39837 0 1.32500 -41.42500 51.79840 0.17398 13
0.23670 -0.14159 13.58682 0 4.30000 -9.05000 13.22827 0.10449 -13
-1.24073 -0.10560 64.88464 0 3.17500 37.20000 40.85332 0.16082 13
-1.07683 0.04275 29.24996 0 -1.27500 33.17500 19.91362 0.14805 -13
1.49753 0.11521 82.53301 0 -3.47500 -46.72500 46.04309 0.18171 13
0.30456 0.02205 48.93396 0 -0.67500 -9.95000 46.81202 0.10529 13
-1.33405 -0.23189 66.30603 0 6.97500 40.52500 40.43514 0.16950 13
-0.28463 0.05561 65.96362 0 -1.67500 8.50000 63.45112 0.10485 13
-1.84615 0.04401 29.58254 0 -1.35000 55.80000 14.10008 0.21149 13
-0.92206 0.08441 22.21482 0 -2.52500 31.07500 16.35872 0.13723 -13
-1.95855 -0.21395 93.09531 0 6.45000 55.70000 43.08972 0.22248 13
0.56070 0.06646 12.68921 0 -2.05000 -16.42500 11.07408 0.11566 13
-0.79693 -0.02030 59.97156 0 0.60000 26.07500 46.90347 0.12878 13
1.93645 -0.00692 74.71048 0 0.22500 -58.02500 34.28127 0.21947 -13
-0.42424 -0.06136 69.52687 0 1.85000 13.47500 64.02357 0.10956 13
0.33053 -0.18131 16.23887 0 5.42500 -9.07500 15.44286 0.10760 13
-0.49145 -0.03944 52.16069 0 1.17500 13.70000 46.81981 0.11228 13
-0.89881 0.11685 37.23164 0 -3.50000 26.12500 27.77408 0.13590 -13
-0.89589 -0.04284 20.44783 0 1.25000 25.42500 15.23569 0.13527 13
-1.13761 -0.21526 1.84058 0 6.05000 34.50000 1.23028 0.15393 13
1.03308 -0.19100 67.08378 0 5.77500 -29.72500 47.08735 0.14607 -13
-0.63761 -0.13773 13.06099 0 4.10000 16.65000 11.04273 0.12022 13
-0.13694 -0.10635 28.03431 0 3.22500 4.70000 27.77794 0.10221 -13
-0.64525 -0.22519 13.63336 0 6.82500 19.37500 11.53826 0.12201 -13
-1.45537 -0.23430 61.52330 0 7.07500 43.17500 35.47349 0.17940 -13
-0.14557 -0.00904 36.60777 0 0.27500 4.55000 36.22600 0.10177 -13
0.10953 0.12234 1.09275 0 -3.22500 -2.75000 1.08638 0.10235 -13
-1.22213 -0.10303 75.19215 0 3.10000 39.80000 47.76581 0.15936 13
0.07252 -0.19806 35.97227 0 5.97500 -1.77500 35.88167 0.10293 -13
-0.99643 -0.21802 68.84492 0 6.57500 26.92500 49.32829 0.14383 13
-1.21845 -0.16812 69.74718 0 5.05000 37.30000 44.61579 0.15963 13
1.17356 -0.12013 85.90681 0 3.62500 -34.70000 55.94756 0.15573 13
0.52794 -0.01879 34.24092 0 0.57500 -14.30000 30.28145 0.11388 -13
-0.03210 -0.19296 89.45263 0 5.82500 1.85000 89.40822 0.10261 13
0.00627 0.08569 18.15161 0 -2.55000 1.05000 18.15126 0.10107 -13
0.39274 -0.01032 61.17110 0 0.32500 -12.97500 56.93790 0.10820 -13
-0.93010 -0.24002 4.81813 0 7.37500 26.55000 3.57338 0.13982 -13
0.44693 -0.04600 85.84709 0 1.40000 -17.35000 78.38941 0.11040 -13
-1.38764 -0.15266 53.71906 0 4.62500 41.42500 31.64501 0.17294 -13
0.86799 -0.12139 72.22421 0 3.65000 -26.50000 54.71430 0.13390 13
-0.14954 -0.12610 2.65969 0 3.60000 4.37500 2.63095 0.10261 13
-0.49343 0.06380 91.21566 0 -1.92500 15.12500 81.83209 0.11248 -13
0.96854 0.03939 1.08796 0 -0.55000 -26.87500 0.78185 0.14082 -13
-1.69044 -0.23069 14.66961 0 6.90000 49.97500 7.61326 0.19904 13
1.87098 -0.14987 39.63431 0 4.50000 -53.80000 18.84541 0.21414 13
-0.63147 0.04085 38.43229 0 -1.25000 16.42500 32.50343 0.11917 13
1.78864 -0.04779 1.53049 0 2.12500 -52.62500 0.74733 0.20726 -13
0.15322 0.01079 35.30261 0 -0.30000 -4.40000 34.89542 0.10188 -13
-1.59320 0.03404 79.59092 0 -1.02500 50.82500 42.33000 0.18946 -13
-1.44635 0.00061 78.18113 0 -0.00000 45.17500 44.46195 0.17707 -13
-0.22882 -0.10539 33.68005 0 3.20000 6.57500 32.84017 0.10385 -13
-1.51815 0.07615 30.54298 0 -2.27500 47.30000 16.83543 0.18321 -13
-0.42953 -0.19902 34.75418 0 6.02500 12.70000 32.02842 0.11143 -13
0.82349 -0.10282 55.22164 0 3.12500 -25.35000 42.71882 0.13087 -13
-1.98241 -0.20735 2.74924 0 6.67500 58.32500 1.25985 0.22523 -13
-0.97144 -0.23339 31.32854 0 7.07500 28.55000 22.75835 0.14238 -13
0.03843 0.11395 25.55881 0 -3.42500 -2.22500 25.54021 0.10142 -13
1.78975 0.13727 71.26734 0 -4.15000 -55.00000 35.00861 0.20694 13
1.83298 -0.26205 71.26734 0 7.90000 -56.27500 35.00861 0.21190 13
0.00585 -0.09840 34.55116 0 2.97500 0.37500 34.55057 0.10119 -13
-1.59612 0.11178 82.14770 0 -3.37500 48.85000 43.80954 0.19001 13
1.80916 -0.10505 82.09979 0 3.17500 -55.97500 39.88333 0.20845 -13
1.68960 -0.21285 46.68350 0 6.45000 -52.22500 24.16793 0.19891 -13
0.89150 0.14363 9.35809 0 -4.25000 -25.47500 7.01675 0.13565 -13
0.91083 -0.25538 9.35809 0 7.77500 -26.10000 7.01675 0.13870 -13
0.46048 0.04194 51.60052 0 -1.27500 -11.65000 46.87736 0.11095 13
-0.70844 -0.23501 87.45862 0 7.07500 23.20000 71.99739 0.12565 13
-1.63548 -0.02623 16.89291 0 0.85000 47.72500 8.81442 0.19308 -13
-1.37774 -0.02413 37.30368 0 0.75000 44.60000 21.91655 0.17146 -13
-0.08920 0.05074 22.92228 0 -1.55000 4.12500 22.83188 0.10124 13
0.18740 -0.03019 9.63331 0 0.85000 -4.72500 9.46852 0.10250 13
-0.91677 0.14183 89.53644 0 -4.27500 28.12500 66.29813 0.13737 13
-0.93726 -0.25729 89.53644 0 7.75000 28.72500 66.29813 0.14042 13
-1.63103 -0.15439 9.90162 0 4.75000 48.70000 5.22071 0.19336 -13
0.38355 0.06530 91.03970 0 -1.97500 -10.85000 85.02499 0.10805 -13
0.34651 0.12676 64.01778 0 -3.82500 -10.45000 60.54074 0.10734 -13
0.35635 -0.27310 64.01778 0 8.25000 -10.75000 60.54074 0.11039 -13
0.37842 -0.03560 28.48176 0 1.10000 -10.80000 26.64031 0.10773 -13
-0.71150 0.12808 33.96483 0 -3.87500 17.20000 27.74984 0.12428 13
-0.73130 -0.27168 33.96483 0 8.17500 17.80000 27.74984 0.12771 13
-0.31877 -0.22448 80.64423 0 6.77500 11.90000 77.00530 0.10808 13
-0.19801 -0.11593 39.58694 0 3.50000 4.65000 38.84266 0.10332 -13
-0.65545 -0.09272 16.63240 0 2.75000 18.92500 13.92780 0.12077 13
0.44612 0.05991 31.42317 0 -1.80000 -15.20000 28.70545 0.11043 -13
-0.24612 0.00284 2.96924 0 -0.25000 8.57500 2.88309 0.10379 13
0.60974 0.08694 66.99540 0 -2.62500 -18.22500 57.25902 0.11827 13
0.79813 -0.19802 44.50709 0 5.97500 -25.17500 35.04429 0.13039 -13
-0.53323 0.05914 44.58993 0 -1.80000 18.05000 39.36103 0.11428 13
-0.91638 -0.04734 48.62331 0 1.42500 27.65000 35.86627 0.13667 13
0.72468 -0.20942 28.92279 0 6.30000 -19.55000 23.59089 0.12613 13
-0.93603 0.05767 74.88850 0 -1.75000 30.52500 54.71660 0.13806 13
-0.10988 -0.00137 63.53533 0 0.02500 2.55000 63.15525 0.10131 13
0.49405 0.14561 92.08804 0 -4.40000 -14.12500 82.73039 0.11328 13
0.50434 -0.25333 92.08804 0 7.62500 -14.45000 82.73039 0.11563 13
0.41376 0.12396 19.68632 0 -3.77500 -12.72500 18.21107 0.10971 13
0.42599 -0.27615 19.68632 0 8.30000 -13.10000 18.21107 0.11291 13
0.84341 -0.18861 95.91183 0 5.70000 -28.05000 73.84593 0.13311 -13
0.44419 -0.08799 33.56370 0 2.62500 -10.92500 30.69342 0.11054 13
-0.16549 -0.11772 2.42211 0 3.77500 5.67500 2.39013 0.10294 -13
0.69801 -0.15513 31.50958 0 4.70000 -19.00000 25.93829 0.12381 -13
-0.90234 -0.01329 97.82857 0 0.40000 26.75000 72.63382 0.13565 13
-0.52998 -0.06033 23.29425 0 1.85000 15.52500 20.59042 0.11414 -13
0.71579 0.02064 27.68346 0 -0.60000 -22.65000 22.51251 0.12386 -13
-0.58946 -0.02442 53.06507 0 0.72500 18.05000 45.71752 0.11692 13
-0.97596 0.07445 1.74369 0 -2.65000 28.92500 1.24938 0.14134 13
2.07616 -0.22478 70.53664 0 6.77500 -63.55000 31.22404 0.23313 13
-0.10014 0.02200 78.64295 0 -0.67500 3.87500 78.25182 0.10123 13
0.55766 -0.14347 23.81594 0 4.30000 -17.37500 20.85025 0.11619 13
0.00599 -0.22125 21.45157 0 6.70000 0.70000 21.45120 0.10316 -13
-0.71020 0.07970 67.54137 0 -2.40000 20.35000 55.12510 0.12378 13
0.45704 0.01623 68.81282 0 -0.47500 -12.45000 62.58715 0.11073 -13
-1.07683 -0.09723 50.97782 0 2.92500 32.15000 34.77725 0.14830 13
-0.71099 -0.15569 65.72002 0 4.67500 21.40000 53.77601 0.12455 13
1.25811 0.08082 87.03941 0 -2.42500 -37.52500 54.26580 0.16204 -13
2.02113 -0.13047 28.53489 0 3.90000 -61.17500 12.73934 0.22743 13
-1.37014 -0.19185 29.34717 0 5.75000 43.85000 17.50532 0.17188 13
0.09396 -0.09931 43.59141 0 2.97500 -2.22500 43.40218 0.10164 13
0.53839 -0.08692 69.25434 0 2.62500 -18.87500 61.02987 0.11471 -13
1.61003 0.12584 39.03390 0 -3.82500 -50.12500 20.71229 0.19130 13
1.65627 -0.27409 39.03390 0 8.25000 -51.52500 20.71229 0.19674 13
0.17210 -0.04322 91.75944 0 1.30000 -4.35000 90.43250 0.10228 13
0.40616 0.11807 33.14859 0 -3.55000 -12.07500 30.74180 0.10933 -13
-1.10758 -0.20097 24.90355 0 6.10000 35.62500 16.87065 0.15165 -13
0.34460 -0.20566 19.33472 0 6.17500 -11.30000 18.31932 0.10849 13
-1.46604 0.05837 16.53045 0 -1.70000 43.50000 9.32523 0.17880 -13
1.76157 0.11164 78.59836 0 -3.35000 -57.90000 38.98411 0.20429 -13
-0.73723 0.02832 19.16613 0 -0.87500 23.37500 15.42885 0.12515 13
0.20583 -0.07624 41.15382 0 2.30000 -7.02500 40.31346 0.10310 13
0.39725 -0.03404 69.43190 0 1.02500 -14.47500 64.53204 0.10841 13
-0.56400 0.01181 28.29491 0 -0.32500 16.55000 24.64567 0.11562 -13
-0.87247 -0.23476 56.62683 0 7.10000 23.45000 43.15915 0.13573 -13
0.19432 0.09200 38.05374 0 -2.80000 -3.45000 37.36055 0.10301 13
1.47785 0.08014 20.29131 0 -2.37500 -45.67500 11.39644 0.17986 -13
-1.94393 -0.22692 76.20297 0 6.85000 57.60000 35.55351 0.22135 -13
0.26860 -0.00354 35.64483 0 0.10000 -9.50000 34.42473 0.10427 13
-1.09769 0.12667 46.99925 0 -3.82500 35.02500 31.78905 0.15009 13
-1.12892 -0.27326 46.99925 0 8.22500 35.97500 31.78905 0.15433 13
-0.53917 -0.18720 46.35736 0 5.65000 17.35000 40.96099 0.11596 -13
0.73892 0.10702 1.08630 0 -3.82500 -23.70000 0.87528 0.12658 13
0.76467 -0.29510 1.08630 0 8.25000 -24.35000 0.87528 0.13019 13
0.93926 -0.22105 87.22701 0 6.65000 -29.10000 64.28531 0.13993 13
1.17801 -0.09154 22.93681 0 2.80000 -35.90000 14.87951 0.15590 -13
0.01107 0.10554 18.94115 0 -3.15000 -2.10000 18.94000 0.10126 -13
0.30713 0.05284 70.62555 0 -1.60000 -11.67500 67.52119 0.10548 13
1.28096 -0.19023 81.95157 0 5.75000 -40.40000 50.98580 0.16478 -13
-0.95151 0.02111 61.27187 0 -0.62500 27.42500 44.39332 0.13902 -13
-0.18331 -0.12606 20.07106 0 3.82500 6.35000 19.74697 0.10318 -13
-1.55400 0.00212 27.31562 0 -0.10000 45.50000 14.78127 0.18609 13
-0.10182 -0.22398 95.48990 0 6.75000 -0.77500 95.02205 0.10370 13
-0.16448 0.03135 39.90546 0 -0.92500 5.12500 39.37694 0.10210 -13
-0.73276 -0.09509 8.24967 0 2.95000 19.77500 6.66488 0.12525 -13
1.11198 -0.16977 84.35680 0 5.12500 -36.67500 56.84916 0.15158 -13
-1.84496 -0.17533 36.62487 0 5.32500 57.15000 17.65688 0.21210 -13
-1.85625 -0.12259 42.42597 0 3.67500 52.72500 20.23759 0.21267 13
0.74558 -0.05504 11.67715 0 1.72500 -21.55000 9.36658 0.12575 -13
-1.38235 -0.17353 10.67440 0 5.32500 41.00000 6.31648 0.17282 -13
0.41004 0.07670 8.83946 0 -2.37500 -14.77500 8.18211 0.10914 13
-0.16638 -0.10231 33.00681 0 3.10000 3.40000 32.56378 0.10261 -13
1.10112 -0.22164 39.65404 0 6.67500 -32.95000 27.00798 0.15142 13
-1.07497 -0.16880 51.91348 0 5.07500 32.05000 35.62398 0.14882 13
0.90445 0.12271 93.55397 0 -3.70000 -27.10000 69.61767 0.13634 13
0.93162 -0.27741 93.55397 0 8.35000 -27.92500 69.61767 0.14043 13
0.19711 0.07777 12.49102 0 -2.30000 -5.62500 12.25664 0.10293 -13
-0.10580 -0.01604 77.56896 0 0.47500 3.65000 77.13856 0.10128 13
0.54822 -0.07086 23.77386 0 2.12500 -13.42500 20.85871 0.11506 13
-0.32392 -0.20121 79.65456 0 6.07500 11.22500 75.91869 0.10778 -13
-1.30576 -0.02297 5.39826 0 0.85000 38.00000 3.28229 0.16572 -13
0.35890 0.09828 50.46113 0 -2.95000 -7.97500 47.52085 0.10745 -13
-1.07414 -0.07361 59.21870 0 2.20000 31.92500 40.40966 0.14797 13
-0.33463 0.12907 16.79143 0 -3.92500 8.67500 15.93665 0.10700 13
-0.34381 -0.27075 16.79143 0 8.12500 8.95000 15.93665 0.10990 13
0.18455 0.12051 79.61226 0 -3.62500 -6.05000 78.30868 0.10312 -13
0.19026 -0.27974 79.61226 0 8.45000 -6.22500 78.30868 0.10631 -13
-1.15216 0.10075 83.03792 0 -3.02500 34.30000 54.58599 0.15396 -13
-1.43983 -0.10898 71.72081 0 3.30000 45.20000 41.07522 0.17688 -13
1.52539 -0.16754 85.12856 0 5.07500 -47.57500 47.12289 0.18447 -13
-1.50405 -0.05171 54.53494 0 1.55000 43.95000 30.22188 0.18196 13
0.51738 -0.24356 75.26436 0 7.35000 -14.72500 67.24603 0.11601 -13
-0.51178 0.01003 80.93484 0 -0.30000 17.70000 72.04825 0.11313 -13
0.14422 -0.21780 70.31520 0 6.57500 -8.07500 69.62731 0.10409 -13
0.19669 0.05874 96.17538 0 -1.77500 -5.50000 94.37338 0.10280 13
-0.02314 -0.08507 15.95696 0 2.60000 0.45000 15.95274 0.10110 -13
0.55898 -0.10993 33.02437 0 3.32500 -15.60000 28.86776 0.11590 -13
-0.69932 0.07265 54.57187 0 -2.20000 20.00000 44.75999 0.12311 13
0.85230 0.04847 51.51649 0 -1.45000 -28.00000 39.22718 0.13241 -13
0.29879 -0.24771 96.58629 0 7.47500 -9.25000 92.76360 0.10803 -13
-2.04778 -0.12729 97.99171 0 3.85000 62.62500 43.27857 0.22986 -13
-1.13626 0.11788 54.26422 0 -3.57500 35.77500 35.99020 0.15289 13
-1.17050 0.08424 81.27704 0 -2.55000 36.15000 52.90401 0.15526 13
-0.09209 -0.05523 74.86542 0 1.65000 4.55000 74.55089 0.10128 13
0.38359 0.05116 52.51628 0 -1.52500 -10.07500 49.04103 0.10798 -13
0.96022 0.00044 98.13139 0 -0.02500 -27.37500 70.78338 0.13961 13
-1.11971 -0.02364 88.93513 0 0.72500 32.90000 59.24993 0.15120 -13
0.32880 0.12878 45.24850 0 -3.87500 -10.97500 43.01905 0.10679 -13
0.33788 -0.27094 45.24850 0 8.17500 -11.25000 43.01905 0.10975 -13
0.89155 -0.06545 33.27005 0 2.00000 -27.50000 24.85634 0.13509 -13
0.33035 -0.19224 81.20330 0 5.80000 -10.37500 77.24034 0.10782 -13
0.49383 -0.04550 41.92130 0 1.37500 -13.30000 37.59558 0.11241 -13
-1.40918 -0.07774 96.54002 0 2.32500 41.65000 55.98173 0.17417 13
0.04399 -0.11884 58.10942 0 3.57500 -1.12500 58.05406 0.10151 13
-0.31124 -0.02115 13.76312 0 0.67500 8.77500 13.14151 0.10549 -13
-0.50258 -0.22310 81.41923 0 6.72500 16.75000 73.09851 0.11493 -13
0.61279 0.05280 89.18263 0 -1.60000 -18.67500 76.06989 0.11823 13
-1.39725 -0.19008 29.33984 0 5.70000 42.95000 17.27637 0.17406 13
-0.24730 -0.20077 26.95566 0 6.02500 10.95000 26.19673 0.10567 13
1.58459 -0.02542 88.18368 0 0.75000 -47.95000 47.07345 0.18871 13
1.32616 0.05698 78.75634 0 -1.70000 -39.80000 47.46636 0.16735 -13
0.46483 -0.03652 80.48918 0 1.10000 -12.97500 72.99794 0.11111 13
0.34483 0.04191 8.56286 0 -1.20000 -10.10000 8.09599 0.10660 -13
0.12113 0.10957 88.74627 0 -3.30000 -3.07500 88.10982 0.10204 13
-0.71335 -0.10227 12.95360 0 3.12500 26.60000 10.56396 0.12415 -13
0.98489 -0.10503 65.94990 0 3.17500 -28.27500 47.11343 0.14175 -13
0.66238 -0.18422 32.30708 0 5.57500 -20.20000 27.06991 0.12222 -13
0.38462 -0.10228 68.44586 0 3.07500 -10.67500 63.92641 0.10839 13
-0.27612 -0.11426 25.45105 0 3.47500 7.10000 24.54413 0.10511 -13
1.43917 -0.14967 4.70352 0 4.67500 -44.20000 2.70461 0.17727 -13
-1.16841 -0.21211 21.97874 0 6.42500 33.77500 14.47248 0.15638 -13
0.42268 0.13446 79.53988 0 -4.07500 -12.72500 73.36303 0.11017 13
0.43338 -0.26501 79.53988 0 7.97500 -13.05000 73.36303 0.11295 13
-0.23646 -0.10748 94.45775 0 3.25000 8.82500 91.95051 0.10405 -13
-0.27185 0.12598 62.75562 0 -3.80000 8.00000 60.59028 0.10512 -13
-0.27965 -0.27393 62.75562 0 8.27500 8.22500 60.59028 0.10815 -13
0.15560 -0.14983 85.21064 0 4.52500 -6.40000 84.21938 0.10302 13
0.27392 0.08956 47.74266 0 -2.70000 -9.00000 46.05939 0.10481 13
-0.41688 -0.22553 2.45602 0 7.02500 13.12500 2.27466 0.11175 -13
1.00965 0.13687 94.85392 0 -4.12500 -32.05000 67.06123 0.14377 -13
1.03419 -0.26246 94.85392 0 7.92500 -32.80000 67.06123 0.14728 -13
-0.24963 -0.15751 61.71576 0 4.75000 8.75000 59.92069 0.10499 13
1.36975 0.13335 29.86673 0 -4.05000 -41.82500 17.71140 0.17134 13
1.40510 -0.26625 29.86673 0 8.00000 -42.87500 17.71140 0.17569 13
-1.83477 -0.08796 38.31979 0 2.62500 55.90000 18.39303 0.21043 13
0.12148 -0.55162 38.31979 0 2.62500 55.87500 18.39303 0.21051 13
-0.12359 0.87934 38.31979 0 3.85000 55.40000 18.39303 0.21633 13
0.29643 -0.56895 38.31979 0 2.70000 54.97500 18.39303 0.22346 13
-0.64912 1.57450 38.31979 0 2.95000 54.95000 18.39303 0.22454 13
-0.10903 0.11197 76.89073 0 -3.37500 4.07500 76.44332 0.10192 -13
-0.10618 -0.07258 48.20709 0 2.20000 3.15000 47.93905 0.10154 -13
-0.42840 -0.01525 97.29926 0 0.45000 11.95000 89.43944 0.10956 13
0.80632 -0.11165 2.25958 0 3.07500 -24.62500 1.76284 0.12990 13
-1.20183 -0.18147 46.10202 0 5.45000 35.65000 29.76903 0.15849 13
0.28698 -0.22560 75.35929 0 6.80000 -10.47500 72.56919 0.10720 13
-0.84525 -0.14543 27.93773 0 4.37500 25.37500 21.42946 0.13266 13
-0.58473 0.08422 5.32073 0 -2.42500 15.30000 4.59749 0.11694 -13
0.07569 0.04936 31.73087 0 -1.47500 -1.17500 31.64055 0.10111 -13
-0.85847 -0.06950 20.66711 0 2.07500 26.25000 15.69713 0.13289 13
0.99891 -0.02510 93.99079 0 0.75000 -30.12500 66.50855 0.14236 13
0.01818 -0.19311 31.73174 0 5.85000 0.82500 31.72668 0.10260 -13
-0.91563 0.01951 46.63419 0 -0.60000 29.10000 34.39715 0.13656 13
-0.80441 -0.09924 71.91716 0 2.97500 25.15000 56.14518 0.12962 13
1.39104 -0.12016 96.08803 0 3.62500 -39.62500 56.35248 0.17295 -13
2.04493 0.10915 82.23926 0 -3.30000 -60.15000 36.29931 0.22951 13
-1.80308 0.06723 8.78251 0 -1.90000 55.62500 4.26653 0.20772 -13
1.16976 0.10603 17.59932 0 -3.25000 -34.82500 11.47321 0.15537 13
-0.22587 0.00701 87.27476 0 -0.20000 7.90000 85.13040 0.10325 -13
0.59676 0.02947 99.14429 0 -0.90000 -19.72500 85.14653 0.11731 13
0.43434 -0.11953 58.35048 0 3.62500 -16.10000 53.58031 0.11046 -13
-0.65654 0.07584 46.43204 0 -2.30000 22.72500 38.84729 0.12071 13
-0.10829 -0.10875 37.70310 0 3.27500 4.75000 37.48653 0.10188 13
0.42948 0.12265 58.85618 0 -3.70000 -12.25000 54.14221 0.11029 -13
0.44238 -0.27745 58.85618 0 8.37500 -12.65000 54.14221 0.11361 -13
-0.43342 -0.07056 16.23817 0 2.15000 14.17500 14.90490 0.10999 -13
-0.19674 -0.05823 44.83901 0 1.77500 9.42500 43.99838 0.10281 -13
-0.22401 -0.16593 95.80246 0 5.00000 9.97500 93.54546 0.10455 -13
0.92416 0.12632 89.10902 0 -3.82500 -28.15000 65.67992 0.13772 13
0.95056 -0.27359 89.10902 0 8.25000 -28.95000 65.67992 0.14164 13
-0.01335 0.06446 23.74903 0 -1.92500 0.45000 23.74693 0.10092 -13
-0.19016 0.08252 20.91682 0 -2.52500 7.77500 20.55094 0.10285 13
0.60008 0.14500 34.27699 0 -4.40000 -18.67500 29.47162 0.11836 13
0.61273 -0.25400 34.27699 0 7.65000 -19.07500 29.47162 0.12083 13
-0.02772 -0.07161 40.86709 0 2.15000 0.15000 40.85148 0.10100 13
-1.79495 -0.24960 48.50272 0 7.50000 56.65000 24.15129 0.20841 13
0.77214 -0.13319 88.60464 0 4.02500 -24.45000 70.36100 0.12794 -13
0.57218 0.03107 83.07005 0 -0.95000 -15.90000 72.11034 0.11606 13
-0.38965 0.13541 20.63296 0 -4.10000 10.30000 19.24795 0.10895 13
-0.39935 -0.26403 20.63296 0 7.95000 10.60000 19.24795 0.11163 13
-0.27349 -0.23531 5.20710 0 7.00000 8.45000 5.03189 0.10699 13
-1.14880 0.01271 18.37809 0 -0.42500 34.75000 12.06701 0.15339 13
-0.96335 -0.22554 24.38237 0 6.82500 27.85000 17.76789 0.14169 -13
0.12241 0.11364 59.50152 0 -3.42500 -4.27500 59.06623 0.10210 -13
0.70218 0.14347 47.69830 0 -4.32500 -23.72500 39.16634 0.12389 -13
0.71740 -0.25554 47.69830 0 7.72500 -24.20000 39.16634 0.12659 -13
2.03316 0.03530 57.97273 0 -1.07500 -61.47500 25.59921 0.22820 13
-0.87474 -0.11125 38.30230 0 3.35000 27.72500 28.90566 0.13425 13
-0.63489 -0.12964 41.75185 0 3.92500 18.12500 35.33138 0.12000 -13
-0.33341 -0.06642 79.07085 0 2.00000 7.27500 75.02806 0.10637 -13
-0.07523 -0.21736 6.91745 0 6.47500 5.27500 6.89884 0.10330 13
-0.34963 -0.02708 89.16698 0 0.80000 11.27500 84.17388 0.10672 13
-0.32991 -0.16530 97.54437 0 4.97500 11.62500 92.75458 0.10734 13
0.71090 -0.00629 99.38735 0 0.20000 -22.77500 81.00473 0.12356 -13
0.18889 0.02647 22.36889 0 -0.77500 -8.77500 21.98037 0.10252 -13
0.99656 -0.16840 55.75018 0 5.07500 -29.67500 39.76321 0.14317 13
-1.19700 0.05833 37.57871 0 -1.75000 35.97500 24.11631 0.15718 -13
-1.34767 -0.18860 75.55723 0 5.70000 42.22500 45.53066 0.17008 -13
-0.56120 -0.01239 82.37784 0 0.37500 18.47500 71.83945 0.11548 13
0.21771 0.00763 12.62020 0 -0.20000 -6.90000 12.33138 0.10307 -13
-0.34153 -0.11073 55.97567 0 3.32500 10.70000 53.00496 0.10699 13
-0.90264 0.01444 43.90138 0 -0.42500 26.22500 32.59001 0.13567 -13
-0.13902 0.08828 44.79200 0 -2.65000 0.85000 44.36854 0.10205 -13
0.12458 0.14108 97.43914 0 -4.25000 -2.85000 96.70609 0.10247 -13
0.12740 -0.25804 97.43914 0 7.80000 -2.92500 96.70609 0.10479 -13
0.61426 -0.03739 47.32049 0 1.15000 -19.37500 40.32876 0.11825 -13
0.73208 -0.02459 67.55179 0 0.75000 -22.35000 54.51215 0.12483 -13
-0.61854 -0.19827 77.81150 0 6.00000 17.87500 66.52409 0.12009 -13
-0.43715 0.14441 16.47949 0 -4.32500 13.40000 15.12471 0.11085 -13
-0.44649 -0.25454 16.47949 0 7.72500 13.67500 15.12471 0.11326 -13
0.04947 -0.20634 84.07418 0 6.22500 -0.37500 83.97570 0.10295 -13
-1.15068 0.08927 1.06955 0 -3.40000 34.70000 0.70304 0.15494 13
0.94590 0.09596 29.63248 0 -2.87500 -27.30000 21.57460 0.13893 -13
1.01977 0.00907 77.62770 0 -0.27500 -30.75000 54.35229 0.14384 -13
1.08368 0.04208 12.92879 0 -1.32500 -34.45000 8.77195 0.14857 13
0.98717 0.06919 60.15289 0 -2.10000 -31.17500 42.85862 0.14168 13
-0.45327 0.13949 42.00907 0 -4.20000 14.47500 38.32447 0.11145 -13
-0.46379 -0.25967 42.00907 0 7.85000 14.80000 38.32447 0.11406 -13
1.95945 0.06834 2.99376 0 -2.42500 -60.55000 1.36342 0.22198 13
-0.19342 -0.19306 9.13455 0 5.77500 4.00000 8.97384 0.10437 13
0.31826 0.03349 38.64588 0 -1.02500 -9.12500 36.82768 0.10574 13
-0.08170 0.06654 53.60724 0 -2.02500 1.87500 53.43000 0.10127 13
-1.06100 0.11047 54.61193 0 -3.32500 31.92500 37.57701 0.14724 -13
-0.15662 0.00683 48.97593 0 -0.22500 5.40000 48.38586 0.10193 13
0.25570 -0.10216 83.21282 0 3.07500 -6.52500 80.64444 0.10445 13
1.18099 -0.01856 95.54399 0 0.57500 -35.50000 61.74736 0.15585 -13
0.26707 -0.05429 87.83757 0 1.65000 -9.02500 84.87155 0.10438 -13
0.01967 -0.01983 13.22082 0 0.62500 1.02500 13.21826 0.10075 -13
-0.94761 -0.04983 28.69942 0 1.52500 28.82500 20.84418 0.13883 -13
-0.86959 0.06186 34.08293 0 -1.87500 26.92500 25.73972 0.13361 13
1.12248 -0.23448 33.39272 0 7.10000 -32.90000 22.54276 0.15324 -13
2.08689 0.14055 22.15371 0 -4.30000 -61.37500 9.64916 0.23354 13
2.13453 -0.25864 22.15371 0 7.75000 -62.77500 9.64916 0.23872 13
-0.79110 -0.08259 83.43332 0 2.47500 24.02500 65.51918 0.12867 13
1.05198 0.02464 83.78450 0 -0.75000 -32.62500 57.73466 0.14619 13
1.15919 -0.10454 61.72528 0 3.15000 -32.50000 40.44448 0.15452 13
0.14993 0.12584 32.68990 0 -3.80000 -4.10000 32.33406 0.10262 13
0.15423 -0.27413 32.68990 0 8.25000 -4.22500 32.33406 0.10555 13
1.16133 -0.07012 72.64320 0 2.12500 -37.22500 47.46760 0.15449 -13
-1.19528 0.12398 73.58593 0 -3.72500 37.52500 47.43027 0.15743 -13
-1.23058 -0.27606 73.58593 0 8.35000 38.60000 47.43027 0.16209 -13
-0.75417 0.09340 87.04471 0 -2.80000 25.67500 69.60591 0.12647 -13
-0.57365 0.13226 80.76787 0 -4.00000 19.05000 70.20921 0.11686 13
-0.58867 -0.26732 80.76787 0 8.05000 19.50000 70.20921 0.11991 13
-0.54937 -0.17672 32.31588 0 5.32500 16.25000 28.42327 0.11626 13
-0.89920 0.09405 12.09101 0 -2.90000 24.72500 9.00880 0.13578 13
0.32776 0.00520 37.63273 0 -0.15000 -6.85000 35.76093 0.10598 -13
0.02261 -0.00495 19.31104 0 0.12500 -1.10000 19.30611 0.10073 13
0.13032 0.11699 35.87604 0 -3.52500 -6.50000 35.57920 0.10223 -13
-0.28476 0.05159 22.48971 0 -1.57500 7.97500 21.63210 0.10484 13
0.33795 -0.07152 35.05544 0 2.15000 -12.45000 33.21886 0.10654 13
-0.45310 -0.17946 92.75827 0 5.42500 16.10000 84.71517 0.11203 -13
0.91394 -0.13802 26.55304 0 4.20000 -28.95000 19.68388 0.13715 -13
-0.63663 -0.00741 97.24585 0 0.22500 19.57500 82.03321 0.11938 -13
0.19462 0.01805 18.60028 0 -0.52500 -6.97500 18.25785 0.10261 -13
-1.53638 -0.17324 22.72251 0 5.27500 49.52500 12.52417 0.18548 -13
0.31763 -0.14788 62.54526 0 4.45000 -10.07500 59.66888 0.10670 13
-1.86305 -0.21860 12.78480 0 6.50000 55.72500 6.15747 0.21391 13
-1.22607 -0.13683 91.78619 0 4.12500 33.67500 58.33576 0.15993 -13
1.03326 -0.12531 34.51176 0 3.75000 -29.65000 24.09777 0.14534 13
1.88789 -0.10733 63.28150 0 3.25000 -56.77500 29.75105 0.21545 -13
0.28787 -0.21580 2.97928 0 6.70000 -8.92500 2.86787 0.10723 -13
-0.08432 0.02127 65.53051 0 -0.65000 1.87500 65.29898 0.10109 13
-0.15886 0.06675 98.04973 0 -2.00000 5.27500 96.84067 0.10219 -13
2.13869 -0.15941 59.84784 0 4.80000 -61.77500 25.61150 0.23827 13
-0.65472 0.08672 64.60992 0 -2.60000 18.97500 54.11560 0.12068 -13
-0.11330 0.01301 2.77662 0 -0.57500 4.30000 2.75900 0.10144 13
0.84393 -0.10505 2.12026 0 2.85000 -28.10000 1.62469 0.13218 13
-0.51636 0.10376 89.32599 0 -3.12500 16.92500 79.45871 0.11382 13
-0.31989 -0.21766 95.06139 0 6.57500 8.87500 90.73217 0.10798 -13
-1.14751 0.13809 81.31538 0 -4.15000 35.92500 53.70998 0.15390 -13
-1.17485 -0.26115 81.31538 0 7.87500 36.75000 53.70998 0.15759 -13
-0.85399 -0.08983 3.94355 0 2.55000 25.37500 3.00426 0.13271 13
-0.35132 0.13502 52.85793 0 -4.07500 7.55000 49.91882 0.10760 13
-0.36012 -0.26442 52.85793 0 7.97500 7.80000 49.91882 0.11028 13
0.43345 0.05214 7.23224 0 -1.50000 -15.30000 6.63728 0.10988 -13
-0.13928 -0.17152 96.13987 0 5.17500 5.27500 95.24660 0.10314 -13
-0.66572 -0.24424 76.52532 0 7.37500 22.75000 64.25863 0.12346 -13
0.80993 -0.12175 88.49391 0 3.67500 -25.55000 68.96773 0.13017 -13
0.54257 0.04518 73.69536 0 -1.37500 -17.22500 64.79009 0.11466 13
-0.04164 -0.18043 47.77383 0 5.45000 -0.12500 47.73376 0.10242 -13
1.35580 -0.18929 76.39167 0 5.72500 -39.70000 45.86142 0.17073 -13
-0.61388 -0.13628 7.10220 0 4.20000 16.22500 6.06802 0.11901 -13
-1.92612 0.05785 67.91063 0 -1.75000 58.50000 31.33334 0.21863 13
1.33142 0.10298 78.02729 0 -3.10000 -42.30000 47.01761 0.16800 -13
-1.01588 -0.04443 90.57189 0 1.35000 30.17500 63.56929 0.14363 -13
-0.75733 -0.12378 34.95624 0 3.72500 21.52500 27.94386 0.12693 13
0.62779 -0.21864 58.74577 0 6.57500 -18.47500 50.07787 0.12091 13
-0.14299 0.03269 40.54443 0 -0.97500 4.27500 40.13667 0.10178 -13
1.58735 -0.12820 52.33873 0 3.87500 -48.82500 28.06050 0.18939 -13
-0.12468 0.13540 99.43545 0 -4.07500 3.65000 98.68513 0.10239 -13
-0.12778 -0.26402 99.43545 0 7.97500 3.75000 98.68513 0.10495 -13
0.20227 0.06272 53.69043 0 -1.87500 -6.52500 52.62887 0.10294 -13
-1.16404 -0.14026 96.10251 0 4.25000 38.07500 62.97373 0.15519 -13
-0.65682 -0.02100 18.47577 0 0.60000 21.40000 15.44370 0.12050 13
0.29016 0.00942 69.41904 0 -0.27500 -10.70000 66.66943 0.10486 -13
-1.31227 0.05260 11.47866 0 -1.65000 41.80000 6.96323 0.16626 13
-0.91672 0.05278 99.17804 0 -1.60000 28.57500 73.15430 0.13672 13
0.87082 0.01181 87.02624 0 -0.35000 -26.32500 65.63171 0.13354 -13
-0.16829 -0.21078 12.36037 0 6.40000 9.42500 12.19605 0.10433 -13
0.46597 -0.13279 64.00251 0 4.02500 -15.62500 58.10380 0.11190 -13
0.15303 0.14792 94.66088 0 -4.47500 -5.55000 93.59459 0.10296 13
0.15606 -0.25093 94.66088 0 7.57500 -5.65000 93.59459 0.10500 13
-1.58435 -0.21005 79.45683 0 6.32500 48.62500 43.06539 0.18984 13
-1.42582 0.13359 47.85659 0 -4.05000 43.75000 27.64256 0.17590 13
-1.46242 -0.26596 47.85659 0 8.00000 44.82500 27.64256 0.18036 13
-0.86892 -0.15201 42.08201 0 4.60000 28.32500 31.92127 0.13429 -13
-0.12164 -0.08338 69.74684 0 2.50000 2.70000 69.24001 0.10179 13
0.83521 0.13534 12.48138 0 -4.12500 -22.42500 9.61538 0.13195 13
0.85615 -0.26424 12.48138 0 7.92500 -23.05000 9.61538 0.13515 13
-0.54562 -0.02761 90.31387 0 0.85000 14.17500 79.28735 0.11475 -13
-0.45422 0.02643 86.91365 0 -0.80000 14.02500 79.13771 0.11064 -13
1.20348 0.11522 2.02597 0 -3.10000 -38.77500 1.29951 0.15805 -13
-1.30372 0.03095 52.37991 0 -0.92500 38.72500 31.88904 0.16549 -13
0.32773 -0.04047 28.06590 0 1.25000 -10.30000 26.67210 0.10606 -13
-0.82228 -0.14716 51.10643 0 4.42500 25.75000 39.64471 0.13121 13
-0.93926 0.00303 52.08657 0 -0.07500 27.85000 37.96596 0.13816 -13
-0.44694 -0.02059 41.20018 0 0.60000 12.27500 37.61560 0.11032 13
-1.97267 -0.07113 68.99680 0 2.12500 57.42500 31.25973 0.22283 13
0.76562 0.00162 58.33728 0 -0.05000 -22.37500 46.32015 0.12683 -13
-0.35821 -0.19157 7.24512 0 5.85000 12.10000 6.83460 0.10875 -13
0.00307 0.10848 11.77210 0 -3.22500 1.00000 11.77204 0.10129 -13
-0.39880 0.00947 89.80969 0 -0.30000 12.65000 83.42119 0.10842 13
0.39200 -0.03948 68.87016 0 1.17500 -13.72500 64.12643 0.10824 13
0.63319 -0.02467 77.65450 0 0.72500 -21.02500 65.61381 0.11922 13
0.05798 0.09762 42.87344 0 -2.95000 -4.00000 42.80225 0.10136 13
1.38777 -0.23115 58.82040 0 7.00000 -42.12500 34.97658 0.17384 -13
-2.05898 0.13108 67.58264 0 -3.92500 60.17500 29.72920 0.23087 -13
-2.11384 -0.26850 67.58264 0 8.12500 61.85000 29.72920 0.23707 -13
-0.07593 -0.11886 68.02493 0 3.57500 1.30000 67.83241 0.10170 13
-1.58526 -0.23003 65.65175 0 6.92500 48.97500 35.67457 0.19014 13
-0.89126 -0.21113 22.63317 0 6.40000 27.60000 17.05836 0.13659 -13
1.00379 -0.11695 58.70534 0 3.55000 -31.07500 41.57352 0.14318 -13
0.33652 -0.13551 86.25458 0 4.07500 -10.90000 81.82515 0.10712 13
0.17583 -0.24075 16.49150 0 7.22500 -3.50000 16.25563 0.10506 13
0.10777 0.14061 32.14945 0 -4.25000 -3.75000 31.96796 0.10228 13
0.11020 -0.25859 32.14945 0 7.77500 -3.82500 31.96796 0.10460 13
-0.94131 -0.01362 88.83698 0 0.40000 27.95000 64.68945 0.13831 13
0.81033 -0.11559 32.00619 0 3.50000 -22.35000 24.93152 0.13015 -13
-0.23140 0.11786 24.73532 0 -3.52500 7.80000 24.10705 0.10403 -13
0.10616 -0.17998 36.22321 0 5.45000 -4.50000 36.02708 0.10288 -13
1.36287 -0.13941 70.03779 0 4.20000 -42.00000 41.69228 0.17080 13
-0.75093 0.00517 80.46022 0 -0.17500 23.80000 64.34006 0.12593 13
0.14914 -0.18234 14.47044 0 5.55000 -2.97500 14.31709 0.10348 -13
1.28556 -0.09172 36.02400 0 2.77500 -37.70000 22.17551 0.16429 -13
-0.16599 -0.00845 53.68824 0 0.25000 6.87500 52.96362 0.10208 13
0.73799 -0.12543 40.56217 0 3.80000 -23.57500 32.72612 0.12580 -13
1.38678 -0.18098 56.32728 0 5.47500 -40.65000 33.29519 0.17315 -13
0.40454 -0.21461 30.15487 0 6.45000 -12.65000 28.04120 0.11074 13
0.29106 0.14860 65.44335 0 -4.47500 -8.62500 62.88889 0.10594 -13
0.29676 -0.25019 65.44335 0 7.55000 -8.80000 62.88889 0.10803 -13
-0.35060 0.07242 24.96437 0 -2.20000 9.92500 23.56517 0.10697 13
-1.32138 0.06197 16.16915 0 -1.82500 39.47500 9.76946 0.16698 -13
-0.78951 0.04821 72.76704 0 -1.47500 24.12500 57.13795 0.12840 13
2.11842 0.08912 39.52338 0 -2.65000 -62.40000 16.92609 0.23607 -13
1.98285 0.04095 20.48874 0 -1.17500 -58.15000 9.23226 0.22366 -13
-0.16398 -0.01197 30.98675 0 0.37500 5.57500 30.57842 0.10206 -13
-0.08643 0.09519 32.82069 0 -2.85000 1.85000 32.69980 0.10153 -13
-0.33379 -0.24377 24.56304 0 7.37500 8.87500 23.36513 0.10899 -13
0.30206 -0.02098 58.37563 0 0.65000 -7.70000 55.88296 0.10522 -13
0.66557 -0.17364 59.53487 0 5.25000 -19.17500 49.78496 0.12224 -13
-0.25618 -0.03078 73.71586 0 0.92500 6.55000 71.41192 0.10400 13
1.13161 -0.20860 99.93541 0 6.30000 -33.67500 66.96395 0.15353 -13
1.90714 -0.02160 35.58410 0 0.67500 -57.12500 16.52748 0.21688 -13
0.36806 -0.00766 77.78186 0 0.22500 -11.15000 72.99496 0.10731 13
-0.12758 -0.01852 84.31617 0 0.57500 3.92500 83.63850 0.10153 -13
0.80827 -0.09835 48.04863 0 2.97500 -23.12500 37.43942 0.12982 -13
0.00045 0.59884 48.04863 0 2.97500 -23.12500 37.43942 0.12987 -13
-0.00505 0.26736 48.04863 0 4.65000 -23.10000 37.43942 0.14487 -13
0.02073 -0.04545 48.04863 0 3.85000 -23.92500 37.43942 0.16159 -13
-0.02465 0.05502 48.04863 0 5.15000 -24.32500 37.43942 0.17072 -13
-0.82365 0.16137 48.04863 0 5.07500 -24.37500 37.43942 0.17191 -13
-0.88939 -0.04604 36.39357 0 1.37500 26.50000 27.20674 0.13485 13
0.03974 -0.00332 6.46883 0 0.02500 -3.02500 6.46373 0.10079 13
-0.92231 -0.20817 69.79440 0 6.27500 25.65000 51.80108 0.13858 13
0.19764 0.02503 57.41807 0 -0.77500 -6.02500 56.32904 0.10268 13
0.19863 -0.20583 26.24695 0 6.20000 -7.40000 25.76395 0.10474 13
-1.28520 -0.24461 63.81635 0 7.40000 38.02500 39.89695 0.16585 -13
-1.35160 -0.10716 47.22092 0 3.22500 40.80000 28.18847 0.16965 13
0.40743 0.00464 95.89677 0 -0.15000 -12.05000 88.80887 0.10874 13
0.82034 -0.03712 74.28976 0 1.10000 -27.00000 57.45223 0.13031 13
-0.91063 0.14283 84.48016 0 -4.30000 26.92500 62.74735 0.13695 -13
-0.93060 -0.25622 84.48016 0 7.72500 27.52500 62.74735 0.13997 -13
0.56587 0.03590 12.78069 0 -1.12500 -14.82500 11.12523 0.11577 13
-0.72225 -0.08498 2.74801 0 2.80000 22.22500 2.23041 0.12470 -13
1.00209 -0.09689 43.28571 0 2.90000 -30.80000 30.64782 0.14289 13
-0.52704 -0.10021 93.03859 0 3.02500 16.17500 82.39627 0.11428 13
0.37225 -0.23842 15.63072 0 7.15000 -12.77500 14.69694 0.11008 13
0.14080 -0.14267 12.94891 0 4.25000 -6.82500 12.82501 0.10269 13
0.37215 -0.07468 40.56267 0 2.27500 -10.85000 38.02828 0.10772 -13
-1.78422 -0.10768 37.31408 0 3.22500 51.55000 18.32303 0.20624 13
-0.86941 0.12446 83.40383 0 -3.75000 26.07500 63.14912 0.13403 -13
-0.89493 -0.27554 83.40383 0 8.32500 26.85000 63.14912 0.13797 -13
-0.94077 -0.14330 72.69488 0 4.32500 30.17500 53.19882 0.13902 -13
-1.99110 -0.18343 71.63447 0 5.52500 61.30000 32.57646 0.22511 13
-0.36348 0.04379 23.37153 0 -1.30000 12.97500 21.96802 0.10724 -13
-0.02913 -0.20132 9.10047 0 6.02500 2.75000 9.09675 0.10273 13
-1.09591 -0.23237 17.50412 0 6.97500 33.35000 11.96727 0.15117 13
-0.32122 0.06685 94.10110 0 -2.00000 12.57500 89.61114 0.10598 -13
0.03336 -0.16574 32.78545 0 4.97500 -0.32500 32.76770 0.10212 13
