0.60055 -0.22029 67.14216 0 6.65000 -17.27500 57.91614 0.11955 -13
-0.96058 -0.10775 94.56140 0 3.25000 31.25000 68.38414 0.14006 -13
0.27113 0.12529 42.31821 0 -3.77500 -4.92500 40.86507 0.10510 -13
0.27899 -0.27464 42.31821 0 8.30000 -5.17500 40.86507 0.10816 -13
1.57730 -0.10164 57.48812 0 3.07500 -50.22500 30.89494 0.18836 -13
-0.74955 -0.20183 31.10162 0 6.07500 23.85000 25.06405 0.12746 13
0.16632 0.02542 67.80566 0 -0.75000 -4.05000 66.88736 0.10212 -13
1.28370 -0.06221 44.28151 0 1.85000 -39.50000 27.24552 0.16398 13
-1.11053 -0.02754 40.47596 0 0.85000 31.45000 27.09011 0.15052 -13
0.81871 -0.16822 93.23210 0 5.07500 -24.72500 72.54087 0.13125 13
0.66151 0.06868 16.25026 0 -2.02500 -20.72500 13.56313 0.12093 -13
0.72288 -0.04221 68.31257 0 1.27500 -21.27500 55.37940 0.12433 13
-1.26851 0.09160 6.70671 0 -2.65000 37.62500 4.16220 0.16291 -13
1.88079 -0.11963 40.97755 0 3.57500 -57.90000 19.34369 0.21483 13
-0.49019 0.05543 51.41364 0 -1.67500 15.67500 46.17926 0.11229 13
1.64399 0.01264 58.12145 0 -0.40000 -50.65000 30.20690 0.19378 13
-0.28856 0.06783 76.81892 0 -2.05000 9.35000 73.82068 0.10504 13
1.93868 0.03885 2.10438 0 -1.70000 -60.25000 0.96562 0.22010 13
-0.30368 -0.23816 43.73648 0 7.20000 9.35000 41.94429 0.10795 -13
-1.02632 -0.13503 68.50856 0 4.07500 30.35000 48.03094 0.14495 -13
-0.60416 -0.19725 29.28627 0 5.92500 19.00000 25.19325 0.11930 13
-1.16094 0.14798 20.20994 0 -4.42500 36.32500 13.27178 0.15499 -13
-1.18383 -0.25064 20.20994 0 7.60000 37.02500 13.27178 0.15814 -13
0.10725 0.06983 29.91145 0 -2.12500 -3.22500 29.74171 0.10153 13
-0.51482 -0.02277 92.99101 0 0.70000 13.72500 82.68226 0.11329 -13
0.97535 0.10245 34.06811 0 -3.07500 -29.85000 24.45028 0.14104 -13
-0.13145 0.14289 43.15113 0 -4.32500 2.30000 42.79036 0.10259 13
-0.13432 -0.25619 43.15113 0 7.72500 2.40000 42.79036 0.10482 13
-2.06572 -0.24268 66.19450 0 7.30000 62.27500 29.51510 0.23237 13
0.27921 -0.18300 51.72909 0 5.50000 -7.75000 49.88186 0.10616 13
0.23437 0.00245 9.55107 0 -0.12500 -7.30000 9.29901 0.10344 13
1.85513 -0.14872 9.31187 0 4.37500 -55.82500 4.45602 0.21266 13
2.16657 0.09348 91.00669 0 -2.80000 -63.77500 38.27524 0.24049 -13
1.59312 -0.18932 3.23151 0 6.00000 -48.75000 1.73964 0.19083 -13
0.21242 -0.00501 51.93362 0 0.15000 -9.52500 50.80021 0.10295 13
-0.17991 -0.09411 34.52753 0 2.85000 4.40000 33.98670 0.10276 -13
1.93602 -0.21803 67.55033 0 6.55000 -60.10000 31.57084 0.22051 13
0.37296 -0.21522 7.38123 0 6.42500 -12.32500 6.93451 0.10960 13
1.66979 0.08701 86.65314 0 -2.62500 -52.05000 44.64557 0.19620 13
0.18149 -0.01304 88.03809 0 0.40000 -3.30000 86.62316 0.10235 13
1.12942 0.01569 39.81977 0 -0.50000 -33.87500 26.39863 0.15192 13
0.52875 0.03554 8.49588 0 -1.15000 -17.05000 7.51147 0.11399 13
0.42792 0.11336 65.83353 0 -3.42500 -11.27500 60.58426 0.11013 13
1.37767 0.09122 66.07283 0 -2.77500 -38.97500 38.91763 0.17164 13
1.37767 0.09121 66.07283 0 -2.77500 -39.00000 38.91763 0.17169 13
-1.82974 0.05750 50.99408 0 -1.75000 56.40000 24.48701 0.21008 13
-0.18583 0.10120 15.68224 0 -3.07500 6.40000 15.42076 0.10294 13
-1.27228 -0.19886 41.60110 0 5.97500 37.27500 26.01589 0.16417 13
-1.55481 -0.03032 79.47021 0 0.92500 46.42500 43.00301 0.18619 -13
-0.33728 -0.14551 10.94890 0 4.35000 11.27500 10.38569 0.10726 13
1.13645 -0.15548 57.06558 0 4.70000 -31.90000 37.95106 0.15325 -13
0.30801 -0.08720 67.51483 0 2.62500 -8.37500 64.54465 0.10573 13
0.94222 0.06128 80.22888 0 -1.85000 -26.95000 58.44356 0.13850 -13
0.01900 0.10118 94.87490 0 -3.05000 -0.47500 94.85794 0.10123 -13
0.10719 0.02250 68.98879 0 -0.67500 -3.40000 68.59610 0.10130 -13
-1.32917 -0.04507 31.74028 0 1.37500 40.67500 19.09487 0.16758 -13
0.15049 0.11523 88.41731 0 -3.47500 -2.65000 87.44551 0.10250 13
-0.74404 -0.18495 97.42440 0 5.57500 23.40000 78.62737 0.12690 -13
2.06982 -0.05541 25.38337 0 1.72500 -60.10000 11.05578 0.23159 -13
0.35003 -0.08587 41.74182 0 2.60000 -8.12500 39.41387 0.10705 -13
-1.57250 0.00057 47.55244 0 -0.02500 45.50000 25.51700 0.18766 13
-1.41921 0.05979 65.11578 0 -1.82500 40.82500 37.55132 0.17494 13
-1.29104 -0.09699 69.04139 0 2.92500 38.95000 42.40165 0.16474 13
-2.04508 0.10585 72.16850 0 -3.17500 63.57500 31.84522 0.22948 -13
0.53713 -0.03276 23.16980 0 0.97500 -17.47500 20.41421 0.11436 13
0.07706 -0.16574 6.62279 0 4.92500 -3.35000 6.60374 0.10234 13
-0.09357 -0.22918 92.72890 0 6.92500 1.87500 92.34559 0.10375 -13
-0.89854 -0.06656 3.15080 0 1.80000 25.95000 2.34591 0.13556 13
0.74101 -0.05503 75.90327 0 1.65000 -21.32500 61.01705 0.12546 13
-1.65116 0.01268 34.64391 0 -0.40000 49.52500 17.94819 0.19440 13
-0.12348 -0.18576 11.28070 0 5.65000 1.65000 11.19845 0.10321 -13
0.66432 0.07629 37.84048 0 -2.27500 -18.37500 31.54679 0.12114 -13
0.22728 -0.12729 28.61937 0 3.85000 -6.05000 27.91854 0.10407 -13
-2.05092 -0.13145 8.61774 0 4.10000 63.80000 3.80374 0.23026 -13
0.94702 -0.23854 53.42335 0 7.20000 -30.35000 39.29292 0.14077 -13
-0.43236 -0.07492 67.04317 0 2.25000 10.65000 61.56496 0.10997 13
-1.03737 -0.02848 87.90035 0 0.85000 29.77500 61.01783 0.14513 13
-1.33665 -0.17206 50.38615 0 5.20000 38.80000 30.46595 0.16901 -13
-0.11869 0.10854 52.96704 0 -3.27500 3.82500 52.60215 0.10200 -13
-0.30385 0.03892 23.57760 0 -1.20000 8.50000 22.56065 0.10533 13
0.40031 -0.02424 7.62461 0 0.80000 -14.15000 7.07898 0.10851 -13
-0.95508 0.06424 2.52851 0 -1.67500 28.65000 1.83017 0.13947 -13
0.78715 -0.18986 12.55478 0 5.77500 -21.92500 9.93136 0.12962 -13
0.50209 -0.11451 54.01022 0 3.45000 -15.00000 48.33115 0.11327 13
-0.55929 0.03318 51.67856 0 -1.00000 19.65000 45.10950 0.11543 -13
-0.21648 0.13954 68.55865 0 -4.22500 7.17500 67.03536 0.10399 13
-0.22151 -0.25969 68.55865 0 7.82500 7.32500 67.03536 0.10640 13
-0.48965 0.14687 16.01436 0 -4.47500 12.52500 14.41232 0.11312 13
-0.49961 -0.25207 16.01436 0 7.57500 12.82500 14.41232 0.11536 13
-0.07741 0.02901 61.01838 0 -0.87500 2.72500 60.83652 0.10105 -13
-0.47770 0.09863 5.34296 0 -2.87500 14.50000 4.82543 0.11203 -13
0.58695 0.12611 64.52773 0 -3.82500 -21.07500 55.76203 0.11746 13
0.60378 -0.27381 64.52773 0 8.25000 -21.57500 55.76203 0.12081 13
-0.32434 0.12652 90.58994 0 -3.80000 10.07500 86.23569 0.10663 -13
-0.33357 -0.27336 90.58994 0 8.25000 10.35000 86.23569 0.10967 -13
-1.28060 0.12188 74.83048 0 -3.67500 39.57500 46.26684 0.16409 13
-1.31949 -0.27831 74.83048 0 8.37500 40.72500 46.26684 0.16906 13
-0.57298 -0.05065 72.60506 0 1.52500 19.27500 63.01689 0.11617 -13
-0.72222 -0.07041 18.04405 0 2.10000 18.80000 14.64041 0.12441 13
-1.85202 0.10779 13.86185 0 -3.17500 56.57500 6.61559 0.21218 -13
-0.83800 -0.01272 92.45447 0 0.37500 24.17500 70.86495 0.13139 13
1.49097 0.04270 93.42213 0 -1.30000 -44.57500 52.07048 0.18084 13
0.67538 0.09793 51.24425 0 -2.97500 -22.00000 42.52955 0.12192 13
-0.22814 0.14052 39.51681 0 -4.22500 5.02500 38.54530 0.10425 -13
-0.23335 -0.25862 39.51681 0 7.82500 5.20000 38.54530 0.10665 -13
-0.80741 -0.18170 32.44010 0 5.50000 24.00000 25.40073 0.13073 -13
-1.36805 -0.16066 33.63988 0 4.82500 37.75000 20.01613 0.17140 13
0.50342 0.13195 93.49105 0 -3.97500 -14.20000 83.65135 0.11352 -13
0.51666 -0.26762 93.49105 0 8.07500 -14.60000 83.65135 0.11652 -13
0.29138 0.03951 15.57930 0 -1.15000 -6.30000 14.95826 0.10496 -13
-0.70865 -0.19904 29.23029 0 5.97500 19.37500 24.00254 0.12502 13
-0.38861 -0.06404 46.95424 0 1.95000 10.30000 43.77761 0.10823 -13
0.38230 0.36966 46.95424 0 1.90000 10.25000 43.77761 0.10826 -13
-0.55766 -0.40967 46.95424 0 3.37500 8.67500 43.77761 0.12105 -13
0.18260 -0.04068 46.95424 0 1.10000 -3.62500 43.77761 0.18243 -13
0.14835 0.51087 46.95424 0 2.02500 -3.82500 43.77761 0.18818 -13
1.70572 -0.14737 34.52927 0 4.47500 -50.02500 17.60412 0.19968 -13
0.70624 -0.13090 42.41586 0 3.92500 -24.15000 34.74392 0.12398 13
0.30538 -0.16649 97.07773 0 5.02500 -6.17500 92.95197 0.10662 13
0.01997 0.11159 98.03718 0 -3.37500 -1.27500 98.01788 0.10135 13
0.81446 -0.11223 71.96454 0 3.37500 -27.22500 55.93829 0.13036 13
-0.63156 0.05683 80.54210 0 -1.70000 17.40000 68.12955 0.11924 -13
1.72017 -0.03275 51.04082 0 1.00000 -54.80000 25.66283 0.20040 -13
1.24526 -0.04269 46.96891 0 1.30000 -35.60000 29.42591 0.16089 -13
1.98777 -0.20205 83.80443 0 6.10000 -59.72500 38.26554 0.22503 -13
-0.26709 0.04817 65.64922 0 -1.45000 7.87500 63.43091 0.10434 -13
2.08839 0.06958 83.46347 0 -2.12500 -64.70000 36.11598 0.23330 13
1.04662 -0.06522 79.70716 0 1.95000 -30.15000 55.12417 0.14592 13
-1.60931 -0.11539 82.80739 0 3.50000 50.70000 43.91341 0.19116 -13
-1.11365 -0.09713 71.37670 0 2.95000 34.52500 47.81212 0.15105 -13
0.31612 -0.22020 32.03964 0 6.65000 -11.20000 30.61376 0.10793 -13
0.87662 0.02113 19.19552 0 -0.60000 -23.72500 14.43752 0.13392 -13
-0.14927 0.00482 33.21339 0 -0.15000 6.92500 32.84946 0.10182 13
1.04037 -0.09366 51.65802 0 2.85000 -33.25000 35.87917 0.14563 -13
1.61048 0.11415 4.47974 0 -3.22500 -46.55000 2.37372 0.19119 -13
1.06066 -0.07614 68.00124 0 2.27500 -33.77500 46.71950 0.14700 13
-0.27784 0.13909 23.96412 0 -4.22500 9.50000 23.10497 0.10546 13
-0.28433 -0.26014 23.96412 0 7.82500 9.70000 23.10497 0.10790 13
0.02955 0.06993 31.54024 0 -2.10000 -2.62500 31.52656 0.10099 -13
0.90019 -0.04482 51.24347 0 1.35000 -28.05000 38.10280 0.13556 13
-1.33343 -0.03157 3.96472 0 1.15000 41.35000 2.37923 0.16800 -13
-0.08461 -0.15222 97.97008 0 4.60000 3.22500 97.62906 0.10222 13
-1.41896 -0.17132 27.87204 0 5.12500 40.97500 16.21100 0.17563 13
0.21405 -0.13021 56.73175 0 3.92500 -5.67500 55.49507 0.10382 -13
-0.26431 -0.21625 85.73437 0 6.52500 6.42500 83.00910 0.10642 -13
-0.04839 -0.21950 56.17754 0 6.60000 1.22500 56.11489 0.10321 13
-0.68498 -0.19713 46.34171 0 5.92500 20.90000 38.46323 0.12365 13
0.34597 -0.15010 93.16785 0 4.52500 -9.67500 88.15136 0.10763 -13
0.81358 -0.06650 69.43233 0 2.02500 -23.67500 53.90602 0.13000 -13
0.13081 -0.17180 35.87463 0 5.20000 -2.02500 35.58020 0.10303 -13
0.20500 -0.05521 91.11516 0 1.67500 -6.07500 89.26446 0.10295 -13
0.50464 -0.07155 7.10273 0 2.07500 -15.62500 6.34453 0.11302 13
0.52593 0.06260 95.29028 0 -1.90000 -15.95000 84.37353 0.11395 13
-0.23829 0.00517 2.96629 0 -0.00000 9.85000 2.88543 0.10359 -13
-0.10849 0.11628 72.08347 0 -3.52500 4.47500 71.66850 0.10197 13
-1.59926 -0.18796 83.70711 0 5.67500 49.27500 44.93455 0.19090 -13
-1.25307 0.00405 82.57988 0 -0.12500 38.55000 51.51056 0.16144 -13
-0.58442 -0.05520 71.84504 0 1.67500 17.37500 62.05272 0.11677 -13
0.19304 0.11649 26.64550 0 -3.50000 -6.35000 26.16872 0.10322 -13
-0.04959 -0.15944 72.53180 0 4.82500 1.32500 72.44496 0.10211 -13
-0.55110 0.02416 70.55018 0 -0.72500 19.02500 61.79291 0.11501 13
1.47568 -0.17923 94.74442 0 5.40000 -46.20000 53.72516 0.18041 13
-1.29577 -0.07085 97.59621 0 2.15000 41.65000 59.72094 0.16499 -13
0.04545 -0.19212 29.58480 0 5.82500 1.95000 29.55537 0.10266 -13
0.61618 0.10408 71.37716 0 -3.12500 -16.70000 60.85709 0.11875 -13
-1.11622 -0.09719 49.45675 0 2.92500 33.95000 33.08680 0.15123 13
0.04442 0.00249 55.85549 0 -0.07500 -0.17500 55.80046 0.10080 13
-1.37113 0.05766 53.64300 0 -1.72500 41.12500 31.64380 0.17100 -13
0.06152 -0.22423 3.20189 0 6.60000 -3.42500 3.19611 0.10333 13
-0.41627 -0.06345 55.11259 0 1.90000 12.32500 50.89521 0.10927 13
-0.27351 -0.12796 10.02301 0 3.90000 8.87500 9.67349 0.10523 -13
1.13644 -0.21637 87.95641 0 6.52500 -35.50000 58.85060 0.15399 13
-0.29137 0.08529 26.96525 0 -2.55000 7.40000 25.89584 0.10524 -13
1.50467 -0.16387 71.02858 0 4.95000 -44.45000 39.67667 0.18270 -13
-0.12718 -0.00220 9.71847 0 0.12500 3.75000 9.64080 0.10152 -13
1.33619 -0.19121 89.95074 0 5.75000 -39.52500 54.51604 0.16917 13
-0.23272 0.01143 15.24455 0 -0.37500 5.57500 14.84781 0.10341 13
-0.69734 -0.16345 77.31029 0 4.92500 23.00000 63.68566 0.12387 13
0.48104 0.09632 38.70055 0 -2.92500 -17.17500 34.90562 0.11217 13
0.34048 0.04686 48.46940 0 -1.42500 -9.50000 45.88799 0.10649 13
0.09866 -0.21968 79.90727 0 6.62500 -5.12500 79.53885 0.10359 -13
0.27192 -0.20965 92.92503 0 6.32500 -7.82500 89.79933 0.10647 13
1.61588 -0.10181 27.63024 0 3.10000 -48.95000 14.59329 0.19167 -13
-1.06667 -0.15872 29.56526 0 4.80000 33.32500 20.35400 0.14813 -13
1.43615 -0.04185 80.61898 0 1.25000 -41.67500 46.09423 0.17628 13
-0.83055 0.14418 7.11144 0 -4.45000 25.25000 5.49359 0.13178 13
-0.84845 -0.25499 7.11144 0 7.60000 25.77500 5.49359 0.13444 13
1.16118 0.04884 8.27950 0 -1.37500 -36.65000 5.40656 0.15439 -13
0.18944 -0.17392 84.65807 0 5.25000 -7.50000 83.22112 0.10398 -13
0.41535 0.04663 68.74527 0 -1.40000 -11.30000 63.49678 0.10914 -13
-0.80400 0.04339 29.44432 0 -1.27500 26.52500 22.95620 0.12928 -13
0.79157 -0.05434 32.07239 0 1.62500 -23.62500 25.16138 0.12855 13
0.35264 -0.06031 97.72494 0 1.82500 -7.72500 92.18081 0.10695 13
1.77525 0.07596 71.05373 0 -2.30000 -53.67500 34.94812 0.20534 13
-1.54629 0.13584 98.53918 0 -4.10000 45.25000 53.85610 0.18595 13
-1.58453 -0.26356 98.53918 0 7.95000 46.40000 53.85610 0.19053 13
-1.70404 -0.18867 78.58272 0 5.70000 48.57500 40.29155 0.19988 -13
1.36730 0.08685 8.56887 0 -2.70000 -42.82500 5.07114 0.17086 13
0.87901 0.05844 67.08599 0 -1.75000 -25.55000 50.42452 0.13420 -13
0.41008 -0.20593 18.54752 0 6.17500 -11.97500 17.21107 0.11079 13
0.04254 -0.14500 24.47879 0 4.40000 -0.85000 24.45714 0.10185 -13
0.20217 0.10293 52.48925 0 -3.10000 -6.55000 51.45894 0.10326 -13
0.73087 -0.03067 35.59673 0 0.95000 -22.97500 28.74399 0.12477 -13
2.07266 -0.17948 25.09351 0 5.37500 -64.40000 11.04420 0.23242 13
-1.37356 -0.19235 13.11629 0 5.72500 42.52500 7.81100 0.17213 13
0.17844 0.13163 3.00936 0 -4.15000 -5.20000 2.96340 0.10329 13
0.18301 -0.26835 3.00936 0 7.90000 -5.35000 2.96340 0.10579 13
-0.81175 0.00716 28.37461 0 -0.22500 25.87500 22.03040 0.12970 13
0.12412 -0.04749 92.01787 0 1.42500 -3.17500 91.31874 0.10159 13
0.70062 -0.16373 44.10383 0 4.95000 -20.45000 36.27706 0.12407 -13
-0.13375 0.11096 15.09598 0 -3.37500 6.72500 14.96430 0.10223 13
1.96067 0.01187 13.96487 0 -0.42500 -59.00000 6.34540 0.22165 13
-0.22202 -0.20411 65.67680 0 6.17500 6.20000 64.17588 0.10519 -13
-2.09821 -0.13018 17.95995 0 3.87500 61.85000 7.78033 0.23436 13
1.92926 -0.21464 83.57939 0 6.50000 -57.15000 39.14768 0.21991 -13
1.73612 -0.02854 55.09709 0 0.87500 -51.55000 27.50880 0.20177 -13
-0.65841 -0.09575 52.13263 0 2.90000 22.30000 43.60248 0.12096 -13
0.72904 -0.02269 68.68977 0 0.70000 -22.02500 55.50999 0.12465 -13
1.00573 -0.14054 99.73415 0 4.25000 -29.47500 70.66618 0.14353 -13
2.16160 0.00246 57.94910 0 -0.05000 -62.25000 24.33132 0.23985 -13
0.05166 -0.05302 88.20357 0 1.60000 -3.85000 88.08644 0.10098 -13
1.56879 0.10519 39.50381 0 -3.15000 -44.47500 21.31674 0.18755 -13
0.40170 0.00848 39.50381 0 -3.15000 -44.50000 21.31674 0.18759 -13
-0.60900 0.22575 39.50381 0 -0.92500 -46.55000 21.31674 0.20160 -13
0.17243 -0.66605 39.50381 0 -2.40000 -49.32500 21.31674 0.22311 -13
-0.73453 0.60723 39.50381 0 -0.45000 -49.92500 21.31674 0.23201 -13
0.15124 -0.62006 39.50381 0 -2.00000 -50.85000 21.31674 0.24984 -13
0.12859 0.35810 39.50381 0 -0.20000 -50.55000 21.31674 0.25894 -13
-4.77066 -2.98231 39.50381 0 -1.07500 -50.17500 21.31674 0.26754 -13
-1.46259 0.99835 39.50381 0 -1.25000 -46.10000 21.31674 0.29057 -13
36.67135 4.70376 39.50381 0 -0.70000 -41.72500 21.31674 0.34013 -13
-2.21130 -1.31184 39.50381 0 -0.25000 -34.47500 21.31674 0.37695 -13
-0.12994 0.93331 39.50381 0 0.47500 -34.70000 21.31674 0.38292 -13
-0.02304 -0.20856 42.72276 0 6.27500 -1.30000 42.71190 0.10289 13
1.27863 -0.06663 43.17694 0 2.00000 -39.27500 26.63542 0.16360 13
2.08184 -0.24121 17.17962 0 7.35000 -62.62500 7.61029 0.23398 -13
0.41037 -0.06494 40.12766 0 1.97500 -9.45000 37.13436 0.10905 -13
-1.86444 0.13529 62.15543 0 -4.10000 56.45000 29.58517 0.21351 13
-1.91096 -0.26416 62.15543 0 7.95000 57.85000 29.58517 0.21880 13
-0.86583 -0.02898 98.67251 0 0.87500 25.75000 74.60993 0.13324 -13
0.44534 0.03439 87.28441 0 -1.02500 -14.20000 79.74218 0.11029 -13
0.61889 0.07642 80.19584 0 -2.30000 -17.07500 68.24755 0.11868 -13
0.15269 -0.12924 81.44105 0 3.90000 -5.70000 80.52292 0.10270 13
0.52194 -0.00967 19.90512 0 0.32500 -15.52500 17.64609 0.11360 -13
1.97586 0.11314 94.73941 0 -3.42500 -57.97500 42.99780 0.22331 13
1.59572 0.10398 75.87353 0 -3.12500 -46.80000 40.44566 0.18992 -13
-1.07322 -0.05440 45.32141 0 1.65000 32.15000 30.92066 0.14782 -13
-0.23082 -0.18658 89.37910 0 5.62500 3.25000 87.16355 0.10505 13
0.35944 -0.06689 59.23005 0 2.00000 -11.97500 55.75324 0.10722 13
-2.01952 0.06452 2.64680 0 -1.52500 60.65000 1.17623 0.22708 -13
0.55171 0.02454 31.40068 0 -0.72500 -15.40000 27.49587 0.11504 -13
-0.45246 0.03923 88.51725 0 -1.20000 13.12500 80.65676 0.11060 13
-1.08488 -0.09231 52.34441 0 2.77500 32.60000 35.55833 0.14886 13
1.94641 0.12838 11.20150 0 -3.77500 -56.27500 5.15240 0.22065 -13
2.00074 -0.27110 11.20150 0 8.27500 -57.97500 5.15240 0.22704 -13
0.46833 0.03466 4.35339 0 -1.17500 -14.10000 3.94305 0.11130 13
-0.42293 -0.22284 69.88936 0 6.72500 12.27500 64.60140 0.11161 13
-0.42379 -0.10171 80.42140 0 3.05000 13.77500 74.10454 0.10985 13
0.55634 -0.18953 7.30281 0 5.65000 -16.82500 6.40796 0.11677 13
-0.91964 0.08683 38.79422 0 -2.60000 26.05000 28.60437 0.13708 -13
-1.97583 -0.24360 91.95053 0 7.35000 59.62500 42.47997 0.22438 -13
-2.15042 0.01983 6.12011 0 -0.77500 64.30000 2.58162 0.23883 13
0.20170 0.08123 8.27237 0 -2.40000 -5.97500 8.11007 0.10305 -13
-0.25501 -0.15157 28.77384 0 4.60000 9.80000 27.90074 0.10505 -13
0.23778 -0.00217 63.80168 0 0.05000 -8.32500 62.07109 0.10351 13
0.23173 0.08793 96.51218 0 -2.65000 -7.07500 94.03918 0.10375 -13
0.16142 -0.05554 26.61168 0 1.70000 -5.90000 26.27267 0.10216 -13
1.11265 0.06835 14.90923 0 -2.10000 -34.12500 9.97906 0.15083 13
0.95085 -0.15337 9.53224 0 4.70000 -29.92500 6.94575 0.13988 -13
-0.30594 -0.03220 64.27090 0 0.97500 8.87500 61.46164 0.10536 -13
-0.22158 -0.09481 13.33353 0 2.90000 8.75000 13.02049 0.10360 -13
1.59701 -0.07999 20.84526 0 2.37500 -44.15000 11.08835 0.18990 13
-0.29454 -0.08934 15.34305 0 2.72500 10.30000 14.72263 0.10538 -13
0.68980 0.05449 31.57881 0 -1.65000 -21.95000 26.00696 0.12247 13
1.56783 0.08444 12.48745 0 -2.47500 -45.12500 6.73141 0.18745 -13
0.50146 -0.18468 61.23983 0 5.55000 -16.65000 54.92491 0.11417 13
0.65001 0.10003 42.78526 0 -3.02500 -20.55000 35.92573 0.12053 13
-0.37864 0.04344 86.25944 0 -1.30000 11.05000 80.67956 0.10777 -13
0.60216 0.01535 47.23974 0 -0.45000 -20.37500 40.47028 0.11756 -13
0.67298 -0.18373 49.71703 0 5.52500 -22.57500 41.45764 0.12278 13
0.82073 -0.06706 83.46679 0 2.02500 -22.40000 64.57651 0.13045 13
0.62987 0.00879 47.92974 0 -0.27500 -19.82500 40.55585 0.11902 13
0.39605 -0.05432 40.78017 0 1.65000 -10.92500 37.92238 0.10845 -13
0.97211 -0.10517 85.37568 0 3.17500 -29.35000 61.38100 0.14084 -13
-0.32454 0.05842 79.49247 0 -1.75000 12.40000 75.62245 0.10604 -13
1.73769 -0.07690 32.82439 0 2.35000 -53.75000 16.40824 0.20207 -13
-0.66990 -0.08607 32.76691 0 2.57500 20.90000 27.25428 0.12151 13
0.85828 -0.10542 87.06084 0 3.20000 -28.67500 66.21926 0.13313 -13
0.00030 -0.12490 85.26062 0 3.77500 2.32500 85.26061 0.10149 -13
-0.69309 -0.13744 21.58931 0 4.12500 19.77500 17.79772 0.12329 13
-0.06118 0.12525 63.29438 0 -3.77500 0.32500 63.17808 0.10168 -13
-0.06296 -0.27469 63.29438 0 8.30000 0.40000 63.17808 0.10464 -13
0.37475 -0.11837 13.06475 0 3.60000 -11.47500 12.24435 0.10822 -13
-1.96651 0.06757 46.90238 0 -2.05000 58.67500 21.29819 0.22228 13
0.73477 -0.16647 57.03645 0 5.02500 -23.45000 46.18202 0.12609 -13
-0.45227 -0.16203 67.05920 0 4.90000 13.82500 61.23382 0.11173 -13
-0.89365 -0.22211 40.87127 0 6.67500 25.45000 30.79870 0.13688 13
0.29543 0.08470 48.38804 0 -2.55000 -11.37500 46.41799 0.10535 -13
-1.07856 -0.16593 41.55289 0 5.02500 32.17500 28.45782 0.14907 -13
2.07516 -0.18185 58.25998 0 5.50000 -63.02500 25.62734 0.23272 -13
0.29637 0.11656 16.29783 0 -3.47500 -7.77500 15.63449 0.10568 -13
0.33428 -0.16622 77.01344 0 5.00000 -12.00000 73.13929 0.10748 13
1.16646 -0.19538 92.84154 0 5.87500 -36.85000 61.07737 0.15596 13
0.02413 0.00158 6.98156 0 0.02500 0.87500 6.97953 0.10074 -13
-0.97900 -0.07894 32.21326 0 2.40000 32.07500 23.05358 0.14116 -13
-1.50217 -0.07818 39.72606 0 2.35000 41.55000 22.06115 0.18188 13
0.08750 -0.08796 73.55262 0 2.65000 -2.65000 73.27477 0.10148 -13
0.76238 0.08467 87.57869 0 -2.55000 -19.52500 69.73843 0.12691 -13
0.69913 -0.11280 34.00881 0 3.37500 -20.72500 27.92990 0.12339 13
-1.37721 0.01525 92.04764 0 -0.47500 39.90000 54.08690 0.17140 13
-0.56832 -0.09640 36.70524 0 2.90000 15.32500 31.94746 0.11623 13
0.30217 -0.17863 44.91042 0 5.40000 -10.50000 43.04640 0.10674 -13
-0.59275 -0.03092 50.90663 0 0.92500 19.55000 43.79659 0.11711 13
-0.15626 0.06939 1.84274 0 -2.35000 7.05000 1.82077 0.10239 13
0.72697 -0.21646 87.11061 0 6.52500 -21.67500 71.01100 0.12640 -13
0.92651 -0.21807 94.38419 0 6.57500 -27.95000 69.97296 0.13902 13
-1.99288 -0.10997 93.52521 0 3.30000 62.17500 42.14721 0.22480 13
-0.83069 -0.09403 87.21793 0 2.82500 23.35000 67.20992 0.13126 13
-0.75239 -0.22793 17.53636 0 6.82500 21.02500 14.13972 0.12806 13
-0.34039 -0.00532 57.89113 0 0.17500 8.65000 54.80321 0.10638 -13
1.49190 0.10728 3.59053 0 -3.50000 -43.45000 2.00685 0.18132 13
-0.79828 -0.15916 13.61660 0 4.75000 24.15000 10.69329 0.12982 13
0.03597 -0.21937 37.72893 0 6.60000 -1.92500 37.70566 0.10315 13
-0.09362 -0.21562 26.70844 0 6.52500 0.47500 26.59731 0.10346 -13
-1.02336 -0.03166 70.13741 0 0.97500 32.80000 49.03130 0.14413 -13
1.52856 0.01075 22.85962 0 -0.37500 -44.87500 12.51551 0.18396 13
1.68881 0.12232 14.03025 0 -3.62500 -55.00000 7.18788 0.19798 -13
1.73983 -0.27756 14.03025 0 8.45000 -56.57500 7.18788 0.20413 -13
0.71177 -0.08473 13.44964 0 2.60000 -22.12500 10.97060 0.12392 -13
0.76700 -0.04085 83.85588 0 1.25000 -25.05000 66.55821 0.12698 -13
1.76771 -0.10264 12.14200 0 3.17500 -55.75000 6.00235 0.20485 -13
-0.61157 -0.09354 94.50367 0 2.82500 17.17500 80.71693 0.11842 -13
0.07533 0.10305 34.84420 0 -3.12500 -2.72500 34.74674 0.10153 13
0.24816 -0.12026 37.61343 0 3.62500 -10.22500 36.52128 0.10446 13
-0.33434 0.04699 28.81327 0 -1.42500 9.10000 27.32950 0.10629 13
0.00265 0.12068 43.22345 0 -3.65000 -2.85000 43.22330 0.10144 13
0.00272 -0.27958 43.22345 0 8.42500 -2.85000 43.22330 0.10455 13
0.58653 -0.16497 75.15737 0 4.97500 -19.80000 65.04987 0.11792 13
0.67562 0.13381 24.25474 0 -4.00000 -21.30000 20.15335 0.12227 -13
0.69288 -0.26561 24.25474 0 8.05000 -21.82500 20.15335 0.12543 -13
0.10172 -0.24179 49.47768 0 7.27500 -3.37500 49.23767 0.10410 13
0.73939 -0.24167 62.30971 0 7.30000 -22.92500 50.59776 0.12759 -13
-1.28358 0.02147 46.61432 0 -0.67500 38.57500 28.65176 0.16388 13
0.68839 -0.12435 93.14768 0 3.75000 -22.55000 76.91630 0.12290 13
-1.95394 -0.00186 70.17494 0 0.05000 59.22500 31.97118 0.22103 13
-0.57926 0.12681 98.78081 0 -3.82500 15.32500 85.64598 0.11707 -13
-0.59566 -0.27298 98.78081 0 8.25000 15.82500 85.64598 0.12040 -13
0.54311 -0.01137 51.17689 0 0.32500 -14.50000 44.97276 0.11460 13
0.31170 -0.24679 26.83512 0 7.47500 -9.75000 25.68473 0.10839 -13
-0.17293 -0.00481 9.98777 0 0.10000 2.42500 9.84172 0.10220 13
2.08045 -0.01448 28.38290 0 0.47500 -63.05000 12.29616 0.23249 -13
-0.01246 0.10992 88.46320 0 -3.30000 2.07500 88.45641 0.10132 -13
-1.05754 0.01405 81.48771 0 -0.42500 31.00000 55.98982 0.14657 -13
0.22465 -0.14191 93.74053 0 4.27500 -9.87500 91.50449 0.10420 13
-0.92233 -0.14312 44.67720 0 4.32500 30.57500 32.99322 0.13776 -13
0.47504 0.01931 23.77548 0 -0.55000 -12.65000 21.47629 0.11151 -13
0.41823 -0.01950 67.24628 0 0.57500 -12.77500 62.04057 0.10917 13
1.05757 -0.16047 82.22824 0 4.85000 -31.37500 56.87352 0.14747 -13
-0.73173 -0.24593 99.31001 0 7.40000 22.95000 80.95439 0.12721 13
0.80110 0.08025 10.64140 0 -2.35000 -20.95000 8.31533 0.12927 -13
0.39766 0.08820 79.36950 0 -2.67500 -12.05000 73.79100 0.10874 13
-1.20634 0.12419 17.90111 0 -3.80000 37.12500 11.47578 0.15832 13
-1.24187 -0.27595 17.90111 0 8.27500 38.17500 11.47578 0.16290 13
0.14246 0.12564 20.17034 0 -3.82500 -3.72500 19.97179 0.10252 13
0.14655 -0.27437 20.17034 0 8.25000 -3.85000 19.97179 0.10544 13
0.69973 -0.08631 69.05164 0 2.60000 -22.62500 56.64490 0.12321 13
-1.04591 0.12991 10.98193 0 -3.97500 30.67500 7.62261 0.14636 13
-1.07425 -0.26964 10.98193 0 8.07500 31.50000 7.62261 0.15020 13
-1.31486 -0.06239 19.00265 0 1.82500 40.35000 11.51717 0.16646 13
0.06686 -0.12430 96.37471 0 3.75000 -2.00000 96.16330 0.10170 13
-0.74577 -0.16677 88.25249 0 5.02500 21.50000 71.08986 0.12674 13
0.43362 -0.01371 17.79292 0 0.37500 -13.75000 16.32458 0.10977 13
-1.82851 -0.17407 56.37837 0 5.22500 54.30000 27.36412 0.21058 13
-0.17491 0.12728 2.59252 0 -3.65000 4.50000 2.55450 0.10304 -13
-0.18000 -0.27199 2.59252 0 8.42500 4.65000 2.55450 0.10620 -13
-0.70091 0.07655 36.04889 0 -2.32500 22.97500 29.54787 0.12323 13
1.79734 -0.21726 46.58912 0 6.57500 -53.32500 23.05108 0.20830 -13
-0.69463 -0.01556 36.47767 0 0.47500 20.75000 29.96034 0.12262 -13
-1.42384 -0.23046 35.83434 0 6.92500 42.45000 20.95257 0.17671 13
-0.31047 -0.12652 93.43428 0 3.80000 10.72500 89.29427 0.10621 13
0.07838 0.06473 46.54601 0 -1.97500 -2.40000 46.40432 0.10122 13
1.92112 0.10770 17.27578 0 -3.17500 -56.00000 8.01360 0.21831 -13
0.10267 0.10392 98.27310 0 -3.15000 -4.90000 97.76462 0.10178 13
0.80263 0.13960 1.21385 0 -3.70000 -26.30000 0.95032 0.13008 -13
0.82156 -0.25957 1.21385 0 8.35000 -27.02500 0.95032 0.13397 -13
-1.72542 0.07092 41.91240 0 -2.12500 52.17500 21.05591 0.20095 -13
-0.35979 0.08331 81.18769 0 -2.52500 12.50000 76.42369 0.10735 13
-1.12283 -0.03877 58.97170 0 1.17500 35.80000 39.23755 0.15146 -13
0.88047 -0.19132 74.93578 0 5.77500 -25.30000 56.67989 0.13556 -13
0.18661 0.11324 13.71713 0 -3.45000 -5.62500 13.48709 0.10309 13
-1.21225 -0.14911 82.03354 0 4.50000 37.80000 52.54226 0.15896 -13
1.24884 0.13001 60.27782 0 -3.90000 -39.57500 37.86901 0.16163 -13
1.28264 -0.26964 60.27782 0 8.15000 -40.60000 37.86901 0.16604 -13
0.60254 -0.24267 93.31606 0 7.32500 -19.05000 80.52665 0.12009 -13
1.49716 -0.20691 70.75911 0 6.25000 -43.52500 39.87233 0.18251 -13
0.08033 0.10264 91.56206 0 -3.10000 -2.47500 91.27113 0.10156 13
0.72859 0.07296 37.31619 0 -2.22500 -21.37500 30.18769 0.12482 13
0.76553 -0.16385 93.57788 0 4.92500 -23.02500 74.66657 0.12789 13
-0.11232 0.12829 40.85765 0 -3.85000 3.65000 40.60644 0.10215 -13
-0.11545 -0.27148 40.85765 0 8.20000 3.75000 40.60644 0.10500 -13
0.11379 0.06612 39.61728 0 -1.97500 -3.57500 39.36430 0.10157 -13
-0.15121 -0.11450 25.32272 0 3.47500 4.85000 25.04162 0.10251 -13
-0.39673 0.03268 55.07430 0 -0.97500 11.95000 51.19639 0.10839 -13
0.04717 -0.03782 82.57892 0 1.12500 -0.62500 82.48734 0.10089 13
0.81447 -0.02231 5.72986 0 0.55000 -25.65000 4.44311 0.12991 13
0.03339 -0.03012 20.13221 0 0.87500 -2.95000 20.12101 0.10080 13
0.51961 0.00717 17.57368 0 -0.17500 -15.65000 15.59410 0.11349 -13
1.23880 -0.15006 66.39182 0 4.52500 -39.57500 41.98277 0.16103 13
2.08404 0.01091 23.49217 0 -0.37500 -62.55000 10.16168 0.23283 13
-0.37295 0.02578 98.99514 0 -0.77500 12.67500 92.75789 0.10751 13
0.97687 0.08007 30.62627 0 -2.42500 -28.97500 21.94163 0.14102 13
-0.35309 0.10151 8.95714 0 -3.12500 12.22500 8.45098 0.10731 13
0.68254 0.11809 93.82080 0 -3.55000 -18.50000 77.66140 0.12250 -13
0.27019 0.06696 37.24998 0 -2.00000 -9.17500 35.96604 0.10453 -13
0.68886 0.02561 75.73762 0 -0.77500 -20.10000 62.37788 0.12231 13
0.24285 0.04265 19.71584 0 -1.30000 -7.55000 19.15999 0.10372 13
0.54020 -0.22175 87.39057 0 6.67500 -17.80000 77.29937 0.11661 13
-1.01417 -0.03149 62.40672 0 0.95000 29.07500 43.82766 0.14346 13
0.62002 -0.17767 20.56792 0 5.40000 -19.47500 17.55514 0.11985 -13
0.23850 -0.05754 98.33784 0 1.75000 -4.32500 95.66355 0.10369 -13
0.87868 -0.01036 54.99401 0 0.32500 -25.70000 41.31281 0.13406 -13
0.90801 -0.02407 32.45856 0 0.70000 -28.47500 24.03345 0.13605 13
-0.07754 0.12518 81.22604 0 -3.77500 2.42500 80.98664 0.10179 -13
-0.07979 -0.27479 81.22604 0 8.30000 2.50000 80.98664 0.10475 -13
-0.32921 0.02017 59.32979 0 -0.60000 10.37500 56.35562 0.10604 -13
-0.82051 -0.13047 40.09527 0 3.92500 25.37500 31.10164 0.13091 13
0.50608 -0.08030 84.93884 0 2.42500 -12.20000 75.83563 0.11315 -13
0.10886 -0.24837 21.13157 0 7.47500 -4.47500 21.01461 0.10432 13
0.27526 -0.19023 25.58613 0 5.72500 -7.80000 24.69902 0.10618 13
1.02753 -0.22631 96.65599 0 6.82500 -31.17500 68.27130 0.14618 13
-0.53624 0.06375 64.07769 0 -1.92500 15.62500 56.49671 0.11445 -13
1.16683 0.14003 21.34568 0 -4.17500 -35.50000 13.96813 0.15537 -13
1.19369 -0.25910 21.34568 0 7.85000 -36.32500 13.96813 0.15903 -13
0.08605 -0.10427 73.39219 0 3.15000 -2.75000 73.12482 0.10162 13
0.37010 0.10400 14.89964 0 -3.10000 -12.37500 13.98222 0.10788 -13
-1.25682 -0.02529 72.23209 0 0.75000 37.40000 44.98187 0.16176 13
0.66430 -0.14154 27.23292 0 4.30000 -19.10000 22.75252 0.12175 -13
-0.93728 0.13991 65.01516 0 -4.22500 25.05000 47.65050 0.13875 13
-0.95893 -0.25930 65.01516 0 7.80000 25.70000 47.65050 0.14194 13
0.04954 -0.06210 90.37669 0 1.87500 -0.92500 90.26640 0.10102 -13
-0.91342 -0.06513 22.79518 0 2.00000 25.85000 16.84714 0.13656 -13
-0.18591 0.14358 18.27162 0 -4.35000 6.67500 17.97035 0.10346 13
-0.18994 -0.25548 18.27162 0 7.67500 6.80000 17.97035 0.10566 13
-1.04955 -0.15878 18.96790 0 4.75000 31.82500 13.16928 0.14683 13
-0.18448 0.12518 34.21693 0 -3.80000 2.85000 33.65777 0.10318 13
-0.18982 -0.27483 34.21693 0 8.27500 3.02500 33.65777 0.10616 13
-2.05611 -0.13304 9.33626 0 3.87500 61.07500 4.11190 0.23055 13
1.15070 -0.10114 44.89023 0 3.07500 -35.92500 29.52980 0.15388 -13
1.97928 -0.03849 85.38432 0 1.17500 -58.77500 38.52625 0.22336 -13
0.81535 0.10510 41.38737 0 -3.17500 -27.10000 32.14692 0.13037 13
-0.02392 -0.24356 81.51254 0 7.35000 -0.95000 81.49053 0.10367 13
-0.47124 -0.09130 17.35836 0 2.72500 15.02500 15.71406 0.11170 13
0.93155 -0.14802 47.83301 0 4.47500 -25.42500 35.17522 0.13844 -13
0.68256 -0.21603 70.50497 0 6.52500 -19.42500 58.65030 0.12386 -13
-1.24418 -0.08384 84.47259 0 2.52500 35.15000 53.03202 0.16096 13
0.47888 0.11066 21.13495 0 -3.37500 -13.97500 19.08371 0.11222 13
-0.03382 -0.05088 99.22885 0 1.52500 1.47500 99.17230 0.10089 13
0.36096 0.04971 20.57947 0 -1.47500 -10.27500 19.35989 0.10718 -13
-0.63506 -0.09872 80.33905 0 2.97500 17.57500 67.91356 0.11971 -13
1.89165 -0.00217 85.64577 0 0.05000 -57.72500 40.02694 0.21548 13
1.75254 -0.06088 61.35200 0 1.82500 -54.82500 30.44804 0.20328 13
1.10779 0.00936 23.97049 0 -0.32500 -35.12500 16.06245 0.15030 13
1.16581 -0.10886 1.66169 0 2.82500 -37.57500 1.08604 0.15507 13
0.36475 0.14660 7.12724 0 -4.35000 -10.82500 6.70384 0.10818 -13
0.37203 -0.25203 7.12724 0 7.70000 -11.07500 6.70384 0.11050 -13
1.11549 0.07475 74.52098 0 -2.27500 -32.50000 49.82046 0.15105 13
0.01049 0.00241 47.41559 0 -0.05000 -2.87500 47.41298 0.10071 -13
1.59044 -0.03548 45.61821 0 1.10000 -49.25000 24.29285 0.18923 -13
0.37479 0.08077 36.73538 0 -2.42500 -12.10000 34.41263 0.10785 -13
-0.67412 0.08007 77.59009 0 -2.40000 21.60000 64.40074 0.12171 -13
1.97124 -0.16927 96.25231 0 5.12500 -61.55000 44.03578 0.22326 -13
1.36633 -0.20801 77.07950 0 6.27500 -43.10000 46.15130 0.17180 -13
-0.40086 0.01356 35.79745 0 -0.40000 12.55000 33.22771 0.10850 -13
-1.53986 -0.06114 57.96179 0 1.85000 46.22500 31.60999 0.18501 -13
0.88912 -0.12033 78.55339 0 3.62500 -24.42500 58.89117 0.13529 13
0.82403 -0.04224 15.17262 0 1.22500 -23.32500 11.71388 0.13055 13
1.54497 0.05075 11.17550 0 -1.45000 -47.30000 6.07761 0.18540 -13
-0.27367 -0.11083 98.58153 0 3.35000 5.45000 95.12509 0.10500 13
-0.06849 0.09647 97.16444 0 -2.92500 1.72500 96.93939 0.10140 13
-0.36528 -0.24852 37.91866 0 7.47500 8.75000 35.73928 0.11008 13
-1.09857 -0.23892 40.24585 0 7.22500 33.15000 27.50095 0.15154 -13
-0.70299 -0.03020 57.07705 0 0.92500 18.65000 46.70063 0.12314 -13
-2.15079 0.03326 52.98620 0 -1.02500 63.67500 22.34903 0.23889 13
1.39510 -0.07878 80.06174 0 2.37500 -42.67500 46.73895 0.17304 -13
-0.10514 -0.03039 11.53918 0 0.87500 1.12500 11.47599 0.10130 13
-0.80663 -0.00867 73.38155 0 0.27500 24.22500 57.11725 0.12938 -13
0.30286 0.01017 23.22067 0 -0.27500 -11.52500 22.22387 0.10523 -13
-0.27393 0.10464 16.96478 0 -3.12500 9.77500 16.36825 0.10493 -13
-0.67871 -0.14858 68.47473 0 4.47500 20.40000 56.85152 0.12261 13
0.27848 -0.16077 59.33756 0 4.85000 -6.87500 57.21438 0.10578 13
0.46258 -0.10964 11.12370 0 3.25000 -13.92500 10.10592 0.11149 13
0.11756 0.04308 82.94688 0 -1.30000 -4.32500 82.38068 0.10149 -13
-1.30965 0.02408 83.59360 0 -0.72500 37.65000 50.73995 0.16595 -13
0.58384 -0.15320 38.85684 0 4.60000 -18.90000 33.65445 0.11762 13
0.11114 -0.20834 9.32190 0 6.32500 -1.87500 9.26723 0.10352 -13
0.91123 0.09675 71.44165 0 -2.90000 -25.97500 52.91759 0.13659 -13
0.51651 0.12205 82.07536 0 -3.67500 -15.82500 73.03529 0.11401 13
0.53215 -0.27812 82.07536 0 8.37500 -16.30000 73.03529 0.11746 13
-0.22367 -0.03430 7.44938 0 0.97500 8.17500 7.26994 0.10325 13
-2.03546 0.08679 78.14632 0 -2.60000 62.17500 34.56306 0.22853 -13
