1.12165 -0.09534 65.18169 0 2.87500 -35.12500 43.48539 0.15163 13
1.53191 -0.00904 24.86384 0 0.25000 -49.02500 13.59143 0.18423 13
0.32361 0.03301 84.85212 0 -1.00000 -10.50000 80.73430 0.10589 -13
0.22303 0.10916 97.67942 0 -3.30000 -4.22500 95.36366 0.10376 13
-1.62323 -0.13226 34.38606 0 4.02500 49.22500 18.14930 0.19247 -13
1.86193 -0.24681 36.32613 0 7.42500 -55.07500 17.58422 0.21423 13
0.79564 -0.10675 66.76780 0 3.22500 -23.47500 52.36241 0.12914 -13
-0.82935 -0.15236 91.77923 0 4.60000 26.80000 70.97375 0.13173 -13
-0.24931 -0.01850 77.90514 0 0.57500 6.80000 75.59223 0.10380 -13
0.78328 -0.06478 11.61590 0 2.00000 -25.15000 9.15199 0.12810 -13
0.15934 -0.10653 93.92342 0 3.20000 -5.17500 92.76627 0.10253 13
-0.16955 0.10966 88.62382 0 -3.30000 4.72500 87.39122 0.10273 -13
0.85056 -0.18346 32.09415 0 5.52500 -24.12500 24.61549 0.13347 13
0.11077 -0.12787 14.94462 0 3.82500 -3.22500 14.85519 0.10212 13
-0.21394 0.08458 53.11367 0 -2.55000 4.87500 51.94651 0.10333 -13
-0.00477 0.03097 15.29542 0 -0.90000 1.40000 15.29524 0.10075 -13
0.88986 0.12764 55.41581 0 -3.85000 -26.35000 41.54600 0.13542 13
0.91483 -0.27223 55.41581 0 8.20000 -27.10000 41.54600 0.13920 13
1.13939 -0.01953 78.45602 0 0.60000 -34.67500 51.75892 0.15268 -13
-0.36284 -0.00866 75.51578 0 0.25000 8.92500 70.98770 0.10713 13
0.98627 -0.24674 29.49426 0 7.47500 -28.65000 21.30253 0.14364 -13
1.40617 -0.04039 36.37078 0 1.20000 -42.47500 21.09044 0.17380 13
-0.11936 -0.07700 82.21685 0 2.32500 0.85000 81.64077 0.10172 -13
-0.61541 -0.13775 19.46931 0 4.12500 18.30000 16.62343 0.11904 13
1.01836 -0.18301 56.14596 0 5.50000 -30.60000 39.66650 0.14490 13
0.22089 0.13168 4.57155 0 -4.07500 -4.97500 4.46575 0.10406 13
0.22663 -0.26817 4.57155 0 7.97500 -5.12500 4.46575 0.10665 13
-1.15196 -0.21887 40.97320 0 6.57500 34.07500 27.21720 0.15517 13
-1.43037 -0.04367 44.14564 0 1.32500 45.77500 25.31038 0.17582 -13
1.65400 0.10634 44.12019 0 -3.22500 -50.95000 22.92142 0.19495 13
-0.76570 -0.17165 37.98531 0 5.15000 27.92500 30.32002 0.12800 13
1.83308 0.08041 43.44821 0 -2.40000 -54.07500 20.85912 0.21042 -13
1.38267 -0.08974 7.12634 0 2.82500 -42.90000 4.18676 0.17218 -13
-1.44890 -0.15801 39.28233 0 4.80000 43.40000 22.49986 0.17802 -13
1.43305 -0.15531 80.74517 0 4.67500 -42.25000 46.57713 0.17666 13
-0.84095 -0.03654 51.90569 0 1.10000 24.32500 39.73712 0.13163 13
-1.31506 -0.20841 11.65694 0 6.20000 36.90000 7.15072 0.16762 13
0.55684 -0.04828 83.85883 0 1.47500 -18.80000 73.28621 0.11536 -13
0.96177 -0.12728 72.52868 0 3.82500 -29.50000 52.47654 0.14030 13
0.21191 -0.19141 39.09258 0 5.75000 -6.30000 38.27246 0.10472 13
-0.26403 0.10601 12.25585 0 -3.15000 7.60000 11.85417 0.10469 -13
0.05138 -0.23324 74.36442 0 7.05000 -1.37500 74.27154 0.10354 -13
-1.18060 -0.07212 43.22438 0 2.15000 37.15000 27.97969 0.15597 13
0.99183 -0.18115 23.07304 0 5.50000 -30.82500 16.51191 0.14304 -13
-1.32677 0.11041 57.14025 0 -3.35000 41.45000 34.52445 0.16769 13
-0.27564 -0.16982 29.97304 0 5.15000 5.92500 28.92398 0.10586 -13
0.55325 -0.22456 99.66648 0 6.77500 -18.47500 87.70392 0.11728 13
-0.14440 -0.21763 76.58072 0 6.55000 3.65000 75.82954 0.10408 13
0.59161 0.05375 83.47059 0 -1.62500 -18.37500 71.86674 0.11713 13
1.56638 0.03692 54.49363 0 -1.12500 -41.95000 29.33735 0.18719 13
2.02886 -0.02776 22.42334 0 0.80000 -62.47500 9.91625 0.22780 13
0.08769 0.03310 1.86013 0 -0.72500 -0.10000 1.85299 0.10129 -13
0.18431 0.07836 77.66983 0 -2.35000 -6.00000 76.39099 0.10270 -13
0.33537 0.10997 78.48954 0 -3.32500 -9.82500 74.46151 0.10679 13
-1.01021 -0.03276 71.01409 0 1.00000 30.17500 49.97240 0.14318 -13
0.80146 -0.06688 3.65884 0 1.85000 -25.07500 2.85745 0.12924 13
-0.63233 -0.13783 78.71336 0 4.15000 20.00000 66.70624 0.11995 13
1.74938 -0.02815 11.25697 0 0.92500 -51.52500 5.58859 0.20295 -13
1.45339 0.04423 85.77113 0 -1.32500 -43.67500 48.65026 0.17771 -13
0.35678 -0.09154 8.25988 0 2.70000 -12.55000 7.78398 0.10729 13
1.62930 0.00065 69.44694 0 -0.02500 -48.35000 36.32675 0.19252 13
-1.21051 -0.09009 76.09449 0 2.72500 34.95000 48.58010 0.15838 -13
-0.64917 -0.19664 98.13880 0 5.92500 21.90000 82.77355 0.12168 13
-0.80884 -0.22901 36.14414 0 6.92500 24.40000 28.38305 0.13157 -13
0.08596 -0.08577 33.32542 0 2.60000 -3.30000 33.20385 0.10145 -13
0.66491 -0.01825 49.15204 0 0.55000 -19.10000 40.93230 0.12095 -13
-0.84661 -0.06562 10.70754 0 1.92500 27.92500 8.17956 0.13210 13
-0.07935 0.05104 92.60651 0 -1.55000 4.32500 92.31710 0.10115 13
-0.16689 0.09750 70.04474 0 -2.92500 3.22500 69.09798 0.10257 -13
-0.19962 -0.19730 29.28489 0 5.97500 6.75000 28.73898 0.10460 -13
-0.17072 0.00477 35.82187 0 -0.15000 4.52500 35.31103 0.10216 13
1.12229 -0.16073 77.24593 0 4.85000 -34.45000 51.75261 0.15223 13
-0.82529 0.13370 46.74420 0 -4.02500 22.90000 36.18121 0.13125 -13
-0.84640 -0.26576 46.74420 0 8.02500 23.55000 36.18121 0.13464 -13
-1.08216 -0.23451 36.31975 0 7.05000 32.05000 25.00308 0.15022 13
-1.25980 -0.06333 49.86763 0 1.92500 40.00000 31.04199 0.16210 -13
0.20829 -0.09690 47.09636 0 2.90000 -6.45000 46.11578 0.10332 13
1.19416 0.07363 97.06696 0 -2.22500 -38.97500 62.41923 0.15698 -13
1.19417 0.07363 97.06696 0 -2.22500 -39.00000 62.41923 0.15702 -13
0.00011 -0.07253 25.35149 0 2.20000 -0.05000 25.35149 0.10098 -13
-0.15500 -0.05976 33.72405 0 1.80000 2.65000 33.32745 0.10208 13
-1.50497 0.14539 66.28384 0 -4.40000 45.37500 36.95001 0.18255 13
-1.53644 -0.25356 66.28384 0 7.62500 46.32500 36.95001 0.18634 13
-0.28663 -0.19956 66.28384 0 -4.32500 45.25000 36.95001 0.18229 13
0.53927 0.36587 66.28384 0 -2.47500 46.37500 36.95001 0.19260 13
-1.39918 0.69475 66.28384 0 -3.90000 47.62500 36.95001 0.20076 13
2.00955 -0.44316 66.28384 0 -3.32500 50.75000 36.95001 0.21380 13
3.02935 6.16755 66.28384 0 -3.15000 51.17500 36.95001 0.21592 13
-1.02053 0.09645 81.22182 0 -2.90000 29.62500 56.98026 0.14421 -13
0.00961 0.01777 73.09327 0 -0.55000 -0.45000 73.08990 0.10072 13
0.04032 -0.03343 43.25498 0 1.00000 -0.20000 43.21990 0.10084 13
-1.40413 0.08519 86.90231 0 -2.57500 43.85000 50.53309 0.17381 13
1.06466 -0.06044 79.68948 0 1.82500 -32.10000 54.61005 0.14722 13
1.32125 -0.06666 4.69978 0 1.82500 -40.60000 2.84001 0.16700 13
-0.04802 -0.20835 92.92503 0 6.30000 0.27500 92.82255 0.10299 -13
0.70724 -0.06376 24.57484 0 1.95000 -22.95000 20.07757 0.12352 -13
-0.95909 0.05054 49.74762 0 -1.55000 29.25000 35.92509 0.13963 13
-0.96076 -0.18209 35.49159 0 5.47500 28.45000 25.79319 0.14083 13
-0.59115 0.12814 89.23048 0 -3.87500 18.05000 76.97395 0.11770 13
-0.60761 -0.27166 89.23048 0 8.20000 18.55000 76.97395 0.12096 13
-0.80680 -0.23668 93.79881 0 7.15000 25.75000 73.77783 0.13158 -13
0.97773 -0.23943 96.43211 0 7.22500 -28.35000 69.88272 0.14288 13
1.86684 -0.10497 66.02719 0 3.15000 -53.22500 31.30947 0.21352 13
0.17339 -0.20362 1.62998 0 6.47500 -1.70000 1.60703 0.10468 -13
-1.45454 -0.08660 60.43245 0 2.60000 41.17500 34.32357 0.17796 13
-0.92842 0.10141 99.75721 0 -3.05000 28.65000 73.27995 0.13779 -13
-0.74292 0.14663 62.05112 0 -4.42500 22.92500 49.99703 0.12632 13
-0.75808 -0.25228 62.05112 0 7.60000 23.37500 49.99703 0.12889 13
-1.12631 0.00452 21.88849 0 -0.10000 34.75000 14.53274 0.15169 -13
-0.76693 -0.01862 67.79145 0 0.57500 20.12500 53.79619 0.12692 -13
0.70001 0.12595 14.37653 0 -3.75000 -22.72500 11.80801 0.12356 -13
0.72015 -0.27387 14.37653 0 8.30000 -23.35000 11.80801 0.12718 -13
0.28093 -0.09420 90.60120 0 2.85000 -11.87500 87.25247 0.10503 -13
-0.38375 0.05648 12.02693 0 -1.75000 8.52500 11.23083 0.10803 13
0.17090 0.11123 6.69458 0 -3.27500 -3.85000 6.60008 0.10276 -13
-0.87970 -0.02112 20.10520 0 0.60000 24.40000 15.09741 0.13413 13
0.27655 0.06674 91.10465 0 -2.02500 -10.77500 87.82269 0.10470 13
-0.87895 0.05318 14.58934 0 -1.55000 26.82500 10.96476 0.13418 -13
0.53731 -0.05104 20.44784 0 1.50000 -16.92500 18.01769 0.11443 13
0.37346 0.00606 84.71639 0 -0.20000 -11.22500 79.36285 0.10749 13
2.10989 -0.07316 16.50314 0 2.12500 -62.87500 7.08417 0.23518 13
0.40115 -0.22186 53.26756 0 6.67500 -10.12500 49.59954 0.11077 13
1.38642 -0.00397 44.91812 0 0.15000 -43.15000 26.27756 0.17214 -13
-0.19183 -0.15496 23.53611 0 4.65000 8.05000 23.12422 0.10371 13
-1.21716 -0.00585 66.44927 0 0.17500 36.80000 42.18332 0.15863 13
1.81389 -0.11173 45.28896 0 3.40000 -50.57500 21.96954 0.20890 -13
1.64759 0.06962 73.19516 0 -2.10000 -48.62500 38.04454 0.19422 13
-1.07687 -0.18653 29.57514 0 5.60000 31.60000 20.30890 0.14917 13
0.73570 0.07282 33.82075 0 -2.22500 -22.62500 27.26759 0.12524 13
2.03192 -0.21087 82.68063 0 6.37500 -62.52500 37.15215 0.22905 -13
0.61523 0.01277 44.30832 0 -0.37500 -16.82500 37.73913 0.11824 -13
0.05204 -0.02464 58.46603 0 0.72500 -0.10000 58.38708 0.10086 13
1.55828 -0.20924 5.07443 0 6.12500 -46.95000 2.78227 0.18746 13
0.64142 -0.12667 88.67547 0 3.82500 -21.20000 74.81334 0.12032 -13
1.47825 0.08863 19.48427 0 -2.72500 -44.20000 10.94634 0.17998 13
1.83554 0.08129 68.08848 0 -2.47500 -54.17500 32.65669 0.21067 13
1.56318 -0.03154 66.17047 0 0.95000 -46.27500 35.67063 0.18690 13
-0.07135 -0.07506 92.44300 0 2.27500 2.20000 92.20986 0.10124 -13
-1.92744 -0.05845 57.00624 0 1.77500 57.90000 26.28840 0.21875 -13
-0.16381 -0.07902 42.41594 0 2.37500 3.12500 41.86146 0.10235 13
-1.52035 -0.05778 78.75952 0 1.72500 48.70000 43.33089 0.18334 13
-1.94210 0.02454 65.12584 0 -0.72500 59.52500 29.82088 0.21998 -13
-0.04663 -0.12064 81.28440 0 3.65000 -0.82500 81.19747 0.10154 -13
-0.15679 -0.03858 29.27433 0 1.15000 5.05000 28.92151 0.10201 13
-0.26378 0.04314 14.85225 0 -1.32500 7.45000 14.36196 0.10425 13
-0.93800 -0.14997 96.46125 0 4.52500 26.35000 70.71960 0.13890 -13
-1.24025 0.13060 14.56437 0 -4.00000 37.55000 9.18857 0.16101 13
-1.27362 -0.26920 14.56437 0 8.05000 38.52500 9.18857 0.16522 13
-1.87167 -0.24788 74.01463 0 7.50000 58.00000 35.69155 0.21518 -13
-0.59302 -0.11858 45.88770 0 3.57500 16.80000 39.54092 0.11768 13
-0.09413 -0.07555 97.45983 0 2.27500 2.12500 97.03329 0.10143 -13
1.35027 -0.13936 67.01466 0 4.20000 -42.05000 40.12993 0.16979 13
-2.13308 0.06014 49.89966 0 -1.80000 64.67500 21.21239 0.23731 -13
0.63347 -0.16725 6.46635 0 5.12500 -20.02500 5.48385 0.12047 -13
0.74805 -0.07828 26.60864 0 2.35000 -22.80000 21.33028 0.12600 13
0.07789 0.09555 70.25060 0 -2.87500 -1.75000 70.04036 0.10146 -13
0.67718 0.14106 32.95279 0 -4.22500 -20.15000 27.36945 0.12243 -13
0.69249 -0.25802 32.95279 0 7.80000 -20.62500 27.36945 0.12523 -13
-0.10731 -0.02783 57.84355 0 0.85000 4.50000 57.51357 0.10132 -13
-0.03608 -0.05629 29.67532 0 1.72500 1.35000 29.65609 0.10093 -13
1.28722 -0.22818 13.32362 0 6.95000 -40.25000 8.30327 0.16582 -13
-0.21617 -0.09673 28.80694 0 2.92500 5.77500 28.16249 0.10350 -13
-0.97821 -0.22550 69.08967 0 6.80000 27.70000 49.98387 0.14271 -13
0.10752 0.03193 28.52532 0 -0.95000 0.22500 28.36208 0.10134 -13
-0.44018 0.03932 91.27462 0 -1.17500 14.27500 83.55016 0.11010 -13
-0.19696 0.11285 83.36709 0 -3.40000 6.17500 81.81484 0.10326 -13
-0.78248 -0.16361 51.80774 0 4.95000 21.35000 41.00480 0.12894 -13
1.83891 0.13221 88.81099 0 -3.97500 -55.95000 42.71208 0.21121 -13
1.88708 -0.26737 88.81099 0 8.07500 -57.42500 42.71208 0.21677 -13
0.11194 -0.04999 4.97646 0 1.40000 -3.17500 4.94571 0.10146 13
0.24139 -0.05892 98.79008 0 1.77500 -5.82500 96.04083 0.10376 -13
0.32929 -0.06897 84.89830 0 2.07500 -9.00000 80.65768 0.10625 -13
-1.48249 0.10322 2.46490 0 -2.75000 43.32500 1.38345 0.18033 -13
0.42857 0.07456 83.02934 0 -2.25000 -13.17500 76.34869 0.10982 -13
-0.12407 -0.07936 77.03371 0 2.40000 2.47500 76.45116 0.10179 -13
0.10766 -0.11603 61.94964 0 3.50000 -1.87500 61.59840 0.10195 13
-0.54816 -0.23567 26.40366 0 7.12500 15.27500 23.29556 0.11728 -13
0.35604 0.03757 46.09749 0 -1.12500 -10.95000 43.43049 0.10696 -13
-0.87014 -0.08963 68.16955 0 2.70000 24.90000 51.51437 0.13379 13
-1.48354 0.04781 10.29976 0 -1.52500 43.55000 5.76167 0.18026 13
-0.04639 -0.07873 82.15372 0 2.37500 3.45000 82.06603 0.10112 13
1.22635 0.09175 84.33218 0 -2.75000 -39.65000 53.42898 0.15961 -13
-0.47935 -0.02873 82.57256 0 0.87500 12.65000 74.46548 0.11172 -13
0.50877 -0.11028 64.48035 0 3.32500 -19.02500 57.54086 0.11354 -13
-0.01844 0.08111 57.17461 0 -2.45000 1.12500 57.16495 0.10106 13
-0.85200 0.06622 95.23255 0 -2.00000 26.85000 72.55620 0.13247 13
1.07090 -0.10584 87.65043 0 3.20000 -32.92500 59.99911 0.14794 -13
-1.49540 0.12578 53.92295 0 -3.80000 45.10000 30.13685 0.18161 13
-1.53851 -0.27419 53.92295 0 8.25000 46.40000 30.13685 0.18680 13
0.71683 0.07740 34.82046 0 -2.32500 -22.32500 28.32919 0.12415 -13
1.06414 -0.11551 12.59414 0 3.42500 -31.20000 8.65481 0.14749 13
0.01809 -0.18640 63.58257 0 5.62500 -1.90000 63.57252 0.10245 13
0.16031 0.11399 50.32049 0 -3.42500 -5.90000 49.69397 0.10263 -13
-1.56577 -0.04699 87.99956 0 1.40000 44.57500 47.40299 0.18716 13
-0.76030 0.12011 11.52337 0 -3.67500 21.20000 9.19713 0.12711 13
-0.78393 -0.28034 11.52337 0 8.40000 21.90000 9.19713 0.13098 13
-0.95360 -0.21531 39.20933 0 6.47500 29.77500 28.68020 0.14081 13
-0.03390 0.08100 38.92846 0 -2.45000 -0.87500 38.90627 0.10109 13
-0.23383 -0.03872 88.40140 0 1.17500 6.17500 86.08285 0.10349 -13
-0.41673 0.10833 19.73119 0 -3.25000 14.17500 18.22868 0.10963 -13
-0.12803 0.01309 27.90225 0 -0.37500 5.10000 27.67638 0.10153 -13
-0.04049 -0.16742 24.15706 0 5.07500 2.15000 24.13782 0.10220 -13
-1.21067 0.08785 76.37874 0 -2.65000 36.22500 48.75201 0.15837 -13
0.84693 0.03878 33.96969 0 -1.15000 -24.52500 25.93034 0.13202 -13
0.62807 -0.08819 64.25958 0 2.65000 -17.15000 54.47613 0.11924 13
-1.05186 -0.16535 16.32650 0 5.02500 31.82500 11.32832 0.14714 -13
-0.71051 0.02349 82.73614 0 -0.70000 19.77500 67.45166 0.12356 -13
0.47746 0.05350 76.72165 0 -1.60000 -16.02500 69.25334 0.11172 -13
-1.54353 -0.23460 51.35134 0 7.05000 46.65000 28.44959 0.18667 13
-0.20870 -0.22435 46.28455 0 6.77500 8.70000 45.35377 0.10534 -13
0.16867 0.07681 98.13116 0 -2.32500 -2.92500 96.77212 0.10242 13
0.99353 0.08031 36.23423 0 -2.45000 -30.42500 25.74522 0.14219 13
-0.26647 -0.14780 82.84096 0 4.47500 5.85000 80.10428 0.10528 -13
0.47882 0.01627 50.10821 0 -0.50000 -14.85000 45.19601 0.11167 13
-0.04943 0.05496 55.38610 0 -1.65000 1.20000 55.31875 0.10098 -13
-1.85710 -0.04696 97.16930 0 1.40000 54.30000 46.10845 0.21244 13
1.73445 -0.19787 36.04005 0 6.00000 -53.67500 18.26109 0.20263 -13
1.49441 0.10926 65.69821 0 -3.30000 -42.50000 36.68726 0.18142 13
0.61295 -0.11681 69.14530 0 3.52500 -20.40000 59.06094 0.11870 -13
-0.33458 0.07370 22.39691 0 -2.25000 10.37500 21.24554 0.10646 13
-0.94711 -0.21576 22.74979 0 6.47500 29.07500 16.69375 0.14036 13
-0.21155 -0.14640 85.68120 0 4.40000 6.15000 83.86383 0.10398 13
0.07808 -0.04910 50.99071 0 1.47500 -2.90000 50.83636 0.10113 13
0.54238 -0.11604 57.66614 0 3.50000 -20.20000 50.76819 0.11515 13
-1.21013 -0.19282 30.43694 0 5.80000 33.62500 19.59809 0.15925 13
-0.34443 0.00244 33.29792 0 -0.05000 9.05000 31.48280 0.10651 -13
-0.96426 -0.18549 39.57320 0 5.57500 28.87500 28.71840 0.14112 13
0.97260 -0.13197 25.55401 0 4.00000 -27.50000 18.39519 0.14113 -13
0.56188 -0.17613 93.89595 0 5.30000 -18.42500 82.15616 0.11686 13
0.51460 -0.06187 22.15228 0 1.85000 -13.12500 19.70546 0.11342 13
0.19056 0.05598 92.94692 0 -1.70000 -6.75000 91.30897 0.10267 13
-0.84493 -0.23647 37.79708 0 7.12500 23.70000 29.19502 0.13395 13
0.10012 0.13554 25.99028 0 -4.10000 -2.87500 25.86328 0.10214 13
0.10260 -0.26391 25.99028 0 7.95000 -2.95000 25.86328 0.10465 13
-1.03476 -0.06958 8.01004 0 2.00000 31.62500 5.57363 0.14506 13
-0.12501 -0.16190 97.19117 0 4.87500 5.27500 96.45957 0.10279 13
0.44487 -0.21479 66.20070 0 6.47500 -16.87500 60.70682 0.11233 -13
1.09242 -0.17805 27.65924 0 5.35000 -33.55000 18.83425 0.15019 13
0.02363 -0.18423 82.51338 0 5.57500 -1.32500 82.49110 0.10243 -13
-0.37920 -0.04223 59.06474 0 1.27500 10.55000 55.23358 0.10779 -13
-0.23169 0.10806 65.52638 0 -3.27500 6.55000 63.85426 0.10395 13
1.92931 0.02151 12.52595 0 -0.70000 -59.27500 5.76508 0.21887 13
0.63081 0.03226 91.54067 0 -0.97500 -19.87500 77.43536 0.11911 13
1.61330 -0.01982 62.38664 0 0.57500 -50.47500 32.87286 0.19115 13
0.54505 -0.20170 55.26477 0 6.10000 -18.50000 48.74342 0.11648 -13
-0.92895 -0.22665 12.07691 0 6.77500 27.87500 8.95016 0.13928 13
0.88223 0.09764 24.40723 0 -2.97500 -27.70000 18.34034 0.13466 13
-0.42694 -0.21598 88.16613 0 6.52500 13.47500 81.36531 0.11164 -13
1.74670 -0.03189 3.30348 0 0.65000 -50.75000 1.64183 0.20278 13
0.83446 0.04407 28.67348 0 -1.35000 -22.32500 22.02461 0.13124 13
-0.49890 0.02768 95.76023 0 -0.85000 14.95000 85.69448 0.11257 13
1.74566 -0.22604 96.03442 0 6.82500 -53.57500 48.63411 0.20389 -13
1.27309 -0.11761 86.35947 0 3.55000 -39.10000 53.57187 0.16346 -13
-0.04397 -0.23706 33.76788 0 7.12500 2.27500 33.73700 0.10358 13
-1.27280 0.14065 4.47790 0 -4.42500 40.42500 2.78264 0.16384 13
-1.30144 -0.25849 4.47790 0 7.62500 41.20000 2.78264 0.16719 13
-1.93033 -0.22138 27.65557 0 6.62500 54.62500 12.96259 0.21980 13
-0.47293 -0.13888 33.00196 0 4.20000 13.20000 29.88552 0.11228 -13
-1.94292 -0.09338 33.40839 0 2.85000 59.25000 15.34129 0.22027 -13
-0.24791 -0.20109 10.18382 0 6.12500 8.30000 9.89567 0.10575 -13
0.97438 0.00150 12.06178 0 0.02500 -29.27500 8.63887 0.14061 -13
0.95093 -0.14172 98.26276 0 4.27500 -28.40000 71.54264 0.13970 -13
0.68502 0.09202 7.67826 0 -2.85000 -21.00000 6.34288 0.12246 13
-0.49231 -0.15589 67.08157 0 4.70000 14.50000 60.32357 0.11333 13
0.62259 0.06730 35.03627 0 -2.05000 -18.87500 29.76208 0.11883 13
-0.29727 0.04650 94.24430 0 -1.40000 11.00000 90.34536 0.10516 13
0.34169 -0.13711 16.74135 0 4.17500 -10.97500 15.85752 0.10733 -13
2.15972 -0.01936 25.05169 0 0.62500 -63.57500 10.52702 0.23970 -13
0.04781 -0.13222 92.60118 0 4.00000 0.90000 92.49732 0.10170 -13
0.03935 -0.21783 32.56511 0 6.57500 -2.77500 32.54106 0.10315 -13
0.23038 -0.22899 52.91977 0 6.90000 -7.12500 51.63389 0.10588 13
0.83011 -0.23344 89.13087 0 7.02500 -25.60000 69.31542 0.13296 13
1.85374 0.08702 93.65561 0 -2.62500 -56.47500 44.59585 0.21229 13
-0.12903 -0.20814 18.17055 0 6.30000 2.40000 18.02734 0.10370 -13
-0.00634 -0.04508 35.07190 0 1.35000 0.35000 35.07120 0.10081 13
-1.27632 0.08465 42.36514 0 -2.52500 40.22500 26.18597 0.16350 -13
-0.00889 -0.05459 73.48560 0 1.65000 0.75000 73.48270 0.10086 -13
1.86295 -0.22146 80.01355 0 6.67500 -57.30000 38.54853 0.21407 13
1.02622 0.11628 35.11184 0 -3.52500 -29.15000 24.58904 0.14477 13
-0.48833 -0.03439 70.00560 0 1.05000 16.02500 62.91282 0.11212 -13
0.61249 -0.01258 6.08346 0 0.27500 -20.42500 5.18770 0.11811 13
-1.79842 -0.13775 8.49885 0 4.05000 51.90000 4.16017 0.20758 13
-0.61292 0.13016 57.80233 0 -3.92500 18.87500 49.39472 0.11883 -13
-0.62948 -0.26951 57.80233 0 8.15000 19.37500 49.39472 0.12206 -13
1.82610 -0.11303 30.75491 0 3.45000 -56.87500 14.84412 0.21000 -13
0.25938 -0.03780 20.21045 0 1.17500 -6.25000 19.56393 0.10411 -13
-0.57866 -0.15165 57.45414 0 4.57500 15.77500 49.86965 0.11734 13
-1.20847 0.08063 6.39810 0 -2.30000 37.92500 4.08706 0.15813 -13
-0.25272 0.06514 24.59569 0 -1.95000 8.32500 23.84901 0.10407 -13
-1.77945 0.08620 89.03272 0 -2.60000 52.95000 43.74013 0.20573 -13
0.76345 -0.05281 25.79389 0 1.57500 -24.80000 20.51203 0.12681 13
-1.57994 -0.08959 76.73938 0 2.72500 47.17500 41.15889 0.18852 -13
0.28628 -0.14438 18.79375 0 4.37500 -6.32500 18.08192 0.10577 -13
0.03344 0.09198 43.01260 0 -2.77500 -1.12500 42.98878 0.10119 13
-0.53548 0.14022 3.45116 0 -4.07500 16.62500 3.04876 0.11508 -13
-0.54761 -0.25873 3.45116 0 7.97500 17.02500 3.04876 0.11797 -13
0.56416 0.08087 46.82960 0 -2.45000 -17.07500 40.81841 0.11592 13
0.15759 0.02033 48.65287 0 -0.60000 -3.80000 48.06003 0.10196 -13
-1.14155 -0.03306 51.37988 0 1.00000 36.57500 33.86656 0.15274 -13
0.14741 -0.03160 51.37988 0 1.00000 36.55000 33.86656 0.15280 -13
-0.18994 0.06007 51.37988 0 2.85000 35.87500 33.86656 0.16274 -13
1.13948 0.34873 51.37988 0 1.25000 36.32500 33.86656 0.17118 -13
-3.83106 -6.33034 51.37988 0 1.47500 33.47500 33.86656 0.18668 -13
0.96454 -0.66957 51.37988 0 1.45000 34.60000 33.86656 0.20352 -13
-0.60287 0.05333 27.63679 0 -1.57500 16.60000 23.67737 0.11771 -13
1.10680 -0.12586 37.64414 0 3.77500 -34.62500 25.34554 0.15073 13
-0.45931 -0.07084 12.56640 0 2.17500 12.00000 11.42423 0.11106 -13
0.79632 0.03772 56.34406 0 -1.12500 -24.37500 44.08864 0.12878 -13
0.34380 0.10671 83.94615 0 -3.22500 -12.40000 79.43291 0.10703 13
-0.46166 0.05519 75.27793 0 -1.67500 13.85000 68.36444 0.11105 13
1.25937 -0.01598 33.41517 0 0.50000 -36.82500 20.78092 0.16195 -13
1.04335 -0.13870 38.12143 0 4.20000 -32.15000 26.50888 0.14622 -13
-0.04621 -0.19378 52.16935 0 5.82500 0.17500 52.11575 0.10268 13
-1.92213 -0.15518 69.96873 0 4.70000 55.92500 32.59547 0.21877 -13
-0.65502 -0.08216 56.29420 0 2.47500 19.10000 47.13855 0.12067 -13
0.36897 0.10956 97.74345 0 -3.30000 -9.87500 91.76550 0.10791 13
0.22821 -0.17777 2.18695 0 5.12500 -6.22500 2.13383 0.10482 13
-1.93441 -0.22984 76.11690 0 6.92500 58.17500 35.66771 0.22049 13
-0.54096 0.12681 16.96620 0 -3.80000 16.52500 14.94939 0.11519 -13
-0.55632 -0.27300 16.96620 0 8.27500 17.00000 14.94939 0.11851 -13
0.53937 -0.09074 87.51977 0 2.75000 -18.02500 77.09996 0.11478 -13
-0.88171 -0.19228 73.46392 0 5.80000 27.95000 55.53779 0.13558 13
35.90541 -6.14342 73.46392 0 5.77500 28.00000 55.53779 0.13576 13
0.84145 -0.06012 26.40568 0 1.80000 -30.65000 20.21984 0.13174 13
-0.83571 -0.18941 96.31585 0 5.72500 26.72500 74.43757 0.13262 -13
-1.62253 0.10677 67.08424 0 -3.20000 49.52500 35.34155 0.19223 -13
1.39748 -0.12065 62.97981 0 3.62500 -43.00000 36.82467 0.17347 13
0.40573 -0.14120 89.70170 0 4.25000 -12.47500 83.23508 0.10960 13
0.31506 0.05758 37.28655 0 -1.72500 -9.65000 35.56866 0.10574 -13
-0.73376 0.03597 18.03944 0 -1.12500 21.25000 14.54744 0.12497 13
-0.82672 0.10629 77.75922 0 -3.22500 25.92500 60.06664 0.13110 13
1.46463 -0.06254 6.77879 0 2.02500 -43.40000 3.82654 0.17882 -13
0.92665 -0.02068 19.25476 0 0.65000 -29.17500 14.12463 0.13731 -13
1.07953 -0.06381 58.18422 0 1.92500 -36.10000 39.58354 0.14833 -13
-0.69566 -0.06680 2.38411 0 1.77500 22.10000 1.95830 0.12292 13
-1.22089 0.11430 44.09791 0 -3.42500 37.25000 28.05127 0.15933 -13
0.70005 -0.23365 34.94452 0 7.07500 -19.97500 28.87379 0.12517 -13
-0.12447 0.00646 46.01761 0 -0.20000 3.90000 45.66523 0.10148 13
0.57671 0.01704 25.36635 0 -0.50000 -17.60000 21.97466 0.11626 -13
-0.24109 -0.22371 75.40277 0 6.75000 7.50000 73.39864 0.10600 13
1.84173 -0.18358 16.13048 0 5.60000 -57.55000 7.79475 0.21196 -13
-0.38333 0.02260 26.77294 0 -0.67500 11.02500 25.00017 0.10787 -13
1.48880 -0.01353 47.16872 0 0.42500 -44.75000 26.30235 0.18061 -13
-0.26163 0.07379 66.60429 0 -2.22500 8.65000 64.44661 0.10436 13
-0.11172 -0.23161 48.40809 0 6.97500 4.72500 48.12398 0.10397 13
-1.67105 -0.07983 95.31000 0 2.42500 50.25000 49.05581 0.19628 -13
0.68455 0.12628 5.78040 0 -3.70000 -20.20000 4.78173 0.12267 -13
0.70402 -0.27329 5.78040 0 8.35000 -20.82500 4.78173 0.12635 -13
-0.52807 -0.03767 19.86086 0 1.17500 15.02500 17.56519 0.11395 -13
0.05683 -0.09050 6.00718 0 2.82500 -2.45000 5.99760 0.10132 -13
-1.47728 0.09377 38.27607 0 -2.80000 44.67500 21.52017 0.17988 -13
-0.97324 0.12064 21.47045 0 -3.67500 28.35000 15.44016 0.14107 13
-1.00344 -0.27967 21.47045 0 8.40000 29.25000 15.44016 0.14537 13
0.56528 0.12679 32.27758 0 -3.85000 -15.87500 28.15296 0.11639 13
0.58132 -0.27316 32.27758 0 8.22500 -16.35000 28.15296 0.11967 13
-1.43196 -0.08594 7.26127 0 2.47500 40.97500 4.16750 0.17607 13
-0.69543 -0.25794 1.53136 0 7.35000 17.92500 1.27032 0.12526 13
0.40965 -0.02642 16.07919 0 0.82500 -15.25000 14.87983 0.10887 -13
1.20579 0.07714 25.29677 0 -2.30000 -35.30000 16.17714 0.15793 -13
-0.04227 -0.07212 18.53793 0 2.20000 2.52500 18.52146 0.10106 -13
-0.35805 -0.24476 54.99430 0 7.37500 10.75000 51.94271 0.10976 13
0.99857 0.13649 67.06025 0 -4.12500 -30.27500 47.67109 0.14298 13
1.02300 -0.26286 67.06025 0 7.92500 -31.00000 47.67109 0.14646 13
0.95503 -0.05134 99.20102 0 1.55000 -29.67500 71.78485 0.13935 -13
0.82993 -0.02872 73.95855 0 0.87500 -27.20000 56.92099 0.13090 -13
1.29782 -0.16698 31.72480 0 5.00000 -40.62500 19.53036 0.16582 13
-0.01507 -0.20259 60.00742 0 6.12500 1.80000 60.00088 0.10277 -13
-0.38643 -0.10716 52.80160 0 3.25000 9.37500 49.28871 0.10850 -13
0.95939 -0.09155 54.56181 0 2.75000 -29.45000 39.45070 0.13986 13
-0.33676 -0.24932 91.98419 0 7.52500 5.92500 87.43473 0.10918 13
0.32050 -0.05441 78.49387 0 1.62500 -6.25000 74.75874 0.10590 13
-0.84446 0.14414 71.55057 0 -4.35000 25.12500 54.89910 0.13261 13
-0.86254 -0.25488 71.55057 0 7.67500 25.67500 54.89910 0.13544 13
1.31580 0.01134 58.31621 0 -0.35000 -38.22500 35.28754 0.16644 13
0.09139 0.04826 49.43170 0 -1.45000 -3.07500 49.22702 0.10124 -13
0.08933 0.02013 11.43091 0 -0.65000 -3.55000 11.38559 0.10113 13
0.61951 -0.12529 23.65722 0 3.75000 -20.45000 20.15422 0.11912 13
-0.51866 -0.08560 79.14133 0 2.60000 17.15000 70.30856 0.11377 -13
-0.71391 0.09717 83.05936 0 -2.92500 20.50000 67.70729 0.12412 -13
-1.37789 -0.19761 60.58987 0 5.95000 43.22500 36.03434 0.17259 13
-0.56742 -0.03234 79.08469 0 0.97500 17.57500 68.79187 0.11583 13
-0.85106 -0.11256 39.37679 0 3.40000 24.80000 30.06712 0.13273 -13
-0.39084 -0.12968 15.50011 0 3.95000 10.92500 14.45245 0.10893 -13
-1.82793 -0.09873 88.93820 0 2.97500 57.57500 42.84465 0.21006 13
0.07539 -0.08197 10.01132 0 2.52500 -1.20000 9.98318 0.10135 -13
0.07184 0.09407 6.78619 0 -2.90000 -2.62500 6.76884 0.10144 13
-0.74087 -0.14831 87.85759 0 4.47500 23.30000 70.86509 0.12621 13
-0.52087 -0.08166 98.38420 0 2.47500 13.10000 87.31861 0.11384 -13
0.78647 0.02661 93.21442 0 -0.80000 -22.92500 73.27920 0.12815 -13
0.95070 -0.21026 27.07112 0 6.32500 -29.12500 19.81963 0.14053 13
0.45168 -0.11138 24.26935 0 3.37500 -13.80000 22.14084 0.11107 -13
1.23313 -0.10937 49.95746 0 3.32500 -37.10000 31.57941 0.16027 -13
-1.15116 0.01084 80.77748 0 -0.32500 36.12500 52.97574 0.15356 -13
-0.08446 -0.09647 95.25517 0 2.92500 1.42500 94.92034 0.10153 -13
-1.62833 0.13271 46.19409 0 -3.97500 48.20000 24.32744 0.19289 -13
-1.67064 -0.26676 46.19409 0 8.07500 49.47500 24.32744 0.19795 -13
0.37354 -0.04058 26.28584 0 1.25000 -6.87500 24.62637 0.10758 -13
-1.54186 0.09237 84.94429 0 -2.77500 45.65000 46.36036 0.18529 -13
1.79891 -0.21650 4.82286 0 6.75000 -54.62500 2.38406 0.20882 -13
-1.08550 0.00965 20.11511 0 -0.32500 35.10000 13.62945 0.14864 13
0.24635 -0.16770 25.74602 0 5.07500 -7.67500 25.01823 0.10509 -13
-1.15413 -0.17811 80.03613 0 5.37500 35.45000 52.87727 0.15482 13
0.04173 -0.17260 17.17793 0 5.22500 -0.32500 17.16343 0.10230 -13
-0.98127 0.06015 77.08223 0 -1.82500 29.10000 55.06724 0.14122 13
0.49740 -0.04968 5.36300 0 1.60000 -12.30000 4.80281 0.11262 -13
-0.50029 0.09699 90.04476 0 -2.92500 13.20000 80.60469 0.11303 13
0.37816 -0.19744 1.17187 0 5.47500 -10.85000 1.09837 0.10965 13
0.76006 0.03162 59.48498 0 -0.95000 -21.52500 47.36701 0.12653 -13
0.22863 -0.20422 73.67143 0 6.15000 -5.97500 71.88983 0.10532 13
0.42157 -0.20996 97.55695 0 6.32500 -16.35000 90.18284 0.11131 13
2.25817 -0.07616 87.52700 0 2.27500 -63.67500 35.52636 0.24881 13
-0.86099 0.08259 70.53909 0 -2.47500 25.45000 53.53280 0.13314 -13
-1.12273 0.03066 63.72616 0 -0.90000 33.32500 42.39614 0.15143 -13
-0.53690 -0.14854 27.22156 0 4.45000 17.75000 24.04163 0.11526 13
-0.09145 -0.10895 15.55273 0 3.25000 5.42500 15.48882 0.10171 13
0.65041 -0.10894 93.55431 0 3.27500 -20.37500 78.56181 0.12063 13
0.16082 -0.13023 89.27742 0 3.92500 -4.90000 88.16343 0.10284 13
-0.36889 0.07883 75.63951 0 -2.37500 10.02500 70.99108 0.10763 -13
-0.37398 0.02445 14.30879 0 -0.70000 10.35000 13.40319 0.10754 -13
0.61696 0.06343 93.60946 0 -1.90000 -20.27500 79.71152 0.11849 -13
-1.54702 0.06686 46.42066 0 -2.02500 44.47500 25.23971 0.18563 13
-0.72228 0.00557 71.49127 0 -0.15000 19.95000 57.95538 0.12423 -13
1.11258 0.14473 39.90282 0 -4.37500 -34.50000 26.82650 0.15136 13
1.13616 -0.25426 39.90282 0 7.65000 -35.20000 26.82650 0.15453 13
0.78330 0.09952 46.75482 0 -3.00000 -22.90000 36.87635 0.12830 -13
-1.48210 -0.00270 87.27292 0 0.07500 47.10000 48.81303 0.18005 13
0.33104 0.04476 18.71035 0 -1.32500 -10.37500 17.76416 0.10617 -13
1.51082 -0.06602 4.87347 0 2.17500 -43.52500 2.69405 0.18269 -13
1.17545 -0.12616 33.22893 0 3.77500 -35.05000 21.62962 0.15592 13
-1.62105 0.10293 86.82643 0 -3.10000 48.80000 45.76026 0.19208 -13
-1.12881 0.09273 23.51523 0 -2.82500 34.22500 15.63010 0.15217 13
-0.71931 -0.21850 70.28267 0 6.60000 22.55000 57.50472 0.12599 -13
1.19153 -0.23025 85.05939 0 6.95000 -32.00000 55.50681 0.15836 -13
0.54223 0.00706 92.27596 0 -0.20000 -18.12500 81.11891 0.11456 -13
1.18346 -0.01620 70.99188 0 0.50000 -37.42500 45.82317 0.15604 -13
0.81517 -0.22164 66.31394 0 6.67500 -25.72500 51.88654 0.13182 13
0.14544 0.05012 56.05048 0 -1.52500 -4.30000 55.46838 0.10189 13
-1.35251 -0.20258 51.70634 0 6.12500 39.17500 31.13901 0.17064 -13
0.62486 -0.17484 46.82815 0 5.25000 -17.80000 39.87921 0.12004 13
-0.66267 -0.05222 23.85441 0 1.60000 20.40000 19.89327 0.12092 -13
-0.52827 0.14354 3.53531 0 -4.50000 14.70000 3.13315 0.11493 13
-0.53969 -0.25581 3.53531 0 7.55000 15.02500 3.13315 0.11718 13
0.57162 -0.17122 89.04332 0 5.17500 -16.65000 77.57501 0.11728 -13
-0.25908 -0.22180 99.46821 0 6.70000 8.12500 96.43149 0.10640 -13
0.56232 -0.22716 85.31619 0 6.85000 -18.22500 74.80731 0.11778 -13
-0.87038 -0.18460 23.26432 0 5.55000 27.32500 17.67408 0.13477 13
-0.46002 0.02754 82.11426 0 -0.82500 14.97500 74.60464 0.11088 -13
-0.04160 -0.08828 12.80367 0 2.70000 2.75000 12.79268 0.10120 -13
-0.24843 0.01031 93.81527 0 -0.30000 8.22500 91.04773 0.10377 -13
-0.05123 -0.21182 79.86431 0 6.40000 1.77500 79.76421 0.10307 -13
-0.86463 0.00815 24.59321 0 -0.27500 27.30000 18.60388 0.13313 13
0.72895 0.12719 71.46326 0 -3.85000 -22.67500 57.90926 0.12528 13
0.74950 -0.27266 71.46326 0 8.22500 -23.27500 57.90926 0.12880 13
0.17787 -0.18824 78.76417 0 5.67500 -6.87500 77.58773 0.10402 13
-0.07245 -0.24796 29.72970 0 7.47500 2.40000 29.65648 0.10400 13
0.24309 0.13660 60.20449 0 -4.12500 -7.00000 58.53071 0.10455 13
0.24903 -0.26275 60.20449 0 7.92500 -7.17500 58.53071 0.10709 13
-0.92174 0.07769 22.65810 0 -2.32500 29.47500 16.68279 0.13717 -13
-0.88809 0.05520 24.65089 0 -1.65000 24.37500 18.44363 0.13480 -13
0.55518 0.14087 64.98776 0 -4.25000 -17.25000 56.94905 0.11605 -13
0.56780 -0.25827 64.98776 0 7.80000 -17.65000 56.94905 0.11870 -13
0.35928 -0.16604 52.44897 0 5.00000 -10.22500 49.43566 0.10830 13
2.02572 -0.21971 8.76894 0 6.50000 -62.10000 3.95559 0.22838 13
-0.85110 -0.10446 31.11277 0 3.17500 24.02500 23.74745 0.13266 -13
1.08082 -0.15161 10.96820 0 4.50000 -33.22500 7.49448 0.14902 13
0.69032 -0.14652 95.36105 0 4.42500 -21.35000 78.74543 0.12326 -13
-0.49982 -0.04521 77.62171 0 1.35000 14.07500 69.44597 0.11267 13
-0.06082 -0.12388 13.61791 0 3.70000 0.65000 13.59316 0.10165 13
-0.52448 0.06015 17.07339 0 -1.85000 15.05000 15.12603 0.11388 13
0.50104 -0.03644 39.23026 0 1.07500 -12.82500 35.07882 0.11269 13
-0.44260 -0.01993 56.58625 0 0.60000 13.60000 51.74626 0.11015 13
-2.18268 -0.11735 20.22725 0 3.60000 64.80000 8.47246 0.24211 -13
0.71529 -0.02090 69.26209 0 0.65000 -23.82500 56.33822 0.12383 -13
1.70781 -0.10283 41.93114 0 3.12500 -50.70000 21.27060 0.19958 -13
1.86124 -0.10493 60.02386 0 3.15000 -57.30000 28.53003 0.21302 13
-1.03174 -0.14278 11.54814 0 4.37500 31.45000 8.07844 0.14547 -13
1.63908 -0.19415 72.13240 0 5.87500 -48.57500 38.07566 0.19436 -13
1.21359 -0.06655 67.01400 0 2.00000 -36.92500 42.67205 0.15849 13
-0.28683 -0.15247 63.72175 0 4.60000 7.20000 61.30474 0.10588 13
0.78596 0.06228 59.99714 0 -1.87500 -23.27500 47.20678 0.12823 -13
-0.16392 -0.15612 51.60030 0 4.70000 4.67500 50.93667 0.10325 13
1.13064 -0.11067 21.07979 0 3.30000 -33.82500 14.01379 0.15239 13
-0.73925 0.13474 44.87424 0 -4.07500 19.72500 36.19901 0.12597 13
-0.75785 -0.26473 44.87424 0 7.97500 20.30000 36.19901 0.12912 13
-0.41828 -0.13241 66.97366 0 4.00000 10.85000 61.86573 0.10997 -13
1.45470 0.08737 1.38049 0 -3.25000 -42.97500 0.78367 0.17896 13
0.49500 -0.11291 2.59591 0 3.20000 -16.65000 2.32947 0.11294 13
-0.39429 -0.07795 33.36565 0 2.32500 12.75000 31.05247 0.10853 13
-1.05974 -0.04820 94.24988 0 1.45000 33.22500 64.72361 0.14681 13
-0.34885 -0.05684 46.99844 0 1.70000 9.05000 44.38363 0.10681 13
0.88766 -0.21638 71.95290 0 6.52500 -26.42500 54.34928 0.13640 13
1.30733 0.20585 71.95290 0 6.70000 -20.87500 54.34928 0.20825 13
0.01831 0.26542 71.95290 0 6.65000 -20.90000 54.34928 0.21329 13
-1.60723 -0.23075 66.41946 0 6.95000 47.72500 35.74504 0.19202 13
-0.44982 -0.11052 34.38253 0 3.35000 14.35000 31.38800 0.11099 -13
0.97699 -0.01645 70.18053 0 0.50000 -29.42500 50.20265 0.14080 -13
1.55934 -0.13098 32.37586 0 3.97500 -47.47500 17.58326 0.18703 -13
0.41274 -0.14713 11.45100 0 4.47500 -10.77500 10.60118 0.10998 -13
1.21935 -0.11611 85.38273 0 3.50000 -34.42500 54.36090 0.15924 -13
0.50316 -0.02538 73.53886 0 0.77500 -14.35000 65.69611 0.11276 -13
