1.29181 0.03980 4.00148 0 -1.40000 -39.90000 2.45063 0.16466 13
-1.21557 -0.12888 90.04616 0 3.90000 37.37500 57.48785 0.15904 -13
-1.02937 -0.03250 13.85986 0 0.92500 31.47500 9.66017 0.14456 13
1.37268 -0.17314 29.31267 0 5.25000 -41.22500 17.42595 0.17194 -13
0.73726 -0.02985 70.79557 0 0.90000 -23.40000 56.99195 0.12515 13
0.20402 -0.23698 27.80059 0 7.17500 -6.22500 27.26847 0.10553 -13
0.22074 -0.14538 14.30897 0 4.35000 -4.45000 13.97938 0.10415 13
1.48754 -0.01574 97.81499 0 0.47500 -44.85000 54.57564 0.18051 13
1.65938 0.07231 46.84019 0 -2.20000 -51.45000 24.22293 0.19525 13
0.65998 0.21124 46.84019 0 -2.17500 -51.37500 24.22293 0.19510 13
-0.53681 0.01309 46.84019 0 -0.97500 -52.35000 24.22293 0.20365 13
6.41285 5.92609 46.84019 0 -0.80000 -52.52500 24.22293 0.20533 13
-0.44976 -0.10259 20.26094 0 3.12500 14.72500 18.49436 0.11091 -13
1.34433 -0.05943 44.79036 0 1.80000 -41.87500 26.76359 0.16883 -13
-0.57930 0.04140 28.61189 0 -1.27500 16.27500 24.76322 0.11637 13
0.10974 -1.19671 28.61189 0 -1.25000 16.27500 24.76322 0.11649 13
0.84092 3.96933 28.61189 0 -0.20000 16.15000 24.76322 0.12078 13
-2.30232 -1.48575 28.61189 0 0.17500 16.40000 24.76322 0.12267 13
0.59657 0.15825 28.61189 0 1.30000 17.85000 24.76322 0.13194 13
-2.27036 -0.54331 28.61189 0 0.65000 21.45000 24.76322 0.16174 13
2.46722 -0.75753 28.61189 0 0.80000 40.00000 24.76322 0.24699 13
-1.48378 1.23815 28.61189 0 0.75000 40.07500 24.76322 0.24772 13
0.94975 0.12474 89.02215 0 -3.75000 -30.00000 64.78544 0.13944 -13
0.97749 -0.27524 89.02215 0 8.30000 -30.85000 64.78544 0.14353 -13
0.47599 0.09942 56.49216 0 -3.00000 -14.32500 51.05452 0.11198 13
-0.65234 -0.01452 98.33719 0 0.45000 18.55000 82.36450 0.12025 -13
0.82268 0.09575 78.02706 0 -2.90000 -23.50000 60.36793 0.13076 13
-1.09780 0.11773 33.42896 0 -3.52500 31.87500 22.59570 0.15000 -13
1.66704 -0.14427 33.18948 0 4.37500 -50.87500 17.20197 0.19633 -13
-0.80392 0.04186 57.79380 0 -1.27500 23.35000 45.05875 0.12928 13
-0.51375 -0.22042 66.53846 0 6.65000 12.47500 59.47309 0.11538 -13
-0.97782 -0.19431 18.33328 0 5.82500 29.85000 13.22602 0.14217 13
0.73977 -0.15274 73.75840 0 4.60000 -23.82500 59.53703 0.12620 13
-0.78915 0.08980 7.71951 0 -2.62500 23.75000 6.06937 0.12858 -13
-0.71911 0.01733 10.00095 0 -0.57500 24.45000 8.11981 0.12406 13
-0.12659 -0.19503 81.86091 0 5.87500 1.80000 81.23639 0.10339 13
-0.79620 0.13234 24.73836 0 -3.97500 27.15000 19.41791 0.12940 -13
-0.81705 -0.26715 24.73836 0 8.07500 27.80000 19.41791 0.13283 -13
-0.20172 0.09736 38.47599 0 -2.95000 4.62500 37.72338 0.10320 13
-0.78517 0.03433 67.53752 0 -1.02500 25.32500 53.13235 0.12808 -13
-1.61452 -0.14778 17.62817 0 4.52500 47.90000 9.35444 0.19188 -13
1.44676 0.01350 6.11604 0 -0.27500 -44.45000 3.47582 0.17723 -13
-0.27445 -0.02461 88.71995 0 0.75000 6.47500 85.55820 0.10446 -13
0.14469 0.09907 97.54056 0 -3.00000 -4.02500 96.54499 0.10224 13
1.08475 -0.09660 48.08636 0 2.92500 -31.45000 32.67430 0.14890 -13
1.28694 -0.09215 21.27522 0 2.75000 -39.40000 13.08862 0.16437 13
-0.16068 -0.14112 1.93202 0 4.52500 1.30000 1.90802 0.10327 -13
-0.88873 -0.19917 76.29908 0 6.02500 26.47500 57.51772 0.13622 -13
0.90264 0.08658 6.84794 0 -2.70000 -27.37500 5.09216 0.13599 13
0.15221 -0.22141 78.77196 0 6.67500 -7.02500 77.91624 0.10427 13
-0.72603 0.03672 12.61386 0 -1.15000 24.12500 10.21002 0.12451 13
-0.63166 -0.10966 22.74170 0 3.27500 19.32500 19.25952 0.11961 13
-0.30246 -0.05644 33.67707 0 1.72500 9.02500 32.23908 0.10537 -13
-0.35576 -0.12636 3.17211 0 3.65000 11.67500 2.99126 0.10763 13
-0.61359 0.05291 19.51968 0 -1.57500 20.72500 16.64370 0.11826 -13
0.52843 -0.21552 39.61842 0 6.47500 -15.87500 35.19972 0.11593 13
-1.38864 0.10026 82.64882 0 -3.02500 41.02500 48.45725 0.17261 -13
0.46387 -0.05732 85.09476 0 1.72500 -16.80000 77.21676 0.11116 13
0.06075 -0.01179 21.26601 0 0.32500 -2.52500 21.22689 0.10090 13
-0.26041 -0.13088 76.24262 0 3.95000 9.05000 73.82143 0.10489 13
0.59518 -0.03831 17.52437 0 1.20000 -16.55000 15.06172 0.11726 -13
-1.67250 0.02246 56.58967 0 -0.65000 52.52500 29.04608 0.19624 -13
-0.09227 0.03910 49.39304 0 -1.20000 0.12500 49.18443 0.10121 13
-0.21210 -0.16949 69.15950 0 5.12500 6.57500 67.69518 0.10435 -13
1.17840 -0.21599 77.66669 0 6.50000 -35.62500 50.91643 0.15714 13
0.25220 -0.07163 63.44630 0 2.15000 -6.87500 61.52929 0.10410 13
1.02773 -0.17915 92.91978 0 5.40000 -32.37500 65.32299 0.14552 13
-0.12210 -0.09114 41.50100 0 2.75000 2.27500 41.19751 0.10187 -13
-0.89838 0.12173 16.35992 0 -3.62500 28.10000 12.20968 0.13591 -13
-0.92572 -0.27841 16.35992 0 8.45000 28.92500 12.20968 0.14011 -13
-0.66007 -0.09526 31.59932 0 2.85000 19.95000 26.40811 0.12104 13
1.30966 -0.23074 73.63015 0 6.97500 -38.80000 45.41473 0.16757 -13
1.16391 0.12748 71.42119 0 -3.82500 -35.02500 46.75937 0.15506 -13
1.19658 -0.27233 71.42119 0 8.22500 -36.02500 46.75937 0.15944 -13
-0.29327 0.04909 97.71647 0 -1.47500 7.52500 93.77629 0.10506 13
1.35866 0.05343 85.47762 0 -1.60000 -37.90000 50.71531 0.16997 -13
0.09617 -0.17079 58.85481 0 5.15000 -1.52500 58.59211 0.10261 13
0.37246 -0.02998 86.82258 0 0.90000 -13.60000 81.36688 0.10750 -13
0.31895 -0.06403 8.29639 0 2.00000 -8.97500 7.90563 0.10591 -13
-1.95406 -0.19434 95.52634 0 5.87500 57.97500 44.16040 0.22193 -13
0.13335 0.02049 47.61602 0 -0.60000 -3.97500 47.19839 0.10161 -13
0.24361 -0.13105 2.96826 0 3.77500 -8.82500 2.88543 0.10447 13
0.40307 0.14319 74.78425 0 -4.32500 -11.72500 69.45920 0.10953 -13
0.41185 -0.25583 74.78425 0 7.72500 -12.00000 69.45920 0.11186 -13
-0.57932 0.19968 74.78425 0 7.72500 -11.97500 69.45920 0.11193 -13
-0.60278 0.68196 74.78425 0 7.65000 -8.17500 69.45920 0.13618 -13
-0.58364 -0.06552 98.71718 0 1.97500 17.95000 85.30483 0.11678 13
-0.22828 0.06445 72.16723 0 -1.95000 8.10000 70.36450 0.10350 13
1.77060 -0.13648 54.52734 0 4.10000 -52.30000 27.00290 0.20523 13
0.07657 -0.18481 77.01806 0 5.57500 -2.87500 76.80071 0.10270 -13
0.66442 0.08580 10.41125 0 -2.65000 -20.27500 8.68134 0.12124 13
-1.24468 0.01682 12.28339 0 -0.45000 34.87500 7.69406 0.16080 -13
1.86948 -0.14201 87.30885 0 4.30000 -58.32500 41.50051 0.21400 -13
0.01583 -0.00052 47.32024 0 -0.00000 -0.77500 47.31429 0.10072 13
0.90394 -0.22029 20.38428 0 6.67500 -28.25000 15.28193 0.13758 -13
1.27014 -0.02100 50.07703 0 0.65000 -37.70000 30.98199 0.16282 -13
0.54686 0.02651 42.77743 0 -0.77500 -13.57500 37.53484 0.11481 -13
-0.66278 -0.09255 54.43997 0 2.77500 18.80000 45.43712 0.12117 13
0.42939 -0.10105 21.67424 0 3.02500 -13.02500 19.93143 0.11006 13
0.07955 0.10783 52.00371 0 -3.25000 -0.10000 51.84189 0.10160 -13
-0.50923 0.13987 22.65072 0 -4.25000 11.92500 20.22438 0.11390 13
-0.52101 -0.25935 22.65072 0 7.80000 12.27500 20.22438 0.11650 13
0.16561 -0.05909 18.85260 0 1.75000 -3.82500 18.60014 0.10224 13
0.00820 0.11835 53.77139 0 -3.57500 0.12500 53.76961 0.10141 13
0.00847 -0.28206 53.77139 0 8.50000 0.12500 53.76961 0.10456 13
0.14877 -0.11929 88.53121 0 3.60000 -3.27500 87.58077 0.10252 -13
0.61677 -0.20689 89.87178 0 6.25000 -18.42500 76.92870 0.12014 -13
0.67624 0.08108 52.82613 0 -2.42500 -20.62500 43.80456 0.12183 -13
-2.02669 -0.17330 82.09101 0 5.22500 61.87500 36.75815 0.22825 13
-1.55492 -0.16069 26.96053 0 4.87500 47.70000 14.71473 0.18691 -13
-1.25162 -0.01508 9.17320 0 0.37500 37.45000 5.72625 0.16134 13
1.24249 -0.06308 35.49864 0 1.87500 -37.65000 22.28432 0.16075 13
-0.22385 -0.12695 58.39194 0 3.82500 7.35000 57.00331 0.10397 13
-1.26041 0.06454 82.91305 0 -1.95000 37.75000 51.59863 0.16215 -13
-0.05278 -0.16370 71.19359 0 4.95000 3.95000 71.09720 0.10218 -13
0.52252 -0.05372 18.38436 0 1.60000 -15.20000 16.29853 0.11375 13
-0.48404 0.10406 61.66982 0 -3.15000 12.55000 55.56576 0.11237 13
0.13672 -0.11428 79.05627 0 3.45000 -4.15000 78.33676 0.10229 -13
-1.74807 -0.20574 95.26386 0 6.20000 51.05000 48.04413 0.20385 13
0.42600 0.11270 29.13526 0 -3.37500 -12.47500 26.83017 0.11004 -13
-0.95766 -0.07003 71.92221 0 2.12500 30.57500 52.00509 0.13962 -13
-0.56310 0.07884 10.00252 0 -2.32500 18.30000 8.72217 0.11584 -13
0.98222 -0.11131 39.90975 0 3.35000 -28.45000 28.55880 0.14159 13
0.08091 -0.12662 96.61775 0 3.82500 -2.67500 96.30796 0.10183 -13
0.56352 0.07382 36.29891 0 -2.20000 -19.67500 31.64407 0.11583 -13
0.46985 -0.10826 53.81897 0 3.27500 -13.02500 48.76113 0.11180 -13
-0.70889 -0.23499 81.68234 0 7.07500 19.02500 67.22796 0.12568 13
1.44491 0.06717 13.68887 0 -2.07500 -40.65000 7.80197 0.17712 13
1.32760 -0.22638 63.45068 0 6.82500 -42.95000 38.78257 0.16891 13
-0.34292 0.12343 27.28454 0 -3.70000 9.70000 25.82962 0.10718 -13
-0.35312 -0.27661 27.28454 0 8.37500 10.02500 25.82962 0.11039 -13
1.84750 0.13871 84.21290 0 -4.20000 -57.07500 40.38162 0.21203 13
1.89108 -0.26060 84.21290 0 7.85000 -58.37500 40.38162 0.21700 13
0.15829 -0.14527 25.29473 0 4.35000 -4.65000 24.98997 0.10299 13
-0.85386 0.01407 14.06816 0 -0.47500 25.77500 10.69931 0.13243 13
-1.05246 -0.11872 5.65849 0 3.45000 35.72500 3.91216 0.14663 13
1.16226 -0.05360 70.84322 0 1.60000 -34.80000 46.24309 0.15449 13
-0.36622 -0.13801 81.92041 0 4.15000 12.35000 77.00944 0.10814 13
1.62539 -0.19127 60.03988 0 5.77500 -51.85000 31.87144 0.19316 -13
-1.81084 -0.14393 27.52115 0 4.30000 56.65000 13.40944 0.20879 13
1.60793 0.09209 25.52302 0 -2.82500 -47.55000 13.51928 0.19095 13
0.59073 0.01108 16.14977 0 -0.37500 -18.20000 13.90520 0.11697 13
-1.51449 -0.13654 65.37025 0 4.12500 42.20000 36.25136 0.18329 -13
-0.09709 0.13380 21.40802 0 -4.02500 3.77500 21.30956 0.10206 -13
-0.09955 -0.26568 21.40802 0 8.05000 3.85000 21.30956 0.10470 -13
-0.19013 -0.02524 70.68144 0 0.77500 5.70000 69.43825 0.10254 -13
1.49146 -0.02175 29.98759 0 0.67500 -45.05000 16.70279 0.18084 -13
0.21799 0.11598 12.11397 0 -3.45000 -5.22500 11.83964 0.10371 -13
-0.98914 -0.00864 75.74487 0 0.25000 27.90000 53.85218 0.14165 13
-0.11733 -0.20118 37.43304 0 6.07500 3.35000 37.18775 0.10341 -13
0.16170 0.11557 60.16469 0 -3.50000 -6.32500 59.40318 0.10268 13
0.33874 -0.14606 95.94516 0 4.40000 -11.75000 90.97083 0.10733 13
0.83927 -0.00101 39.66179 0 0.02500 -24.15000 30.38014 0.13147 13
-0.97461 -0.21773 69.27115 0 6.57500 29.25000 50.16411 0.14233 -13
2.25411 0.04755 38.23766 0 -1.47500 -65.00000 15.52068 0.24802 13
0.81363 -0.13911 31.36949 0 4.22500 -24.67500 24.42497 0.13059 -13
-1.76601 0.12107 82.52877 0 -3.65000 54.20000 40.88920 0.20473 -13
-1.82022 -0.27913 82.52877 0 8.42500 55.82500 40.88920 0.21105 -13
1.36856 -0.14535 85.18829 0 4.37500 -39.42500 50.60208 0.17131 13
-0.37761 -0.09631 13.83584 0 2.87500 11.65000 12.95113 0.10807 13
0.84842 -0.09930 53.46918 0 2.97500 -28.47500 40.85575 0.13244 13
0.87158 -0.19217 94.20275 0 5.80000 -22.37500 71.56771 0.13499 -13
0.71842 -0.11755 13.15693 0 3.60000 -20.70000 10.71036 0.12458 -13
-1.80336 -0.19995 60.08114 0 6.02500 54.40000 29.57394 0.20861 13
-1.78068 -0.02148 88.28310 0 0.65000 53.87500 43.23562 0.20568 -13
-2.10570 0.03670 42.07394 0 -1.12500 64.82500 18.05883 0.23479 13
-1.65475 0.00446 38.34534 0 -0.10000 48.77500 19.83268 0.19471 -13
1.12369 -0.19242 57.61971 0 5.82500 -36.35000 38.69246 0.15273 -13
0.23112 -0.09885 90.71998 0 2.97500 -6.12500 88.41168 0.10384 13
0.72144 -0.17245 86.11995 0 5.20000 -21.82500 70.18931 0.12538 13
-0.44578 -0.20720 51.42620 0 6.25000 14.47500 47.13144 0.11221 13
1.07418 0.00662 98.29515 0 -0.20000 -32.32500 66.97758 0.14779 -13
0.06738 -0.06693 1.96132 0 1.77500 -0.42500 1.95692 0.10125 13
-1.04523 -0.13169 12.00356 0 4.02500 29.75000 8.33506 0.14632 -13
-0.16458 0.06438 7.82359 0 -2.00000 3.55000 7.72021 0.10229 13
1.45649 -0.21463 5.63593 0 6.30000 -41.80000 3.23915 0.17904 13
2.12367 0.03551 41.19610 0 -1.10000 -64.57500 17.55979 0.23641 13
-0.05974 -0.06021 18.39557 0 1.85000 1.47500 18.36298 0.10107 -13
0.20861 0.02418 77.63930 0 -0.72500 -6.45000 76.00410 0.10290 13
-0.66821 0.14378 65.30995 0 -4.32500 19.60000 54.47257 0.12198 -13
-0.68262 -0.25524 65.30995 0 7.70000 20.02500 54.47257 0.12462 -13
0.95680 -0.10603 83.37163 0 3.20000 -28.92500 60.40022 0.13978 -13
-0.39759 -0.06717 93.07948 0 2.02500 10.20000 86.52029 0.10858 -13
-0.00029 -0.11945 45.85985 0 3.60000 0.27500 45.85984 0.10141 13
0.20987 -0.19206 7.83543 0 5.85000 -5.12500 7.67411 0.10475 -13
-0.69039 0.09093 79.42304 0 -2.75000 20.20000 65.44660 0.12272 13
-1.84091 -0.10780 30.27376 0 3.30000 56.97500 14.51452 0.21129 -13
-1.50883 0.09906 15.36523 0 -2.92500 42.52500 8.51810 0.18251 -13
1.57787 -0.15062 86.17177 0 4.55000 -49.97500 46.49886 0.18873 -13
-1.77951 -0.04350 26.09317 0 1.27500 53.80000 12.79214 0.20559 13
0.36641 -0.21442 47.37034 0 6.47500 -9.37500 44.59440 0.10941 -13
-0.62235 -0.00442 29.36754 0 0.12500 17.95000 24.93336 0.11861 13
-1.27725 -0.13186 63.37082 0 3.97500 37.15000 39.27490 0.16389 13
1.31600 -0.02341 71.81635 0 0.70000 -39.35000 43.45847 0.16646 13
1.84616 0.01352 4.15986 0 -0.15000 -58.25000 1.98097 0.21154 -13
0.23629 -0.05674 59.02500 0 1.72500 -6.60000 57.44834 0.10364 -13
0.19921 -0.18974 87.15174 0 5.72500 -7.67500 85.52893 0.10444 13
-0.60617 -0.10546 1.92625 0 3.47500 17.85000 1.64976 0.11854 -13
-0.79495 0.03287 35.33468 0 -0.97500 23.15000 27.66528 0.12869 -13
0.59654 -0.20954 94.82140 0 6.32500 -14.15000 81.88449 0.11914 13
-0.11879 -0.17828 39.00150 0 5.40000 3.87500 38.73754 0.10300 -13
-0.36039 -0.19300 91.13971 0 5.82500 12.00000 85.91897 0.10880 -13
-0.00922 -0.15604 24.41310 0 4.67500 0.50000 24.41209 0.10191 13
-1.46052 0.02340 51.50365 0 -0.72500 45.30000 29.10280 0.17827 13
0.38231 0.07774 75.26778 0 -2.35000 -11.32500 70.33217 0.10810 13
-0.64483 -0.13217 49.09804 0 3.97500 21.32500 41.36811 0.12055 13
-0.58614 -0.05701 57.45168 0 1.70000 19.92500 49.58534 0.11687 13
0.85131 -0.11002 79.36124 0 3.30000 -24.75000 60.58238 0.13271 13
0.35431 0.03434 70.63269 0 -1.02500 -12.87500 66.58198 0.10689 -13
-2.05409 -0.00190 36.79352 0 0.10000 58.77500 16.10457 0.23008 -13
1.22072 0.04885 16.51774 0 -1.42500 -37.85000 10.47435 0.15899 -13
1.36313 -0.20359 96.16256 0 6.15000 -41.25000 57.63016 0.17149 -13
-0.37711 0.13195 9.70853 0 -4.02500 11.77500 9.09367 0.10848 13
-0.38711 -0.26777 9.70853 0 8.02500 12.07500 9.09367 0.11125 13
0.11657 -0.24515 21.73175 0 7.42500 -4.12500 21.59380 0.10437 -13
0.37794 -0.18691 58.77214 0 5.62500 -9.30000 55.09320 0.10928 13
0.14600 0.02372 49.78396 0 -0.72500 -6.85000 49.26193 0.10180 13
-1.13670 -0.20512 43.68429 0 6.17500 31.72500 29.18843 0.15383 13
-0.18514 -0.07638 2.53293 0 2.10000 5.27500 2.49086 0.10274 13
1.27836 0.10934 32.56021 0 -3.32500 -40.45000 20.13542 0.16383 13
-0.72023 -0.20233 48.33368 0 6.10000 22.35000 39.48620 0.12575 13
-0.83361 0.13397 63.68519 0 -4.02500 25.65000 49.09602 0.13179 -13
-0.85485 -0.26550 63.68519 0 8.02500 26.30000 49.09602 0.13516 -13
-2.04389 -0.07389 21.38316 0 2.27500 61.27500 9.41811 0.22929 -13
-0.50063 0.05992 89.43014 0 -1.82500 20.70000 79.99744 0.11278 13
1.20490 0.01090 25.65258 0 -0.35000 -36.67500 16.38339 0.15769 13
-0.51744 -0.01680 7.79453 0 0.42500 17.72500 6.92292 0.11340 13
-0.17701 -0.10637 46.21487 0 3.22500 4.75000 45.51517 0.10283 -13
-0.52927 -0.00428 56.84546 0 0.12500 16.37500 50.24247 0.11394 13
0.27657 -0.23303 11.02963 0 7.07500 -10.40000 10.65004 0.10713 -13
-0.75537 0.02551 48.25774 0 -0.75000 20.77500 38.51250 0.12622 -13
-0.52591 -0.06650 55.53046 0 2.00000 15.42500 49.17166 0.11398 13
-0.12185 0.14065 33.73851 0 -4.22500 1.87500 33.49566 0.10243 -13
-0.12462 -0.25849 33.73851 0 7.80000 1.97500 33.49566 0.10478 -13
0.43237 0.05657 45.85307 0 -1.72500 -12.50000 42.09831 0.10987 13
1.21312 0.03899 57.94162 0 -1.17500 -36.57500 36.87135 0.15836 -13
-0.24529 0.14767 71.08324 0 -4.45000 4.90000 69.07853 0.10475 -13
-0.25020 -0.25116 71.08324 0 7.57500 5.02500 69.07853 0.10685 -13
-1.49332 0.05826 35.60757 0 -1.77500 46.00000 19.83540 0.18109 13
0.65024 -0.24599 81.70206 0 7.42500 -21.95000 69.08350 0.12264 13
-0.21648 -0.13581 9.31358 0 4.05000 5.42500 9.10633 0.10392 13
-1.43200 0.11273 93.55417 0 -3.40000 40.42500 53.79064 0.17626 13
0.10366 -0.19643 68.15826 0 5.92500 -4.25000 67.80842 0.10316 -13
0.17659 -0.09659 76.98822 0 2.92500 -7.72500 75.82584 0.10273 -13
0.02043 -0.16873 98.46460 0 5.10000 -0.05000 98.44461 0.10215 -13
-1.35376 -0.13573 34.48126 0 4.07500 40.40000 20.60864 0.17002 13
-1.39435 -0.10217 22.03167 0 3.12500 43.32500 12.88449 0.17312 -13
1.10325 0.15354 2.62776 0 -4.37500 -33.60000 1.77609 0.15067 -13
1.12214 -0.24500 2.62776 0 7.65000 -34.30000 1.77609 0.15383 -13
0.63066 1.91854 2.62776 0 -4.37500 -33.62500 1.77609 0.15068 -13
-2.79047 -1.48767 2.62776 0 7.25000 -33.92500 1.77609 0.15347 -13
1.26784 1.47828 2.62776 0 6.52500 -32.90000 1.77609 0.16260 -13
-0.33718 -0.05903 59.52367 0 1.77500 8.47500 56.41372 0.10644 13
0.18950 0.01945 70.42386 0 -0.57500 -5.62500 69.19288 0.10251 -13
-1.06145 -0.02017 79.70821 0 0.62500 30.40000 54.66361 0.14687 -13
-0.65571 0.12735 90.01299 0 -3.85000 19.82500 75.45477 0.12111 13
-0.67417 -0.27250 90.01299 0 8.22500 20.37500 75.45477 0.12451 13
0.10681 0.11003 79.86588 0 -3.32500 -3.62500 79.41952 0.10188 13
1.12096 -0.23100 99.44705 0 6.95000 -35.25000 67.15574 0.15304 13
-0.87423 0.02506 82.00416 0 -0.77500 30.10000 61.74595 0.13379 13
-1.13178 -0.15323 5.20447 0 4.47500 32.37500 3.46821 0.15280 13
0.20430 -0.03275 22.20000 0 1.00000 -7.42500 21.75119 0.10285 -13
-0.04486 0.12818 37.18198 0 -3.87500 3.30000 37.14522 0.10163 13
-0.04611 -0.27164 37.18198 0 8.17500 3.32500 37.14522 0.10445 13
-0.91639 0.07369 83.79298 0 -2.22500 26.87500 61.85321 0.13680 13
0.65331 -0.14603 1.31530 0 3.95000 -19.20000 1.10435 0.12136 13
0.50406 -0.08038 87.56761 0 2.42500 -11.70000 78.24653 0.11306 -13
1.09156 -0.24124 73.47137 0 7.27500 -32.47500 50.38918 0.15103 13
-0.44176 0.08939 87.16291 0 -2.70000 12.17500 79.78116 0.11046 13
0.61011 -0.22423 99.53955 0 6.75000 -20.70000 85.53012 0.12010 13
-0.53914 -0.00831 78.65180 0 0.25000 16.35000 69.23162 0.11441 13
1.48873 -0.05828 39.02503 0 1.72500 -43.42500 21.78593 0.18068 13
1.27937 -0.10382 58.32209 0 3.12500 -39.42500 36.03583 0.16385 13
-0.05804 -0.22095 29.84067 0 6.65000 0.97500 29.79285 0.10329 13
0.55120 -0.04816 51.01088 0 1.45000 -18.62500 44.68575 0.11509 13
1.12511 -0.06451 76.80277 0 1.95000 -32.75000 51.08080 0.15172 -13
-0.67184 -0.07900 15.49828 0 2.42500 20.80000 12.87708 0.12160 -13
-0.07312 0.08200 41.35744 0 -2.45000 2.47500 41.24804 0.10131 -13
-0.52885 0.04898 33.83984 0 -1.50000 15.70000 29.92195 0.11403 13
-0.48274 -0.15007 26.90254 0 4.55000 15.47500 24.27793 0.11285 -13
0.89462 -0.18737 79.03915 0 5.65000 -25.35000 59.35611 0.13642 13
-0.41202 0.09654 80.07987 0 -2.92500 13.55000 74.09108 0.10935 13
-0.84531 -0.22499 13.12497 0 6.75000 28.12500 10.12509 0.13376 13
-0.25931 -0.02588 95.02167 0 0.77500 7.00000 91.98158 0.10407 13
1.14272 -0.05310 61.46767 0 1.60000 -33.12500 40.51143 0.15301 13
-0.42140 -0.02664 37.65349 0 0.82500 14.60000 34.70044 0.10931 -13
-0.72281 -0.24517 52.24781 0 7.37500 21.47500 42.76253 0.12667 13
-0.86392 0.06813 22.39062 0 -2.02500 25.95000 16.96008 0.13325 -13
-1.20988 -0.15563 91.80960 0 4.70000 33.47500 58.90575 0.15885 -13
-0.93285 0.04485 36.81058 0 -1.32500 26.57500 26.92958 0.13779 -13
0.23366 -0.17852 32.98201 0 5.37500 -6.97500 32.14274 0.10495 13
0.46448 -0.04386 60.09634 0 1.32500 -15.60000 54.51297 0.11113 -13
-0.30968 0.05743 5.34468 0 -1.65000 9.60000 5.10615 0.10558 -13
0.12288 -0.12427 74.65232 0 3.75000 -2.95000 74.10339 0.10224 -13
0.51265 -0.17019 14.31175 0 5.17500 -16.42500 12.77324 0.11448 -13
1.54128 -0.06660 58.02305 0 2.02500 -45.95000 31.63008 0.18515 -13
-0.67391 0.12908 91.31701 0 -3.87500 20.57500 75.92058 0.12213 -13
-0.69236 -0.27065 91.31701 0 8.17500 21.12500 75.92058 0.12549 -13
-1.07080 0.03743 62.07246 0 -1.15000 31.87500 42.38229 0.14760 13
-1.64238 0.10171 95.16690 0 -3.07500 50.50000 49.67897 0.19392 13
-0.34998 -0.89781 95.16690 0 -3.05000 50.47500 49.67897 0.19382 13
1.13973 1.04614 95.16690 0 -2.42500 51.70000 49.67897 0.29134 13
0.66827 -2.54336 95.16690 0 -2.60000 53.87500 49.67897 0.43416 13
0.50237 -0.04152 78.27296 0 1.25000 -14.47500 69.95516 0.11277 -13
-0.87101 0.04166 7.58285 0 -1.35000 25.10000 5.71996 0.13364 13
-0.48248 -0.00286 41.83432 0 0.10000 15.50000 37.67801 0.11181 -13
-0.96278 -0.16696 8.83051 0 5.12500 29.55000 6.40275 0.14087 -13
0.88404 -0.23714 16.37940 0 7.10000 -26.40000 12.41730 0.13647 13
0.56911 0.01242 81.72721 0 -0.37500 -18.82500 71.03142 0.11587 13
-0.73145 -0.10821 54.49974 0 3.27500 23.20000 44.07738 0.12525 -13
-1.13888 0.09744 8.48562 0 -2.85000 31.67500 5.61343 0.15292 -13
-0.27643 0.07206 47.59491 0 -2.15000 6.82500 45.88283 0.10473 -13
2.03609 -0.03877 86.21529 0 1.17500 -61.05000 38.02988 0.22848 -13
-0.51475 -0.23036 86.09279 0 6.95000 13.07500 76.95401 0.11562 -13
-0.53372 -0.03048 76.68527 0 0.92500 14.87500 67.65968 0.11419 -13
1.56665 -0.18369 47.22203 0 5.52500 -47.25000 25.70726 0.18805 13
-0.35349 -0.11620 26.75633 0 3.47500 9.25000 25.24542 0.10744 13
1.21763 -0.02355 64.14479 0 0.72500 -34.12500 40.71697 0.15869 -13
-1.05895 0.10352 30.43154 0 -3.15000 31.37500 20.95261 0.14705 13
-0.65886 -0.18382 33.03109 0 5.52500 20.52500 27.71992 0.12200 13
-0.85546 -0.13873 44.30456 0 4.20000 26.70000 33.80095 0.13327 -13
-1.70852 0.13427 77.34700 0 -4.05000 51.80000 39.33052 0.19983 13
-1.75186 -0.26522 77.34700 0 7.97500 53.10000 39.33052 0.20487 13
-0.41081 0.07682 12.35914 0 -2.35000 9.50000 11.43683 0.10916 13
-0.49808 -0.06578 47.87687 0 1.97500 15.12500 42.87347 0.11270 13
1.18963 -0.12220 83.23558 0 3.67500 -37.17500 53.79134 0.15698 13
-0.29461 -0.00978 33.07159 0 0.27500 11.00000 31.72367 0.10499 13
-0.15874 0.09716 20.80013 0 -2.90000 5.02500 20.54530 0.10243 -13
0.49443 -0.23435 96.21375 0 7.07500 -16.55000 86.69192 0.11479 13
-0.60222 0.06116 62.41436 0 -1.85000 18.97500 53.49397 0.11772 13
-0.99296 0.10926 77.57381 0 -3.27500 29.87500 55.20879 0.14234 -13
-1.24361 -0.04144 6.72907 0 1.37500 37.42500 4.21995 0.16077 -13
-1.04942 -0.06264 71.66964 0 1.87500 32.07500 49.49177 0.14611 13
-2.06047 -0.24764 24.86214 0 7.42500 63.10000 11.11830 0.23192 13
-0.28853 -0.15496 72.22441 0 4.67500 5.47500 69.45617 0.10597 -13
-0.07989 -0.10985 95.90782 0 3.30000 3.80000 95.60683 0.10163 13
-0.37250 -0.06188 20.07078 0 1.85000 9.50000 18.81267 0.10764 13
-0.16799 -0.18372 98.30608 0 5.52500 4.67500 96.99110 0.10377 13
-0.37186 -0.12279 32.60140 0 3.72500 12.92500 30.58465 0.10816 -13
0.29373 -0.21988 34.94888 0 6.65000 -8.25000 33.59355 0.10728 -13
0.19261 -0.12681 96.49391 0 3.82500 -4.47500 94.77933 0.10335 -13
2.07830 0.05497 60.66499 0 -1.67500 -60.95000 26.33557 0.23232 13
-0.60892 -0.23936 46.25756 0 7.20000 16.85000 39.80206 0.12033 13
-0.80250 -0.09465 82.68725 0 2.85000 23.57500 64.60156 0.12947 13
0.29319 -0.06678 48.05112 0 2.02500 -8.60000 46.11828 0.10516 -13
-0.61719 -0.11067 83.04756 0 3.35000 16.52500 70.78955 0.11887 -13
2.09850 -0.08997 10.77160 0 2.60000 -64.22500 4.64951 0.23418 13
1.48018 0.13419 29.10627 0 -4.02500 -44.22500 16.39485 0.18037 -13
1.51784 -0.26525 29.10627 0 8.02500 -45.37500 16.39485 0.18502 -13
-0.70263 0.08615 61.38012 0 -2.60000 21.62500 50.28370 0.12338 -13
0.28554 -0.23343 20.92092 0 7.07500 -9.62500 20.15629 0.10736 -13
1.25812 0.03182 64.40879 0 -0.95000 -37.42500 40.08906 0.16187 -13
-1.93379 0.03512 96.22971 0 -1.07500 55.97500 44.22378 0.21927 13
0.26966 0.04064 6.48102 0 -1.30000 -5.65000 6.25777 0.10441 13
-0.16757 -0.14829 35.26035 0 4.45000 7.50000 34.78590 0.10319 13
-0.40666 -0.14164 55.25960 0 4.27500 10.62500 51.26034 0.10964 13
0.47890 -0.08922 53.15328 0 2.67500 -13.02500 47.97476 0.11201 13
-1.99668 0.06394 64.35286 0 -1.90000 63.30000 28.86529 0.22496 -13
1.26288 0.07504 33.53670 0 -2.27500 -38.47500 20.85514 0.16241 13
0.15202 -0.19149 43.24761 0 5.80000 -5.07500 42.77351 0.10368 -13
-1.27346 -0.06579 11.14974 0 1.90000 37.67500 6.89508 0.16317 13
0.67399 0.02796 68.52269 0 -0.82500 -22.50000 56.82865 0.12147 -13
-0.60044 0.08520 12.50045 0 -2.62500 17.90000 10.72706 0.11779 13
-1.24081 -0.22215 31.22384 0 6.72500 36.85000 19.87791 0.16207 -13
-0.74402 -0.19221 99.05156 0 5.80000 24.75000 79.97805 0.12701 -13
1.06511 -0.06666 75.26341 0 2.00000 -29.77500 51.57661 0.14727 13
-1.57660 -0.21749 64.92330 0 6.55000 48.82500 35.34771 0.18927 13
-0.71191 -0.20006 98.39922 0 6.05000 19.40000 80.68438 0.12525 -13
1.41524 0.03375 60.47804 0 -1.00000 -43.30000 34.91320 0.17454 -13
2.11794 -0.24927 37.09832 0 7.47500 -64.87500 16.23294 0.23713 13
2.10646 0.09420 33.27026 0 -2.80000 -62.37500 14.31997 0.23499 -13
1.75166 0.13491 94.42189 0 -4.07500 -53.87500 47.13095 0.20358 13
1.79568 -0.26457 94.42189 0 7.97500 -55.20000 47.13095 0.20867 13
1.51828 0.05564 8.82575 0 -1.57500 -44.77500 4.85947 0.18316 -13
0.07153 -0.03065 50.35041 0 0.92500 -2.72500 50.22217 0.10101 -13
0.35840 -0.08029 57.42215 0 2.40000 -11.60000 54.07490 0.10728 13
-0.64056 0.09163 48.60450 0 -2.75000 18.75000 40.97749 0.11994 -13
-0.70909 0.14220 88.87838 0 -4.27500 20.67500 72.74277 0.12428 -13
-0.72482 -0.25685 88.87838 0 7.75000 21.15000 72.74277 0.12704 -13
-0.74316 -0.16571 80.50099 0 5.00000 23.07500 64.92172 0.12657 13
0.11544 0.11595 81.51175 0 -3.50000 -4.52500 80.98111 0.10205 13
-1.67137 0.01214 1.22829 0 0.40000 51.70000 0.63067 0.19689 -13
-0.29404 0.07370 69.56867 0 -2.22500 5.57500 66.75751 0.10523 -13
-1.54640 0.14518 10.13424 0 -4.47500 48.40000 5.54363 0.18612 13
-1.57901 -0.25388 10.13424 0 7.55000 49.32500 5.54363 0.18981 13
0.49559 -0.18931 59.86052 0 5.70000 -16.77500 53.81926 0.11399 13
-0.49876 -0.23421 73.18316 0 7.07500 13.35000 65.83126 0.11499 -13
-0.37925 0.04743 91.76043 0 -1.42500 11.35000 85.80962 0.10781 -13
-0.14111 0.02702 37.08874 0 -0.82500 2.02500 36.72512 0.10174 13
-0.29365 0.13189 39.95492 0 -4.00000 9.40000 38.36234 0.10580 13
-0.30138 -0.26771 39.95492 0 8.05000 9.62500 38.36234 0.10857 13
-1.64860 -0.13477 15.05900 0 4.00000 49.25000 7.86142 0.19460 13
0.36851 -0.05437 53.56015 0 1.62500 -9.62500 50.26511 0.10746 13
1.13877 0.11897 50.14903 0 -3.57500 -36.17500 33.22162 0.15308 -13
1.17474 -0.28133 50.14903 0 8.50000 -37.25000 33.22162 0.15777 -13
0.35754 0.13223 62.38175 0 -3.97500 -12.85000 58.79751 0.10777 -13
0.36689 -0.26732 62.38175 0 8.07500 -13.12500 58.79751 0.11060 -13
0.33573 0.07606 30.67801 0 -2.30000 -11.00000 29.09115 0.10651 13
-1.36319 -0.12386 18.48185 0 3.70000 41.90000 10.98618 0.17068 13
1.36259 -0.06722 39.80272 0 2.00000 -43.72500 23.58373 0.17034 13
0.89164 -0.17506 72.76108 0 5.30000 -23.22500 54.66953 0.13607 -13
-1.48163 0.02424 7.12589 0 -0.85000 44.85000 3.98683 0.18009 13
1.23193 -0.14517 24.84903 0 4.35000 -37.92500 15.75909 0.16043 13
1.81794 0.11706 69.38379 0 -3.52500 -53.70000 33.61641 0.20925 -13
-0.11557 -0.23433 24.50113 0 7.05000 4.50000 24.34744 0.10407 13
0.34037 0.07244 88.10289 0 -2.17500 -12.07500 83.42655 0.10662 -13
0.47226 0.03378 42.88417 0 -1.02500 -14.77500 38.78140 0.11142 13
1.98747 0.03186 90.70164 0 -0.95000 -60.37500 40.78400 0.22407 -13
-0.21796 -0.24627 42.93544 0 7.42500 6.45000 42.00502 0.10600 13
-1.71676 -0.17604 87.08754 0 5.32500 53.15000 44.33373 0.20087 -13
0.58293 0.05535 35.60766 0 -1.65000 -16.50000 30.77442 0.11669 -13
-0.81316 -0.15744 69.59048 0 4.75000 26.10000 54.25437 0.13076 13
-0.83825 -0.10958 69.59048 0 4.77500 26.05000 54.25437 0.13077 13
1.02443 0.50876 69.59048 0 6.00000 28.15000 54.25437 0.14107 13
-0.42629 -0.18217 82.80386 0 5.50000 14.62500 76.36058 0.11099 13
0.12281 0.01654 10.92460 0 -0.45000 -1.82500 10.84319 0.10147 -13
-0.08582 -0.17428 18.37766 0 5.27500 1.05000 18.31229 0.10260 -13
-1.52083 0.05901 52.64969 0 -1.80000 44.15000 28.96077 0.18340 13
-0.11023 -0.19939 79.19195 0 6.02500 0.30000 78.73321 0.10329 -13
-0.97970 -0.23024 73.06699 0 6.95000 29.00000 52.84838 0.14288 -13
0.20421 -0.24143 13.64271 0 7.25000 -7.82500 13.38168 0.10559 13
-0.85500 -0.13435 13.83212 0 4.10000 25.95000 10.55267 0.13321 -13
-0.66822 -0.08412 50.61205 0 2.52500 19.60000 42.12687 0.12141 13
-0.17959 -0.14851 10.60985 0 4.52500 3.90000 10.44626 0.10343 -13
0.28758 -0.00127 38.98910 0 0.02500 -10.25000 37.47044 0.10478 13
-1.49834 -0.00076 25.24517 0 -0.00000 46.30000 14.01413 0.18141 13
1.22859 0.12785 71.53425 0 -3.87500 -36.97500 45.37697 0.16005 13
1.26292 -0.27197 71.53425 0 8.20000 -38.00000 45.37697 0.16450 13
-1.35586 -0.04261 38.37952 0 1.30000 39.72500 22.79387 0.16972 -13
1.13932 0.10912 88.87320 0 -3.30000 -34.42500 58.82233 0.15306 13
-2.02015 -0.24637 20.56637 0 7.47500 60.30000 9.34197 0.22842 -13
-1.45060 -0.21701 64.47519 0 6.55000 44.00000 37.16486 0.17878 -13
0.78116 0.10170 74.74177 0 -3.05000 -24.15000 59.01595 0.12819 -13
0.04061 0.13543 7.48053 0 -4.02500 0.15000 7.47446 0.10168 -13
0.04167 -0.26384 7.48053 0 8.02500 0.12500 7.47446 0.10430 -13
-0.52919 -0.15938 4.67855 0 4.67500 17.32500 4.14649 0.11502 13
0.99546 -0.07646 60.01234 0 2.32500 -29.15000 42.59265 0.14227 -13
-0.22791 -0.10349 77.10423 0 3.12500 4.72500 75.19617 0.10381 13
-0.78333 -0.20635 34.88074 0 6.20000 24.05000 27.67468 0.12958 13
-1.09871 0.14136 1.29357 0 -3.70000 37.50000 0.87518 0.15047 -13
-1.12416 -0.25811 1.29357 0 8.35000 38.50000 0.87518 0.15497 -13
1.28139 0.07761 83.94812 0 -2.32500 -37.42500 51.74319 0.16387 -13
1.05419 0.08901 59.27968 0 -2.70000 -32.32500 40.88239 0.14660 13
-0.93695 0.08482 3.82716 0 -2.37500 28.00000 2.79782 0.13823 -13
-0.81590 0.12033 72.73800 0 -3.62500 26.30000 56.52094 0.13054 13
-0.84120 -0.27995 72.73800 0 8.42500 27.05000 56.52094 0.13457 13
0.34931 -0.02573 15.04073 0 0.80000 -10.12500 14.19990 0.10671 -13
-0.29017 -0.06982 21.66747 0 2.07500 10.65000 20.81316 0.10509 13
-0.79556 -0.17553 80.09350 0 5.27500 22.65000 63.04385 0.12989 13
-1.57091 -0.01375 61.29487 0 0.42500 49.12500 32.91772 0.18754 -13
1.47325 -0.13670 15.69962 0 4.17500 -44.20000 8.87315 0.17989 -13
0.93627 0.07437 47.91159 0 -2.25000 -27.30000 35.01940 0.13816 13
1.29956 -0.21723 62.80264 0 6.57500 -38.75000 38.85343 0.16659 -13
-0.88734 -0.04935 71.55108 0 1.47500 26.20000 53.54744 0.13473 13
0.32245 -0.10619 32.52312 0 3.22500 -8.70000 30.96996 0.10636 -13
-1.02620 0.06615 16.49129 0 -1.95000 31.82500 11.52194 0.14444 -13
-0.00604 0.08689 29.83176 0 -2.62500 -1.20000 29.83123 0.10109 13
0.40303 0.14101 49.01153 0 -4.27500 -13.80000 45.52057 0.10950 13
0.41215 -0.25814 49.01153 0 7.77500 -14.07500 45.52057 0.11197 13
0.83868 -0.01483 19.76359 0 0.42500 -23.35000 15.14346 0.13144 13
-0.70265 0.10379 88.98596 0 -3.12500 22.85000 72.93796 0.12352 13
-0.64772 -0.24229 28.92628 0 7.32500 18.02500 24.47959 0.12246 -13
-2.09904 0.12514 62.72848 0 -3.80000 63.50000 27.15000 0.23450 13
1.38836 -0.09019 38.96459 0 2.70000 -43.32500 22.83358 0.17253 13
-0.43628 -0.20831 4.75627 0 6.17500 12.32500 4.37399 0.11180 13
0.69753 0.13912 66.05479 0 -4.20000 -19.37500 54.34617 0.12357 -13
0.71386 -0.26008 66.05479 0 7.85000 -19.87500 54.34617 0.12648 -13
0.66439 -0.03012 17.91746 0 0.87500 -19.97500 14.92599 0.12094 13
-0.96422 0.09933 93.86114 0 -3.00000 30.82500 67.72730 0.14025 13
-0.59416 -0.05759 43.24685 0 1.72500 17.32500 37.19541 0.11728 13
0.38983 0.00352 81.25192 0 -0.12500 -12.52500 75.70302 0.10809 13
0.76905 0.08811 17.74630 0 -2.62500 -24.32500 14.08798 0.12733 -13
0.62342 -0.02818 29.00526 0 0.87500 -18.75000 24.61647 0.11871 -13
0.56019 -0.12542 81.55391 0 3.77500 -15.75000 71.27485 0.11613 13
1.54725 0.04566 8.02042 0 -1.50000 -46.80000 4.35674 0.18563 13
-1.00403 0.10231 84.25638 0 -3.10000 28.25000 59.61359 0.14307 13
0.31064 0.01047 21.27258 0 -0.30000 -7.70000 20.31504 0.10546 -13
-0.03145 -0.17345 99.40204 0 5.22500 -2.77500 99.35433 0.10226 -13
1.63683 0.12868 87.12930 0 -3.87500 -47.50000 45.69562 0.19359 -13
1.68207 -0.27107 87.12930 0 8.20000 -48.87500 45.69562 0.19896 -13
-1.24825 -0.14510 16.84939 0 4.42500 37.55000 10.60156 0.16177 -13
-1.52993 -0.22371 68.60565 0 6.72500 47.17500 38.17860 0.18541 13
-0.17445 -0.76835 68.60565 0 7.02500 47.07500 38.17860 0.18593 13
-0.14534 -0.72612 68.60565 0 -3.67500 46.67500 38.17860 0.19825 13
0.28937 -0.25594 68.60565 0 -3.85000 46.25000 38.17860 0.20065 13
-0.32196 0.52659 68.60565 0 -3.30000 46.05000 38.17860 0.20501 13
-0.26043 -0.11696 11.04290 0 3.47500 10.42500 10.69107 0.10471 13
0.98328 -0.11510 64.00241 0 3.45000 -28.70000 45.78428 0.14170 13
0.76741 -0.08378 71.49656 0 2.52500 -23.55000 56.79292 0.12722 13
-0.53695 -0.13576 29.18790 0 4.07500 19.10000 25.76714 0.11511 13
-0.17583 0.01045 1.32894 0 0.05000 3.22500 1.30882 0.10258 -13
-0.69133 0.07328 96.03312 0 -2.20000 19.95000 79.06218 0.12265 -13
-1.48450 0.05490 71.38380 0 -1.67500 42.77500 39.92291 0.18034 13
-0.05907 -0.05613 56.65812 0 1.67500 3.10000 56.55985 0.10104 13
-0.11503 -0.20956 39.47469 0 6.30000 4.05000 39.22688 0.10354 13
0.94184 -0.02181 20.09220 0 0.62500 -26.85000 14.62783 0.13835 13
-0.54550 0.13813 10.68495 0 -4.22500 17.07500 9.40036 0.11558 13
-0.55849 -0.26123 10.68495 0 7.82500 17.45000 9.40036 0.11826 13
-1.16003 -0.18332 34.73746 0 5.55000 37.50000 22.89503 0.15535 -13
-1.33079 -0.10196 20.06590 0 3.12500 39.85000 12.09401 0.16797 -13
