-0.10204 -0.10363 9.73310 0 3.17500 1.45000 9.68330 0.10179 -13
-0.69950 -0.24151 89.55551 0 7.27500 20.97500 74.05769 0.12527 13
-1.60174 -0.11154 15.25302 0 3.30000 47.37500 8.11441 0.19043 13
-0.04157 -0.23465 48.45445 0 7.07500 2.82500 48.41479 0.10352 13
0.00846 -0.06953 85.89803 0 2.10000 -1.35000 85.89497 0.10095 13
0.95588 -0.19870 76.24943 0 5.97500 -28.52500 55.62473 0.14074 13
0.40524 -0.08562 11.42198 0 2.62500 -12.65000 10.59132 0.10902 -13
-0.23115 0.06925 32.28370 0 -2.10000 7.77500 31.45802 0.10360 13
-0.46572 -0.13665 84.58342 0 4.12500 16.40000 76.80135 0.11194 -13
0.53908 -0.24558 91.81805 0 7.42500 -15.95000 81.34480 0.11705 -13
0.20971 -0.13209 69.48706 0 3.97500 -6.55000 68.03228 0.10375 13
-0.22247 -0.18131 85.25709 0 5.47500 5.67500 83.28501 0.10477 -13
-0.68536 0.05555 39.97693 0 -1.70000 19.02500 32.99153 0.12222 13
0.39131 0.02721 69.37785 0 -0.82500 -7.87500 64.61074 0.10818 13
1.04976 -0.18266 76.45956 0 5.50000 -32.92500 53.18860 0.14715 13
1.27652 -0.18281 11.57348 0 5.57500 -37.67500 7.20946 0.16442 -13
-0.03975 -0.20122 87.26835 0 6.07500 -1.40000 87.20214 0.10280 -13
-0.26370 0.08127 88.46116 0 -2.45000 10.47500 85.55523 0.10447 -13
0.29102 -0.13608 5.08702 0 4.00000 -10.70000 4.88797 0.10574 13
0.25496 0.10946 65.03400 0 -3.30000 -6.05000 63.04069 0.10451 13
0.99032 -0.01285 56.61396 0 0.37500 -27.40000 40.22759 0.14174 13
0.90803 0.13757 18.77575 0 -4.12500 -25.27500 13.95843 0.13672 -13
0.92975 -0.26165 18.77575 0 7.92500 -25.95000 13.95843 0.14006 -13
-0.08229 -0.01506 18.40831 0 0.42500 2.85000 18.34634 0.10106 13
-0.50515 -0.00264 37.28513 0 0.07500 14.90000 33.28007 0.11282 13
0.68555 0.11909 17.84979 0 -3.55000 -22.22500 14.75453 0.12268 -13
-0.09600 -0.15052 81.15057 0 4.52500 2.92500 80.78737 0.10230 13
-0.36803 -0.09211 70.21254 0 2.77500 11.02500 65.92471 0.10771 -13
-0.37929 -0.11926 34.61499 0 3.60000 13.00000 32.39362 0.10831 -13
-0.37928 -0.11926 34.61499 0 3.62500 13.00000 32.39362 0.10838 -13
-0.60625 -0.03547 3.20549 0 0.90000 18.85000 2.74143 0.11786 13
-0.54701 0.13999 97.15684 0 -4.22500 15.75000 85.42690 0.11565 -13
-0.55963 -0.25918 97.15684 0 7.82500 16.15000 85.42690 0.11832 -13
-0.12791 0.05809 53.11669 0 -1.75000 1.90000 52.68883 0.10170 13
0.62676 0.12841 92.69330 0 -3.87500 -20.20000 78.72163 0.11955 13
0.64415 -0.27138 92.69330 0 8.17500 -20.72500 78.72163 0.12285 13
-1.40290 -0.18704 42.75495 0 5.62500 42.67500 25.09958 0.17449 13
1.78294 0.07418 86.48543 0 -2.25000 -54.37500 42.39513 0.20601 13
-0.71145 -0.22109 84.94028 0 6.65000 21.90000 69.75936 0.12557 13
0.75407 0.09510 77.30674 0 -2.85000 -23.70000 61.82518 0.12648 -13
-0.91040 0.12618 15.84446 0 -3.85000 30.05000 11.75796 0.13680 13
-0.93644 -0.27385 15.84446 0 8.22500 30.82500 11.75796 0.14065 13
-1.37847 -0.39833 15.84446 0 -3.77500 30.05000 11.75796 0.13688 13
-37.39259 -21.76108 15.84446 0 -3.50000 32.82500 11.75796 0.14930 13
1.27299 0.81448 15.84446 0 -3.12500 35.60000 11.75796 0.16702 13
0.26793 0.85582 15.84446 0 -2.97500 36.72500 11.75796 0.19007 13
0.24670 0.12316 6.24839 0 -3.80000 -6.05000 6.06908 0.10451 13
0.25414 -0.27718 6.24839 0 8.27500 -6.25000 6.06908 0.10752 13
-1.51064 0.12461 97.98605 0 -3.75000 46.15000 54.37624 0.18287 -13
-1.55496 -0.27537 97.98605 0 8.32500 47.47500 54.37624 0.18824 -13
-0.13837 -0.19986 86.93834 0 6.02500 3.60000 86.14890 0.10363 -13
-0.66261 -0.12194 34.70112 0 3.65000 22.30000 28.99242 0.12142 13
0.00374 0.08871 2.83953 0 -2.50000 3.05000 2.83951 0.10112 -13
-0.09778 -0.14412 94.51302 0 4.35000 4.35000 94.07351 0.10222 -13
-0.21303 -0.10340 61.27744 0 3.10000 6.22500 59.94651 0.10349 13
0.55198 0.08437 1.95182 0 -2.82500 -16.20000 1.71064 0.11558 13
-0.12814 0.01942 51.61405 0 -0.60000 3.22500 51.19561 0.10155 13
0.37055 0.03920 81.80113 0 -1.17500 -8.82500 76.71142 0.10746 -13
2.03413 0.14128 55.52769 0 -4.27500 -62.70000 24.69351 0.22872 13
2.07998 -0.25787 55.52769 0 7.75000 -64.05000 24.69351 0.23382 13
-1.22591 0.01310 47.86053 0 -0.40000 37.12500 30.25390 0.15932 13
0.51691 -0.08069 41.92055 0 2.42500 -14.90000 37.26502 0.11365 13
-2.07986 0.06926 66.13451 0 -2.07500 62.17500 28.71349 0.23249 -13
0.96390 0.11382 12.08945 0 -3.50000 -30.70000 8.73149 0.14037 13
-0.78350 -0.17944 23.91195 0 5.45000 23.70000 18.93533 0.12922 -13
1.60074 0.01914 58.15860 0 -0.55000 -49.42500 30.81772 0.19007 -13
-0.69638 -0.17840 76.34347 0 5.37500 22.67500 62.96777 0.12402 13
-0.12905 -0.01891 37.72334 0 0.55000 2.85000 37.41325 0.10156 13
-0.31339 -0.17556 15.13047 0 5.25000 9.17500 14.45731 0.10698 13
2.07636 -0.21373 15.96054 0 6.37500 -63.15000 7.05150 0.23297 13
-0.82808 0.11690 60.25463 0 -3.52500 24.30000 46.53645 0.13128 13
-1.36040 0.03706 39.17917 0 -1.10000 38.17500 23.21530 0.17007 -13
0.85993 -0.05025 7.11632 0 1.42500 -22.92500 5.39871 0.13290 13
-1.83011 -0.16489 32.12000 0 5.00000 52.40000 15.56149 0.21070 -13
0.77046 0.06202 29.00644 0 -1.85000 -22.35000 22.99386 0.12727 -13
0.28833 -0.12853 67.40357 0 3.87500 -9.07500 64.80574 0.10560 -13
-0.96323 -0.08886 81.02086 0 2.70000 27.40000 58.46284 0.14011 -13
-1.03779 -0.13368 96.99176 0 4.05000 30.72500 67.60830 0.14576 -13
1.42055 -0.01355 50.49957 0 0.40000 -43.60000 29.07086 0.17495 13
-0.15797 0.01378 39.42330 0 -0.42500 2.97500 38.94050 0.10196 13
0.84115 0.06406 51.32307 0 -1.92500 -26.87500 39.30909 0.13175 -13
-0.86725 -0.06137 79.87360 0 1.85000 25.20000 60.39098 0.13343 13
0.12685 -0.01391 25.94247 0 0.40000 -4.20000 25.73628 0.10152 13
-0.62555 -0.09296 12.31597 0 2.75000 17.85000 10.45378 0.11914 13
0.54458 -0.09109 5.34146 0 2.65000 -18.32500 4.69539 0.11502 13
-0.89896 -0.00208 40.46975 0 0.05000 26.67500 30.09633 0.13541 13
0.74493 0.13648 67.88474 0 -4.10000 -23.52500 54.61853 0.12633 -13
0.76316 -0.26285 67.88474 0 7.95000 -24.07500 54.61853 0.12943 -13
-0.37038 0.03276 96.46734 0 -0.97500 11.02500 90.46772 0.10744 -13
0.58160 -0.19003 12.09515 0 5.77500 -14.80000 10.50174 0.11810 -13
-1.01282 -0.22778 27.14678 0 6.85000 32.77500 19.31580 0.14513 13
-0.24053 0.04614 65.25998 0 -1.40000 6.75000 63.45403 0.10368 13
0.18948 -0.24018 72.97690 0 7.25000 -8.70000 71.76891 0.10531 13
-0.32291 0.00506 22.38533 0 -0.17500 10.47500 21.30221 0.10582 13
-0.23529 0.08945 88.58847 0 -2.70000 6.12500 86.25180 0.10385 13
1.77904 0.09936 54.16283 0 -3.02500 -53.55000 26.63840 0.20577 13
-0.07301 -0.22899 37.26289 0 6.90000 2.15000 37.16886 0.10356 13
0.22166 0.10141 61.03457 0 -3.07500 -5.35000 59.60233 0.10365 13
0.58902 0.13055 52.78649 0 -3.92500 -17.17500 45.58144 0.11761 -13
0.60483 -0.26908 52.78649 0 8.12500 -17.67500 45.58144 0.12078 -13
2.03290 -0.15894 10.56300 0 4.90000 -63.70000 4.70983 0.22882 -13
-0.47958 -0.15958 91.85337 0 4.82500 13.52500 83.01455 0.11284 -13
2.01893 0.10940 17.30519 0 -3.35000 -60.70000 7.71804 0.22719 13
0.85996 -0.20233 74.95361 0 6.10000 -26.77500 57.31085 0.13436 13
0.23988 -0.15051 78.73387 0 4.52500 -7.52500 76.60807 0.10466 13
1.05061 -0.17644 94.93425 0 5.32500 -30.57500 65.97633 0.14714 -13
0.28886 0.69643 94.93425 0 5.62500 -30.57500 65.97633 0.15010 -13
1.23131 -0.09584 24.32405 0 2.92500 -36.00000 15.37613 0.16005 -13
-0.50180 -0.06645 9.80695 0 2.07500 15.40000 8.76954 0.11289 -13
0.17503 -0.12413 40.93902 0 3.72500 -3.77500 40.33499 0.10299 13
0.71723 -0.15029 82.10571 0 4.55000 -21.17500 66.97064 0.12485 -13
0.36117 -0.12929 94.25043 0 3.90000 -12.00000 88.73009 0.10786 -13
-0.00139 -0.21870 60.71575 0 6.60000 -0.45000 60.71569 0.10309 -13
1.14084 -0.22304 1.59587 0 7.25000 -33.37500 1.06555 0.15545 -13
-1.10825 0.04940 18.29536 0 -1.52500 33.62500 12.26486 0.15041 13
0.95752 -0.03013 27.20878 0 0.87500 -30.20000 19.65670 0.13945 13
0.25957 -0.19486 91.72841 0 5.87500 -7.62500 88.88873 0.10588 -13
0.13167 0.05637 70.98350 0 -1.70000 -5.00000 70.37797 0.10173 13
-1.55072 -0.07117 53.80881 0 2.15000 48.62500 29.21313 0.18597 -13
1.70209 0.03484 15.67363 0 -1.10000 -48.25000 7.94349 0.19885 13
-1.74782 -0.00924 92.69358 0 0.27500 55.60000 46.03327 0.20278 13
1.48331 -0.16912 53.03563 0 5.12500 -44.90000 29.93415 0.18097 -13
-1.53876 0.12323 83.47873 0 -3.70000 44.35000 45.72973 0.18521 -13
-1.58467 -0.27683 83.47873 0 8.37500 45.72500 45.72973 0.19077 -13
-1.22059 0.08512 32.49041 0 -2.55000 37.60000 20.63474 0.15913 -13
-0.54137 0.14356 48.19458 0 -4.35000 17.95000 42.47974 0.11543 13
-0.55310 -0.25547 48.19458 0 7.70000 18.30000 42.47974 0.11791 13
1.08631 0.04123 33.50872 0 -1.22500 -33.67500 22.70489 0.14875 -13
2.08442 -0.08062 77.73334 0 2.42500 -61.60000 33.71128 0.23295 13
1.01917 -0.12521 32.11973 0 3.80000 -31.45000 22.58433 0.14435 -13
0.20110 -0.21363 51.23243 0 6.45000 -5.85000 50.26971 0.10495 -13
0.26712 -0.05994 56.89540 0 1.82500 -9.32500 54.97478 0.10441 -13
-0.76396 -0.15753 41.83398 0 4.77500 21.45000 33.39247 0.12773 -13
0.80967 0.05213 89.91915 0 -1.57500 -22.92500 69.92155 0.12968 -13
-0.27731 -0.10430 53.35381 0 3.12500 6.05000 51.43328 0.10503 13
-1.56316 0.12411 56.42280 0 -3.72500 46.75000 30.57163 0.18727 -13
-1.60921 -0.27594 56.42280 0 8.35000 48.15000 30.57163 0.19283 -13
1.50423 0.05236 11.84335 0 -1.50000 -46.45000 6.56344 0.18195 -13
-1.40680 -0.22858 19.88052 0 6.95000 42.30000 11.71324 0.17538 -13
-0.78271 -0.21819 22.23705 0 6.55000 25.97500 17.66396 0.12973 13
-0.88381 -0.05072 6.56887 0 1.62500 26.10000 4.92490 0.13453 -13
-0.59464 -0.02437 48.16717 0 0.72500 17.20000 41.40380 0.11719 13
-0.77044 0.07355 87.90393 0 -2.22500 21.40000 69.70444 0.12734 13
1.49916 -0.14251 16.38512 0 4.25000 -46.62500 9.15460 0.18202 13
-1.88459 0.09567 17.94808 0 -2.82500 54.97500 8.44328 0.21501 -13
0.58885 -0.21266 3.83897 0 6.27500 -16.27500 3.32660 0.11874 13
-0.42564 -0.19016 53.51676 0 5.72500 14.55000 49.37390 0.11110 13
1.06228 0.04446 33.52750 0 -1.37500 -31.85000 22.99249 0.14699 13
0.56375 -0.21951 38.50858 0 6.62500 -17.30000 33.73306 0.11771 -13
-1.58023 -0.15446 67.16804 0 4.65000 47.97500 36.21983 0.18895 13
-0.05172 -0.02126 46.09039 0 0.62500 1.72500 46.02891 0.10086 13
0.82930 -0.10734 95.83333 0 3.22500 -27.30000 73.93909 0.13127 13
-0.91405 -0.08876 32.07770 0 2.65000 29.05000 23.71938 0.13672 13
-1.58970 0.09456 93.21199 0 -2.85000 50.72500 49.78923 0.18938 13
0.13076 0.11316 28.73878 0 -3.40000 -5.20000 28.49922 0.10219 -13
0.30632 -0.24518 20.44003 0 7.37500 -8.72500 19.59125 0.10816 13
-0.54889 -0.14556 2.55217 0 4.62500 18.12500 2.24290 0.11602 -13
-1.08431 0.14430 72.41909 0 -4.37500 32.65000 49.36894 0.14926 13
-1.10742 -0.25469 72.41909 0 7.67500 33.32500 49.36894 0.15242 13
-0.32135 -0.18928 95.26001 0 5.72500 9.55000 90.83925 0.10748 -13
0.20406 -0.20812 36.85641 0 6.27500 -6.82500 36.14305 0.10488 13
0.38984 0.10731 58.01842 0 -3.25000 -9.75000 54.09672 0.10863 13
-1.26676 0.01137 67.08220 0 -0.32500 37.22500 41.56706 0.16253 -13
-0.81470 -0.19342 88.17776 0 5.85000 25.52500 68.85852 0.13135 -13
-0.15462 0.12871 34.95918 0 -3.90000 6.12500 34.55526 0.10273 13
-0.15890 -0.27108 34.95918 0 8.17500 6.27500 34.55526 0.10555 13
1.51386 0.10317 24.65142 0 -3.07500 -44.87500 13.63772 0.18297 -13
-0.74337 0.11439 47.51325 0 -3.47500 20.52500 38.21928 0.12601 13
0.39397 -0.22993 81.37808 0 6.95000 -11.35000 75.97063 0.11069 -13
-0.34194 -0.13475 85.96150 0 4.05000 9.17500 81.41399 0.10729 13
0.02505 -0.18519 98.13182 0 5.57500 -2.25000 98.10206 0.10244 13
-0.02097 -0.07326 99.99798 0 2.20000 0.47500 99.97612 0.10100 13
0.31606 -0.10882 75.11953 0 3.27500 -7.25000 71.66531 0.10618 13
0.10610 0.14808 51.98999 0 -4.47500 -4.42500 51.70597 0.10236 13
0.10823 -0.25077 51.98999 0 7.55000 -4.47500 51.70597 0.10438 13
0.91436 -0.14140 68.09827 0 4.27500 -26.30000 50.48249 0.13720 -13
-1.56643 -0.11725 77.07650 0 3.52500 46.80000 41.67489 0.18751 13
0.95504 0.06940 88.92430 0 -2.07500 -29.10000 64.38125 0.13943 -13
0.46393 0.00824 44.06593 0 -0.22500 -16.07500 39.97386 0.11101 -13
0.50039 -0.06145 50.92273 0 1.85000 -14.67500 45.55667 0.11278 13
-1.13463 -0.18992 35.78388 0 5.75000 35.52500 23.89601 0.15352 -13
0.53929 -0.15642 8.06572 0 4.65000 -15.97500 7.11814 0.11547 13
-0.02883 0.48256 8.06572 0 4.75000 -16.02500 7.11814 0.11903 13
-0.85089 0.06776 1.14823 0 -1.50000 21.50000 0.87539 0.13282 -13
-0.52927 -0.12586 91.56448 0 3.80000 18.50000 81.06691 0.11464 -13
-1.45114 -0.12484 20.66458 0 3.72500 44.55000 11.78621 0.17791 13
1.11536 -0.19458 91.03166 0 5.87500 -33.22500 61.39279 0.15213 -13
0.62386 -0.15521 9.81612 0 4.75000 -18.40000 8.35589 0.11976 -13
0.40391 0.09343 88.57806 0 -2.82500 -11.32500 82.18150 0.10901 13
2.08494 0.14836 74.79874 0 -4.50000 -64.85000 32.63447 0.23336 13
1.73251 0.06814 59.20918 0 -2.07500 -51.72500 29.64948 0.20158 13
-0.12305 -0.21200 45.96674 0 6.40000 3.02500 45.63727 0.10369 -13
-0.37154 0.02898 96.40520 0 -0.87500 14.40000 90.37405 0.10747 -13
0.18917 0.00657 15.19090 0 -0.17500 -6.07500 14.92618 0.10249 -13
-0.61524 -0.16328 41.09567 0 4.95000 16.30000 35.12742 0.11938 -13
-0.77134 0.00367 79.62045 0 -0.10000 22.52500 63.04521 0.12718 -13
-0.38338 -1.02399 79.62045 0 -0.05000 22.52500 63.04521 0.12716 -13
0.40094 1.02230 79.62045 0 0.90000 23.15000 63.04521 0.13204 -13
5.08592 3.42573 79.62045 0 0.20000 23.90000 63.04521 0.14545 -13
-7.37826 -6.68708 79.62045 0 0.42500 22.80000 63.04521 0.16319 -13
0.05400 -0.07401 79.62045 0 1.00000 22.50000 63.04521 0.17056 -13
0.26764 -0.06062 79.62045 0 1.40000 22.80000 63.04521 0.17663 -13
0.31351 0.14633 65.34563 0 -4.40000 -10.25000 62.41161 0.10656 -13
0.31995 -0.25257 65.34563 0 7.62500 -10.45000 62.41161 0.10870 -13
-1.54157 0.13633 94.44934 0 -4.12500 48.32500 51.73398 0.18556 13
-1.57941 -0.26307 94.44934 0 7.92500 49.45000 51.73398 0.19009 13
-0.79571 0.12409 30.39221 0 -3.72500 23.82500 23.85213 0.12929 -13
-0.81915 -0.27589 30.39221 0 8.35000 24.52500 23.85213 0.13313 -13
0.39508 -0.12253 92.52653 0 3.70000 -13.20000 86.13972 0.10897 13
-0.61918 0.12722 6.43184 0 -3.92500 19.52500 5.48077 0.11919 13
-0.63676 -0.27271 6.43184 0 8.12500 20.05000 5.48077 0.12242 13
2.09727 0.07095 24.51625 0 -2.17500 -61.32500 10.57214 0.23414 13
-2.02174 4.51248 24.51625 0 -1.30000 -61.42500 10.57214 0.23686 13
0.36233 -0.39304 24.51625 0 -1.65000 -61.55000 10.57214 0.24872 13
0.42049 0.16069 24.51625 0 -0.95000 -61.20000 10.57214 0.25482 13
-0.69983 0.01926 72.37904 0 -0.60000 19.85000 59.30333 0.12293 13
0.94185 -0.16508 54.22491 0 5.00000 -28.10000 39.72112 0.13935 -13
-0.72560 -0.22519 13.54259 0 6.75000 22.02500 11.05313 0.12644 13
-1.15628 0.12104 61.23615 0 -3.65000 36.02500 40.22357 0.15442 -13
-1.19174 -0.27914 61.23615 0 8.42500 37.10000 40.22357 0.15919 -13
1.48495 -0.12049 88.88393 0 3.65000 -45.95000 49.89471 0.18070 -13
-0.86040 0.09860 34.46949 0 -2.95000 24.70000 26.18328 0.13321 -13
-1.10609 -0.10191 60.85855 0 3.07500 35.85000 40.92968 0.15052 -13
0.21812 0.12241 68.34742 0 -3.67500 -8.20000 66.79980 0.10381 -13
0.22469 -0.27770 68.34742 0 8.37500 -8.40000 66.79980 0.10695 -13
-0.55860 0.13795 9.76284 0 -4.10000 19.07500 8.54231 0.11616 -13
-0.57195 -0.26129 9.76284 0 7.95000 19.47500 8.54231 0.11902 -13
0.12019 -0.08115 28.20421 0 2.47500 -5.92500 28.00405 0.10176 -13
-1.49989 -0.08345 9.39860 0 2.60000 44.00000 5.22576 0.18181 -13
-0.06587 -0.14628 13.15842 0 4.37500 3.15000 13.13055 0.10198 13
-1.94029 -0.01232 46.49270 0 0.35000 60.47500 21.30041 0.21982 13
0.16399 0.03551 53.14765 0 -1.07500 -5.55000 52.44793 0.10211 13
0.52555 -0.19831 4.32104 0 5.85000 -14.65000 3.84064 0.11545 13
0.82376 0.02666 93.33009 0 -0.80000 -26.17500 72.04669 0.13050 13
-0.50439 -0.07496 23.21566 0 2.25000 14.45000 20.73964 0.11304 13
0.13995 -0.01915 60.85401 0 0.57500 -4.77500 60.26684 0.10170 -13
-1.17888 0.05704 82.71732 0 -1.70000 35.75000 53.55884 0.15578 -13
1.32952 -0.11073 15.43680 0 3.40000 -38.37500 9.31496 0.16794 -13
0.53529 0.11166 35.98999 0 -3.35000 -14.57500 31.77358 0.11477 -13
1.86892 0.02491 86.91572 0 -0.75000 -55.05000 41.01508 0.21346 -13
-0.67583 -0.12306 47.50568 0 3.72500 18.92500 39.45252 0.12218 -13
-1.45883 1.70158 47.50568 0 4.25000 37.65000 39.45252 0.33810 -13
2.89276 -2.16635 47.50568 0 4.40000 43.92500 39.45252 0.45878 -13
-0.72017 1.45519 47.50568 0 3.85000 38.15000 39.45252 0.27694 -13
1.00522 0.12257 74.57081 0 -3.70000 -28.95000 52.78874 0.14332 13
1.03548 -0.27756 74.57081 0 8.37500 -29.85000 52.78874 0.14762 13
1.17218 0.04904 38.23654 0 -1.45000 -33.75000 24.83343 0.15524 -13
-0.06374 0.01780 45.16222 0 -0.52500 4.82500 45.07079 0.10092 -13
1.70363 0.01059 50.22028 0 -0.30000 -50.10000 25.42347 0.19894 -13
-0.36967 0.12075 26.01849 0 -3.62500 11.65000 24.42561 0.10804 -13
-0.38106 -0.27943 26.01849 0 8.45000 12.00000 24.42561 0.11140 -13
-0.53239 0.13523 9.90258 0 -4.12500 17.45000 8.75855 0.11493 13
-0.54572 -0.26432 9.90258 0 7.90000 17.82500 8.75855 0.11772 13
-1.66654 0.12204 48.47464 0 -3.65000 52.32500 25.07653 0.19609 -13
-1.71709 -0.27805 48.47464 0 8.40000 53.85000 25.07653 0.20209 -13
0.74949 -0.07569 18.88458 0 2.25000 -22.32500 15.12694 0.12607 13
0.90831 0.14597 25.41263 0 -4.37500 -30.27500 18.90062 0.13682 -13
0.92715 -0.25296 25.41263 0 7.65000 -30.87500 18.90062 0.13969 -13
-0.21220 -0.02726 36.40371 0 0.80000 5.32500 35.61133 0.10298 13
-1.40559 -0.00827 57.48184 0 0.22500 40.82500 33.32360 0.17372 13
-0.31362 0.14130 6.36492 0 -4.17500 7.90000 6.07857 0.10647 -13
-0.32060 -0.25755 6.36492 0 7.87500 8.12500 6.07857 0.10899 -13
1.62322 0.07522 45.15145 0 -2.30000 -48.72500 23.73071 0.19215 13
1.09745 -0.13333 31.42087 0 4.05000 -33.27500 21.26417 0.15014 -13
1.99119 0.04587 96.35859 0 -1.40000 -59.85000 43.28132 0.22443 13
1.52510 -0.22549 28.67868 0 6.77500 -46.62500 15.99879 0.18501 13
0.00367 0.05049 33.78071 0 -1.50000 0.07500 33.78048 0.10083 -13
0.37662 0.11209 41.56484 0 -3.37500 -11.37500 38.92782 0.10819 -13
0.12362 -0.20911 99.52237 0 6.32500 -2.55000 98.80160 0.10364 -13
-1.47295 0.02126 92.08771 0 -0.62500 46.50000 51.73280 0.17930 -13
-0.54621 0.09948 79.89723 0 -3.00000 16.40000 70.19836 0.11518 13
0.64286 0.12671 22.35226 0 -3.80000 -18.32500 18.84558 0.12039 -13
0.66112 -0.27313 22.35226 0 8.27500 -18.87500 18.84558 0.12385 -13
-0.38364 0.06964 4.28674 0 -1.97500 11.32500 4.00353 0.10809 -13
-0.13146 -0.14995 39.41832 0 4.52500 1.15000 39.08935 0.10269 -13
-1.90934 -0.22906 27.39076 0 6.87500 56.07500 12.96430 0.21822 13
-0.77210 0.07937 89.11392 0 -2.37500 23.17500 70.61871 0.12747 -13
-0.25323 0.14730 97.87099 0 -4.45000 7.37500 94.93694 0.10493 -13
-0.25833 -0.25157 97.87099 0 7.60000 7.55000 94.93694 0.10705 -13
0.37312 0.11801 10.15782 0 -3.62500 -11.87500 9.52518 0.10816 13
0.38505 -0.28254 10.15782 0 8.47500 -12.25000 9.52518 0.11154 13
-0.68707 0.09893 45.25222 0 -2.97500 21.55000 37.35517 0.12258 -13
0.49202 -0.21311 36.84763 0 6.45000 -13.42500 33.20306 0.11428 -13
1.95268 0.04411 87.32269 0 -1.32500 -58.77500 39.83374 0.22097 -13
0.26185 0.14063 18.14636 0 -4.27500 -10.40000 17.56532 0.10507 13
0.26781 -0.25860 18.14636 0 7.77500 -10.57500 17.56532 0.10743 13
-0.03096 -0.12340 46.72417 0 3.72500 0.42500 46.70211 0.10152 -13
1.29338 -0.01958 53.67268 0 0.60000 -39.37500 32.83340 0.16465 -13
-1.40358 0.07432 43.74315 0 -2.22500 45.50000 25.42891 0.17370 -13
-0.94840 -0.09756 37.82788 0 2.92500 27.82500 27.50814 0.13913 13
-0.59224 0.07947 7.50750 0 -2.32500 17.70000 6.46495 0.11730 -13
0.83771 0.07903 33.65259 0 -2.37500 -23.17500 25.83043 0.13160 -13
0.08978 -0.24708 22.80358 0 7.47500 -1.02500 22.71745 0.10414 -13
-1.16061 -0.02204 20.31032 0 0.62500 36.65000 13.25915 0.15429 13
1.00082 0.02839 43.52787 0 -0.85000 -30.65000 30.77239 0.14250 -13
-1.86808 -0.11664 86.20156 0 3.50000 58.75000 40.89607 0.21369 13
-0.47862 0.01407 84.23270 0 -0.42500 15.75000 75.97984 0.11165 13
2.05988 -0.05325 63.33320 0 1.62500 -60.02500 27.69100 0.23066 -13
-0.64409 0.14119 59.37290 0 -4.27500 21.27500 50.05911 0.12063 13
-0.65861 -0.25794 59.37290 0 7.77500 21.72500 50.05911 0.12334 13
0.44710 -0.09524 66.35148 0 2.87500 -15.90000 60.61831 0.11073 -13
-0.37495 -0.23532 96.51545 0 7.10000 10.40000 90.66546 0.11013 13
0.27097 0.06461 17.88009 0 -1.92500 -6.82500 17.26011 0.10453 -13
-0.35345 -0.03247 60.93013 0 0.97500 12.75000 57.45046 0.10685 13
-0.80042 0.08794 24.03835 0 -2.62500 24.70000 18.79690 0.12927 -13
-0.50974 0.00042 55.18683 0 -0.00000 17.20000 49.16741 0.11303 -13
-0.02414 0.09444 51.59982 0 -2.85000 2.07500 51.58492 0.10118 13
0.95369 -0.00953 26.66825 0 0.30000 -25.95000 19.29895 0.13916 -13
0.56711 -0.12782 84.87023 0 3.85000 -14.00000 73.96962 0.11649 -13
-0.29345 0.01469 37.55088 0 -0.42500 10.70000 36.03181 0.10496 -13
-1.39886 -0.04338 82.56309 0 1.30000 42.02500 48.04452 0.17321 13
-1.79943 -0.01186 84.89479 0 0.37500 54.00000 41.24024 0.20732 -13
0.01414 -0.05424 19.49105 0 1.60000 -3.52500 19.48910 0.10086 13
-0.51144 -0.20936 98.59109 0 6.30000 13.37500 88.16196 0.11505 13
0.19183 -0.05131 51.01489 0 1.55000 -4.47500 50.10379 0.10267 13
-0.40444 0.04127 7.24001 0 -1.32500 13.70000 6.71262 0.10873 13
-0.93650 0.05172 49.44825 0 -1.55000 26.32500 36.11484 0.13806 -13
0.45915 -0.19161 5.49781 0 5.67500 -10.67500 5.01178 0.11243 13
-0.35808 0.12091 74.46409 0 -3.65000 11.17500 70.16232 0.10766 -13
-0.36910 -0.27930 74.46409 0 8.42500 11.50000 70.16232 0.11098 -13
-0.74362 -0.09912 86.85349 0 2.97500 19.47500 69.81674 0.12589 13
-0.09510 0.09958 12.40546 0 -3.05000 2.60000 12.35030 0.10167 13
1.46039 -0.05442 66.45000 0 1.62500 -44.50000 37.58221 0.17832 13
-0.63237 -0.03863 48.91416 0 1.15000 20.45000 41.35007 0.11921 13
-0.52245 -0.08283 67.72304 0 2.50000 17.05000 60.06839 0.11392 13
0.49937 0.14616 70.52872 0 -4.40000 -15.35000 63.23067 0.11352 -13
0.50966 -0.25275 70.52872 0 7.62500 -15.67500 63.23067 0.11587 -13
0.82962 -0.22404 73.04574 0 6.75000 -24.35000 56.77357 0.13277 13
0.67512 -0.15921 63.66252 0 4.80000 -21.02500 52.96931 0.12255 13
-0.84177 -0.03452 58.12346 0 1.05000 25.55000 44.47754 0.13168 -13
-0.36784 -0.02251 67.29431 0 0.67500 9.87500 63.15898 0.10733 -13
0.17067 -0.24780 87.74707 0 7.47500 -5.20000 86.56731 0.10516 13
0.65894 -0.10701 80.70373 0 3.22500 -19.05000 67.50443 0.12109 -13
1.94550 -0.15413 2.20373 0 5.12500 -59.10000 1.01682 0.22163 -13
-0.47302 -0.19924 96.31387 0 6.02500 15.75000 87.37025 0.11320 -13
1.87937 -0.19195 71.28366 0 5.77500 -57.35000 33.95887 0.21523 13
-0.26499 -0.07092 52.88153 0 2.15000 6.42500 51.12567 0.10442 -13
-0.70778 0.08171 63.85504 0 -2.45000 20.75000 52.17859 0.12365 -13
0.56224 0.06584 52.30988 0 -2.00000 -14.40000 45.62054 0.11572 13
-0.44520 0.05527 29.67546 0 -1.65000 14.75000 27.11701 0.11037 -13
-0.28270 0.14590 19.34314 0 -4.42500 10.00000 18.62797 0.10569 13
-0.28854 -0.25307 19.34314 0 7.60000 10.17500 18.62797 0.10784 13
0.92994 -0.03052 31.18517 0 0.95000 -28.20000 22.84111 0.13756 -13
-1.23718 -0.21497 26.88618 0 6.52500 37.72500 17.13194 0.16169 -13
-1.49794 0.10676 38.40032 0 -3.25000 45.30000 21.40411 0.18171 13
1.80522 -0.20074 10.59453 0 6.17500 -53.32500 5.21192 0.20896 -13
0.59217 0.03451 21.68509 0 -1.07500 -18.07500 18.66178 0.11709 13
1.02269 -0.15544 48.78319 0 4.67500 -32.12500 34.31327 0.14488 13
-0.48914 0.08906 80.01253 0 -2.67500 17.15000 71.92921 0.11246 -13
0.50525 0.01291 98.42188 0 -0.40000 -11.72500 87.84755 0.11283 13
-0.25321 -0.13590 42.00519 0 4.10000 8.52500 40.74222 0.10478 -13
1.79208 -0.07246 14.74988 0 2.12500 -56.25000 7.20276 0.20674 13
1.54646 0.11519 80.23529 0 -3.47500 -47.50000 43.77111 0.18583 13
-0.93340 -0.24557 30.26584 0 7.37500 28.05000 22.42457 0.13993 13
-0.14395 -0.14915 90.70220 0 4.50000 3.42500 89.79673 0.10285 -13
-0.85694 -0.05267 72.63366 0 1.60000 22.32500 55.18549 0.13273 -13
0.35920 -0.17094 30.32727 0 5.15000 -11.35000 28.58831 0.10837 13
0.21592 -0.13792 15.81780 0 4.12500 -8.35000 15.46778 0.10394 13
2.13450 -0.22287 21.51988 0 6.77500 -60.52500 9.31156 0.23854 -13
-1.28908 -0.14658 74.47299 0 4.40000 38.45000 45.95039 0.16494 13
0.47764 0.00668 4.43408 0 -0.07500 -15.45000 4.00110 0.11163 -13
-0.54020 -0.00697 19.23540 0 0.17500 18.25000 16.92396 0.11446 13
1.49081 -0.01465 4.36599 0 0.25000 -43.85000 2.43217 0.18083 13
0.57865 -0.22826 83.24225 0 6.87500 -17.85000 72.50107 0.11859 13
0.40083 -0.08345 44.45386 0 2.50000 -10.80000 41.28217 0.10881 13
0.66178 -0.01343 82.95439 0 0.40000 -19.52500 69.17968 0.12077 13
-1.94677 -0.16825 65.95369 0 5.05000 58.20000 30.46870 0.22102 13
1.24953 -0.77211 65.95369 0 5.05000 58.30000 30.46870 0.22124 13
97.60529 -3.96826 65.95369 0 4.30000 59.67500 30.46870 0.22813 13
-0.60041 0.28877 65.95369 0 4.30000 59.92500 30.46870 0.22967 13
-0.01519 0.10183 65.95369 0 5.02500 60.32500 30.46870 0.23537 13
-1.29023 3.55607 65.95369 0 4.95000 60.37500 30.46870 0.23637 13
-0.38255 -0.18426 65.95369 0 4.92500 60.40000 30.46870 0.23637 13
1.27622 -0.00413 77.84879 0 0.12500 -38.47500 48.01518 0.16327 13
-0.39378 -0.03388 86.30904 0 1.02500 12.27500 80.31314 0.10828 13
1.42102 0.11370 70.51901 0 -3.42500 -44.82500 40.75838 0.17535 -13
-1.35841 0.00648 63.14512 0 -0.20000 41.55000 37.43537 0.16987 13
-1.02820 0.10499 71.72737 0 -3.17500 33.70000 50.14961 0.14483 13
0.11304 -0.18593 91.49578 0 5.60000 -2.82500 90.93595 0.10306 13
-0.23325 -0.14147 59.79473 0 4.27500 5.25000 58.26137 0.10438 -13
-0.38892 0.02364 86.90511 0 -0.70000 10.80000 80.99801 0.10808 -13
1.50079 0.04780 3.79853 0 -1.67500 -47.22500 2.10779 0.18183 13
1.03567 0.10417 22.32216 0 -3.10000 -30.80000 15.54788 0.14535 -13
1.31589 -0.20391 90.79247 0 6.15000 -38.32500 55.64302 0.16769 13
-0.29775 -0.16049 92.30918 0 4.82500 8.25000 88.56132 0.10631 13
-1.62402 -0.16441 63.79581 0 4.95000 47.87500 33.77349 0.19277 13
0.10401 0.14275 58.68052 0 -4.30000 -4.62500 58.37190 0.10226 -13
0.10629 -0.25630 58.68052 0 7.75000 -4.70000 58.37190 0.10451 -13
1.90147 -0.04536 97.91400 0 1.35000 -58.37500 45.61247 0.21639 13
0.54108 -0.06195 36.32827 0 1.87500 -15.85000 31.96450 0.11468 -13
2.01403 -0.16536 5.59611 0 4.77500 -59.70000 2.51563 0.22687 13
-0.21707 -0.24466 41.02119 0 7.37500 6.82500 40.13872 0.10594 13
0.36908 0.10800 19.05543 0 -3.22500 -11.85000 17.88894 0.10788 -13
-0.48717 -0.10280 43.44381 0 3.07500 15.70000 39.09479 0.11249 13
0.78661 -0.04600 82.83620 0 1.40000 -20.50000 65.13364 0.12820 -13
0.72975 -0.18553 45.56732 0 5.60000 -22.00000 37.02300 0.12607 -13
-0.27236 -0.20212 24.53912 0 6.12500 9.00000 23.70878 0.10635 -13
1.02235 0.01931 97.64184 0 -0.60000 -31.15000 68.28254 0.14403 13
-0.65394 -0.21581 92.66968 0 6.50000 21.40000 78.08063 0.12226 13
-0.25569 -0.15473 20.94580 0 4.70000 9.62500 20.30748 0.10512 -13
0.22457 -0.22289 19.73852 0 6.75000 -9.17500 19.28083 0.10564 -13
0.57882 -0.12113 82.70807 0 3.65000 -19.07500 71.71208 0.11699 13
-1.31603 0.10354 21.87141 0 -3.15000 39.55000 13.27727 0.16680 13
-1.21494 0.01425 85.05112 0 -0.42500 37.32500 54.05403 0.15847 -13
-0.63853 -0.15339 1.69359 0 4.97500 20.07500 1.43257 0.12090 -13
-0.24586 0.13121 84.56689 0 -3.97500 8.20000 82.16113 0.10454 13
-0.25239 -0.26842 84.56689 0 8.10000 8.37500 82.16113 0.10732 13
-0.79206 -0.03952 84.56689 0 7.10000 7.50000 82.16113 0.11148 13
-7.96223 -3.67239 84.56689 0 8.02500 8.87500 82.16113 0.12011 13
-0.63699 -0.06987 63.16585 0 2.10000 20.12500 53.31306 0.11959 13
0.74707 -0.06775 1.81418 0 2.37500 -22.97500 1.45480 0.12618 -13
0.38073 -0.06786 25.08868 0 2.07500 -11.57500 23.45353 0.10798 -13
-0.73115 -0.20002 14.21125 0 6.07500 24.12500 11.55041 0.12639 -13
-0.70085 -0.11041 44.68862 0 3.35000 17.42500 36.66865 0.12348 -13
1.19747 -0.20720 36.03605 0 6.27500 -36.35000 23.38333 0.15851 -13
0.09374 -0.14189 93.16392 0 4.27500 -2.75000 92.76524 0.10215 13
-1.59330 -0.18497 8.73910 0 5.70000 49.35000 4.70190 0.19049 -13
-0.82171 -0.07959 65.02106 0 2.40000 24.07500 50.30055 0.13059 -13
-0.39144 -0.15179 65.16234 0 4.57500 10.82500 60.77040 0.10923 -13
-0.95795 -0.10603 70.18638 0 3.20000 27.67500 50.81870 0.13987 -13
-1.35934 0.03124 74.22672 0 -0.95000 41.05000 43.99905 0.16997 13
-0.19178 -0.17793 73.63563 0 5.37500 6.50000 72.35701 0.10410 -13
1.83725 0.03288 43.99670 0 -0.97500 -57.32500 21.04363 0.21066 -13
1.16952 0.11043 64.35791 0 -3.35000 -35.50000 41.97070 0.15537 13
0.69724 0.03553 40.65651 0 -1.05000 -20.60000 33.35695 0.12281 -13
-0.59613 -0.16689 45.05771 0 5.05000 19.57500 38.84053 0.11845 -13
-0.07624 0.01819 90.33800 0 -0.55000 1.57500 90.07670 0.10102 -13
0.07490 -0.19384 91.68568 0 5.85000 -2.57500 91.43880 0.10285 13
-1.00676 -0.22356 30.14818 0 6.75000 30.30000 21.50283 0.14469 -13
1.29878 0.04501 31.63688 0 -1.37500 -39.97500 19.31264 0.16515 13
-0.45655 -0.13662 71.46378 0 4.12500 14.40000 65.11192 0.11156 -13
0.76641 -0.10402 44.26881 0 3.15000 -27.07500 35.20649 0.12731 -13
0.19433 -0.13976 71.92436 0 4.20000 -6.17500 70.62820 0.10354 13
-2.16121 -0.05519 41.17310 0 1.65000 64.87500 17.31173 0.23987 13
-1.32459 -0.15833 73.26957 0 4.77500 39.30000 44.49461 0.16789 13
-0.25666 -0.23821 51.24382 0 7.20000 8.35000 49.71780 0.10670 -13
-0.55324 0.08641 2.38163 0 -2.37500 16.72500 2.08573 0.11546 -13
0.95694 0.07112 98.60956 0 -2.15000 -28.32500 71.33044 0.13956 -13
-1.07566 -0.16050 66.43170 0 4.85000 29.75000 45.54013 0.14879 -13
1.24443 0.03197 2.72136 0 -0.67500 -37.80000 1.70524 0.16087 -13
-1.82376 -0.11518 93.29525 0 3.47500 52.20000 45.08235 0.20977 13
-2.01341 -0.00541 19.72346 0 0.22500 60.70000 8.77352 0.22640 -13
-1.31535 0.12971 87.43913 0 -3.90000 37.02500 53.19849 0.16690 -13
-1.35112 -0.26998 87.43913 0 8.15000 38.10000 53.19849 0.17146 -13
-1.36637 -0.04768 30.52846 0 1.40000 40.25000 18.04311 0.17058 13
0.51642 -0.06102 53.31899 0 1.85000 -18.22500 47.39312 0.11351 -13
1.58925 0.09741 94.16253 0 -2.95000 -48.05000 50.31812 0.18935 13
-0.27442 -0.14095 5.25121 0 4.15000 9.42500 5.06753 0.10536 13
1.62795 0.05168 23.08763 0 -1.52500 -44.75000 12.09609 0.19246 -13
-0.79893 -0.14509 97.83403 0 4.37500 23.92500 76.74355 0.12973 -13
1.04115 0.01969 82.09464 0 -0.57500 -31.80000 56.87371 0.14539 -13
-1.42090 -0.09835 90.16031 0 2.95000 44.35000 52.05754 0.17525 13
1.17837 0.08485 44.08187 0 -2.55000 -35.57500 28.58174 0.15587 -13
-0.20061 0.00043 96.84350 0 -0.00000 3.47500 94.95172 0.10271 -13
1.24198 -0.06718 14.21102 0 2.07500 -36.92500 8.92470 0.16074 -13
-0.85278 0.01942 56.46325 0 -0.57500 23.87500 42.96595 0.13236 -13
-0.96050 -0.10315 84.19889 0 3.10000 27.50000 60.87848 0.14001 13
-1.22967 0.10089 37.35742 0 -3.02500 38.12500 23.64098 0.15993 -13
-0.72475 -0.07095 85.40147 0 2.15000 20.80000 69.20981 0.12457 -13
-1.31442 -0.19361 62.61723 0 5.82500 39.87500 38.35482 0.16745 13
0.94082 0.01034 68.60978 0 -0.32500 -28.82500 49.97150 0.13827 13
-0.28491 0.02577 84.36647 0 -0.77500 9.65000 81.13966 0.10474 13
-1.62987 -0.10351 68.26594 0 3.10000 49.10000 35.83833 0.19284 13
1.31724 -0.16215 63.92963 0 4.90000 -38.97500 38.97400 0.16734 -13
-0.36775 -0.15082 65.26386 0 4.55000 12.50000 61.33442 0.10837 13
0.49806 -0.07185 71.42871 0 2.15000 -15.82500 63.96984 0.11273 13
-0.05564 0.13072 51.66676 0 -3.95000 1.32500 51.58830 0.10172 13
-0.05713 -0.26894 51.66676 0 8.10000 1.37500 51.58830 0.10443 13
-0.50462 -0.04302 98.65403 0 1.30000 14.05000 88.09222 0.11288 13
-0.45514 -0.06103 92.60911 0 1.82500 12.47500 84.31620 0.11082 13
-0.13251 -0.09293 51.24397 0 2.82500 3.50000 50.80363 0.10202 -13
-0.48418 -0.09583 57.79441 0 2.87500 15.85000 52.06306 0.11230 13
0.91237 -0.06757 88.94183 0 2.05000 -28.55000 65.77144 0.13649 -13
-0.20054 -0.18890 96.41108 0 5.70000 7.15000 94.59197 0.10445 13
0.58078 -0.21031 93.74869 0 6.35000 -18.57500 81.50486 0.11837 -13
0.61085 0.06147 99.51984 0 -1.85000 -18.92500 84.97207 0.11817 13
-1.00797 -0.06350 34.60077 0 1.92500 29.92500 24.39428 0.14314 -13
0.89161 -0.19766 26.68141 0 6.00000 -26.15000 20.08235 0.13641 -13
1.13977 -0.24723 43.58737 0 7.45000 -33.47500 29.22635 0.15469 13
0.54993 0.09768 37.10205 0 -2.95000 -18.55000 32.54660 0.11535 13
-0.03706 -0.07657 94.08452 0 2.32500 0.42500 94.02036 0.10107 -13
0.46786 -0.08057 32.07277 0 2.45000 -14.92500 29.06768 0.11148 -13
-0.00368 -0.12969 71.56879 0 3.90000 -1.20000 71.56832 0.10154 13
1.06373 0.13528 74.53227 0 -4.07500 -32.37500 51.29588 0.14765 -13
1.09024 -0.26412 74.53227 0 7.97500 -33.17500 51.29588 0.15135 -13
1.71867 -0.10769 70.57393 0 3.22500 -50.75000 35.64531 0.20053 13
0.56974 0.07063 45.45587 0 -2.15000 -17.47500 39.51961 0.11612 13
-0.61375 -0.08439 28.91698 0 2.57500 19.22500 24.66913 0.11847 -13
-0.26735 -0.24337 27.49528 0 7.35000 8.62500 26.61192 0.10710 -13
-0.86825 0.14338 27.11029 0 -4.30000 28.82500 20.55997 0.13413 -13
-0.88708 -0.25566 27.11029 0 7.72500 29.40000 20.55997 0.13708 -13
0.06123 0.05989 82.04996 0 -1.80000 -1.32500 81.89713 0.10107 -13
1.53999 -0.08656 56.07879 0 2.62500 -44.67500 30.62116 0.18512 -13
0.51481 0.05009 35.13592 0 -1.52500 -17.10000 31.24772 0.11338 13
0.46801 -0.16541 18.69742 0 4.95000 -15.27500 16.97532 0.11241 13
-0.07387 -0.10513 86.67040 0 3.17500 4.97500 86.43746 0.10153 13
0.19414 -0.04855 22.00541 0 1.45000 -4.67500 21.60305 0.10270 13
-1.69816 -0.01854 71.87144 0 0.57500 51.42500 36.47430 0.19847 -13
-0.82763 0.02917 96.87345 0 -0.87500 25.75000 74.64200 0.13075 13
-0.38297 -0.11927 82.29801 0 3.60000 13.37500 76.92366 0.10850 13
