0.67416 -0.10802 53.35662 0 3.25000 -22.90000 44.32161 0.12193 13
-0.51265 0.00757 39.84527 0 -0.22500 15.85000 35.45764 0.11317 -13
1.11538 -0.20512 78.52838 0 6.20000 -34.92500 53.01766 0.15228 -13
0.50779 -0.03025 16.18205 0 0.95000 -12.92500 14.42976 0.11299 -13
1.35199 -0.10849 96.34429 0 3.27500 -38.95000 57.50898 0.16969 13
-0.41534 0.06236 51.47669 0 -1.87500 9.72500 47.55289 0.10922 -13
0.74983 0.10719 87.90542 0 -3.25000 -25.95000 70.47373 0.12634 13
0.08025 -0.01057 29.47532 0 0.32500 -2.20000 29.38086 0.10104 -13
-0.90791 -0.18597 1.23974 0 5.02500 26.32500 0.92561 0.13724 13
-0.86554 -0.16377 61.33265 0 4.95000 26.72500 46.63593 0.13421 -13
0.28451 0.02056 30.96005 0 -0.60000 -8.45000 29.77869 0.10472 -13
-1.39003 -0.11433 53.60687 0 3.42500 42.82500 31.43955 0.17282 13
-1.27459 -0.02229 33.34924 0 0.65000 37.72500 20.58852 0.16316 13
-1.11969 0.14918 98.73107 0 -4.50000 35.02500 66.16894 0.15192 -13
-1.14140 -0.24960 98.73107 0 7.52500 35.70000 66.16894 0.15488 -13
-0.92310 0.08863 64.70348 0 -2.67500 26.92500 47.62931 0.13733 -13
-1.45447 0.05288 98.53291 0 -1.57500 45.40000 55.87691 0.17783 -13
-0.02577 0.12896 60.47122 0 -3.90000 -0.35000 60.45146 0.10157 13
-0.02648 -0.27080 60.47122 0 8.15000 -0.32500 60.45146 0.10436 13
0.59315 0.14732 65.17045 0 -4.45000 -17.25000 56.20722 0.11803 13
0.60510 -0.25155 65.17045 0 7.57500 -17.60000 56.20722 0.12040 13
-0.89127 0.03953 46.13613 0 -1.17500 27.42500 34.45378 0.13496 -13
0.26275 -0.14702 86.90226 0 4.45000 -6.30000 84.10697 0.10517 -13
0.33451 -0.10124 29.72533 0 3.07500 -10.37500 28.20456 0.10668 -13
-0.17331 0.12651 72.60843 0 -3.80000 4.07500 71.55837 0.10299 -13
-0.17826 -0.27337 72.60843 0 8.25000 4.22500 71.55837 0.10594 -13
-0.49644 -0.24564 51.27571 0 7.42500 13.30000 46.18829 0.11513 -13
0.36707 -0.10243 79.70525 0 3.07500 -8.80000 74.87007 0.10776 13
0.39005 -0.11319 41.66927 0 3.42500 -11.30000 38.85327 0.10870 -13
1.59263 -0.00103 18.23354 0 0.07500 -47.77500 9.69583 0.18938 -13
-2.01815 0.12847 60.36283 0 -3.85000 60.52500 26.97713 0.22716 -13
-2.07407 -0.27127 60.36283 0 8.20000 62.22500 26.97713 0.23351 -13
0.52103 -0.16377 89.60589 0 4.95000 -17.20000 79.68866 0.11475 -13
0.14305 -0.02619 80.42014 0 0.80000 -2.50000 79.61022 0.10176 -13
0.87122 -0.17363 32.97124 0 5.25000 -23.50000 25.01824 0.13472 -13
1.88516 -0.24268 33.63700 0 7.35000 -57.17500 16.11737 0.21631 -13
0.97234 -0.09246 42.97120 0 2.80000 -27.12500 30.87181 0.14077 -13
1.73386 -0.02310 66.33498 0 0.67500 -55.27500 33.14819 0.20157 13
-1.25575 -0.10280 20.52909 0 3.15000 37.30000 12.82987 0.16201 -13
1.22724 0.10033 43.64169 0 -3.00000 -36.72500 27.65075 0.15973 -13
-0.51900 -0.18017 46.45619 0 5.42500 17.30000 41.37150 0.11489 13
-0.72489 0.06679 37.19812 0 -2.02500 20.15000 30.14045 0.12457 13
-1.32802 -0.06630 77.67743 0 2.00000 40.15000 46.79136 0.16754 13
0.87929 0.02821 11.40936 0 -0.90000 -28.45000 8.56978 0.13414 13
-1.13736 0.06750 61.22365 0 -2.05000 34.37500 40.47882 0.15266 13
-1.53734 0.07945 81.85767 0 -2.40000 48.22500 44.73236 0.18487 13
1.29395 -0.13072 37.98033 0 3.97500 -40.97500 23.34853 0.16522 -13
1.02479 -0.21622 68.24200 0 6.52500 -29.60000 48.21457 0.14584 -13
-1.73506 -0.09882 50.71673 0 3.00000 54.12500 25.41778 0.20193 -13
1.31888 -5.27415 50.71673 0 3.37500 54.12500 25.41778 0.20283 -13
-2.42836 3.25222 50.71673 0 3.62500 54.00000 25.41778 0.20392 -13
-0.92558 -0.16389 81.35614 0 4.95000 28.35000 60.06970 0.13822 -13
0.55228 0.02327 8.64355 0 -0.62500 -17.82500 7.56689 0.11506 -13
0.98137 0.06713 61.80722 0 -2.02500 -28.95000 44.16183 0.14125 -13
0.50011 -0.16386 8.29110 0 4.87500 -15.85000 7.43514 0.11377 13
-0.53951 -0.17322 10.64810 0 5.17500 14.90000 9.40217 0.11571 13
-0.29350 -0.01224 87.34893 0 0.37500 8.07500 83.81422 0.10496 -13
-0.88945 -0.02432 21.18748 0 0.70000 26.85000 15.83341 0.13479 13
0.15915 0.02202 55.24912 0 -0.65000 -6.40000 54.56269 0.10199 -13
0.86030 -0.09268 23.71284 0 2.77500 -27.62500 18.00808 0.13316 13
1.08850 -0.06124 69.70179 0 1.85000 -29.72500 47.20348 0.14898 -13
0.47472 -0.08236 17.76351 0 2.45000 -15.30000 16.05718 0.11177 13
-0.41366 0.09936 70.16501 0 -3.00000 11.77500 64.88324 0.10944 -13
0.18879 -0.12816 49.38808 0 3.85000 -6.67500 48.54433 0.10329 13
-1.18181 -0.15698 76.52447 0 4.72500 34.80000 49.78020 0.15669 13
0.04931 0.12516 5.30618 0 -3.67500 0.50000 5.29984 0.10159 -13
0.05081 -0.27463 5.30618 0 8.37500 0.47500 5.29984 0.10466 -13
-0.92200 -0.18153 3.73461 0 5.30000 28.05000 2.76649 0.13808 13
-0.17523 0.00247 40.39805 0 -0.05000 4.70000 39.79182 0.10224 -13
0.23168 0.14605 89.49486 0 -4.40000 -5.50000 87.23206 0.10442 13
0.23647 -0.25286 89.49486 0 7.62500 -5.65000 87.23206 0.10656 13
0.07858 -0.19871 39.91082 0 5.97500 -3.60000 39.79285 0.10297 13
-1.83854 -0.09064 77.70844 0 2.72500 55.20000 37.24745 0.21095 13
0.45550 0.05367 1.12929 0 -1.15000 -14.40000 1.02793 0.11120 -13
0.32969 -0.22614 33.09896 0 6.82500 -9.45000 31.50958 0.10847 -13
1.64954 -0.24318 56.75536 0 7.32500 -50.62500 30.04151 0.19576 13
0.40409 -0.14015 46.59308 0 4.22500 -12.27500 43.25779 0.10952 13
-0.63024 0.01947 69.39436 0 -0.60000 20.92500 58.71066 0.11906 13
-1.20828 -0.22235 24.81441 0 6.67500 34.72500 16.04737 0.15949 13
-0.24943 -0.03256 14.82482 0 0.95000 10.05000 14.38444 0.10384 13
-1.32359 -0.18928 15.76796 0 5.75000 39.27500 9.61192 0.16818 -13
0.33006 -0.13752 52.94703 0 4.15000 -11.32500 50.32502 0.10694 13
-0.09667 0.04929 79.59611 0 -1.47500 3.45000 79.22767 0.10130 -13
-0.23216 0.13466 98.60740 0 -4.05000 7.25000 96.09647 0.10426 -13
-0.23801 -0.26479 98.60740 0 8.00000 7.42500 96.09647 0.10690 -13
-0.10341 -0.20431 20.23194 0 6.20000 4.97500 20.12888 0.10333 -13
-0.01776 0.04163 31.39240 0 -1.27500 -1.20000 31.38747 0.10081 13
-0.32244 -0.05091 88.50840 0 1.52500 8.37500 84.24793 0.10593 13
-0.37930 -0.23893 47.34784 0 7.20000 9.07500 44.42158 0.11035 13
-0.46158 -0.00272 47.54518 0 0.10000 12.00000 43.16846 0.11091 -13
1.51827 -0.13198 72.99433 0 3.97500 -44.17500 40.39290 0.18355 13
-0.30831 0.12471 17.64334 0 -3.80000 8.50000 16.87147 0.10614 13
-0.31727 -0.27535 17.64334 0 8.27500 8.77500 16.87147 0.10920 13
0.44472 -0.08318 70.36717 0 2.50000 -13.65000 64.33251 0.11052 13
-0.04582 -0.07350 52.11706 0 2.22500 -1.50000 52.06271 0.10108 -13
0.41977 -0.21729 95.50239 0 6.55000 -12.90000 88.35748 0.11139 -13
-0.01269 -0.18335 59.82618 0 5.52500 -1.52500 59.82152 0.10238 13
0.31699 0.02398 72.96625 0 -0.72500 -9.90000 69.55712 0.10567 -13
-1.35404 -0.02485 79.82393 0 0.75000 41.07500 47.43078 0.16953 -13
-0.16835 0.07152 72.80326 0 -2.15000 2.90000 71.79794 0.10238 -13
-0.20853 -0.20947 24.54755 0 6.30000 6.15000 24.05162 0.10500 13
-0.75568 0.01548 69.99870 0 -0.45000 22.80000 55.84919 0.12623 -13
-0.88980 -0.05471 40.61078 0 1.67500 27.27500 30.35908 0.13491 -13
-0.59478 -0.13863 35.01776 0 4.20000 20.52500 30.17118 0.11800 -13
0.41748 0.00769 63.67192 0 -0.25000 -14.32500 58.75738 0.10913 13
-1.60764 0.10697 53.21807 0 -3.25000 48.82500 28.22432 0.19097 13
0.06791 -0.18305 92.60652 0 5.52500 -2.42500 92.40052 0.10261 13
0.66662 -0.24779 84.60173 0 7.47500 -17.37500 71.02908 0.12357 13
0.52283 -0.15964 6.34841 0 4.72500 -15.65000 5.64083 0.11473 13
0.68201 0.05506 32.21734 0 -1.67500 -22.02500 26.62899 0.12203 13
0.45223 -0.18981 26.32945 0 5.70000 -15.95000 24.06148 0.11215 13
-0.55354 0.03910 43.97413 0 -1.17500 16.90000 38.48068 0.11516 -13
-0.48175 -0.19524 60.22984 0 5.87500 14.47500 54.45045 0.11349 13
0.61982 -0.00550 43.00699 0 0.15000 -17.85000 36.55529 0.11848 13
0.73956 0.01755 76.58870 0 -0.52500 -22.92500 61.58155 0.12526 -13
-0.81109 -0.13262 57.97477 0 4.00000 24.47500 45.18146 0.13036 -13
0.79301 0.04741 31.22465 0 -1.45000 -24.10000 24.47603 0.12862 13
0.12944 -0.00806 1.94320 0 0.50000 -7.37500 1.92713 0.10171 -13
-0.76669 -0.17758 11.22748 0 5.30000 21.72500 8.96118 0.12811 13
-1.01287 -0.22617 70.72026 0 6.82500 29.02500 50.30968 0.14515 -13
-0.68595 -0.20751 58.45386 0 6.27500 22.07500 48.52459 0.12390 -13
-1.73739 -0.24057 69.37973 0 7.27500 48.32500 35.34479 0.20333 -13
-0.96070 0.11319 78.47924 0 -3.42500 29.97500 56.76694 0.14011 13
-0.37717 -0.24273 63.06956 0 7.32500 9.17500 59.21728 0.11037 -13
-0.40119 -0.22617 62.17403 0 6.82500 11.27500 57.89884 0.11088 -13
-0.06775 0.13716 47.23188 0 -4.12500 -2.47500 47.12581 0.10187 -13
-0.06936 -0.26215 47.23188 0 7.92500 -2.42500 47.12581 0.10435 -13
0.09178 -0.02576 63.95481 0 0.77500 -4.42500 63.68729 0.10116 -13
-0.66907 0.07269 16.22059 0 -2.22500 17.70000 13.49354 0.12139 13
0.24466 -0.18115 45.50023 0 5.45000 -4.97500 44.23631 0.10526 13
-0.19140 -0.23727 51.66030 0 7.17500 7.27500 50.78707 0.10529 -13
1.58497 -0.12461 13.91565 0 3.82500 -48.17500 7.46563 0.18921 -13
1.18180 -0.05285 92.07345 0 1.57500 -34.10000 59.52321 0.15599 13
-1.01309 -0.21122 64.74616 0 6.37500 33.97500 45.98349 0.14493 -13
0.40624 -0.08029 5.25126 0 2.52500 -12.12500 4.86749 0.10904 -13
-0.28728 0.09808 8.84908 0 -3.02500 7.95000 8.50917 0.10526 13
-0.44923 -0.17565 46.97912 0 5.30000 13.25000 42.96162 0.11182 -13
-1.25111 0.02428 28.41819 0 -0.75000 36.45000 17.74647 0.16132 13
0.27655 0.10584 6.74443 0 -3.27500 -7.50000 6.50314 0.10506 13
0.17969 0.00241 85.57845 0 -0.07500 -9.25000 84.22949 0.10232 -13
0.23072 -0.11176 1.88094 0 3.10000 -5.37500 1.83342 0.10403 13
1.81917 0.05262 99.93805 0 -1.57500 -53.10000 48.19283 0.20912 -13
0.51387 0.09328 8.58657 0 -2.75000 -16.37500 7.64424 0.11359 -13
-1.57627 -0.24270 50.08515 0 7.30000 46.15000 27.38030 0.18953 13
-1.66532 0.11279 33.83206 0 -3.42500 53.97500 17.49834 0.19596 13
-0.63960 -0.15567 98.53008 0 4.70000 16.42500 83.29000 0.12056 13
0.16261 -0.19249 26.38703 0 5.80000 -6.07500 26.05708 0.10384 13
-1.05933 -0.09841 42.94728 0 2.95000 33.95000 29.55630 0.14703 13
0.45348 0.13569 24.00164 0 -4.12500 -13.87500 21.89287 0.11143 13
0.46471 -0.26377 24.00164 0 7.92500 -14.20000 21.89287 0.11416 13
1.16727 0.14804 15.50582 0 -4.42500 -36.42500 10.15112 0.15547 -13
1.19044 -0.25072 15.50582 0 7.62500 -37.15000 10.15112 0.15865 -13
1.43362 0.09681 29.01723 0 -2.95000 -43.52500 16.65269 0.17632 13
-1.59703 -0.15604 62.45482 0 4.72500 48.95000 33.43174 0.19041 -13
0.15401 0.04252 40.91506 0 -1.30000 -3.52500 40.43920 0.10198 13
1.10520 -0.20757 81.98916 0 6.25000 -35.32500 55.64504 0.15154 13
0.08892 -0.07109 95.24735 0 2.15000 -4.92500 94.87489 0.10135 13
0.15691 0.10912 1.96980 0 -3.02500 -6.25000 1.94618 0.10259 -13
0.88572 0.07722 94.75956 0 -2.32500 -26.97500 71.02848 0.13475 -13
0.06595 -0.01733 23.04370 0 0.55000 -1.07500 22.99376 0.10094 -13
-0.96823 0.06224 76.65340 0 -1.87500 27.67500 55.12153 0.14031 -13
-1.77442 0.05524 52.18425 0 -1.67500 52.00000 25.65044 0.20519 13
0.60272 -0.19238 35.66821 0 5.77500 -17.27500 30.69503 0.11916 13
1.11385 -0.22658 39.51975 0 6.82500 -35.62500 26.76611 0.15244 13
0.37148 -0.20445 60.09105 0 6.15000 -10.77500 56.46720 0.10937 13
-0.74748 -0.13896 34.08275 0 4.20000 23.30000 27.39227 0.12652 -13
0.50842 -0.24251 29.71272 0 7.30000 -17.22500 26.63846 0.11556 13
-0.18591 0.09818 56.48900 0 -2.97500 3.15000 55.54622 0.10291 13
-0.47858 -0.00596 96.56998 0 0.17500 13.87500 87.10852 0.11164 -13
-0.33007 -0.18047 24.75233 0 5.47500 8.57500 23.54154 0.10761 -13
-1.73446 -0.13931 83.42150 0 4.22500 52.42500 41.96845 0.20211 -13
0.33898 0.05726 44.16772 0 -1.72500 -8.87500 41.83687 0.10649 -13
1.49265 -0.07180 54.38535 0 2.15000 -44.05000 30.32479 0.18106 13
-0.86714 0.13121 67.35914 0 -3.97500 24.45000 51.07636 0.13395 13
-0.89016 -0.26843 67.35914 0 8.07500 25.15000 51.07636 0.13750 13
0.01557 0.04044 17.66022 0 -1.20000 0.07500 17.65809 0.10079 -13
-1.29457 -0.19612 41.66790 0 5.92500 38.92500 25.77292 0.16594 -13
0.26623 -0.16437 23.65912 0 4.97500 -9.50000 22.88260 0.10553 -13
-1.10216 0.01028 64.20224 0 -0.32500 35.15000 43.14187 0.14987 13
0.21660 -0.18290 73.99922 0 5.50000 -6.92500 72.37461 0.10467 13
-0.24413 -0.04679 98.68569 0 1.40000 8.52500 95.87586 0.10377 13
0.38686 0.13560 74.16305 0 -4.07500 -11.90000 69.24926 0.10883 -13
0.39646 -0.26377 74.16305 0 7.97500 -12.20000 69.24926 0.11154 -13
-0.18153 -0.19886 30.88218 0 5.97500 5.52500 30.40409 0.10428 13
-0.32539 0.06546 27.94347 0 -2.00000 12.20000 26.57762 0.10611 13
0.87980 -0.03395 27.90690 0 1.00000 -23.80000 20.95744 0.13417 13
1.40841 -0.01789 76.29931 0 0.55000 -42.07500 44.17676 0.17396 -13
-0.36574 -0.04294 31.27482 0 1.27500 9.50000 29.37526 0.10731 13
-1.94130 -0.12618 28.89644 0 3.85000 55.70000 13.31459 0.22032 -13
0.93554 -0.01706 46.81617 0 0.52500 -27.70000 34.18998 0.13791 -13
-0.92671 0.14568 73.01301 0 -4.40000 29.20000 53.81188 0.13808 13
-0.94599 -0.25326 73.01301 0 7.62500 29.77500 53.81188 0.14094 13
-0.89494 -0.02540 56.39534 0 0.77500 25.77500 42.02986 0.13517 -13
-0.55971 -0.18728 35.67770 0 5.62500 15.42500 31.25931 0.11692 13
1.68470 0.02689 86.04354 0 -0.80000 -50.80000 43.93071 0.19731 -13
0.50566 -0.00891 46.49180 0 0.27500 -14.97500 41.48950 0.11285 -13
0.32652 -0.04919 71.84730 0 1.47500 -8.67500 68.30664 0.10605 13
0.46314 -0.10055 16.37357 0 3.00000 -12.10000 14.87085 0.11143 13
1.13753 0.12995 64.45401 0 -3.90000 -37.62500 42.75579 0.15308 -13
1.16837 -0.26973 64.45401 0 8.15000 -38.57500 42.75579 0.15726 -13
0.42569 -0.11737 50.85206 0 3.52500 -13.67500 46.83783 0.11008 13
1.39125 0.07082 26.30726 0 -2.17500 -40.85000 15.38017 0.17269 13
1.18942 0.04228 53.92245 0 -1.30000 -35.62500 34.71882 0.15654 13
-0.69664 -0.23979 27.46615 0 7.25000 22.10000 22.73991 0.12510 -13
1.35763 -0.02776 88.03164 0 0.85000 -41.92500 52.22104 0.16983 -13
0.47469 -0.16003 74.63125 0 4.82500 -15.72500 67.57627 0.11264 -13
-0.88497 -0.13494 61.16917 0 4.07500 27.27500 45.98806 0.13517 -13
-0.21655 -0.15561 56.98912 0 4.67500 7.35000 55.72761 0.10422 13
0.26639 -0.00787 39.58192 0 0.22500 -8.92500 38.24801 0.10422 13
0.06003 0.12588 43.16983 0 -3.77500 -4.35000 43.09342 0.10167 -13
0.06174 -0.27402 43.16983 0 8.27500 -4.40000 43.09342 0.10461 -13
1.13376 0.04622 88.33664 0 -1.37500 -34.92500 58.46800 0.15230 -13
1.21689 0.09661 70.80130 0 -2.92500 -37.12500 45.07650 0.15892 13
1.87930 -0.21775 80.77048 0 6.55000 -56.50000 38.62986 0.21547 13
0.93489 -0.09374 80.82395 0 2.82500 -30.10000 59.16106 0.13818 -13
0.60636 0.08422 60.11739 0 -2.52500 -17.62500 51.45438 0.11807 -13
0.08028 -0.10270 29.20825 0 3.12500 -1.97500 29.11551 0.10156 -13
-0.54794 -0.12022 84.49443 0 3.62500 16.85000 74.22226 0.11547 -13
1.21849 0.12037 83.90367 0 -3.65000 -37.82500 53.45699 0.15921 13
1.25626 -0.27990 83.90367 0 8.42500 -38.95000 53.45699 0.16412 13
-0.59948 0.13501 66.20250 0 -4.07500 14.27500 56.91604 0.11820 13
-0.61452 -0.26443 66.20250 0 7.97500 14.75000 56.91604 0.12115 13
-0.61579 -0.18286 72.07091 0 5.52500 19.95000 61.64327 0.11970 -13
0.08459 -0.11726 35.56083 0 3.52500 -1.45000 35.43600 0.10174 13
-1.20425 -0.17324 37.85002 0 5.25000 35.27500 24.39207 0.15861 -13
-0.16733 0.09846 6.95548 0 -3.05000 7.12500 6.86095 0.10262 13
2.09548 -0.24110 78.76730 0 7.27500 -65.00000 34.70990 0.23480 -13
1.16352 0.04937 3.58449 0 -1.30000 -35.57500 2.33774 0.15462 -13
0.72955 0.08588 96.31349 0 -2.60000 -20.67500 77.90698 0.12495 13
-0.75055 -0.05763 23.51444 0 1.72500 23.87500 18.81767 0.12604 13
0.40827 -0.18787 37.03666 0 5.65000 -11.90000 34.37286 0.11040 13
-0.47425 0.06075 68.09959 0 -1.85000 17.27500 61.55136 0.11162 13
-0.12925 -0.14763 78.57768 0 4.45000 3.82500 77.94317 0.10263 -13
-0.12846 0.08478 45.50780 0 -2.55000 4.15000 45.13949 0.10189 -13
0.20675 -0.05128 58.43715 0 1.55000 -8.95000 57.22992 0.10296 13
-0.73252 -0.19901 41.97977 0 6.00000 18.60000 34.09339 0.12642 13
-0.15188 -0.07721 30.94728 0 2.32500 3.70000 30.59852 0.10215 13
0.73093 0.04966 39.52149 0 -1.47500 -20.82500 31.92058 0.12483 -13
-1.25417 -0.15929 1.36949 0 5.37500 36.82500 0.86083 0.16323 -13
0.74573 0.06190 69.60836 0 -1.85000 -23.25000 55.83913 0.12577 -13
0.23130 -0.23131 14.48655 0 7.02500 -3.70000 14.13218 0.10598 -13
-0.91207 0.10545 40.69511 0 -3.20000 26.82500 30.14251 0.13672 13
0.49170 -0.02754 69.25088 0 0.82500 -14.10000 62.14950 0.11225 -13
0.27615 -0.23211 45.27055 0 7.02500 -8.77500 43.71656 0.10706 -13
-1.31870 -0.02885 8.02894 0 0.97500 36.97500 4.85255 0.16672 -13
-0.52332 -0.22491 77.87918 0 6.80000 15.45000 69.36133 0.11590 -13
-1.17362 -0.01913 20.94009 0 0.60000 34.05000 13.58207 0.15529 -13
-0.70291 -0.00169 26.27539 0 0.07500 21.12500 21.49647 0.12309 -13
0.68241 -0.22483 12.55284 0 6.82500 -20.12500 10.44908 0.12405 -13
-0.50630 0.12661 26.31561 0 -3.85000 12.37500 23.51585 0.11360 13
-0.52072 -0.27329 26.31561 0 8.22500 12.80000 23.51585 0.11680 13
-0.48218 0.05722 84.25296 0 -1.72500 15.57500 75.91469 0.11195 13
-0.09247 -0.04668 47.98033 0 1.42500 6.67500 47.77690 0.10125 -13
-0.75999 -0.15437 12.45734 0 4.60000 23.47500 9.96064 0.12741 13
0.46336 -0.03970 77.12241 0 1.20000 -9.70000 69.98531 0.11105 13
-0.11374 -0.03669 25.96331 0 1.07500 3.02500 25.79720 0.10142 13
1.13771 -0.06063 38.15167 0 1.85000 -34.07500 25.21318 0.15267 -13
-0.14901 -0.15913 8.29109 0 4.75000 5.55000 8.20276 0.10304 13
-0.48468 -0.01431 6.42462 0 0.35000 14.60000 5.78144 0.11193 13
-1.45446 -0.06262 3.22412 0 1.60000 43.87500 1.82913 0.17785 13
-0.36040 -0.13085 9.43964 0 4.00000 11.25000 8.88915 0.10789 -13
-1.10238 -0.07075 31.72708 0 2.15000 31.37500 21.34585 0.15006 -13
0.26661 -0.01180 92.89403 0 0.35000 -6.47500 89.75924 0.10423 -13
-0.63791 0.11105 22.61282 0 -3.37500 19.70000 19.09772 0.11998 13
-1.42985 -0.13110 46.43042 0 3.92500 43.30000 26.76269 0.17619 13
-0.65024 -0.04222 59.04044 0 1.27500 20.90000 49.50979 0.12020 -13
-2.13913 -0.00155 71.90860 0 0.02500 65.00000 30.45262 0.23746 13
1.28691 -0.11895 70.30127 0 3.57500 -42.42500 43.32550 0.16455 13
-1.65522 -0.19293 97.96310 0 5.82500 52.40000 51.33679 0.19572 -13
-1.51191 -0.17733 20.00052 0 5.40000 47.27500 11.15274 0.18345 -13
0.35305 -0.07059 1.41658 0 1.77500 -10.52500 1.33601 0.10726 13
0.75185 0.03423 17.61065 0 -1.07500 -22.95000 14.07894 0.12605 13
0.58304 -0.20210 79.53725 0 6.10000 -18.02500 69.05613 0.11833 13
1.43481 0.04041 92.20853 0 -1.22500 -40.52500 52.75271 0.17617 13
-0.06116 -0.10340 44.70676 0 3.12500 2.25000 44.62426 0.10143 -13
-0.95134 0.09752 3.47156 0 -2.75000 28.55000 2.52011 0.13937 -13
1.01044 0.11706 1.62070 0 -3.10000 -30.47500 1.14431 0.14369 -13
-0.20146 -0.07428 56.27235 0 2.22500 7.17500 55.17008 0.10300 13
0.99021 -0.14394 9.09494 0 4.27500 -30.42500 6.49563 0.14240 13
-1.04076 -0.12725 77.63883 0 3.82500 30.35000 54.01607 0.14591 13
0.53844 -0.15826 47.96903 0 4.77500 -16.80000 42.35235 0.11548 -13
0.06762 0.06072 66.15402 0 -1.85000 -1.22500 66.00379 0.10112 13
-0.26773 -0.01871 35.30162 0 0.55000 10.25000 34.10097 0.10427 13
-0.52133 0.14815 83.66194 0 -4.47500 14.15000 74.35674 0.11455 13
-0.53166 -0.25068 83.66194 0 7.55000 14.45000 74.35674 0.11681 13
1.25676 -0.20638 39.14583 0 6.25000 -37.30000 24.68476 0.16308 -13
-0.25406 -0.14792 99.18491 0 4.47500 6.62500 96.19336 0.10497 -13
-0.26585 -0.00385 2.88609 0 -0.05000 7.87500 2.78918 0.10427 13
0.38945 0.07650 38.87172 0 -2.30000 -11.07500 36.23548 0.10834 -13
-2.04260 0.04405 84.49124 0 -1.35000 62.25000 37.18102 0.22906 13
-2.07962 -0.02125 19.39339 0 0.57500 64.12500 8.40602 0.23237 13
1.41310 0.08973 40.56706 0 -2.67500 -43.87500 23.49619 0.17455 -13
0.04471 -0.24340 38.81422 0 7.32500 -2.12500 38.77764 0.10373 13
1.11020 -0.17177 5.24970 0 5.05000 -32.32500 3.54128 0.15138 13
0.62485 -0.13081 70.74867 0 3.95000 -18.75000 60.14117 0.11948 -13
1.02869 0.02524 89.48112 0 -0.75000 -31.47500 62.38200 0.14450 -13
-1.82362 0.12252 52.92305 0 -3.72500 53.45000 25.59198 0.20983 13
-1.87865 -0.27766 52.92305 0 8.35000 55.10000 25.59198 0.21609 13
-1.91337 -0.18903 14.77442 0 5.77500 56.00000 6.93732 0.21837 -13
-1.26853 -0.06272 27.86247 0 1.87500 37.90000 17.27045 0.16278 13
0.06752 0.06613 54.87407 0 -1.97500 -3.15000 54.74995 0.10115 -13
-0.56714 -0.22502 47.20069 0 6.77500 16.42500 41.30024 0.11796 13
1.91813 -0.17355 18.38175 0 5.17500 -58.57500 8.59716 0.21847 13
0.05145 -0.22036 46.59307 0 6.62500 -2.75000 46.53436 0.10324 13
-0.89144 -0.10422 80.61165 0 3.12500 26.92500 60.31702 0.13531 13
-0.33449 0.14773 74.19954 0 -4.45000 12.70000 70.44299 0.10722 -13
-0.34116 -0.25111 74.19954 0 7.57500 12.92500 70.44299 0.10938 -13
1.02493 -0.01019 93.21621 0 0.30000 -32.65000 65.09894 0.14421 13
-0.80248 -0.22960 98.33659 0 6.92500 22.62500 77.45886 0.13117 -13
-0.97601 0.08649 16.53115 0 -2.57500 29.50000 11.85148 0.14098 -13
-1.15349 -0.01115 5.54311 0 0.20000 31.97500 3.63117 0.15376 13
-0.58151 0.00094 5.13930 0 0.07500 15.77500 4.44281 0.11651 -13
0.08106 -0.17530 21.72155 0 5.27500 -1.62500 21.65263 0.10255 13
1.88779 -0.13900 55.60690 0 4.17500 -56.57500 26.22500 0.21555 13
0.40709 -0.22869 92.86010 0 6.90000 -14.15000 86.31222 0.11114 13
0.98653 0.13468 45.73668 0 -4.07500 -30.60000 32.70373 0.14211 13
1.01136 -0.26479 45.73668 0 7.97500 -31.32500 32.70373 0.14566 13
-0.90319 -0.12920 52.20264 0 3.90000 28.67500 38.88398 0.13633 -13
-1.68285 -0.23804 35.66241 0 7.15000 49.95000 18.59025 0.19854 13
-0.17953 0.11489 94.11269 0 -3.45000 1.80000 92.65066 0.10296 -13
1.13494 0.14208 86.73254 0 -4.30000 -33.00000 57.66014 0.15301 13
1.16017 -0.25704 86.73254 0 7.75000 -33.75000 57.66014 0.15639 13
0.93073 -0.15308 43.05084 0 4.60000 -24.85000 31.68255 0.13842 13
-1.06088 0.00133 77.25971 0 -0.05000 29.15000 52.99420 0.14681 13
-0.42641 0.00622 22.76168 0 -0.20000 11.85000 20.93766 0.10948 13
0.05134 -0.17980 81.41750 0 5.42500 -3.80000 81.31377 0.10246 -13
0.85155 0.08699 63.37386 0 -2.62500 -24.95000 48.32662 0.13255 -13
0.01120 0.14212 77.46903 0 -4.27500 -1.42500 77.46427 0.10172 -13
0.01145 -0.25696 77.46903 0 7.75000 -1.45000 77.46427 0.10399 -13
1.57131 -0.09734 76.25146 0 2.95000 -47.17500 41.07676 0.18783 -13
-0.82307 0.02789 45.17816 0 -0.85000 23.07500 34.88780 0.13046 13
0.75133 -0.14809 79.77743 0 4.45000 -19.50000 64.02947 0.12684 13
-0.11598 -0.21557 59.98740 0 6.50000 2.37500 59.60558 0.10367 13
0.65125 -0.06450 77.01002 0 1.95000 -19.65000 64.57142 0.12035 -13
-1.96646 -0.15756 36.37347 0 4.72500 55.75000 16.64851 0.22270 13
-0.41223 -0.07309 57.56552 0 2.22500 10.97500 53.24140 0.10917 -13
-0.65063 -0.06094 64.28121 0 1.85000 18.37500 53.91018 0.12030 -13
0.21030 0.02190 8.43048 0 -0.72500 -7.95000 8.25012 0.10294 13
-1.46312 -0.12362 52.42220 0 3.70000 46.55000 29.73278 0.17878 13
2.49620 -0.41569 52.42220 0 3.70000 46.57500 29.73278 0.17890 13
0.45978 0.08026 23.27503 0 -2.40000 -15.17500 21.15850 0.11113 -13
-0.89770 0.11128 81.27767 0 -3.35000 25.85000 60.64773 0.13579 -13
1.36780 0.02622 51.47788 0 -0.77500 -39.92500 30.38858 0.17065 -13
-0.32789 -0.09487 33.61244 0 2.87500 11.72500 31.95320 0.10641 -13
-0.70308 -0.13947 22.55652 0 4.17500 22.87500 18.51051 0.12389 13
1.99576 0.12286 95.30770 0 -3.72500 -63.80000 42.95169 0.22514 13
0.08223 -0.09693 62.30628 0 2.92500 -4.42500 62.09865 0.10152 -13
-0.71652 -0.03456 86.05119 0 1.02500 18.57500 69.96286 0.12394 13
-0.79904 -0.21366 3.86390 0 6.27500 23.40000 3.04478 0.13058 13
-0.16121 -0.16672 1.82370 0 4.75000 5.47500 1.80108 0.10340 13
-1.27760 -0.20838 2.45272 0 5.95000 39.52500 1.53135 0.16456 13
-0.45172 0.09177 21.72594 0 -2.75000 13.57500 19.81365 0.11088 -13
-0.77837 -0.10367 16.81728 0 3.10000 22.20000 13.29779 0.12802 13
0.00669 0.11562 48.01067 0 -3.47500 -1.27500 48.00960 0.10138 -13
1.23022 -0.05418 56.25746 0 1.62500 -38.02500 35.51622 0.15974 13
-1.81241 0.09680 62.29732 0 -2.90000 54.70000 30.20328 0.20868 -13
0.71685 -0.07956 68.83855 0 2.40000 -23.10000 56.00777 0.12417 13
0.51425 0.09396 6.56541 0 -2.92500 -14.70000 5.84376 0.11368 13
-0.90867 -0.20743 80.34169 0 6.27500 27.02500 60.02344 0.13767 -13
0.23964 -0.12409 75.37494 0 3.72500 -4.92500 73.32975 0.10430 13
-0.86114 -0.05228 35.32659 0 1.55000 25.57500 26.78449 0.13301 13
0.64667 -0.14214 39.49447 0 4.30000 -19.27500 33.26120 0.12078 -13
1.41717 -0.02468 66.68417 0 0.72500 -41.25000 38.45433 0.17469 13
1.40110 0.03855 91.82195 0 -1.15000 -43.52500 53.36899 0.17338 -13
1.12314 -0.09494 61.62936 0 2.87500 -34.05000 41.08525 0.15175 -13
0.21184 2.49871 61.62936 0 2.97500 -34.05000 41.08525 0.15556 -13
-0.42568 0.06207 55.44848 0 -1.87500 13.22500 51.03332 0.10963 13
0.35991 0.09435 58.24249 0 -2.85000 -11.17500 54.82874 0.10745 13
0.20265 -0.10923 43.76434 0 3.30000 -5.10000 42.90244 0.10334 -13
1.10349 -0.15931 11.56834 0 4.87500 -31.85000 7.82171 0.15088 -13
0.74680 -0.19363 33.27143 0 5.82500 -23.30000 26.83196 0.12717 13
0.66822 -0.06505 73.64352 0 1.97500 -17.70000 61.27081 0.12130 -13
-1.93386 0.04861 53.36778 0 -1.45000 57.87500 24.53588 0.21929 -13
0.51702 0.08879 98.71829 0 -2.67500 -14.82500 87.76380 0.11372 -13
-0.12586 -0.18921 35.24841 0 5.72500 2.12500 34.98193 0.10328 -13
0.88274 0.10368 61.25502 0 -3.12500 -27.50000 46.02997 0.13472 -13
-2.05658 -0.08442 79.86700 0 2.52500 61.92500 35.02522 0.23044 13
0.43899 -0.18001 96.59108 0 5.42500 -12.80000 88.66917 0.11147 -13
-0.44518 -0.10965 32.69014 0 3.30000 16.47500 29.89397 0.11078 13
-0.20860 0.08955 73.23714 0 -2.70000 6.55000 71.70589 0.10327 -13
1.12794 0.00823 34.32220 0 -0.22500 -33.30000 22.76968 0.15180 -13
1.29727 -0.04408 80.38351 0 1.32500 -42.45000 49.10516 0.16500 13
-0.40763 0.07592 56.30432 0 -2.27500 11.55000 52.16017 0.10901 -13
-1.00847 -0.03337 25.89411 0 1.02500 29.97500 18.23725 0.14306 -13
-1.61436 0.12226 65.13165 0 -3.70000 48.45000 34.48242 0.19165 13
-1.66321 -0.27792 65.13165 0 8.37500 49.92500 34.48242 0.19740 13
-1.01646 -0.10873 84.52118 0 3.30000 30.90000 59.45251 0.14401 -13
-1.22257 0.01437 50.79108 0 -0.45000 37.95000 32.15908 0.15906 13
1.52475 -0.08583 64.37573 0 2.60000 -47.50000 35.39581 0.18383 -13
1.06584 -0.17773 82.98270 0 5.35000 -33.25000 57.24715 0.14825 13
-0.48033 0.08212 8.71579 0 -2.55000 15.10000 7.86255 0.11204 13
-1.22770 -0.20610 69.81716 0 6.20000 35.30000 44.64238 0.16079 13
0.86699 -0.08949 86.96707 0 2.70000 -26.55000 65.82114 0.13358 13
0.42070 -0.03275 66.41296 0 1.00000 -12.27500 61.22117 0.10930 -13
0.26561 -0.10360 92.98543 0 3.12500 -10.55000 89.90054 0.10472 13
0.28692 -0.05961 36.54701 0 1.80000 -8.65000 35.13404 0.10494 -13
0.55089 -0.19127 39.75671 0 5.77500 -16.37500 34.96650 0.11659 -13
0.22692 -0.19756 94.64005 0 5.97500 -8.20000 92.37861 0.10517 -13
0.15033 -0.23510 14.60210 0 7.05000 -4.30000 14.44819 0.10453 13
-1.88617 -0.10492 35.72522 0 3.12500 55.25000 16.80494 0.21524 13
-1.38795 -0.05169 63.94766 0 1.55000 42.42500 37.41443 0.17235 13
-0.74423 -0.01742 79.29278 0 0.52500 26.40000 63.61322 0.12554 -13
1.10643 -0.16355 82.45916 0 4.95000 -35.32500 55.69150 0.15109 -13
0.21800 0.12593 37.26540 0 -3.80000 -7.95000 36.42313 0.10385 13
0.22428 -0.27406 37.26540 0 8.25000 -8.15000 36.42313 0.10682 13
-1.05277 -0.16172 63.11258 0 4.90000 33.12500 43.75970 0.14714 -13
0.69905 -0.14199 96.12483 0 4.27500 -24.25000 79.04056 0.12369 13
-0.47705 0.02914 60.52055 0 -0.87500 13.32500 54.62761 0.11162 -13
-0.53831 0.12412 81.98848 0 -3.75000 15.35000 72.31610 0.11505 13
-0.55416 -0.27594 81.98848 0 8.32500 15.82500 72.31610 0.11843 13
1.93661 0.04643 84.58180 0 -1.40000 -60.10000 38.84017 0.21953 -13
-1.34210 -0.09947 64.27143 0 2.97500 40.95000 38.52166 0.16884 13
-0.61857 -0.05369 64.27143 0 2.05000 44.20000 38.52166 0.18143 13
0.27472 0.51879 64.27143 0 3.42500 44.95000 38.52166 0.18840 13
1.10325 0.48133 64.27143 0 1.75000 44.77500 38.52166 0.19893 13
-1.98441 -0.55581 64.27143 0 2.20000 37.05000 38.52166 0.23261 13
-0.44242 -0.04837 64.27143 0 2.00000 37.02500 38.52166 0.23489 13
-0.24590 -0.13302 74.40719 0 4.00000 7.55000 72.29054 0.10456 13
-1.74476 0.07713 78.37020 0 -2.32500 52.17500 39.05788 0.20250 -13
0.17673 -0.02750 74.49332 0 0.82500 -2.95000 73.35736 0.10230 13
0.76501 -0.21032 39.41564 0 6.35000 -23.52500 31.55361 0.12856 -13
1.03324 -0.05809 54.75701 0 1.77500 -33.27500 38.11412 0.14492 -13
1.26364 0.08057 84.94308 0 -2.42500 -37.42500 52.81707 0.16248 -13
-0.67647 0.04704 88.87234 0 -1.40000 19.77500 73.63685 0.12167 -13
-0.17318 0.02876 28.44742 0 -0.85000 2.27500 28.03051 0.10224 -13
-0.49933 0.11973 50.81904 0 -3.62500 17.12500 45.53077 0.11321 13
-0.51494 -0.28059 50.81904 0 8.45000 17.60000 45.53077 0.11673 13
1.36543 0.13047 24.33124 0 -3.90000 -42.90000 14.45533 0.17092 -13
1.40211 -0.26916 24.33124 0 8.15000 -44.02500 14.45533 0.17559 -13
0.93684 -0.07112 55.98230 0 2.15000 -27.95000 40.90251 0.13818 -13
0.60304 0.07340 92.68941 0 -2.20000 -18.25000 79.43050 0.11783 -13
1.02108 -0.12805 91.59413 0 3.87500 -31.62500 64.35389 0.14450 -13
0.91502 -0.10884 64.90785 0 3.27500 -27.02500 48.01413 0.13694 13
0.21325 -0.09633 66.18505 0 2.92500 -6.60000 64.74257 0.10343 -13
-1.32035 0.12906 21.45923 0 -3.85000 38.77500 13.02446 0.16727 -13
-1.35664 -0.27052 21.45923 0 8.20000 39.90000 13.02446 0.17195 -13
1.44582 0.11293 20.94007 0 -3.37500 -44.30000 11.96200 0.17739 -13
-0.96503 0.08562 86.03412 0 -2.57500 25.72500 62.01654 0.14021 -13
-0.06603 0.06522 40.63825 0 -1.95000 2.65000 40.55034 0.10113 -13
1.26921 -0.05824 56.57571 0 1.75000 -38.12500 35.05009 0.16283 13
-0.11273 -0.15163 4.38875 0 4.67500 4.82500 4.36167 0.10257 -13
0.48420 -0.07026 23.57501 0 2.10000 -14.02500 21.22832 0.11211 13
1.57742 -0.21645 94.11550 0 6.55000 -50.67500 51.21503 0.18936 -13
-0.01107 0.04991 74.63706 0 -1.50000 0.62500 74.63250 0.10083 -13
-0.04199 -0.05848 38.46433 0 1.77500 -0.72500 38.43058 0.10097 -13
0.83771 -0.17564 42.88149 0 5.30000 -28.37500 33.07624 0.13256 -13
1.07207 -0.05070 61.10143 0 1.55000 -32.25000 41.70610 0.14772 -13
0.84877 0.05740 74.89971 0 -1.75000 -23.62500 57.14257 0.13221 13
-0.35521 -0.07754 98.74254 0 2.35000 11.47500 93.07811 0.10715 -13
0.24999 0.07143 76.97106 0 -2.15000 -4.85000 74.68442 0.10405 -13
-0.46524 0.01309 81.72691 0 -0.40000 16.57500 74.10097 0.11108 -13
-0.48400 0.08480 72.92291 0 -2.55000 16.50000 65.68323 0.11220 -13
0.22760 0.00825 19.07675 0 -0.27500 -3.67500 18.60099 0.10328 13
-0.67221 0.00525 77.57577 0 -0.17500 20.22500 64.38196 0.12134 13
-0.45956 0.03813 93.57610 0 -1.15000 16.02500 85.03780 0.11090 13
1.32182 -0.03543 56.12300 0 1.05000 -39.77500 33.87408 0.16694 13
0.77499 -0.21076 40.12922 0 6.35000 -25.22500 31.97511 0.12915 13
0.21565 -0.04256 99.88557 0 1.27500 -6.27500 97.64477 0.10311 13
-1.69726 -0.20642 80.11099 0 6.25000 53.45000 41.29754 0.19948 -13
-0.31351 0.12129 35.51121 0 -3.65000 9.47500 33.90691 0.10624 -13
-0.32312 -0.27887 35.51121 0 8.42500 9.77500 33.90691 0.10951 -13
-0.41302 -0.12273 50.51774 0 3.72500 11.42500 46.74273 0.10966 -13
0.17092 -0.12539 70.35283 0 3.80000 -5.22500 69.36256 0.10295 -13
-0.41905 -0.13322 70.35283 0 3.77500 -5.12500 69.36256 0.10304 -13
0.22105 0.14415 70.35283 0 5.52500 -4.15000 69.36256 0.11366 -13
1.50427 -1.72078 70.35283 0 4.10000 -3.60000 69.36256 0.12816 -13
-2.99384 1.67858 70.35283 0 4.52500 -4.35000 69.36256 0.13169 -13
-0.01856 -0.07324 64.73755 0 2.22500 0.77500 64.72646 0.10099 -13
-0.56573 -0.23133 11.14104 0 6.92500 17.35000 9.75726 0.11798 13
1.49398 0.00606 53.94498 0 -0.20000 -47.22500 30.00718 0.18103 13
0.31859 -0.03944 23.86560 0 1.20000 -7.47500 22.74114 0.10577 -13
-1.47427 0.02893 62.27597 0 -0.85000 45.02500 34.97059 0.17941 -13
0.47272 -0.24429 92.60683 0 7.37500 -15.50000 84.15738 0.11407 13
-0.68374 0.14157 95.13718 0 -4.27500 22.82500 78.78191 0.12283 13
-0.69909 -0.25755 95.13718 0 7.77500 23.27500 78.78191 0.12557 13
0.58991 -0.12813 79.76618 0 3.87500 -16.35000 68.84617 0.11763 -13
-1.96216 0.06396 41.55728 0 -1.95000 60.20000 18.90011 0.22189 13
-0.29971 0.11055 18.80196 0 -3.30000 7.17500 18.01931 0.10571 -13
-0.22958 -0.16899 45.81660 0 5.07500 8.00000 44.68603 0.10471 13
-1.06783 -0.24016 63.24365 0 7.22500 33.15000 43.87306 0.14928 13
-0.30346 0.07520 24.59222 0 -2.25000 11.07500 23.53810 0.10550 -13
-1.65387 -0.24067 44.24389 0 7.25000 49.95000 23.36606 0.19610 13
1.10869 -0.09430 78.72885 0 2.82500 -31.45000 52.85864 0.15065 13
1.17096 -0.21602 18.08672 0 6.55000 -36.50000 11.90020 0.15664 -13
0.06160 0.05327 56.81444 0 -1.60000 -2.17500 56.70728 0.10104 -13
0.91870 -0.24360 19.83334 0 7.37500 -24.12500 14.79644 0.13897 -13
0.79039 -0.05176 91.24089 0 1.55000 -22.15000 71.61841 0.12847 13
1.86989 -0.04835 93.74791 0 1.47500 -58.30000 44.25039 0.21360 -13
1.35433 -0.09125 22.87562 0 2.72500 -40.57500 13.62534 0.16976 13
0.74389 0.06539 82.01908 0 -1.97500 -21.32500 65.85761 0.12568 -13
1.11542 -0.12883 46.66169 0 3.90000 -35.87500 31.29001 0.15143 -13
0.23754 0.12739 45.29531 0 -3.85000 -7.12500 44.08798 0.10430 13
0.24422 -0.27248 45.29531 0 8.20000 -7.32500 44.08798 0.10722 13
0.41407 0.12909 21.04173 0 -3.92500 -9.42500 19.46451 0.10978 13
0.42545 -0.27069 21.04173 0 8.12500 -9.77500 19.46451 0.11276 13
-0.86627 -0.19929 32.75347 0 6.00000 27.05000 24.96121 0.13472 13
-0.08205 -0.17405 41.78418 0 5.25000 -0.50000 41.64835 0.10254 13
-0.30212 -0.17123 10.52960 0 5.22500 11.70000 10.09151 0.10664 -13
-0.37195 -0.12243 77.18946 0 3.70000 10.12500 72.41272 0.10815 -13
0.46278 -0.16378 92.48934 0 4.92500 -15.72500 84.13120 0.11218 13
