-0.84931 -0.22546 83.67394 0 6.80000 23.02500 64.43275 0.13407 -13
0.52074 0.04200 80.28793 0 -1.27500 -13.47500 71.22489 0.11362 13
-2.01204 -0.00833 98.65045 0 0.25000 60.37500 43.90774 0.22626 13
0.17221 -0.22989 96.37049 0 6.92500 -2.47500 95.04128 0.10477 13
2.05792 -0.10060 60.18159 0 3.02500 -61.92500 26.41003 0.23062 13
-1.57631 -0.20132 91.07476 0 6.07500 48.85000 49.47952 0.18907 13
2.11294 -0.02091 63.79772 0 0.62500 -64.75000 27.29691 0.23541 13
-1.36053 0.10930 95.40944 0 -3.27500 40.50000 56.72336 0.17038 -13
-1.51092 0.01285 95.25040 0 -0.37500 45.65000 52.57317 0.18246 -13
-0.88897 0.09196 56.95917 0 -2.77500 26.87500 42.64855 0.13507 13
-0.31863 -0.08311 48.85331 0 2.52500 11.12500 46.56192 0.10602 -13
1.82005 -0.09730 70.57442 0 2.92500 -57.10000 34.10773 0.20935 13
-0.76179 -0.20226 85.34246 0 6.10000 21.85000 68.38344 0.12823 -13
0.05714 -0.01129 72.49745 0 0.35000 -1.50000 72.37938 0.10087 -13
-0.21546 -0.16817 64.77624 0 5.07500 8.00000 63.36174 0.10439 13
1.31377 -0.11586 71.64311 0 3.47500 -37.10000 43.57550 0.16666 13
0.99311 -0.13832 47.13648 0 4.15000 -30.00000 33.60251 0.14260 13
-1.63940 0.05405 64.07638 0 -1.62500 47.70000 33.40331 0.19345 -13
-0.91519 0.02800 98.89674 0 -0.85000 26.95000 72.96884 0.13654 -13
1.82410 0.05763 93.25793 0 -1.75000 -55.72500 44.88834 0.20957 13
-0.68084 -0.10826 64.15854 0 3.25000 21.35000 53.13133 0.12231 13
1.32031 0.14759 54.84250 0 -4.42500 -41.27500 33.33918 0.16744 -13
1.34676 -0.25127 54.84250 0 7.60000 -42.07500 33.33918 0.17083 -13
1.04356 -0.08358 47.03365 0 2.50000 -31.17500 32.60082 0.14579 13
-0.28727 -0.23123 75.52565 0 6.97500 7.35000 72.72966 0.10733 13
-1.11069 0.10842 36.61799 0 -3.30000 32.62500 24.58045 0.15091 13
-0.13422 -0.16085 94.93451 0 4.85000 1.97500 94.11179 0.10289 -13
0.47255 0.12551 30.61105 0 -3.80000 -16.17500 27.71601 0.11210 13
0.48621 -0.27446 30.61105 0 8.25000 -16.60000 27.71601 0.11532 13
1.54077 0.05580 39.28773 0 -1.70000 -46.70000 21.41264 0.18506 13
-0.68551 -0.19330 41.38262 0 5.85000 21.45000 34.33115 0.12365 -13
0.66750 0.06555 38.61414 0 -2.00000 -19.70000 32.13770 0.12126 13
0.29703 -0.16605 98.99380 0 5.00000 -7.15000 94.99945 0.10637 13
0.23737 0.12966 66.87142 0 -3.92500 -5.00000 65.09240 0.10432 13
0.24383 -0.27005 66.87142 0 8.15000 -5.17500 65.09240 0.10716 13
2.02453 -0.15878 20.12059 0 4.85000 -60.75000 8.99988 0.22802 -13
-1.08082 -0.18016 12.71631 0 5.37500 34.17500 8.71062 0.14933 13
-1.38145 -0.02177 28.46466 0 0.67500 40.05000 16.69408 0.17175 -13
1.29363 0.03487 12.18327 0 -1.12500 -38.07500 7.45429 0.16471 13
-0.99222 -0.07408 73.05218 0 2.22500 29.45000 51.92722 0.14206 13
0.15525 0.00822 21.04898 0 -0.27500 -5.95000 20.79984 0.10191 13
-0.41669 0.14192 62.41409 0 -4.27500 9.75000 57.69696 0.11002 -13
-0.42599 -0.25718 62.41409 0 7.77500 10.02500 57.69696 0.11249 -13
0.40728 0.02830 1.43423 0 -0.50000 -13.17500 1.32840 0.10904 -13
0.03219 -0.05484 50.91172 0 1.65000 -3.10000 50.88544 0.10091 13
-1.35802 -0.03781 26.40497 0 1.17500 39.72500 15.66304 0.16989 -13
-0.21331 -0.24105 71.04790 0 7.27500 5.47500 69.56786 0.10578 13
1.13803 0.00033 81.27778 0 -0.00000 -34.42500 53.65002 0.15256 -13
1.27056 0.02693 36.18581 0 -0.80000 -35.50000 22.38498 0.16284 -13
-0.01025 0.04497 8.84571 0 -1.42500 -1.12500 8.84525 0.10083 13
1.32183 0.12716 73.05970 0 -3.82500 -41.47500 44.30368 0.16740 -13
1.35913 -0.27266 73.05970 0 8.22500 -42.60000 44.30368 0.17215 -13
-0.73032 0.11511 10.41225 0 -3.52500 22.27500 8.42820 0.12527 13
-1.34551 0.08394 94.51398 0 -2.55000 41.57500 56.50587 0.16903 13
0.74979 0.05006 7.24218 0 -1.42500 -20.85000 5.79710 0.12596 -13
0.93535 -0.19219 47.22338 0 5.80000 -28.62500 34.77861 0.13926 -13
-0.03462 0.13260 17.28266 0 -4.02500 2.02500 17.27253 0.10166 13
-0.03550 -0.26700 17.28266 0 8.02500 2.05000 17.27253 0.10427 13
-0.41513 -0.10877 95.58026 0 3.27500 14.35000 88.35207 0.10958 13
-1.23694 0.11857 23.66631 0 -3.60000 34.82500 14.94242 0.16064 13
-1.27606 -0.28187 23.66631 0 8.47500 35.97500 14.94242 0.16567 13
-0.36316 -0.22831 30.03601 0 6.90000 9.92500 28.31357 0.10959 -13
0.03728 -0.19343 97.20816 0 5.82500 0.30000 97.14311 0.10264 13
-0.66706 0.00414 48.64972 0 -0.12500 22.97500 40.47163 0.12105 -13
-0.57315 -0.14073 15.65541 0 4.27500 15.50000 13.61521 0.11695 -13
-0.44815 -0.05346 46.76089 0 1.62500 15.82500 42.68200 0.11049 -13
0.32529 0.08254 35.65746 0 -2.47500 -7.27500 33.91966 0.10622 -13
0.99216 0.08237 90.83084 0 -2.50000 -30.05000 64.58759 0.14210 13
0.54732 -0.02003 59.46602 0 0.62500 -16.60000 52.16663 0.11482 -13
0.47096 0.08326 68.68109 0 -2.50000 -16.60000 62.17400 0.11162 -13
-0.07093 0.04418 97.00345 0 -1.32500 3.52500 96.76081 0.10105 -13
1.57015 0.08066 12.68797 0 -2.50000 -45.22500 6.83137 0.18768 13
-1.11995 -0.19811 41.83857 0 6.00000 34.25000 28.16343 0.15252 -13
0.01688 0.06336 52.10191 0 -1.92500 -1.35000 52.09452 0.10092 13
0.34146 -0.11554 28.87990 0 3.47500 -11.10000 27.34968 0.10704 13
1.53578 0.13729 49.06527 0 -4.15000 -45.97500 26.94793 0.18509 13
1.57289 -0.26204 49.06527 0 7.87500 -47.10000 26.94793 0.18952 13
1.83664 -0.05441 11.62119 0 1.72500 -51.52500 5.56280 0.21072 -13
-1.42910 -0.22737 87.33203 0 6.85000 43.65000 50.91558 0.17712 13
1.51006 -0.17481 62.64717 0 5.25000 -48.67500 34.95271 0.18322 13
0.69113 0.09296 49.16736 0 -2.82500 -19.95000 40.50360 0.12278 13
-0.12701 -0.21295 1.68531 0 6.12500 1.70000 1.67250 0.10374 13
-0.05486 0.12462 76.97336 0 -3.75000 1.70000 76.85956 0.10163 -13
-0.05647 -0.27536 76.97336 0 8.32500 1.75000 76.85956 0.10461 -13
1.16753 -0.18490 52.42249 0 5.60000 -34.30000 34.43093 0.15594 -13
-0.40409 0.06773 3.47784 0 -1.90000 12.75000 3.22546 0.10885 -13
-1.30915 0.10767 16.79585 0 -3.20000 36.97500 10.23240 0.16623 -13
-0.95570 0.03466 88.80322 0 -1.05000 27.72500 64.21799 0.13934 -13
2.14744 -0.24625 56.17430 0 7.45000 -60.15000 24.29168 0.23987 -13
0.83179 -0.19296 63.79390 0 5.82500 -27.70000 49.40902 0.13243 -13
-0.33373 -0.13809 71.82753 0 4.15000 9.35000 68.19755 0.10706 13
2.02303 -0.23760 21.49088 0 7.10000 -60.37500 9.73602 0.22837 13
0.07748 -0.24734 75.93254 0 7.45000 -4.07500 75.71867 0.10402 13
-0.27948 -0.10245 39.60877 0 3.07500 7.25000 38.16112 0.10506 13
-1.99206 -0.15103 9.29335 0 4.42500 58.70000 4.20696 0.22485 13
-0.44177 0.03562 92.02190 0 -1.07500 11.80000 84.18293 0.11016 13
-1.21876 0.00993 70.64397 0 -0.30000 36.47500 44.81154 0.15877 13
1.12676 0.00051 37.45358 0 -0.02500 -33.17500 24.86116 0.15171 13
-1.96363 -0.04960 95.68832 0 1.50000 58.97500 43.46623 0.22197 -13
0.42814 -0.21517 71.70310 0 6.50000 -15.52500 66.14253 0.11167 -13
-0.85464 0.07904 30.74371 0 -2.40000 24.90000 23.40218 0.13271 13
0.33801 0.07367 12.77104 0 -2.17500 -8.82500 12.10205 0.10655 -13
-0.97815 -0.04137 65.90341 0 1.22500 28.20000 47.13194 0.14093 13
-0.58923 -0.17801 2.83947 0 5.15000 18.25000 2.45607 0.11820 13
1.22397 -0.20149 74.79461 0 6.07500 -34.50000 47.88622 0.16044 13
0.73739 -0.15225 70.89684 0 4.60000 -21.95000 57.29017 0.12606 -13
-1.31313 -0.12602 88.07427 0 3.80000 39.87500 53.62703 0.16669 13
2.03184 0.07936 82.82687 0 -2.40000 -60.87500 36.66774 0.22819 13
-1.10895 -0.23090 23.97222 0 7.00000 31.10000 16.28284 0.15220 -13
-0.65048 -0.09947 84.99880 0 3.00000 20.55000 71.35479 0.12055 13
-0.42665 -0.07054 5.78142 0 2.05000 11.67500 5.31980 0.10971 13
0.37808 -0.24216 51.61664 0 7.32500 -13.05000 48.44913 0.11040 -13
-0.05279 -0.23004 36.40713 0 6.92500 3.27500 36.35907 0.10346 13
0.41250 -0.17380 22.73727 0 5.22500 -11.40000 21.06388 0.11032 13
0.02682 0.11922 8.63831 0 -3.55000 0.52500 8.63524 0.10144 -13
-0.06362 -0.19042 8.49049 0 5.80000 3.70000 8.47399 0.10276 -13
0.63608 0.01622 57.36983 0 -0.47500 -15.35000 48.40876 0.11936 -13
1.31402 -0.09724 24.43171 0 2.97500 -38.20000 14.83993 0.16659 -13
-1.57204 0.00572 63.77706 0 -0.17500 47.45000 34.23122 0.18763 13
-0.31129 0.07616 28.48560 0 -2.27500 10.00000 27.20471 0.10575 -13
0.92602 -0.22912 73.56801 0 6.92500 -28.90000 54.61181 0.13918 -13
0.36320 -0.16562 73.32953 0 5.00000 -11.00000 69.03185 0.10843 13
0.28503 0.03870 9.89407 0 -1.22500 -7.80000 9.51561 0.10480 13
0.03912 -0.02541 59.33160 0 0.77500 -1.82500 59.28627 0.10082 -13
0.36844 -0.11247 43.10550 0 3.40000 -10.57500 40.47788 0.10792 -13
-0.04187 -0.06621 20.36796 0 2.02500 2.07500 20.35021 0.10102 -13
0.62959 0.14295 19.83968 0 -4.27500 -19.42500 16.83722 0.11985 -13
0.64340 -0.25608 19.83968 0 7.75000 -19.85000 16.83722 0.12252 -13
0.42341 0.07926 21.85766 0 -2.37500 -12.95000 20.13717 0.10964 -13
0.73109 -0.11124 54.50239 0 3.37500 -21.87500 44.09152 0.12525 -13
0.56405 0.04318 48.20240 0 -1.32500 -17.55000 41.99334 0.11570 13
1.84329 0.06577 15.06737 0 -2.05000 -53.85000 7.19647 0.21134 13
-0.02399 0.06764 51.17385 0 -2.02500 -0.50000 51.15919 0.10096 -13
0.66237 -0.17715 40.82066 0 5.35000 -18.52500 34.19109 0.12211 -13
0.05839 -0.13445 74.22523 0 4.05000 -0.02500 74.10124 0.10178 -13
-0.08762 0.09520 58.53908 0 -2.87500 5.02500 58.31761 0.10154 13
-0.09777 -0.09007 20.19673 0 2.75000 4.90000 20.10168 0.10160 -13
0.05674 -0.22639 57.34837 0 6.85000 -3.62500 57.26078 0.10342 -13
0.02562 -0.23080 75.34905 0 6.97500 1.50000 75.32557 0.10339 -13
0.92747 0.10121 68.47240 0 -3.05000 -25.42500 50.32195 0.13773 13
0.92679 0.07625 70.11286 0 -2.30000 -29.92500 51.49224 0.13751 -13
-0.03515 -0.13190 18.24036 0 4.00000 2.30000 18.22943 0.10165 -13
0.16491 0.07422 94.35640 0 -2.25000 -6.32500 93.10564 0.10234 13
0.59964 -0.10463 62.68404 0 3.17500 -18.80000 53.83714 0.11789 -13
-1.35930 -0.07692 25.67934 0 2.30000 40.82500 15.24617 0.17010 13
0.32097 0.10662 40.85108 0 -3.22500 -7.47500 38.91701 0.10631 13
1.24344 -0.16644 84.44097 0 5.02500 -36.95000 53.35825 0.16157 -13
-1.46282 -0.13454 16.82006 0 4.00000 42.10000 9.55014 0.17892 13
1.24205 -0.20971 47.25810 0 6.35000 -38.35000 30.02253 0.16198 -13
2.08831 0.13057 44.56065 0 -3.92500 -63.05000 19.37812 0.23352 -13
2.14443 -0.26906 44.56065 0 8.15000 -64.75000 19.37812 0.23986 -13
0.98017 -0.08103 53.78491 0 2.42500 -31.05000 38.47200 0.14124 13
0.11093 -0.08884 85.43059 0 2.67500 -2.00000 84.91375 0.10171 13
0.96712 -0.07440 24.15692 0 2.22500 -29.22500 17.38754 0.14028 13
-0.58299 0.03301 78.34525 0 -1.00000 16.32500 67.69252 0.11662 13
-0.14866 -0.01470 43.58599 0 0.45000 4.82500 43.11228 0.10182 -13
1.84246 0.05795 43.85801 0 -1.72500 -57.45000 20.94830 0.21118 -13
-0.40203 -0.07012 43.58930 0 2.10000 12.65000 40.45694 0.10876 13
-0.04882 0.03369 53.42714 0 -1.00000 1.62500 53.36367 0.10088 -13
-0.35238 -0.05913 65.74895 0 1.77500 7.87500 62.02346 0.10694 13
-1.13130 -0.24522 61.23637 0 7.37500 32.30000 41.21738 0.15404 13
-0.76348 -0.07441 88.22092 0 2.25000 21.25000 70.19184 0.12692 -13
-0.32294 -0.02423 36.57394 0 0.75000 11.50000 34.80505 0.10585 -13
0.70008 -0.09010 1.92503 0 3.02500 -20.17500 1.57840 0.12362 -13
0.60415 -0.20012 80.32987 0 6.02500 -18.32500 69.11274 0.11936 13
-0.49211 -0.18235 72.99260 0 5.50000 15.10000 65.69833 0.11373 -13
-1.87745 0.01407 58.46972 0 -0.45000 57.27500 27.48926 0.21422 13
-0.28371 -0.05038 21.32141 0 1.55000 7.77500 20.51380 0.10481 -13
0.76589 0.14545 30.55243 0 -4.37500 -22.55000 24.34924 0.12767 -13
0.78190 -0.25347 30.55243 0 7.67500 -23.02500 24.34924 0.13037 -13
0.74751 -0.17374 68.69186 0 5.22500 -23.00000 55.31046 0.12693 13
1.16262 0.12412 81.62493 0 -3.75000 -36.40000 53.46015 0.15495 13
1.19690 -0.27592 81.62493 0 8.30000 -37.42500 53.46015 0.15949 13
-0.21653 -0.23694 56.56145 0 7.15000 10.62500 55.34630 0.10577 -13
-0.41755 0.11401 50.12086 0 -3.42500 12.10000 46.29517 0.10973 -13
0.22293 0.13825 16.71667 0 -4.20000 -6.40000 16.32340 0.10413 13
0.22830 -0.26104 16.71667 0 7.85000 -6.55000 16.32340 0.10656 13
-0.49743 0.04790 66.03072 0 -1.45000 15.07500 59.13388 0.11258 13
1.63343 0.13685 74.70892 0 -4.12500 -49.17500 39.27086 0.19335 -13
1.67318 -0.26245 74.70892 0 7.92500 -50.40000 39.27086 0.19809 -13
0.71221 0.08257 33.37079 0 -2.47500 -20.70000 27.21301 0.12391 -13
0.39105 -0.24783 62.06974 0 7.47500 -10.30000 58.03013 0.11098 -13
-0.09733 0.13664 45.59959 0 -4.10000 1.22500 45.38900 0.10211 -13
-0.09970 -0.26269 45.59959 0 7.92500 1.30000 45.38900 0.10461 -13
-1.13001 -0.14383 92.36587 0 4.35000 36.12500 61.56307 0.15265 -13
-0.34012 0.09671 55.50683 0 -2.92500 11.60000 52.57535 0.10682 13
0.02008 -0.02345 99.74261 0 0.72500 -3.02500 99.72251 0.10075 -13
0.11053 0.14091 84.71766 0 -4.25000 -4.27500 84.21474 0.10230 -13
0.11304 -0.25824 84.71766 0 7.80000 -4.35000 84.21474 0.10463 -13
0.68351 -0.22018 3.87657 0 6.47500 -19.80000 3.22421 0.12389 13
-0.50521 0.12911 37.12183 0 -3.87500 14.05000 33.18873 0.11356 -13
-0.51907 -0.27059 37.12183 0 8.17500 14.47500 33.18873 0.11670 -13
0.47581 -0.08635 46.39723 0 2.62500 -16.70000 41.92527 0.11186 -13
0.91989 -0.07952 78.64524 0 2.40000 -26.15000 57.96433 0.13706 13
-0.52250 -0.01996 44.39749 0 0.60000 17.62500 39.35166 0.11364 13
-1.43719 -0.22210 44.02074 0 6.72500 44.30000 25.54953 0.17776 -13
-1.02577 -0.20535 69.97599 0 6.20000 29.70000 49.36205 0.14575 -13
1.27130 -0.11791 34.57852 0 3.52500 -35.92500 21.46912 0.16331 13
-0.81413 -0.24237 59.78621 0 7.32500 24.67500 46.88529 0.13214 -13
-0.85951 0.09189 95.68193 0 -2.77500 24.87500 72.69149 0.13311 -13
1.43147 -0.05435 68.80976 0 1.62500 -42.80000 39.44520 0.17592 13
1.13190 -0.11008 4.01306 0 3.52500 -34.55000 2.66744 0.15259 -13
-1.90400 0.11118 12.43750 0 -3.45000 57.12500 5.81101 0.21695 13
-0.48523 0.11492 2.64723 0 -3.67500 13.57500 2.38461 0.11271 13
-0.50177 -0.28647 2.64723 0 8.40000 14.02500 2.38461 0.11614 13
2.06077 -0.11997 80.14986 0 3.60000 -62.15000 35.19396 0.23097 13
-0.13677 -0.18300 4.03235 0 5.65000 3.15000 3.99628 0.10342 -13
-0.52221 0.02742 47.68037 0 -0.85000 14.75000 42.26788 0.11364 13
0.80917 -0.22241 88.72204 0 6.70000 -25.45000 69.62323 0.13146 13
0.00471 0.06898 48.03775 0 -2.07500 -0.15000 48.03722 0.10095 -13
-0.51128 -0.17324 22.49274 0 5.20000 15.40000 20.08761 0.11443 13
-1.26422 0.03419 25.53149 0 -1.05000 41.52500 15.84507 0.16237 13
1.65129 -0.11704 75.09990 0 3.55000 -51.12500 39.09675 0.19477 -13
0.01529 -0.07432 8.74192 0 2.17500 0.72500 8.74089 0.10099 13
-0.12206 0.04827 54.44478 0 -1.47500 3.52500 54.04459 0.10157 13
1.48310 0.00573 68.87757 0 -0.17500 -42.40000 38.50660 0.18014 13
-0.47002 -0.04897 65.58911 0 1.47500 13.70000 59.37221 0.11138 13
0.15562 -0.12546 77.21221 0 3.80000 -3.85000 76.30800 0.10269 -13
1.94814 -0.21798 43.93558 0 6.55000 -59.60000 20.43409 0.22156 13
-1.83960 0.05121 76.66289 0 -1.52500 57.50000 36.65099 0.21091 -13
1.10086 -0.01941 44.09366 0 0.57500 -36.32500 29.65074 0.14978 13
0.30228 0.02693 24.08465 0 -0.80000 -11.00000 23.05520 0.10524 -13
1.01753 0.05859 58.08498 0 -1.75000 -31.80000 40.74941 0.14379 -13
-0.44236 0.06957 80.55932 0 -2.10000 13.97500 73.70183 0.11034 -13
-1.32131 -0.22228 76.41259 0 6.70000 42.62500 46.81956 0.16835 13
-0.58532 0.03382 65.15909 0 -1.00000 15.57500 56.24249 0.11673 -13
1.53246 0.04162 7.31660 0 -1.37500 -47.10000 4.00065 0.18438 13
-1.38593 0.03981 98.14963 0 -1.20000 42.87500 57.46029 0.17215 13
0.13826 -0.23224 9.17956 0 6.95000 -6.42500 9.09740 0.10428 13
-0.41115 0.04386 67.25538 0 -1.32500 14.27500 62.21185 0.10897 -13
2.17664 0.14050 74.36932 0 -4.22500 -64.37500 31.29802 0.24162 -13
1.62585 -0.09979 21.67091 0 3.05000 -49.07500 11.39395 0.19252 -13
-0.29882 0.05677 88.55494 0 -1.70000 9.52500 84.85894 0.10526 -13
-0.40906 -0.07694 69.45574 0 2.32500 13.90000 64.31289 0.10908 -13
-0.09113 0.03521 38.91680 0 -1.07500 1.67500 38.75640 0.10118 13
1.09364 -0.10111 6.92202 0 2.95000 -31.22500 4.68378 0.14955 13
1.79067 -0.12647 90.94429 0 3.80000 -54.92500 44.61079 0.20692 13
-0.76286 0.15989 1.20547 0 -4.32500 20.95000 0.96376 0.12774 -13
-0.77536 -0.23798 1.20547 0 7.70000 21.45000 0.96376 0.13051 -13
-0.10507 -0.02107 34.74014 0 0.62500 2.85000 34.55008 0.10128 13
0.88074 0.03741 30.38466 0 -1.10000 -29.80000 22.80873 0.13424 -13
-1.08708 -0.19853 36.51675 0 6.00000 33.30000 24.97974 0.15010 -13
0.41134 0.12706 54.05558 0 -3.85000 -13.65000 50.04906 0.10964 13
0.42296 -0.27283 54.05558 0 8.22500 -14.00000 50.04906 0.11273 13
0.06921 0.14365 73.56490 0 -4.32500 -0.92500 73.39287 0.10197 -13
0.07070 -0.25535 73.56490 0 7.70000 -0.97500 73.39287 0.10419 -13
1.11147 0.14611 58.85398 0 -4.42500 -33.10000 39.59300 0.15129 13
1.13440 -0.25282 58.85398 0 7.62500 -33.77500 39.59300 0.15439 13
0.67236 0.13721 38.70145 0 -4.12500 -21.50000 32.20952 0.12213 -13
0.68861 -0.26208 38.70145 0 7.92500 -22.00000 32.20952 0.12510 -13
0.74435 -0.13520 88.84708 0 4.07500 -23.55000 71.49946 0.12628 -13
1.91523 -0.21833 79.50212 0 6.57500 -57.90000 37.47274 0.21866 13
0.67521 -0.05344 82.61528 0 1.62500 -21.72500 68.49914 0.12163 -13
-0.61197 0.01783 39.56844 0 -0.55000 17.65000 33.75153 0.11807 13
0.17213 -0.04749 7.86639 0 1.37500 -5.75000 7.75259 0.10230 13
-0.36125 -0.06148 30.76441 0 1.87500 10.90000 28.94055 0.10726 -13
-0.44306 -0.20033 20.14533 0 6.02500 13.47500 18.47715 0.11195 13
-0.39702 0.12697 77.73084 0 -3.82500 11.65000 72.32358 0.10910 13
-0.40826 -0.27290 77.73084 0 8.22500 11.97500 72.32358 0.11218 13
0.91915 -0.16969 54.23894 0 5.12500 -23.85000 40.19146 0.13785 -13
2.04740 -0.11109 79.20235 0 3.37500 -61.72500 34.93177 0.22974 -13
-0.47891 0.09161 74.03974 0 -2.75000 14.47500 66.82899 0.11203 -13
-0.81679 -0.20678 82.74301 0 6.22500 22.27500 64.61490 0.13168 13
-0.39331 -0.07976 28.28659 0 2.42500 12.97500 26.33484 0.10852 -13
0.49217 -0.20753 90.87584 0 6.27500 -16.12500 81.86575 0.11418 -13
-0.04068 0.12122 20.22748 0 -3.62500 0.82500 20.21104 0.10151 -13
-0.04193 -0.27893 20.22748 0 8.45000 0.87500 20.21104 0.10466 -13
-0.58691 -0.03223 98.39823 0 0.97500 18.00000 84.87305 0.11682 13
0.03411 -0.10096 41.28267 0 3.02500 0.67500 41.25892 0.10127 13
1.95741 -0.03394 25.89307 0 1.07500 -59.50000 11.78518 0.22139 -13
-0.62514 -0.12964 73.92065 0 3.92500 18.92500 62.82649 0.11948 -13
-1.26051 -0.08360 83.27219 0 2.52500 38.85000 51.86437 0.16226 -13
-0.51251 -0.01926 95.70881 0 0.57500 12.32500 85.17754 0.11318 13
1.48494 0.14008 9.89009 0 -4.32500 -43.25000 5.56135 0.18092 13
1.51919 -0.25919 9.89009 0 7.72500 -44.22500 5.56135 0.18487 13
-0.52557 -0.05423 66.57396 0 1.62500 15.37500 58.94924 0.11389 13
-0.29400 0.02390 56.81225 0 -0.70000 9.10000 54.50673 0.10499 -13
-0.73698 -0.04695 82.05054 0 1.40000 24.15000 66.07629 0.12518 13
0.23099 -0.24340 54.02929 0 7.35000 -8.22500 52.71743 0.10623 -13
-1.55117 -0.13866 32.67149 0 4.20000 45.75000 17.82175 0.18640 -13
-1.31826 -0.23578 72.24994 0 7.12500 39.07500 44.41396 0.16833 -13
0.32882 -0.07419 27.11508 0 2.22500 -10.42500 25.76524 0.10627 13
-0.11026 0.13631 33.61984 0 -4.10000 3.22500 33.42102 0.10223 -13
-0.11297 -0.26303 33.61984 0 7.95000 3.32500 33.42102 0.10475 -13
-0.09289 0.03499 71.76290 0 -1.05000 2.52500 71.45557 0.10120 -13
-1.55117 -0.12140 55.58360 0 3.67500 47.20000 30.27442 0.18626 -13
-0.21223 -0.06225 18.48709 0 1.85000 6.67500 18.08577 0.10314 13
-0.73350 -0.24379 7.91936 0 7.27500 20.57500 6.44928 0.12721 13
1.48944 0.01117 8.74575 0 -0.25000 -43.70000 4.87525 0.18067 -13
-0.36505 -0.13050 31.22238 0 3.92500 10.57500 29.35812 0.10800 13
0.51196 -0.07066 83.53985 0 2.15000 -16.10000 74.39963 0.11336 -13
-0.60467 0.03296 37.03612 0 -1.00000 19.12500 31.69738 0.11773 13
0.67946 0.02457 28.53511 0 -0.72500 -20.25000 23.60455 0.12178 -13
0.39798 -0.15698 29.95376 0 4.75000 -11.37500 27.87638 0.10955 -13
-1.84990 -0.13408 29.77316 0 4.07500 53.57500 14.25338 0.21226 -13
0.31683 -0.16090 95.74747 0 4.85000 -10.77500 91.38103 0.10687 13
1.83923 -0.19800 79.83522 0 5.97500 -56.60000 38.70231 0.21177 -13
-0.91894 -0.19621 21.56450 0 5.95000 27.90000 16.01443 0.13821 -13
-2.00538 -0.19286 22.47405 0 5.87500 61.10000 10.17671 0.22656 -13
-1.81851 -0.19574 7.89649 0 6.05000 55.95000 3.85932 0.21016 -13
0.12365 -0.09654 91.61328 0 2.90000 -6.27500 90.92723 0.10193 13
0.78115 -0.23832 97.98124 0 7.17500 -22.80000 78.01341 0.13002 13
0.12261 -0.09060 95.58088 0 2.75000 -3.47500 94.87609 0.10187 -13
-0.26632 -0.05543 40.41766 0 1.65000 5.77500 39.06004 0.10436 13
0.27259 0.02590 22.15972 0 -0.80000 -7.87500 21.38028 0.10442 13
-1.57428 0.06290 77.55793 0 -1.87500 46.25000 41.64367 0.18792 -13
-0.48944 -0.16215 76.66419 0 4.87500 14.60000 69.03029 0.11330 13
1.35415 -0.01271 28.88693 0 0.35000 -42.25000 17.16123 0.16953 13
0.45462 -0.02831 98.01511 0 0.85000 -12.15000 89.23340 0.11065 13
-2.07948 0.10331 78.35989 0 -3.10000 64.57500 34.10574 0.23260 -13
-1.33623 -0.19346 13.69917 0 5.77500 40.85000 8.30441 0.16915 13
1.00927 0.14415 76.40894 0 -4.35000 -27.87500 54.05829 0.14381 13
1.03088 -0.25487 76.40894 0 7.67500 -28.52500 54.05829 0.14687 13
-0.61282 -0.06001 41.77148 0 1.82500 17.57500 35.63327 0.11827 -13
1.26471 -0.18242 48.25719 0 5.52500 -35.65000 30.23246 0.16341 -13
-0.39034 -0.19047 94.34269 0 5.75000 12.20000 88.08890 0.10980 -13
0.98464 -0.18511 75.65028 0 5.60000 -28.95000 54.35079 0.14255 -13
-0.44572 -0.21851 97.27481 0 6.57500 13.50000 89.18610 0.11242 13
-0.17859 -0.11204 15.61137 0 3.35000 2.15000 15.37106 0.10291 13
-0.49640 0.07112 60.35459 0 -2.15000 13.97500 54.08763 0.11266 13
0.56768 -0.11680 38.33610 0 3.50000 -16.30000 33.39374 0.11638 13
-0.13734 -0.20275 31.10148 0 6.10000 0.40000 30.82351 0.10366 13
0.12879 0.01153 98.80163 0 -0.35000 -1.82500 97.99236 0.10154 -13
-1.99447 0.06483 37.26137 0 -1.92500 58.50000 16.72845 0.22477 -13
2.00664 -0.05847 88.10813 0 1.77500 -62.25000 39.35274 0.22585 -13
-1.59004 0.08701 72.40406 0 -2.65000 46.72500 38.65005 0.18937 13
0.57825 -0.00656 1.02375 0 -0.35000 -15.87500 0.88620 0.11697 13
-0.83147 0.12862 44.79840 0 -3.87500 24.62500 34.56219 0.13160 -13
-0.85446 -0.27114 44.79840 0 8.20000 25.32500 34.56219 0.13526 -13
-0.33593 -0.08437 69.06288 0 2.55000 9.70000 65.49123 0.10657 -13
0.79050 0.04076 98.86972 0 -1.22500 -23.72500 77.58682 0.12842 13
0.00020 -0.08410 54.98544 0 2.52500 0.30000 54.98544 0.10106 13
1.20187 -0.11851 92.45141 0 3.57500 -37.15000 59.37372 0.15790 13
-0.44407 0.09141 12.15446 0 -2.70000 15.17500 11.11580 0.11056 -13
0.71201 0.12349 88.09143 0 -3.72500 -22.32500 71.94216 0.12425 13
0.73320 -0.27662 88.09143 0 8.32500 -22.97500 71.94216 0.12793 13
-0.60268 0.11371 1.55769 0 -3.77500 17.10000 1.33646 0.11857 13
-0.62274 -0.28736 1.55769 0 8.30000 17.62500 1.33646 0.12201 13
-0.78519 0.09195 70.36850 0 -2.77500 23.52500 55.43524 0.12838 13
0.68839 -0.07444 17.76363 0 2.20000 -22.07500 14.64478 0.12248 13
1.09475 -0.18570 5.76367 0 5.72500 -33.57500 3.92318 0.15062 -13
-2.22954 0.06113 9.78776 0 -1.97500 64.97500 4.01227 0.24600 13
0.88116 0.11329 29.13767 0 -3.40000 -25.82500 21.92212 0.13470 -13
0.26122 0.03635 47.90475 0 -1.10000 -7.02500 46.35145 0.10415 13
-1.45382 -0.21933 80.31910 0 6.60000 40.47500 46.24371 0.17906 13
-1.53023 0.05121 41.35367 0 -1.57500 47.47500 22.64276 0.18417 13
1.84288 -0.01067 85.90795 0 0.32500 -53.57500 40.97402 0.21115 -13
-0.31950 -0.15832 29.94988 0 4.75000 9.85000 28.56133 0.10691 13
-0.29909 -0.06881 61.87392 0 2.07500 10.32500 59.29090 0.10534 13
0.54231 0.13479 96.36244 0 -4.07500 -16.80000 84.88008 0.11536 13
0.55595 -0.26465 96.36244 0 7.97500 -17.20000 84.88008 0.11825 13
1.84614 0.02944 81.66103 0 -0.87500 -54.47500 38.90612 0.21146 -13
-0.19163 -0.15205 65.83570 0 4.57500 6.15000 64.68502 0.10367 13
1.09564 -0.16083 29.54408 0 4.87500 -33.70000 20.05484 0.15027 -13
0.46740 -0.14106 80.80014 0 4.25000 -12.22500 73.32754 0.11206 13
-0.49547 -0.24741 80.27952 0 7.47500 15.00000 72.34659 0.11512 -13
0.87583 -0.10377 91.23210 0 3.12500 -26.07500 68.79030 0.13427 13
0.48017 -0.01020 28.69548 0 0.30000 -10.87500 25.86826 0.11172 13
0.71136 0.01457 19.24175 0 -0.47500 -22.72500 15.67976 0.12360 13
-0.57747 -0.15014 11.33155 0 4.47500 17.07500 9.84010 0.11724 13
0.26100 0.10162 28.23314 0 -3.05000 -8.07500 27.32677 0.10457 -13
0.42577 -0.08494 92.73007 0 2.55000 -13.80000 85.36561 0.10979 13
-0.91336 0.12695 74.36853 0 -3.85000 28.17500 55.11069 0.13699 13
-0.93924 -0.27294 74.36853 0 8.22500 28.95000 55.11069 0.14085 13
0.94809 0.07619 21.51858 0 -2.32500 -28.15000 15.63748 0.13899 13
-0.08604 0.05065 33.03904 0 -1.55000 3.47500 32.91772 0.10121 13
-0.10851 -0.13509 56.85504 0 4.07500 3.12500 56.52917 0.10221 -13
-0.59115 0.14366 4.29076 0 -4.47500 16.85000 3.70340 0.11798 13
-0.60404 -0.25542 4.29076 0 7.57500 17.20000 3.70340 0.12033 13
0.85315 0.04342 42.13764 0 -1.32500 -26.42500 32.06930 0.13245 13
0.18921 0.11376 33.66455 0 -3.42500 -7.17500 33.08490 0.10312 -13
-0.18784 -0.08905 37.10951 0 2.70000 9.02500 36.47660 0.10286 -13
-0.61790 0.00401 71.38647 0 -0.12500 16.60000 60.72876 0.11837 13
-0.59512 0.03112 23.25064 0 -0.92500 18.27500 19.98249 0.11723 -13
0.61058 -0.16953 32.31325 0 5.12500 -19.25000 27.68391 0.11923 -13
-0.60393 -0.10370 78.42897 0 3.12500 15.00000 67.23123 0.11810 13
-0.02163 -0.05977 69.92303 0 1.80000 0.52500 69.90672 0.10090 13
1.09325 -0.16016 91.47385 0 4.85000 -31.25000 62.16397 0.15008 -13
1.06401 -0.23497 93.81496 0 7.10000 -29.65000 65.16064 0.14894 -13
-1.85458 -0.18494 81.41517 0 5.57500 56.60000 39.14450 0.21298 13
-0.77596 -0.07102 11.86031 0 2.10000 23.67500 9.37894 0.12766 13
-0.38938 -0.17396 68.03655 0 5.25000 11.05000 63.52279 0.10947 13
0.48672 -0.14065 36.47801 0 4.22500 -15.82500 32.86053 0.11288 13
0.14756 0.12791 3.97743 0 -3.97500 -3.77500 3.93546 0.10270 13
0.15143 -0.27208 3.97743 0 8.07500 -3.87500 3.93546 0.10540 13
1.11033 -0.18206 8.54507 0 5.40000 -31.52500 5.76965 0.15153 13
-0.90396 -0.07617 52.66895 0 2.27500 27.87500 39.12227 0.13596 13
-1.32355 -0.00919 94.21334 0 0.27500 41.77500 56.79655 0.16705 -13
-1.82244 -0.02408 57.38089 0 0.70000 55.87500 27.60897 0.20935 13
-0.09220 0.10412 55.33573 0 -3.15000 3.37500 55.10460 0.10167 13
-1.15156 0.04024 1.66047 0 -0.77500 37.25000 1.08935 0.15387 -13
-1.32360 -0.14766 5.40733 0 4.30000 41.35000 3.28206 0.16762 13
1.54526 -0.06240 96.48371 0 1.90000 -46.10000 52.49174 0.18546 -13
1.75245 -0.16010 62.90651 0 4.85000 -53.62500 31.47480 0.20385 -13
0.03877 -0.11693 50.09801 0 3.52500 -0.10000 50.06091 0.10146 13
0.76934 0.10395 87.79785 0 -3.12500 -21.65000 69.72518 0.12748 -13
-0.27110 -0.21842 43.02979 0 6.57500 7.95000 41.59543 0.10662 13
-1.03682 -0.06847 1.95522 0 2.42500 32.17500 1.35933 0.14553 -13
0.11324 -0.13048 17.13414 0 3.97500 -1.82500 17.02711 0.10221 -13
-0.80609 -0.12428 67.05251 0 3.75000 23.90000 52.36116 0.12995 -13
-1.22393 0.06485 82.06648 0 -1.95000 37.05000 51.98934 0.15929 -13
-0.61173 -0.21025 1.11624 0 6.87500 16.37500 0.95775 0.12091 -13
-0.14348 0.05865 36.15975 0 -1.75000 2.15000 35.79442 0.10190 -13
-0.45378 0.01476 70.72658 0 -0.45000 12.87500 64.40699 0.11059 -13
-0.34652 0.04380 79.09556 0 -1.32500 10.15000 74.74336 0.10667 -13
-0.30864 -0.00149 18.48779 0 0.02500 8.85000 17.66554 0.10539 13
-0.53732 -0.05678 73.54194 0 1.72500 13.62500 64.80599 0.11446 -13
0.40386 -0.19813 39.12172 0 6.00000 -12.17500 36.37148 0.11043 -13
0.27952 -0.07536 15.99364 0 2.25000 -10.82500 15.40646 0.10483 13
-0.26060 0.01780 39.92919 0 -0.52500 6.60000 38.63904 0.10408 -13
0.64646 0.10401 83.09127 0 -3.12500 -20.65000 69.89046 0.12037 -13
0.20454 -0.14024 50.34155 0 4.25000 -5.87500 49.33956 0.10376 -13
0.46069 -0.02883 99.36785 0 0.87500 -15.82500 90.25751 0.11091 13
1.45722 -0.00753 48.18822 0 0.25000 -42.92500 27.26691 0.17797 -13
-0.53627 0.01232 86.30030 0 -0.37500 17.82500 76.05574 0.11428 -13
0.78573 -0.20491 68.32622 0 6.17500 -23.60000 54.14394 0.12971 13
-0.74263 -0.06522 89.39492 0 1.97500 24.17500 71.82273 0.12561 -13
-1.80505 -0.00851 98.65188 0 0.27500 55.00000 47.80844 0.20783 -13
0.07816 0.02246 13.88937 0 -0.72500 -2.77500 13.84714 0.10104 13
-0.62702 0.03759 64.78040 0 -1.15000 19.45000 54.89489 0.11892 13
0.18296 -0.23527 69.36805 0 7.10000 -4.70000 68.29353 0.10507 13
0.80800 0.13420 23.00816 0 -4.07500 -24.10000 17.95943 0.13019 13
0.82855 -0.26528 23.00816 0 7.97500 -24.72500 17.95943 0.13345 13
0.01732 0.10113 93.19872 0 -3.05000 -1.02500 93.18487 0.10123 13
0.39981 -0.09201 36.40778 0 2.80000 -10.82500 33.82548 0.10885 -13
-1.62735 0.14174 74.77092 0 -4.30000 49.50000 39.42907 0.19289 13
-1.66373 -0.25739 74.77092 0 7.75000 50.60000 39.42907 0.19717 13
1.26518 -0.13610 89.19522 0 4.10000 -38.25000 55.62181 0.16297 13
-1.12903 -0.09905 11.60136 0 3.05000 35.17500 7.71300 0.15224 -13
0.20847 -0.04383 97.88145 0 1.32500 -5.02500 95.82529 0.10296 -13
1.58540 -0.06840 11.21821 0 2.15000 -44.47500 5.99487 0.18893 -13
1.49884 0.00400 5.20526 0 -0.30000 -47.17500 2.88860 0.18152 13
0.22930 -0.13451 89.81957 0 4.05000 -7.90000 87.58642 0.10420 13
0.09860 0.02626 67.84675 0 -0.80000 -1.32500 67.51958 0.10123 13
-1.54848 0.01997 63.07142 0 -0.62500 45.35000 34.22144 0.18564 13
0.23871 -0.04538 10.19934 0 1.42500 -7.12500 9.92119 0.10365 -13
-0.06024 -0.01139 73.80148 0 0.32500 2.00000 73.66792 0.10089 13
1.21212 -0.23476 76.36721 0 7.07500 -34.97500 49.37231 0.15999 13
0.59540 -0.10415 73.76663 0 3.15000 -17.77500 63.47205 0.11767 -13
0.24546 -0.05839 53.04159 0 1.77500 -7.15000 51.51741 0.10386 -13
-0.32733 0.05058 66.15704 0 -1.52500 11.25000 62.88222 0.10608 -13
-1.61374 -0.01597 11.53893 0 0.40000 46.67500 6.07873 0.19119 13
-0.96698 -0.04450 70.84366 0 1.32500 29.65000 50.95204 0.14015 13
-1.70908 -0.14820 60.34153 0 4.47500 52.37500 30.72024 0.19998 -13
-0.15600 -0.00745 6.49036 0 0.15000 3.02500 6.41280 0.10193 13
-0.71154 -0.17613 31.11307 0 5.32500 19.37500 25.48006 0.12487 -13
0.88511 0.07816 63.38003 0 -2.35000 -27.15000 47.52278 0.13471 -13
1.24821 -0.00714 12.80525 0 0.15000 -37.40000 8.00649 0.16107 13
1.32621 -0.03552 16.39560 0 1.12500 -37.57500 9.87500 0.16732 -13
0.59948 0.02233 44.22488 0 -0.67500 -21.17500 37.93373 0.11744 13
0.45577 -0.04540 1.01304 0 0.87500 -13.90000 0.92158 0.11135 13
0.82211 0.00139 2.02825 0 0.27500 -22.37500 1.56669 0.13056 -13
-0.59108 0.12277 12.92356 0 -3.75000 17.47500 11.14698 0.11766 13
-0.60881 -0.27740 12.92356 0 8.32500 18.00000 11.14698 0.12112 13
0.58162 -0.04328 77.93529 0 1.30000 -17.60000 67.38497 0.11658 13
-1.23262 -0.19342 66.12496 0 5.85000 35.72500 42.12092 0.16102 -13
-0.89089 0.03639 27.02156 0 -1.07500 26.15000 20.18221 0.13492 -13
0.09947 0.01885 2.76567 0 -0.75000 -3.20000 2.75207 0.10131 13
0.94385 0.00219 86.67416 0 -0.07500 -28.90000 63.03231 0.13847 13
-0.19649 -0.01278 34.37537 0 0.37500 5.97500 33.73055 0.10264 13
-0.42252 0.00271 48.17617 0 -0.10000 13.10000 44.37745 0.10932 13
-0.58023 -0.09353 51.85413 0 2.80000 15.17500 44.89995 0.11680 13
-0.12199 0.01950 69.71767 0 -0.60000 2.75000 69.20483 0.10146 13
-0.75364 -0.20212 17.09233 0 6.12500 23.35000 13.74810 0.12777 -13
2.00786 -0.03209 23.87299 0 1.02500 -60.77500 10.64695 0.22593 -13
-1.12102 0.05699 13.19104 0 -1.77500 34.50000 8.78898 0.15140 13
1.70451 0.07839 56.10453 0 -2.35000 -51.32500 28.45520 0.19914 -13
-0.69988 -0.18817 63.40705 0 5.67500 21.20000 52.24276 0.12438 -13
0.69485 -0.07711 63.65230 0 2.32500 -21.20000 52.32276 0.12287 -13
0.77722 0.11768 49.58021 0 -3.52500 -25.20000 39.24820 0.12809 -13
-0.75891 -0.20724 9.58992 0 6.32500 22.20000 7.69798 0.12818 -13
-0.80180 0.06024 42.98338 0 -1.80000 23.50000 33.55875 0.12921 -13
1.64510 -0.02978 27.64958 0 0.87500 -50.80000 14.36636 0.19390 13
-0.91434 -0.14159 84.21304 0 4.27500 28.95000 62.43023 0.13719 -13
1.12981 0.12614 97.71882 0 -3.80000 -33.97500 65.05223 0.15246 -13
1.16217 -0.27375 97.71882 0 8.27500 -34.95000 65.05223 0.15684 -13
0.54079 0.04748 17.27163 0 -1.40000 -14.75000 15.19638 0.11458 -13
-1.15370 0.08039 97.34250 0 -2.42500 33.67500 63.87352 0.15396 -13
-0.84705 -0.16272 50.43353 0 4.92500 26.27500 38.69250 0.13299 -13
0.63824 -0.24847 22.91675 0 7.52500 -20.02500 19.48282 0.12208 -13
-0.68106 -0.02727 25.72484 0 0.85000 21.85000 21.26465 0.12187 -13
-0.42138 -0.10829 13.44517 0 3.22500 14.67500 12.40094 0.10981 13
-0.86129 -0.01764 52.33476 0 0.52500 26.82500 39.65664 0.13292 13
1.20805 0.04356 61.37070 0 -1.32500 -37.12500 39.15547 0.15799 13
-1.22516 -0.02261 32.14597 0 0.70000 37.52500 20.33011 0.15928 -13
0.31281 0.09500 65.03865 0 -2.85000 -11.22500 62.09719 0.10594 -13
-0.15551 0.03115 91.69201 0 -0.95000 3.07500 90.60409 0.10196 13
-1.33203 -0.20810 77.40259 0 6.27500 40.25000 47.10002 0.16903 13
-0.33492 -0.02938 51.78799 0 0.90000 9.50000 49.10913 0.10625 -13
0.27882 0.08877 77.35174 0 -2.67500 -10.10000 74.53071 0.10493 13
0.01914 0.10338 88.42706 0 -3.12500 -0.52500 88.41104 0.10126 13
1.65450 -0.09680 22.37296 0 2.87500 -47.80000 11.61219 0.19491 13
-0.79259 0.06957 49.35473 0 -2.10000 22.12500 38.71505 0.12858 13
-0.27700 1.29722 49.35473 0 -2.12500 22.12500 38.71505 0.12868 13
-0.12101 -0.86998 49.35473 0 -0.92500 22.12500 38.71505 0.14428 13
0.72592 0.20089 49.35473 0 -1.75000 21.05000 38.71505 0.15037 13
-0.46148 0.06073 49.35473 0 -0.45000 20.60000 38.71505 0.15936 13
-0.05420 0.08059 49.35473 0 -0.42500 20.37500 38.71505 0.16092 13
-0.06372 -0.40416 49.35473 0 0.17500 20.17500 38.71505 0.16873 13
-0.09884 -0.12735 93.22726 0 3.85000 4.25000 92.78224 0.10200 13
