0.45564 -0.05066 42.96065 0 1.55000 -14.42500 39.10254 0.11078 -13
1.81574 -0.08635 52.59816 0 2.62500 -54.67500 25.44630 0.20894 -13
2.68958 3.95531 52.59816 0 2.55000 -54.67500 25.44630 0.20903 -13
-0.64908 -0.09366 4.36150 0 2.95000 18.40000 3.66333 0.12051 -13
1.04180 0.03968 81.48099 0 -1.20000 -30.22500 56.44754 0.14548 -13
1.52562 0.11083 69.55450 0 -3.35000 -46.20000 38.29345 0.18403 13
0.31495 0.05038 51.86043 0 -1.50000 -9.32500 49.47091 0.10570 -13
0.05372 -0.05399 17.70479 0 1.60000 -1.67500 17.67939 0.10099 13
0.52371 -0.00063 97.26286 0 0.02500 -15.65000 86.16196 0.11368 -13
-0.06866 -0.20706 15.29968 0 6.27500 0.87500 15.26520 0.10310 -13
0.00328 0.09966 2.38149 0 -3.20000 0.52500 2.38148 0.10138 13
0.42809 -0.24896 32.69147 0 7.50000 -13.10000 30.19018 0.11236 13
0.24006 -0.06797 15.66085 0 2.07500 -8.85000 15.23025 0.10380 -13
-1.77016 0.09772 61.98258 0 -2.92500 54.95000 30.59805 0.20496 -13
0.21235 -0.05454 54.75093 0 1.62500 -6.87500 53.56028 0.10309 13
1.70011 0.09436 3.02984 0 -3.12500 -49.47500 1.54130 0.19914 13
-0.81097 0.06812 5.88719 0 -2.17500 25.45000 4.57686 0.12989 13
0.32265 -0.12595 44.54616 0 3.80000 -9.30000 42.42521 0.10658 -13
-1.01775 -0.11384 27.38594 0 3.40000 28.90000 19.25634 0.14413 13
-0.64259 0.00997 16.55127 0 -0.27500 13.65000 13.92454 0.11971 -13
-1.29371 -0.08146 51.43244 0 2.45000 40.45000 31.51903 0.16487 13
1.65278 0.13932 98.77909 0 -4.22500 -52.75000 51.49438 0.19505 13
1.69137 -0.25990 98.77909 0 7.82500 -53.90000 51.49438 0.19958 13
-0.32618 0.08117 76.99697 0 -2.45000 9.67500 73.22406 0.10625 -13
0.08935 -0.10313 51.12441 0 3.12500 -3.45000 50.92373 0.10164 -13
0.66338 -0.16641 6.07188 0 5.12500 -17.87500 5.08125 0.12207 -13
-0.57943 -0.17919 8.80486 0 5.32500 16.70000 7.64834 0.11774 13
-0.37723 -0.11631 6.79284 0 3.57500 12.22500 6.36129 0.10830 -13
1.38639 -0.04247 30.95906 0 1.25000 -42.02500 18.12110 0.17220 13
1.92443 0.13971 4.93134 0 -4.42500 -57.10000 2.29015 0.21921 13
1.96769 -0.25940 4.93134 0 7.62500 -58.30000 2.29015 0.22369 13
-0.05063 0.05890 48.25544 0 -1.77500 1.32500 48.19390 0.10100 -13
0.61407 0.02473 3.93125 0 -0.60000 -17.47500 3.35055 0.11822 -13
0.46740 -0.00867 43.02493 0 0.25000 -13.50000 38.97772 0.11116 13
-1.45641 -0.02529 18.02483 0 0.72500 42.60000 10.20454 0.17793 13
0.51811 0.10383 93.67431 0 -3.15000 -12.50000 83.26762 0.11390 13
-0.41507 -0.14496 35.62518 0 4.35000 9.95000 32.95325 0.11000 13
-0.69358 -0.11427 79.61530 0 3.45000 22.37500 65.55702 0.12309 -13
-1.79491 0.14059 50.92980 0 -4.22500 53.97500 24.97237 0.20738 -13
-1.83583 -0.25855 50.92980 0 7.82500 55.20000 24.97237 0.21217 -13
-0.07729 -0.15713 64.63544 0 4.75000 0.90000 64.44783 0.10224 -13
0.82983 -0.17724 76.18189 0 5.32500 -25.00000 58.99317 0.13206 13
-1.02130 0.11060 74.27946 0 -3.32500 31.70000 52.12705 0.14436 -13
-0.85399 0.13050 77.58121 0 -3.92500 23.85000 59.20527 0.13307 -13
-0.87694 -0.26915 77.58121 0 8.12500 24.55000 59.20527 0.13666 -13
0.16104 -0.21434 41.47322 0 6.47500 -3.37500 40.96840 0.10427 -13
-0.63971 -0.01207 37.12476 0 0.35000 18.95000 31.27412 0.11955 13
0.02942 0.04562 92.85782 0 -1.37500 -0.95000 92.81774 0.10085 -13
1.98833 0.07973 29.34034 0 -2.45000 -60.02500 13.21607 0.22429 13
-0.36846 -0.05399 68.45213 0 1.62500 13.90000 64.24198 0.10746 13
0.48895 0.03547 92.78717 0 -1.07500 -13.32500 83.36669 0.11216 13
-0.16416 -0.11927 13.77709 0 3.62500 4.95000 13.59763 0.10277 -13
0.63613 -0.11867 72.30035 0 3.57500 -22.12500 61.12611 0.11995 -13
1.48446 -0.05349 79.34548 0 1.62500 -46.27500 44.37421 0.18033 -13
0.60150 0.09759 77.16234 0 -2.95000 -17.92500 66.20555 0.11793 -13
-1.26282 -0.01480 3.95101 0 0.65000 37.05000 2.45292 0.16230 -13
-1.92596 0.12275 36.29133 0 -3.67500 56.30000 16.82266 0.21885 -13
-1.98365 -0.27729 36.29133 0 8.40000 58.05000 16.82266 0.22551 -13
-1.73176 0.00165 58.77051 0 -0.07500 53.15000 29.38880 0.20138 13
-0.47314 -0.07613 77.89408 0 2.30000 13.12500 70.44784 0.11167 -13
0.62627 -0.09186 87.12649 0 2.77500 -16.92500 73.92810 0.11919 -13
-1.90873 0.10886 81.83289 0 -3.27500 55.67500 38.15348 0.21726 -13
0.02586 -0.22542 73.36984 0 6.80000 -1.20000 73.34651 0.10327 -13
-1.40931 0.14296 98.84044 0 -4.32500 41.02500 57.58196 0.17463 13
-1.44014 -0.25611 98.84044 0 7.72500 41.95000 57.58196 0.17843 13
1.05052 -0.20583 75.17636 0 6.22500 -29.95000 52.39350 0.14753 -13
1.63260 -0.06435 14.58142 0 1.87500 -49.87500 7.62854 0.19286 13
-0.94059 0.12065 24.64592 0 -3.60000 28.57500 18.01336 0.13876 -13
-0.96965 -0.27951 24.64592 0 8.45000 29.45000 18.01336 0.14310 -13
-0.95155 0.01866 9.75198 0 -0.65000 30.50000 7.06509 0.13905 13
-0.45553 -0.20449 8.84323 0 6.22500 14.75000 8.07544 0.11261 -13
-0.13063 0.11499 69.73608 0 -3.45000 3.97500 69.15610 0.10222 -13
-0.49581 -0.05940 78.04456 0 1.80000 11.82500 69.94613 0.11256 -13
-1.94471 -0.10247 49.65525 0 3.07500 57.50000 22.80150 0.22044 13
0.53887 0.04723 12.55183 0 -1.47500 -17.22500 11.05255 0.11450 13
1.29530 0.07460 15.31981 0 -2.20000 -37.50000 9.37827 0.16494 -13
1.55306 0.02102 3.50300 0 -0.90000 -47.27500 1.89672 0.18615 13
1.58064 -0.18608 81.03242 0 5.60000 -49.57500 43.85083 0.18928 13
0.80272 0.00029 54.07491 0 -0.02500 -22.12500 42.16923 0.12914 13
-0.04092 0.10459 57.20689 0 -3.17500 3.45000 57.15958 0.10134 13
1.64373 0.03046 39.39783 0 -0.90000 -52.05000 20.48333 0.19378 -13
0.25130 0.00502 87.98668 0 -0.15000 -8.77500 85.33368 0.10384 13
0.33223 -0.08543 62.95136 0 2.57500 -7.70000 59.76213 0.10647 -13
-0.32159 -0.04348 5.18802 0 1.22500 8.55000 4.93934 0.10588 13
0.48191 -0.01028 98.45421 0 0.30000 -13.40000 88.69356 0.11179 13
-1.44942 0.14787 1.85132 0 -4.00000 43.87500 1.05893 0.17789 -13
-1.47966 -0.24983 1.85132 0 8.05000 45.00000 1.05893 0.18252 -13
0.76307 0.08145 22.40650 0 -2.47500 -22.77500 17.83470 0.12695 13
0.18974 -0.02081 5.33355 0 0.52500 -6.12500 5.24007 0.10254 13
1.66865 0.14628 96.82517 0 -4.40000 -51.17500 50.16072 0.19644 -13
1.70289 -0.25263 96.82517 0 7.62500 -52.20000 50.16072 0.20049 -13
0.15724 -0.18562 89.61164 0 5.60000 -4.30000 88.55957 0.10363 13
1.24980 -0.19864 93.12581 0 5.97500 -36.97500 58.86633 0.16228 13
-1.45464 2.12109 93.12581 0 6.67500 -36.45000 58.86633 0.16530 13
-0.07973 0.10185 15.84692 0 -3.05000 3.37500 15.79732 0.10153 -13
0.24096 -0.23271 72.05663 0 7.02500 -8.17500 70.15065 0.10620 13
1.10180 0.11926 87.96740 0 -3.60000 -33.92500 59.34892 0.15032 -13
1.13644 -0.28107 87.96740 0 8.47500 -34.97500 59.34892 0.15506 -13
0.46303 -0.15146 87.35480 0 4.57500 -15.37500 79.42693 0.11202 -13
0.48915 -0.04947 87.66459 0 1.50000 -11.80000 78.76710 0.11221 -13
0.01535 -0.17032 95.77710 0 5.12500 -2.62500 95.76614 0.10216 13
-0.81703 -0.12916 45.24014 0 3.90000 23.55000 35.14870 0.13070 -13
1.95215 0.12432 65.76037 0 -3.77500 -59.57500 30.16357 0.22126 13
2.00947 -0.27570 65.76037 0 8.30000 -61.30000 30.16357 0.22772 13
1.51979 -0.01632 10.79694 0 0.57500 -42.10000 5.93534 0.18322 -13
-0.67141 -0.07023 34.27942 0 2.12500 20.85000 28.48154 0.12151 -13
-0.70404 -0.24803 30.63073 0 7.50000 21.37500 25.29025 0.12568 -13
-1.20836 -0.06219 78.09198 0 1.87500 35.75000 49.84533 0.15808 -13
1.54601 0.11428 37.79057 0 -3.47500 -47.52500 20.61928 0.18579 13
0.31769 0.02749 89.27221 0 -0.82500 -8.17500 85.08485 0.10570 -13
0.10178 -0.12859 50.53777 0 3.87500 -1.95000 50.28218 0.10204 13
0.11043 -0.06587 18.75447 0 2.00000 -2.35000 18.64158 0.10154 -13
0.88881 -0.17977 42.68271 0 5.40000 -27.37500 32.12511 0.13593 13
0.02804 -0.15756 93.52096 0 4.75000 -1.95000 93.48513 0.10198 13
1.40753 -0.02308 12.73670 0 0.75000 -42.20000 7.37830 0.17390 -13
0.09559 -0.12839 35.88157 0 3.87500 -2.50000 35.72140 0.10199 -13
-1.05022 -0.03194 45.26114 0 0.95000 33.30000 31.21920 0.14607 13
-1.04011 -0.12914 54.33112 0 3.87500 31.45000 37.81643 0.14588 13
0.40274 -0.18899 40.33413 0 5.70000 -12.67500 37.50417 0.11021 13
-0.52650 -0.05121 90.92330 0 1.55000 17.25000 80.47654 0.11393 -13
-0.91698 0.14140 10.59562 0 -4.32500 28.65000 7.84486 0.13741 13
-0.93769 -0.25786 10.59562 0 7.70000 29.25000 7.84486 0.14039 13
-0.16246 -0.22928 92.89482 0 6.92500 4.65000 91.75149 0.10461 -13
-0.62797 -0.05374 73.64658 0 1.62500 18.40000 62.39424 0.11903 13
-0.38687 -0.17154 70.72091 0 5.17500 10.22500 66.08031 0.10936 -13
-0.34651 -0.15981 39.88589 0 4.82500 7.55000 37.73819 0.10779 -13
-0.53052 -0.06443 57.14273 0 1.92500 14.35000 50.50170 0.11418 13
-0.18936 0.01118 26.70517 0 -0.35000 5.65000 26.23903 0.10250 13
0.26959 0.13018 88.42893 0 -3.92500 -8.50000 85.42893 0.10512 13
0.27687 -0.26951 88.42893 0 8.12500 -8.72500 85.42893 0.10796 13
1.52548 -0.19074 83.40566 0 5.77500 -47.35000 46.29803 0.18470 -13
-0.27226 -0.00826 14.70156 0 0.22500 8.05000 14.18532 0.10437 13
-1.12215 -0.10980 29.03967 0 3.35000 33.60000 19.38434 0.15179 -13
1.12003 0.13003 75.39659 0 -3.92500 -34.55000 50.44836 0.15178 13
1.15038 -0.26969 75.39659 0 8.12500 -35.45000 50.44836 0.15587 13
-0.06881 -0.22981 54.64048 0 6.95000 3.15000 54.51802 0.10357 -13
0.20213 -0.23725 51.25011 0 7.15000 -5.40000 50.28699 0.10547 13
-0.61939 0.13323 69.74484 0 -4.02500 20.40000 59.43635 0.11922 13
-0.63538 -0.26632 69.74484 0 8.02500 20.90000 59.43635 0.12228 13
-0.29726 0.08885 61.71720 0 -2.67500 9.62500 59.17777 0.10543 -13
0.56683 -0.01529 59.82624 0 0.47500 -17.07500 52.04814 0.11577 -13
-0.51183 0.03668 45.63209 0 -1.12500 12.90000 40.62639 0.11319 13
0.30464 -0.03678 38.07793 0 1.10000 -9.72500 36.42735 0.10534 13
0.80557 -0.15405 59.88666 0 4.62500 -24.30000 46.85128 0.13023 13
-0.48335 -0.11283 68.83617 0 3.40000 14.50000 62.05044 0.11242 13
0.58060 -0.01064 61.71440 0 0.30000 -16.65000 53.37136 0.11645 13
0.04331 -0.09892 17.30300 0 2.95000 -1.00000 17.28693 0.10128 13
-0.59096 0.10610 54.50543 0 -3.20000 16.15000 46.99194 0.11746 -13
1.80959 -0.00781 96.32544 0 0.25000 -53.60000 46.59091 0.20821 -13
-1.01483 -0.18417 90.47418 0 5.57500 29.47500 64.03732 0.14468 -13
0.83991 -0.05613 21.49391 0 1.72500 -28.32500 16.46985 0.13163 -13
1.34465 0.01029 49.84688 0 -0.32500 -41.67500 29.74752 0.16876 13
0.02033 -0.18075 11.77232 0 5.40000 -1.12500 11.76996 0.10234 13
-1.11110 -0.05216 44.30366 0 1.60000 33.75000 29.65986 0.15063 -13
0.44630 -0.00005 82.04999 0 -0.00000 -12.10000 74.92623 0.11028 13
2.01838 0.11144 87.92880 0 -3.37500 -58.72500 39.22858 0.22713 13
-1.32022 0.12346 66.01212 0 -3.72500 41.05000 40.05095 0.16723 -13
-1.35948 -0.27659 66.01212 0 8.35000 42.22500 40.05095 0.17222 -13
0.19067 -0.15600 24.51213 0 4.72500 -9.70000 24.08843 0.10373 -13
-0.89253 -0.12671 8.61442 0 3.90000 25.95000 6.44922 0.13564 -13
-0.12484 -0.12250 94.20663 0 3.70000 2.87500 93.49166 0.10223 -13
-0.14948 0.04691 26.68725 0 -1.40000 5.90000 26.39461 0.10193 -13
0.67175 -0.22398 44.79682 0 6.75000 -19.07500 37.46510 0.12338 13
0.65249 0.05240 70.15748 0 -1.60000 -19.80000 58.78035 0.12036 13
0.68662 -0.06244 52.98836 0 1.87500 -22.80000 43.70979 0.12231 13
-0.98826 -0.11698 35.67040 0 3.55000 30.12500 25.45538 0.14208 -13
49.62445 26.43778 35.67040 0 3.67500 30.32500 25.45538 0.14270 -13
-1.02656 0.04470 17.71869 0 -1.30000 27.70000 12.36982 0.14439 -13
-1.74518 -0.14267 22.11198 0 4.25000 51.25000 11.07671 0.20303 13
-0.79594 0.01963 19.85869 0 -0.55000 23.25000 15.53886 0.12872 -13
1.02647 0.03743 57.29174 0 -1.12500 -29.85000 39.99322 0.14436 -13
0.10562 -0.13114 82.37407 0 3.95000 -2.07500 81.92606 0.10212 13
-1.08878 -0.05155 17.41881 0 1.60000 33.00000 11.79125 0.14898 -13
-0.07622 0.11957 45.93429 0 -3.62500 5.60000 45.80328 0.10171 13
-0.07859 -0.28078 45.93429 0 8.45000 5.67500 45.80328 0.10489 13
0.77609 -0.05985 94.79563 0 1.80000 -24.50000 74.93822 0.12761 13
-0.23414 -0.01120 92.23958 0 0.32500 4.82500 89.81097 0.10343 13
-1.03388 -0.14830 98.29003 0 4.47500 32.02500 68.71729 0.14562 -13
-0.29863 -0.17621 10.02149 0 5.37500 9.57500 9.61435 0.10662 -13
-0.32456 -0.13980 82.01108 0 4.20000 8.97500 78.07684 0.10681 13
-0.90757 -0.03045 63.31537 0 0.92500 25.42500 46.89478 0.13603 -13
-0.01904 -0.07777 31.81327 0 2.32500 3.47500 31.80752 0.10102 13
0.51110 -0.11163 46.97527 0 3.37500 -16.35000 41.88171 0.11366 -13
0.68945 -0.11384 12.03734 0 3.37500 -20.32500 9.93108 0.12283 13
-0.15293 -0.04366 3.64790 0 1.17500 5.22500 3.60605 0.10200 13
0.33464 0.06453 36.90090 0 -1.92500 -9.27500 35.00079 0.10639 -13
-1.46053 0.12075 5.66077 0 -3.50000 43.05000 3.21430 0.17857 -13
-0.85591 -0.02376 78.15323 0 0.70000 23.77500 59.38143 0.13258 13
0.76165 0.04528 64.14789 0 -1.37500 -25.15000 51.05055 0.12667 13
-1.86161 0.14017 8.21987 0 -4.35000 54.70000 3.91913 0.21342 13
-1.90478 -0.25902 8.21987 0 7.67500 55.90000 3.91913 0.21797 13
-0.86077 -0.15424 19.21838 0 4.70000 26.65000 14.63815 0.13380 -13
-0.89895 -0.11692 62.62288 0 3.52500 28.62500 46.71256 0.13592 13
1.29190 -0.23986 88.97700 0 7.22500 -41.60000 55.41341 0.16627 13
1.11798 0.08417 75.09932 0 -2.55000 -33.52500 50.16582 0.15129 13
0.62765 -0.11897 2.02139 0 3.87500 -19.57500 1.71524 0.11981 -13
-0.15205 0.07993 23.99339 0 -2.40000 7.05000 23.72242 0.10217 -13
-0.83304 0.06275 77.74857 0 -1.87500 24.92500 59.78458 0.13122 -13
1.06872 0.02762 20.69726 0 -0.80000 -31.60000 14.14416 0.14742 -13
-0.14012 -0.22546 76.00484 0 6.80000 6.32500 75.30458 0.10419 13
-1.67892 -0.10771 76.70783 0 3.25000 51.80000 39.41989 0.19710 -13
-0.62817 -0.11481 76.10874 0 3.45000 20.70000 64.56693 0.11948 13
0.71609 0.03931 25.28656 0 -1.15000 -21.92500 20.56457 0.12392 -13
-0.39034 -0.08698 78.99945 0 2.62500 11.57500 73.62833 0.10845 13
-0.52734 0.10350 83.09234 0 -3.12500 16.20000 73.58402 0.11433 13
1.79270 0.01128 85.98517 0 -0.32500 -51.40000 41.89027 0.20672 -13
1.23243 -0.21929 71.98108 0 6.62500 -36.97500 45.99417 0.16136 -13
1.16135 -0.22253 77.39324 0 6.72500 -32.10000 51.19729 0.15596 -13
0.88049 -0.23601 21.84598 0 7.15000 -25.57500 16.58795 0.13630 -13
1.10854 0.03163 35.17439 0 -0.97500 -36.15000 23.56734 0.15038 13
1.01330 -0.19613 4.09936 0 5.72500 -30.10000 2.90704 0.14460 13
-1.75276 -0.24367 97.14232 0 7.35000 55.25000 49.19057 0.20470 -13
-0.60652 -0.15451 3.03672 0 4.47500 19.85000 2.60473 0.11876 13
0.98094 -0.21486 82.60490 0 6.50000 -30.60000 59.61816 0.14272 -13
2.04270 -0.17952 71.71640 0 5.42500 -61.85000 31.93706 0.22978 -13
-1.47624 -0.08587 84.18871 0 2.60000 42.05000 47.33547 0.17977 -13
0.64415 -0.20880 22.87834 0 6.32500 -19.17500 19.35212 0.12164 -13
-0.07160 -0.18485 68.03916 0 5.57500 3.90000 67.87113 0.10267 -13
-0.03242 -0.17185 64.93247 0 5.17500 2.70000 64.89934 0.10223 13
-0.28051 0.12916 93.77282 0 -3.90000 7.67500 90.34206 0.10540 13
-0.28821 -0.27059 93.77282 0 8.15000 7.90000 90.34206 0.10828 13
-0.19646 -0.08828 96.12734 0 2.65000 9.07500 94.33781 0.10302 13
-0.13982 -0.07410 67.40276 0 2.25000 2.52500 66.75691 0.10196 -13
-0.79953 -0.14617 3.63009 0 4.22500 23.90000 2.84730 0.12970 13
-1.87201 -0.04954 48.85282 0 1.47500 59.82500 23.04007 0.21378 13
-1.15473 -0.24363 88.33656 0 7.35000 35.15000 58.77715 0.15578 -13
0.88480 0.14511 43.23353 0 -4.40000 -23.35000 32.52641 0.13527 13
0.90341 -0.25389 43.23353 0 7.65000 -23.90000 32.52641 0.13808 13
-0.25065 -0.22578 83.35045 0 6.80000 7.65000 80.96555 0.10627 13
0.78621 0.03893 1.92220 0 -1.50000 -26.75000 1.51149 0.12842 13
0.74939 -0.15566 48.06917 0 4.67500 -20.80000 38.63110 0.12681 13
1.59881 -0.14502 14.68407 0 4.42500 -47.40000 7.84457 0.19054 -13
-0.87783 -0.10819 61.55040 0 3.25000 26.87500 46.37320 0.13444 13
1.12793 -0.14744 71.96434 0 4.45000 -35.85000 48.02809 0.15253 -13
0.20343 -0.21984 23.26685 0 6.65000 -9.20000 22.82079 0.10514 -13
-0.96774 -0.07229 35.99545 0 2.17500 30.45000 25.89908 0.14032 13
-1.37035 0.06924 26.66647 0 -2.05000 42.12500 15.74407 0.17098 -13
-0.18066 -0.02522 56.11115 0 0.75000 3.32500 55.21781 0.10236 13
-2.06943 0.06691 88.32114 0 -2.02500 62.65000 38.49753 0.23156 13
-1.85507 0.07969 13.51942 0 -2.47500 53.45000 6.42993 0.21246 13
0.41487 -0.05785 5.45295 0 1.85000 -11.12500 5.03804 0.10922 -13
-1.17132 0.04196 37.95718 0 -1.25000 37.45000 24.65796 0.15515 -13
0.94132 -0.22817 63.70926 0 6.90000 -27.92500 46.93856 0.14021 -13
-0.34876 -0.20721 55.12349 0 6.25000 12.25000 52.16526 0.10867 13
0.47270 -0.08548 88.67980 0 2.57500 -14.50000 80.22688 0.11172 13
-1.36024 -0.10797 51.29148 0 3.27500 40.27500 30.49535 0.17037 -13
0.06803 -0.14596 42.59566 0 4.40000 -3.97500 42.49947 0.10199 13
0.45578 -0.20107 52.71771 0 6.07500 -10.65000 48.13075 0.11252 -13
-0.70399 -0.02388 75.02905 0 0.72500 20.97500 61.35662 0.12318 13
-0.30166 0.12978 92.66968 0 -3.92500 8.82500 88.78194 0.10600 13
-0.30986 -0.26993 92.66968 0 8.12500 9.07500 88.78194 0.10887 13
1.80981 -0.01992 13.27832 0 0.67500 -54.95000 6.42261 0.20826 -13
-1.20953 -0.03626 40.73381 0 1.07500 36.47500 25.96635 0.15808 13
-1.71569 -0.04927 18.43036 0 1.42500 50.72500 9.29004 0.20001 13
-0.59763 0.06345 71.09717 0 -1.92500 18.60000 61.06175 0.11749 13
-0.60869 -0.13936 68.86592 0 4.20000 17.52500 58.97773 0.11872 13
-1.07285 0.06354 64.15026 0 -1.90000 31.95000 43.78686 0.14783 -13
-0.23579 0.14710 74.03933 0 -4.42500 5.85000 72.10330 0.10451 -13
-0.24056 -0.25177 74.03933 0 7.60000 6.00000 72.10330 0.10664 -13
0.86442 -0.15708 37.03989 0 4.72500 -26.37500 28.16728 0.13403 13
0.68083 0.04844 29.82739 0 -1.45000 -20.97500 24.66472 0.12192 -13
-1.36682 0.12668 94.66607 0 -3.82500 40.17500 56.18672 0.17102 -13
-1.40567 -0.27317 94.66607 0 8.25000 41.35000 56.18672 0.17590 -13
0.23987 -0.09124 68.03775 0 2.75000 -9.12500 66.17601 0.10396 13
-0.33967 0.01680 8.99976 0 -0.57500 11.15000 8.52170 0.10638 13
-0.51678 -0.24678 32.15802 0 7.42500 13.02500 28.74297 0.11603 13
-1.49061 -0.15874 25.86533 0 4.75000 44.37500 14.53363 0.18143 13
-0.91844 -0.23544 32.70810 0 7.12500 31.30000 24.38425 0.13879 -13
-0.06021 -0.19728 59.76096 0 5.95000 2.05000 59.65697 0.10282 13
0.17884 0.05056 98.97812 0 -1.52500 -5.95000 97.43610 0.10243 -13
-1.57391 -0.18600 73.39371 0 5.60000 44.80000 39.83679 0.18870 13
7.47303 -7.11693 73.39371 0 -2.85000 65.00000 39.83679 0.75774 13
0.48971 0.12577 38.31586 0 -3.80000 -11.47500 34.46280 0.11285 13
0.50379 -0.27419 38.31586 0 8.25000 -11.90000 34.46280 0.11608 13
-0.09578 -0.14832 29.10582 0 4.50000 1.22500 28.97594 0.10227 -13
0.33034 0.05662 19.81450 0 -1.72500 -11.42500 18.81736 0.10622 13
0.66019 -0.01177 45.16221 0 0.35000 -18.65000 37.69043 0.12067 13
0.26898 0.05286 59.91878 0 -1.57500 -9.32500 57.86767 0.10442 -13
0.24436 0.06515 98.56945 0 -1.97500 -9.32500 95.76346 0.10388 13
-1.12595 -0.12406 90.62292 0 3.75000 33.57500 60.43483 0.15217 -13
-0.92125 -0.06809 71.87524 0 2.07500 28.57500 52.91810 0.13710 -13
-0.18840 0.11601 34.04145 0 -3.52500 7.95000 33.46058 0.10314 13
-0.69819 -0.18258 70.58658 0 5.50000 20.95000 58.18420 0.12418 13
-0.32558 -0.24383 24.00511 0 7.37500 9.95000 22.88756 0.10873 -13
0.40786 -0.18469 54.61830 0 5.55000 -11.35000 50.69301 0.11033 13
0.56057 -0.02303 16.30246 0 0.72500 -16.02500 14.22152 0.11547 -13
-1.85968 0.07048 56.24755 0 -2.15000 55.97500 26.69053 0.21276 13
-0.84557 -0.21480 15.24512 0 6.42500 26.42500 11.74982 0.13360 13
2.00649 -0.07553 6.46503 0 2.10000 -61.30000 2.89033 0.22582 13
-0.06090 0.07583 20.71864 0 -2.27500 1.12500 20.68055 0.10117 -13
1.15115 -0.12964 54.55295 0 3.92500 -34.07500 35.94559 0.15412 -13
-1.94078 -0.17249 92.24556 0 5.20000 57.52500 42.74291 0.22053 13
1.29382 -0.11475 38.72704 0 3.47500 -35.55000 23.77987 0.16509 -13
1.67075 -0.20065 42.20346 0 6.07500 -50.42500 21.99066 0.19715 -13
0.61040 -0.20985 84.43923 0 6.32500 -18.67500 72.48961 0.11985 13
-0.51297 0.02186 93.12464 0 -0.67500 14.37500 82.86346 0.11321 13
0.75550 -0.14606 65.54637 0 4.42500 -22.15000 52.49826 0.12707 -13
1.15753 0.11888 78.74437 0 -3.60000 -38.30000 51.68423 0.15451 13
1.19416 -0.28151 78.74437 0 8.47500 -39.40000 51.68423 0.15938 13
-1.77401 0.08281 26.65142 0 -2.45000 53.42500 13.12169 0.20522 -13
1.11461 -0.03893 81.22038 0 1.17500 -36.02500 54.26204 0.15085 -13
0.61261 0.06964 24.93749 0 -2.12500 -18.97500 21.27842 0.11832 13
-1.15998 -0.07653 34.62139 0 2.27500 35.55000 22.64358 0.15441 13
-0.37665 -0.11920 2.82766 0 3.77500 11.15000 2.64820 0.10845 -13
-1.84565 -0.16298 24.20845 0 4.87500 55.55000 11.64962 0.21198 13
-0.00409 -0.01395 8.63611 0 0.37500 -0.82500 8.63604 0.10072 13
-1.03468 -0.01526 97.88741 0 0.45000 31.05000 68.03135 0.14491 13
0.51960 0.08216 56.20518 0 -2.47500 -15.50000 49.90995 0.11379 -13
-0.13898 -0.03032 91.21433 0 0.92500 5.42500 90.34676 0.10172 -13
0.22588 -0.07408 83.81843 0 2.25000 -7.95000 81.76957 0.10351 -13
0.14925 0.02633 20.40731 0 -0.82500 -3.40000 20.18390 0.10186 13
-1.05657 -0.17428 11.90640 0 5.20000 31.85000 8.24907 0.14750 13
-0.82642 0.13483 23.09564 0 -4.10000 24.07500 17.86760 0.13137 13
-0.84717 -0.26465 23.09564 0 7.95000 24.70000 17.86760 0.13462 13
-0.90771 -0.22629 39.30135 0 6.85000 27.17500 29.42632 0.13792 -13
1.65514 0.07236 86.97868 0 -2.20000 -49.65000 45.06423 0.19488 13
1.93083 0.09811 2.55823 0 -2.55000 -56.75000 1.18109 0.21909 -13
-0.82641 -0.01547 8.71025 0 0.40000 22.57500 6.71459 0.13065 13
0.62792 -0.18240 35.47094 0 5.47500 -18.50000 30.17801 0.12030 13
-0.49947 -0.03721 39.91317 0 1.12500 14.90000 35.71203 0.11263 -13
-1.91024 -0.11493 69.66377 0 3.47500 55.80000 32.47605 0.21746 -13
-0.71646 -0.21429 69.77027 0 6.47500 21.77500 57.14300 0.12575 -13
0.44076 -0.24087 87.47926 0 7.27500 -12.77500 80.40815 0.11270 -13
0.43106 -0.18621 55.77631 0 5.60000 -14.37500 51.35528 0.11125 13
0.22310 -0.13503 59.28196 0 4.07500 -6.25000 57.88396 0.10408 -13
-0.17996 -0.07857 84.94093 0 2.37500 5.05000 83.60606 0.10263 13
-0.25634 -0.16360 11.42567 0 4.90000 6.47500 11.07670 0.10523 13
-0.25529 0.05707 25.07305 0 -1.70000 10.15000 24.29623 0.10409 -13
-0.49424 0.06482 49.04285 0 -1.97500 15.25000 43.98466 0.11252 13
1.51921 -0.04297 14.34380 0 1.35000 -45.72500 7.89150 0.18323 -13
-0.25419 -0.15036 70.51608 0 4.55000 5.07500 68.38858 0.10501 -13
1.38033 -0.22892 57.01476 0 6.90000 -41.75000 34.00922 0.17317 13
-1.01101 0.10800 60.80967 0 -3.25000 29.05000 42.88790 0.14361 -13
0.65262 -0.04195 20.67833 0 1.25000 -19.70000 17.32126 0.12032 13
1.99152 -0.01206 91.37715 0 0.35000 -60.92500 41.00630 0.22442 13
1.75262 -0.22524 99.50209 0 6.77500 -53.75000 50.23515 0.20445 13
0.02769 -0.05439 66.06669 0 1.65000 -0.60000 66.04148 0.10089 -13
0.59898 -0.05610 67.96929 0 1.70000 -19.40000 58.33402 0.11752 -13
-0.88222 -0.04011 43.64187 0 1.22500 25.65000 32.73819 0.13436 -13
-0.00713 -0.09312 22.53059 0 2.82500 -0.10000 22.53002 0.10115 -13
1.17003 -0.00213 58.66823 0 0.05000 -36.82500 38.11720 0.15501 13
-0.07622 -0.03461 84.55818 0 1.05000 3.45000 84.31391 0.10105 13
0.48167 -0.13246 66.26169 0 4.00000 -13.12500 59.79478 0.11257 -13
-0.51671 -0.14919 17.68708 0 4.52500 15.80000 15.74952 0.11436 -13
-0.49365 -0.08759 1.52743 0 3.00000 14.65000 1.37058 0.11305 -13
-0.60246 -0.15484 5.76582 0 4.77500 18.52500 4.95447 0.11867 -13
1.65044 -0.10575 80.01844 0 3.20000 -49.15000 41.63410 0.19463 -13
0.42689 -0.01133 15.05394 0 0.30000 -12.70000 13.84529 0.10950 13
-0.32109 0.12560 18.56526 0 -3.77500 10.97500 17.68922 0.10651 -13
-0.33035 -0.27430 18.56526 0 8.30000 11.25000 17.68922 0.10962 -13
-0.85549 -0.20698 98.55076 0 6.22500 25.55000 75.54466 0.13415 13
0.01356 -0.13456 6.68764 0 3.97500 0.77500 6.68704 0.10160 13
-0.60424 0.09325 7.13959 0 -2.90000 18.62500 6.11800 0.11806 13
-0.22100 0.06809 24.74500 0 -2.02500 8.97500 24.16470 0.10336 -13
0.08205 -0.09978 72.77159 0 3.00000 -1.12500 72.53026 0.10154 13
0.13432 -0.18949 85.10073 0 5.72500 -5.77500 84.36916 0.10339 -13
1.22938 -0.01950 37.48353 0 0.57500 -38.40000 23.65555 0.15960 13
-2.13353 -0.17392 1.59611 0 6.00000 64.67500 0.68568 0.23956 -13
0.01276 -0.01048 13.40621 0 0.27500 0.90000 13.40512 0.10072 13
-0.02501 -0.18268 59.72048 0 5.52500 3.17500 59.70243 0.10241 -13
0.01457 0.12083 45.55537 0 -3.62500 -1.05000 45.55060 0.10144 -13
0.01502 -0.27936 45.55537 0 8.45000 -1.07500 45.55060 0.10458 -13
0.27029 0.05023 80.95711 0 -1.52500 -8.05000 78.15945 0.10444 13
0.58365 -0.23968 54.98416 0 7.22500 -17.02500 47.81865 0.11906 13
1.61231 -0.14004 4.24919 0 3.97500 -46.82500 2.25485 0.19148 13
0.84458 -0.23460 79.37263 0 7.07500 -23.47500 61.30823 0.13390 13
0.90263 -0.04825 80.94293 0 1.45000 -26.30000 60.11723 0.13574 13
-0.59422 -0.00284 21.77804 0 0.05000 16.02500 18.72208 0.11714 13
0.06632 -0.22826 41.77747 0 6.90000 -1.40000 41.69040 0.10352 -13
1.42326 -0.24675 90.60519 0 7.45000 -40.30000 53.11912 0.17693 -13
-1.93417 -0.17270 6.97075 0 5.05000 57.65000 3.23879 0.21979 13
-0.44459 -0.14774 60.32844 0 4.45000 11.65000 55.22336 0.11120 13
0.52554 0.01075 53.51266 0 -0.32500 -16.47500 47.37001 0.11377 13
-1.34509 -0.06880 66.39264 0 2.10000 39.90000 39.67211 0.16893 -13
0.09508 0.08649 87.25214 0 -2.60000 -5.37500 86.86328 0.10153 -13
0.24614 -0.21258 11.94499 0 6.37500 -4.70000 11.61306 0.10587 13
-0.37096 -0.13446 14.01658 0 4.02500 8.32500 13.15577 0.10824 13
-1.07537 0.13513 77.77581 0 -4.07500 31.02500 53.21947 0.14849 -13
-1.10226 -0.26427 77.77581 0 7.97500 31.85000 53.21947 0.15223 -13
-2.01822 -0.08692 68.29043 0 2.65000 59.87500 30.41107 0.22700 -13
-2.05758 -0.10128 86.87156 0 3.05000 61.50000 38.13008 0.23060 13
2.05604 -0.19402 31.41502 0 5.90000 -61.77500 13.94715 0.23111 -13
0.48213 0.05414 46.04934 0 -1.65000 -14.70000 41.49167 0.11193 13
-0.82106 -0.09076 66.69590 0 2.72500 25.77500 51.63237 0.13062 13
-1.74813 -0.02183 26.36648 0 0.70000 50.72500 13.09448 0.20283 -13
-1.53738 -0.19373 77.63655 0 5.82500 44.65000 42.88093 0.18570 13
-0.75675 -0.17423 90.23295 0 5.25000 22.37500 72.34143 0.12750 13
0.05153 -0.00993 38.34874 0 0.27500 -3.32500 38.29792 0.10084 13
1.08984 0.13044 2.45966 0 -4.22500 -32.67500 1.67076 0.14984 13
1.11977 -0.26988 2.45966 0 7.82500 -33.42500 1.67076 0.15330 13
-0.42583 0.07033 41.18831 0 -2.10000 14.70000 37.91001 0.10968 -13
0.11031 0.12506 47.83785 0 -3.77500 -2.57500 47.55379 0.10210 13
0.11353 -0.27494 47.83785 0 8.27500 -2.67500 47.55379 0.10506 13
-1.63983 -0.18918 36.67051 0 5.72500 50.10000 19.33791 0.19438 -13
-0.65690 0.01014 45.70058 0 -0.30000 20.10000 38.19692 0.12050 -13
0.39034 -0.11558 79.03067 0 3.50000 -10.05000 73.68535 0.10873 -13
2.05022 -0.19769 21.20429 0 6.02500 -63.47500 9.43980 0.23067 -13
0.47349 -0.06769 15.87564 0 2.07500 -14.50000 14.35478 0.11164 -13
-1.41522 -0.07901 69.71724 0 2.40000 43.70000 40.31538 0.17469 -13
-0.61396 -0.13991 82.82390 0 4.22500 20.50000 70.76901 0.11900 13
-0.51150 0.10905 52.28204 0 -3.30000 13.10000 46.60331 0.11365 13
0.35959 -0.05656 89.63980 0 1.70000 -10.62500 84.36754 0.10717 -13
0.05633 -0.22573 10.36737 0 6.85000 -0.90000 10.35172 0.10343 -13
0.55822 -0.08058 65.45437 0 2.45000 -17.17500 57.19634 0.11562 -13
1.91590 0.05595 50.88894 0 -1.70000 -59.15000 23.57603 0.21772 13
-0.92502 0.11703 79.04967 0 -3.52500 27.27500 58.21100 0.13769 -13
-0.54282 -0.17766 50.57513 0 5.35000 15.85000 44.60442 0.11596 13
-0.06345 0.06750 23.60498 0 -2.05000 2.37500 23.55778 0.10114 13
-0.24369 -0.13678 36.97313 0 4.10000 6.40000 35.94040 0.10455 13
0.11588 -0.22434 36.89070 0 6.77500 -3.20000 36.65712 0.10387 -13
0.53677 -0.24075 70.67878 0 7.27500 -15.25000 62.65943 0.11684 -13
-1.15596 -0.17492 66.33087 0 5.27500 33.20000 43.76985 0.15492 13
-0.23395 0.01109 29.88732 0 -0.35000 6.45000 29.10162 0.10343 13
-0.41340 -0.02418 78.86113 0 0.72500 13.30000 72.88211 0.10900 -13
-1.18420 0.04460 88.44001 0 -1.35000 34.45000 57.09290 0.15616 13
1.87344 -0.09263 18.92665 0 2.85000 -54.50000 8.94219 0.21410 -13
0.25677 -0.24709 8.45108 0 7.40000 -6.85000 8.20014 0.10686 13
0.56990 -0.22983 46.47826 0 6.95000 -20.65000 40.63168 0.11821 -13
0.38624 -0.14986 88.62001 0 4.52500 -11.05000 82.78632 0.10900 -13
-1.32230 -0.00266 31.40225 0 0.05000 39.60000 18.94139 0.16695 13
-0.72946 -0.14096 42.15109 0 4.27500 19.77500 34.16997 0.12546 -13
-0.78592 -0.16425 1.74714 0 5.32500 23.32500 1.38087 0.12961 -13
0.85456 -0.17470 24.58090 0 5.25000 -23.65000 18.80472 0.13361 13
0.19596 -0.05883 71.76094 0 1.77500 -4.32500 70.42605 0.10279 13
-0.42593 -0.01694 45.22493 0 0.52500 12.90000 41.60887 0.10947 -13
0.04397 0.08276 90.84488 0 -2.50000 -0.05000 90.75776 0.10114 -13
-1.43122 -0.08760 91.56139 0 2.65000 43.10000 52.57613 0.17605 -13
0.90483 -0.18410 87.03445 0 5.55000 -27.05000 65.01832 0.13708 -13
-0.85045 -0.14969 33.86775 0 4.52500 26.37500 25.91943 0.13306 -13
0.19474 -0.16837 41.24236 0 5.10000 -6.42500 40.50239 0.10399 -13
0.44632 -0.08670 53.83576 0 2.62500 -10.27500 49.19204 0.11063 -13
-0.17515 -0.21641 68.47028 0 6.52500 5.52500 67.48848 0.10454 -13
-0.20498 -0.14015 7.93046 0 4.17500 7.65000 7.77208 0.10374 13
0.61651 -0.17477 60.60057 0 5.27500 -19.42500 51.79699 0.11961 -13
-0.83755 -0.16349 86.37140 0 4.95000 26.07500 66.57259 0.13239 -13
-0.59305 -0.22235 1.29144 0 7.17500 17.80000 1.11777 0.12000 -13
0.13658 -0.11588 82.90192 0 3.50000 -4.67500 82.14927 0.10230 13
1.86601 0.14681 22.41960 0 -4.37500 -56.87500 10.67894 0.21364 -13
1.90389 -0.25204 22.41960 0 7.65000 -58.05000 10.67894 0.21811 -13
-0.17527 -0.21943 51.40121 0 6.60000 6.00000 50.66410 0.10459 13
-1.30739 -0.22630 31.53680 0 6.85000 38.00000 19.46200 0.16734 -13
-0.46669 0.06669 39.96680 0 -2.00000 16.17500 36.23116 0.11133 -13
-0.50705 0.04461 73.79439 0 -1.35000 12.97500 65.83033 0.11299 -13
-1.73653 0.10711 82.75856 0 -3.22500 54.75000 41.47681 0.20207 -13
-0.34205 0.14377 99.25687 0 -4.35000 10.85000 94.01451 0.10741 13
-0.34943 -0.25525 99.25687 0 7.70000 11.07500 94.01451 0.10972 13
-0.55552 -0.09133 86.84390 0 2.75000 18.25000 75.99144 0.11556 13
0.51876 -0.03224 4.94368 0 0.85000 -14.97500 4.38869 0.11352 13
0.96436 0.06396 87.38852 0 -1.95000 -27.50000 62.96562 0.14005 13
0.28251 -0.14175 26.72541 0 4.25000 -10.55000 25.73760 0.10560 13
-2.07911 -0.19701 13.10682 0 5.85000 62.85000 5.76970 0.23304 13
-1.37175 -0.19395 15.32965 0 5.90000 43.80000 9.13920 0.17213 -13
1.36705 -0.21847 86.01473 0 6.60000 -40.80000 51.55431 0.17199 -13
-0.45554 -0.18871 18.71713 0 5.65000 12.22500 17.08356 0.11226 13
1.35789 -0.15674 46.94082 0 4.75000 -41.57500 28.05371 0.17057 -13
-0.64545 -0.06717 62.82134 0 2.02500 21.45000 52.81665 0.12004 13
1.02450 -0.20368 93.09529 0 6.12500 -30.07500 65.70013 0.14562 13
0.38795 0.02715 32.22568 0 -0.80000 -12.55000 30.04552 0.10805 -13
-0.49684 -0.19332 83.08944 0 5.82500 17.97500 74.67794 0.11412 13
-1.46502 0.07134 54.22549 0 -2.17500 43.80000 30.62428 0.17877 13
1.54653 0.09814 85.48031 0 -2.97500 -49.15000 46.57059 0.18573 13
-1.43036 -0.20733 37.10151 0 6.22500 43.67500 21.55935 0.17696 13
-1.37424 -0.21974 35.45556 0 6.60000 39.55000 21.18262 0.17255 13
-1.29903 1.18046 35.45556 0 6.42500 39.72500 21.18262 0.17330 13
1.02443 -0.74275 35.45556 0 7.22500 43.87500 21.18262 0.19276 13
-5.04543 0.42979 35.45556 0 5.60000 44.10000 21.18262 0.20310 13
-0.47898 0.34254 35.45556 0 4.62500 44.15000 21.18262 0.21128 13
13.78892 -3.87790 35.45556 0 4.90000 45.55000 21.18262 0.24653 13
-3.39494 -1.96114 35.45556 0 5.20000 45.75000 21.18262 0.24886 13
-1.21776 -2.34330 35.45556 0 5.67500 46.37500 21.18262 0.25538 13
-4.08525 -0.11418 35.45556 0 5.87500 44.97500 21.18262 0.27002 13
1.77094 -0.03113 43.97145 0 0.97500 -53.62500 21.62859 0.20484 -13
0.93060 0.03603 70.75448 0 -1.07500 -28.00000 51.81173 0.13761 -13
0.09037 0.00623 21.51437 0 -0.17500 -0.75000 21.42703 0.10112 -13
-0.47857 0.14076 2.07149 0 -4.50000 14.75000 1.87227 0.11278 13
-0.48945 -0.25872 2.07149 0 7.55000 15.05000 1.87227 0.11500 13
-0.23781 -0.22494 19.52779 0 6.80000 7.57500 19.02249 0.10598 -13
0.49447 -0.17559 2.25934 0 5.55000 -16.12500 2.03114 0.11403 -13
0.56706 0.05744 6.21108 0 -1.82500 -17.47500 5.40519 0.11594 13
-1.93931 -0.22202 87.74648 0 6.67500 56.27500 40.98274 0.22086 13
-2.13894 -0.07871 14.11771 0 2.30000 64.15000 5.99401 0.23788 13
0.47174 -0.17618 96.39383 0 5.32500 -13.35000 87.41980 0.11275 -13
0.58244 0.01287 2.92980 0 -0.20000 -18.22500 2.53181 0.11661 -13
0.16310 0.02193 66.05579 0 -0.67500 -7.72500 65.19469 0.10206 13
-0.06911 0.11736 39.40634 0 -3.55000 1.52500 39.31381 0.10164 13
-0.51748 -0.17533 59.42293 0 5.27500 12.97500 52.94246 0.11475 13
-0.36800 -0.24655 7.74662 0 7.50000 9.45000 7.29480 0.11022 -13
-0.25974 0.04746 19.56638 0 -1.40000 7.87500 18.93939 0.10415 -13
1.15405 -0.01611 77.38547 0 0.47500 -35.15000 50.68062 0.15378 13
-0.76237 -0.03178 4.48148 0 1.10000 22.50000 3.56454 0.12672 -13
-1.06554 -0.09155 14.56632 0 2.70000 34.05000 9.99429 0.14736 13
-0.95479 -0.24549 11.57407 0 7.35000 28.40000 8.48717 0.14134 13
-1.13708 -0.22923 42.55877 0 6.92500 36.10000 28.51013 0.15425 -13
-0.70843 0.00267 78.57941 0 -0.10000 22.32500 64.11997 0.12341 13
0.83995 -0.05313 36.20479 0 1.62500 -25.17500 27.73890 0.13162 -13
-2.08510 -0.18802 95.98930 0 5.65000 63.07500 42.09720 0.23363 13
-0.20062 0.12464 92.52876 0 -3.75000 4.22500 90.74823 0.10347 -13
-0.20649 -0.27533 92.52876 0 8.30000 4.40000 90.74823 0.10650 -13
-1.10894 -0.12002 85.24894 0 3.62500 32.10000 57.31468 0.15086 -13
0.56052 -0.20890 70.61620 0 6.30000 -14.85000 61.90974 0.11735 -13
