-1.67415 -0.04328 44.07478 0 1.32500 51.55000 22.61719 0.19643 -13
0.00514 -0.20851 68.25957 0 6.30000 0.30000 68.25871 0.10287 -13
-0.72765 -0.21599 27.19011 0 6.52500 19.15000 22.15750 0.12645 -13
1.04175 -0.15406 5.59385 0 4.52500 -29.75000 3.89686 0.14620 13
-1.44964 -0.21897 97.24257 0 6.60000 41.65000 56.09342 0.17870 13
1.72693 -0.21501 4.12591 0 6.20000 -53.52500 2.10304 0.20178 13
0.17354 -0.10949 32.68821 0 3.32500 -6.92500 32.21261 0.10281 -13
-1.40332 -0.16725 74.13635 0 5.02500 41.50000 43.41776 0.17433 13
-0.05265 0.14683 66.18682 0 -4.42500 0.55000 66.09721 0.10193 13
-0.05371 -0.25207 66.18682 0 7.60000 0.57500 66.09721 0.10399 13
0.79089 -0.05585 96.86817 0 1.70000 -23.25000 76.02333 0.12852 -13
0.69337 -0.13542 81.10314 0 4.10000 -20.92500 66.84515 0.12330 -13
-0.06151 0.09713 7.64694 0 -3.00000 0.92500 7.63265 0.10140 13
1.54458 -0.22587 27.04881 0 6.77500 -45.42500 14.95937 0.18663 13
1.02261 -0.18088 55.50229 0 5.45000 -29.12500 39.12327 0.14517 13
-1.06167 -0.12921 41.00282 0 3.87500 32.60000 28.23641 0.14744 13
1.53752 -0.16654 14.57297 0 5.10000 -45.17500 8.02251 0.18552 -13
-0.26295 0.04322 26.61047 0 -1.32500 10.15000 25.73728 0.10422 13
1.39000 -0.19531 60.10623 0 5.90000 -42.25000 35.53499 0.17357 -13
0.21571 -0.18271 9.03146 0 5.57500 -6.92500 8.83466 0.10469 -13
0.14100 -0.14526 59.03173 0 4.37500 -5.30000 58.46525 0.10274 13
0.19583 -0.11929 51.10286 0 3.60000 -5.15000 50.16323 0.10332 -13
-0.70591 -0.16176 58.39047 0 4.87500 20.25000 47.90698 0.12433 13
-0.88012 -0.24827 47.54009 0 7.50000 26.42500 36.14772 0.13648 -13
-0.21553 -0.20117 45.26554 0 6.07500 7.82500 44.28783 0.10500 -13
-0.57778 -0.00759 28.97636 0 0.20000 17.70000 25.08986 0.11630 13
-0.19962 -0.12393 39.12627 0 3.75000 5.22500 38.38046 0.10345 -13
-0.42166 -0.04900 79.92799 0 1.47500 12.62500 73.66186 0.10940 13
-1.63538 -0.05078 6.97013 0 1.67500 48.02500 3.63948 0.19317 -13
0.02206 -0.14559 39.37063 0 4.37500 -2.17500 39.36127 0.10179 13
1.50258 -0.10810 54.29715 0 3.25000 -47.97500 30.20473 0.18208 13
-0.00217 -0.05984 68.57252 0 1.80000 -4.55000 68.57236 0.10088 13
-0.42267 -0.14530 86.49911 0 4.37500 13.57500 79.80010 0.11030 13
-1.16951 -0.05843 20.75891 0 1.80000 35.55000 13.50399 0.15508 -13
-0.75116 -0.01889 32.73320 0 0.55000 21.62500 26.17356 0.12596 13
-0.36591 -0.19257 78.00466 0 5.80000 10.92500 73.40972 0.10897 13
0.03813 -0.24265 72.66593 0 7.32500 0.47500 72.61607 0.10370 -13
0.12648 0.03460 94.15016 0 -1.05000 -5.20000 93.40693 0.10156 -13
0.49630 -0.12172 80.31451 0 3.67500 -17.55000 72.04572 0.11309 13
-0.65582 -0.24772 32.26867 0 7.50000 20.75000 27.22081 0.12301 -13
0.22040 -0.19587 7.49422 0 5.85000 -7.75000 7.32508 0.10496 13
0.15820 0.02543 1.81348 0 -0.50000 -6.72500 1.79123 0.10214 -13
0.25710 -0.21007 43.35371 0 6.32500 -6.82500 42.04324 0.10610 13
-1.93398 -0.20012 59.21314 0 6.02500 56.92500 27.61909 0.22015 13
-1.71086 0.05373 92.23668 0 -1.60000 52.05000 46.59448 0.19963 -13
1.39328 -0.20576 62.54452 0 6.22500 -42.87500 36.96800 0.17397 -13
0.31704 0.04875 22.41746 0 -1.45000 -10.87500 21.37148 0.10575 -13
-1.84534 0.14098 9.46300 0 -4.37500 57.35000 4.54290 0.21197 13
-1.88712 -0.25829 9.46300 0 7.67500 58.55000 4.54290 0.21646 13
-0.09198 0.09211 5.14724 0 -2.70000 3.42500 5.12577 0.10155 -13
0.15108 -0.04558 57.95587 0 1.37500 -3.55000 57.30692 0.10195 -13
-1.13698 0.11000 37.41164 0 -3.35000 33.77500 24.79219 0.15289 13
1.52382 0.01476 86.18192 0 -0.42500 -47.77500 47.28802 0.18355 -13
0.53156 -0.03196 41.49569 0 0.95000 -14.50000 36.64500 0.11409 13
0.17681 0.10287 12.51054 0 -3.07500 -5.25000 12.32155 0.10277 -13
-1.35377 -0.01277 95.87065 0 0.40000 41.37500 56.96516 0.16949 -13
0.58699 -0.07408 14.78262 0 2.20000 -16.92500 12.75739 0.11700 13
-0.18388 -0.13347 81.88598 0 4.02500 5.82500 80.55902 0.10327 -13
-0.53638 -0.03459 47.81050 0 1.05000 15.30000 42.13790 0.11433 -13
-0.58805 -0.24821 29.19311 0 7.50000 17.27500 25.35472 0.11949 -13
-0.96908 -0.16156 97.84629 0 4.87500 29.87500 70.70274 0.14118 -13
-1.00785 0.03444 54.65236 0 -1.02500 28.95000 38.50530 0.14301 -13
-1.63778 -0.20833 82.18560 0 6.27500 50.47500 43.49247 0.19437 13
0.03921 -0.19886 8.03335 0 6.07500 -0.67500 8.02740 0.10280 -13
0.32516 -0.03086 47.98095 0 0.95000 -7.92500 45.63160 0.10594 -13
0.31866 -0.01668 1.07532 0 0.02500 -10.27500 1.02463 0.10620 13
-0.42942 0.13800 7.31914 0 -4.10000 11.72500 6.73217 0.11051 -13
-0.43956 -0.26117 7.31914 0 7.95000 12.02500 6.73217 0.11323 -13
0.55009 -0.02721 35.09169 0 0.80000 -15.25000 30.74950 0.11496 13
-0.34662 -0.01525 78.36287 0 0.47500 10.35000 74.04191 0.10659 -13
0.04575 -0.23845 8.35036 0 7.25000 -0.85000 8.34212 0.10369 -13
0.83144 -0.24685 17.28785 0 7.50000 -23.92500 13.45198 0.13335 -13
-0.88207 -0.02874 32.15241 0 0.85000 25.57500 24.11664 0.13431 13
-0.31723 -0.22300 38.19508 0 6.70000 12.82500 36.48613 0.10800 13
0.32196 -0.15092 31.03920 0 4.52500 -10.05000 29.57652 0.10687 13
-0.76937 -0.00570 61.07846 0 0.15000 23.45000 48.40936 0.12707 13
0.19414 -0.22637 13.48179 0 6.87500 -5.57500 13.24627 0.10512 -13
0.71400 -0.22767 57.04283 0 6.87500 -20.10000 46.81481 0.12585 -13
-0.17937 0.14491 19.70307 0 -4.40000 3.92500 19.39982 0.10336 13
-0.18314 -0.25408 19.70307 0 7.65000 4.02500 19.39982 0.10551 13
0.19642 0.02669 78.51099 0 -0.80000 -6.05000 77.03985 0.10266 13
1.90281 0.09364 24.82936 0 -2.77500 -56.80000 11.59056 0.21664 -13
-0.20123 -0.03460 71.96637 0 1.05000 4.75000 70.55380 0.10278 -13
0.87335 -0.10382 13.38967 0 3.07500 -27.55000 10.10814 0.13409 13
-0.44090 -0.02897 24.64360 0 0.85000 13.92500 22.55068 0.11010 13
-0.45137 -0.00843 94.06205 0 0.25000 13.27500 85.73363 0.11048 -13
0.20639 -0.23017 35.17395 0 6.95000 -8.42500 34.48343 0.10542 -13
-0.82846 -0.09103 2.31668 0 2.47500 26.77500 1.78709 0.13112 13
0.38390 0.11877 94.71329 0 -3.60000 -12.90000 88.50063 0.10853 13
0.39603 -0.28158 94.71329 0 8.50000 -13.25000 88.50063 0.11196 13
-1.44700 0.10507 54.03703 0 -3.15000 43.67500 30.83619 0.17743 -13
-0.62306 -0.00995 28.88208 0 0.27500 20.22500 24.51363 0.11866 13
0.25211 -0.21148 8.49138 0 6.45000 -7.20000 8.24439 0.10607 -13
-1.40054 0.10022 99.68366 0 -3.02500 39.77500 58.11747 0.17360 13
-0.23536 -0.24784 53.74197 0 7.47500 8.92500 52.39219 0.10641 13
1.93033 0.13744 35.06206 0 -4.12500 -59.62500 16.24663 0.21935 -13
1.97680 -0.26178 35.06206 0 7.92500 -61.05000 16.24663 0.22472 -13
0.67966 0.14082 48.57982 0 -4.25000 -19.95000 40.30208 0.12259 13
0.69511 -0.25832 48.57982 0 7.77500 -20.42500 40.30208 0.12536 13
-0.14327 -0.02625 74.14330 0 0.80000 4.87500 73.39444 0.10177 -13
0.21623 0.12503 73.86456 0 -3.77500 -9.57500 72.22122 0.10379 -13
0.22252 -0.27493 73.86456 0 8.30000 -9.75000 72.22122 0.10682 -13
0.46559 0.05236 92.41626 0 -1.57500 -12.47500 83.80088 0.11121 -13
0.89938 -0.11085 26.56251 0 3.37500 -27.67500 19.80368 0.13591 -13
-0.66933 0.06603 58.34227 0 -1.97500 23.90000 48.51645 0.12136 -13
-0.27520 0.03876 16.42171 0 -1.15000 10.02500 15.83389 0.10452 -13
1.74325 -0.07235 41.10648 0 2.20000 -52.17500 20.49714 0.20249 -13
1.83905 -0.15164 74.61696 0 4.60000 -55.50000 35.95873 0.21137 -13
2.07065 -0.18562 67.63794 0 5.62500 -62.95000 29.82021 0.23233 -13
-0.86247 -0.24907 41.62606 0 7.50000 25.05000 31.92187 0.13531 13
-0.90695 -0.20683 29.57797 0 6.22500 29.07500 22.11527 0.13752 13
1.18466 0.10706 19.45840 0 -3.27500 -38.17500 12.59285 0.15652 13
-0.80935 -0.09734 24.70872 0 2.95000 25.32500 19.24254 0.12993 -13
0.20726 0.13673 22.94460 0 -4.10000 -7.25000 22.47573 0.10375 -13
0.21232 -0.26258 22.94460 0 7.95000 -7.40000 22.47573 0.10631 -13
-1.35147 0.08163 17.12769 0 -2.42500 35.90000 10.20985 0.16948 -13
-0.94559 -0.24589 41.36113 0 7.40000 28.57500 30.46571 0.14077 13
0.75362 -0.15868 77.13389 0 4.80000 -21.72500 61.87620 0.12711 -13
-1.96433 -0.04683 37.20563 0 1.37500 61.85000 16.89352 0.22202 13
0.25523 -0.07840 68.80739 0 2.37500 -4.77500 66.68269 0.10423 -13
-1.80186 -0.01108 75.35750 0 0.35000 55.30000 36.56982 0.20752 -13
-0.14058 0.14893 58.84772 0 -4.50000 3.42500 58.28694 0.10264 13
-0.14331 -0.24987 58.84772 0 7.52500 3.50000 58.28694 0.10479 13
1.18629 0.13178 71.42827 0 -3.97500 -35.47500 46.26787 0.15682 13
1.21755 -0.26781 71.42827 0 8.07500 -36.40000 46.26787 0.16093 13
0.46570 -0.03517 82.52717 0 1.05000 -12.50000 74.82070 0.11114 13
-0.32910 0.01326 93.28325 0 -0.40000 7.52500 88.60908 0.10603 13
-2.00950 -0.17785 63.08881 0 5.35000 60.30000 28.45897 0.22672 13
-0.77588 -0.20363 43.41643 0 6.12500 21.90000 34.56184 0.12909 13
0.40589 -0.12580 80.39677 0 3.80000 -11.22500 74.57677 0.10941 13
1.07964 0.11938 67.20473 0 -3.60000 -29.87500 45.84199 0.14868 -13
1.11354 -0.28092 67.20473 0 8.47500 -30.90000 45.84199 0.15337 -13
-1.42869 -0.16580 13.48044 0 4.92500 42.35000 7.80004 0.17636 13
-0.40865 -0.19778 60.12694 0 5.95000 11.97500 55.80942 0.11059 13
0.40176 0.08795 71.39890 0 -2.65000 -11.60000 66.28724 0.10889 -13
-0.96608 -0.01058 95.16181 0 0.32500 27.55000 68.44251 0.14003 -13
1.21029 -0.05503 51.24741 0 1.67500 -36.70000 32.67184 0.15820 -13
-1.36455 0.05107 24.70576 0 -1.57500 39.90000 14.61646 0.17045 13
0.45505 -0.02615 47.96023 0 0.77500 -13.37500 43.65571 0.11067 13
1.83086 0.03076 29.27522 0 -0.95000 -55.17500 14.03770 0.21012 13
-0.57194 0.08578 23.71131 0 -2.57500 15.35000 20.60122 0.11633 -13
0.00683 0.01457 92.44910 0 -0.45000 -2.50000 92.44695 0.10071 13
0.93072 -0.11682 2.28226 0 3.82500 -29.37500 1.67586 0.13839 -13
1.11794 0.05819 49.53217 0 -1.77500 -34.17500 33.05398 0.15117 13
0.44557 0.04470 72.08233 0 -1.35000 -12.20000 65.85294 0.11034 13
-0.41573 -0.08138 28.74292 0 2.42500 12.00000 26.55350 0.10936 13
1.21779 0.10711 70.33675 0 -3.22500 -37.45000 44.78826 0.15905 -13
1.11888 -0.15725 84.50247 0 4.72500 -31.77500 56.69185 0.15194 13
-0.06561 -0.17061 80.82398 0 5.15000 0.37500 80.65549 0.10237 -13
-0.00040 0.02367 48.37209 0 -0.72500 2.92500 48.37209 0.10073 13
-1.67385 -0.02699 9.15026 0 0.70000 49.02500 4.69434 0.19637 13
-0.50334 0.04378 97.91566 0 -1.32500 14.87500 87.47792 0.11283 -13
1.04696 -0.19465 97.36464 0 5.87500 -31.25000 67.90105 0.14710 13
-0.15576 -0.00479 65.49176 0 0.15000 5.90000 64.71143 0.10193 -13
0.65948 0.00301 6.72791 0 -0.17500 -19.65000 5.61637 0.12065 13
-1.15333 -0.04484 60.38537 0 1.35000 35.45000 39.58124 0.15379 13
0.85212 -0.17398 60.46296 0 5.25000 -26.32500 46.30850 0.13347 -13
-1.66111 -0.20756 5.71770 0 6.07500 50.37500 2.99484 0.19616 13
2.00100 0.12196 34.32265 0 -3.65000 -59.05000 15.43355 0.22557 -13
2.06162 -0.27811 34.32265 0 8.42500 -60.92500 15.43355 0.23251 -13
0.43777 0.14514 56.07274 0 -4.37500 -16.20000 51.45200 0.11089 -13
0.44697 -0.25381 56.07274 0 7.67500 -16.50000 51.45200 0.11324 -13
0.26268 0.14278 49.85127 0 -4.32500 -9.77500 48.24667 0.10511 13
0.26844 -0.25629 49.85127 0 7.72500 -9.95000 48.24667 0.10741 13
-0.50403 0.07644 8.01250 0 -2.22500 14.40000 7.15920 0.11302 -13
-0.47423 -0.09956 14.46563 0 2.95000 15.55000 13.08187 0.11189 13
0.42515 0.02539 40.47963 0 -0.75000 -10.90000 37.25437 0.10946 -13
0.68698 -0.10757 74.84786 0 3.25000 -20.67500 61.80608 0.12266 -13
-1.19504 0.05401 26.96062 0 -1.60000 35.75000 17.31702 0.15700 -13
-0.63566 -0.03632 26.32339 0 1.07500 19.90000 22.21928 0.11938 13
-1.01298 -0.07309 99.21055 0 2.20000 30.47500 69.79292 0.14353 -13
-1.22256 -0.10214 77.21297 0 3.10000 37.47500 49.03827 0.15940 -13
0.27147 -0.05689 72.14068 0 1.70000 -7.60000 69.62865 0.10450 13
1.13017 0.11360 32.85931 0 -3.45000 -35.85000 21.85261 0.15241 13
1.22818 -0.04218 23.12876 0 1.25000 -37.12500 14.61131 0.15954 13
0.05608 0.01247 3.41919 0 -0.52500 -3.45000 3.41382 0.10092 13
-0.95001 -0.20903 99.62097 0 6.30000 27.17500 72.95250 0.14049 -13
0.62409 -0.13584 98.27637 0 4.10000 -18.75000 83.58501 0.11949 -13
-0.97980 -0.07486 48.94573 0 2.27500 29.40000 35.00948 0.14119 -13
-0.39587 0.03979 51.07846 0 -1.20000 10.85000 47.49746 0.10838 -13
1.15687 0.06463 94.04495 0 -1.95000 -36.30000 61.57429 0.15412 -13
0.26396 -0.07694 42.77243 0 2.30000 -7.22500 41.36282 0.10444 13
0.12351 -0.16004 16.86637 0 4.85000 -5.90000 16.74229 0.10276 -13
-1.37813 -0.16955 2.34888 0 5.47500 42.40000 1.39244 0.17283 -13
-0.40443 0.10074 63.34952 0 -3.05000 12.20000 58.76991 0.10910 13
1.27161 -0.00277 9.68742 0 -0.00000 -37.45000 5.98882 0.16290 13
-1.87500 -0.16486 55.06284 0 5.00000 55.80000 26.18387 0.21466 -13
-0.92478 0.03407 21.67269 0 -1.00000 28.22500 15.91548 0.13721 -13
-0.93635 -0.03247 10.80515 0 1.05000 28.07500 7.88917 0.13801 -13
0.78343 -0.10904 13.12924 0 3.32500 -23.15000 10.35837 0.12842 -13
-0.56459 -0.23506 67.97146 0 7.10000 16.40000 59.56738 0.11805 -13
-1.40401 0.05580 41.52149 0 -1.70000 40.00000 24.11242 0.17369 13
2.02270 0.07229 15.55346 0 -2.25000 -60.77500 6.90728 0.22739 13
-1.72924 0.09371 81.70579 0 -2.85000 56.07500 41.03587 0.20140 13
1.60106 -0.19800 1.93078 0 6.47500 -49.12500 1.03766 0.19193 -13
0.58822 -0.11619 76.58503 0 3.52500 -15.65000 66.12522 0.11742 -13
0.72488 -0.16042 74.30828 0 4.82500 -20.60000 60.42612 0.12542 13
-1.99486 0.01065 90.53871 0 -0.30000 61.32500 40.57557 0.22472 -13
-0.77237 -0.00972 88.10007 0 0.27500 24.37500 69.72544 0.12724 13
-1.13210 0.05407 26.13131 0 -1.65000 32.70000 17.31394 0.15222 13
-0.90503 0.07996 82.38621 0 -2.42500 27.15000 61.17159 0.13607 13
0.58223 -0.21783 54.16965 0 6.55000 -20.20000 47.08390 0.11857 13
0.71781 -0.16212 22.69199 0 4.87500 -21.37500 18.51540 0.12501 13
0.24154 -0.21218 15.33227 0 6.42500 -4.15000 14.92155 0.10581 -13
1.25805 -0.12300 57.38878 0 3.72500 -36.70000 35.87479 0.16232 -13
1.22994 -0.17107 97.79092 0 5.17500 -38.37500 62.22562 0.16056 -13
-0.07303 0.11572 16.49088 0 -3.52500 0.65000 16.44768 0.10166 13
0.80918 -0.19655 56.88499 0 5.92500 -23.52500 44.55047 0.13104 13
1.16402 -0.08493 12.43720 0 2.50000 -32.60000 8.12139 0.15475 13
0.14515 -0.15242 1.01565 0 4.10000 -5.45000 1.00541 0.10322 13
1.09655 -0.04552 99.27165 0 1.37500 -33.17500 66.92926 0.14952 13
-0.15363 0.10208 88.93646 0 -3.07500 6.90000 87.91569 0.10240 13
-0.30526 -0.15127 7.64691 0 4.47500 7.97500 7.32129 0.10635 13
1.74830 -0.14422 76.23179 0 4.32500 -52.42500 38.14433 0.20332 13
-0.87458 0.11034 28.70528 0 -3.35000 28.55000 21.66388 0.13426 13
0.18707 -0.18068 59.43068 0 5.45000 -6.10000 58.44864 0.10405 13
0.17318 -0.10553 69.75675 0 3.17500 -6.55000 68.74471 0.10275 13
-0.26553 -0.21491 61.32843 0 6.50000 9.07500 59.36079 0.10642 -13
0.71265 -0.12201 46.83845 0 3.70000 -21.15000 38.23829 0.12428 -13
0.70560 -0.06447 25.23474 0 1.97500 -20.00000 20.63295 0.12342 -13
-1.26289 -0.22185 21.12168 0 6.65000 39.07500 13.30524 0.16371 13
0.93775 -0.03395 40.44816 0 1.05000 -25.62500 29.51225 0.13810 -13
-0.83310 0.09651 81.99026 0 -2.92500 24.85000 63.11357 0.13143 13
0.44232 0.04547 87.97678 0 -1.37500 -14.85000 80.47119 0.11021 -13
-0.06668 0.07340 16.76134 0 -2.17500 1.45000 16.72442 0.10119 -13
-1.40530 -0.08039 72.89287 0 2.42500 42.57500 42.35269 0.17388 -13
-0.84714 -0.08560 49.57427 0 2.60000 26.25000 37.88368 0.13226 -13
0.39225 0.06758 95.50184 0 -2.02500 -13.12500 88.93393 0.10839 -13
0.00197 -0.01457 36.75166 0 0.45000 -0.77500 36.75159 0.10072 -13
-0.60430 -0.09169 37.87289 0 2.75000 16.32500 32.45020 0.11802 13
-1.49994 -0.18957 95.73590 0 5.70000 42.22500 53.75562 0.18253 13
0.36451 0.00331 21.63317 0 -0.12500 -6.75000 20.32496 0.10719 13
2.08049 -0.05435 53.63408 0 1.65000 -62.62500 23.26213 0.23254 -13
1.01087 0.14610 72.07562 0 -4.40000 -31.50000 50.95844 0.14394 -13
1.03171 -0.25280 72.07562 0 7.62500 -32.15000 50.95844 0.14693 -13
1.38238 -0.11870 68.71911 0 3.57500 -40.87500 40.46276 0.17222 13
-0.04458 0.14470 5.66296 0 -4.27500 0.22500 5.65747 0.10182 -13
-0.04555 -0.25416 5.66296 0 7.75000 0.25000 5.65747 0.10410 -13
0.81390 -0.24772 28.67141 0 7.50000 -25.37500 22.49773 0.13224 -13
-1.28138 0.09088 57.99705 0 -2.75000 40.12500 35.77308 0.16395 13
0.08197 -0.10433 28.02163 0 3.12500 -1.62500 27.92895 0.10158 13
1.09254 0.14313 14.77167 0 -4.27500 -31.07500 10.02829 0.14982 -13
1.11624 -0.25579 14.77167 0 7.77500 -31.82500 10.02829 0.15319 -13
-0.74902 -0.15531 31.96119 0 4.70000 22.35000 25.68994 0.12681 -13
-0.33875 -0.19515 5.72165 0 5.97500 8.00000 5.42948 0.10821 -13
-0.77160 -0.13566 96.90868 0 4.10000 23.95000 76.98492 0.12793 -13
0.16973 -0.04998 87.17286 0 1.52500 -5.62500 85.94664 0.10227 -13
-0.42421 0.07727 44.21910 0 -2.35000 13.67500 40.72603 0.10967 13
0.28959 -0.00358 4.55340 0 0.22500 -8.92500 4.37335 0.10488 -13
0.63918 -0.18235 58.19805 0 5.50000 -19.12500 49.26704 0.12091 13
-0.26802 -0.20536 54.41077 0 6.20000 7.87500 52.62713 0.10629 -13
0.42830 -0.13655 30.72600 0 4.12500 -16.22500 28.28490 0.11042 -13
1.05781 -0.14626 63.92640 0 4.42500 -31.87500 44.16009 0.14734 -13
-1.06975 -0.18858 11.00755 0 5.75000 31.02500 7.58651 0.14874 -13
-0.04539 0.05222 62.47251 0 -1.57500 1.75000 62.40845 0.10094 13
0.45118 0.06957 31.37209 0 -2.12500 -13.37500 28.60779 0.11070 13
0.73221 0.03137 16.98322 0 -0.97500 -20.22500 13.70498 0.12486 13
-0.74579 -0.06509 28.51147 0 1.95000 22.05000 22.87229 0.12579 13
0.01307 -0.07192 34.32150 0 2.15000 1.42500 34.31858 0.10097 13
1.19149 0.05119 40.54867 0 -1.52500 -34.90000 26.08741 0.15673 -13
-1.69900 -0.02674 67.86858 0 0.80000 51.12500 34.43502 0.19855 13
-2.05350 -0.08175 19.02200 0 2.52500 59.30000 8.35145 0.23018 -13
-0.05153 0.13268 61.39435 0 -4.00000 5.05000 61.31444 0.10171 -13
-0.05286 -0.26688 61.39435 0 8.05000 5.10000 61.31444 0.10437 -13
-1.33393 -0.24055 72.63701 0 7.27500 39.82500 44.35353 0.16964 -13
0.17816 0.12921 78.19294 0 -3.90000 -6.67500 77.00001 0.10312 13
0.18305 -0.27054 78.19294 0 8.15000 -6.82500 77.00001 0.10593 13
-1.86777 -0.02011 9.37695 0 0.72500 57.35000 4.42604 0.21342 -13
-0.43708 -0.03568 43.32935 0 1.10000 13.72500 39.70659 0.10996 -13
-1.01341 -0.02401 90.28970 0 0.72500 30.62500 63.42699 0.14339 13
0.78738 -0.14241 9.44825 0 4.37500 -22.80000 7.45156 0.12903 -13
-1.15246 0.10373 30.85121 0 -3.15000 33.62500 20.28106 0.15403 13
1.44181 0.04165 67.19994 0 -1.27500 -44.90000 38.32029 0.17675 13
-0.29209 0.02517 46.51061 0 -0.77500 8.22500 44.64627 0.10494 13
-0.46010 -0.05995 30.62173 0 1.82500 14.92500 27.82734 0.11102 -13
0.11698 -0.02704 17.25439 0 0.77500 -1.95000 17.13761 0.10143 13
-1.17138 -0.06355 93.79114 0 1.92500 37.30000 60.96774 0.15523 -13
-0.22047 -0.02937 43.49926 0 0.90000 9.22500 42.47996 0.10316 -13
0.36453 -0.14906 68.19564 0 4.50000 -9.75000 64.15326 0.10824 -13
1.35311 -0.15200 87.26495 0 4.57500 -40.25000 52.24822 0.17012 13
-1.83116 -0.11202 16.76946 0 3.32500 55.85000 8.07641 0.21036 13
1.22783 -0.11963 90.72603 0 3.60000 -33.47500 57.53863 0.15991 13
0.15295 0.09341 49.97275 0 -2.82500 -4.35000 49.40321 0.10231 13
-1.50337 0.01889 42.68946 0 -0.60000 43.70000 23.64569 0.18184 13
1.15848 -0.08479 73.40071 0 2.55000 -34.10000 48.06118 0.15435 13
-0.62017 -0.06986 37.87114 0 2.12500 19.12500 32.20607 0.11871 -13
-1.84126 0.07813 14.02443 0 -2.27500 55.07500 6.70877 0.21112 -13
-0.98591 -0.02542 66.01931 0 0.77500 28.72500 47.02009 0.14144 -13
0.32814 -0.13295 26.70314 0 4.00000 -8.92500 25.39371 0.10682 13
-1.60950 -0.18646 7.95254 0 5.50000 46.00000 4.24880 0.19161 13
0.03616 -0.14961 80.61884 0 4.50000 1.10000 80.56733 0.10189 13
0.09911 -0.05568 81.66092 0 1.67500 0.32500 81.26404 0.10135 13
0.38116 0.14413 68.82162 0 -4.35000 -9.35000 64.39166 0.10874 -13
0.38934 -0.25484 68.82162 0 7.70000 -9.60000 64.39166 0.11108 -13
-0.30791 0.86026 68.82162 0 7.72500 -9.55000 64.39166 0.11143 -13
-0.05056 -0.88520 68.82162 0 7.80000 -9.45000 64.39166 0.12981 -13
0.22965 1.67559 68.82162 0 8.47500 -9.25000 64.39166 0.13288 -13
0.02217 -0.66807 68.82162 0 -3.30000 -9.35000 64.39166 0.13817 -13
-0.25446 0.00302 44.49197 0 -0.10000 8.45000 43.11785 0.10391 13
1.05837 -0.13940 8.64765 0 4.27500 -31.40000 5.96881 0.14738 -13
-0.80391 -0.19637 39.23543 0 5.90000 26.05000 30.80470 0.13070 13
-0.91762 0.06519 70.41375 0 -1.97500 25.97500 51.93105 0.13684 13
-1.30817 -0.02488 17.47539 0 0.70000 37.97500 10.61527 0.16583 13
0.98587 0.01514 96.75724 0 -0.47500 -28.62500 68.90639 0.14142 13
1.22252 0.10917 87.21620 0 -3.30000 -37.37500 55.41604 0.15944 13
0.53905 -0.14125 56.59332 0 4.27500 -13.92500 49.92653 0.11529 -13
0.59363 0.05922 39.03828 0 -1.80000 -18.15000 33.58423 0.11727 13
-0.94051 -0.15663 25.36132 0 4.70000 29.52500 18.57911 0.13912 13
0.71684 0.08121 42.08674 0 -2.42500 -21.05000 34.24407 0.12417 -13
0.59941 -0.16681 38.75075 0 5.05000 -19.57500 33.35716 0.11861 -13
-0.51766 0.10254 37.32382 0 -3.07500 14.57500 33.18225 0.11386 -13
-0.31132 -0.00799 63.80370 0 0.25000 8.75000 60.92006 0.10547 -13
-1.34128 -0.03636 76.73945 0 1.10000 40.47500 45.88824 0.16852 -13
-0.35062 -0.13605 39.89759 0 4.10000 11.00000 37.68819 0.10758 13
2.09183 -0.09163 87.00755 0 2.77500 -64.47500 37.65394 0.23368 -13
0.65306 -0.10996 70.96231 0 3.30000 -16.42500 59.52129 0.12078 13
-2.10474 0.09214 58.66838 0 -2.75000 62.75000 25.26390 0.23484 -13
-1.18170 -0.01219 29.83377 0 0.40000 37.65000 19.27278 0.15590 -13
1.35719 -0.13438 11.44101 0 4.12500 -41.57500 6.82519 0.17039 -13
-0.73062 0.02879 58.31657 0 -0.85000 22.05000 47.09456 0.12476 -13
0.63030 -0.02261 25.63456 0 0.70000 -18.80000 21.68764 0.11907 -13
1.89248 -0.21565 53.27268 0 6.52500 -56.70000 25.33267 0.21667 -13
-0.84235 0.05373 36.41640 0 -1.60000 28.67500 27.86834 0.13178 -13
-0.16460 0.12343 85.56255 0 -3.72500 4.45000 84.44321 0.10281 -13
-0.16949 -0.27662 85.56255 0 8.35000 4.60000 84.44321 0.10588 -13
-1.08083 0.00601 35.71044 0 -0.20000 33.57500 24.25254 0.14828 13
-0.99300 -0.08626 70.85088 0 2.60000 30.25000 50.36733 0.14219 -13
0.16754 -0.10232 60.41531 0 3.10000 -3.20000 59.59315 0.10263 -13
-0.51379 -0.00353 19.92983 0 0.07500 16.92500 17.72686 0.11322 13
1.05616 -0.10508 23.27917 0 3.15000 -33.52500 16.05268 0.14682 13
0.04564 -0.01709 34.55290 0 0.50000 -2.37500 34.51696 0.10082 13
0.86698 0.09467 39.18933 0 -2.87500 -24.87500 29.66727 0.13363 13
-0.79117 0.11879 12.99574 0 -3.62500 23.57500 10.21921 0.12900 13
-0.81626 -0.28166 12.99574 0 8.45000 24.32500 10.21921 0.13299 13
-0.57510 -0.22118 49.70411 0 6.67500 13.67500 43.33903 0.11829 -13
-0.47712 -0.17190 76.54223 0 5.17500 11.90000 69.26635 0.11291 13
0.48051 -0.07993 12.98126 0 2.45000 -14.95000 11.70730 0.11203 -13
-0.03122 -0.23744 15.79954 0 7.12500 0.57500 15.79227 0.10353 13
0.43862 -0.05011 56.48887 0 1.52500 -12.27500 51.74175 0.11008 -13
1.43706 -0.22101 76.03527 0 6.65000 -43.90000 44.12795 0.17769 13
-0.50068 0.03659 67.14407 0 -1.10000 14.92500 60.04718 0.11268 -13
1.24650 -0.17241 8.11974 0 5.30000 -37.95000 5.12617 0.16196 -13
0.51978 0.12647 74.37630 0 -3.82500 -15.40000 66.10425 0.11421 13
0.53461 -0.27344 74.37630 0 8.25000 -15.82500 66.10425 0.11745 13
-0.81875 -0.09979 93.41756 0 3.00000 25.95000 72.42476 0.13054 13
1.07464 -0.16835 9.58039 0 5.15000 -34.65000 6.57515 0.14887 -13
-0.32753 -0.16373 71.50938 0 4.92500 11.20000 68.04339 0.10724 13
0.45608 -0.02503 62.74105 0 0.77500 -11.05000 57.08804 0.11071 -13
0.53860 -0.23443 68.83667 0 7.07500 -16.22500 60.96346 0.11678 13
0.36785 0.04667 65.69428 0 -1.40000 -12.05000 61.66329 0.10740 -13
0.98453 -0.14492 57.02515 0 4.37500 -26.02500 40.84316 0.14208 -13
-2.18229 0.10708 42.37886 0 -3.25000 64.95000 17.73763 0.24201 13
0.92477 0.07428 75.02463 0 -2.22500 -27.45000 55.15119 0.13737 -13
-0.78686 0.04943 96.65395 0 -1.50000 24.55000 75.99390 0.12824 13
0.05809 0.03519 44.89617 0 -1.05000 0.82500 44.82071 0.10094 -13
0.15153 0.09823 71.96679 0 -2.97500 -5.55000 71.16186 0.10234 13
0.02819 -0.21869 93.07450 0 6.60000 0.22500 93.03922 0.10313 -13
-0.15283 -0.15099 73.41686 0 4.55000 3.75000 72.59266 0.10300 13
-0.15407 0.12220 54.81378 0 -3.70000 5.72500 54.18378 0.10263 13
-0.15874 -0.27796 54.81378 0 8.37500 5.87500 54.18378 0.10572 13
-0.44320 -0.15231 50.30918 0 4.57500 13.25000 46.08041 0.11121 13
1.35124 -0.04521 10.18327 0 1.45000 -42.65000 6.06154 0.16939 -13
0.22210 0.13480 26.61911 0 -4.07500 -7.02500 25.99690 0.10405 13
0.22766 -0.26468 26.61911 0 7.97500 -7.20000 25.99690 0.10665 13
0.59037 -0.06243 60.18116 0 1.90000 -16.12500 51.84969 0.11712 -13
-0.32587 -0.16926 23.21800 0 5.12500 9.35000 22.10496 0.10729 -13
0.03753 -0.10383 93.59376 0 3.12500 -1.02500 93.52860 0.10131 13
-0.22663 0.06649 61.10351 0 -2.02500 4.90000 59.59866 0.10347 13
0.08855 -0.02396 63.46134 0 0.72500 -0.72500 63.21414 0.10113 13
0.51824 -0.00768 24.52866 0 0.25000 -13.80000 21.77803 0.11343 -13
-0.74986 0.11805 63.38436 0 -3.55000 22.55000 50.83657 0.12643 -13
-0.68842 -0.07271 55.00015 0 2.20000 18.95000 45.34166 0.12248 -13
-0.16975 0.02118 17.16726 0 -0.60000 4.25000 16.92516 0.10217 -13
1.19317 0.13116 56.57014 0 -3.97500 -36.67500 36.51896 0.15734 13
1.22495 -0.26851 56.57014 0 8.07500 -37.62500 36.51896 0.16150 13
0.14512 -0.16878 32.71565 0 5.07500 -3.57500 32.38582 0.10316 13
-0.67148 -0.12955 18.87838 0 3.87500 21.95000 15.71355 0.12198 13
-1.50033 0.02299 62.82025 0 -0.70000 44.37500 34.84747 0.18160 13
-0.57833 -0.12737 17.67505 0 3.87500 17.25000 15.33144 0.11705 -13
-1.27241 0.07251 91.94726 0 -2.17500 39.02500 56.90794 0.16313 -13
-0.40984 0.07230 99.74476 0 -2.17500 13.22500 92.32861 0.10908 -13
1.75074 -0.10607 97.27738 0 3.20000 -49.50000 48.45053 0.20333 -13
0.49203 -0.18160 79.10539 0 5.47500 -14.75000 71.20078 0.11371 -13
0.31941 0.12176 58.90020 0 -3.67500 -7.57500 56.14535 0.10642 -13
0.32913 -0.27839 58.90020 0 8.40000 -7.87500 56.14535 0.10967 -13
2.19945 0.01581 11.98225 0 -0.37500 -64.45000 4.96007 0.24330 -13
1.44870 -0.18336 75.20890 0 5.52500 -42.75000 43.20244 0.17822 13
-1.45923 -0.14968 26.51370 0 4.47500 42.97500 15.10101 0.17875 13
-0.00783 0.04836 44.34274 0 -1.45000 0.40000 44.34138 0.10082 -13
-1.11690 0.11246 8.58766 0 -3.47500 34.55000 5.74755 0.15147 13
-0.07892 -0.16362 50.43818 0 4.92500 0.15000 50.28587 0.10235 13
0.06481 -0.05632 30.23877 0 1.67500 -1.97500 30.17566 0.10107 13
-0.39501 -0.12692 21.96490 0 3.80000 8.20000 20.45085 0.10902 13
0.55822 0.08707 79.07354 0 -2.62500 -17.02500 69.10643 0.11566 -13
0.56205 0.00446 20.84370 0 -0.15000 -17.22500 18.17071 0.11552 13
0.14880 -0.02814 27.40453 0 0.87500 -3.00000 27.10629 0.10185 -13
0.13701 -0.11849 69.74736 0 3.57500 -3.75000 69.11056 0.10234 13
-0.70691 -0.06062 91.75471 0 1.82500 22.60000 74.97021 0.12348 13
0.13808 -0.21986 60.85626 0 6.65000 -3.90000 60.31032 0.10405 -13
0.21584 0.08036 4.06916 0 -2.55000 -5.95000 3.97814 0.10341 13
0.43378 -0.01891 58.40363 0 0.57500 -15.70000 53.58132 0.10979 -13
-0.47885 0.03235 65.54457 0 -0.97500 14.35000 59.12208 0.11170 -13
0.06211 0.11493 69.15862 0 -3.47500 -3.65000 69.02732 0.10157 13
0.78298 0.06397 1.02101 0 -1.35000 -26.52500 0.80437 0.12864 -13
0.24937 -0.10572 60.16001 0 3.20000 -8.12500 58.39123 0.10433 -13
0.11159 -0.04085 83.55088 0 1.22500 -3.25000 83.03632 0.10142 13
0.86855 0.01306 87.91984 0 -0.40000 -24.07500 66.38042 0.13339 13
-0.89780 -0.09745 64.42332 0 2.92500 27.97500 48.03897 0.13568 13
-0.07897 -0.14001 92.17164 0 4.22500 2.27500 91.89109 0.10200 -13
1.75561 0.03523 31.82081 0 -1.02500 -49.65000 15.75755 0.20348 -13
-0.45409 -0.13935 18.40001 0 4.22500 13.62500 16.78072 0.11151 -13
-0.10051 0.02916 73.11732 0 -0.87500 5.07500 72.75112 0.10125 13
1.56410 0.05725 6.27312 0 -1.57500 -45.85000 3.38309 0.18701 -13
-1.80381 -0.04666 8.76659 0 1.52500 55.67500 4.25389 0.20780 -13
-0.82768 0.06940 82.62912 0 -2.07500 24.80000 63.71625 0.13092 -13
-0.86298 -0.09492 52.04786 0 2.85000 26.15000 39.47901 0.13336 13
-1.20712 -0.03929 80.84904 0 1.17500 34.60000 51.60118 0.15790 13
-0.72831 -0.14679 45.55227 0 4.45000 19.97500 36.95683 0.12546 -13
-1.36502 0.04776 92.18412 0 -1.45000 40.75000 54.52008 0.17047 13
-0.34187 -0.19098 49.72825 0 5.77500 10.52500 47.14155 0.10815 -13
-0.05717 0.02515 79.69227 0 -0.77500 3.37500 79.56241 0.10090 13
1.95251 0.02013 99.17524 0 -0.60000 -57.70000 45.21621 0.22093 -13
1.97390 -0.11500 78.44094 0 3.47500 -61.82500 35.63484 0.22314 -13
-0.05459 -0.21394 43.73051 0 6.47500 1.32500 43.66835 0.10314 -13
-1.19264 -0.20158 18.13129 0 6.12500 34.57500 11.78491 0.15810 -13
-0.86713 -0.19643 11.88627 0 5.87500 28.15000 9.05231 0.13471 13
1.07912 0.04116 46.29964 0 -1.22500 -35.47500 31.48488 0.14821 -13
0.15797 -0.15990 85.09719 0 4.82500 -6.10000 84.08044 0.10321 13
-1.17628 -0.06951 56.92087 0 2.10000 35.25000 36.91938 0.15564 -13
-0.08231 -0.06456 90.82933 0 1.95000 1.30000 90.52454 0.10125 -13
-0.44802 0.01768 89.44956 0 -0.52500 15.00000 81.63344 0.11035 -13
0.80427 -0.11025 17.62193 0 3.30000 -23.07500 13.76412 0.12970 13
2.11348 -0.19098 71.50065 0 5.77500 -63.87500 31.02965 0.23627 -13
-1.11789 0.14845 23.73157 0 -4.45000 32.45000 15.91769 0.15176 -13
-1.13980 -0.25030 23.73157 0 7.57500 33.12500 15.91769 0.15481 -13
-1.81410 -0.00670 68.43504 0 0.20000 54.60000 33.03699 0.20861 13
-1.01462 0.10679 38.42619 0 -3.20000 32.52500 27.05138 0.14385 -13
1.39120 -0.12007 12.62865 0 3.70000 -44.10000 7.40483 0.17303 -13
0.70356 -0.16664 40.17745 0 5.00000 -20.22500 33.00768 0.12426 13
-0.75651 -0.04052 83.11779 0 1.22500 22.37500 66.30618 0.12634 13
1.87308 -0.06144 77.16021 0 1.87500 -57.00000 36.39296 0.21392 -13
0.26898 -0.24520 12.03483 0 7.45000 -7.55000 11.64410 0.10721 -13
-0.10410 0.10264 32.87237 0 -3.10000 4.15000 32.69748 0.10178 13
1.50697 -0.19189 13.17325 0 5.85000 -46.35000 7.37612 0.18321 -13
-2.05812 -0.01473 96.44035 0 0.42500 63.62500 42.15026 0.23043 13
-0.47140 0.10862 60.89870 0 -3.27500 15.52500 55.14405 0.11187 -13
0.28812 0.06790 74.29536 0 -2.05000 -9.12500 71.40388 0.10502 13
1.48809 -0.19596 8.29148 0 5.80000 -44.62500 4.68422 0.18153 13
-0.07095 -0.09695 90.01340 0 2.92500 2.15000 89.78975 0.10143 13
0.33616 -0.20604 29.36615 0 6.20000 -12.57500 27.89304 0.10823 13
0.61692 0.09338 34.69663 0 -2.82500 -20.42500 29.56495 0.11870 13
-0.77419 -0.15044 63.49637 0 4.52500 22.57500 50.41704 0.12825 13
1.87405 0.05477 1.44752 0 -2.37500 -56.30000 0.68208 0.21497 13
0.41157 -0.16102 45.32084 0 4.87500 -11.30000 41.98673 0.11011 -13
1.55695 -0.13997 97.01539 0 4.22500 -48.12500 52.78897 0.18689 -13
-0.31048 -0.20010 78.82141 0 6.05000 9.25000 75.40452 0.10736 -13
0.50679 0.09579 28.24867 0 -2.87500 -14.25000 25.22093 0.11330 -13
0.75129 0.06660 30.68205 0 -2.02500 -19.85000 24.54995 0.12614 13
0.18169 0.05992 34.99901 0 -1.82500 -4.00000 34.43721 0.10253 13
0.04694 0.08909 50.99140 0 -2.70000 -2.52500 50.93578 0.10121 13
-0.95961 -0.20300 65.86013 0 6.12500 29.07500 47.97739 0.14105 13
-0.27501 -0.16625 19.84368 0 5.05000 8.40000 19.15164 0.10579 -13
1.89930 -0.03650 65.53392 0 1.12500 -57.55000 30.54652 0.21619 -13
-0.60719 -0.10325 22.04816 0 3.15000 19.37500 18.87306 0.11828 -13
-1.17467 -0.17870 30.15960 0 5.42500 34.57500 19.72835 0.15641 -13
1.68092 0.00405 70.89631 0 -0.10000 -49.55000 36.24750 0.19696 -13
-0.73821 -0.22444 35.68722 0 6.80000 22.50000 28.95753 0.12721 -13
-1.81778 -0.23656 90.93085 0 7.12500 54.62500 44.74803 0.21027 13
1.21529 0.10181 73.02295 0 -3.05000 -37.85000 46.54064 0.15882 -13
-0.05514 0.03027 78.56657 0 -0.92500 3.65000 78.44751 0.10090 13
-0.21767 0.05130 94.18913 0 -1.55000 5.77500 92.03962 0.10319 13
-0.54433 -0.18972 27.31323 0 5.70000 16.35000 24.08556 0.11623 13
2.01956 -0.16924 41.47750 0 5.12500 -62.20000 18.61385 0.22762 -13
-0.27315 0.12406 61.87603 0 -3.72500 7.67500 59.72085 0.10513 -13
-0.28121 -0.27595 61.87603 0 8.32500 7.92500 59.72085 0.10824 -13
-1.84340 0.02696 21.49510 0 -0.85000 56.75000 10.25259 0.21121 13
-1.41929 -0.01822 46.77597 0 0.52500 43.35000 26.94501 0.17485 13
0.67421 -0.14645 47.06119 0 4.40000 -20.70000 39.14997 0.12233 13
-0.61868 0.12643 98.12401 0 -3.82500 16.75000 83.62809 0.11910 13
-0.63633 -0.27348 98.12401 0 8.25000 17.30000 83.62809 0.12249 13
-0.84304 -0.01724 46.20015 0 0.52500 25.67500 35.32497 0.13172 -13
0.01830 0.00404 38.73169 0 -0.12500 -1.00000 38.72521 0.10072 13
1.81634 0.00421 78.20054 0 -0.15000 -57.62500 37.71556 0.20880 13
1.16943 0.02625 31.33941 0 -0.82500 -34.62500 20.37147 0.15498 13
0.55246 -0.06078 27.46002 0 1.82500 -16.80000 24.04659 0.11521 13
-0.35272 -0.13415 91.85220 0 4.05000 11.65000 86.70650 0.10763 13
1.54844 -0.03302 71.80021 0 1.00000 -47.80000 38.96775 0.18566 -13
-1.07827 0.06485 33.21135 0 -1.97500 31.22500 22.60895 0.14824 13
0.56127 -0.14521 97.09509 0 4.37500 -19.95000 84.87995 0.11641 -13
0.03379 -0.00126 53.96370 0 0.05000 -0.45000 53.93292 0.10076 -13
0.21203 -0.12434 41.12161 0 3.77500 -6.90000 40.24047 0.10371 -13
-0.31483 -0.05708 65.04333 0 1.72500 7.60000 62.05035 0.10574 -13
1.19623 0.07356 77.53589 0 -2.20000 -37.70000 49.80814 0.15718 -13
-1.75218 -0.14980 31.53184 0 4.47500 53.47500 15.76083 0.20368 13
0.71293 -0.14015 76.82948 0 4.22500 -19.05000 62.76296 0.12447 13
1.93236 -0.10641 28.21602 0 3.25000 -57.75000 13.02566 0.21941 -13
-0.96096 0.01358 80.06632 0 -0.40000 28.25000 57.73365 0.13967 -13
0.42266 -0.07206 28.76021 0 2.15000 -13.65000 26.50160 0.10957 13
-1.25632 0.13201 96.22174 0 -3.97500 36.37500 60.24086 0.16224 -13
-1.28935 -0.26757 96.22174 0 8.07500 37.37500 60.24086 0.16652 -13
