2.00149 -0.19361 90.15036 0 5.82500 -58.30000 40.88819 0.22613 13
0.12096 -0.14189 41.61838 0 4.27500 -2.42500 41.32319 0.10243 13
-0.96543 -0.19831 13.89810 0 6.02500 30.12500 10.09161 0.14144 -13
0.07121 -0.14590 51.19676 0 4.40000 -0.70000 51.07016 0.10202 13
-0.78672 -0.00429 75.95115 0 0.15000 24.20000 59.69255 0.12813 -13
-1.10727 -0.16496 15.46047 0 5.02500 36.35000 10.43923 0.15120 -13
-0.43863 -0.00867 42.71256 0 0.25000 11.85000 39.11505 0.10997 13
1.31053 -0.02131 98.41326 0 0.65000 -40.95000 59.70799 0.16601 -13
0.93655 -0.12257 73.59713 0 3.70000 -29.37500 53.90433 0.13852 -13
-0.64154 -0.10083 3.86422 0 2.90000 18.85000 3.25678 0.11998 13
-0.69878 -0.02577 47.58565 0 0.77500 19.37500 39.01051 0.12288 13
0.85733 0.05224 51.88419 0 -1.60000 -25.82500 39.41231 0.13276 13
-0.90916 0.01027 53.18360 0 -0.32500 24.72500 39.35204 0.13611 13
-0.77283 -0.45512 53.18360 0 -0.92500 25.20000 39.35204 0.13787 13
-0.31949 -1.00063 53.18360 0 -0.77500 25.57500 39.35204 0.15944 13
-0.01038 -0.22377 53.18360 0 -0.60000 25.82500 39.35204 0.17216 13
-1.66981 0.13925 18.91747 0 -4.15000 49.75000 9.78783 0.19647 -13
-1.70863 -0.25987 18.91747 0 7.90000 50.95000 9.78783 0.20119 -13
1.05204 -0.11350 42.02404 0 3.45000 -29.17500 29.05090 0.14662 -13
-0.79880 -0.04981 22.60692 0 1.52500 24.12500 17.67151 0.12900 -13
1.80532 -0.11873 49.37508 0 3.60000 -54.57500 24.05253 0.20819 -13
-0.31913 0.10640 53.41638 0 -3.22500 10.82500 50.91403 0.10625 13
-0.52448 0.04753 99.18665 0 -1.45000 15.55000 87.85984 0.11382 13
-1.17026 -0.01885 58.19972 0 0.57500 38.07500 37.81244 0.15503 -13
-1.28904 -0.24349 80.45839 0 7.35000 38.27500 50.20078 0.16612 -13
-1.50955 0.07177 3.67284 0 -2.40000 44.25000 2.03277 0.18261 13
-0.46627 -0.07074 74.92382 0 2.12500 12.32500 67.93528 0.11134 13
-0.82644 0.14757 89.45378 0 -4.45000 22.75000 69.25324 0.13148 -13
-0.84301 -0.25127 89.45378 0 7.57500 23.25000 69.25324 0.13413 -13
-0.26239 -0.21627 42.54294 0 6.52500 6.75000 41.20926 0.10638 -13
0.06116 0.14231 35.50077 0 -4.27500 -2.97500 35.43588 0.10190 -13
0.06250 -0.25673 35.50077 0 7.75000 -3.02500 35.43588 0.10417 -13
0.76239 -0.10685 61.06013 0 3.22500 -24.25000 48.65899 0.12709 -13
0.15599 0.06008 57.11616 0 -1.82500 -5.67500 56.43611 0.10210 13
0.60095 -0.21552 89.88714 0 6.50000 -19.27500 77.50331 0.11948 -13
0.36634 0.12417 43.89587 0 -3.75000 -8.65000 41.25433 0.10798 13
0.37712 -0.27588 43.89587 0 8.30000 -8.97500 41.25433 0.11114 13
-0.15149 0.11849 67.64805 0 -3.57500 4.77500 66.89520 0.10255 13
-0.15629 -0.28190 67.64805 0 8.50000 4.92500 66.89520 0.10576 13
-0.03786 -0.14025 83.62150 0 4.22500 1.35000 83.56280 0.10175 13
1.39156 -0.00880 86.97146 0 0.25000 -39.17500 50.75455 0.17257 13
-0.43265 -0.15256 62.37196 0 4.60000 12.60000 57.34704 0.11080 -13
-0.31724 0.06303 82.53121 0 -1.90000 7.57500 78.68088 0.10584 -13
-0.71935 -0.07132 7.66056 0 2.22500 21.95000 6.22430 0.12429 -13
0.98413 0.12252 86.04735 0 -3.70000 -29.97500 61.55355 0.14183 13
1.01378 -0.27763 86.04735 0 8.37500 -30.87500 61.55355 0.14608 13
0.50762 0.05515 81.87403 0 -1.65000 -16.25000 73.02923 0.11307 -13
1.76873 -0.22641 80.42743 0 6.85000 -52.10000 40.33570 0.20589 -13
-0.70754 -0.18835 68.18913 0 5.70000 19.62500 55.98597 0.12482 -13
0.58452 -0.14617 63.17029 0 4.40000 -19.25000 54.68294 0.11756 13
0.18622 -0.10335 22.73159 0 3.15000 -3.72500 22.35140 0.10297 -13
-0.70410 0.07828 38.16532 0 -2.37500 24.12500 31.23783 0.12342 13
1.48374 -0.00660 17.60938 0 0.25000 -45.05000 9.84216 0.18018 -13
0.39412 -0.09607 79.99289 0 2.90000 -12.95000 74.46761 0.10867 13
-0.99010 -0.16055 37.65131 0 4.82500 28.37500 26.92389 0.14261 13
-0.49371 -0.20864 46.83541 0 6.30000 17.17500 42.16833 0.11427 -13
-0.30284 -0.23807 69.66558 0 7.20000 10.30000 66.82580 0.10792 -13
-0.21605 0.02612 10.86740 0 -0.75000 4.75000 10.62251 0.10306 -13
-0.02669 -0.17681 14.22441 0 5.30000 -2.15000 14.21949 0.10229 13
0.33591 0.00903 58.33074 0 -0.27500 -10.50000 55.29497 0.10624 -13
-0.60041 0.12431 94.97113 0 -3.75000 19.42500 81.58705 0.11812 -13
-0.61806 -0.27570 94.97113 0 8.32500 19.97500 81.58705 0.12160 -13
1.77124 -0.02732 71.68874 0 0.85000 -53.70000 35.25451 0.20486 -13
0.22136 -0.03684 18.06226 0 1.10000 -6.85000 17.63582 0.10321 13
-0.42879 -0.01644 73.34616 0 0.50000 12.50000 67.41183 0.10958 -13
0.07877 -0.03817 3.07118 0 1.00000 -4.27500 3.06173 0.10113 13
-0.65522 -0.01760 14.29209 0 0.57500 19.32500 11.95518 0.12041 -13
-0.82546 0.06979 82.90081 0 -2.10000 27.57500 63.99551 0.13078 13
-0.92148 -0.00578 96.76570 0 0.17500 25.00000 71.16093 0.13694 13
-0.43706 -0.19134 83.27993 0 5.77500 13.57500 76.52716 0.11158 13
1.26876 -0.22873 85.44605 0 6.90000 -37.92500 53.72202 0.16430 13
0.18165 -0.01653 14.94165 0 0.52500 -5.12500 14.70116 0.10237 -13
-0.53839 -0.19037 8.23177 0 5.80000 18.37500 7.27668 0.11602 -13
-3.58422 5.61841 8.23177 0 6.35000 19.50000 7.27668 0.12092 -13
-1.47080 0.72462 8.23177 0 6.85000 20.75000 7.27668 0.13663 -13
1.00343 -0.69159 8.23177 0 7.92500 23.47500 7.27668 0.15173 -13
-1.87205 -0.76918 8.23177 0 7.82500 23.95000 7.27668 0.15348 -13
-8.80002 -14.29633 8.23177 0 8.32500 24.37500 7.27668 0.15668 -13
0.05207 -0.03831 73.98730 0 1.15000 -1.85000 73.88735 0.10091 13
1.29516 -0.14337 72.87519 0 4.32500 -36.70000 44.82053 0.16541 13
-0.36602 -0.13917 30.35380 0 4.22500 13.47500 28.53651 0.10816 -13
2.17074 0.13565 77.53436 0 -4.07500 -62.95000 32.68631 0.24105 -13
2.22457 -0.26374 77.53436 0 7.97500 -64.60000 32.68631 0.24708 -13
-0.49465 -0.13070 48.64057 0 3.92500 16.87500 43.67065 0.11311 13
-1.83991 -0.15542 67.66353 0 4.70000 55.55000 32.60963 0.21148 -13
0.93915 -0.00175 31.13347 0 0.02500 -27.45000 22.69430 0.13815 13
0.38225 -0.05158 22.15501 0 1.52500 -13.10000 20.69809 0.10793 13
1.42660 0.02730 27.06985 0 -0.80000 -41.87500 15.54222 0.17545 -13
-0.48996 -0.19427 77.68553 0 5.87500 14.67500 70.00914 0.11384 -13
0.68382 -0.24641 67.22540 0 7.42500 -18.37500 56.00462 0.12449 13
-0.41923 -0.07319 59.54126 0 2.20000 12.90000 54.93302 0.10944 13
-0.28805 -0.13293 86.98859 0 4.02500 8.30000 83.64541 0.10565 -13
-0.13667 -0.08473 45.27708 0 2.55000 4.02500 44.86292 0.10199 13
-0.20403 0.06274 52.72252 0 -1.90000 6.47500 51.66236 0.10297 13
1.02559 0.03746 89.40120 0 -1.15000 -29.32500 62.43495 0.14430 13
0.38980 0.00324 45.55261 0 -0.07500 -11.92500 42.44215 0.10808 -13
-0.98413 -0.10334 8.12410 0 3.02500 29.75000 5.80566 0.14163 13
0.05460 0.06072 82.00099 0 -1.82500 -0.90000 81.87948 0.10104 13
-0.30118 -0.11313 97.21668 0 3.40000 10.35000 93.13521 0.10578 13
0.09897 0.07022 63.83462 0 -2.12500 -3.82500 63.52576 0.10144 13
-1.26692 0.06783 64.33750 0 -2.02500 35.70000 39.91862 0.16267 -13
-0.06127 -0.07860 81.55231 0 2.37500 0.42500 81.40061 0.10120 -13
0.06509 -0.12384 38.36338 0 3.72500 -0.82500 38.28361 0.10167 13
-0.05476 -0.20686 18.95215 0 6.27500 0.92500 18.92495 0.10300 -13
1.53841 0.02448 16.77263 0 -0.80000 -47.42500 9.14294 0.18481 13
0.60375 0.10696 89.10647 0 -3.22500 -19.15000 76.39714 0.11812 -13
0.29924 0.05804 53.46983 0 -1.75000 -10.87500 51.23253 0.10527 -13
0.36145 -0.11525 94.74379 0 3.47500 -9.30000 89.16956 0.10770 13
0.82146 -0.16893 24.61144 0 5.12500 -24.30000 19.12556 0.13145 -13
-1.12490 -0.21510 80.92301 0 6.47500 35.37500 54.44114 0.15311 13
1.40150 -0.12671 55.50069 0 3.80000 -40.62500 32.40621 0.17383 13
0.61565 -0.12186 99.57444 0 3.67500 -19.22500 84.96436 0.11889 13
-1.30906 0.09254 51.77349 0 -2.77500 40.20000 31.51370 0.16615 -13
-0.54986 0.08661 38.71103 0 -2.60000 18.55000 33.95063 0.11525 -13
-0.10516 -0.07528 79.94666 0 2.27500 5.02500 79.51065 0.10154 13
0.98080 0.08637 86.97664 0 -2.62500 -31.47500 62.20823 0.14133 13
0.20805 0.05207 38.19379 0 -1.55000 -6.55000 37.39511 0.10299 -13
1.30370 -0.19961 46.47837 0 6.00000 -37.92500 28.63555 0.16666 13
0.57422 -0.08859 88.64379 0 2.67500 -17.10000 76.94540 0.11647 -13
-0.92762 -0.14579 13.02897 0 4.35000 28.47500 9.59850 0.13812 13
-0.97266 0.11764 99.13131 0 -3.55000 26.62500 71.29766 0.14098 -13
0.20489 -0.23094 61.52137 0 6.97500 -6.20000 60.33100 0.10540 -13
1.06390 0.05140 40.51897 0 -1.57500 -29.92500 27.76945 0.14713 13
1.23713 -0.18376 15.84132 0 5.50000 -36.82500 10.05893 0.16121 13
-0.33530 -0.15991 64.79679 0 4.82500 8.97500 61.51256 0.10743 -13
-0.36256 -0.13138 5.03238 0 3.85000 11.22500 4.73581 0.10791 13
0.47215 -0.04569 78.70775 0 1.37500 -17.00000 71.18702 0.11146 -13
-0.62647 0.12204 77.35621 0 -3.67500 19.40000 65.68942 0.11947 13
-0.64546 -0.27813 77.35621 0 8.37500 19.97500 65.68942 0.12308 13
0.55026 -0.19040 4.02024 0 5.60000 -17.50000 3.53669 0.11646 13
-1.88805 -0.22439 27.41142 0 6.72500 57.02500 13.07686 0.21629 13
1.11347 -0.07549 85.89164 0 2.27500 -35.00000 57.48135 0.15090 13
-1.26696 -0.10167 60.05370 0 3.05000 39.85000 37.32467 0.16285 13
0.71647 0.06391 11.07406 0 -1.97500 -22.45000 9.00825 0.12407 13
1.76735 -0.09730 79.14694 0 2.95000 -51.30000 39.11455 0.20475 -13
1.79972 -0.21355 42.98464 0 6.42500 -55.95000 21.23411 0.20842 13
0.06841 -0.23500 66.39085 0 7.10000 -2.02500 66.24407 0.10368 -13
0.40374 -0.20237 68.62921 0 6.10000 -12.65000 63.81422 0.11050 -13
-0.27023 0.04110 57.47351 0 -1.22500 7.45000 55.48665 0.10440 -13
-0.86302 0.12794 33.15428 0 -3.85000 22.77500 25.18638 0.13363 -13
-0.88711 -0.27179 33.15428 0 8.22500 23.50000 25.18638 0.13740 -13
-0.12280 0.00561 38.36731 0 -0.17500 1.30000 38.08125 0.10146 13
-0.71471 -0.08953 80.84923 0 2.70000 21.17500 65.86482 0.12411 -13
0.08703 -0.03389 50.97502 0 1.02500 -3.75000 50.78339 0.10114 -13
-0.57112 -1.05572 50.97502 0 1.07500 -3.70000 50.78339 0.10125 -13
-0.35596 0.89931 50.97502 0 2.12500 -3.67500 50.78339 0.10573 -13
-0.11331 0.20992 50.97502 0 2.05000 -3.65000 50.78339 0.10775 -13
1.09218 0.12304 87.23041 0 -3.70000 -33.22500 59.14691 0.14964 -13
1.12483 -0.27705 87.23041 0 8.37500 -34.20000 59.14691 0.15413 -13
-0.31901 0.12142 38.65823 0 -3.67500 12.32500 36.85419 0.10641 13
-0.32877 -0.27881 38.65823 0 8.40000 12.62500 36.85419 0.10965 13
-0.33867 -0.02073 87.31431 0 0.62500 10.12500 82.70215 0.10634 -13
-1.27479 -0.15402 48.98374 0 4.65000 36.05000 30.45285 0.16390 -13
1.63928 -0.01451 44.71500 0 0.45000 -50.25000 23.28866 0.19338 -13
-1.02607 -0.21133 82.22362 0 6.37500 33.07500 58.02820 0.14585 -13
-0.16960 -0.04937 51.38667 0 1.47500 5.75000 50.66489 0.10226 13
-0.63057 -0.12537 12.65624 0 3.82500 18.35000 10.72958 0.11973 -13
1.25449 0.00340 76.13029 0 -0.12500 -36.82500 47.45466 0.16155 13
-0.07053 -0.11717 34.11831 0 3.55000 4.40000 34.03490 0.10164 -13
-0.59235 -0.01511 9.69661 0 0.52500 17.22500 8.34280 0.11706 -13
0.01052 -0.02339 40.61807 0 0.70000 -1.77500 40.61582 0.10074 13
-0.28531 0.07034 12.86403 0 -2.07500 7.35000 12.37278 0.10495 -13
-0.49652 -0.02056 71.85642 0 0.62500 12.42500 64.36225 0.11245 13
0.11562 -0.03521 84.58226 0 1.05000 -3.42500 84.02319 0.10144 13
-1.25345 -0.09807 83.17655 0 2.95000 37.85000 52.02390 0.16177 13
0.72805 -0.10238 79.99989 0 3.07500 -24.27500 64.79155 0.12499 13
-0.27944 0.03710 53.73524 0 -1.12500 8.32500 51.75535 0.10463 13
-1.41837 -0.10542 59.39567 0 3.17500 44.42500 34.35251 0.17507 13
0.07148 -0.11620 59.07079 0 3.52500 -3.00000 58.92247 0.10164 -13
1.04646 0.10276 99.71438 0 -3.10000 -31.22500 69.07892 0.14613 13
-0.26451 0.06899 2.17732 0 -1.85000 8.22500 2.10526 0.10447 -13
0.40773 -0.06919 29.08851 0 2.10000 -11.82500 26.94479 0.10898 -13
-0.52990 -0.07254 21.06286 0 2.22500 16.67500 18.62186 0.11421 -13
0.50672 0.14507 22.07495 0 -4.35000 -16.17500 19.73270 0.11382 -13
0.51737 -0.25386 22.07495 0 7.67500 -16.50000 19.73270 0.11625 -13
0.91831 -0.18114 29.41059 0 5.45000 -28.22500 21.82146 0.13792 13
0.01839 0.04823 18.32355 0 -1.47500 -2.07500 18.32046 0.10084 13
-1.00870 0.13186 42.97069 0 -3.95000 32.67500 30.38375 0.14364 -13
-1.03523 -0.26770 42.97069 0 8.10000 33.47500 30.38375 0.14746 -13
0.37257 0.02905 33.65343 0 -0.90000 -10.45000 31.53752 0.10751 13
0.26371 0.08087 19.69220 0 -2.47500 -9.40000 19.04542 0.10447 13
0.28702 -0.04478 82.70355 0 1.35000 -8.40000 79.49994 0.10486 -13
0.43216 0.05850 49.68963 0 -1.77500 -13.52500 45.62489 0.10986 13
0.57169 -0.00215 5.81869 0 -0.02500 -18.07500 5.05143 0.11602 13
-0.08503 -0.02899 93.52172 0 0.87500 1.65000 93.18572 0.10111 -13
-1.62082 -0.12767 43.44721 0 3.82500 47.45000 22.94728 0.19220 13
-0.25655 -0.04929 13.73277 0 1.52500 7.72500 13.30302 0.10409 -13
-0.83174 -0.07963 33.20997 0 2.37500 26.85000 25.56494 0.13122 13
1.66027 0.03278 57.96970 0 -0.97500 -48.80000 29.92184 0.19521 -13
-0.15837 0.13367 40.79067 0 -4.05000 5.37500 40.29726 0.10285 13
-0.16241 -0.26583 40.79067 0 8.00000 5.50000 40.29726 0.10547 13
0.86919 0.12921 38.77683 0 -3.87500 -27.20000 29.37040 0.13405 -13
0.89301 -0.27048 38.77683 0 8.17500 -27.92500 29.37040 0.13776 -13
0.05581 0.06349 9.19392 0 -1.87500 -5.12500 9.17977 0.10106 -13
0.05244 -0.10647 54.92749 0 3.22500 -1.05000 54.85295 0.10142 -13
-1.66016 0.11343 17.20012 0 -3.37500 50.87500 8.91659 0.19547 -13
-0.39883 -0.16748 68.48655 0 5.05000 14.07500 63.73319 0.10972 13
-2.02201 -0.01401 90.61342 0 0.42500 59.82500 40.17295 0.22717 -13
-0.01956 -0.05473 63.74167 0 1.65000 -0.42500 63.72952 0.10087 13
1.62627 -0.19251 32.31857 0 5.77500 -48.12500 17.15229 0.19320 13
-0.61301 -0.02429 62.34145 0 0.72500 19.27500 53.15394 0.11814 13
-0.56389 -0.21328 20.82895 0 6.40000 16.47500 18.23911 0.11757 13
-2.09709 -0.03619 45.16990 0 1.07500 62.85000 19.45218 0.23399 13
-1.14491 0.01885 79.81730 0 -0.55000 35.50000 52.51172 0.15310 -13
0.27541 0.01974 28.13147 0 -0.62500 -8.47500 27.12210 0.10447 13
-0.03331 -0.17172 34.67984 0 5.20000 -0.32500 34.66117 0.10224 -13
-0.25189 -0.17038 58.56196 0 5.12500 6.70000 56.83595 0.10525 13
0.51291 -0.17308 46.12469 0 5.20000 -13.55000 41.16586 0.11450 13
-0.44583 0.01601 29.93304 0 -0.47500 15.52500 27.33967 0.11027 -13
0.70684 -0.08688 96.69146 0 2.62500 -19.40000 79.05672 0.12363 13
0.41027 0.00580 94.49738 0 -0.17500 -13.42500 87.42590 0.10885 13
-0.12392 -0.18941 90.45258 0 5.72500 3.70000 89.78948 0.10325 -13
0.16834 -0.22215 21.19268 0 6.72500 -5.70000 20.91220 0.10456 -13
-1.40518 -0.08308 20.95888 0 2.47500 41.35000 12.17981 0.17387 13
-2.00635 -0.17446 86.61677 0 5.25000 60.32500 39.10288 0.22643 13
0.02292 0.10564 79.20247 0 -3.17500 -0.10000 79.18190 0.10129 -13
1.43721 -0.28367 79.20247 0 -3.15000 -0.17500 79.18190 0.10145 -13
-0.97292 -0.20274 79.20247 0 -1.95000 -3.07500 79.18190 0.11388 -13
-2.71574 -0.62753 79.20247 0 -1.82500 -4.30000 79.18190 0.11775 -13
-1.49324 -0.21726 63.45074 0 6.55000 47.02500 35.86779 0.18230 13
-1.55485 -0.02266 90.30357 0 0.67500 45.05000 48.85712 0.18618 13
-0.52856 -0.21238 48.19299 0 6.42500 14.12500 42.80974 0.11590 -13
-0.26949 0.06868 68.49160 0 -2.07500 8.72500 66.14273 0.10452 -13
-0.21381 -0.20222 64.02275 0 6.10000 8.12500 62.66160 0.10498 -13
-1.57592 0.00617 81.34074 0 -0.20000 47.02500 43.58179 0.18796 13
1.00639 0.02251 51.80335 0 -0.67500 -28.72500 36.51826 0.14289 -13
-0.76818 -0.00051 67.15172 0 -0.00000 21.52500 53.25324 0.12699 13
0.64506 -0.01671 34.32954 0 0.47500 -16.42500 28.84943 0.11985 13
1.34092 0.07165 24.24476 0 -2.20000 -42.30000 14.51794 0.16862 13
0.75076 0.05099 61.89271 0 -1.55000 -20.82500 49.51930 0.12603 13
0.02718 -0.03848 7.67715 0 1.10000 -2.07500 7.67431 0.10082 13
-2.01708 -0.03673 19.70144 0 1.05000 58.42500 8.75537 0.22675 13
-0.34421 -0.21983 15.74731 0 6.67500 11.90000 14.92651 0.10881 -13
-0.74358 0.09351 89.70542 0 -2.82500 20.02500 72.09640 0.12584 -13
-0.09925 0.01109 77.29179 0 -0.32500 4.52500 76.91393 0.10121 -13
-0.46212 -0.04556 58.18239 0 1.37500 14.22500 52.82533 0.11103 -13
0.00162 0.09482 56.98795 0 -2.87500 -0.60000 56.98787 0.10116 13
0.08409 0.08392 67.95580 0 -2.52500 -2.30000 67.71847 0.10141 -13
1.21910 0.02271 21.90204 0 -0.72500 -36.10000 13.89233 0.15880 13
0.22800 -0.20164 60.58674 0 6.10000 -7.12500 59.12802 0.10527 -13
-0.69475 -0.07319 47.57494 0 2.20000 20.70000 39.10488 0.12284 13
1.27725 -0.16694 45.92830 0 5.05000 -37.20000 28.55429 0.16423 -13
-0.11848 0.01675 59.56211 0 -0.50000 2.97500 59.14850 0.10142 -13
-0.08974 -0.03427 43.73942 0 1.05000 3.97500 43.56448 0.10117 -13
-0.29472 -0.09230 37.69763 0 2.80000 12.62500 36.17208 0.10540 -13
-0.12385 -0.21338 64.95066 0 6.42500 2.65000 64.47934 0.10372 13
0.80433 -0.00350 4.72930 0 0.25000 -24.87500 3.68537 0.12927 -13
-0.05909 0.05968 82.61385 0 -1.80000 3.05000 82.47055 0.10106 13
-1.02316 0.14361 57.29271 0 -4.32500 29.35000 40.25390 0.14480 -13
-1.04528 -0.25538 57.29271 0 7.72500 30.02500 40.25390 0.14795 -13
0.92457 -0.10805 57.68748 0 3.25000 -27.75000 42.47095 0.13757 13
0.09785 0.04712 74.79673 0 -1.42500 -3.10000 74.44203 0.10129 -13
0.49979 -0.09584 13.03574 0 2.85000 -15.22500 11.67148 0.11298 13
-1.03645 -0.06931 99.49577 0 2.07500 31.75000 69.16936 0.14520 13
0.89779 -0.12850 66.95666 0 3.87500 -27.67500 50.00473 0.13596 -13
-0.78147 0.05667 18.85583 0 -1.67500 22.97500 14.86636 0.12792 -13
0.60522 0.04938 79.76078 0 -1.50000 -19.40000 68.25868 0.11782 13
0.59752 -0.11054 81.36996 0 3.35000 -17.02500 69.96151 0.11784 -13
0.93494 -0.15145 22.30729 0 4.60000 -28.02500 16.38041 0.13873 -13
0.61715 -0.10151 9.45529 0 3.00000 -19.47500 8.05779 0.11877 13
0.01673 0.02465 13.05192 0 -0.77500 1.25000 13.05010 0.10075 13
0.22080 0.13215 22.36946 0 -3.97500 -7.55000 21.85203 0.10398 -13
0.22661 -0.26739 22.36946 0 8.10000 -7.72500 21.85203 0.10673 -13
0.22243 -0.04424 5.79505 0 1.42500 -4.52500 5.65700 0.10329 -13
-0.07173 -0.21565 88.68812 0 6.50000 3.05000 88.47087 0.10328 -13
0.09363 0.01654 68.18689 0 -0.50000 -4.27500 67.89004 0.10116 13
0.11147 0.14575 16.94998 0 -4.37500 -3.62500 16.84781 0.10237 -13
0.11380 -0.25313 16.94998 0 7.67500 -3.70000 16.84781 0.10454 -13
1.26734 0.10256 26.37821 0 -3.12500 -37.22500 16.39210 0.16292 13
0.94062 -0.12371 26.73567 0 3.70000 -32.17500 19.54398 0.13880 13
-1.59512 0.04043 76.73217 0 -1.20000 48.17500 40.78069 0.18963 -13
-0.21945 0.05872 73.18430 0 -1.77500 5.65000 71.48881 0.10327 -13
1.18616 -0.20182 28.74391 0 6.12500 -34.92500 18.74254 0.15759 -13
0.15415 -0.24298 97.08522 0 7.32500 -5.40000 96.01404 0.10480 -13
-1.85111 -0.23895 17.83975 0 7.27500 56.87500 8.66161 0.21334 -13
1.06244 -0.23199 33.00140 0 6.97500 -32.37500 22.93149 0.14875 13
0.68128 -0.23746 76.05623 0 7.17500 -21.50000 63.39330 0.12418 -13
-0.07603 0.03849 78.41827 0 -1.17500 2.65000 78.19297 0.10107 13
-0.19020 -0.09814 42.62977 0 2.97500 3.20000 41.88587 0.10299 -13
0.07123 -0.17443 72.22736 0 5.27500 -0.90000 72.05016 0.10248 -13
-0.80041 -0.17408 91.48407 0 5.25000 25.35000 71.83651 0.13018 -13
-0.21327 -0.20628 21.68698 0 6.25000 6.95000 21.22874 0.10506 -13
-1.77894 -0.13914 95.55983 0 4.20000 53.17500 47.16617 0.20599 13
0.04625 -0.15550 12.59700 0 4.65000 -2.30000 12.58386 0.10200 13
0.43961 -0.07730 21.33503 0 2.30000 -14.67500 19.54034 0.11027 13
-0.19928 -0.03972 32.35031 0 1.20000 6.05000 31.72745 0.10276 -13
-1.90580 0.11012 45.92662 0 -3.30000 56.50000 21.44026 0.21700 -13
-1.22389 -0.14393 25.44903 0 4.37500 36.07500 16.20088 0.15985 -13
-0.43172 -0.01791 53.62850 0 0.52500 14.15000 49.23719 0.10970 13
-1.35349 -0.09746 82.08182 0 2.92500 41.80000 48.92576 0.16974 13
-1.94044 0.13375 23.83734 0 -4.00000 60.12500 10.99646 0.22019 -13
-1.99014 -0.26574 23.83734 0 8.07500 61.67500 10.99646 0.22596 -13
-1.83021 -0.09690 33.52984 0 2.90000 53.47500 16.13517 0.21023 13
-0.47861 -0.01195 41.20454 0 0.37500 12.95000 37.16755 0.11165 -13
-1.09434 -0.08100 36.29358 0 2.47500 33.25000 24.52619 0.14952 -13
0.84272 -0.00443 67.33739 0 0.15000 -27.12500 51.49164 0.13169 -13
0.31215 -0.09120 89.63689 0 2.75000 -12.10000 85.59650 0.10590 -13
0.85746 -0.08086 97.38827 0 2.42500 -25.92500 74.03262 0.13290 13
0.82561 -0.13810 71.77134 0 4.17500 -22.20000 55.55722 0.13133 -13
1.36707 -0.05218 65.82702 0 1.60000 -41.52500 38.89854 0.17065 -13
0.54489 0.09646 21.73670 0 -2.92500 -13.95000 19.10726 0.11510 13
0.17731 -0.10319 66.97323 0 3.12500 -4.30000 65.95517 0.10280 -13
-0.94428 -0.07753 49.93500 0 2.35000 27.37500 36.35792 0.13872 -13
1.47826 -0.04030 95.41856 0 1.20000 -43.07500 53.49375 0.17977 13
0.76649 0.05985 83.05294 0 -1.82500 -23.60000 65.96069 0.12702 13
1.77826 0.13558 73.59048 0 -4.10000 -53.47500 36.32067 0.20592 13
1.82244 -0.26384 73.59048 0 7.95000 -54.80000 36.32067 0.21100 13
1.31289 -0.05892 19.59931 0 1.82500 -39.70000 11.88780 0.16633 -13
0.80990 0.10770 45.39064 0 -3.25000 -24.90000 35.35355 0.13005 13
-1.64346 -0.11361 50.09053 0 3.45000 48.70000 26.15944 0.19409 -13
0.89824 -0.00435 31.47639 0 0.15000 -24.02500 23.41651 0.13537 -13
0.25512 -0.01811 83.40176 0 0.55000 -9.92500 80.81418 0.10394 13
-0.53827 0.08148 61.81069 0 -2.47500 13.82500 54.46739 0.11466 13
0.56983 0.02451 66.41850 0 -0.72500 -17.70000 57.71149 0.11593 -13
1.61732 -0.16805 74.94721 0 5.05000 -48.67500 39.81151 0.19222 13
0.77874 -0.21206 55.73156 0 6.37500 -22.42500 44.33265 0.12940 13
0.55413 0.04136 93.42560 0 -1.25000 -16.10000 81.73466 0.11520 -13
0.09033 -0.08214 62.40093 0 2.47500 -3.82500 62.14958 0.10145 13
0.44586 -0.20868 31.97116 0 6.30000 -12.65000 29.30188 0.11226 -13
1.84686 0.06147 99.39089 0 -1.87500 -54.95000 47.39301 0.21160 13
-0.61991 -0.14567 87.42180 0 4.40000 17.77500 74.51805 0.11938 13
-0.36360 0.02916 42.31444 0 -0.90000 10.37500 39.76930 0.10719 13
0.35310 0.06047 28.74919 0 -1.85000 -10.70000 27.11437 0.10697 13
-0.08393 0.12082 73.95546 0 -3.65000 5.05000 73.70017 0.10179 13
-0.08652 -0.27942 73.95546 0 8.42500 5.12500 73.70017 0.10491 13
0.11378 0.07544 57.71260 0 -2.27500 -2.02500 57.34467 0.10164 13
1.11899 0.04474 67.10209 0 -1.35000 -33.10000 44.73795 0.15120 13
-0.90981 -0.20721 20.33254 0 6.22500 27.05000 15.18142 0.13771 13
-1.34674 -0.12260 56.00751 0 3.72500 39.70000 33.55026 0.16938 -13
0.19129 -0.18605 94.57314 0 5.60000 -7.07500 92.94377 0.10415 13
-0.26103 0.10872 66.89964 0 -3.27500 7.17500 64.75491 0.10465 -13
-0.77598 -0.08243 6.85931 0 2.57500 22.25000 5.42618 0.12777 -13
-0.03124 -0.06575 13.74079 0 1.95000 1.50000 13.73411 0.10096 13
0.07107 -0.06388 78.58162 0 1.92500 -1.42500 78.38469 0.10116 13
-0.03197 -0.15421 40.79856 0 4.65000 0.82500 40.77821 0.10195 -13
0.27357 -0.09321 35.34214 0 2.82500 -8.62500 34.09982 0.10483 -13
-0.09354 -0.08822 58.68990 0 2.65000 3.75000 58.43678 0.10153 13
-0.77655 -0.22443 54.31200 0 6.77500 21.35000 43.28904 0.12951 -13
-1.62477 -0.24219 58.63094 0 7.32500 48.35000 31.36758 0.19370 -13
-0.97080 -0.14532 84.81482 0 4.40000 26.90000 61.16287 0.14112 -13
-1.00228 0.01564 55.15193 0 -0.47500 29.77500 38.95619 0.14259 13
1.68296 0.01736 2.74472 0 -0.17500 -52.07500 1.40226 0.19727 -13
-1.40305 -0.07433 1.76109 0 2.72500 41.95000 1.02438 0.17416 -13
-0.00770 -0.22370 81.34099 0 6.75000 0.62500 81.33870 0.10319 13
-0.19053 0.09539 71.00670 0 -2.87500 5.10000 69.76304 0.10297 13
-1.59692 -0.08971 30.47666 0 2.72500 50.75000 16.22133 0.18998 -13
-1.04389 -0.05896 17.01549 0 1.82500 30.07500 11.78180 0.14570 -13
-0.01632 -0.05010 35.24542 0 1.50000 2.55000 35.24074 0.10084 13
-0.53989 -0.11942 77.23981 0 3.60000 17.75000 68.07509 0.11507 -13
-0.29004 -0.20868 32.49788 0 6.30000 10.12500 31.26229 0.10695 -13
-0.09762 0.10296 24.89465 0 -3.07500 4.75000 24.77816 0.10170 -13
0.33312 0.01682 95.95710 0 -0.52500 -11.70000 91.04007 0.10616 13
1.23662 -0.00254 15.74165 0 0.02500 -37.85000 9.89834 0.16016 13
0.28752 0.04501 87.69289 0 -1.37500 -8.97500 84.28526 0.10488 13
-1.72578 -0.22095 8.61174 0 6.55000 55.40000 4.39433 0.20196 13
-0.89368 -0.07415 54.27593 0 2.22500 27.37500 40.51921 0.13526 13
0.46126 0.08735 50.81804 0 -2.62500 -13.05000 46.17608 0.11125 -13
0.67132 -0.21665 12.44415 0 6.47500 -19.90000 10.40515 0.12320 13
0.03947 -0.19571 14.81113 0 5.87500 -3.30000 14.80005 0.10267 13
-0.31127 0.10439 43.36147 0 -3.12500 9.87500 41.42191 0.10599 -13
-1.20190 0.05897 90.14301 0 -1.77500 34.92500 57.71431 0.15755 13
-0.89798 0.06308 35.02859 0 -1.87500 25.00000 26.08569 0.13549 -13
0.78979 -0.11482 83.14739 0 3.45000 -22.15000 65.41433 0.12884 13
-0.57506 0.12377 9.51959 0 -3.80000 17.20000 8.26774 0.11687 13
-0.59205 -0.27643 9.51959 0 8.27500 17.70000 8.26774 0.12024 13
0.24219 -0.04670 35.18102 0 1.40000 -7.67500 34.19454 0.10373 13
0.34832 -0.21471 36.45038 0 6.45000 -12.95000 34.50419 0.10879 13
-0.05416 0.02471 65.94355 0 -0.72500 0.42500 65.84708 0.10088 -13
-0.36020 -0.21861 34.02796 0 6.57500 9.72500 32.09863 0.10926 13
1.19982 -0.23669 87.13712 0 7.12500 -36.87500 56.68289 0.15908 13
0.72095 0.09314 35.96193 0 -2.80000 -21.25000 29.21477 0.12450 -13
0.45483 0.10771 35.02094 0 -3.27500 -8.97500 31.90998 0.11117 13
1.80546 -0.06251 3.05843 0 1.55000 -53.12500 1.48410 0.20794 13
0.07914 -0.19951 27.73686 0 6.05000 -4.27500 27.65373 0.10301 -13
-1.48526 -0.13799 24.49967 0 4.12500 46.00000 13.77105 0.18083 13
1.39831 -0.16020 25.43916 0 4.80000 -40.30000 14.92226 0.17384 13
-0.00977 -0.04121 91.09988 0 1.25000 -0.27500 91.09554 0.10079 13
-1.06130 -0.18055 2.43678 0 5.75000 33.12500 1.68505 0.14839 -13
-1.02994 0.13180 26.14157 0 -3.95000 35.70000 18.29082 0.14516 -13
-1.05711 -0.26778 26.14157 0 8.10000 36.55000 18.29082 0.14903 -13
0.48516 -0.11774 69.47026 0 3.55000 -16.60000 62.58420 0.11255 13
0.61101 -0.07667 72.43969 0 2.30000 -17.92500 61.86331 0.11826 13
-1.05121 -0.02536 23.89995 0 0.80000 33.22500 16.47536 0.14614 -13
0.10113 -0.13827 5.99744 0 4.07500 -3.77500 5.96754 0.10215 13
0.45433 0.11881 37.54313 0 -3.60000 -13.82500 34.22149 0.11126 13
0.46870 -0.28160 37.54313 0 8.47500 -14.25000 34.22149 0.11476 13
0.14044 -0.18242 49.94673 0 5.50000 -4.75000 49.47679 0.10335 -13
0.58290 0.00777 87.45164 0 -0.25000 -18.57500 75.55390 0.11657 13
-0.52368 -0.24199 28.44034 0 7.32500 16.80000 25.34605 0.11628 -13
-1.58897 -0.23520 70.25912 0 7.07500 48.67500 38.14548 0.19052 13
-0.03835 0.12131 81.34712 0 -3.67500 1.25000 81.28821 0.10152 13
-0.03953 -0.27890 81.34712 0 8.40000 1.27500 81.28821 0.10462 13
0.30431 0.09558 20.03769 0 -2.90000 -9.17500 19.17718 0.10571 13
1.27299 -0.14853 30.27258 0 4.45000 -39.80000 18.82706 0.16367 13
-0.55613 -0.04741 23.87704 0 1.45000 15.55000 20.87280 0.11534 -13
0.36770 0.08494 86.98040 0 -2.55000 -10.05000 81.67121 0.10764 -13
0.49302 -0.18000 61.34632 0 5.42500 -17.55000 55.19205 0.11372 13
0.17257 -0.05325 20.54669 0 1.57500 -3.65000 20.24819 0.10233 13
-2.05386 0.13430 57.31042 0 -4.02500 61.92500 25.26941 0.23042 -13
-2.10600 -0.26515 57.31042 0 8.02500 63.50000 25.26941 0.23632 -13
-1.58791 2.09225 57.31042 0 -4.20000 61.85000 25.26941 0.23040 -13
-0.06073 -0.30495 57.31042 0 7.40000 62.30000 25.26941 0.23366 -13
0.15769 -0.36705 57.31042 0 -2.70000 62.42500 25.26941 0.24840 -13
-0.32156 -0.51548 57.31042 0 7.35000 63.02500 25.26941 0.26016 -13
-0.02585 -0.21355 57.31042 0 -3.05000 63.90000 25.26941 0.27316 -13
0.01049 -1.14064 57.31042 0 -4.37500 64.52500 25.26941 0.28709 -13
1.47298 -5.38801 57.31042 0 -3.27500 64.57500 25.26941 0.29148 -13
-0.48267 0.24529 57.31042 0 -2.37500 63.12500 25.26941 0.30405 -13
0.95928 -0.23373 38.96300 0 7.07500 -27.77500 28.47337 0.14154 -13
0.39442 0.14324 90.00790 0 -4.32500 -10.60000 83.84406 0.10921 13
0.40302 -0.25580 90.00790 0 7.70000 -10.85000 83.84406 0.11158 13
-0.48948 -0.11951 22.81382 0 3.62500 13.07500 20.51904 0.11277 -13
-1.04475 -0.12593 40.47810 0 3.82500 31.95000 28.10397 0.14620 -13
0.04904 -0.09465 52.30184 0 2.87500 0.32500 52.23965 0.10128 -13
-1.47585 0.07597 21.53084 0 -2.32500 46.10000 12.10051 0.17972 13
-2.10801 -0.03761 12.74864 0 1.05000 61.85000 5.46712 0.23497 13
0.30790 -0.15666 5.20460 0 4.82500 -6.17500 4.97919 0.10663 -13
-1.88394 -0.08182 71.82641 0 2.47500 55.20000 33.76060 0.21498 -13
0.58481 -0.22104 54.33622 0 6.65000 -15.82500 47.18498 0.11876 13
0.54155 -0.03553 34.37324 0 1.10000 -15.42500 30.22978 0.11459 -13
-0.02724 0.05303 94.10485 0 -1.60000 2.12500 94.07004 0.10088 13
-0.05342 -0.24973 71.43449 0 7.52500 2.12500 71.33875 0.10393 13
1.29133 0.02444 68.32776 0 -0.72500 -36.52500 41.84299 0.16449 -13
-0.04011 0.09852 36.30555 0 -2.95000 0.42500 36.27669 0.10127 -13
0.46988 -0.21931 2.64602 0 6.40000 -14.02500 2.40503 0.11336 13
0.86501 0.14269 95.93692 0 -4.30000 -27.20000 72.87016 0.13393 13
0.88404 -0.25637 95.93692 0 7.72500 -27.77500 72.87016 0.13686 13
0.01720 0.06601 31.62452 0 -1.97500 -3.37500 31.61987 0.10093 -13
-1.92103 0.04579 7.28576 0 -1.52500 57.85000 3.36753 0.21818 13
-0.21853 -0.15439 69.56773 0 4.65000 6.35000 68.00014 0.10424 13
0.13405 -0.16847 42.60904 0 5.10000 -5.65000 42.24156 0.10302 -13
0.10997 -0.12781 46.68963 0 3.85000 -3.85000 46.41430 0.10212 13
-0.23039 -0.22580 39.87618 0 6.82500 8.97500 38.90588 0.10582 -13
-0.20119 0.01055 2.21663 0 -0.55000 6.15000 2.17310 0.10286 13
0.50279 0.03482 50.04962 0 -1.05000 -15.02500 44.72122 0.11277 -13
0.01213 -0.06218 73.07820 0 1.87500 2.02500 73.07285 0.10090 -13
0.65843 -0.16052 78.19695 0 4.85000 -20.20000 65.56027 0.12165 -13
1.12857 0.10236 47.85475 0 -3.07500 -35.22500 31.82914 0.15220 -13
1.43665 -0.20550 75.46448 0 6.17500 -42.82500 43.71308 0.17747 13
-1.53608 -0.11061 36.30658 0 3.30000 47.42500 19.89239 0.18490 13
-0.70190 -0.10325 81.51219 0 3.12500 21.42500 66.83466 0.12347 -13
0.72609 -0.07176 26.74106 0 2.15000 -20.87500 21.65803 0.12465 13
-0.82925 -0.24717 23.98233 0 7.42500 23.05000 18.68128 0.13314 13
1.28702 -0.16906 63.59727 0 5.10000 -38.67500 39.36255 0.16502 -13
-0.15656 -0.10915 33.79057 0 3.30000 3.45000 33.38860 0.10253 -13
-0.36458 -0.07924 3.90192 0 2.25000 12.32500 3.66723 0.10749 13
-1.43672 -0.08020 47.37929 0 2.40000 43.55000 27.12490 0.17646 13
-1.83436 -0.21067 57.20118 0 6.32500 52.70000 27.83930 0.21144 13
-0.97374 -0.19758 79.73365 0 5.95000 29.52500 57.65491 0.14196 13
-0.96316 0.00872 31.95554 0 -0.25000 30.67500 23.01651 0.13982 -13
-1.24123 -0.02652 55.38544 0 0.77500 38.45000 34.75478 0.16054 13
-1.43088 -0.21941 8.77623 0 6.52500 43.50000 5.10703 0.17706 13
-0.32545 -0.15149 75.63400 0 4.57500 8.80000 71.99832 0.10700 -13
-0.20097 0.01242 97.70573 0 -0.37500 4.77500 95.79079 0.10272 13
0.92432 -0.22395 62.64772 0 6.77500 -26.90000 46.51971 0.13898 -13
-0.48693 0.12247 79.12865 0 -3.70000 15.75000 71.24379 0.11269 13
-0.50160 -0.27765 79.12865 0 8.37500 16.17500 71.24379 0.11607 13
0.91231 0.01343 75.92097 0 -0.40000 -24.55000 56.08890 0.13632 -13
1.12286 -0.22883 92.08402 0 6.90000 -33.42500 62.10972 0.15315 13
1.83879 -0.10386 96.70843 0 3.12500 -56.65000 46.39576 0.21103 13
1.16198 0.09733 3.46226 0 -2.72500 -37.82500 2.26507 0.15462 -13
-1.07816 0.09797 37.55612 0 -2.97500 33.40000 25.60550 0.14842 13
1.95091 -0.03171 13.90376 0 0.87500 -58.42500 6.34515 0.22076 13
-0.60262 0.10604 51.65125 0 -3.20000 18.92500 44.30483 0.11805 -13
-1.29624 0.05338 76.01528 0 -1.60000 39.40000 46.47348 0.16495 -13
0.56217 -0.16650 26.01365 0 5.00000 -17.65000 22.75002 0.11672 13
0.77745 0.07944 74.96551 0 -2.40000 -23.77500 59.25351 0.12781 13
-0.62007 0.10746 78.69404 0 -3.22500 18.55000 66.98662 0.11898 -13
-0.13334 0.00180 61.23220 0 -0.05000 4.10000 60.69504 0.10159 13
-1.17018 0.05112 27.41650 0 -1.52500 35.55000 17.82504 0.15509 -13
-1.83313 -0.22621 63.20997 0 6.85000 56.42500 30.85486 0.21155 -13
0.34146 0.00837 59.60440 0 -0.25000 -10.07500 56.40673 0.10642 -13
-1.61692 -0.06500 72.05852 0 1.95000 47.50000 37.96025 0.19156 13
0.84237 0.04183 98.27114 0 -1.27500 -25.12500 75.18610 0.13174 13
-0.15762 0.01673 42.37008 0 -0.50000 5.02500 41.85352 0.10196 -13
-1.50437 -0.20072 88.57832 0 6.05000 46.87500 49.70666 0.18302 13
0.09443 0.09667 51.67247 0 -2.90000 -3.52500 51.44573 0.10162 -13
0.78662 -0.20790 30.18735 0 6.25000 -23.55000 23.91677 0.12980 13
0.97510 0.05047 85.10823 0 -1.52500 -30.20000 60.97239 0.14074 -13
1.01154 0.12650 21.24856 0 -3.77500 -31.72500 14.99792 0.14379 -13
1.04038 -0.27334 21.24856 0 8.27500 -32.60000 14.99792 0.14795 -13
-0.94652 -0.02020 4.02579 0 0.45000 28.27500 2.92393 0.13872 13
-0.25918 0.08916 73.29548 0 -2.70000 7.72500 70.96876 0.10442 13
-0.64861 -0.05541 17.97352 0 1.70000 19.47500 15.08540 0.12018 -13
0.87106 -0.21251 32.82162 0 6.42500 -24.02500 24.98294 0.13528 -13
-0.26383 0.01277 52.81486 0 -0.40000 7.27500 51.06776 0.10416 13
0.48251 -0.24046 96.85944 0 7.25000 -15.75000 87.68912 0.11441 -13
0.55177 -0.11434 89.92796 0 3.45000 -14.77500 78.85635 0.11559 13
0.82318 0.06288 55.30973 0 -1.87500 -24.25000 42.73652 0.13058 -13
0.31558 -0.19249 14.97626 0 5.77500 -10.15000 14.30503 0.10734 13
-0.71264 -0.21651 49.82108 0 6.52500 21.65000 40.88235 0.12555 13
-0.08187 0.10679 3.83972 0 -3.35000 4.47500 3.82704 0.10170 13
1.42666 -0.16040 76.57582 0 4.82500 -42.42500 44.32729 0.17618 13
0.49299 -0.03959 59.48379 0 1.17500 -15.42500 53.36100 0.11234 13
-0.81161 0.11823 96.84629 0 -3.55000 25.47500 75.40329 0.13024 -13
-1.66044 -0.24361 13.51325 0 7.27500 48.15000 7.11910 0.19665 13
0.04901 -0.21342 51.88100 0 6.42500 -1.72500 51.82155 0.10308 13
0.33738 0.06821 72.95994 0 -2.07500 -9.72500 69.14805 0.10650 13
-0.81697 -0.07787 56.77817 0 2.35000 22.70000 44.02312 0.13027 13
-1.51237 -0.14767 99.34000 0 4.45000 45.67500 55.20077 0.18318 13
