-0.02791 -0.12864 32.19564 0 3.90000 -0.60000 32.18330 0.10158 -13
2.06914 0.08886 81.39098 0 -2.67500 -63.65000 35.52893 0.23159 -13
-0.82238 -0.22555 97.97432 0 6.80000 22.20000 76.42162 0.13235 -13
-0.43297 0.07552 49.93292 0 -2.30000 14.12500 45.84298 0.11000 13
-0.06593 -0.11634 58.48733 0 3.52500 2.70000 58.36237 0.10160 -13
-1.43539 -0.14589 86.51291 0 4.40000 43.72500 49.80434 0.17677 13
1.23289 -0.19625 83.73179 0 5.90000 -37.75000 53.34575 0.16107 13
-0.25105 -0.01654 49.86410 0 0.50000 9.22500 48.36368 0.10384 -13
-1.88843 -0.18482 75.72674 0 5.55000 57.10000 35.90447 0.21597 13
-0.39199 0.06582 70.23560 0 -2.00000 11.65000 65.41002 0.10837 13
-1.45330 0.02898 52.99673 0 -0.85000 44.45000 30.04949 0.17768 -13
1.88903 0.09334 24.63417 0 -2.77500 -57.15000 11.56427 0.21542 -13
-0.86975 0.10396 57.11419 0 -3.15000 25.87500 43.19441 0.13388 13
-0.55543 -0.04823 12.53519 0 1.50000 16.47500 10.96127 0.11531 -13
0.25824 0.08584 80.70263 0 -2.60000 -7.37500 78.15704 0.10437 13
2.09758 0.11052 91.44999 0 -3.32500 -63.82500 39.54912 0.23426 -13
0.79710 -0.03715 66.49123 0 1.10000 -25.70000 52.00828 0.12883 13
0.52886 0.09884 16.01020 0 -3.02500 -19.12500 14.16757 0.11437 13
0.57443 0.12260 71.07041 0 -3.70000 -17.12500 61.74013 0.11679 13
0.59173 -0.27754 71.07041 0 8.35000 -17.65000 61.74013 0.12029 13
-1.38293 -0.04891 18.73299 0 1.42500 41.60000 10.98730 0.17189 13
-1.50697 0.07036 76.06583 0 -2.10000 46.25000 42.12975 0.18227 -13
0.19310 -0.17827 38.56431 0 5.37500 -4.22500 37.88594 0.10411 13
-1.22863 -0.08337 7.00316 0 2.40000 35.17500 4.43007 0.15972 13
0.10099 -0.17427 18.16819 0 5.22500 -4.70000 18.07901 0.10271 13
0.99656 0.12205 74.52201 0 -3.70000 -28.72500 52.97939 0.14271 13
1.02677 -0.27811 74.52201 0 8.37500 -29.65000 52.97939 0.14701 13
-0.24732 -0.22797 84.33218 0 6.87500 8.22500 81.98248 0.10624 13
0.30757 0.14146 12.19385 0 -4.22500 -9.02500 11.66489 0.10630 -13
0.31443 -0.25757 12.19385 0 7.82500 -9.25000 11.66489 0.10875 -13
1.22785 0.13110 44.80197 0 -3.92500 -35.80000 28.43674 0.16001 -13
1.26055 -0.26850 44.80197 0 8.12500 -36.80000 28.43674 0.16431 -13
-0.75187 -0.17085 95.28184 0 5.15000 24.32500 76.55023 0.12716 13
1.17690 0.08660 86.96133 0 -2.60000 -34.72500 56.43118 0.15576 -13
0.34252 -0.06852 17.75480 0 2.10000 -11.92500 16.80113 0.10667 -13
0.43819 -0.14719 16.33654 0 4.47500 -12.85000 14.98757 0.11096 -13
-1.37157 0.12874 74.30075 0 -3.87500 43.55000 44.00713 0.17142 -13
-1.40943 -0.27103 74.30075 0 8.17500 44.70000 44.00713 0.17618 -13
-0.80270 -0.09173 56.77436 0 2.77500 24.95000 44.34750 0.12947 -13
1.20336 -0.16266 94.47046 0 4.90000 -36.12500 60.84376 0.15841 13
-1.17534 -0.05471 31.51665 0 1.67500 37.70000 20.44074 0.15551 -13
-0.89257 -0.02249 84.38994 0 0.67500 30.72500 62.96587 0.13500 13
-0.25566 -0.11950 57.55672 0 3.60000 7.92500 55.78718 0.10463 13
1.24317 0.13635 83.93139 0 -4.10000 -38.17500 52.90071 0.16125 -13
1.27368 -0.26299 83.93139 0 7.95000 -39.10000 52.90071 0.16523 -13
0.07303 0.09634 79.92472 0 -2.92500 -1.82500 79.71440 0.10144 13
0.01786 -0.17218 26.89524 0 5.17500 0.85000 26.89109 0.10219 13
0.42622 -0.23133 10.49059 0 6.92500 -13.40000 9.68845 0.11188 13
-0.57592 0.02043 84.64510 0 -0.62500 17.60000 73.35404 0.11623 13
0.67404 -0.00089 94.51295 0 0.02500 -17.42500 78.37172 0.12145 -13
0.46589 -0.18203 10.51953 0 5.55000 -13.90000 9.56283 0.11264 -13
-0.67011 0.04844 59.00735 0 -1.47500 22.50000 49.03701 0.12132 13
0.52715 0.05520 68.77664 0 -1.67500 -16.10000 60.86090 0.11398 13
1.86409 -0.05521 5.10810 0 1.87500 -56.90000 2.41699 0.21328 -13
0.43219 -0.23290 18.35445 0 7.05000 -12.62500 16.91703 0.11221 -13
-0.03041 -0.20492 39.77330 0 6.20000 0.25000 39.75566 0.10285 -13
-0.01393 -0.17620 75.00610 0 5.30000 -0.25000 74.99904 0.10226 13
-0.40648 -0.05149 98.28511 0 1.55000 12.97500 91.06750 0.10883 13
0.61067 -0.21537 13.29163 0 6.55000 -16.90000 11.41224 0.12002 -13
0.09278 -0.00953 70.81041 0 0.27500 -2.47500 70.50763 0.10113 13
1.26765 0.00403 36.83606 0 -0.10000 -37.17500 22.81449 0.16259 -13
-1.95996 -0.09904 74.75158 0 2.97500 59.30000 34.10426 0.22180 13
0.96066 -0.23595 87.93993 0 7.10000 -28.47500 64.23605 0.14164 13
0.25700 -0.20902 33.55914 0 6.32500 -7.90000 32.54514 0.10610 -13
-1.03874 -0.10474 88.12889 0 3.17500 32.05000 61.29418 0.14559 -13
-0.19857 0.02444 54.64552 0 -0.72500 5.02500 53.59964 0.10270 -13
-0.52452 0.10844 94.91999 0 -3.27500 15.20000 84.16390 0.11424 -13
1.43016 -0.17445 36.94020 0 5.25000 -45.15000 21.38157 0.17659 13
0.42410 -0.24149 26.73037 0 7.30000 -12.45000 24.71256 0.11208 -13
-0.56490 -0.03611 67.60832 0 1.10000 15.75000 58.87462 0.11572 -13
1.15981 -0.04148 68.15550 0 1.25000 -34.45000 44.52792 0.15427 -13
0.55579 -0.13917 65.37606 0 4.20000 -15.42500 57.27218 0.11606 13
-1.40954 -0.17628 45.40487 0 5.30000 41.15000 26.53960 0.17493 13
-0.12111 0.08886 14.60696 0 -2.65000 5.42500 14.50191 0.10182 -13
1.04279 0.11388 20.92333 0 -3.40000 -28.92500 14.53071 0.14593 -13
1.48431 -0.15594 82.32979 0 4.72500 -45.25000 46.38141 0.18092 -13
-1.32568 0.07761 6.32924 0 -2.47500 37.32500 3.81882 0.16749 13
-0.73934 0.14657 31.67472 0 -4.40000 22.20000 25.56366 0.12610 -13
-0.75442 -0.25230 31.67472 0 7.62500 22.65000 25.56366 0.12871 -13
-0.47011 -0.02313 59.64950 0 0.70000 14.15000 53.98456 0.11130 13
-0.25707 -0.07221 4.35084 0 2.02500 7.00000 4.21511 0.10422 13
0.53988 0.00325 54.55344 0 -0.10000 -16.52500 48.00452 0.11445 13
-0.95896 0.03892 74.92495 0 -1.17500 30.10000 54.09763 0.13958 -13
-1.32838 -0.00013 41.50072 0 0.02500 39.05000 24.95979 0.16744 -13
0.32358 0.10243 66.68605 0 -3.07500 -10.00000 63.47830 0.10634 -13
1.10713 -0.07792 46.36588 0 2.37500 -36.20000 31.12970 0.15045 -13
-0.14457 -0.00387 76.59859 0 0.12500 3.72500 75.81049 0.10175 -13
0.21214 0.03579 79.28241 0 -1.07500 -4.00000 77.55878 0.10301 13
1.20261 -0.07164 25.61193 0 2.12500 -35.05000 16.40152 0.15765 13
1.50775 -0.10512 70.96882 0 3.15000 -46.17500 39.37603 0.18248 13
0.05621 -0.15320 50.58452 0 4.60000 -1.50000 50.50658 0.10203 13
-0.08947 -0.16065 72.41180 0 4.85000 2.72500 72.13091 0.10240 -13
0.24006 0.06502 77.08212 0 -1.95000 -6.07500 74.96133 0.10377 -13
-1.60657 -0.18371 75.97899 0 5.52500 48.42500 40.63086 0.19145 13
-1.34610 -0.10598 2.76479 0 2.92500 39.82500 1.65507 0.16913 13
-2.05614 -0.24675 74.85290 0 7.42500 62.10000 33.52494 0.23156 13
0.20047 0.39809 74.85290 0 5.57500 62.52500 33.52494 0.24013 13
-0.43701 -0.38565 74.85290 0 7.07500 61.65000 33.52494 0.25424 13
0.22531 -0.00118 74.85290 0 5.30000 39.72500 33.52494 0.36274 13
0.76386 -0.69385 74.85290 0 5.82500 40.45000 33.52494 0.37184 13
0.49335 0.10046 42.19746 0 -3.05000 -13.00000 37.87970 0.11268 13
0.49334 0.10046 42.19746 0 -3.05000 -13.00000 37.87970 0.11275 13
-0.99847 -0.20133 37.96815 0 6.05000 31.20000 27.13356 0.14372 13
0.23269 -0.20271 39.52054 0 6.10000 -6.32500 38.53127 0.10538 13
1.18790 -0.13662 17.35708 0 4.07500 -34.42500 11.23841 0.15695 13
-0.42681 -0.00186 2.20200 0 0.30000 12.52500 2.02535 0.10962 -13
-0.01996 -0.15859 87.02868 0 4.80000 2.40000 87.01178 0.10198 -13
-1.68693 -0.05363 16.60833 0 1.55000 52.45000 8.47731 0.19757 13
1.07842 -0.13158 32.84685 0 4.00000 -34.15000 22.43615 0.14872 -13
0.12238 0.03027 47.26835 0 -0.92500 -5.67500 46.91868 0.10150 13
-0.29900 0.14042 77.46529 0 -4.22500 8.47500 74.27784 0.10605 -13
-0.30584 -0.25874 77.46529 0 7.80000 8.67500 74.27784 0.10849 -13
1.71281 -0.04837 84.11449 0 1.45000 -51.60000 42.44735 0.19979 13
1.28586 0.12754 61.49320 0 -3.82500 -38.92500 37.94007 0.16453 -13
1.32197 -0.27226 61.49320 0 8.22500 -40.02500 37.94007 0.16918 -13
-0.09362 -0.15883 12.22321 0 4.82500 2.00000 12.17127 0.10243 -13
-1.15898 -0.15877 13.36257 0 4.72500 37.90000 8.79215 0.15493 13
-0.33863 0.06694 51.53323 0 -2.00000 9.17500 48.82185 0.10653 -13
-1.04831 0.02109 57.56180 0 -0.65000 31.45000 39.73605 0.14591 13
-0.04842 0.12273 98.30836 0 -3.70000 3.00000 98.19502 0.10158 -13
-0.04989 -0.27738 98.30836 0 8.37500 3.05000 98.19502 0.10464 -13
0.16319 -0.23670 32.67499 0 7.12500 -4.17500 32.27062 0.10477 13
1.23539 -0.15996 85.66696 0 4.82500 -36.12500 54.30989 0.16087 -13
-0.19109 0.12097 47.00201 0 -3.65000 5.85000 46.17844 0.10325 13
-0.19696 -0.27929 47.00201 0 8.40000 6.02500 46.17844 0.10641 13
0.34402 -0.03548 14.08085 0 1.02500 -14.00000 13.31603 0.10655 13
-0.47005 -0.14026 81.40788 0 4.22500 12.47500 73.80335 0.11217 -13
-0.95028 -0.12117 98.08694 0 3.65000 26.80000 71.34820 0.13945 -13
0.51639 -0.21707 93.34362 0 6.55000 -17.07500 83.33378 0.11544 -13
1.24766 -0.11726 65.06480 0 3.52500 -38.20000 40.86162 0.16144 13
1.00614 -0.01598 89.23773 0 0.47500 -31.70000 62.91163 0.14286 13
0.26284 -0.02918 92.75156 0 0.87500 -7.47500 89.70716 0.10416 13
2.10769 -0.16267 1.50528 0 4.10000 -63.22500 0.65196 0.23524 13
-1.09480 -0.02292 85.84881 0 0.70000 34.57500 57.90618 0.14933 -13
-1.21121 -0.00778 54.39733 0 0.25000 36.02500 34.63358 0.15817 -13
-1.15406 -0.18487 85.57042 0 5.57500 37.17500 56.57350 0.15490 13
0.41841 -0.21845 43.67330 0 6.60000 -12.15000 40.42616 0.11137 -13
-0.98034 0.07643 63.50312 0 -2.32500 29.87500 45.41146 0.14124 13
0.00907 0.01346 13.16259 0 -0.45000 -2.32500 13.16205 0.10072 13
0.61252 -0.14326 40.79835 0 4.32500 -22.07500 34.88655 0.11898 -13
0.20040 -0.15777 84.53435 0 4.77500 -3.67500 82.92519 0.10393 -13
-0.90564 -0.00568 23.10040 0 0.15000 27.50000 17.12222 0.13587 13
-0.87118 0.14725 18.90233 0 -4.40000 24.97500 14.31843 0.13435 -13
-0.88868 -0.25159 18.90233 0 7.62500 25.50000 14.31843 0.13712 -13
0.11564 -0.00277 60.82732 0 0.10000 -2.87500 60.42470 0.10138 -13
-0.09657 0.05733 35.05299 0 -1.75000 5.35000 34.89120 0.10134 13
-1.15975 0.08294 44.45862 0 -2.52500 36.27500 29.08932 0.15445 13
-0.25773 -0.11677 52.82902 0 3.52500 6.40000 51.17896 0.10466 -13
-1.64533 -0.06254 53.09672 0 1.87500 47.42500 27.61675 0.19399 13
1.33521 0.01331 35.09824 0 -0.42500 -39.52500 21.04121 0.16800 13
1.11405 0.04687 79.61153 0 -1.42500 -33.97500 53.21135 0.15083 13
0.06250 -0.10751 74.76558 0 3.25000 -1.37500 74.62163 0.10148 -13
0.03307 -0.20919 46.92801 0 6.30000 -0.05000 46.90347 0.10293 13
1.14421 -0.14951 45.82318 0 4.50000 -32.85000 30.34345 0.15375 13
0.34816 -0.10646 89.59732 0 3.22500 -11.75000 84.66669 0.10717 -13
0.29319 0.01566 93.33747 0 -0.47500 -8.05000 89.56815 0.10495 -13
0.21516 -0.18106 35.51055 0 5.47500 -5.17500 34.74057 0.10462 -13
0.06698 0.07027 12.24584 0 -2.07500 -0.60000 12.21853 0.10117 -13
-1.93851 0.05412 59.76283 0 -1.62500 56.00000 27.43044 0.21971 -13
-0.19847 -0.09731 70.35188 0 2.92500 6.12500 69.01809 0.10312 13
0.71837 -0.09587 6.44462 0 2.97500 -23.15000 5.24242 0.12442 -13
-0.42086 -0.00337 42.61236 0 0.12500 10.55000 39.27589 0.10927 -13
-0.14267 0.04432 32.66622 0 -1.32500 6.62500 32.33938 0.10182 -13
0.21079 -0.05339 90.15245 0 1.60000 -5.90000 88.21937 0.10305 13
0.24133 0.04273 3.17014 0 -1.12500 -6.27500 3.08180 0.10372 -13
-2.07833 0.07835 54.13458 0 -2.35000 62.85000 23.53006 0.23238 -13
-0.06728 0.14307 76.87484 0 -4.32500 1.22500 76.70489 0.10196 13
-0.06875 -0.25598 76.87484 0 7.72500 1.27500 76.70489 0.10418 13
1.16131 -0.16137 84.36064 0 4.87500 -34.05000 55.45236 0.15519 -13
-1.35196 -0.18459 98.71091 0 5.55000 39.37500 59.33609 0.17035 13
-0.88052 0.06102 11.69061 0 -1.77500 27.07500 8.78121 0.13431 -13
0.83006 -0.15581 55.50794 0 4.70000 -26.57500 42.91912 0.13182 -13
-0.12512 -0.22499 12.25806 0 6.75000 4.82500 12.16773 0.10396 13
-0.05017 -0.04445 23.25091 0 1.35000 0.35000 23.22175 0.10093 -13
0.84638 0.00633 79.07993 0 -0.20000 -26.57500 60.36235 0.13193 13
-0.64088 -0.04289 24.26434 0 1.27500 16.70000 20.43457 0.11968 13
-1.16142 -0.01432 97.16658 0 0.42500 34.77500 63.40314 0.15435 13
1.44896 -0.09155 77.39816 0 2.75000 -43.65000 44.08717 0.17754 13
0.61582 -0.14734 79.93560 0 4.42500 -19.02500 68.26411 0.11919 13
-0.59343 -0.11821 66.72707 0 3.55000 19.17500 57.48711 0.11770 13
-0.06653 0.12528 45.06562 0 -3.77500 1.32500 44.96774 0.10170 -13
-0.06849 -0.27467 45.06562 0 8.30000 1.37500 44.96774 0.10467 -13
-0.55336 0.14709 39.30203 0 -4.45000 16.25000 34.47367 0.11605 13
-0.56456 -0.25180 39.30203 0 7.57500 16.57500 34.47367 0.11838 13
0.10214 0.14904 56.14962 0 -4.47500 -3.05000 55.86518 0.10233 -13
0.10413 -0.24974 56.14962 0 7.55000 -3.12500 55.86518 0.10433 -13
0.44475 -0.22552 37.20187 0 6.82500 -15.22500 34.12835 0.11254 -13
-0.48644 -0.07793 35.48645 0 2.37500 12.47500 31.92963 0.11227 -13
0.55191 -0.04498 68.34298 0 1.37500 -16.37500 59.84907 0.11511 -13
0.60915 -0.06090 73.88902 0 1.85000 -17.42500 63.13458 0.11808 -13
0.01023 0.04885 97.91792 0 -1.47500 0.77500 97.91282 0.10082 -13
0.67784 0.02312 59.02975 0 -0.70000 -21.80000 48.86639 0.12168 13
0.95742 0.12082 74.50359 0 -3.62500 -27.75000 54.00176 0.13994 -13
0.98691 -0.27939 74.50359 0 8.45000 -28.65000 54.00176 0.14427 -13
0.05476 -0.14015 23.04516 0 4.25000 -4.77500 23.01136 0.10185 -13
-0.56879 0.13393 43.65134 0 -4.05000 18.17500 38.02503 0.11664 13
-0.58329 -0.26559 43.65134 0 8.00000 18.62500 38.02503 0.11960 13
-1.21248 0.09978 11.80282 0 -2.95000 35.20000 7.53175 0.15856 -13
1.47449 0.10216 42.48056 0 -3.10000 -44.35000 23.92900 0.17972 13
-2.03389 0.10592 29.20532 0 -3.15000 61.30000 12.94385 0.22846 -13
0.15210 0.00115 82.65651 0 -0.02500 -6.97500 81.71673 0.10186 -13
-1.33060 0.00632 26.02373 0 -0.15000 40.05000 15.63506 0.16762 -13
0.43704 0.06529 30.41777 0 -1.97500 -13.85000 27.88185 0.11010 13
-0.63302 0.43533 30.41777 0 -1.77500 -16.52500 27.88185 0.16927 13
0.33318 -0.09724 30.02257 0 2.92500 -14.80000 28.49657 0.10659 13
1.00628 -0.22071 31.39809 0 6.62500 -28.77500 22.39563 0.14456 13
1.27609 -0.13904 59.52431 0 4.17500 -37.52500 36.93258 0.16385 13
0.43753 0.08093 8.54083 0 -2.50000 -10.15000 7.82877 0.11025 13
0.04150 -0.00316 61.67157 0 0.07500 1.22500 61.61853 0.10079 13
-0.08252 -0.10747 48.56304 0 3.22500 -0.72500 48.40043 0.10162 13
-0.53169 0.12393 94.00527 0 -3.72500 16.30000 83.14116 0.11473 -13
-0.54740 -0.27609 94.00527 0 8.32500 16.77500 83.14116 0.11813 -13
-0.60204 -0.02339 31.89336 0 0.70000 20.10000 27.32596 0.11757 13
0.10907 0.04545 78.97859 0 -1.37500 -4.20000 78.51390 0.10141 13
-1.97550 -0.16216 49.11803 0 4.92500 58.75000 22.41385 0.22360 -13
-0.28282 0.13855 24.72636 0 -4.15000 8.40000 23.80971 0.10557 -13
-0.28950 -0.26071 24.72636 0 7.87500 8.60000 23.80971 0.10809 -13
-0.32672 -0.03229 73.16626 0 0.97500 11.25000 69.55183 0.10599 13
-1.62132 -0.00835 97.60551 0 0.25000 47.62500 51.23987 0.19183 13
1.18066 -0.10211 91.12045 0 3.07500 -34.67500 59.07041 0.15614 13
1.41809 0.13856 3.48202 0 -3.92500 -43.15000 2.01946 0.17519 -13
1.45151 -0.26045 3.48202 0 8.12500 -44.30000 2.01946 0.17991 -13
0.45416 -0.15278 63.47807 0 4.62500 -14.67500 57.90955 0.11167 -13
-1.98943 0.03087 33.47459 0 -0.90000 59.85000 15.03986 0.22425 -13
0.93916 0.03113 16.27104 0 -0.90000 -29.07500 11.86303 0.13819 -13
1.05949 0.11590 80.75770 0 -3.50000 -32.47500 55.62679 0.14718 13
1.69142 -0.17009 97.31446 0 5.15000 -51.75000 50.04996 0.19862 -13
0.25405 -0.06392 32.47091 0 1.95000 -9.67500 31.47505 0.10411 -13
0.71063 0.05831 60.59753 0 -1.75000 -19.42500 49.42370 0.12368 -13
-1.07333 -0.06489 99.59355 0 1.95000 34.70000 67.96616 0.14787 13
-0.16142 0.04810 24.81400 0 -1.42500 6.65000 24.49764 0.10212 -13
-0.52574 0.01636 44.92905 0 -0.50000 14.12500 39.76920 0.11378 13
-1.43185 -0.20653 84.81292 0 6.25000 42.25000 49.24382 0.17711 -13
1.09784 0.04045 28.35096 0 -1.20000 -33.37500 19.10004 0.14960 -13
0.61719 0.13976 41.07979 0 -4.22500 -18.05000 35.05071 0.11918 13
0.63148 -0.25947 41.07979 0 7.80000 -18.47500 35.05071 0.12192 13
0.53806 -0.10964 37.44143 0 3.30000 -14.65000 33.01580 0.11488 13
0.62510 -0.00546 24.14653 0 0.15000 -20.60000 20.47523 0.11876 13
0.80860 -0.23407 15.22553 0 7.10000 -23.95000 11.96304 0.13167 -13
-0.02581 0.02617 81.15929 0 -0.80000 0.60000 81.13230 0.10078 13
0.30752 -0.18933 90.33300 0 5.70000 -11.02500 86.47197 0.10706 13
-0.50416 0.04460 39.13339 0 -1.35000 17.67500 34.95055 0.11287 13
0.14484 0.01460 54.90170 0 -0.45000 -4.52500 54.33480 0.10176 13
-1.61407 -0.01000 43.88170 0 0.32500 47.75000 23.11187 0.19121 -13
0.01001 -0.10552 18.52791 0 3.15000 0.17500 18.52700 0.10126 13
-0.00837 0.11588 26.35955 0 -3.52500 -0.55000 26.35863 0.10139 13
0.79353 -0.09077 97.97031 0 2.72500 -25.25000 76.86492 0.12888 13
0.45342 0.14598 77.48557 0 -4.40000 -12.70000 70.69613 0.11154 -13
0.46280 -0.25293 77.48557 0 7.62500 -13.00000 70.69613 0.11380 -13
0.46280 -0.25293 77.48557 0 7.65000 -13.00000 70.69613 0.11386 -13
1.55928 0.13835 28.07049 0 -4.15000 -46.92500 15.25502 0.18704 -13
1.59634 -0.26076 28.07049 0 7.90000 -48.07500 15.25502 0.19156 -13
-2.20698 -0.06777 91.44408 0 2.05000 64.20000 37.81203 0.24411 -13
-0.09044 0.02911 67.58042 0 -0.87500 2.15000 67.30592 0.10116 13
0.82105 0.10970 5.01278 0 -3.17500 -23.77500 3.88315 0.13075 -13
0.97951 -0.03251 56.06432 0 1.00000 -30.30000 40.06079 0.14101 -13
-0.00388 -0.17745 56.15119 0 5.35000 3.52500 56.15078 0.10227 13
0.43054 0.00739 35.14982 0 -0.20000 -14.65000 32.28482 0.10964 -13
-0.63667 -0.22083 62.06607 0 6.67500 17.65000 52.71018 0.12144 -13
0.53483 0.12508 48.87630 0 -3.77500 -14.57500 43.17290 0.11490 13
0.55039 -0.27492 48.87630 0 8.27500 -15.02500 43.17290 0.11823 13
1.01558 0.14032 59.15097 0 -4.25000 -33.50000 41.70663 0.14423 13
1.03887 -0.25886 59.15097 0 7.80000 -34.20000 41.70663 0.14751 13
0.97497 0.11213 29.51006 0 -3.35000 -29.52500 21.19399 0.14108 -13
0.80729 0.10570 72.47827 0 -3.17500 -25.45000 56.51994 0.12985 -13
-0.78993 -0.10866 19.05729 0 3.25000 22.20000 14.98803 0.12878 13
1.99877 -0.05315 92.94501 0 1.62500 -54.37500 41.63298 0.22514 -13
26.19808 -8.39324 92.94501 0 0.92500 -57.30000 41.63298 0.23754 -13
1.06199 -1.49783 92.94501 0 1.20000 -61.65000 41.63298 0.26077 -13
-0.70180 0.94476 92.94501 0 2.02500 -61.92500 41.63298 0.26416 -13
0.12108 0.07139 92.94501 0 2.57500 -61.67500 41.63298 0.26852 -13
0.52861 0.04229 92.94501 0 3.15000 -61.52500 41.63298 0.27957 -13
0.38946 -0.09271 92.10010 0 2.80000 -10.25000 85.86910 0.10848 -13
0.21281 -0.23606 66.41493 0 7.12500 -5.27500 65.03478 0.10566 13
-0.24985 0.07027 2.67984 0 -1.92500 5.85000 2.60023 0.10408 -13
0.08453 -0.06048 42.44115 0 1.82500 -4.40000 42.29086 0.10124 13
-0.26782 0.14821 50.55867 0 -4.45000 9.72500 48.87252 0.10531 -13
-0.27313 -0.25061 50.55867 0 7.57500 9.87500 48.87252 0.10741 -13
0.06854 0.12706 91.45964 0 -3.82500 -0.70000 91.24896 0.10175 -13
0.07048 -0.27278 91.45964 0 8.22500 -0.75000 91.24896 0.10463 -13
-0.72604 -0.17142 82.18061 0 5.17500 21.10000 66.83187 0.12564 -13
-0.49891 0.06005 91.99990 0 -1.80000 12.22500 82.35253 0.11270 -13
1.14949 -0.20585 30.34387 0 6.17500 -31.27500 20.15043 0.15480 13
-1.16454 -0.14829 26.89577 0 4.45000 36.17500 17.63131 0.15528 13
0.64933 0.02142 56.75232 0 -0.62500 -22.92500 47.60142 0.12009 -13
0.13921 -0.10322 68.22869 0 3.10000 -4.67500 67.58371 0.10220 13
0.12807 0.10792 16.75472 0 -3.27500 -5.92500 16.62055 0.10211 13
-0.89960 -0.18628 44.40058 0 5.60000 28.87500 33.26012 0.13673 13
-0.77160 0.05598 66.39727 0 -1.67500 23.15000 52.59883 0.12732 -13
-0.43792 0.14116 4.43969 0 -4.37500 9.97500 4.07326 0.11095 13
-0.44779 -0.25820 4.43969 0 7.65000 10.25000 4.07326 0.11328 13
0.89500 -0.02317 78.75823 0 0.70000 -27.67500 58.69320 0.13517 -13
0.47797 -0.05870 57.70512 0 1.75000 -14.62500 52.08028 0.11176 13
-0.31842 0.02938 63.87985 0 -0.87500 9.90000 60.87096 0.10573 -13
-0.22012 -0.19560 52.28914 0 5.90000 5.45000 51.11019 0.10499 -13
0.60570 -0.07627 41.67822 0 2.32500 -18.15000 35.67645 0.11799 -13
0.39877 0.04109 39.82600 0 -1.22500 -11.47500 36.99743 0.10849 -13
-1.12151 -0.00412 75.04706 0 0.12500 35.20000 49.94539 0.15132 13
1.25330 -0.06691 98.86669 0 2.02500 -39.00000 61.74631 0.16142 -13
1.25330 -0.06691 98.86669 0 2.02500 -39.02500 61.74631 0.16161 -13
-0.24540 -0.05607 4.86731 0 1.80000 8.55000 4.72743 0.10389 -13
-0.32165 0.05223 52.18923 0 -1.57500 7.90000 49.68872 0.10591 -13
-1.23948 0.03764 90.10865 0 -1.12500 37.40000 56.60435 0.16042 -13
1.61330 0.07256 55.20938 0 -2.20000 -46.47500 29.14245 0.19129 13
-0.33795 0.05930 84.42625 0 -1.77500 8.95000 79.99672 0.10646 -13
0.71917 0.07492 69.17759 0 -2.25000 -20.22500 56.21528 0.12427 -13
-0.93388 -0.12618 25.47780 0 3.77500 29.02500 18.68912 0.13836 13
-1.84533 0.07577 74.00478 0 -2.27500 54.70000 35.33715 0.21149 -13
0.35644 -0.06750 28.73908 0 2.02500 -9.95000 27.07773 0.10713 13
1.57907 0.09124 99.72152 0 -2.75000 -48.20000 53.51110 0.18845 13
-0.14026 -0.00175 17.15330 0 0.07500 4.80000 16.98694 0.10169 -13
0.45193 -0.02023 84.45824 0 0.60000 -14.60000 76.96635 0.11053 13
0.84998 -0.00869 23.35239 0 0.30000 -22.65000 17.79357 0.13217 -13
-0.30205 0.04768 2.58976 0 -1.25000 9.35000 2.47928 0.10537 -13
0.72374 0.04244 51.42257 0 -1.30000 -23.92500 41.66985 0.12439 13
0.00274 -0.20336 35.39053 0 6.15000 -1.15000 35.39040 0.10277 -13
0.98964 0.09370 40.36794 0 -2.85000 -29.87500 28.75492 0.14200 13
0.70199 -0.19505 48.03278 0 5.87500 -21.40000 39.55283 0.12459 13
-0.70203 -0.02798 48.64048 0 0.85000 21.52500 39.81466 0.12308 -13
1.96632 -0.10603 10.66381 0 3.30000 -60.97500 4.85549 0.22250 -13
-1.39529 -0.21457 97.38058 0 6.47500 41.45000 57.57062 0.17423 -13
-0.21670 0.02328 89.70971 0 -0.70000 6.42500 87.67570 0.10306 13
1.05434 0.03168 10.72503 0 -0.90000 -31.15000 7.38243 0.14637 -13
0.55475 -0.11540 67.37688 0 3.47500 -14.82500 59.00930 0.11574 13
-1.80388 0.09248 9.45249 0 -2.67500 51.75000 4.59813 0.20785 -13
-0.27588 0.02445 7.72704 0 -0.80000 6.70000 7.44903 0.10451 13
-1.95282 -0.13815 37.64314 0 4.15000 57.92500 17.28581 0.22134 13
0.03357 -0.10308 92.93142 0 3.12500 1.30000 92.87965 0.10130 -13
-0.27177 0.09381 98.55020 0 -2.82500 6.52500 95.12932 0.10478 -13
-0.27847 0.08990 52.95190 0 -2.70000 7.60000 51.02586 0.10492 -13
1.75736 -0.01707 31.75991 0 0.55000 -53.75000 15.70897 0.20363 -13
1.88122 -0.18626 42.69351 0 5.65000 -57.47500 20.30588 0.21540 -13
1.89554 -0.02897 46.92601 0 0.85000 -58.02500 21.90331 0.21583 13
-1.56509 -0.04349 20.27813 0 1.35000 49.10000 10.92546 0.18710 -13
-1.12275 0.06959 31.17465 0 -2.07500 33.82500 20.76176 0.15157 -13
-1.85309 -0.11177 28.94314 0 3.40000 53.72500 13.81205 0.21237 -13
0.21714 -0.21358 26.72880 0 6.42500 -7.20000 26.14578 0.10526 13
-0.58615 0.00983 34.90074 0 -0.27500 17.52500 30.10983 0.11674 -13
0.84133 -0.06983 31.72108 0 2.07500 -28.60000 24.29749 0.13178 13
1.57002 -0.13605 98.63816 0 4.10000 -49.12500 53.33580 0.18795 13
-0.86802 -0.15628 16.80825 0 4.67500 24.12500 12.75811 0.13427 13
-0.45791 0.13100 59.02499 0 -3.95000 17.72500 53.74467 0.11154 -13
-0.47011 -0.26861 59.02499 0 8.10000 18.10000 53.74467 0.11453 -13
0.36885 0.06689 89.05603 0 -2.02500 -11.85000 83.57578 0.10755 13
0.23263 -0.15244 24.44160 0 4.57500 -8.07500 23.81978 0.10451 13
-0.54358 0.05554 24.68793 0 -1.70000 13.27500 21.69805 0.11476 13
-0.40491 0.01627 71.02492 0 -0.47500 12.72500 65.83429 0.10866 -13
0.29499 -0.07873 87.87470 0 2.37500 -9.82500 84.30489 0.10529 -13
-0.85981 -0.17980 64.45260 0 5.42500 25.92500 49.19996 0.13403 13
2.00485 -0.12904 75.40089 0 3.87500 -63.55000 33.87598 0.22584 13
-1.06377 1.78010 75.40089 0 3.90000 -63.55000 33.87598 0.22596 13
-2.61951 7.75265 75.40089 0 2.95000 -63.55000 33.87598 0.23724 13
0.57977 -0.13836 43.93191 0 4.15000 -14.35000 38.09624 0.11723 13
-0.35035 -0.00075 96.60312 0 0.02500 10.85000 91.16985 0.10670 13
0.42556 -0.05143 17.41340 0 1.57500 -10.25000 16.02600 0.10957 -13
-0.60697 -0.04335 84.22817 0 1.32500 14.22500 72.02075 0.11788 -13
-0.67819 0.03717 94.60257 0 -1.12500 20.55000 78.31223 0.12173 -13
-1.25133 -0.11757 97.47720 0 3.55000 40.87500 61.10857 0.16175 -13
-0.26437 0.09634 85.65270 0 -2.92500 9.65000 82.83268 0.10462 13
-0.13476 0.10964 14.25314 0 -3.27500 4.60000 14.12707 0.10220 -13
0.72056 0.32283 14.25314 0 -3.32500 4.47500 14.12707 0.10240 -13
-0.80809 0.11902 14.25314 0 -1.72500 1.82500 14.12707 0.11797 -13
1.68357 -0.65203 14.25314 0 -3.30000 0.25000 14.12707 0.13014 -13
-1.37811 1.08359 14.25314 0 -2.60000 -0.70000 14.12707 0.13478 -13
-0.96714 -1.49054 14.25314 0 -3.60000 5.20000 14.12707 0.41006 -13
1.46032 2.72592 14.25314 0 -3.30000 5.35000 14.12707 0.41223 -13
-0.08147 -0.05583 54.88794 0 1.67500 2.82500 54.70717 0.10120 13
0.60426 -0.01304 21.16668 0 0.42500 -19.37500 18.11674 0.11767 -13
-0.07354 0.07895 94.07313 0 -2.37500 4.17500 93.82135 0.10129 13
0.22618 0.08779 59.29307 0 -2.65000 -6.95000 57.84295 0.10362 -13
0.07066 0.01004 10.55032 0 -0.25000 -3.00000 10.52410 0.10096 -13
0.10627 0.05381 70.51251 0 -1.62500 -5.65000 70.11886 0.10141 -13
-0.20544 -0.22310 35.94070 0 6.75000 5.22500 35.23927 0.10524 -13
-0.22625 -0.09075 27.18947 0 2.75000 6.00000 26.52471 0.10365 -13
-2.14355 -0.07778 26.06517 0 2.30000 62.12500 11.04708 0.23829 13
1.96683 0.06474 36.92376 0 -1.97500 -57.00000 16.76209 0.22231 13
-0.25608 0.05312 29.59077 0 -1.62500 8.20000 28.66823 0.10410 13
-0.74333 0.05163 68.62925 0 -1.55000 23.02500 55.10517 0.12558 -13
0.88437 0.07791 20.34647 0 -2.32500 -27.02500 15.26170 0.13465 -13
-0.83967 -0.21242 94.37290 0 6.40000 24.12500 72.92703 0.13322 13
-1.23001 0.03501 50.69813 0 -1.05000 37.25000 31.99383 0.15967 -13
-0.75157 0.10712 41.23290 0 -3.22500 19.85000 33.02898 0.12643 -13
-2.11776 -0.17135 90.94854 0 5.17500 64.67500 39.29434 0.23649 -13
2.02622 -0.03488 94.83780 0 1.07500 -61.90000 41.99249 0.22757 -13
-0.40835 -0.04336 1.19356 0 1.75000 14.05000 1.10510 0.10938 -13
-1.11729 -0.00939 10.89653 0 0.22500 31.75000 7.26719 0.15101 13
0.18063 -0.10289 77.09959 0 3.10000 -4.37500 75.88439 0.10285 13
0.14179 0.08156 1.85676 0 -2.72500 -3.97500 1.83848 0.10229 13
-0.26855 0.03394 97.06568 0 -1.02500 8.77500 93.74766 0.10433 -13
-1.34264 0.07782 91.81900 0 -2.35000 40.55000 54.95324 0.16876 -13
0.40307 0.14858 74.28224 0 -4.50000 -12.30000 69.00032 0.10961 13
0.41099 -0.25024 74.28224 0 7.55000 -12.55000 69.00032 0.11175 13
1.67412 -0.10666 57.60938 0 3.20000 -49.92500 29.66679 0.19665 13
0.47271 0.05602 73.43067 0 -1.70000 -13.72500 66.40604 0.11153 13
-0.68552 0.12076 33.58949 0 -3.62500 21.00000 27.76867 0.12269 -13
-0.70665 -0.27943 33.58949 0 8.45000 21.65000 27.76867 0.12650 -13
-0.06788 -0.06417 21.03549 0 1.90000 2.40000 20.98739 0.10114 13
-0.01536 0.06544 30.18853 0 -1.95000 0.07500 30.18500 0.10093 -13
2.09952 -0.00782 19.50632 0 0.17500 -63.20000 8.38790 0.23418 13
1.46131 -0.22324 5.48288 0 6.90000 -42.72500 3.14743 0.18000 -13
1.52965 -0.03357 42.27812 0 1.02500 -45.10000 23.14327 0.18407 -13
0.42280 0.06896 87.83424 0 -2.07500 -11.57500 80.93014 0.10955 -13
1.65367 -0.07411 50.04168 0 2.22500 -49.02500 25.94696 0.19474 13
-0.25886 0.03629 89.28170 0 -1.10000 5.27500 86.43628 0.10408 -13
-0.57062 -0.19920 2.59744 0 6.22500 16.15000 2.26673 0.11794 -13
1.34724 -0.16260 45.43168 0 4.87500 -39.85000 27.30563 0.16973 13
0.50867 -0.13140 81.87328 0 3.95000 -15.55000 73.10239 0.11375 13
0.94182 -0.12261 62.02091 0 3.67500 -30.52500 45.30734 0.13888 13
0.19661 -0.04040 14.28493 0 1.25000 -4.37500 14.01706 0.10272 -13
-1.60643 0.01823 44.58220 0 -0.52500 48.12500 23.56349 0.19056 -13
1.13760 0.12522 71.52280 0 -3.80000 -33.85000 47.42922 0.15305 13
1.17060 -0.27477 71.52280 0 8.27500 -34.85000 47.42922 0.15747 13
1.52525 -0.20966 17.14741 0 6.37500 -46.77500 9.54390 0.18494 -13
-0.33273 0.13899 8.19293 0 -4.12500 10.35000 7.78119 0.10703 -13
-0.34043 -0.26004 8.19293 0 7.92500 10.60000 7.78119 0.10963 -13
0.93325 0.03934 82.68597 0 -1.20000 -28.07500 60.47195 0.13780 13
0.18385 -0.22996 90.88320 0 6.95000 -5.00000 89.45850 0.10498 -13
0.27470 -0.08431 38.73540 0 2.52500 -7.60000 37.36100 0.10478 13
0.99832 0.04981 33.77108 0 -1.47500 -32.10000 23.91442 0.14239 -13
-0.05654 -0.17238 81.28027 0 5.20000 2.97500 81.15439 0.10234 13
1.20191 -0.19970 67.48892 0 6.02500 -35.60000 43.66191 0.15872 13
0.05222 -0.01677 64.84418 0 0.52500 -1.92500 64.75600 0.10085 -13
-1.32618 0.08783 10.37693 0 -2.72500 40.32500 6.26277 0.16754 13
-2.00739 -0.18490 60.10434 0 5.60000 59.87500 27.16179 0.22664 -13
-1.79115 0.14304 52.37692 0 -4.30000 55.02500 25.72907 0.20707 -13
-1.83022 -0.25597 52.37692 0 7.75000 56.22500 25.72907 0.21165 -13
-0.09942 -0.12148 59.75863 0 3.67500 5.17500 59.46970 0.10194 -13
-2.02401 -0.22135 37.26188 0 6.70000 61.82500 16.82533 0.22848 -13
0.31375 0.02581 54.06813 0 -0.77500 -8.45000 51.59008 0.10558 -13
-0.34800 0.05623 94.62687 0 -1.70000 9.35000 89.38522 0.10678 -13
0.00327 -0.12119 26.68021 0 3.65000 0.12500 26.68007 0.10144 13
-0.37711 0.10918 90.01039 0 -3.30000 10.30000 84.28262 0.10819 13
-0.62425 -0.24323 51.45648 0 7.35000 18.97500 43.99563 0.12122 -13
1.23600 -0.05789 75.65388 0 1.75000 -34.95000 47.63300 0.16021 -13
-0.78601 -0.22433 22.58857 0 6.72500 23.42500 17.92375 0.13004 13
1.41759 -0.05348 77.16466 0 1.60000 -41.20000 44.52241 0.17478 13
1.72812 0.09872 83.09981 0 -2.97500 -52.10000 41.77152 0.20130 -13
0.36672 -0.10657 82.14357 0 3.22500 -12.52500 77.17288 0.10780 -13
0.39910 -0.14169 53.97928 0 4.27500 -10.87500 50.20165 0.10936 13
-0.80588 -0.22547 40.50633 0 6.77500 25.40000 31.84421 0.13130 13
-1.88321 -0.14904 46.54122 0 4.52500 59.17500 22.01521 0.21527 -13
1.54334 -0.17622 31.63171 0 5.27500 -44.62500 17.38709 0.18600 13
-0.06841 -0.24222 73.90825 0 7.32500 2.62500 73.74539 0.10385 -13
1.13742 0.06810 96.85898 0 -2.05000 -33.27500 64.03764 0.15268 13
-1.43685 -0.01414 84.72731 0 0.42500 41.65000 48.40319 0.17629 -13
-0.19384 0.13545 92.87139 0 -4.10000 6.60000 91.20407 0.10348 13
-0.19865 -0.26396 92.87139 0 7.95000 6.75000 91.20407 0.10605 13
0.90691 0.08141 51.55029 0 -2.47500 -27.30000 38.24265 0.13620 13
1.26164 0.03075 30.81363 0 -0.95000 -38.37500 19.14591 0.16216 13
-1.10303 -0.07672 20.96345 0 2.35000 30.90000 14.10312 0.15015 -13
2.06569 -0.02452 47.59273 0 0.77500 -60.25000 20.74216 0.23114 -13
-0.15850 -0.05197 65.18324 0 1.55000 3.60000 64.38167 0.10209 13
-0.03604 0.01583 50.62895 0 -0.47500 -0.15000 50.59613 0.10078 -13
-0.22680 0.01734 74.28745 0 -0.52500 7.85000 72.44811 0.10328 13
1.59008 -0.24662 30.88520 0 7.47500 -44.57500 16.79081 0.19083 -13
-0.76127 -0.10895 24.96934 0 3.27500 24.17500 19.91023 0.12703 13
-0.96523 0.12953 33.20985 0 -3.90000 30.42500 23.98984 0.14056 -13
-0.99152 -0.27015 33.20985 0 8.17500 31.22500 23.98984 0.14443 -13
-0.69743 -0.00735 6.81372 0 0.30000 17.57500 5.58872 0.12280 -13
-0.33850 -0.11035 35.46649 0 3.35000 11.37500 33.61478 0.10690 -13
1.09010 0.12211 82.49410 0 -3.70000 -30.00000 55.98961 0.14948 13
1.12310 -0.27805 82.49410 0 8.37500 -30.97500 55.98961 0.15399 13
-0.18637 -0.16742 93.33549 0 5.05000 4.12500 91.79766 0.10381 13
0.40567 0.05001 88.09625 0 -1.50000 -15.82500 81.64922 0.10879 -13
1.15007 -0.10315 33.17418 0 3.10000 -35.90000 21.83328 0.15382 13
0.02307 0.12294 56.32655 0 -3.70000 1.37500 56.31178 0.10148 -13
0.02376 -0.27713 56.32655 0 8.37500 1.37500 56.31178 0.10454 -13
0.23493 -0.24267 22.20055 0 7.35000 -5.47500 21.64361 0.10631 -13
0.42521 0.05411 74.30586 0 -1.62500 -10.75000 68.39628 0.10956 -13
-0.90558 0.07834 34.58413 0 -2.37500 27.57500 25.66994 0.13610 13
-0.73875 -0.09451 8.19872 0 2.92500 20.10000 6.60464 0.12560 -13
1.42480 -0.11663 35.00548 0 3.50000 -41.22500 20.20096 0.17567 13
-0.09644 0.01691 90.58964 0 -0.52500 6.07500 90.17145 0.10119 13
0.34665 -0.16903 93.10578 0 5.10000 -11.12500 88.10154 0.10793 13
0.26254 0.07684 41.38525 0 -2.32500 -10.57500 40.03622 0.10440 13
-0.98778 -0.19742 67.19273 0 5.95000 28.85000 48.25313 0.14293 13
0.49171 0.01897 90.74875 0 -0.57500 -15.62500 81.43920 0.11223 -13
-1.33783 -0.02553 10.75550 0 0.85000 42.35000 6.44082 0.16824 -13
1.62184 -0.06026 71.01683 0 1.80000 -47.35000 37.32120 0.19196 13
-0.26638 -0.03424 45.95578 0 1.02500 8.37500 44.40896 0.10427 13
0.24569 0.05695 8.97188 0 -1.67500 -7.35000 8.71361 0.10385 -13
0.07770 0.09781 36.88965 0 -2.92500 -2.15000 36.77986 0.10148 -13
-1.16154 -0.18417 43.16702 0 5.57500 34.05000 28.43288 0.15548 -13
-0.77530 0.07064 10.85463 0 -2.07500 23.85000 8.58599 0.12762 -13
-0.08844 -0.23305 34.58797 0 7.05000 1.57500 34.46042 0.10379 -13
-0.10997 -0.15805 86.11114 0 4.77500 2.80000 85.60750 0.10255 -13
0.17641 -0.21701 49.82658 0 6.52500 -7.17500 49.10207 0.10457 13
1.74413 -0.16818 66.50093 0 5.10000 -51.92500 33.42564 0.20318 -13
1.43637 -0.24896 91.72166 0 7.52500 -44.02500 53.46816 0.17803 -13
-1.12991 -0.14755 1.22269 0 5.05000 34.90000 0.81552 0.15366 -13
0.20496 -0.00883 73.58442 0 0.27500 -5.82500 72.08594 0.10280 -13
-0.88380 0.07317 77.88380 0 -2.22500 24.22500 58.42543 0.13461 13
-0.81132 0.13187 54.32895 0 -4.00000 24.25000 42.33432 0.13036 13
-0.83267 -0.26775 54.32895 0 8.07500 24.90000 42.33432 0.13377 13
-0.32917 -0.08974 63.16633 0 2.72500 9.42500 60.02297 0.10640 -13
-0.36599 0.10125 24.91058 0 -3.02500 11.05000 23.40697 0.10771 -13
0.16270 -0.04178 57.86741 0 1.25000 -4.20000 57.11767 0.10211 13
-0.42081 -0.24094 48.07340 0 7.27500 12.45000 44.49404 0.11192 -13
0.61079 -0.04892 95.21495 0 1.47500 -15.10000 81.28341 0.11811 -13
0.94172 0.07718 86.47127 0 -2.32500 -28.27500 63.03874 0.13854 -13
