0.78721 -0.20081 28.29359 0 6.07500 -20.15000 22.39843 0.12977 -13
0.40071 0.11878 13.66095 0 -3.62500 -10.95000 12.69297 0.10916 13
0.41339 -0.28168 13.66095 0 8.45000 -11.32500 12.69297 0.11256 13
-0.20009 -0.10389 5.79740 0 3.22500 6.10000 5.68554 0.10328 -13
0.60255 -0.16425 95.83204 0 4.95000 -20.65000 82.37144 0.11872 13
0.01356 0.00012 52.25189 0 -0.00000 -0.57500 52.24708 0.10071 -13
1.70163 -0.18430 91.50145 0 5.55000 -51.10000 46.93677 0.19961 13
-1.53111 -0.02026 46.22235 0 0.62500 50.25000 25.27887 0.18418 -13
0.82748 -0.18617 20.66329 0 5.65000 -24.97500 16.02941 0.13207 -13
1.20435 0.00298 59.46119 0 -0.07500 -35.40000 37.98451 0.15765 -13
-0.35734 0.03743 40.93084 0 -1.15000 13.80000 38.54672 0.10701 13
-0.83013 -0.03801 69.84833 0 1.15000 26.52500 53.75961 0.13093 -13
0.52833 0.12022 85.77485 0 -3.62500 -19.97500 75.95885 0.11454 -13
0.54474 -0.28003 85.77485 0 8.45000 -20.47500 75.95885 0.11810 -13
-0.38990 -0.02244 28.90448 0 0.65000 12.35000 26.93092 0.10811 13
-0.47398 -0.20782 94.09902 0 6.27500 13.40000 85.35590 0.11339 -13
-0.78406 0.04588 86.77278 0 -1.37500 21.67500 68.31330 0.12805 -13
0.02957 -0.04485 10.87717 0 1.30000 -0.92500 10.87244 0.10085 13
0.46719 0.02745 49.37140 0 -0.85000 -14.42500 44.73371 0.11119 13
-0.30283 -0.12872 41.86307 0 3.90000 10.25000 40.09375 0.10602 -13
-1.16110 -0.07204 48.92197 0 2.15000 34.50000 31.97265 0.15448 13
0.44525 -0.23769 83.33152 0 7.17500 -12.67500 76.46552 0.11281 -13
-1.53974 -0.16681 50.27349 0 5.02500 46.42500 27.64605 0.18564 13
-0.51588 0.05066 10.13259 0 -1.57500 16.62500 9.00743 0.11344 13
0.64105 0.09715 12.53464 0 -2.97500 -17.40000 10.56676 0.12004 13
0.13191 -0.08012 36.60977 0 2.40000 -4.42500 36.29732 0.10189 13
-0.79490 0.00521 54.49429 0 -0.17500 24.95000 42.65902 0.12865 13
-0.87023 -0.14633 54.56371 0 4.42500 26.97500 41.34793 0.13431 -13
-0.17708 0.00017 62.22923 0 -0.00000 6.32500 61.27585 0.10227 -13
0.72109 0.02925 70.97180 0 -0.87500 -21.32500 57.57457 0.12419 -13
0.04439 0.14198 62.34081 0 -4.27500 1.22500 62.28070 0.10181 -13
0.04538 -0.25709 62.34081 0 7.77500 1.20000 62.28070 0.10409 -13
0.39445 -0.18095 20.91730 0 5.47500 -11.05000 19.49988 0.10979 -13
-0.63429 0.03313 10.25792 0 -0.95000 18.42500 8.66396 0.11929 -13
0.19437 -0.18666 80.47761 0 5.62500 -4.67500 79.04761 0.10429 13
-0.62127 0.13590 42.42415 0 -4.07500 18.97500 36.12697 0.11934 -13
-0.63660 -0.26345 42.42415 0 7.95000 19.45000 36.12697 0.12231 -13
0.40959 0.15093 8.03650 0 -4.47500 -14.40000 7.44888 0.10985 -13
0.41727 -0.24768 8.03650 0 7.55000 -14.62500 7.44888 0.11200 -13
0.40803 -0.00295 15.40846 0 0.05000 -10.12500 14.26689 0.10876 13
2.06237 0.05309 55.96158 0 -1.57500 -60.80000 24.44343 0.23087 -13
0.13129 -0.22492 22.08819 0 6.75000 -3.70000 21.90913 0.10405 13
-0.26900 0.00053 86.91356 0 -0.00000 4.62500 83.93002 0.10428 -13
-0.66603 -0.06900 89.34866 0 2.10000 21.27500 74.41854 0.12120 -13
1.93314 -0.18200 14.23386 0 5.57500 -58.42500 6.62371 0.21988 -13
0.66379 0.31166 14.23386 0 5.55000 -58.37500 6.62371 0.21991 -13
-2.01215 0.21255 14.23386 0 6.82500 -60.87500 6.62371 0.23241 -13
1.55890 0.39295 14.23386 0 6.85000 -61.12500 6.62371 0.23342 -13
0.29776 -0.16127 10.91946 0 4.82500 -9.45000 10.47608 0.10630 13
-0.06863 -0.06286 89.78932 0 1.90000 0.80000 89.57947 0.10114 13
-0.95270 -0.13255 10.23346 0 3.92500 29.15000 7.43976 0.13970 13
1.93389 0.01835 35.63478 0 -0.52500 -58.05000 16.37025 0.21924 -13
-1.00449 0.00467 58.73167 0 -0.12500 31.55000 41.43658 0.14273 -13
0.71121 0.13097 67.60873 0 -3.95000 -23.77500 55.25214 0.12428 13
0.73021 -0.26868 67.60873 0 8.10000 -24.32500 55.25214 0.12758 13
1.37597 -0.09844 69.31842 0 2.97500 -42.75000 40.88080 0.17159 -13
-2.11554 -0.19350 1.42299 0 6.82500 63.75000 0.61951 0.23786 -13
-1.16910 -0.12784 37.43203 0 3.87500 35.77500 24.44485 0.15547 -13
-0.75333 -0.08048 67.11297 0 2.42500 24.47500 53.66735 0.12634 -13
-0.60445 0.07682 97.64919 0 -2.32500 19.17500 83.63452 0.11793 13
-1.34218 0.06045 41.70356 0 -1.80000 40.12500 24.94521 0.16866 -13
0.21660 0.04549 89.54954 0 -1.37500 -5.87500 87.52413 0.10314 -13
-0.98174 -0.09839 78.25414 0 2.95000 29.52500 55.97380 0.14147 13
0.40074 0.04101 60.53162 0 -1.25000 -14.12500 56.19423 0.10857 13
-0.72399 -0.14638 11.74608 0 4.47500 21.42500 9.54881 0.12523 -13
-1.26478 -0.16244 57.01916 0 4.92500 38.70000 35.64686 0.16320 -13
1.13462 0.05030 42.80109 0 -1.52500 -35.40000 28.32040 0.15239 13
0.36606 -0.14138 37.89383 0 4.27500 -8.07500 35.62555 0.10818 -13
-0.43997 0.05052 10.28140 0 -1.47500 14.12500 9.41296 0.11013 -13
-0.16523 -0.12757 98.40922 0 3.85000 2.80000 97.11344 0.10287 -13
-0.59309 -0.24686 95.60613 0 7.45000 19.32500 82.85249 0.11969 13
0.55459 -0.15907 24.71887 0 4.77500 -16.27500 21.68033 0.11625 13
-1.54425 -0.12923 86.14097 0 3.90000 47.67500 47.09568 0.18573 -13
-0.59581 0.10069 25.63024 0 -3.02500 18.65000 22.04761 0.11765 -13
-0.99592 0.03365 87.41569 0 -1.02500 30.00000 61.95597 0.14217 13
1.58144 0.02913 6.57354 0 -1.00000 -46.50000 3.51437 0.18850 13
0.83725 0.06685 16.35973 0 -1.97500 -25.37500 12.55501 0.13151 -13
-0.74972 -0.02297 32.32146 0 0.70000 20.87500 25.86272 0.12589 -13
0.60087 0.05466 15.93682 0 -1.62500 -18.15000 13.66608 0.11761 -13
-0.36435 0.07790 67.68604 0 -2.35000 11.70000 63.61871 0.10746 -13
0.12005 0.00326 59.33271 0 -0.10000 -6.55000 58.90972 0.10143 13
0.42364 -0.14619 31.36294 0 4.40000 -11.15000 28.92427 0.11035 13
-0.19148 -0.01784 10.07409 0 0.60000 7.70000 9.89446 0.10256 -13
1.30084 0.14473 55.30707 0 -4.37500 -38.12500 33.92676 0.16589 13
1.32837 -0.25424 55.30707 0 7.65000 -38.95000 33.92676 0.16937 13
-0.23481 -0.18156 36.78595 0 5.47500 9.32500 35.84186 0.10504 13
-0.58902 -0.18516 72.42184 0 5.60000 16.65000 62.66774 0.11836 -13
0.99227 0.10748 89.40927 0 -3.22500 -28.45000 63.64679 0.14228 -13
1.77979 -0.20826 77.24426 0 6.27500 -52.82500 38.44883 0.20663 13
0.53567 -0.15243 92.12724 0 4.60000 -16.52500 81.41598 0.11527 13
0.63604 -0.19242 13.82949 0 5.77500 -20.17500 11.72988 0.12087 13
0.82546 -0.19881 77.54040 0 6.00000 -25.62500 60.26539 0.13211 -13
-1.23744 -0.09662 48.40669 0 2.92500 38.47500 30.51120 0.16052 -13
-0.07609 -0.05347 16.82902 0 1.65000 2.30000 16.78064 0.10115 -13
0.76142 0.12752 8.50006 0 -3.77500 -23.50000 6.78252 0.12720 -13
0.78285 -0.27209 8.50006 0 8.30000 -24.17500 6.78252 0.13089 -13
-0.47264 0.08147 32.34669 0 -2.45000 15.87500 29.26226 0.11169 -13
1.51535 -0.12634 42.51431 0 3.82500 -44.95000 23.54615 0.18329 -13
-1.55952 0.08444 87.35525 0 -2.52500 48.07500 47.27188 0.18675 -13
-1.16263 -0.09411 44.77650 0 2.85000 36.20000 29.27211 0.15473 -13
-0.85509 -0.11339 10.27251 0 3.47500 22.45000 7.82809 0.13303 -13
-1.53600 -0.24748 38.70065 0 7.50000 48.30000 21.55574 0.18629 -13
1.73319 -0.23042 57.83430 0 6.92500 -52.57500 29.46559 0.20282 13
0.15354 -0.05908 71.32099 0 1.80000 -4.32500 70.49767 0.10206 -13
-0.50467 -0.24819 15.69184 0 7.52500 15.40000 14.09211 0.11557 -13
-0.00864 -0.12072 53.96422 0 3.62500 -0.52500 53.96225 0.10144 13
0.62355 -0.23201 66.68274 0 7.00000 -18.85000 56.99258 0.12096 -13
0.82188 -0.11506 63.73773 0 3.45000 -25.00000 49.37093 0.13086 13
0.83451 -0.06369 12.08007 0 1.87500 -25.52500 9.28291 0.13130 13
-0.03991 0.07259 75.68772 0 -2.20000 1.55000 75.62783 0.10105 13
-1.09209 0.03852 52.63880 0 -1.15000 35.22500 35.56274 0.14917 -13
-0.72267 -0.09641 48.14509 0 2.90000 20.37500 39.08369 0.12462 13
0.43239 -0.22362 7.33638 0 6.67500 -13.17500 6.75924 0.11196 13
0.12243 0.11912 74.66061 0 -3.57500 -4.75000 74.11486 0.10216 -13
0.12629 -0.28120 74.66061 0 8.50000 -4.87500 74.11486 0.10538 -13
0.04092 -0.05687 64.07925 0 1.70000 -3.77500 64.02581 0.10095 13
-1.42054 -0.03056 1.77786 0 0.45000 45.65000 1.02359 0.17524 13
0.19813 0.05638 91.62022 0 -1.70000 -3.80000 89.87854 0.10282 13
-1.93639 -0.21339 67.60522 0 6.45000 59.52500 31.56768 0.22055 -13
-0.41769 -0.14249 43.11052 0 4.30000 11.90000 39.83893 0.11008 -13
-1.64006 -0.19778 82.31437 0 5.95000 49.52500 43.45336 0.19444 13
-0.74460 -0.23660 18.08560 0 7.10000 23.70000 14.64497 0.12777 13
-0.54077 -0.03550 45.56669 0 1.07500 17.75000 40.08720 0.11454 -13
1.91027 -0.04371 48.89436 0 1.35000 -59.27500 22.69584 0.21699 -13
-1.86309 -0.10964 59.53013 0 3.30000 56.85000 28.28384 0.21321 13
-1.11970 0.04613 71.89570 0 -1.37500 31.10000 47.91908 0.15125 -13
1.87649 -0.02380 76.88759 0 0.72500 -55.45000 36.16821 0.21414 -13
-0.70319 -0.00341 8.93807 0 0.05000 21.22500 7.31125 0.12312 13
-1.86798 -0.16832 23.15368 0 5.12500 56.82500 11.04697 0.21409 -13
0.74748 -0.13910 41.08647 0 4.20000 -25.22500 33.02103 0.12652 -13
-1.02181 -0.06652 53.94515 0 2.02500 32.67500 37.77360 0.14413 -13
-0.61101 -0.13679 75.19220 0 4.12500 18.17500 64.32400 0.11882 -13
-0.37317 0.07421 81.44169 0 -2.22500 10.82500 76.32796 0.10774 -13
-0.11373 -0.05572 51.11527 0 1.67500 6.17500 50.78887 0.10151 13
1.41968 -0.14506 90.55304 0 4.37500 -44.80000 52.50805 0.17549 -13
-1.05773 -0.07878 16.24783 0 2.32500 32.32500 11.18104 0.14678 13
0.94453 0.14216 29.54133 0 -4.32500 -28.95000 21.57678 0.13928 13
0.96549 -0.25700 29.54133 0 7.72500 -29.57500 21.57678 0.14233 13
1.79717 -0.02856 53.91163 0 0.85000 -54.37500 26.22159 0.20713 13
-0.57607 0.09463 70.45020 0 -2.87500 16.42500 61.11261 0.11661 13
0.37905 0.00890 11.06053 0 -0.22500 -11.52500 10.34246 0.10770 -13
0.01196 -0.00508 66.51447 0 0.15000 -1.72500 66.50972 0.10071 -13
-0.80496 -0.11747 91.39678 0 3.55000 21.97500 71.38740 0.12982 -13
2.03597 -0.11449 55.22243 0 3.47500 -61.12500 24.47322 0.22873 -13
0.79837 0.07331 5.41094 0 -2.10000 -24.27500 4.23300 0.12906 -13
-1.62046 -0.00973 81.52519 0 0.27500 49.85000 42.81566 0.19175 13
0.18266 -0.07575 98.07190 0 2.27500 -3.25000 96.48437 0.10265 13
0.60061 -0.20940 50.69267 0 6.32500 -17.07500 43.70113 0.11936 -13
-0.00020 -0.20389 47.69323 0 6.15000 -0.07500 47.69322 0.10276 13
-0.20764 0.06677 56.28584 0 -2.00000 8.50000 55.11543 0.10307 -13
0.77642 -0.06352 53.09097 0 1.92500 -21.20000 41.96701 0.12766 -13
-0.22128 -0.06726 42.98023 0 2.05000 6.92500 41.96956 0.10336 -13
1.38539 -0.21529 30.28741 0 6.52500 -43.85000 17.99038 0.17346 -13
1.18085 -0.02328 70.22998 0 0.72500 -36.10000 45.39308 0.15585 -13
-0.39188 -0.14023 53.66963 0 4.25000 11.37500 50.03386 0.10908 -13
-0.97811 0.05598 45.53087 0 -1.70000 30.35000 32.57454 0.14098 13
1.31923 -0.15787 45.02308 0 4.75000 -38.52500 27.41021 0.16745 13
-0.63344 0.07903 18.07832 0 -2.42500 20.10000 15.28590 0.11948 13
0.03944 0.01674 29.06935 0 -0.52500 0.32500 29.04677 0.10080 13
-0.39613 0.02014 6.73330 0 -0.67500 12.07500 6.26037 0.10835 13
-0.06475 -0.18504 69.23932 0 5.60000 -0.42500 69.09943 0.10263 -13
2.04266 -0.20512 44.45179 0 6.15000 -61.17500 19.87201 0.22992 13
-0.48661 -0.21831 84.22431 0 6.60000 14.10000 76.06592 0.11414 -13
0.18235 -0.24906 71.77616 0 7.50000 -5.55000 70.67830 0.10539 13
-0.97723 0.08739 45.74067 0 -2.65000 29.10000 32.77423 0.14109 13
1.83378 0.03508 55.08156 0 -1.05000 -54.92500 26.38330 0.21037 -13
-0.61369 -0.06632 73.72058 0 2.00000 19.57500 62.86984 0.11834 13
-1.81397 0.01134 81.77156 0 -0.32500 53.90000 39.47938 0.20848 -13
-0.76290 -1.88876 81.77156 0 -0.50000 54.17500 39.47938 0.21308 -13
-5.37912 -5.39994 81.77156 0 -0.25000 54.62500 39.47938 0.22455 -13
0.38405 0.30017 81.77156 0 0.32500 55.72500 39.47938 0.23203 -13
-0.60940 0.13741 30.12889 0 -4.12500 20.22500 25.79271 0.11872 -13
-0.62407 -0.26185 30.12889 0 7.92500 20.67500 25.79271 0.12161 -13
-0.10822 -0.01629 16.34714 0 0.45000 0.32500 16.25229 0.10130 13
0.93635 -0.18224 11.26720 0 5.45000 -25.55000 8.28714 0.13913 13
-0.39811 0.09804 3.80645 0 -2.82500 14.25000 3.53879 0.10884 -13
-0.44269 -0.05461 1.49407 0 1.30000 13.65000 1.36643 0.11049 13
-0.24645 -0.20011 99.80766 0 6.05000 7.05000 97.01512 0.10566 -13
-0.60454 -0.06799 50.70561 0 2.05000 15.22500 43.41911 0.11787 13
1.83576 -0.18750 2.04555 0 5.17500 -55.72500 0.99116 0.21114 13
0.32726 -0.03835 99.03328 0 1.15000 -11.35000 94.12784 0.10603 13
0.25005 -0.10918 4.01001 0 3.42500 -5.35000 3.89164 0.10447 -13
-1.01821 -0.05653 2.19520 0 2.02500 33.22500 1.53923 0.14411 -13
0.48438 -0.17028 98.03498 0 5.12500 -14.37500 88.46633 0.11320 13
0.44808 -0.01887 23.77849 0 0.55000 -13.55000 21.70033 0.11037 13
-1.54876 0.11591 31.30128 0 -3.47500 47.60000 17.05904 0.18600 -13
-1.69805 0.07745 31.75480 0 -2.37500 50.55000 16.14998 0.19861 13
0.15423 -0.11808 97.99561 0 3.57500 -6.60000 96.86594 0.10259 -13
-0.83960 0.03351 77.18148 0 -1.00000 24.87500 59.12370 0.13153 -13
1.12601 0.04076 53.35005 0 -1.22500 -34.60000 35.44274 0.15171 -13
-0.47844 0.09157 85.56606 0 -2.77500 13.12500 77.24731 0.11202 13
1.55275 -0.14232 57.90220 0 4.30000 -50.27500 31.57424 0.18655 -13
0.19216 0.01290 18.57225 0 -0.42500 -7.52500 18.23861 0.10256 13
0.22126 -0.23015 98.38840 0 6.95000 -10.05000 96.17785 0.10572 -13
0.69884 -0.08259 22.27615 0 2.52500 -20.12500 18.27942 0.12315 -13
1.70391 -0.17972 83.81745 0 5.40000 -51.10000 42.92703 0.19977 13
1.34656 -0.17923 22.91878 0 5.37500 -38.42500 13.80391 0.16982 13
0.71913 0.02708 40.96711 0 -0.80000 -20.62500 33.26394 0.12407 -13
0.66753 -0.13490 14.05514 0 4.02500 -21.47500 11.72248 0.12182 13
0.15889 0.03983 87.18281 0 -1.20000 -5.07500 86.10424 0.10204 13
0.66774 -0.12447 49.69121 0 3.77500 -18.22500 41.42287 0.12174 -13
-1.90510 0.07517 51.65217 0 -2.30000 56.95000 24.05924 0.21683 13
-1.50288 0.09718 86.27420 0 -2.92500 46.45000 47.94909 0.18204 -13
0.34688 -0.00249 22.69058 0 0.05000 -13.30000 21.43746 0.10659 13
-1.20058 -0.03419 53.15819 0 1.05000 33.15000 34.03303 0.15739 -13
0.46351 -0.05332 24.04610 0 1.62500 -14.00000 21.82180 0.11113 -13
0.90245 0.03005 70.93555 0 -0.92500 -30.12500 52.67238 0.13568 13
-0.53238 0.05159 60.38674 0 -1.57500 17.50000 53.31923 0.11420 13
1.68140 0.00140 91.00474 0 -0.05000 -54.07500 46.51812 0.19701 13
-1.61591 0.12116 5.17213 0 -3.87500 50.62500 2.73790 0.19184 13
-1.66545 -0.27995 5.17213 0 8.20000 51.97500 2.73790 0.19718 13
-0.65075 -0.19758 17.96113 0 6.00000 21.15000 15.13953 0.12181 -13
-1.00097 -0.12241 5.23277 0 3.82500 31.07500 3.71178 0.14314 -13
0.62030 0.10705 51.82387 0 -3.25000 -17.80000 44.10889 0.11900 13
-0.34864 -0.07722 59.73136 0 2.32500 11.52500 56.41994 0.10693 -13
0.84355 0.04025 29.15700 0 -1.20000 -24.85000 22.29414 0.13181 -13
-0.14365 0.02982 33.45299 0 -0.87500 3.90000 33.11336 0.10178 -13
2.04758 0.03954 13.26715 0 -1.10000 -64.52500 5.82586 0.22949 -13
-0.31702 0.10765 64.70784 0 -3.25000 10.25000 61.71473 0.10620 13
-0.35078 0.03675 31.80826 0 -1.12500 10.92500 30.01748 0.10679 13
0.26083 -8.17179 31.80826 0 -0.45000 11.10000 30.01748 0.10824 13
-1.17430 -1.83315 31.80826 0 -0.60000 -6.15000 30.01748 0.69906 13
0.52528 3.22850 31.80826 0 -0.37500 -6.02500 30.01748 0.70026 13
-0.02715 0.60691 31.80826 0 -0.25000 -6.07500 30.01748 0.70154 13
2.07219 -0.04556 98.61824 0 1.37500 -62.57500 42.89719 0.23176 -13
2.02939 -0.01136 80.23847 0 0.35000 -58.77500 35.46781 0.22784 -13
1.11135 0.12167 63.89056 0 -3.65000 -33.37500 42.90869 0.15105 -13
1.14519 -0.27848 63.89056 0 8.40000 -34.40000 42.90869 0.15567 -13
-1.27843 -0.24179 55.99072 0 7.27500 38.05000 35.10322 0.16523 13
0.37758 -0.05881 9.86913 0 1.82500 -12.47500 9.23479 0.10782 -13
-1.20507 -0.03044 6.27931 0 1.05000 37.60000 4.01099 0.15777 -13
0.18499 -0.21034 22.82705 0 6.37500 -4.42500 22.46195 0.10460 -13
-0.47609 0.10528 46.65913 0 -3.20000 13.92500 42.17088 0.11204 13
-0.81107 0.01090 50.68035 0 -0.32500 23.40000 39.36225 0.12967 -13
0.60977 -0.04256 41.76730 0 1.27500 -15.55000 35.66928 0.11803 13
-0.17077 -0.18520 5.95134 0 5.67500 4.90000 5.86919 0.10392 -13
1.13729 -0.16122 83.81779 0 4.87500 -34.32500 55.74712 0.15337 -13
1.97702 0.03071 67.05518 0 -0.90000 -59.77500 30.27666 0.22314 -13
-1.26542 -0.04688 60.31689 0 1.42500 38.07500 37.42340 0.16249 -13
-1.38417 0.01854 77.59645 0 -0.57500 43.12500 45.44654 0.17197 13
0.47831 -0.11416 5.12817 0 3.55000 -14.57500 4.63151 0.11229 -13
-0.27907 0.09140 87.79693 0 -2.75000 8.65000 84.59084 0.10495 -13
-0.31238 -0.05278 76.36137 0 1.60000 9.47500 72.89691 0.10563 -13
-0.53365 -0.18063 69.01297 0 5.45000 16.12500 61.09984 0.11558 13
-1.84003 -0.08295 58.38844 0 2.47500 55.70000 27.95447 0.21105 13
-0.90307 -0.00895 99.91151 0 0.27500 28.22500 74.15146 0.13569 13
-0.60350 0.00422 70.49192 0 -0.12500 17.90000 60.35318 0.11762 13
0.49657 0.03891 36.17469 0 -1.20000 -14.50000 32.40492 0.11251 13
-0.21688 -0.20747 85.37484 0 6.25000 8.77500 83.51256 0.10513 13
-0.07741 0.03683 16.50275 0 -1.07500 2.97500 16.45358 0.10107 -13
0.19912 0.14280 57.84492 0 -4.32500 -6.72500 56.75282 0.10369 13
0.20350 -0.25627 57.84492 0 7.72500 -6.85000 56.75282 0.10595 13
-0.89747 -0.17671 11.58469 0 5.27500 27.77500 8.68037 0.13644 13
-0.18791 0.12339 86.23954 0 -3.72500 6.87500 84.77796 0.10322 13
-0.19350 -0.27667 86.23954 0 8.35000 7.05000 84.77796 0.10628 13
-0.93956 -0.04560 36.68845 0 1.35000 28.20000 26.75144 0.13825 13
0.81139 0.07350 23.62886 0 -2.20000 -22.40000 18.36860 0.12988 -13
1.03439 -0.13715 77.22885 0 4.12500 -28.22500 53.93643 0.14554 13
-1.28498 -0.23505 37.46307 0 7.07500 39.62500 23.39209 0.16565 13
0.04139 0.03590 35.12712 0 -1.10000 -0.97500 35.09710 0.10085 13
0.60802 -0.18915 91.33462 0 5.70000 -16.22500 78.40788 0.11938 13
-1.06659 -0.16341 98.88688 0 4.95000 36.00000 68.10840 0.14816 -13
-0.13265 0.08344 47.38411 0 -2.52500 4.45000 46.97547 0.10193 13
-0.77555 0.01406 11.58750 0 -0.47500 21.95000 9.15679 0.12746 13
0.25563 0.03000 52.34208 0 -0.90000 -6.95000 50.71274 0.10399 -13
-1.28434 -0.01347 38.04838 0 0.42500 38.55000 23.37665 0.16392 -13
-0.52505 -0.04397 93.67513 0 1.32500 18.00000 82.95532 0.11382 13
0.90983 -0.13413 16.59152 0 4.00000 -25.92500 12.32159 0.13679 13
0.32194 -0.18200 36.52646 0 5.50000 -10.82500 34.82151 0.10738 -13
1.12133 -0.05895 86.39674 0 1.77500 -31.82500 57.55916 0.15142 -13
-0.71680 -0.23659 29.59072 0 7.12500 21.42500 24.26970 0.12615 13
-0.69572 -0.13248 39.71761 0 4.00000 21.55000 32.69526 0.12341 -13
-0.51121 -0.23562 3.36774 0 6.95000 16.22500 3.01509 0.11548 13
-0.93058 -0.20306 31.79755 0 6.10000 29.90000 23.49487 0.13905 13
-0.92201 -0.16735 14.94542 0 5.10000 28.32500 11.05704 0.13805 -13
-1.57601 -0.02089 61.38715 0 0.65000 49.35000 32.89370 0.18797 -13
-0.08229 -0.10736 74.13087 0 3.25000 1.30000 73.88397 0.10163 -13
-0.09280 -0.20040 89.61013 0 6.05000 3.10000 89.24139 0.10313 13
-1.26386 0.07410 71.19573 0 -2.25000 37.17500 44.25093 0.16247 13
-0.66219 0.13403 55.12321 0 -4.02500 20.65000 46.08410 0.12153 -13
-0.67905 -0.26542 55.12321 0 8.02500 21.15000 46.08410 0.12464 -13
-0.46511 -0.04174 8.24442 0 1.20000 13.60000 7.47669 0.11114 13
0.61225 0.12400 29.55742 0 -3.75000 -18.00000 25.26000 0.11875 13
0.63031 -0.27607 29.55742 0 8.30000 -18.55000 25.26000 0.12222 13
-0.66135 0.00716 99.64974 0 -0.20000 19.17500 83.11751 0.12074 -13
0.54395 -0.18373 82.36517 0 5.52500 -17.12500 72.62508 0.11611 13
-0.02205 -0.17603 48.34726 0 5.32500 3.07500 48.33588 0.10228 -13
1.09066 -0.14506 92.87144 0 4.37500 -31.62500 63.11802 0.14973 -13
-2.03998 -0.10968 2.46765 0 3.75000 60.87500 1.09203 0.22952 -13
1.36143 0.11008 56.42602 0 -3.30000 -42.97500 33.53479 0.17046 -13
1.96646 -0.11055 92.19794 0 3.32500 -56.02500 41.99368 0.22243 13
0.86471 -0.18523 81.41954 0 5.57500 -24.95000 62.02950 0.13442 13
-0.64820 -0.24235 40.55303 0 7.32500 19.07500 34.31227 0.12248 -13
-0.19999 0.09752 82.18840 0 -2.95000 7.40000 80.60700 0.10317 13
0.27898 -0.06641 88.23082 0 2.00000 -7.70000 84.99920 0.10476 -13
1.94351 -0.07158 82.91187 0 2.15000 -58.60000 38.01038 0.22022 13
0.74505 -0.12698 41.95639 0 3.85000 -21.42500 33.74093 0.12624 -13
0.27876 0.00865 21.09611 0 -0.25000 -8.05000 20.32146 0.10454 -13
0.87757 0.14437 35.25093 0 -4.35000 -30.32500 26.61384 0.13476 -13
0.89626 -0.25458 35.25093 0 7.70000 -30.90000 26.61384 0.13766 -13
-0.71575 0.03721 24.97797 0 -1.10000 21.92500 20.31628 0.12389 -13
0.27954 0.10045 52.34956 0 -3.02500 -11.67500 50.43513 0.10505 -13
0.13013 0.12751 67.66374 0 -3.85000 -6.60000 67.10701 0.10236 13
0.13378 -0.27234 67.66374 0 8.20000 -6.72500 67.10701 0.10523 13
0.32885 -0.12192 31.15839 0 3.65000 -13.10000 29.62015 0.10671 13
-1.20030 0.06535 32.46126 0 -1.95000 36.60000 20.80389 0.15746 -13
-0.68423 0.04408 52.43693 0 -1.35000 20.27500 43.28933 0.12210 13
-0.00421 -0.22211 87.59097 0 6.70000 -0.05000 87.59023 0.10316 -13
0.49392 -0.04130 69.43652 0 1.25000 -12.10000 62.26707 0.11239 13
0.08259 -0.11675 13.27649 0 3.47500 -6.15000 13.23210 0.10172 13
0.56062 -0.15865 92.42032 0 4.77500 -18.97500 80.85385 0.11655 13
0.53689 -0.05801 63.25025 0 1.75000 -15.87500 55.74747 0.11444 13
-1.00628 -0.23603 86.02335 0 7.12500 31.82500 61.45829 0.14483 -13
0.65004 -0.14863 34.89184 0 4.47500 -18.52500 29.34889 0.12103 13
0.22560 -0.01952 39.09684 0 0.60000 -7.50000 38.13871 0.10325 -13
-0.01522 0.05513 34.19852 0 -1.67500 -1.07500 34.19457 0.10087 13
0.16802 0.12608 17.87742 0 -3.82500 -4.62500 17.63401 0.10292 13
0.17285 -0.27390 17.87742 0 8.22500 -4.77500 17.63401 0.10583 13
0.49469 -0.04111 12.56503 0 1.20000 -16.30000 11.26409 0.11243 13
0.14255 -0.10387 36.84236 0 3.12500 -2.15000 36.47751 0.10225 13
1.57415 0.05181 13.94574 0 -1.50000 -48.30000 7.48458 0.18787 -13
-1.49873 0.04069 94.27835 0 -1.22500 47.47500 52.35685 0.18149 -13
-0.68334 -0.04473 62.38349 0 1.35000 18.85000 51.52284 0.12205 -13
-1.41889 -0.12463 49.66607 0 3.75000 45.87500 28.75871 0.17525 13
0.45834 0.04324 19.40536 0 -1.32500 -13.05000 17.64367 0.11087 13
0.96574 -0.03368 65.74386 0 1.00000 -29.32500 47.30383 0.14003 13
0.41275 -0.22799 73.01553 0 6.87500 -13.70000 67.73684 0.11134 13
-0.54206 -0.12936 69.06767 0 3.90000 16.42500 60.83447 0.11528 13
0.56108 0.09532 32.64299 0 -2.90000 -18.72500 28.49856 0.11588 13
1.37971 -0.24836 46.86135 0 7.47500 -42.17500 28.03960 0.17339 13
0.43817 0.13360 22.44642 0 -4.05000 -12.97500 20.58861 0.11078 13
0.44940 -0.26590 22.44642 0 8.00000 -13.30000 20.58861 0.11359 13
0.90054 -0.00347 3.57093 0 0.27500 -27.82500 2.65408 0.13555 -13
-0.08957 0.11795 46.94162 0 -3.55000 1.05000 46.75699 0.10180 -13
0.10490 0.04791 8.58710 0 -1.50000 -2.52500 8.54027 0.10139 13
-0.85201 -0.21816 45.21401 0 6.60000 28.05000 34.74983 0.13412 -13
0.08943 -0.10691 20.83382 0 3.25000 -3.72500 20.75198 0.10169 -13
-0.59925 -0.16929 36.39866 0 5.12500 19.52500 31.33780 0.11864 -13
-0.30698 0.06507 98.42480 0 -1.95000 10.42500 94.10818 0.10554 -13
0.07980 -0.09841 95.42028 0 2.97500 -1.37500 95.12075 0.10151 13
-1.16914 -0.11093 82.84033 0 3.35000 34.20000 54.03646 0.15533 -13
-0.45097 -0.01820 5.35941 0 0.65000 16.35000 4.88557 0.11052 -13
-0.01047 -0.07746 91.18656 0 2.35000 2.22500 91.18159 0.10102 -13
0.62720 -0.10516 84.39096 0 3.17500 -16.47500 71.60346 0.11934 13
0.26513 0.02662 11.23050 0 -0.75000 -7.40000 10.85567 0.10422 -13
-1.63741 -0.19872 37.51445 0 5.97500 49.40000 19.82953 0.19421 13
-0.78623 -0.13486 61.16977 0 4.07500 22.70000 48.25246 0.12882 -13
1.04266 0.03818 16.66415 0 -1.10000 -31.47500 11.53851 0.14554 -13
0.30782 -0.24424 14.44232 0 7.32500 -6.60000 13.83705 0.10817 13
0.74135 -0.14237 23.72951 0 4.32500 -19.80000 19.13006 0.12619 -13
-1.10254 0.02427 62.50707 0 -0.75000 32.62500 42.00061 0.14992 13
-2.15704 0.00160 50.11361 0 -0.02500 64.25000 21.07838 0.23942 -13
1.12993 -0.00606 64.84929 0 0.17500 -32.57500 42.97875 0.15195 13
-0.31470 0.05694 37.00756 0 -1.70000 7.25000 35.30597 0.10572 -13
-0.24896 -0.17415 14.09900 0 5.22500 3.57500 13.69308 0.10523 13
-1.21339 0.04037 79.00428 0 -1.22500 35.35000 50.26984 0.15840 13
0.78368 0.00299 19.05498 0 -0.05000 -22.82500 14.99814 0.12794 -13
-0.08445 0.12994 2.31627 0 -4.15000 4.12500 2.30821 0.10211 13
-0.08684 -0.27016 2.31627 0 7.92500 4.20000 2.30821 0.10458 13
0.43926 0.12299 54.20030 0 -3.72500 -14.12500 49.68379 0.11069 13
0.45241 -0.27712 54.20030 0 8.35000 -14.52500 49.68379 0.11398 13
-0.05392 -0.11258 43.46531 0 3.37500 1.05000 43.40307 0.10148 13
0.03013 0.00609 76.25434 0 -0.20000 -0.85000 76.21978 0.10075 13
-1.91204 0.03384 83.19936 0 -1.00000 60.22500 38.57544 0.21731 -13
1.06376 -0.10058 52.04757 0 3.02500 -32.57500 35.74420 0.14737 13
0.18082 -0.09483 19.46124 0 2.87500 -5.00000 19.15329 0.10279 -13
-0.18854 -0.11129 41.58481 0 3.35000 3.55000 40.87337 0.10308 13
-0.90543 -0.02969 14.30582 0 0.95000 27.30000 10.60729 0.13589 -13
-1.30948 -0.10242 81.57520 0 3.07500 42.57500 49.67298 0.16624 13
0.99544 -0.11417 54.37781 0 3.42500 -28.40000 38.66244 0.14255 13
-0.78979 -0.17836 51.06788 0 5.37500 23.45000 40.31542 0.12957 13
-0.77817 0.13048 48.37177 0 -3.92500 24.17500 38.29575 0.12827 -13
-0.79912 -0.26917 48.37177 0 8.12500 24.80000 38.29575 0.13175 -13
0.52530 0.14093 54.02252 0 -4.25000 -15.30000 47.92634 0.11464 13
0.53720 -0.25822 54.02252 0 7.77500 -15.67500 47.92634 0.11723 13
-0.05899 -0.10112 25.57272 0 3.02500 2.85000 25.52882 0.10139 13
-2.08873 -0.04084 52.61844 0 1.25000 63.95000 22.73787 0.23325 -13
0.80545 0.06137 82.30211 0 -1.85000 -25.65000 64.14415 0.12946 13
-0.01760 -0.11310 73.70523 0 3.40000 -1.52500 73.69397 0.10136 13
-0.40624 0.03513 5.84956 0 -0.97500 11.77500 5.41995 0.10876 -13
2.17540 -0.08872 43.20370 0 2.70000 -64.95000 18.10302 0.24123 -13
0.83740 -0.23074 61.81445 0 6.97500 -26.37500 47.89414 0.13340 -13
-1.63441 -0.13649 18.82543 0 4.05000 49.00000 9.88987 0.19342 13
0.15578 0.03615 38.44036 0 -1.07500 -3.40000 37.98287 0.10198 -13
-0.14939 -0.00824 7.16848 0 0.17500 5.62500 7.08984 0.10183 13
0.93524 -0.04917 30.48966 0 1.50000 -30.40000 22.28109 0.13797 -13
0.90163 -0.14066 47.05474 0 4.22500 -28.12500 35.09976 0.13632 13
-1.51929 0.12163 66.96306 0 -3.67500 45.05000 37.00464 0.18358 13
-1.56556 -0.27853 66.96306 0 8.40000 46.42500 37.00464 0.18915 13
-1.09346 0.10115 64.69689 0 -3.05000 31.70000 43.78310 0.14956 -13
-0.17013 -0.12326 93.93969 0 3.72500 5.20000 92.62851 0.10290 -13
0.08986 -0.04463 19.68747 0 1.37500 -2.30000 19.60861 0.10121 -13
1.88209 -0.08923 88.31128 0 2.70000 -57.12500 41.56450 0.21481 -13
1.13171 -0.22969 94.69557 0 6.92500 -35.20000 63.60512 0.15384 -13
0.08781 0.07731 63.41372 0 -2.35000 -1.65000 63.17209 0.10139 13
0.53978 -0.01166 91.48186 0 0.35000 -15.62500 80.50386 0.11444 -13
0.61011 -0.24235 12.83848 0 7.35000 -17.62500 11.04316 0.12051 -13
1.94274 -0.03794 33.29424 0 1.12500 -58.80000 15.24620 0.22006 13
-2.04998 0.05220 70.13869 0 -1.55000 60.70000 30.78436 0.22975 -13
-1.42782 -0.08842 2.89310 0 2.37500 42.87500 1.66450 0.17570 13
1.00578 -0.07409 38.01655 0 2.25000 -29.37500 26.84098 0.14303 -13
0.96145 -0.13528 13.94906 0 4.02500 -28.32500 10.09852 0.14034 13
0.46148 0.08582 6.94058 0 -2.50000 -14.70000 6.30603 0.11123 -13
-1.96175 0.11403 69.74629 0 -3.42500 57.35000 31.83768 0.22202 -13
-2.10105 -0.15031 22.44328 0 4.57500 64.05000 9.73220 0.23490 -13
0.17850 -0.05291 85.61353 0 1.60000 -4.85000 84.28503 0.10243 -13
0.16487 0.07743 96.56430 0 -2.35000 -5.47500 95.28541 0.10236 13
0.31949 -0.16600 65.89492 0 5.00000 -9.65000 62.84733 0.10703 13
0.84937 -0.10469 37.56738 0 3.15000 -24.92500 28.69801 0.13254 13
-0.68275 -0.14293 30.36616 0 4.32500 20.27500 25.15936 0.12279 -13
-0.33566 -0.11482 38.45496 0 3.45000 13.77500 36.48029 0.10685 13
1.04671 -0.11160 15.53142 0 3.40000 -32.87500 10.76376 0.14623 -13
0.26618 0.02705 78.17327 0 -0.82500 -9.52500 75.54465 0.10425 13
0.12536 -0.02948 66.26374 0 0.87500 -4.15000 65.74951 0.10154 13
-0.62665 -0.04560 45.48883 0 1.37500 18.65000 38.55691 0.11893 13
-0.84129 0.00889 52.65056 0 -0.27500 24.45000 40.29008 0.13160 13
0.79621 -0.20204 57.99791 0 6.07500 -23.50000 45.72159 0.13031 13
-0.54718 0.03140 98.54931 0 -0.95000 14.72500 86.46309 0.11484 13
0.85836 -0.01952 79.34891 0 0.57500 -27.50000 60.21390 0.13273 13
0.39541 0.07823 89.49223 0 -2.37500 -14.70000 83.25691 0.10858 13
0.22407 -0.01447 77.65370 0 0.42500 -5.17500 75.77513 0.10321 13
1.11385 -0.21718 51.45642 0 6.52500 -34.92500 34.81266 0.15230 13
1.50251 0.00073 88.68834 0 -0.02500 -43.92500 49.13904 0.18175 -13
-0.03693 0.10650 69.10143 0 -3.22500 1.37500 69.05491 0.10135 13
-0.96214 0.12578 36.28907 0 -3.82500 28.70000 26.24969 0.14032 13
-0.98989 -0.27422 36.28907 0 8.25000 29.52500 26.24969 0.14433 13
-0.29081 -0.22855 67.73191 0 6.90000 9.40000 65.16383 0.10737 -13
-0.07062 -0.09843 65.19050 0 2.97500 1.15000 65.03008 0.10144 -13
-0.12973 0.11088 91.04363 0 -3.35000 5.12500 90.29604 0.10216 13
1.25962 0.06037 85.78218 0 -1.82500 -37.27500 53.39658 0.16208 13
0.23307 0.06985 89.45661 0 -2.10000 -7.92500 87.13255 0.10364 -13
1.51215 -0.20656 74.84021 0 6.22500 -45.80000 41.88247 0.18373 13
0.82918 -0.15344 56.03273 0 4.62500 -24.85000 43.33682 0.13172 13
0.30145 0.02825 50.65635 0 -0.85000 -11.70000 48.50218 0.10522 -13
-1.83297 -0.06995 62.42128 0 2.10000 52.22500 29.94991 0.21039 13
-1.58468 -0.15313 68.84075 0 4.62500 47.15000 37.04264 0.18934 -13
0.66188 0.05111 26.15638 0 -1.52500 -19.12500 21.82034 0.12087 -13
0.81712 -0.24420 56.86320 0 7.35000 -24.62500 44.53810 0.13234 13
0.18553 0.11062 43.55351 0 -3.32500 -7.55000 42.83138 0.10302 -13
-1.29930 0.08572 48.13991 0 -2.60000 36.92500 29.42870 0.16534 13
-0.87143 -0.14748 66.40802 0 4.45000 26.45000 50.29682 0.13440 -13
0.66173 0.09199 90.95538 0 -2.77500 -17.30000 75.94895 0.12110 -13
1.74271 0.03790 47.83896 0 -1.17500 -54.20000 23.82299 0.20237 13
1.27453 0.11402 68.76023 0 -3.42500 -37.90000 42.61378 0.16354 -13
-0.62437 0.14334 76.75453 0 -4.32500 18.50000 65.29069 0.11959 -13
-0.63793 -0.25569 76.75453 0 7.72500 18.92500 65.29069 0.12220 -13
-1.51996 -0.01054 2.51761 0 -0.05000 45.42500 1.38384 0.18337 13
-0.11387 -0.20075 73.82245 0 6.07500 4.25000 73.36660 0.10336 -13
-0.60456 -0.21990 94.10442 0 6.65000 19.27500 81.03305 0.11975 -13
0.40743 0.14184 82.80505 0 -4.27500 -12.75000 76.79260 0.10968 13
0.41652 -0.25727 82.80505 0 7.75000 -13.02500 76.79260 0.11212 13
-0.75776 0.00689 24.01790 0 -0.17500 21.55000 19.14286 0.12635 -13
1.42004 0.03361 53.17977 0 -1.00000 -44.65000 30.63109 0.17493 -13
1.86310 -0.03522 36.42943 0 1.02500 -56.95000 17.23607 0.21297 13
0.27640 0.09985 53.94272 0 -3.00000 -7.55000 52.01141 0.10496 -13
-1.08116 -0.11965 89.43552 0 3.60000 34.27500 60.96086 0.14879 13
0.22921 0.14367 20.27123 0 -4.30000 -6.95000 19.76879 0.10431 -13
0.23419 -0.25533 20.27123 0 7.72500 -7.10000 19.76879 0.10660 -13
0.12815 -0.24674 51.60626 0 7.42500 0.50000 51.21135 0.10451 13
-1.93784 0.03315 71.72244 0 -1.02500 58.55000 32.90498 0.21962 13
1.12104 -0.11881 71.24656 0 3.60000 -33.35000 47.61185 0.15176 -13
-1.12445 0.01369 84.74007 0 -0.40000 33.27500 56.31640 0.15154 -13
0.35895 0.07184 39.60861 0 -2.17500 -12.97500 37.29065 0.10724 13
-0.74506 -0.12496 71.99954 0 3.75000 22.77500 57.89548 0.12621 13
-0.24486 -0.07972 10.67528 0 2.45000 7.65000 10.37064 0.10401 -13
-0.73422 -0.21538 94.27966 0 6.50000 24.22500 76.59236 0.12680 13
0.88601 -0.18805 5.61835 0 5.55000 -25.52500 4.23730 0.13580 13
-0.92485 -0.15207 61.17529 0 4.60000 28.67500 45.14800 0.13803 -13
1.45625 0.03236 72.63622 0 -1.00000 -42.72500 41.13204 0.17793 13
0.07669 0.11490 66.96323 0 -3.45000 -3.97500 66.76969 0.10166 -13
0.83950 -0.07903 15.92780 0 2.35000 -26.07500 12.21510 0.13171 13
-0.49397 -0.02223 30.61099 0 0.65000 15.30000 27.44671 0.11234 13
-0.46961 -0.04111 46.13075 0 1.25000 15.77500 41.76195 0.11133 -13
-0.19342 -0.17778 89.28309 0 5.35000 4.87500 87.70684 0.10412 13
-1.25703 0.12791 7.90985 0 -3.95000 39.67500 4.94864 0.16236 13
-1.29223 -0.27192 7.90985 0 8.10000 40.67500 4.94864 0.16668 13
-0.47087 -0.05061 17.05747 0 1.50000 14.82500 15.43607 0.11142 13
-0.86056 -0.11897 25.62983 0 3.62500 24.62500 19.48471 0.13341 -13
-0.52843 -0.08524 14.41717 0 2.52500 17.62500 12.75697 0.11421 13
0.77635 -0.07017 3.47174 0 2.30000 -23.02500 2.74510 0.12779 -13
-1.87058 0.06703 19.51758 0 -2.07500 57.40000 9.21583 0.21378 13
-0.85306 0.13525 81.89421 0 -4.07500 25.25000 62.54076 0.13306 -13
-0.87435 -0.26415 81.89421 0 7.97500 25.90000 62.54076 0.13640 -13
1.81460 0.03471 34.09879 0 -1.07500 -54.75000 16.46501 0.20868 13
0.57218 -0.18211 28.78027 0 5.52500 -19.10000 25.07920 0.11748 -13
0.99225 -0.06943 73.64362 0 2.07500 -29.15000 52.33849 0.14203 13
-0.26148 -0.08341 52.52756 0 2.52500 8.15000 50.83044 0.10443 -13
0.78916 -0.11934 14.85623 0 3.65000 -24.80000 11.69350 0.12887 -13
1.10256 -0.14618 33.13640 0 4.42500 -33.30000 22.39084 0.15063 -13
1.59179 -0.13771 80.05849 0 4.17500 -48.40000 42.87461 0.18983 -13
-1.18954 -0.05176 34.74689 0 1.55000 35.40000 22.37669 0.15658 13
1.75058 -0.07045 41.00034 0 2.15000 -52.65000 20.37467 0.20315 -13
0.93539 -0.04019 45.02167 0 1.20000 -29.72500 32.89194 0.13795 13
-1.24264 -0.10364 15.73704 0 3.17500 35.62500 9.89813 0.16099 -13
-1.21900 0.05407 87.72492 0 -1.65000 36.07500 55.68650 0.15887 13
0.90865 0.00214 40.41550 0 -0.05000 -27.77500 29.91194 0.13607 -13
-1.06832 -0.06759 40.96000 0 2.02500 30.22500 28.02503 0.14751 13
-2.09568 -0.22120 8.81131 0 6.80000 62.62500 3.86824 0.23517 -13
-0.58161 -0.04053 36.20653 0 1.20000 18.50000 31.30428 0.11657 13
-1.02462 -0.02474 16.21192 0 0.70000 32.82500 11.32475 0.14421 13
