0.75699 -0.26746 69.91563 0 8.05000 -22.92500 56.43520 0.12913 13
0.02981 -0.03819 83.34556 0 1.15000 0.05000 83.30861 0.10082 -13
-0.47722 0.08028 53.84803 0 -2.40000 13.50000 48.62690 0.11187 -13
0.67178 -0.21349 3.25204 0 6.62500 -19.22500 2.71754 0.12345 -13
-0.26611 0.02583 8.12169 0 -0.72500 7.47500 7.84869 0.10425 -13
-0.99623 -0.14298 68.80503 0 4.32500 29.15000 48.98939 0.14288 -13
-1.33857 -0.24976 59.37510 0 7.52500 40.65000 36.22561 0.17010 13
-0.73398 0.01537 83.72205 0 -0.47500 21.35000 67.49609 0.12492 13
-0.93057 -0.18509 58.48902 0 5.60000 27.70000 43.15113 0.13882 -13
-0.03083 -0.16355 79.97091 0 4.92500 3.77500 79.93392 0.10208 13
0.91598 0.03849 24.58242 0 -1.12500 -27.10000 18.13373 0.13662 -13
-0.85478 -0.23702 91.19563 0 7.15000 26.50000 70.11369 0.13462 -13
-0.18060 -0.04030 81.61433 0 1.22500 4.00000 80.31715 0.10241 -13
-0.63585 0.09288 13.68458 0 -2.85000 19.85000 11.56199 0.11972 13
1.32986 0.01251 77.31748 0 -0.40000 -36.60000 46.47023 0.16756 13
-0.51737 0.01402 28.79993 0 -0.45000 14.55000 25.57984 0.11339 13
-0.40218 -0.00159 89.82388 0 0.05000 11.62500 83.33668 0.10854 13
0.28676 -0.14135 22.50427 0 4.27500 -9.42500 21.64854 0.10574 -13
-1.62423 -0.01427 92.33074 0 0.42500 49.75000 48.41012 0.19208 13
-1.93246 -0.06887 44.01090 0 2.10000 58.00000 20.26594 0.21922 -13
-0.56060 -0.05417 42.93780 0 1.62500 18.32500 37.46686 0.11557 13
1.52633 -0.02913 4.27959 0 1.07500 -48.10000 2.34570 0.18390 -13
-0.26115 -0.13718 91.86977 0 4.15000 9.00000 88.94115 0.10500 -13
0.17709 0.03214 5.34124 0 -1.05000 -6.35000 5.25944 0.10235 13
-0.15906 -0.00835 35.93385 0 0.25000 4.85000 35.48771 0.10197 13
1.80035 -0.18280 10.48865 0 5.42500 -55.50000 5.15673 0.20812 13
0.12553 -0.17904 87.94386 0 5.40000 -3.57500 87.28006 0.10309 -13
-1.91555 0.00203 54.55822 0 -0.07500 57.87500 25.24870 0.21761 13
-0.96452 -0.17721 13.30732 0 5.30000 31.02500 9.64976 0.14100 13
1.78836 -0.11191 22.32343 0 3.42500 -55.12500 10.94659 0.20668 -13
-1.02547 0.00190 28.34180 0 -0.07500 29.50000 19.78731 0.14424 13
1.04855 0.13023 5.45548 0 -4.05000 -31.37500 3.78202 0.14661 13
1.07665 -0.27000 5.45548 0 8.00000 -32.17500 3.78202 0.15031 13
0.23759 -0.05315 33.40460 0 1.60000 -6.77500 32.50244 0.10365 13
-0.85362 -0.05171 4.24524 0 1.40000 25.62500 3.23080 0.13251 13
0.74064 0.05347 47.54047 0 -1.62500 -21.80000 38.22271 0.12543 13
1.56264 -0.18809 45.34404 0 5.70000 -46.65000 24.74305 0.18780 -13
-1.92256 0.14510 74.74521 0 -4.35000 56.10000 34.77448 0.21870 -13
-1.96297 -0.25383 74.74521 0 7.67500 57.32500 34.77448 0.22334 -13
0.20136 0.10747 5.36633 0 -3.15000 -5.92500 5.26189 0.10328 -13
0.21631 0.03599 10.62563 0 -1.05000 -5.62500 10.38579 0.10310 -13
-1.74288 -0.01023 81.99925 0 0.32500 49.12500 40.81009 0.20235 -13
0.96991 -0.02759 78.51765 0 0.82500 -28.17500 56.37216 0.14032 13
0.63350 0.13276 3.18057 0 -4.20000 -17.02500 2.69333 0.12013 13
0.64994 -0.26702 3.18057 0 7.85000 -17.47500 2.69333 0.12295 13
-0.11415 -0.02911 28.52312 0 0.85000 0.85000 28.33926 0.10140 13
0.05143 0.01953 86.02243 0 -0.60000 -4.42500 85.90892 0.10086 13
0.02303 0.10281 44.33585 0 -3.10000 -0.42500 44.32421 0.10126 -13
-0.79333 -0.19040 11.46189 0 5.67500 22.45000 9.04051 0.12993 13
1.61289 -0.14628 57.99895 0 4.40000 -47.50000 30.79625 0.19166 13
-0.37386 0.09792 72.02434 0 -2.95000 12.12500 67.50589 0.10795 -13
-0.37358 0.00261 30.91913 0 -0.05000 11.92500 28.96400 0.10750 -13
-0.04689 0.07281 71.33166 0 -2.20000 1.75000 71.25380 0.10108 -13
0.79444 -0.06576 78.29311 0 1.97500 -25.80000 61.35400 0.12878 13
0.51185 -0.19735 50.73874 0 5.95000 -13.90000 45.34297 0.11485 13
-0.36422 0.06807 27.92718 0 -2.07500 10.52500 26.24809 0.10740 13
0.62689 -0.10910 54.15714 0 3.30000 -18.07500 45.96261 0.11937 -13
-1.19009 0.04236 38.33757 0 -1.30000 37.15000 24.67582 0.15660 13
0.02548 -0.02463 31.38826 0 0.75000 -0.80000 31.37808 0.10077 -13
0.11428 -0.22469 93.35900 0 6.77500 -0.70000 92.78403 0.10385 13
0.34460 -0.16532 75.67990 0 4.97500 -9.85000 71.65187 0.10780 13
0.08184 -0.22489 84.65815 0 6.77500 -3.10000 84.38959 0.10354 13
-0.38589 0.11381 17.17540 0 -3.47500 10.55000 16.03693 0.10856 13
0.37264 0.01668 99.02210 0 -0.50000 -11.12500 92.79057 0.10748 -13
1.37131 -0.02653 12.35000 0 0.72500 -40.70000 7.27819 0.17094 13
-0.24042 -0.12440 92.10668 0 3.75000 9.30000 89.59207 0.10432 13
-0.78548 0.13973 72.03393 0 -4.22500 26.15000 56.85650 0.12883 13
-0.80367 -0.25948 72.03393 0 7.82500 26.70000 56.85650 0.13180 13
0.16805 -0.15584 45.98269 0 4.70000 -4.97500 45.36158 0.10331 13
0.32273 -0.05373 82.42159 0 1.62500 -8.55000 78.44855 0.10596 -13
0.72284 0.07053 13.79489 0 -2.17500 -20.80000 11.18936 0.12448 13
1.15714 0.06865 63.74773 0 -2.07500 -34.35000 41.73784 0.15418 13
-0.95019 -0.08960 70.42373 0 2.70000 29.07500 51.14928 0.13921 -13
-0.75772 0.13411 48.20510 0 -4.02500 25.00000 38.54551 0.12706 -13
-0.77696 -0.26532 48.20510 0 8.02500 25.57500 38.54551 0.13031 -13
-1.46782 -0.17483 52.43708 0 5.25000 41.97500 29.82967 0.17970 13
0.67373 -0.10065 19.84605 0 3.00000 -18.55000 16.48472 0.12184 13
-0.44318 -0.00488 58.52635 0 0.15000 12.47500 53.50735 0.11015 -13
-0.74644 -0.13957 23.74330 0 4.17500 24.30000 19.09243 0.12643 13
0.11297 0.13533 51.97410 0 -4.07500 -1.37500 51.65151 0.10225 -13
0.11578 -0.26405 51.97410 0 7.97500 -1.47500 51.65151 0.10481 -13
-0.96738 -0.08099 61.81471 0 2.45000 31.77500 44.49845 0.14035 -13
-0.52097 0.07787 85.44335 0 -2.35000 14.52500 75.82579 0.11382 -13
-1.98298 0.07774 6.90362 0 -2.50000 62.87500 3.11622 0.22388 13
0.62683 -0.23559 74.99333 0 7.12500 -22.77500 64.01836 0.12121 -13
1.14692 -0.04497 18.09685 0 1.40000 -35.67500 11.89975 0.15331 -13
0.14394 -0.15366 1.44076 0 4.97500 -4.15000 1.42650 0.10336 -13
-1.15138 -0.16720 27.56373 0 5.07500 32.60000 18.21686 0.15451 -13
1.34389 0.05386 22.50343 0 -1.65000 -40.75000 13.44624 0.16880 13
-1.38485 0.14316 31.88231 0 -4.30000 41.75000 18.78903 0.17261 -13
-1.41504 -0.25587 31.88231 0 7.75000 42.67500 18.78903 0.17643 -13
0.35234 -0.02000 76.78183 0 0.60000 -12.97500 72.41964 0.10679 13
1.14542 -0.06893 71.78020 0 2.07500 -35.40000 47.27058 0.15328 13
0.96920 0.12117 29.08839 0 -3.62500 -27.17500 20.96139 0.14076 -13
0.99877 -0.27899 29.08839 0 8.45000 -28.07500 20.96139 0.14512 -13
-0.30576 0.07754 32.79262 0 -2.35000 8.92500 31.36735 0.10560 13
0.71684 0.03253 88.44746 0 -0.97500 -21.95000 71.89831 0.12395 13
0.36342 -0.13444 83.46802 0 4.05000 -7.65000 78.52943 0.10799 13
-0.13398 0.00544 95.70869 0 -0.17500 2.35000 94.86116 0.10161 13
0.77525 -0.06290 54.16250 0 1.87500 -24.50000 42.83754 0.12758 13
0.09662 -0.15859 34.54576 0 4.80000 -2.85000 34.38955 0.10243 -13
-1.54525 -0.06132 92.23494 0 1.85000 45.10000 50.17843 0.18545 13
-0.68682 -0.23753 55.97206 0 7.15000 25.75000 46.53822 0.12448 13
0.43133 -0.17537 80.71975 0 5.27500 -13.82500 74.29266 0.11108 13
0.27170 -0.00264 79.63060 0 0.07500 -8.65000 76.84466 0.10435 -13
0.19526 -0.22487 56.74837 0 6.77500 -7.05000 55.74577 0.10507 13
-1.47611 -0.15517 3.47860 0 4.92500 47.70000 1.96740 0.18052 -13
-1.38967 -0.01816 23.91945 0 0.52500 43.05000 13.97238 0.17242 13
-1.01778 -0.22024 40.20088 0 6.65000 30.87500 28.51226 0.14541 -13
0.02195 -0.13344 90.81054 0 4.02500 2.12500 90.78906 0.10162 -13
-0.43645 0.13030 14.28996 0 -3.97500 11.37500 13.11418 0.11068 13
-0.44817 -0.26941 14.28996 0 8.07500 11.72500 13.11418 0.11361 13
1.68810 -0.07631 70.87989 0 2.32500 -52.25000 36.20237 0.19774 -13
0.86001 -0.15803 69.17627 0 4.75000 -24.62500 52.72216 0.13376 13
0.94402 -0.08552 82.11610 0 2.60000 -28.32500 59.81442 0.13876 -13
1.07364 0.06040 25.28338 0 -1.80000 -32.35000 17.24932 0.14787 -13
1.11146 -0.19062 17.54392 0 5.70000 -35.77500 11.84945 0.15175 13
-0.49301 -0.22069 52.43142 0 6.67500 17.25000 47.24197 0.11446 -13
-0.01803 -0.12992 47.53614 0 3.92500 0.37500 47.52854 0.10157 -13
-0.07364 -0.05590 64.51705 0 1.67500 2.90000 64.34338 0.10113 13
-1.14369 0.13828 29.06071 0 -4.20000 32.82500 19.23134 0.15364 13
-1.17089 -0.26106 29.06071 0 7.85000 33.62500 19.23134 0.15723 13
0.17487 -0.15945 62.03368 0 4.82500 -5.95000 61.12890 0.10348 -13
-0.83538 -0.09950 13.75661 0 2.95000 25.77500 10.57915 0.13158 13
-1.60170 -0.04043 69.45911 0 1.22500 46.82500 36.80615 0.19020 -13
-0.00876 0.11231 60.12705 0 -3.37500 -1.67500 60.12477 0.10134 -13
-0.12857 0.00280 40.62020 0 -0.10000 4.30000 40.28858 0.10153 13
-0.31224 0.13753 84.76628 0 -4.15000 7.07500 80.98037 0.10641 13
-0.31975 -0.26177 84.76628 0 7.90000 7.30000 80.98037 0.10896 13
0.76191 -0.00484 1.16776 0 -0.40000 -25.50000 0.92898 0.12712 13
-0.41743 -0.18084 28.35581 0 5.47500 12.62500 26.22862 0.11065 -13
0.64115 -0.12593 95.96212 0 3.80000 -19.12500 80.96860 0.12029 13
0.18077 -0.13800 34.09936 0 4.15000 -5.50000 33.56540 0.10326 13
-0.41334 0.14491 82.83492 0 -4.37500 13.80000 76.66786 0.10994 13
-0.42206 -0.25406 82.83492 0 7.65000 14.07500 76.66786 0.11225 13
-0.93846 0.14023 66.69369 0 -4.25000 27.55000 48.85285 0.13883 13
-0.96003 -0.25898 66.69369 0 7.80000 28.20000 48.85285 0.14200 13
1.84949 -0.12173 17.40995 0 3.72500 -53.67500 8.32819 0.21213 -13
-0.02880 -0.17692 87.01239 0 5.35000 0.05000 86.97744 0.10231 -13
-1.53427 -0.20657 46.40645 0 6.20000 45.70000 25.71217 0.18556 13
0.06180 -0.09664 59.97994 0 2.92500 -4.42500 59.86677 0.10137 -13
-1.20067 -0.13548 7.16909 0 4.20000 37.00000 4.61219 0.15805 -13
-0.11759 -0.05247 4.02398 0 1.47500 1.20000 3.99648 0.10155 13
0.34689 0.08452 40.80953 0 -2.57500 -10.77500 38.57031 0.10688 13
-5.05108 -4.35775 40.80953 0 -2.60000 -10.85000 38.57031 0.10713 13
-29.31728 -37.61774 40.80953 0 -4.02500 -12.55000 38.57031 0.11909 13
0.10802 0.08288 57.30616 0 -2.50000 -0.37500 56.97696 0.10163 -13
-0.27241 0.11178 29.26313 0 -3.35000 9.15000 28.24638 0.10497 -13
1.68367 -0.10056 56.74825 0 3.02500 -51.45000 29.08732 0.19745 13
-1.28730 -0.16008 53.79965 0 4.85000 40.92500 33.26379 0.16497 -13
-1.42839 0.04823 89.55549 0 -1.47500 44.97500 51.40125 0.17566 13
0.29667 -0.14458 11.35675 0 4.32500 -6.27500 10.89668 0.10603 13
0.08040 0.12937 59.43346 0 -3.90000 -1.60000 59.24542 0.10187 13
0.08259 -0.27037 59.43346 0 8.15000 -1.65000 59.24542 0.10464 13
-0.94883 -0.19777 76.89047 0 5.97500 30.25000 56.28179 0.14025 -13
-0.36799 -0.00290 67.88756 0 0.07500 11.52500 63.71083 0.10731 13
0.25582 0.01528 18.59577 0 -0.42500 -7.72500 18.01574 0.10396 -13
1.04123 0.12477 35.90109 0 -3.77500 -32.92500 24.96745 0.14594 13
1.07171 -0.27527 35.90109 0 8.27500 -33.82500 24.96745 0.15016 13
-0.40177 -0.15791 27.24389 0 4.75000 11.75000 25.32278 0.10968 13
-1.13911 -0.24693 21.64328 0 7.40000 34.32500 14.51616 0.15461 13
-1.19970 -0.04653 71.48725 0 1.40000 35.00000 45.80084 0.15735 13
-0.53102 -0.10920 84.29284 0 3.30000 17.17500 74.54427 0.11456 -13
-1.30688 -0.23157 96.80100 0 7.00000 41.80000 59.79243 0.16736 -13
-0.67577 -0.06994 63.51344 0 2.10000 22.80000 52.66442 0.12174 13
-0.84590 -0.05476 70.45367 0 1.65000 25.70000 53.82276 0.13201 13
0.46494 0.11897 69.23219 0 -3.57500 -14.60000 62.85622 0.11170 -13
0.47961 -0.28138 69.23219 0 8.50000 -15.05000 62.85622 0.11519 -13
-0.46691 -0.14191 46.82400 0 4.30000 15.70000 42.50222 0.11206 -13
-0.80235 -0.18651 93.51537 0 5.62500 27.95000 73.42404 0.13047 13
1.10617 0.04123 26.89751 0 -1.27500 -32.45000 18.04609 0.15023 13
0.61128 -0.14577 81.72040 0 4.40000 -17.85000 69.92326 0.11893 13
-1.16774 -0.09111 21.55266 0 2.72500 36.22500 14.05222 0.15508 13
-0.72533 -0.18083 58.90683 0 5.47500 23.27500 47.94622 0.12574 -13
0.51758 0.02717 86.09729 0 -0.82500 -12.82500 76.46833 0.11343 13
0.09669 -0.22374 74.47656 0 6.75000 -3.25000 74.14724 0.10365 13
-1.75839 -0.20546 37.94298 0 6.22500 52.55000 19.05076 0.20479 -13
-0.30362 0.08881 88.83729 0 -2.67500 8.52500 85.03340 0.10562 13
-1.00254 -0.02349 79.18231 0 0.70000 29.97500 55.92737 0.14261 13
-0.13890 -0.24008 18.29826 0 7.22500 3.50000 18.13360 0.10448 13
1.69570 0.07788 65.50518 0 -2.32500 -50.05000 33.34897 0.19840 -13
0.91008 -0.08225 85.43091 0 2.50000 -28.07500 63.27926 0.13642 -13
0.82114 0.13994 86.72351 0 -4.22500 -23.57500 67.28382 0.13107 13
0.84010 -0.25926 86.72351 0 7.82500 -24.15000 67.28382 0.13408 13
1.88594 -0.07949 18.98669 0 2.45000 -57.10000 8.91646 0.21515 -13
-0.86931 -0.19639 91.64503 0 5.92500 23.25000 69.72446 0.13489 13
-1.31947 -0.16928 99.89644 0 5.12500 39.90000 60.88040 0.16760 -13
-0.02014 0.09083 64.77804 0 -2.75000 1.42500 64.76501 0.10114 13
0.37519 -0.20493 55.43363 0 6.17500 -13.90000 52.03040 0.10951 13
-0.11411 -0.09565 7.06544 0 2.80000 4.12500 7.02030 0.10180 13
0.71926 -0.15124 67.71512 0 4.55000 -22.85000 55.18342 0.12497 13
0.31574 -0.02841 38.04875 0 0.85000 -9.42500 36.28453 0.10564 13
-0.31572 -0.04138 16.27822 0 1.27500 9.80000 15.52429 0.10569 -13
0.45576 0.10640 35.28771 0 -3.20000 -13.75000 32.14071 0.11118 -13
-0.47197 -0.16822 93.49972 0 5.07500 14.32500 84.76796 0.11264 -13
1.25765 -0.15460 2.29668 0 4.32500 -38.17500 1.44024 0.16240 13
-0.47011 -0.12587 98.04063 0 3.80000 14.20000 88.85070 0.11199 13
0.75204 -0.16524 83.34245 0 5.00000 -21.77500 66.93081 0.12710 -13
1.00137 -0.14721 62.23622 0 4.42500 -30.55000 44.21280 0.14328 13
1.10218 -0.24669 42.33259 0 7.42500 -35.25000 28.90316 0.15189 13
0.16424 -0.14854 15.75593 0 4.52500 -6.42500 15.55205 0.10316 -13
-1.99014 -0.04495 13.55677 0 1.27500 59.57500 6.09132 0.22433 13
-0.83618 -0.11280 88.37168 0 3.40000 24.72500 67.97037 0.13176 13
-0.08166 -0.17295 21.71336 0 5.20000 2.22500 21.64343 0.10252 13
-1.74489 -0.23553 59.83714 0 7.12500 55.12500 30.35915 0.20394 -13
0.00793 -0.17549 63.37175 0 5.30000 0.55000 63.36982 0.10225 -13
0.11494 0.00345 79.33704 0 -0.10000 -2.45000 78.81816 0.10137 13
1.53797 -0.00991 87.04390 0 0.30000 -47.77500 47.45015 0.18475 -13
-0.69951 -0.14267 15.53363 0 4.35000 20.52500 12.77077 0.12375 -13
-0.79711 -0.03138 74.51805 0 0.95000 24.00000 58.28184 0.12882 13
-1.08559 0.14657 21.04005 0 -4.45000 30.35000 14.33669 0.14940 13
-1.10782 -0.25238 21.04005 0 7.57500 31.00000 14.33669 0.15238 13
1.14284 -0.07989 27.00645 0 2.37500 -32.22500 17.81592 0.15313 13
-1.37091 -0.14855 48.74261 0 4.50000 41.65000 28.92973 0.17155 -13
-0.67378 -0.13485 7.80652 0 4.00000 21.87500 6.49225 0.12215 13
0.61308 -0.23898 62.08673 0 7.22500 -16.20000 53.32619 0.12056 -13
-0.09112 -0.07548 33.79880 0 2.30000 3.32500 33.66014 0.10141 -13
0.59217 0.09339 94.09886 0 -2.82500 -16.27500 81.05827 0.11741 13
-0.05678 0.01708 3.99004 0 -0.62500 0.05000 3.98362 0.10092 13
0.36957 0.09089 73.03762 0 -2.72500 -9.35000 68.54253 0.10774 -13
1.52529 -0.08931 74.87705 0 2.67500 -47.02500 41.16829 0.18388 13
1.73366 0.03995 5.02509 0 -1.40000 -52.47500 2.51225 0.20169 13
-0.67511 -0.17042 80.28675 0 5.12500 21.60000 66.83839 0.12270 13
-2.03356 -0.03929 9.30402 0 1.07500 61.92500 4.10850 0.22820 13
-0.20866 -0.00859 5.11721 0 0.35000 6.22500 5.00936 0.10290 -13
0.08627 0.08811 30.86074 0 -2.67500 -5.07500 30.74740 0.10147 13
-1.63011 -0.18084 65.02789 0 5.45000 47.62500 34.40190 0.19342 13
-2.06364 -0.00202 60.33942 0 0.05000 60.50000 26.31261 0.23093 13
0.74434 -0.16520 82.27709 0 5.00000 -20.55000 66.31541 0.12664 -13
-1.82564 -0.04160 29.65576 0 1.30000 55.12500 14.25612 0.20968 -13
0.08078 0.11788 34.30271 0 -3.57500 -0.65000 34.19288 0.10173 13
0.66568 -0.04697 91.48325 0 1.40000 -20.97500 76.17906 0.12107 13
-0.48042 -0.23041 28.42727 0 6.92500 15.30000 25.74535 0.11409 13
0.68206 -0.20495 33.14527 0 6.17500 -21.90000 27.55907 0.12362 13
1.35263 -0.08711 50.36519 0 2.60000 -40.65000 30.01508 0.16961 13
-1.04566 -0.22415 68.15450 0 6.75000 30.87500 47.70458 0.14743 13
-1.98107 -0.01270 56.93247 0 0.37500 62.10000 25.65643 0.22349 13
0.68458 0.12848 47.35759 0 -3.90000 -22.17500 39.17974 0.12273 13
0.70356 -0.27131 47.35759 0 8.17500 -22.75000 39.17974 0.12611 13
-0.32351 -0.04171 14.65184 0 1.30000 9.25000 13.94144 0.10594 -13
0.92207 -0.23421 39.85226 0 7.05000 -28.07500 29.65420 0.13898 13
-0.37230 0.02858 93.38957 0 -0.87500 14.07500 87.52507 0.10750 13
-0.25552 0.09073 31.09191 0 -2.75000 6.92500 30.13135 0.10435 13
0.23689 -0.01906 76.44734 0 0.57500 -5.65000 74.38933 0.10350 -13
-1.28900 0.06127 57.05414 0 -1.82500 34.85000 35.01273 0.16441 -13
1.02560 -0.19747 92.63694 0 5.97500 -29.57500 65.30222 0.14562 -13
1.01543 -0.24508 97.70713 0 7.40000 -30.60000 69.56671 0.14563 -13
1.49512 0.07176 78.34183 0 -2.15000 -45.75000 43.63153 0.18127 -13
0.99860 -0.17011 55.04928 0 5.12500 -30.82500 39.22983 0.14333 13
1.13843 -0.22369 69.99555 0 6.72500 -36.05000 46.82825 0.15423 13
-0.22136 -0.07264 1.13874 0 1.75000 5.30000 1.11203 0.10374 13
0.65051 -0.05361 7.51276 0 1.55000 -17.62500 6.30025 0.12026 13
-0.46084 0.07049 82.58841 0 -2.12500 13.37500 75.03941 0.11112 13
-0.76105 0.10242 22.65262 0 -3.12500 24.70000 18.06079 0.12698 13
0.86467 -0.16298 87.76988 0 4.92500 -24.57500 66.76276 0.13414 -13
0.08325 0.10544 14.77740 0 -3.22500 -2.77500 14.72702 0.10162 13
-1.11728 -0.06038 80.84918 0 1.80000 32.60000 53.97425 0.15112 13
-0.77157 -0.23705 28.34283 0 7.17500 25.17500 22.66580 0.12943 -13
-0.80360 -0.09228 30.76939 0 2.77500 23.70000 24.02409 0.12952 13
0.44475 -0.03699 40.05568 0 1.12500 -13.35000 36.60319 0.11028 -13
-0.40040 -0.03904 52.34980 0 1.20000 10.67500 48.60400 0.10855 -13
-0.36656 0.05644 39.66273 0 -1.70000 12.10000 37.24703 0.10740 -13
-0.09983 0.00385 67.52415 0 -0.10000 7.10000 67.19021 0.10120 -13
-0.83808 -0.03671 82.01643 0 1.10000 25.20000 62.87713 0.13145 13
1.19188 -0.10712 18.00861 0 3.30000 -39.45000 11.61603 0.15706 -13
0.47065 -0.06423 92.47410 0 1.95000 -17.07500 83.70160 0.11149 -13
0.82431 -0.08081 45.23658 0 2.42500 -26.42500 34.95209 0.13075 13
0.24891 -0.18933 34.92595 0 5.72500 -7.17500 33.92601 0.10552 -13
-1.41335 -0.11984 99.70633 0 3.60000 44.82500 57.86260 0.17476 13
1.71821 -0.09442 72.59766 0 2.85000 -51.50000 36.63851 0.20044 -13
0.11136 0.03390 44.15868 0 -1.00000 -4.77500 43.88770 0.10138 -13
-1.00078 -0.03094 53.66199 0 0.95000 31.70000 37.93842 0.14251 -13
-1.89548 -0.07813 70.02572 0 2.35000 58.97500 32.75291 0.21595 13
0.73175 -0.07285 62.54170 0 2.20000 -23.15000 50.51870 0.12500 13
0.37737 0.02102 93.78644 0 -0.65000 -13.25000 87.74882 0.10766 13
0.79862 0.13533 44.45918 0 -4.10000 -24.62500 34.86238 0.12961 13
0.81855 -0.26412 44.45918 0 7.95000 -25.22500 34.86238 0.13281 13
-0.53695 -0.09319 4.86251 0 2.92500 17.27500 4.28816 0.11475 -13
-1.27574 0.11643 31.65975 0 -3.50000 38.95000 19.61276 0.16364 -13
1.01687 0.02287 18.35881 0 -0.65000 -27.90000 12.87413 0.14364 -13
0.00042 0.03566 66.07273 0 -1.07500 -1.22500 66.07272 0.10076 -13
-0.04835 -0.00468 50.33839 0 0.15000 1.32500 50.27965 0.10082 -13
0.30335 -0.18186 14.88026 0 5.52500 -8.57500 14.25862 0.10684 -13
0.92283 -0.06371 40.95476 0 1.95000 -26.90000 30.12534 0.13718 -13
0.29055 0.03449 75.40167 0 -1.02500 -9.12500 72.41073 0.10492 -13
0.20693 -0.21941 51.98940 0 6.62500 -4.82500 50.95878 0.10519 -13
-0.61172 -0.05660 72.82872 0 1.70000 19.17500 62.15346 0.11819 13
-1.24493 0.03990 33.10757 0 -1.17500 34.72500 20.74320 0.16085 -13
0.62621 0.09910 1.61622 0 -2.62500 -17.47500 1.37197 0.11934 -13
0.49495 -0.04923 34.18070 0 1.47500 -15.72500 30.64098 0.11247 13
-0.67776 -0.24771 18.22232 0 7.50000 21.20000 15.22327 0.12423 -13
-0.36339 -0.11346 8.35527 0 3.47500 9.10000 7.85849 0.10779 -13
0.07924 0.09523 20.14216 0 -2.90000 -0.77500 20.07975 0.10148 13
-0.80590 0.14556 61.96481 0 -4.40000 23.30000 48.44535 0.13017 13
-0.82269 -0.25339 61.96481 0 7.62500 23.80000 48.44535 0.13287 13
-0.07422 -0.09356 84.57684 0 2.82500 -0.27500 84.34683 0.10142 13
-0.12725 0.11122 38.82463 0 -3.35000 3.87500 38.51781 0.10213 -13
-0.20240 0.11172 7.07124 0 -3.30000 8.95000 6.93216 0.10335 -13
-0.28365 0.04882 79.90434 0 -1.47500 8.30000 76.87847 0.10479 13
1.86784 -0.20174 41.64406 0 6.10000 -56.27500 19.96044 0.21437 -13
-1.88188 -0.00910 9.29558 0 0.17500 56.22500 4.36166 0.21463 13
-0.06746 0.08059 42.31490 0 -2.45000 0.97500 42.21953 0.10126 13
0.34342 -0.02868 28.17677 0 0.85000 -11.57500 26.65023 0.10651 13
-0.11242 0.02271 71.33053 0 -0.67500 3.05000 70.88427 0.10136 -13
-0.44815 -0.14273 22.57582 0 4.27500 14.42500 20.63632 0.11127 13
-1.68801 0.13722 49.65347 0 -4.15000 51.22500 25.48247 0.19808 13
-1.72883 -0.26213 49.65347 0 7.87500 52.42500 25.48247 0.20282 13
-1.73588 0.14626 34.94015 0 -4.37500 50.07500 17.58061 0.20224 -13
-1.77137 -0.25259 34.94015 0 7.65000 51.17500 17.58061 0.20647 -13
-0.40627 -0.19975 53.78393 0 6.02500 13.82500 49.96578 0.11055 -13
-0.72834 0.11829 94.49957 0 -3.57500 21.80000 76.56979 0.12515 -13
-0.20032 0.06468 66.75677 0 -1.95000 7.20000 65.46168 0.10291 13
0.22563 -0.16171 54.85691 0 4.87500 -7.47500 53.54475 0.10452 -13
-1.69921 -0.06694 95.33866 0 2.02500 50.20000 48.43553 0.19867 -13
1.54485 -0.06758 6.16331 0 1.87500 -45.57500 3.35500 0.18538 13
1.21623 0.09394 68.78048 0 -2.82500 -36.67500 43.79739 0.15884 -13
1.46204 0.09544 95.97185 0 -2.87500 -45.60000 54.34874 0.17863 -13
-0.64825 -0.13584 33.10772 0 4.07500 18.90000 27.85593 0.12078 13
0.08029 -0.21370 47.96307 0 6.45000 -3.40000 47.81596 0.10330 -13
0.47496 -0.05092 58.32261 0 1.52500 -13.90000 52.69519 0.11160 13
-0.51517 -0.04879 20.15395 0 1.50000 15.05000 17.92035 0.11340 -13
-0.33186 -0.22962 84.42754 0 6.92500 9.65000 80.33012 0.10859 13
-0.56385 -0.01919 98.66076 0 0.57500 19.17500 85.94464 0.11562 13
0.33925 -0.20246 89.10528 0 6.10000 -10.80000 84.55376 0.10828 -13
-0.43372 -0.07696 36.46065 0 2.32500 12.47500 33.46562 0.11004 -13
0.45774 0.01311 79.24578 0 -0.40000 -14.40000 72.05669 0.11076 -13
-0.06918 -0.03048 61.06754 0 0.92500 2.42500 60.92205 0.10099 -13
-0.27181 -0.15134 60.75812 0 4.57500 9.60000 58.67613 0.10547 -13
0.00469 -0.11923 9.21536 0 3.55000 0.25000 9.21526 0.10140 13
1.33917 0.04445 42.14700 0 -1.35000 -42.82500 25.23373 0.16836 13
-1.54867 -0.12661 56.34171 0 3.80000 47.92500 30.73373 0.18607 13
0.25533 0.09885 62.11713 0 -2.97500 -7.02500 60.20401 0.10441 -13
1.59087 0.11603 44.12987 0 -3.47500 -48.15000 23.59849 0.18956 -13
-0.03016 -0.03407 95.81585 0 1.02500 3.37500 95.77236 0.10081 -13
-1.52032 -0.17410 58.86600 0 5.27500 45.60000 32.68665 0.18409 -13
1.75730 0.02286 78.76122 0 -0.70000 -50.87500 38.96316 0.20362 13
-0.53011 -0.08235 12.91633 0 2.52500 13.50000 11.42041 0.11429 -13
-0.01264 -0.13290 18.79629 0 3.97500 -0.67500 18.79481 0.10158 13
-1.39991 -0.21108 63.16499 0 6.35000 44.42500 37.24262 0.17455 13
0.06754 0.01050 44.88370 0 -0.32500 -3.57500 44.78172 0.10093 13
0.45555 0.03705 49.01599 0 -1.12500 -13.67500 44.61083 0.11072 13
-0.31571 -0.16637 45.87889 0 5.02500 8.85000 43.80385 0.10693 -13
-0.90851 -0.07331 43.34649 0 2.20000 29.50000 32.12231 0.13625 13
0.58997 -0.11164 14.23799 0 3.40000 -16.82500 12.28234 0.11748 -13
-0.12000 0.00001 28.34971 0 -0.02500 3.45000 28.14778 0.10142 13
1.22691 0.07363 46.46335 0 -2.22500 -36.42500 29.40314 0.15957 13
-0.22160 0.03651 95.04491 0 -1.10000 6.92500 92.79679 0.10321 13
-0.38395 -0.08850 97.99468 0 2.67500 10.65000 91.52883 0.10824 13
0.74959 0.02565 83.33684 0 -0.77500 -22.65000 66.69076 0.12588 13
-0.20770 -0.09238 26.72589 0 2.77500 3.15000 26.17214 0.10327 13
0.20923 0.13453 42.95780 0 -4.07500 -7.52500 42.06317 0.10378 13
0.21452 -0.26493 42.95780 0 7.97500 -7.70000 42.06317 0.10638 13
-0.67715 -0.09718 72.21629 0 2.95000 19.92500 59.88524 0.12202 -13
0.46624 -0.12455 36.95253 0 3.75000 -12.30000 33.53710 0.11181 13
-1.36179 0.08032 92.08421 0 -2.42500 41.80000 54.61725 0.17033 -13
-0.60926 -0.17932 87.61248 0 5.42500 17.07500 75.13709 0.11930 -13
-0.25475 0.03814 39.37920 0 -1.15000 6.80000 38.16203 0.10399 -13
-1.40005 -0.12945 66.22537 0 3.90000 42.75000 38.70321 0.17374 13
-0.39694 0.03564 15.95375 0 -1.05000 12.02500 14.82959 0.10841 -13
-0.79036 0.03838 68.11030 0 -1.15000 23.07500 53.45095 0.12841 -13
-0.85119 -0.19422 54.81068 0 5.85000 26.25000 42.06013 0.13367 13
0.50730 0.04919 70.50339 0 -1.47500 -16.92500 62.89098 0.11303 -13
-1.07619 -0.21325 81.44784 0 6.42500 28.12500 56.09987 0.14948 13
0.16655 0.00796 94.27202 0 -0.25000 -3.87500 92.99122 0.10210 13
-1.04450 -0.18592 7.79754 0 5.50000 31.60000 5.43958 0.14676 13
-0.13970 -0.06542 62.09832 0 1.97500 4.57500 61.50358 0.10189 13
1.39917 -0.22859 47.67541 0 6.87500 -41.77500 28.18745 0.17470 13
1.18274 0.01579 73.84789 0 -0.47500 -34.20000 47.68320 0.15598 13
0.22229 -0.05651 28.12319 0 1.70000 -9.27500 27.45508 0.10331 13
-1.14185 0.06285 43.12216 0 -1.92500 32.60000 28.44216 0.15299 13
1.00478 0.06772 35.42930 0 -2.02500 -31.67500 25.02136 0.14291 -13
-1.49189 -0.05869 99.83942 0 1.75000 45.92500 55.65488 0.18095 13
0.60224 -0.25212 3.43712 0 7.42500 -18.05000 2.96768 0.12018 13
-0.63122 -0.14601 15.39473 0 4.37500 19.30000 13.05669 0.11998 13
-0.02513 0.05374 34.97785 0 -1.62500 -0.87500 34.96684 0.10088 13
-0.16673 -0.21407 88.92373 0 6.47500 6.25000 87.76490 0.10435 -13
0.69319 -0.01187 64.34752 0 0.35000 -21.27500 52.88552 0.12254 13
-0.70907 -0.23642 98.06345 0 7.15000 18.72500 80.71217 0.12573 -13
-0.36115 0.07826 29.29635 0 -2.37500 12.45000 27.56400 0.10737 13
0.07012 0.13604 26.00721 0 -4.12500 -2.30000 25.94461 0.10189 13
0.07186 -0.26338 26.00721 0 7.92500 -2.35000 25.94461 0.10437 13
1.29805 0.13237 74.06576 0 -4.00000 -38.72500 45.44836 0.16555 13
1.33199 -0.26721 74.06576 0 8.05000 -39.75000 45.44836 0.16986 13
0.33302 -0.20644 80.44195 0 6.22500 -11.02500 76.47714 0.10816 13
-1.07904 -0.05292 10.17007 0 1.67500 32.67500 6.91809 0.14828 -13
1.46880 -0.19076 28.63080 0 5.77500 -44.55000 16.30974 0.18000 -13
1.58641 -0.06419 37.70505 0 1.95000 -45.62500 20.13551 0.18897 -13
-0.92120 0.07318 6.63398 0 -2.32500 27.87500 4.88502 0.13718 13
-1.94290 -0.15137 28.29004 0 4.52500 54.05000 13.06246 0.22054 13
-0.68818 -0.13219 96.61136 0 3.97500 21.12500 79.80709 0.12296 13
-0.14023 -0.15860 46.11926 0 4.80000 3.12500 45.68318 0.10294 -13
1.64771 -0.01656 34.38048 0 0.47500 -49.67500 17.83945 0.19411 13
0.06840 -0.03694 18.90210 0 1.10000 -2.05000 18.85811 0.10101 13
-0.33787 -0.01170 89.19897 0 0.35000 10.85000 84.50652 0.10630 -13
-1.00282 0.03280 44.46778 0 -0.97500 31.55000 31.40751 0.14266 -13
-0.58725 -0.19855 45.34173 0 5.97500 17.15000 39.29020 0.11848 13
1.55798 -0.06317 19.33261 0 1.95000 -46.45000 10.45702 0.18657 -13
0.48833 0.13471 23.76884 0 -4.05000 -15.45000 21.39526 0.11288 -13
0.50062 -0.26472 23.76884 0 8.00000 -15.82500 21.39526 0.11575 -13
-0.45535 0.14075 22.97834 0 -4.22500 11.67500 20.94763 0.11154 -13
-0.46571 -0.25839 22.97834 0 7.82500 11.97500 20.94763 0.11412 -13
0.36363 0.14526 25.88438 0 -4.40000 -12.10000 24.35525 0.10816 13
0.37125 -0.25373 25.88438 0 7.62500 -12.32500 24.35525 0.11040 13
-0.33068 -0.14863 13.38126 0 4.45000 10.97500 12.71819 0.10710 13
0.86745 -0.18744 8.14899 0 5.57500 -23.07500 6.20087 0.13459 13
-0.59055 -0.00666 46.05250 0 0.22500 18.62500 39.65429 0.11696 -13
-0.84823 -0.22543 46.00784 0 6.77500 23.50000 35.44591 0.13398 13
-0.00568 -0.23689 8.00296 0 7.20000 -0.12500 8.00283 0.10355 -13
0.12101 -0.15414 97.63270 0 4.65000 -2.30000 96.94192 0.10262 13
-0.19213 0.13170 37.74537 0 -3.95000 4.37500 37.07861 0.10339 -13
-0.19721 -0.26787 37.74537 0 8.10000 4.52500 37.07861 0.10614 -13
-2.07870 -0.12313 53.75395 0 3.72500 61.05000 23.44584 0.23265 -13
1.82512 0.00646 86.51472 0 -0.17500 -54.77500 41.57181 0.20957 -13
-1.42518 0.14336 58.66890 0 -4.30000 44.50000 33.92830 0.17591 -13
-1.45606 -0.25562 58.66890 0 7.72500 45.45000 33.92830 0.17976 -13
-1.10389 0.07081 74.40380 0 -2.15000 32.47500 50.02101 0.15017 13
0.48298 0.03447 7.00250 0 -1.12500 -14.75000 6.30611 0.11192 13
-1.57076 -0.00037 11.16078 0 0.10000 49.32500 5.99370 0.18752 -13
-0.48059 0.04283 42.13084 0 -1.27500 14.30000 37.97985 0.11181 -13
-0.51155 0.03669 22.09197 0 -1.07500 13.37500 19.67064 0.11317 -13
0.51530 -0.09393 71.01772 0 2.85000 -16.82500 63.18678 0.11369 -13
2.00970 0.08585 19.46183 0 -2.52500 -61.95000 8.69546 0.22618 -13
1.11799 -0.09540 83.91025 0 2.87500 -32.80000 56.08236 0.15135 13
-1.77697 0.01429 96.07667 0 -0.45000 54.02500 47.12247 0.20534 13
-1.06804 0.08068 62.71130 0 -2.42500 33.20000 42.93563 0.14756 -13
0.95445 0.02521 8.04982 0 -0.67500 -30.77500 5.82386 0.13924 -13
2.06526 -0.21412 61.62786 0 6.47500 -62.15000 27.34742 0.23200 -13
-0.93892 0.81130 61.62786 0 6.87500 -63.42500 27.34742 0.23843 -13
0.04012 0.39284 61.62786 0 7.17500 -64.70000 27.34742 0.27935 -13
-2.27871 1.70875 61.62786 0 7.95000 -64.82500 27.34742 0.28627 -13
-0.64979 0.12644 73.29494 0 -3.82500 19.27500 61.60349 0.12077 13
-0.66834 -0.27347 73.29494 0 8.25000 19.82500 61.60349 0.12421 13
0.20741 -0.22136 68.24208 0 6.67500 -7.90000 66.88440 0.10524 -13
1.09455 -0.22135 68.06857 0 6.70000 -32.35000 46.50694 0.15096 -13
2.01168 -0.16587 39.91220 0 5.02500 -58.10000 17.96081 0.22688 -13
0.63051 0.11092 54.18140 0 -3.32500 -18.82500 45.91119 0.11957 -13
-0.48927 0.13314 2.91658 0 -3.82500 15.05000 2.62427 0.11289 -13
-0.50205 -0.26586 2.91658 0 8.22500 15.47500 2.62427 0.11609 -13
-0.50773 -0.13189 57.42377 0 4.00000 15.90000 51.29173 0.11372 -13
-0.63808 -0.06023 30.97668 0 1.80000 19.47500 26.12718 0.11961 13
0.15591 -0.13659 20.55543 0 4.15000 -5.10000 20.31440 0.10286 -13
1.04369 0.11573 22.93968 0 -3.45000 -30.07500 15.92513 0.14600 -13
0.11903 -0.09044 59.93491 0 2.72500 -4.97500 59.51813 0.10182 -13
-1.08295 -0.13459 68.18290 0 4.07500 29.47500 46.47964 0.14907 -13
-0.69845 0.14480 48.01850 0 -4.37500 20.05000 39.49981 0.12370 13
-0.71320 -0.25421 48.01850 0 7.65000 20.50000 39.49981 0.12630 13
0.96608 -0.16522 99.38952 0 5.00000 -29.10000 71.94425 0.14101 -13
1.23180 -0.07191 13.57351 0 2.10000 -36.57500 8.56898 0.15991 13
2.15184 0.07611 92.08811 0 -2.30000 -61.97500 38.90133 0.23895 13
-0.25205 0.13287 59.63862 0 -4.02500 10.25000 57.85991 0.10472 13
-0.25859 -0.26668 59.63862 0 8.02500 10.45000 57.85991 0.10742 13
-0.27251 0.04231 15.83713 0 -1.25000 7.60000 15.28086 0.10446 -13
0.00436 0.12446 46.60542 0 -3.75000 -2.27500 46.60498 0.10147 -13
0.00450 -0.27553 46.60542 0 8.32500 -2.27500 46.60498 0.10447 -13
-1.10069 0.06263 73.60511 0 -1.87500 31.87500 49.54853 0.14988 -13
-0.10438 0.08270 46.86081 0 -2.50000 3.65000 46.60931 0.10160 13
-0.03907 0.12660 72.47949 0 -3.82500 0.15000 72.42515 0.10159 13
-0.04018 -0.27329 72.47949 0 8.22500 0.20000 72.42515 0.10447 13
0.20429 0.04673 88.14224 0 -1.40000 -6.47500 86.36255 0.10289 -13
0.56941 -0.15503 93.67205 0 4.67500 -18.42500 81.63586 0.11693 13
1.46440 -0.12775 81.96107 0 3.85000 -47.05000 46.47534 0.17904 13
0.13098 -0.05907 95.51418 0 1.77500 -5.15000 94.70802 0.10174 13
-1.22871 0.03105 38.72393 0 -0.95000 35.90000 24.45064 0.15957 13
0.94277 -0.17171 19.38920 0 5.15000 -28.85000 14.20415 0.13945 13
0.57625 -0.13053 69.44928 0 3.92500 -18.40000 60.29979 0.11696 13
0.49994 -0.11708 75.73657 0 3.52500 -15.42500 67.83430 0.11320 13
0.56962 -0.20348 61.87628 0 6.15000 -19.17500 54.02901 0.11770 -13
0.70897 -0.09913 44.49213 0 3.00000 -18.32500 36.35504 0.12385 -13
1.77288 -0.07034 27.13410 0 2.15000 -52.95000 13.35550 0.20512 -13
-0.40705 -0.01505 14.52636 0 0.42500 12.90000 13.45482 0.10874 13
-0.89389 -0.11009 22.91713 0 3.35000 27.87500 17.13164 0.13554 -13
-1.19011 -0.07948 46.04455 0 2.42500 36.20000 29.67555 0.15675 -13
1.29500 0.12347 5.32872 0 -3.57500 -37.90000 3.27247 0.16515 -13
1.33287 -0.27599 5.32872 0 8.50000 -39.12500 3.27247 0.17018 -13
0.87582 -0.19567 32.52986 0 5.87500 -26.57500 24.66998 0.13529 13
1.53199 -0.03904 45.93548 0 1.15000 -46.22500 25.12197 0.18427 13
0.33398 0.03194 69.42209 0 -0.95000 -8.85000 65.85017 0.10621 -13
-0.49379 -0.01775 97.64608 0 0.52500 14.87500 87.55638 0.11232 13
1.55034 -0.12810 81.46363 0 3.87500 -46.52500 44.41005 0.18625 -13
0.56968 0.02331 64.96446 0 -0.70000 -14.12500 56.45107 0.11592 13
0.58782 0.00032 40.07261 0 -0.00000 -18.32500 34.54634 0.11681 -13
-0.90267 -0.01126 43.54434 0 0.32500 28.62500 32.32444 0.13566 13
0.54705 -0.09475 77.64128 0 2.87500 -17.80000 68.18516 0.11519 -13
0.56901 0.09854 2.10026 0 -2.70000 -13.77500 1.82758 0.11634 -13
0.16896 0.04418 19.14074 0 -1.30000 -4.50000 18.87347 0.10223 -13
-0.46525 0.01528 74.95798 0 -0.45000 12.40000 67.96387 0.11108 -13
0.66254 0.04425 17.43591 0 -1.37500 -16.62500 14.53958 0.12089 13
0.40116 -0.16210 58.76952 0 4.87500 -12.62500 54.64135 0.10972 13
0.38471 -0.03087 38.13940 0 0.92500 -13.47500 35.59821 0.10794 13
1.12925 -0.01101 28.53841 0 0.30000 -31.52500 18.91865 0.15192 13
-0.26167 0.13199 1.59355 0 -4.30000 7.45000 1.54253 0.10532 13
-0.26856 -0.26806 1.59355 0 7.75000 7.62500 1.54253 0.10764 13
-0.14787 0.00025 90.88561 0 -0.00000 6.15000 89.90795 0.10180 -13
0.76075 -0.15688 27.50426 0 4.75000 -21.70000 21.98702 0.12753 -13
-0.98005 0.11811 9.61317 0 -3.62500 28.92500 6.88759 0.14158 13
-1.01148 -0.28244 9.61317 0 8.45000 29.82500 6.88759 0.14596 13
-0.19402 0.13145 36.87198 0 -3.95000 4.90000 36.20822 0.10343 -13
-0.19916 -0.26812 36.87198 0 8.10000 5.05000 36.20822 0.10619 -13
-0.44871 -0.03207 93.60790 0 0.95000 16.87500 85.41120 0.11042 13
1.80350 0.02637 67.86342 0 -0.80000 -55.62500 32.91616 0.20770 13
