-0.38951 -0.05272 87.36950 0 1.60000 13.37500 81.42662 0.10820 -13
0.06227 0.01961 48.87378 0 -0.60000 -0.50000 48.77932 0.10092 13
0.41764 -0.10515 73.51324 0 3.17500 -12.07500 67.88988 0.10964 13
-0.13655 -0.06055 27.30980 0 1.85000 4.37500 27.05958 0.10182 -13
-0.06617 -0.16166 60.38384 0 4.87500 2.50000 60.25537 0.10216 -13
-0.69318 0.14179 12.54014 0 -4.32500 22.95000 10.33878 0.12340 13
-0.70868 -0.25736 12.54014 0 7.70000 23.40000 10.33878 0.12598 13
0.29912 -0.22600 12.54014 0 7.70000 23.40000 10.33878 0.12607 13
-1.08616 -1.15255 12.54014 0 -3.12500 22.42500 10.33878 0.14038 13
0.09188 0.23990 12.54014 0 -3.42500 21.62500 10.33878 0.16770 13
-0.81767 -0.16939 86.22064 0 5.10000 25.50000 67.12415 0.13119 13
-1.53005 -0.18139 52.43931 0 5.50000 47.72500 29.01403 0.18500 -13
0.89306 -0.11544 27.20022 0 3.45000 -25.70000 20.34693 0.13551 13
-0.27602 -0.15676 87.83175 0 4.72500 8.30000 84.73768 0.10565 13
1.49134 -0.22226 91.56178 0 6.72500 -44.02500 51.84149 0.18221 -13
0.23502 -0.01644 3.32467 0 0.35000 -7.07500 3.23651 0.10350 13
-0.37239 -0.14695 60.37603 0 4.42500 10.85000 56.65331 0.10847 13
-0.45141 -0.18806 26.78716 0 5.70000 16.05000 24.48589 0.11211 -13
-1.63988 -0.14371 40.57782 0 4.35000 48.15000 21.28441 0.19398 -13
1.05535 -0.18609 5.73984 0 5.75000 -30.95000 3.98353 0.14774 -13
0.12087 -0.00941 73.78999 0 0.27500 -2.47500 73.25687 0.10144 13
0.83706 -0.18276 97.97073 0 5.52500 -22.12500 75.63000 0.13261 -13
-0.92421 0.13533 21.96185 0 -4.05000 28.00000 16.19558 0.13778 -13
-0.94717 -0.26398 21.96185 0 8.00000 28.70000 16.19558 0.14128 -13
-0.14972 -0.22677 82.79208 0 6.82500 3.67500 81.92334 0.10435 13
0.24562 0.00404 85.05431 0 -0.12500 -7.90000 82.59916 0.10369 -13
1.15306 0.06912 6.21699 0 -1.97500 -33.37500 4.07881 0.15384 -13
0.96207 -0.18129 99.80158 0 5.47500 -30.97500 72.47763 0.14093 -13
1.81004 -0.12126 14.41693 0 3.60000 -53.80000 7.01159 0.20853 13
0.73779 0.03117 76.92741 0 -0.92500 -23.30000 61.91338 0.12518 -13
-0.20022 0.00688 33.04389 0 -0.22500 7.40000 32.40089 0.10271 13
1.70229 -0.14519 8.84779 0 4.47500 -50.50000 4.51719 0.19943 -13
-0.94170 -0.21306 58.19759 0 6.42500 28.27500 42.80793 0.13999 -13
-1.49878 -0.24713 16.94740 0 7.50000 45.17500 9.59922 0.18322 -13
0.11607 -0.14086 98.68576 0 4.25000 -3.45000 98.04033 0.10237 -13
0.28679 -0.23272 89.91572 0 7.02500 -9.27500 86.60087 0.10735 -13
0.33720 -0.12315 85.97507 0 3.70000 -12.95000 81.53012 0.10699 13
-1.09015 -0.21512 98.24675 0 6.50000 32.07500 67.22487 0.15055 -13
2.07049 -0.00149 32.34117 0 0.07500 -64.15000 14.06528 0.23156 -13
1.04067 0.02226 34.31309 0 -0.70000 -33.00000 23.77836 0.14536 13
-0.92730 0.01003 12.92693 0 -0.25000 24.27500 9.47869 0.13734 -13
0.16905 -0.20181 43.58982 0 6.10000 -4.45000 43.00340 0.10414 -13
-0.13100 0.01509 9.30696 0 -0.40000 3.70000 9.22813 0.10158 -13
0.65854 0.14432 27.35540 0 -4.37500 -17.72500 22.91737 0.12146 13
0.67260 -0.25471 27.35540 0 7.65000 -18.12500 22.91737 0.12402 13
0.58606 -0.21078 41.69320 0 6.35000 -19.42500 36.16791 0.11863 13
0.58561 0.03867 87.99571 0 -1.17500 -17.80000 75.94814 0.11677 13
-0.26821 0.08566 17.00704 0 -2.55000 7.20000 16.43033 0.10461 -13
-0.69850 -0.03477 15.53727 0 1.00000 21.15000 12.74005 0.12288 13
2.03663 -0.08937 83.70534 0 2.67500 -63.25000 37.01028 0.22866 13
-1.04288 0.02185 75.48260 0 -0.67500 31.25000 52.24844 0.14552 13
-0.58035 -0.14914 98.18568 0 4.50000 17.75000 85.15464 0.11740 -13
0.09172 0.03999 40.69156 0 -1.20000 -1.02500 40.52175 0.10120 -13
1.15242 0.09694 31.22755 0 -2.95000 -33.75000 20.52084 0.15398 13
-0.68198 -0.12093 78.22149 0 3.65000 19.97500 64.77229 0.12251 -13
-0.50099 0.13922 91.55881 0 -4.20000 13.77500 82.01686 0.11351 13
-0.51270 -0.26001 91.55881 0 7.82500 14.12500 82.01686 0.11615 13
-0.01493 0.05146 80.02877 0 -1.55000 1.30000 80.01988 0.10084 -13
-0.10086 -0.12997 74.38178 0 3.92500 3.82500 74.01243 0.10206 -13
-0.06204 0.14489 37.86484 0 -4.37500 3.45000 37.79368 0.10195 13
-0.06334 -0.25407 37.86484 0 7.65000 3.47500 37.79368 0.10409 13
-1.50167 -0.23619 97.38925 0 7.12500 45.50000 54.99550 0.18324 -13
-0.54996 0.00890 30.76237 0 -0.25000 13.85000 26.95519 0.11493 -13
0.10655 0.12049 43.05990 0 -3.62500 -4.02500 42.82093 0.10199 -13
0.10984 -0.27974 43.05990 0 8.45000 -4.12500 42.82093 0.10516 -13
1.37463 -0.12304 71.19160 0 3.70000 -40.35000 42.08591 0.17163 13
-0.62305 -0.08996 30.12983 0 2.72500 20.52500 25.60139 0.11900 -13
1.09662 -0.03116 15.91184 0 0.90000 -33.50000 10.72419 0.14949 13
-0.88100 -0.19555 28.52572 0 5.87500 23.67500 21.57824 0.13563 13
-0.56174 -0.24279 97.94199 0 7.32500 14.75000 85.96733 0.11806 13
0.70279 -0.14862 32.27165 0 4.50000 -24.37500 26.49822 0.12400 -13
0.14047 -0.15897 80.17311 0 4.80000 -5.72500 79.41249 0.10295 -13
1.87485 0.01326 49.28040 0 -0.37500 -55.57500 23.19354 0.21399 -13
1.18572 -0.01442 27.65140 0 0.40000 -37.55000 17.82772 0.15620 13
-1.81161 -0.23244 35.05786 0 7.05000 53.72500 17.28529 0.20974 -13
-0.34271 -0.11357 69.73472 0 3.42500 9.92500 66.01251 0.10707 -13
-0.01148 -0.20584 14.43315 0 6.17500 -3.72500 14.43224 0.10280 13
0.11607 0.06638 72.67530 0 -2.00000 -0.77500 72.19281 0.10160 13
0.01735 -0.07609 82.01861 0 2.30000 1.20000 82.00634 0.10101 -13
-1.15789 -0.16040 27.66311 0 4.87500 31.42500 18.21351 0.15493 -13
0.94719 0.00755 27.12561 0 -0.20000 -28.82500 19.69391 0.13870 -13
0.38240 -0.01690 50.20959 0 0.50000 -11.30000 46.89837 0.10783 13
-0.25835 0.07412 45.96314 0 -2.25000 8.45000 44.50957 0.10428 13
0.52459 -0.06763 19.51143 0 2.07500 -16.55000 17.28663 0.11393 -13
-0.64071 -0.23295 64.95676 0 7.02500 17.72500 55.10755 0.12188 -13
-0.29276 -0.08841 68.11726 0 2.67500 8.57500 65.39342 0.10531 -13
1.13078 0.11926 50.58024 0 -3.62500 -34.95000 33.63979 0.15250 13
1.16634 -0.28111 50.58024 0 8.47500 -36.02500 33.63979 0.15726 13
0.03820 -0.18636 19.97545 0 5.60000 -3.05000 19.96137 0.10249 13
-0.39327 -0.08694 11.32860 0 2.67500 12.20000 10.54773 0.10859 -13
-1.55791 0.02538 33.06828 0 -0.80000 46.27500 17.86670 0.18645 13
2.16418 -0.12194 57.21549 0 3.70000 -64.95000 24.14561 0.24038 -13
1.35701 -0.17879 53.76920 0 5.40000 -39.55000 32.22324 0.17072 -13
0.20564 0.09334 13.60966 0 -2.77500 -8.12500 13.33307 0.10323 -13
1.00920 -0.01672 16.39572 0 0.45000 -30.27500 11.54110 0.14308 13
0.33696 -0.15340 28.67191 0 4.65000 -10.45000 27.20266 0.10740 -13
1.08657 -0.01460 89.71488 0 0.42500 -32.22500 60.75694 0.14872 13
-0.99892 -0.18832 30.88860 0 5.70000 30.02500 22.04276 0.14362 -13
0.99947 -0.03826 48.93685 0 1.15000 -30.30000 34.62533 0.14242 13
0.97987 0.13013 21.72813 0 -3.90000 -30.32500 15.58348 0.14158 -13
1.00638 -0.26952 21.72813 0 8.17500 -31.12500 15.58348 0.14546 -13
0.68338 0.14527 34.99673 0 -4.40000 -21.20000 28.99011 0.12286 13
0.69769 -0.25369 34.99673 0 7.62500 -21.62500 28.99011 0.12541 13
1.05530 0.07321 83.14200 0 -2.22500 -28.02500 57.26798 0.14659 13
0.00646 0.00315 27.21186 0 -0.07500 -0.87500 27.21129 0.10071 -13
-0.98584 0.05451 92.12015 0 -1.62500 29.72500 65.64975 0.14152 -13
-0.78501 -0.16793 37.24438 0 5.05000 24.25000 29.44967 0.12912 13
0.54538 -0.18345 89.24959 0 5.55000 -15.20000 78.64829 0.11619 -13
-1.07492 -0.23356 93.86539 0 7.05000 35.02500 64.84008 0.14971 -13
-0.11649 -0.16341 79.93409 0 4.92500 1.10000 79.41102 0.10271 -13
-1.66929 -0.11902 65.42191 0 3.60000 51.50000 33.79379 0.19634 -13
-0.59768 -0.13654 7.87012 0 4.05000 20.42500 6.77139 0.11810 13
1.74842 -0.23321 67.70095 0 7.02500 -50.30000 34.28462 0.20417 13
1.48501 -0.17950 3.97485 0 5.65000 -45.00000 2.24456 0.18150 -13
1.42620 0.04682 8.80843 0 -1.32500 -45.70000 5.06102 0.17545 -13
-0.39531 0.05339 78.93947 0 -1.62500 11.45000 73.42548 0.10842 13
1.15448 -0.10390 99.77365 0 3.12500 -35.95000 65.52407 0.15416 13
1.63394 -0.22866 11.99733 0 6.82500 -49.97500 6.37905 0.19418 13
-1.24469 -0.24978 6.45160 0 7.40000 36.40000 4.11478 0.16260 13
-1.35264 0.09273 28.87808 0 -2.77500 40.07500 17.21586 0.16963 -13
1.93456 0.06219 70.92114 0 -1.90000 -57.15000 32.61582 0.21941 13
-0.30927 -0.11337 78.31606 0 3.42500 5.62500 74.86124 0.10602 13
0.17038 -0.17325 20.49535 0 5.20000 -2.80000 20.21259 0.10362 13
-0.31333 0.05081 1.99239 0 -1.80000 9.95000 1.90152 0.10585 13
0.40158 -0.13758 2.21940 0 4.40000 -15.22500 2.06229 0.10965 -13
-0.28864 0.11702 84.16934 0 -3.52500 7.42500 80.91018 0.10547 -13
0.56095 -0.06704 71.32761 0 2.02500 -17.37500 62.24190 0.11566 -13
-0.84982 -0.07541 73.61953 0 2.27500 27.72500 56.16592 0.13237 -13
-0.10573 0.14910 85.61893 0 -4.50000 4.87500 85.15470 0.10237 -13
-0.10778 -0.24968 85.61893 0 7.52500 4.95000 85.15470 0.10436 -13
-0.89062 0.00747 44.31765 0 -0.20000 26.92500 33.09559 0.13486 -13
-0.43092 -0.05698 87.24443 0 1.72500 10.30000 80.14242 0.10980 -13
-1.38957 0.02027 33.44823 0 -0.62500 41.25000 19.53995 0.17242 13
-0.38698 -0.23239 51.19265 0 7.00000 12.10000 47.90247 0.11048 13
0.80692 -0.21921 20.28376 0 6.65000 -26.15000 15.93030 0.13130 -13
0.92715 0.06928 1.16172 0 -1.50000 -27.72500 0.85273 0.13794 -13
-0.85796 -0.06513 78.56934 0 1.97500 22.87500 59.68425 0.13285 -13
-0.88147 0.03231 91.83822 0 -0.97500 26.92500 68.90948 0.13428 13
-0.62669 -0.05715 93.36544 0 1.72500 20.55000 79.14975 0.11899 -13
-1.85516 0.10303 69.42347 0 -3.10000 54.17500 33.07635 0.21247 -13
1.65015 -0.18131 95.06781 0 5.47500 -53.02500 49.85488 0.19517 -13
-2.05769 0.14573 1.73227 0 -3.75000 62.02500 0.76362 0.23064 -13
-2.09920 -0.25213 1.73227 0 8.30000 63.85000 0.76362 0.23740 -13
-1.17571 0.01870 14.96126 0 -0.52500 36.77500 9.69516 0.15543 -13
0.53751 -0.08703 4.46427 0 2.75000 -17.80000 3.93563 0.11473 -13
-0.35325 -0.19156 71.61083 0 5.77500 11.97500 67.65487 0.10853 -13
0.48286 -0.02626 97.42913 0 0.80000 -14.20000 87.74221 0.11186 -13
-1.10951 -0.20993 68.20191 0 6.35000 34.87500 46.20226 0.15190 -13
0.22152 0.03670 35.43853 0 -1.10000 -7.40000 34.60086 0.10321 -13
-0.16040 -0.14876 60.79579 0 4.50000 2.55000 60.04486 0.10309 -13
0.07275 -0.05457 38.22822 0 1.65000 -2.72500 38.12777 0.10112 -13
0.20894 -0.11048 64.80776 0 3.32500 -6.85000 63.45389 0.10348 13
-0.20747 -0.21601 72.97622 0 6.52500 5.35000 71.52055 0.10513 -13
1.15415 0.00314 62.21561 0 -0.10000 -37.12500 40.74127 0.15378 13
1.76156 -0.09690 33.75065 0 2.90000 -51.65000 16.72136 0.20420 13
0.00350 0.12098 57.74090 0 -3.65000 -1.90000 57.74055 0.10144 13
0.00360 -0.27927 57.74090 0 8.42500 -1.90000 57.74055 0.10455 13
1.02111 -0.02966 17.20953 0 0.85000 -30.25000 12.04390 0.14396 13
1.85717 0.13690 61.79679 0 -4.15000 -56.87500 29.50938 0.21287 13
1.90236 -0.26243 61.79679 0 7.90000 -58.22500 29.50938 0.21800 13
1.16637 -0.04903 18.92876 0 1.45000 -36.05000 12.32883 0.15479 13
0.33143 -0.17115 49.22868 0 5.17500 -11.52500 46.79490 0.10749 -13
0.75731 -0.05265 68.16857 0 1.57500 -22.82500 54.37092 0.12643 13
0.21793 0.06073 24.57713 0 -1.80000 -5.35000 24.01542 0.10324 -13
-1.30880 -0.15233 7.05991 0 4.47500 37.50000 4.31717 0.16650 13
-1.56457 0.01198 89.56107 0 -0.37500 48.80000 48.23561 0.18700 13
0.09230 -0.07263 98.01182 0 2.17500 -1.77500 97.59920 0.10139 13
-0.77276 -0.19478 31.12124 0 5.85000 21.82500 24.79508 0.12876 13
0.15628 0.09260 22.81597 0 -2.77500 -5.20000 22.54464 0.10235 -13
0.81105 -0.21064 64.63933 0 6.35000 -25.77500 50.63153 0.13138 13
0.05164 -0.03018 4.56279 0 1.02500 -4.20000 4.55673 0.10092 -13
-1.82860 0.11291 33.25187 0 -3.45000 54.50000 16.03194 0.21022 13
-0.86067 0.10545 2.16361 0 -3.47500 25.10000 1.64328 0.13362 13
-0.41105 0.11703 91.19688 0 -3.52500 13.22500 84.43123 0.10952 13
0.63137 -0.16290 25.43804 0 4.92500 -21.50000 21.58936 0.12024 -13
-1.30810 0.09925 71.42842 0 -2.97500 38.57500 43.51385 0.16611 -13
-0.51336 -0.09919 17.89095 0 2.97500 15.45000 15.93261 0.11363 13
0.80603 -0.17882 24.64848 0 5.37500 -23.02500 19.30885 0.13057 13
0.29143 -0.01326 59.66169 0 0.40000 -8.17500 57.27944 0.10490 -13
-0.82893 -0.22260 52.41730 0 6.72500 22.17500 40.74921 0.13272 -13
0.36719 -0.15633 21.55521 0 4.75000 -10.57500 20.26323 0.10844 -13
1.80769 -0.16216 10.73326 0 4.80000 -52.87500 5.24753 0.20857 13
-0.90492 -0.17787 6.24920 0 5.47500 26.70000 4.66587 0.13709 -13
-1.47711 0.01873 61.49877 0 -0.57500 45.30000 34.48096 0.17964 13
0.17746 -0.11758 78.69064 0 3.55000 -6.30000 77.49624 0.10296 -13
1.22688 -0.21566 15.23497 0 6.45000 -34.45000 9.75683 0.16081 13
0.25259 0.14339 39.85447 0 -4.35000 -5.07500 38.66405 0.10488 13
0.25809 -0.25567 39.85447 0 7.70000 -5.25000 38.66405 0.10714 13
0.80576 -0.04012 62.17994 0 1.20000 -23.65000 48.43324 0.12940 13
0.89319 0.14416 27.19181 0 -4.37500 -24.67500 20.37247 0.13582 13
0.91231 -0.25483 27.19181 0 7.67500 -25.25000 20.37247 0.13868 13
0.30195 0.05894 8.58079 0 -1.85000 -8.60000 8.21573 0.10538 13
-1.39672 0.05991 82.03805 0 -1.82500 46.35000 47.81373 0.17309 13
-1.33520 0.09091 13.09310 0 -2.67500 40.62500 7.86916 0.16822 -13
-0.54926 -0.19395 18.61827 0 5.87500 15.07500 16.38764 0.11657 -13
-1.38657 -0.00414 49.99853 0 0.10000 40.27500 29.24666 0.17216 13
1.17336 0.11830 25.43481 0 -3.60000 -37.82500 16.56496 0.15572 13
1.21069 -0.28214 25.43481 0 8.47500 -38.95000 16.56496 0.16062 13
-1.36054 -0.18824 44.38718 0 5.65000 40.70000 26.58463 0.17107 13
0.51007 0.02972 14.52383 0 -0.85000 -14.57500 12.93929 0.11308 -13
1.08559 -0.24087 85.52120 0 7.25000 -31.10000 58.82087 0.15060 13
-0.84526 0.14399 87.78803 0 -4.32500 23.20000 67.33147 0.13265 -13
-0.86342 -0.25501 87.78803 0 7.70000 23.75000 67.33147 0.13551 -13
-1.43677 0.01106 99.87688 0 -0.32500 44.62500 57.05833 0.17628 -13
-1.20522 0.02078 95.34380 0 -0.62500 35.92500 60.88902 0.15772 -13
1.75440 -0.14677 13.90963 0 4.50000 -52.20000 6.94327 0.20398 -13
-1.53373 -0.13183 94.71353 0 3.97500 44.82500 52.04229 0.18487 -13
0.44480 0.00621 21.14293 0 -0.17500 -12.22500 19.31826 0.11022 -13
-1.48039 0.07195 25.42615 0 -2.12500 44.92500 14.25729 0.18004 -13
-1.02896 -0.02313 15.81419 0 0.65000 32.12500 11.02298 0.14451 13
1.40855 -0.24556 55.04727 0 7.40000 -42.60000 32.48699 0.17568 13
-0.27000 0.03222 86.97734 0 -0.97500 9.00000 83.97337 0.10436 13
-0.47975 0.07425 26.37385 0 -2.25000 16.20000 23.79107 0.11195 13
1.62220 0.01503 32.30405 0 -0.47500 -49.02500 16.95313 0.19191 13
0.88246 -0.12164 66.67581 0 3.65000 -25.95000 50.15372 0.13486 13
0.27309 -0.01926 87.22671 0 0.57500 -8.57500 84.14642 0.10441 13
2.05428 -0.22070 3.82118 0 6.97500 -60.57500 1.70504 0.23172 -13
0.59462 -0.17234 82.89481 0 5.20000 -18.75000 71.51881 0.11844 -13
-1.50951 -0.21538 39.19463 0 6.47500 47.47500 21.98798 0.18359 13
0.12327 0.07455 95.51082 0 -2.25000 -2.12500 94.79722 0.10174 -13
-0.89195 -0.02228 78.80122 0 0.67500 25.47500 58.81364 0.13496 13
-0.63686 -0.03637 56.31340 0 1.07500 18.02500 47.50788 0.11945 13
1.37966 -0.10948 5.83857 0 3.17500 -43.82500 3.44027 0.17188 13
0.13669 -0.05828 73.31510 0 1.75000 -3.92500 72.64196 0.10181 13
1.94200 -0.04083 1.27353 0 2.10000 -62.00000 0.58409 0.22089 -13
0.23455 -0.21497 25.47286 0 6.50000 -7.52500 24.82834 0.10569 -13
-0.99681 0.01315 80.67694 0 -0.40000 30.92500 57.14081 0.14219 13
0.27788 -0.20225 98.44474 0 6.10000 -9.07500 94.98458 0.10648 13
0.30085 -0.08188 25.65274 0 2.45000 -8.52500 24.57187 0.10548 13
-2.09237 -0.04236 49.60268 0 1.25000 60.47500 21.40562 0.23356 13
-0.65547 -0.02244 32.46284 0 0.70000 18.45000 27.15228 0.12043 -13
1.54445 0.13950 31.14193 0 -4.25000 -45.55000 17.04026 0.18586 13
1.58042 -0.25973 31.14193 0 7.80000 -46.60000 17.04026 0.19010 13
0.05451 -0.03955 3.40812 0 1.05000 -3.67500 3.40305 0.10096 13
-0.85606 -0.20456 56.49079 0 6.17500 24.20000 43.28294 0.13417 -13
-1.85356 0.11759 21.15114 0 -3.50000 55.17500 10.09660 0.21237 -13
1.30860 -0.14157 77.45102 0 4.25000 -38.22500 47.32164 0.16646 13
-0.72187 -0.19546 13.01326 0 5.95000 20.15000 10.61842 0.12580 -13
1.60347 -0.24407 40.56768 0 7.37500 -49.90000 21.91471 0.19193 -13
0.56184 -0.21439 35.66328 0 6.45000 -14.82500 31.25722 0.11750 13
-0.66331 0.09012 89.35820 0 -2.72500 19.62500 74.55770 0.12119 13
0.43788 -0.10795 81.65341 0 3.25000 -13.42500 74.86634 0.11047 13
-0.73047 -0.14763 51.95705 0 4.47500 19.20000 42.11203 0.12560 -13
-0.30429 -0.12036 51.58072 0 3.62500 8.65000 49.37595 0.10596 13
-0.62494 -0.11055 35.59866 0 3.32500 17.27500 30.23989 0.11926 13
-0.46314 -0.07851 61.03790 0 2.37500 13.45000 55.41617 0.11126 -13
0.47076 -0.10971 31.07648 0 3.32500 -11.17500 28.14701 0.11186 -13
0.29775 -0.10915 46.24847 0 3.27500 -12.60000 44.34659 0.10565 13
-1.17224 0.14459 83.51216 0 -4.35000 37.77500 54.52355 0.15585 -13
-1.19712 -0.25438 83.51216 0 7.67500 38.52500 54.52355 0.15917 -13
-0.47125 -0.06773 22.89996 0 2.02500 14.22500 20.72364 0.11153 13
0.44746 -0.06569 78.01008 0 2.00000 -14.12500 71.23198 0.11052 -13
-0.21828 -0.11440 36.92190 0 3.47500 4.17500 36.08325 0.10372 -13
-0.64345 -0.22530 65.18187 0 6.80000 18.72500 55.20651 0.12189 -13
-0.54014 -0.20541 1.54324 0 5.82500 15.37500 1.36419 0.11630 13
-0.28909 -0.07802 7.85700 0 2.30000 7.57500 7.54965 0.10511 13
1.04150 0.05642 92.48996 0 -1.70000 -33.47500 64.11084 0.14551 -13
0.28897 -0.11207 91.16855 0 3.37500 -8.17500 87.62702 0.10543 -13
-1.76764 -0.12923 76.36131 0 3.90000 52.87500 37.83597 0.20495 -13
-0.94001 -0.12613 27.05715 0 3.82500 30.57500 19.78693 0.13881 -13
-0.24216 -0.00339 30.33535 0 0.07500 9.50000 29.48342 0.10353 13
-1.94004 6.96222 30.33535 0 0.72500 9.45000 29.48342 0.10908 13
0.11039 0.65826 30.33535 0 1.02500 9.77500 29.48342 0.12162 13
0.05861 -0.45654 30.33535 0 2.05000 9.80000 29.48342 0.13211 13
0.96334 -0.33848 30.33535 0 2.05000 9.85000 29.48342 0.13335 13
0.00066 -0.04418 92.15491 0 1.35000 -0.55000 92.15489 0.10080 -13
0.88264 -0.05718 16.35313 0 1.77500 -27.22500 12.26942 0.13446 -13
-1.83500 0.04785 8.25052 0 -1.32500 57.02500 3.95157 0.21048 -13
0.22144 0.05435 84.46877 0 -1.62500 -8.25000 82.47665 0.10329 -13
-0.48676 0.08897 89.64054 0 -2.67500 13.77500 80.65960 0.11235 -13
0.34446 -0.23456 62.17627 0 7.07500 -10.40000 58.94940 0.10910 -13
-0.01958 -0.18090 96.31652 0 5.45000 1.20000 96.29866 0.10236 -13
1.41800 -0.06333 83.24666 0 1.92500 -44.07500 48.04147 0.17485 -13
-0.34846 -0.07502 5.63086 0 2.35000 10.47500 5.31881 0.10695 -13
1.89354 -0.01801 8.73309 0 0.67500 -59.40000 4.07932 0.21566 -13
0.44441 -0.05877 21.53600 0 1.75000 -12.77500 19.68551 0.11036 13
-1.39613 -0.10427 37.12915 0 3.12500 42.82500 21.69734 0.17325 13
-1.01224 -0.03633 97.56680 0 1.10000 26.72500 68.59183 0.14334 13
-0.84420 -0.03161 6.77393 0 1.05000 24.92500 5.17712 0.13186 -13
-0.02587 -0.18561 27.99857 0 5.57500 0.82500 27.98950 0.10245 13
-0.38316 0.05516 73.61430 0 -1.65000 12.57500 68.75452 0.10798 -13
-0.40563 -0.23490 35.43888 0 7.07500 13.15000 32.96218 0.11120 13
0.56159 0.10716 49.40016 0 -3.25000 -17.70000 43.13153 0.11600 13
1.43098 0.12327 38.51462 0 -3.75000 -42.07500 22.17331 0.17626 13
1.47371 -0.27687 38.51462 0 8.32500 -43.32500 22.17331 0.18146 13
1.02076 -0.21105 49.05284 0 6.35000 -31.20000 34.70684 0.14545 13
-0.93043 0.01128 45.66419 0 -0.32500 28.70000 33.43198 0.13756 -13
0.95655 -0.05929 85.27422 0 1.80000 -30.80000 61.67354 0.13949 -13
0.18715 -0.13181 94.14340 0 3.97500 -5.02500 92.56356 0.10331 13
0.23664 -0.16448 60.06265 0 4.97500 -8.10000 58.48938 0.10480 -13
-0.04883 0.09146 49.90174 0 -2.75000 2.05000 49.84282 0.10124 -13
0.74713 -0.24564 84.88336 0 7.40000 -23.35000 68.70435 0.12812 13
1.29127 0.07664 4.56472 0 -2.12500 -37.15000 2.80011 0.16462 -13
2.02741 -0.05675 98.17453 0 1.70000 -61.80000 43.48456 0.22772 13
0.11802 0.11100 70.49402 0 -3.35000 -2.50000 70.01424 0.10201 -13
-0.01936 -0.12135 90.32538 0 3.65000 -0.35000 90.30870 0.10146 13
0.18393 0.05816 90.77766 0 -1.75000 -5.40000 89.28496 0.10256 13
-1.51754 0.14329 5.49930 0 -4.47500 44.17500 3.04712 0.18378 13
-1.54999 -0.25586 5.49930 0 7.55000 45.07500 3.04712 0.18739 13
0.26167 -0.22673 86.55527 0 6.85000 -9.72500 83.86750 0.10657 -13
-0.35669 0.02510 99.15919 0 -0.75000 10.95000 93.39905 0.10695 13
-0.74087 -0.21952 66.26026 0 6.62500 22.77500 53.67938 0.12726 13
0.28483 0.06134 25.76144 0 -1.82500 -8.55000 24.77950 0.10489 -13
0.88402 -0.03387 60.56976 0 1.00000 -27.85000 45.39146 0.13445 13
-0.66292 0.12483 55.84254 0 -3.77500 18.92500 46.65333 0.12148 13
-0.68225 -0.27518 55.84254 0 8.30000 19.50000 46.65333 0.12501 13
-1.18286 -0.16005 15.74247 0 4.87500 35.47500 10.23857 0.15686 -13
1.10145 -0.24089 99.10903 0 7.25000 -33.25000 67.64488 0.15176 13
-0.12282 -0.08562 50.69212 0 2.57500 5.02500 50.31683 0.10182 13
0.19804 -0.11036 6.67833 0 3.40000 -5.00000 6.55258 0.10330 -13
0.86373 -0.09869 91.45499 0 2.97500 -22.10000 69.35497 0.13343 13
0.22892 -0.03446 47.94091 0 1.02500 -8.87500 46.73338 0.10337 13
-0.29090 -0.18371 77.22970 0 5.55000 7.00000 74.25029 0.10650 -13
-0.09507 0.02339 34.89651 0 -0.72500 3.87500 34.73998 0.10119 13
-0.31805 -0.19663 61.67499 0 5.92500 7.80000 58.87454 0.10751 13
0.02201 -0.08053 25.71861 0 2.40000 -0.45000 25.71243 0.10105 13
1.73925 -0.19312 85.67700 0 5.82500 -53.52500 43.29370 0.20296 13
1.62504 0.08716 67.40020 0 -2.62500 -50.52500 35.41915 0.19236 -13
-0.82813 -0.21935 16.43144 0 6.57500 28.82500 12.77508 0.13257 13
0.83195 0.06415 55.98163 0 -1.95000 -24.50000 43.07204 0.13116 13
0.86474 0.05179 8.78107 0 -1.50000 -28.22500 6.64591 0.13322 -13
1.46250 0.02447 71.49492 0 -0.72500 -45.10000 40.36206 0.17843 -13
-0.01973 -0.10277 58.92160 0 3.10000 -1.37500 58.91026 0.10126 -13
1.30293 -0.01165 65.62244 0 0.37500 -39.12500 39.95581 0.16540 -13
-0.12391 -0.19925 74.51697 0 6.00000 1.00000 73.97281 0.10343 13
1.61614 -0.09762 43.47996 0 2.92500 -48.37500 22.95690 0.19162 13
0.14831 -0.21530 57.76064 0 6.47500 -6.27500 57.16292 0.10408 13
-1.03991 -0.16042 68.48917 0 4.82500 32.00000 47.78497 0.14618 13
0.96772 0.13449 40.33385 0 -4.07500 -28.42500 29.11010 0.14080 13
0.99219 -0.26500 40.33385 0 7.97500 -29.15000 29.11010 0.14433 13
0.11729 0.09708 5.46056 0 -2.82500 -3.80000 5.42364 0.10185 -13
0.12941 -0.10852 75.92942 0 3.27500 -3.65000 75.30875 0.10213 13
-1.18838 -0.04785 95.34446 0 1.42500 35.60000 61.42943 0.15647 13
-0.08518 0.14260 72.92103 0 -4.30000 3.50000 72.66314 0.10208 -13
-0.08705 -0.25645 72.92103 0 7.75000 3.55000 72.66314 0.10433 -13
1.36833 0.07358 19.84747 0 -2.25000 -40.40000 11.73173 0.17084 13
-0.30368 -0.02877 65.79154 0 0.87500 8.50000 62.95481 0.10528 -13
-1.74190 -0.23132 77.48936 0 7.00000 55.67500 39.33871 0.20362 -13
0.85895 -0.02948 62.96237 0 0.87500 -27.20000 47.77092 0.13278 13
-0.60376 0.10414 16.00894 0 -3.10000 19.82500 13.72429 0.11808 -13
0.17894 -0.23197 7.69903 0 7.07500 -4.77500 7.58471 0.10500 -13
1.24139 -0.11346 97.06279 0 3.42500 -34.62500 61.12629 0.16093 13
0.77209 0.06165 17.98126 0 -1.82500 -24.10000 14.24261 0.12737 -13
-0.56179 -0.08962 26.72254 0 2.67500 16.47500 23.32023 0.11585 13
1.48628 -0.05898 30.28492 0 1.80000 -43.80000 16.92639 0.18050 -13
-1.02174 -0.61071 30.28492 0 1.90000 -43.95000 16.92639 0.18399 -13
0.31466 -0.03173 29.09015 0 0.95000 -9.02500 27.75005 0.10562 13
-1.98725 -0.17086 21.55817 0 5.10000 59.95000 9.80274 0.22461 13
1.10396 -0.23291 11.97426 0 6.97500 -32.15000 8.15434 0.15177 13
-0.32484 0.06830 18.86185 0 -2.10000 8.25000 17.94304 0.10611 13
-0.93867 -0.18265 2.91305 0 5.75000 30.37500 2.14030 0.13962 -13
0.98085 0.07972 50.79712 0 -2.42500 -30.30000 36.32046 0.14129 13
-0.34064 -0.07990 69.80742 0 2.40000 8.37500 66.10056 0.10669 13
-0.49652 0.13603 87.38680 0 -4.10000 13.12500 78.41124 0.11326 -13
-0.50877 -0.26333 87.38680 0 7.95000 13.50000 78.41124 0.11606 -13
1.19488 -0.19564 81.70190 0 5.90000 -37.37500 53.01370 0.15815 -13
0.58088 0.06363 42.53914 0 -1.90000 -16.35000 36.80233 0.11663 -13
-0.74908 0.02832 86.37193 0 -0.85000 21.17500 69.13769 0.12586 13
1.09784 0.14548 17.08274 0 -4.42500 -35.72500 11.56885 0.15030 13
1.12072 -0.25352 17.08274 0 7.60000 -36.40000 11.56885 0.15335 13
-0.67795 0.10099 1.91910 0 -3.37500 21.27500 1.59063 0.12244 13
-0.39705 -0.19056 9.04750 0 5.67500 11.10000 8.42899 0.11000 13
1.73170 -0.02580 64.37546 0 0.75000 -54.20000 32.20020 0.20139 13
-1.04725 -0.12179 82.04947 0 3.67500 29.75000 56.88156 0.14633 13
-0.50225 -0.06220 25.07386 0 1.85000 15.30000 22.41529 0.11286 13
-0.55387 0.13593 6.77696 0 -4.02500 17.50000 5.94116 0.11590 -13
-0.56746 -0.26333 6.77696 0 8.02500 17.92500 5.94116 0.11889 -13
0.57011 -0.21282 23.74162 0 6.45000 -18.70000 20.73567 0.11790 -13
-1.49327 -0.02226 34.99764 0 0.70000 44.52500 19.47686 0.18100 -13
1.41442 0.05307 7.45079 0 -1.72500 -41.37500 4.30517 0.17459 13
-0.51256 -0.13761 33.71890 0 4.17500 14.25000 30.06516 0.11401 -13
-0.70111 -0.14876 28.01236 0 4.50000 25.52500 23.01881 0.12391 -13
0.67131 -0.18099 96.58408 0 5.47500 -21.82500 80.58857 0.12265 -13
0.75444 -0.10338 72.42201 0 3.12500 -23.22500 57.92562 0.12658 -13
0.85755 -0.10276 86.74379 0 3.10000 -25.57500 65.99388 0.13306 13
-0.06746 -0.23031 88.40438 0 6.95000 0.60000 88.21399 0.10356 13
-0.31013 -0.23483 18.54590 0 7.12500 12.12500 17.75444 0.10808 -13
-0.54693 -0.12934 52.57136 0 3.90000 12.97500 46.21105 0.11551 13
1.52001 -0.21754 63.63068 0 6.55000 -46.45000 35.53689 0.18451 13
1.31038 -0.16103 72.18892 0 4.87500 -38.02500 44.14807 0.16679 -13
1.53455 -0.18490 54.09923 0 5.55000 -47.62500 29.88430 0.18538 13
1.11320 0.07087 91.35619 0 -2.15000 -34.42500 61.13523 0.15086 13
0.02263 -0.03372 45.34233 0 1.00000 0.55000 45.33074 0.10078 13
0.83338 -0.13237 9.35965 0 4.05000 -27.47500 7.21541 0.13182 -13
0.44395 0.14463 67.99562 0 -4.37500 -13.92500 62.25184 0.11114 13
0.45337 -0.25435 67.99562 0 7.67500 -14.20000 62.25184 0.11349 13
-0.56491 0.12591 88.19235 0 -3.80000 21.87500 76.93199 0.11635 13
-0.58116 -0.27402 88.19235 0 8.25000 22.35000 76.93199 0.11969 13
0.51179 -0.18894 79.70733 0 5.70000 -11.92500 71.20979 0.11471 13
1.68770 -0.01014 40.54324 0 0.32500 -50.50000 20.66839 0.19755 -13
-0.74538 -0.20483 20.50284 0 6.15000 20.90000 16.55791 0.12726 13
1.18846 -0.05018 98.61122 0 1.52500 -35.47500 63.53584 0.15650 -13
0.78529 -0.12417 48.62096 0 3.72500 -24.67500 38.35052 0.12865 13
-0.06101 -0.10776 96.82571 0 3.25000 3.40000 96.64811 0.10147 -13
1.03040 0.08407 63.11890 0 -2.52500 -31.42500 44.03820 0.14483 -13
0.94734 0.14349 29.21470 0 -4.35000 -29.22500 21.31074 0.13948 13
0.96790 -0.25560 29.21470 0 7.67500 -29.82500 21.31074 0.14246 13
0.86852 -0.05546 95.27426 0 1.67500 -28.55000 71.97904 0.13350 -13
0.10592 -0.01940 25.87152 0 0.57500 -3.32500 25.72768 0.10128 13
-0.08749 -0.04186 37.05778 0 1.27500 3.12500 36.91704 0.10118 -13
0.66468 -0.21255 96.16920 0 6.42500 -20.27500 80.62718 0.12280 -13
-1.48555 -0.03097 88.53105 0 0.95000 44.90000 49.45385 0.18036 -13
-0.91282 0.11620 57.97539 0 -3.50000 26.35000 42.94854 0.13685 -13
-0.99682 -0.24903 66.33748 0 7.50000 30.12500 47.68197 0.14437 13
1.79478 0.03010 54.83305 0 -0.90000 -54.32500 26.69750 0.20693 -13
-0.89279 0.00171 95.02106 0 -0.05000 26.95000 70.88237 0.13500 -13
-0.00580 -0.18982 69.25857 0 5.72500 -0.52500 69.25744 0.10251 -13
-0.99360 0.12001 64.65695 0 -3.62500 29.15000 46.02920 0.14248 13
-1.02453 -0.28030 64.65695 0 8.45000 30.07500 46.02920 0.14690 13
-1.62638 -0.08450 91.65412 0 2.55000 49.57500 48.13044 0.19246 -13
-0.10433 -0.15580 38.44379 0 4.70000 4.22500 38.24109 0.10246 -13
1.54290 0.13116 90.56989 0 -3.97500 -46.57500 49.55585 0.18563 13
1.58398 -0.26849 90.56989 0 8.10000 -47.80000 49.55585 0.19055 13
-1.11070 -0.06750 72.27300 0 2.02500 34.05000 48.41843 0.15065 13
1.64739 -0.23050 99.07417 0 6.97500 -48.52500 52.38408 0.19547 -13
-0.54438 -0.21930 2.74717 0 6.82500 14.72500 2.42541 0.11703 -13
-1.04884 -0.22838 62.78194 0 6.90000 33.30000 43.89685 0.14776 -13
0.90411 -0.08085 70.31735 0 2.42500 -27.35000 52.23598 0.13600 13
-1.28280 -0.10811 27.74055 0 3.22500 36.30000 17.11459 0.16416 13
-0.36269 -0.08216 90.50098 0 2.47500 9.12500 85.11085 0.10744 13
-0.48466 -0.07861 12.88372 0 2.42500 12.80000 11.60031 0.11221 -13
1.08942 -0.05482 65.60942 0 1.67500 -33.32500 44.40358 0.14902 -13
0.06035 -0.22108 19.77389 0 6.65000 -0.75000 19.73969 0.10329 13
1.88305 0.09550 36.70860 0 -2.87500 -55.35000 17.28062 0.21488 -13
0.66981 -0.01731 87.51847 0 0.52500 -17.05000 72.71756 0.12122 -13
-1.55119 -0.20038 63.88121 0 6.05000 46.42500 35.09470 0.18697 -13
1.46366 -0.05805 6.89107 0 1.62500 -44.10000 3.89199 0.17858 13
-0.30844 0.10236 80.89511 0 -3.07500 8.30000 77.33656 0.10589 -13
0.61708 -0.09731 67.69686 0 2.95000 -19.05000 57.68578 0.11875 -13
0.47650 -0.23769 61.37975 0 7.17500 -13.72500 55.68689 0.11410 -13
-0.03253 -0.14182 59.06724 0 4.27500 3.75000 59.03664 0.10177 -13
-0.15505 0.09974 71.25480 0 -3.02500 3.95000 70.42162 0.10240 13
-0.07495 -0.01090 26.49235 0 0.35000 0.25000 26.41827 0.10099 -13
1.83198 -0.13481 48.42266 0 4.10000 -56.90000 23.36211 0.21064 -13
1.88698 -0.13939 89.92655 0 4.20000 -56.72500 42.42623 0.21550 13
-0.69948 0.07184 91.86320 0 -2.17500 20.65000 75.33890 0.12311 13
0.77031 -0.00560 54.13888 0 0.15000 -23.32500 42.88981 0.12712 13
-0.95254 -0.08492 4.35601 0 2.72500 27.55000 3.15889 0.13947 -13
1.26139 -0.15461 99.37027 0 4.65000 -37.77500 62.18010 0.16284 13
-1.37477 -0.22213 16.66606 0 6.65000 43.07500 9.95868 0.17257 13
-0.64308 0.00841 74.55617 0 -0.27500 19.67500 62.70926 0.11973 13
-0.99268 0.14629 88.10072 0 -4.40000 32.12500 62.85271 0.14265 -13
-1.01309 -0.25260 88.10072 0 7.62500 32.72500 62.85271 0.14560 -13
-0.24337 0.01619 23.02257 0 -0.50000 9.32500 22.36981 0.10366 13
0.75069 -0.07379 90.18904 0 2.22500 -24.85000 72.19786 0.12614 13
-0.09680 0.05681 19.33864 0 -1.75000 3.27500 19.24900 0.10134 13
0.72555 0.06439 45.61629 0 -1.92500 -24.12500 36.94796 0.12458 -13
-0.41547 0.14950 1.49805 0 -4.15000 10.27500 1.38564 0.11018 -13
-0.42324 -0.24890 1.49805 0 7.87500 10.55000 1.38564 0.11280 -13
-0.00688 0.06914 89.66615 0 -2.10000 -0.52500 89.66404 0.10095 13
0.61462 -0.08554 4.22903 0 2.72500 -19.42500 3.60659 0.11859 -13
0.00424 0.12585 70.38354 0 -3.80000 -2.02500 70.38292 0.10150 13
0.00436 -0.27409 70.38354 0 8.25000 -2.05000 70.38292 0.10441 13
-0.52320 -0.22983 6.70104 0 7.02500 13.35000 5.96955 0.11608 -13
-0.79409 0.08868 55.94326 0 -2.67500 21.12500 43.87664 0.12889 -13
-0.32777 -0.11429 88.84530 0 3.45000 11.27500 84.47886 0.10660 -13
-0.90769 -0.00568 33.27605 0 0.20000 29.15000 24.63956 0.13601 -13
-1.01689 -0.23829 18.87663 0 7.15000 32.35000 13.42052 0.14558 13
1.35150 0.00394 27.26987 0 -0.15000 -41.65000 16.22037 0.16930 13
-0.25799 0.14785 21.50811 0 -4.47500 9.50000 20.84011 0.10508 13
-0.26314 -0.25100 21.50811 0 7.55000 9.65000 20.84011 0.10714 13
0.77515 -0.17269 37.30952 0 5.20000 -21.10000 29.64941 0.12858 13
-0.33082 -0.18559 31.56410 0 5.62500 12.42500 30.01634 0.10772 -13
-0.43072 0.08277 59.62569 0 -2.50000 11.62500 54.79091 0.10997 13
0.00992 0.02627 49.12823 0 -0.77500 -1.42500 49.12582 0.10075 -13
-0.25741 -0.23842 66.97155 0 7.20000 7.65000 64.96606 0.10673 -13
-0.76233 -0.11887 90.70246 0 3.60000 20.97500 72.31833 0.12719 -13
1.85041 0.09725 78.18873 0 -2.95000 -52.12500 37.30814 0.21205 13
-1.96914 -0.22144 33.26290 0 6.65000 63.55000 15.34905 0.22347 13
-0.76768 0.14132 65.61299 0 -4.25000 22.95000 52.23503 0.12775 -13
-0.78498 -0.25779 65.61299 0 7.77500 23.47500 52.23503 0.13064 -13
-0.80422 0.12674 28.24683 0 -3.85000 24.65000 22.08011 0.12987 13
-0.82713 -0.27321 28.24683 0 8.22500 25.32500 22.08011 0.13352 13
-0.01982 -0.20183 97.92122 0 6.10000 -0.92500 97.90275 0.10276 -13
1.82030 -0.22048 80.14867 0 6.67500 -55.17500 39.29756 0.21034 -13
0.66687 -0.14592 62.12562 0 4.40000 -22.00000 51.85292 0.12192 13
0.79141 -0.05501 99.43862 0 1.65000 -20.72500 78.01955 0.12854 13
0.05226 -0.23266 4.20499 0 6.90000 -4.20000 4.19956 0.10347 13
-0.08248 -0.06333 93.25838 0 1.90000 6.12500 92.94403 0.10125 13
0.17133 -0.05897 92.20432 0 1.77500 -5.92500 90.88477 0.10234 13
0.69292 -0.08926 78.93168 0 2.70000 -20.82500 64.96205 0.12285 -13
-0.93241 0.00128 14.50408 0 -0.07500 25.02500 10.60772 0.13769 13
1.49960 -0.10094 98.45948 0 3.02500 -45.80000 54.81707 0.18179 13
0.22921 -0.13481 46.66455 0 4.07500 -8.97500 45.50541 0.10421 -13
0.39042 -0.19613 39.52281 0 5.90000 -11.12500 36.90683 0.10989 13
0.41477 -0.13934 60.60887 0 4.20000 -12.50000 56.06210 0.10993 -13
0.17429 -0.16671 72.41734 0 5.02500 -4.85000 71.37024 0.10359 13
-0.64606 -0.22016 39.84750 0 6.65000 19.27500 33.70000 0.12193 -13
0.27924 -0.17435 29.68622 0 5.27500 -5.07500 28.62298 0.10603 -13
-0.04027 -0.18267 77.04538 0 5.50000 -1.55000 76.98496 0.10244 13
0.13668 0.02645 63.73426 0 -0.80000 -5.35000 63.14758 0.10167 13
-0.18963 -0.06929 24.07618 0 2.10000 5.65000 23.65669 0.10274 -13
1.50776 0.06076 9.37185 0 -1.92500 -44.25000 5.18663 0.18235 13
1.02650 0.14318 86.87827 0 -4.32500 -30.10000 60.93790 0.14504 13
1.04891 -0.25588 86.87827 0 7.70000 -30.77500 60.93790 0.14819 13
1.44646 -0.00461 32.81851 0 0.17500 -44.65000 18.66337 0.17708 -13
-0.11529 -0.22138 55.05793 0 6.70000 0.02500 54.71236 0.10380 -13
0.23831 -0.23714 29.14602 0 7.12500 -8.15000 28.39262 0.10623 13
0.77758 0.06322 38.71823 0 -1.92500 -23.87500 30.58790 0.12773 13
0.68000 0.00507 20.16577 0 -0.17500 -20.12500 16.67557 0.12179 13
