0.00056 0.05452 67.35607 0 -1.65000 1.67500 67.35606 0.10085 -13
0.93928 0.02002 33.39430 0 -0.57500 -26.67500 24.34314 0.13818 -13
1.81138 0.12311 91.33999 0 -3.72500 -53.70000 44.40056 0.20874 13
1.86552 -0.27700 91.33999 0 8.35000 -55.32500 44.40056 0.21494 13
-0.41234 -0.16616 78.48258 0 5.00000 12.55000 72.69829 0.11021 13
0.60313 -0.17834 81.75894 0 5.37500 -20.50000 70.30082 0.11896 13
0.89893 -0.13079 11.72804 0 3.87500 -25.90000 8.75457 0.13603 13
-2.06143 0.04459 56.04388 0 -1.37500 62.05000 24.48029 0.23079 13
0.76241 -0.16422 50.95012 0 4.97500 -22.82500 40.71465 0.12771 -13
-0.44015 0.05080 43.96475 0 -1.55000 13.35000 40.24768 0.11015 13
0.18110 -0.05914 35.55316 0 1.77500 -3.45000 34.98600 0.10251 13
1.56268 -0.18675 36.59567 0 5.60000 -48.57500 19.96536 0.18775 13
-0.86472 0.14510 16.77809 0 -4.42500 24.75000 12.74777 0.13395 13
-0.88293 -0.25394 16.77809 0 7.62500 25.27500 12.74777 0.13671 13
-0.28541 -0.14532 81.08725 0 4.40000 9.80000 78.03432 0.10568 -13
-0.34529 -0.09245 98.58592 0 2.77500 10.65000 93.22904 0.10695 13
-2.12042 -0.19108 86.17275 0 5.75000 63.50000 37.29860 0.23685 13
0.28428 -0.14098 59.38065 0 4.25000 -10.47500 57.15926 0.10566 -13
1.66253 0.01434 18.28788 0 -0.47500 -49.87500 9.42739 0.19538 13
-0.67943 0.10945 95.25639 0 -3.30000 20.45000 78.93905 0.12224 -13
-0.42966 0.06592 21.84492 0 -2.00000 12.55000 20.07741 0.10981 13
-0.93774 -0.20908 16.42533 0 6.35000 28.85000 12.10034 0.13970 -13
-0.29127 -0.09193 62.24486 0 2.77500 8.30000 59.78122 0.10529 -13
0.20170 -0.15317 87.91366 0 4.62500 -4.90000 86.21623 0.10389 -13
-0.09265 0.05733 70.31843 0 -1.72500 3.70000 70.01952 0.10131 13
-0.09544 -0.15050 30.69835 0 4.52500 1.10000 30.56255 0.10229 13
0.96573 0.12381 4.33569 0 -3.57500 -31.57500 3.13017 0.14050 -13
0.99447 -0.27583 4.33569 0 8.50000 -32.50000 3.13017 0.14487 -13
1.53442 0.13267 36.85970 0 -4.02500 -48.25000 20.24792 0.18495 13
1.57442 -0.26699 36.85970 0 8.02500 -49.45000 20.24792 0.18970 13
1.06495 -0.17816 11.65967 0 5.30000 -29.65000 8.04667 0.14817 13
-0.95796 0.06327 37.83772 0 -1.92500 26.70000 27.34968 0.13961 13
-1.42691 -0.08331 23.03708 0 2.47500 43.67500 13.25149 0.17565 13
1.47229 0.05692 83.57588 0 -1.70000 -46.67500 47.00959 0.17932 -13
1.30578 -0.05936 74.45560 0 1.80000 -40.92500 45.32016 0.16574 -13
-1.56467 0.13163 88.59315 0 -3.97500 45.52500 48.00111 0.18748 13
-1.60602 -0.26797 88.59315 0 8.07500 46.77500 48.00111 0.19241 13
-1.53663 0.12529 30.48611 0 -3.80000 46.25000 16.71954 0.18508 13
-1.58120 -0.27466 30.48611 0 8.25000 47.57500 16.71954 0.19038 13
0.82671 0.11193 75.56465 0 -3.37500 -24.27500 58.38586 0.13114 -13
0.67664 -0.18630 71.89884 0 5.60000 -19.22500 59.86410 0.12302 13
0.54953 -0.16406 7.88966 0 4.87500 -16.35000 6.93548 0.11606 13
-0.79795 -0.00811 25.88641 0 0.27500 23.95000 20.23412 0.12884 -13
-2.09900 -0.15992 68.05116 0 4.85000 64.32500 29.57094 0.23471 -13
-0.17172 0.04927 98.84627 0 -1.47500 4.92500 97.42371 0.10230 -13
-1.79273 0.12232 99.86572 0 -3.67500 56.10000 48.92468 0.20708 -13
-1.84686 -0.27782 99.86572 0 8.40000 57.72500 48.92468 0.21336 -13
0.51046 0.14203 95.50039 0 -4.30000 -15.42500 85.23365 0.11397 13
0.52180 -0.25706 95.50039 0 7.75000 -15.77500 85.23365 0.11650 13
1.76086 -0.01667 22.62009 0 0.45000 -51.17500 11.17152 0.20394 13
0.04885 0.09086 25.61601 0 -2.75000 0.45000 25.58577 0.10124 13
0.47659 0.10885 86.20488 0 -3.27500 -13.47500 77.90346 0.11209 -13
-0.28520 0.07449 9.49303 0 -2.30000 10.35000 9.13101 0.10501 13
0.36004 -0.24266 50.32838 0 7.32500 -12.50000 47.50451 0.10979 -13
-1.09725 0.05237 4.55135 0 -1.42500 30.55000 3.06790 0.14961 -13
-1.04252 -0.17895 31.51382 0 5.37500 30.90000 21.99361 0.14657 13
0.30681 -0.08392 80.45348 0 2.52500 -11.07500 76.93816 0.10567 13
-0.03766 0.09266 38.85676 0 -2.80000 1.70000 38.82947 0.10121 13
0.59559 -0.04077 23.34377 0 1.25000 -17.72500 20.06025 0.11729 -13
0.33401 -0.21237 18.61784 0 6.42500 -9.32500 17.69711 0.10833 -13
-1.61243 -0.04516 39.06902 0 1.35000 46.77500 20.60661 0.19112 13
0.94803 -0.08396 55.57333 0 2.55000 -30.72500 40.39740 0.13903 -13
0.67795 -0.13080 36.14717 0 3.92500 -20.97500 29.99855 0.12237 13
-0.86961 -0.24340 55.09285 0 7.35000 29.27500 42.08225 0.13569 -13
-0.34709 -0.23584 96.91178 0 7.10000 8.67500 91.81414 0.10921 13
-0.12202 -0.14030 7.38401 0 4.17500 2.55000 7.33062 0.10241 13
1.17505 -0.04523 51.26892 0 1.37500 -35.97500 33.24726 0.15546 -13
0.73076 -0.04864 79.88574 0 1.45000 -22.40000 64.52557 0.12482 13
0.19409 0.03707 56.38960 0 -1.10000 -4.90000 55.35794 0.10265 -13
-0.23053 0.05304 1.40582 0 -1.25000 6.25000 1.36988 0.10373 -13
-1.08361 -0.16892 44.41562 0 5.07500 33.02500 30.35043 0.14945 13
1.70358 0.05342 45.49755 0 -1.60000 -53.15000 23.05655 0.19899 -13
-2.13258 -0.02572 53.05804 0 0.75000 61.85000 22.53268 0.23720 13
0.98589 0.01626 9.38244 0 -0.42500 -28.77500 6.68184 0.14143 -13
-0.21801 -0.00440 12.37078 0 0.17500 4.72500 12.08684 0.10307 -13
-0.54067 -0.19433 84.05260 0 5.87500 14.97500 74.24431 0.11614 -13
0.65388 0.00438 46.60463 0 -0.15000 -18.17500 39.00610 0.12032 13
1.33257 -0.03332 34.19555 0 0.97500 -37.92500 20.53241 0.16781 13
-0.38206 -0.10167 94.01186 0 3.07500 11.02500 87.87793 0.10829 -13
0.53265 -0.21650 72.52089 0 6.55000 -16.17500 64.32641 0.11617 -13
1.09934 -0.08083 35.52972 0 2.45000 -30.25000 23.95040 0.14989 -13
0.97907 0.00354 31.07049 0 -0.12500 -30.32500 22.20145 0.14093 13
1.87610 0.06753 35.61031 0 -2.07500 -57.07500 16.77985 0.21421 13
0.39427 -0.08602 36.55214 0 2.57500 -10.22500 34.02141 0.10860 13
-2.10735 -0.03594 31.50018 0 1.12500 64.00000 13.51164 0.23494 -13
-0.52805 0.12830 31.88797 0 -3.87500 15.55000 28.24814 0.11463 13
-0.54278 -0.27151 31.88797 0 8.17500 15.97500 28.24814 0.11778 13
-0.73519 0.09052 84.15670 0 -2.72500 22.10000 67.90107 0.12532 13
-0.24399 -0.00219 14.22969 0 0.10000 7.10000 13.82422 0.10366 -13
0.86824 -0.09441 9.21933 0 2.77500 -25.65000 6.97499 0.13367 13
-0.87698 -0.03789 66.90490 0 1.12500 25.05000 50.31741 0.13400 13
-0.40517 0.05280 4.47145 0 -1.70000 10.47500 4.14500 0.10883 13
0.11051 0.01467 9.24614 0 -0.40000 -4.02500 9.19019 0.10133 -13
0.35057 -0.00052 60.92201 0 -0.00000 -12.30000 57.49154 0.10671 13
-1.70264 -0.07051 40.96114 0 2.15000 51.37500 20.78187 0.19899 -13
-0.71135 -0.15572 21.62234 0 4.67500 22.40000 17.69008 0.12455 13
0.27979 0.07529 47.12264 0 -2.27500 -7.42500 45.38921 0.10484 13
-0.09692 -0.01940 58.45257 0 0.60000 -1.97500 58.18007 0.10119 -13
-1.25523 -0.24708 57.33872 0 7.47500 38.97500 36.37381 0.16352 -13
-1.25523 -0.24708 57.33872 0 7.47500 39.00000 36.37381 0.16354 -13
0.38515 0.03837 9.02416 0 -1.10000 -11.25000 8.42204 0.10798 -13
-0.20260 0.11944 30.59513 0 -3.60000 5.27500 29.99421 0.10345 -13
-0.20897 -0.28083 30.59513 0 8.47500 5.47500 29.99421 0.10671 -13
0.09523 0.11431 23.15866 0 -3.42500 0.52500 23.05574 0.10180 -13
-1.56999 0.01751 89.66376 0 -0.52500 49.82500 48.17547 0.18746 -13
0.11123 0.08763 67.36938 0 -2.65000 -3.55000 66.95960 0.10171 13
-0.19216 0.14486 94.82756 0 -4.37500 8.32500 93.15784 0.10358 -13
-0.19622 -0.25410 94.82756 0 7.67500 8.45000 93.15784 0.10577 -13
1.92903 -0.03530 99.48003 0 1.07500 -59.37500 45.80574 0.21885 -13
1.28562 -0.24667 57.77668 0 7.42500 -41.00000 36.12421 0.16587 13
1.01076 0.08048 42.24822 0 -2.45000 -32.67500 29.76262 0.14342 13
-0.87047 -0.17590 24.67671 0 5.32500 28.62500 18.73450 0.13470 -13
0.41372 -2.11281 24.67671 0 5.50000 28.55000 18.73450 0.13498 -13
-0.99131 1.36763 24.67671 0 6.90000 27.85000 18.73450 0.14104 -13
0.16804 -0.45991 24.67671 0 5.85000 26.55000 18.73450 0.16072 -13
-0.41932 0.10553 24.67671 0 7.72500 26.75000 18.73450 0.17199 -13
-0.80894 0.00139 24.67671 0 -4.07500 25.62500 18.73450 0.17738 -13
2.14873 2.13454 24.67671 0 -4.07500 27.10000 18.73450 0.19280 -13
0.73658 1.01725 24.67671 0 -3.95000 27.35000 18.73450 0.19423 -13
0.59721 -0.10732 95.10286 0 3.22500 -17.27500 81.77261 0.11778 13
-0.19240 -0.12386 47.39456 0 3.72500 4.97500 46.55352 0.10330 13
-0.62415 -0.15302 36.78650 0 4.62500 19.60000 31.30740 0.11971 -13
1.49227 0.12813 84.90638 0 -3.85000 -47.15000 47.53123 0.18136 -13
1.53385 -0.27168 84.90638 0 8.20000 -48.40000 47.53123 0.18643 -13
-0.27737 -0.14218 94.28276 0 4.30000 8.75000 90.91696 0.10548 -13
-0.94788 -0.20484 76.70488 0 6.17500 28.60000 56.20804 0.14027 13
-0.62674 0.06873 58.80069 0 -2.05000 18.22500 49.85690 0.11904 -13
-0.54530 0.13636 86.58377 0 -4.12500 15.60000 76.17625 0.11552 13
-0.55868 -0.26301 86.58377 0 7.92500 16.00000 76.17625 0.11835 13
0.81285 0.04926 57.17753 0 -1.47500 -28.05000 44.39016 0.12987 -13
0.07034 0.07009 52.25275 0 -2.12500 -0.37500 52.12458 0.10120 13
0.91990 0.00854 98.35775 0 -0.27500 -26.05000 72.38934 0.13683 13
1.79821 0.08464 1.96956 0 -3.02500 -55.20000 0.96017 0.20792 13
-1.11828 0.00072 7.52449 0 -0.12500 32.97500 5.01595 0.15108 13
-1.47873 -0.23808 82.15746 0 7.20000 44.67500 46.89396 0.18138 -13
-1.05769 -0.14965 3.64280 0 4.70000 32.10000 2.51752 0.14754 -13
-0.61929 -0.17235 98.74161 0 5.20000 18.65000 84.28522 0.11971 13
0.95546 -0.23507 25.72643 0 7.12500 -27.80000 18.83785 0.14131 -13
0.70634 -0.22146 63.39369 0 6.70000 -22.90000 52.18698 0.12530 -13
-1.19340 0.00585 71.96809 0 -0.17500 36.80000 46.22316 0.15680 13
-0.04473 0.03359 26.11226 0 -1.02500 -0.47500 26.08621 0.10086 13
0.46664 0.06905 78.75086 0 -2.07500 -13.55000 71.39340 0.11134 -13
-0.18448 0.04705 80.81774 0 -1.42500 5.25000 79.47957 0.10251 13
0.55103 0.04197 84.10127 0 -1.27500 -18.62500 73.67371 0.11506 13
-0.01832 -0.05134 76.63417 0 1.55000 -0.75000 76.62133 0.10085 13
1.90003 -0.24032 35.20353 0 7.27500 -60.10000 16.75676 0.21764 -13
0.99034 0.12650 1.78592 0 -4.20000 -27.47500 1.27376 0.14281 13
1.01752 -0.27330 1.78592 0 7.85000 -28.17500 1.27376 0.14614 13
-1.04941 -0.07139 50.51897 0 2.15000 32.15000 34.89778 0.14615 13
-0.79245 -0.22253 96.47927 0 6.70000 26.05000 76.31319 0.13043 13
0.26738 -0.12898 46.50093 0 3.87500 -7.87500 44.94752 0.10504 13
0.45070 0.08198 72.16028 0 -2.47500 -11.57500 65.82454 0.11076 -13
-1.69776 -0.10300 42.38429 0 3.12500 48.02500 21.59489 0.19871 -13
0.14121 0.00779 38.00193 0 -0.25000 -2.17500 37.62871 0.10170 13
1.56258 0.10126 55.68913 0 -3.05000 -46.00000 30.12689 0.18709 -13
1.45156 0.09598 96.29828 0 -2.90000 -42.50000 54.80140 0.17777 13
0.75612 -0.16778 63.38219 0 5.05000 -24.52500 50.81050 0.12737 13
1.26648 -0.04557 37.99521 0 1.35000 -38.32500 23.56122 0.16256 13
1.49124 -0.11738 36.85459 0 3.57500 -45.60000 20.62292 0.18122 -13
0.97806 -0.00080 98.13579 0 0.02500 -30.32500 70.15787 0.14086 -13
-2.04635 0.07313 3.58246 0 -2.50000 60.20000 1.57683 0.22968 13
-0.45952 -0.12436 58.05523 0 3.75000 14.80000 52.82245 0.11153 13
-0.07920 0.07481 15.60068 0 -2.30000 -0.22500 15.55225 0.10131 13
-0.47476 0.05649 38.88241 0 -1.70000 15.07500 35.13496 0.11162 -13
-1.67314 -0.05309 1.28527 0 2.40000 51.62500 0.66077 0.19718 -13
0.71211 0.13217 37.76058 0 -3.97500 -21.27500 30.84724 0.12434 -13
0.73077 -0.26739 37.76058 0 8.07500 -21.85000 30.84724 0.12762 -13
-1.17700 -0.15267 37.28420 0 4.62500 39.25000 24.30142 0.15631 -13
0.60798 -0.18738 61.06826 0 5.65000 -19.00000 52.42207 0.11936 -13
0.95168 -0.00842 34.86771 0 0.22500 -25.57500 25.25848 0.13902 13
0.59993 0.13295 16.51469 0 -4.05000 -17.60000 14.19383 0.11822 13
0.61549 -0.26665 16.51469 0 8.00000 -18.05000 14.19383 0.12123 13
1.59994 -0.10691 85.81512 0 3.22500 -48.50000 45.66815 0.19032 -13
-0.88384 -0.10377 12.18094 0 3.07500 28.55000 9.14855 0.13478 13
1.35832 0.11824 43.40592 0 -3.57500 -40.97500 25.84888 0.17029 13
1.40165 -0.28223 43.40592 0 8.50000 -42.27500 25.84888 0.17568 13
0.67896 0.11756 67.45967 0 -3.55000 -22.22500 55.93133 0.12230 13
-1.03610 -0.04858 67.98921 0 1.45000 30.75000 47.24489 0.14509 13
1.36352 -0.00376 18.85069 0 0.15000 -41.10000 11.14818 0.17028 -13
0.90349 0.06635 15.83150 0 -2.05000 -27.92500 11.75862 0.13590 13
-0.65115 -0.18972 74.97996 0 5.72500 18.65000 63.16137 0.12167 13
1.65288 -0.06975 46.53657 0 2.12500 -49.82500 24.13233 0.19467 -13
0.20135 -0.01780 10.40013 0 0.50000 -6.20000 10.19564 0.10274 13
0.41147 -0.01291 72.94359 0 0.40000 -12.10000 67.45715 0.10891 -13
1.13880 0.02551 27.47000 0 -0.75000 -34.80000 18.12846 0.15264 -13
-0.57776 0.00337 83.06664 0 -0.10000 18.92500 71.92514 0.11630 -13
-0.32716 -0.10687 97.93310 0 3.22500 9.70000 93.12914 0.10650 13
0.13821 -0.23400 12.87259 0 7.10000 -5.45000 12.75754 0.10438 -13
-1.47853 -0.02050 86.08671 0 0.60000 44.85000 48.23597 0.17976 13
-1.26109 -0.02131 56.50571 0 0.65000 35.85000 35.11374 0.16209 -13
0.54843 -0.06591 50.38416 0 2.00000 -19.90000 44.19863 0.11505 -13
0.36332 0.05018 8.14296 0 -1.57500 -11.25000 7.65459 0.10728 13
0.44150 0.06784 74.28404 0 -2.05000 -11.90000 67.98112 0.11029 13
-0.23658 -0.21187 9.06333 0 6.45000 4.02500 8.82973 0.10571 -13
-0.04830 0.14546 49.98715 0 -4.37500 3.80000 49.93014 0.10187 -13
-0.04931 -0.25345 49.98715 0 7.65000 3.82500 49.93014 0.10401 -13
0.08191 -0.21467 36.45161 0 6.45000 -1.37500 36.33526 0.10332 13
-1.21228 -0.06546 48.18597 0 2.00000 36.92500 30.70117 0.15839 -13
1.24036 -0.19090 16.61818 0 5.70000 -37.67500 10.54334 0.16155 13
-1.76608 0.09686 90.84003 0 -2.90000 51.35000 44.91732 0.20461 -13
0.81745 0.13329 99.55993 0 -4.02500 -23.55000 77.35432 0.13075 -13
0.83850 -0.26622 99.55993 0 8.05000 -24.17500 77.35432 0.13413 -13
-0.81033 0.04197 36.09523 0 -1.27500 23.80000 28.05344 0.12969 13
-0.30084 -0.04629 91.77315 0 1.40000 9.65000 87.89031 0.10526 -13
1.12594 -0.22960 9.87373 0 7.00000 -33.10000 6.65068 0.15349 -13
0.92391 -0.00991 7.37024 0 0.20000 -27.27500 5.41333 0.13713 13
-0.69281 0.09959 42.28450 0 -3.00000 20.95000 34.81361 0.12292 -13
-1.24599 -0.11198 45.33318 0 3.40000 36.97500 28.48246 0.16129 -13
-0.97622 -0.13291 40.98806 0 4.02500 32.00000 29.45436 0.14138 -13
0.67609 -0.16549 29.28272 0 5.00000 -18.17500 24.36080 0.12271 -13
-1.64025 0.05471 80.99809 0 -1.67500 50.67500 42.20907 0.19354 13
-0.63042 0.01047 61.28609 0 -0.30000 20.37500 51.84441 0.11905 -13
-0.81031 -0.12642 35.24908 0 3.80000 25.70000 27.47231 0.13023 13
-1.69828 0.00935 19.65336 0 -0.22500 50.17500 9.97260 0.19847 -13
1.07758 -0.06194 64.33901 0 1.87500 -31.05000 43.81007 0.14818 -13
0.17081 -0.03808 40.45187 0 1.15000 -5.57500 39.87528 0.10223 -13
-1.04866 -0.13706 57.81841 0 4.12500 29.62500 40.09545 0.14657 13
-0.50711 -0.21689 9.74714 0 6.60000 18.77500 8.73326 0.11506 -13
-0.46056 -0.01491 73.76918 0 0.45000 13.35000 67.00559 0.11088 -13
-1.13919 0.01045 59.16101 0 -0.30000 30.20000 39.03014 0.15265 -13
1.19994 -0.06870 80.69347 0 2.05000 -34.87500 51.73194 0.15744 13
0.82715 0.08728 10.72273 0 -2.70000 -23.95000 8.27574 0.13100 13
-1.74958 0.07022 75.90471 0 -2.12500 53.30000 37.73582 0.20307 13
0.61356 0.00270 95.91274 0 -0.07500 -19.45000 81.75134 0.11814 -13
-0.19040 0.00698 60.75199 0 -0.22500 7.05000 59.67997 0.10251 13
1.73593 0.05495 12.64240 0 -1.57500 -51.87500 6.31744 0.20181 -13
-0.31531 -0.10081 69.52002 0 3.05000 8.60000 66.33257 0.10608 -13
-0.01162 0.08256 94.61760 0 -2.50000 1.95000 94.61125 0.10105 13
-0.00402 0.00085 97.85523 0 -0.02500 -0.10000 97.85444 0.10071 13
-0.28935 -0.10296 42.40397 0 3.10000 10.20000 40.74980 0.10534 13
-0.13364 0.12527 19.78781 0 -3.80000 4.02500 19.61612 0.10239 13
-0.13754 -0.27480 19.78781 0 8.25000 4.12500 19.61612 0.10533 13
1.56176 -0.13262 95.57209 0 4.00000 -48.25000 51.85536 0.18721 13
-0.02399 -0.06536 13.45013 0 2.00000 0.17500 13.44630 0.10096 -13
-0.88604 -0.22249 72.24349 0 6.70000 27.57500 54.64175 0.13639 13
0.47210 -0.04320 78.35900 0 1.30000 -12.72500 70.87160 0.11144 13
-0.16852 0.01948 73.83625 0 -0.57500 4.32500 72.81010 0.10214 -13
0.35033 -0.02507 99.79985 0 0.75000 -10.80000 94.19047 0.10674 -13
-1.21846 -0.12630 49.99679 0 3.80000 37.85000 31.86767 0.15924 13
-0.47341 -0.19372 73.25743 0 5.85000 15.02500 66.43288 0.11311 -13
-1.52058 -0.06297 38.80946 0 1.92500 43.10000 21.35375 0.18339 -13
-0.37723 0.02244 5.03461 0 -0.57500 10.22500 4.71054 0.10768 -13
0.17344 0.02051 24.61107 0 -0.65000 -6.82500 24.24918 0.10223 13
-0.15322 0.10503 4.58629 0 -3.27500 3.10000 4.53404 0.10249 13
-0.55387 -0.17491 95.45338 0 5.27500 15.42500 83.79345 0.11646 -13
0.06792 -0.02003 37.60126 0 0.60000 -3.30000 37.51486 0.10096 13
-0.58026 -0.09110 57.09640 0 2.75000 19.97500 49.43598 0.11679 13
-0.66376 -0.07134 97.35116 0 2.15000 18.50000 81.17266 0.12108 13
-1.55510 -0.23385 91.15598 0 7.05000 49.37500 50.23313 0.18765 13
-0.19998 0.11626 40.06650 0 -3.52500 5.22500 39.29861 0.10337 13
1.25716 -0.16506 89.04255 0 4.97500 -40.02500 55.88658 0.16261 13
-1.54041 -0.07033 3.07674 0 1.85000 45.15000 1.67793 0.18511 13
-0.21940 -0.10505 75.92946 0 3.17500 6.95000 74.18385 0.10364 -13
-1.29222 -0.20412 42.73414 0 6.12500 37.82500 26.48665 0.16581 13
-0.44273 -0.10690 94.75390 0 3.22500 11.90000 86.72253 0.11066 -13
0.72183 0.01844 37.32382 0 -0.57500 -18.92500 30.26495 0.12421 13
1.36478 0.08274 55.00613 0 -2.50000 -41.50000 32.58273 0.17060 13
1.47145 -0.06907 3.25170 0 2.37500 -44.75000 1.83086 0.17950 -13
-0.40150 -0.11187 84.51554 0 3.37500 13.32500 78.49726 0.10910 -13
-0.55927 -0.22726 36.70400 0 6.87500 20.72500 32.22369 0.11764 -13
-0.69658 0.01174 19.60500 0 -0.32500 20.72500 16.08722 0.12273 -13
-0.41479 -0.04841 99.34707 0 1.45000 12.47500 91.78172 0.10913 13
-1.11779 -0.06269 58.81083 0 1.87500 34.95000 39.25265 0.15117 13
1.53044 -0.09756 45.89435 0 2.92500 -46.17500 25.18720 0.18435 13
0.86287 0.02484 89.98587 0 -0.75000 -26.02500 68.13793 0.13302 -13
-2.13282 -0.19386 6.57927 0 6.02500 63.80000 2.83555 0.23830 -13
-0.84340 0.04106 24.81745 0 -1.27500 27.12500 18.97793 0.13180 13
-1.02730 0.06798 48.26407 0 -2.02500 31.35000 33.70489 0.14454 -13
-1.70397 -0.05368 46.13061 0 1.65000 48.37500 23.37332 0.19905 -13
-0.30984 0.05014 60.46983 0 -1.52500 10.00000 57.76702 0.10555 13
0.22496 -0.11237 42.87070 0 3.40000 -5.72500 41.83801 0.10384 -13
-1.11157 -0.10776 87.99660 0 3.25000 32.80000 59.04100 0.15096 -13
0.94624 0.03830 54.63625 0 -1.15000 -25.50000 39.69909 0.13869 -13
0.50127 0.07480 49.81002 0 -2.25000 -16.42500 44.55360 0.11290 -13
-0.40428 -0.14636 1.77976 0 4.12500 12.00000 1.65149 0.10973 13
-0.75100 -0.00833 45.76480 0 0.25000 22.67500 36.59448 0.12594 13
0.21245 -0.14277 94.43771 0 4.30000 -3.62500 92.41583 0.10395 -13
0.10494 -0.14542 75.36622 0 4.40000 -2.30000 74.96306 0.10231 -13
-0.21924 -0.23564 5.24749 0 7.20000 8.45000 5.13204 0.10588 -13
0.36540 0.06921 30.43321 0 -2.07500 -13.70000 28.59269 0.10744 -13
-0.39092 -0.08366 37.75687 0 2.50000 10.00000 35.18143 0.10845 13
-1.24378 -0.17982 43.01492 0 5.40000 40.60000 27.21302 0.16171 13
-0.54750 -0.24774 79.34588 0 7.47500 14.67500 70.06573 0.11748 13
0.18479 -0.02176 15.16432 0 0.62500 -6.37500 14.91201 0.10243 13
1.37024 0.10665 22.36366 0 -3.25000 -41.12500 13.23183 0.17119 13
1.59321 -0.23457 50.82270 0 7.05000 -47.55000 27.53827 0.19087 13
-2.01465 0.09723 79.50427 0 -2.95000 63.42500 35.48215 0.22673 13
-0.81786 -0.07295 96.12065 0 2.20000 23.62500 74.48446 0.13030 -13
0.19811 0.11582 77.52140 0 -3.47500 -7.32500 76.06243 0.10331 -13
0.71436 0.08696 58.40884 0 -2.62500 -18.90000 47.58771 0.12407 13
0.43444 -0.05489 78.10137 0 1.65000 -11.12500 71.65027 0.10993 13
-1.66082 0.14205 75.00860 0 -4.30000 51.42500 38.97513 0.19575 13
-1.69778 -0.25703 75.00860 0 7.75000 52.55000 38.97513 0.20008 13
0.07642 -0.16376 87.75026 0 4.92500 -3.07500 87.50181 0.10233 13
1.50682 -0.04527 14.28203 0 1.30000 -41.75000 7.90362 0.18215 13
-0.04982 -0.00056 5.42978 0 0.10000 0.27500 5.42305 0.10085 -13
0.90056 -0.12892 19.79384 0 3.85000 -28.57500 14.76245 0.13613 13
1.79284 0.00237 40.59402 0 -0.05000 -52.10000 19.77420 0.20674 -13
-0.43395 -0.24030 25.77859 0 7.22500 12.75000 23.75091 0.11240 13
-0.19378 0.08926 1.61292 0 -3.00000 5.82500 1.58383 0.10329 13
-1.77376 -0.19852 98.31339 0 5.97500 53.22500 48.99171 0.20601 13
0.09769 0.08176 82.09067 0 -2.45000 -1.82500 81.70420 0.10152 -13
0.57933 0.05812 12.24706 0 -1.70000 -18.25000 10.60184 0.11652 -13
1.54366 0.03512 67.66344 0 -1.07500 -47.07500 36.80417 0.18526 13
-1.22556 0.08880 15.73368 0 -2.62500 37.22500 9.97031 0.15953 -13
0.19400 0.01335 49.17752 0 -0.40000 -6.35000 48.27751 0.10259 -13
-0.35935 -0.06971 17.15924 0 2.12500 8.02500 16.15265 0.10725 -13
0.29175 -0.22410 51.00310 0 6.75000 -8.37500 49.05410 0.10729 13
-0.88095 -0.03044 30.40057 0 0.90000 28.85000 22.81615 0.13424 13
0.35120 -0.00292 64.16685 0 0.10000 -9.32500 60.54162 0.10673 -13
0.15781 -0.15110 93.79237 0 4.55000 -2.57500 92.67114 0.10308 13
-0.79844 -0.16606 31.50712 0 5.02500 24.25000 24.75041 0.12996 -13
0.75247 -0.13560 30.52590 0 4.10000 -22.70000 24.47181 0.12678 -13
0.64964 -0.02499 48.01710 0 0.75000 -19.00000 40.27001 0.12011 13
0.75070 -0.22131 29.91993 0 6.65000 -22.55000 24.13163 0.12786 13
-2.03070 -0.07582 37.31573 0 2.32500 62.47500 16.52312 0.22809 -13
-0.00312 0.03295 4.68091 0 -1.10000 -0.20000 4.68089 0.10080 13
-0.41258 -0.19974 70.40218 0 6.02500 11.87500 65.26292 0.11078 -13
-1.13453 -0.02056 63.79154 0 0.60000 31.87500 42.18646 0.15231 13
-0.77808 0.13516 98.32080 0 -4.07500 24.37500 77.86246 0.12832 -13
-0.79754 -0.26425 98.32080 0 7.97500 24.97500 77.86246 0.13153 -13
-0.17133 -0.16396 60.52635 0 4.95000 6.35000 59.67935 0.10349 13
-1.50307 -0.17246 26.47134 0 5.17500 46.10000 14.81211 0.18261 13
-1.03277 -0.02945 19.82383 0 0.92500 31.90000 13.79255 0.14482 -13
1.91919 0.11519 9.82133 0 -3.57500 -58.15000 4.56225 0.21833 13
1.98272 -0.28582 9.82133 0 8.50000 -59.97500 4.56225 0.22519 13
-1.59209 -0.12136 93.97335 0 3.67500 47.92500 50.24589 0.18972 -13
0.52263 0.07454 80.91982 0 -2.25000 -17.05000 71.75853 0.11387 13
0.56713 -0.10975 50.96404 0 3.32500 -18.60000 44.39567 0.11630 -13
1.70260 -0.17569 46.78329 0 5.32500 -52.00000 23.96135 0.19966 -13
-0.35451 -0.10703 28.90561 0 3.25000 8.82500 27.26151 0.10739 -13
-1.14118 0.01641 46.93409 0 -0.47500 34.32500 30.93871 0.15279 -13
-0.02464 0.13688 51.07346 0 -4.12500 -0.25000 51.05825 0.10167 -13
-0.02525 -0.26244 51.07346 0 7.92500 -0.22500 51.05825 0.10415 -13
-0.63239 -0.25206 3.81588 0 7.45000 20.67500 3.25313 0.12171 13
-1.22576 0.08392 71.13745 0 -2.55000 37.32500 45.06361 0.15953 13
1.66852 -0.15650 54.48409 0 4.75000 -51.67500 28.25889 0.19654 -13
-0.21866 -0.10742 95.27969 0 3.22500 9.80000 93.10462 0.10365 13
0.82514 -0.18635 2.32504 0 5.90000 -26.67500 1.80553 0.13228 -13
0.62389 0.12285 45.68515 0 -3.72500 -19.95000 38.84147 0.11934 13
0.64259 -0.27727 45.68515 0 8.35000 -20.50000 38.84147 0.12290 13
0.45212 0.07767 43.77362 0 -2.35000 -15.30000 39.90654 0.11080 13
-0.15881 -0.24156 97.60684 0 7.30000 4.85000 96.46421 0.10483 -13
-0.41815 -0.23118 76.44418 0 6.97500 12.87500 70.79459 0.11161 -13
-1.57809 -0.07031 55.34213 0 2.10000 48.50000 29.67550 0.18826 13
-1.09329 0.11554 40.14892 0 -3.47500 34.42500 27.19536 0.14965 -13
-0.02635 -0.14472 61.39559 0 4.37500 -1.55000 61.37473 0.10179 -13
0.39249 -0.15225 27.02879 0 4.62500 -11.17500 25.19811 0.10927 -13
0.44608 -0.03991 27.05493 0 1.17500 -12.65000 24.71132 0.11034 13
-0.60455 0.00260 94.04098 0 -0.07500 15.55000 80.47774 0.11768 13
-0.21547 -0.18104 90.32409 0 5.47500 2.60000 88.35996 0.10462 -13
-0.01188 0.06912 77.19973 0 -2.07500 -1.92500 77.19430 0.10095 -13
0.35849 0.02498 14.69266 0 -0.72500 -10.85000 13.83129 0.10701 -13
0.57471 -0.04062 39.50515 0 1.20000 -16.37500 34.25828 0.11622 13
-0.01647 0.03639 14.61527 0 -1.12500 2.62500 14.61329 0.10079 13
-1.75081 -0.10880 37.60197 0 3.25000 52.50000 18.73201 0.20332 13
-0.63707 -0.18182 81.81030 0 5.47500 17.77500 69.31947 0.12080 13
0.41496 0.02876 9.03725 0 -0.80000 -12.50000 8.34774 0.10906 -13
-0.56637 0.06219 6.20636 0 -1.97500 16.57500 5.40269 0.11594 13
-0.79146 -0.23375 34.71426 0 7.07500 24.17500 27.49571 0.13059 -13
0.46872 0.07632 4.84014 0 -2.42500 -14.02500 4.38501 0.11154 13
0.66915 -0.21982 76.05451 0 6.65000 -21.05000 63.66396 0.12318 -13
-1.10485 0.14026 5.64861 0 -4.10000 33.15000 3.81080 0.15066 -13
-1.13026 -0.25872 5.64861 0 7.95000 33.97500 3.81080 0.15440 -13
0.73735 -0.02152 77.28877 0 0.65000 -21.37500 62.21170 0.12514 -13
-0.03975 -0.13581 32.18266 0 4.10000 2.00000 32.15770 0.10171 -13
-0.52605 -0.18985 31.16715 0 5.75000 16.42500 27.68802 0.11540 -13
2.06098 -0.09597 15.51886 0 2.95000 -62.07500 6.80091 0.23090 -13
-0.01741 -0.23370 93.17361 0 7.05000 -2.15000 93.16024 0.10343 13
0.19985 0.33368 93.17361 0 6.97500 -2.20000 93.16024 0.10349 13
-0.36794 -0.23635 93.17361 0 8.35000 -3.07500 93.16024 0.11513 13
2.86634 -0.00655 93.17361 0 -4.00000 -5.57500 93.16024 0.13128 13
-10.64278 -7.64444 93.17361 0 -3.60000 -5.25000 93.16024 0.13410 13
-23.59206 -14.27218 93.17361 0 -3.12500 -4.55000 93.16024 0.13935 13
0.57767 0.67329 93.17361 0 -2.62500 -4.25000 93.16024 0.14344 13
0.39739 0.05141 91.71987 0 -1.55000 -12.75000 85.25143 0.10849 13
1.22216 -0.12810 72.29820 0 3.87500 -38.32500 46.00625 0.15955 -13
0.03029 -0.05852 30.59603 0 1.77500 -0.47500 30.58205 0.10092 -13
1.01064 -0.23666 65.76899 0 7.12500 -30.30000 46.89066 0.14514 13
-2.08826 -0.10326 51.17242 0 3.10000 61.90000 22.19636 0.23339 13
-0.25085 -0.19424 98.27896 0 5.87500 6.72500 95.42844 0.10565 -13
0.27818 0.03981 29.06260 0 -1.17500 -6.07500 28.00110 0.10460 -13
0.28993 0.02822 95.06903 0 -0.85000 -8.57500 91.31174 0.10489 13
1.67593 0.11350 31.62985 0 -3.40000 -48.17500 16.28300 0.19685 -13
0.83866 -0.11933 60.57405 0 3.60000 -26.70000 46.54770 0.13197 13
-0.23982 -0.16525 42.24582 0 4.97500 9.82500 41.11068 0.10488 13
0.70521 -0.24207 49.96185 0 7.32500 -23.25000 41.21047 0.12563 -13
-0.98274 0.03909 86.86113 0 -1.17500 27.05000 61.97542 0.14125 13
-1.78243 -0.09086 59.68651 0 2.75000 52.77500 29.29592 0.20604 -13
1.74819 -0.11412 46.88826 0 3.42500 -53.90000 23.39492 0.20313 13
-0.90419 -0.11829 54.92824 0 3.57500 28.12500 40.86947 0.13629 -13
0.34575 0.11958 36.28556 0 -3.62500 -11.32500 34.31949 0.10724 13
0.35659 -0.28076 36.28556 0 8.45000 -11.65000 34.31949 0.11058 13
1.44238 0.00792 69.21175 0 -0.25000 -43.82500 39.43501 0.17675 13
-2.04790 0.12926 40.00913 0 -3.87500 57.95000 17.67356 0.22983 -13
-2.10390 -0.27040 40.00913 0 8.20000 59.65000 17.67356 0.23621 -13
1.21792 0.04327 2.44327 0 -1.00000 -37.32500 1.55110 0.15886 -13
-0.54269 -0.21124 8.03803 0 6.45000 14.65000 7.09908 0.11661 -13
0.91446 -0.10128 12.12639 0 3.10000 -25.00000 8.96957 0.13687 -13
0.28222 -0.15817 20.05227 0 4.80000 -8.55000 19.31586 0.10586 -13
0.40326 0.00867 95.47721 0 -0.25000 -10.87500 88.54908 0.10859 -13
-1.84661 -0.05429 6.48237 0 1.47500 55.60000 3.09005 0.21153 13
1.57492 -0.10419 2.02356 0 3.60000 -47.85000 1.08854 0.18879 -13
-1.92596 -0.07402 47.94886 0 2.25000 58.72500 22.14247 0.21868 -13
-0.25182 -0.24498 86.44769 0 7.40000 9.32500 83.97232 0.10674 -13
-0.22966 0.12714 50.29367 0 -3.85000 3.92500 49.03702 0.10412 13
-0.23616 -0.27273 50.29367 0 8.22500 4.12500 49.03702 0.10704 13
1.97309 0.03393 38.11804 0 -1.05000 -61.27500 17.23971 0.22280 13
0.45138 -0.03986 53.00858 0 1.20000 -11.82500 48.32114 0.11056 -13
-0.34767 0.07847 54.43178 0 -2.37500 13.05000 51.43017 0.10691 13
0.17278 -0.18621 97.16084 0 5.60000 -6.35000 95.78877 0.10390 13
0.92826 -0.11837 33.15502 0 3.60000 -29.42500 24.37791 0.13793 -13
-1.95360 -0.02593 70.44360 0 0.80000 57.65000 32.10608 0.22102 -13
0.54754 -0.18957 2.56767 0 5.50000 -17.65000 2.26096 0.11634 13
-0.57868 0.07245 7.82147 0 -2.25000 17.70000 6.77390 0.11661 13
-0.77050 -0.19439 21.26359 0 5.82500 23.00000 16.95919 0.12860 13
0.54540 -0.15763 5.57940 0 4.65000 -16.65000 4.91154 0.11577 13
-0.21202 -0.22068 56.25091 0 6.65000 7.62500 55.08272 0.10531 13
-0.71636 0.01121 59.15556 0 -0.35000 22.95000 48.09074 0.12388 13
1.02358 -0.22196 60.29433 0 6.67500 -32.35000 42.65016 0.14582 13
-0.37560 -0.11481 84.15597 0 3.47500 11.60000 78.84542 0.10819 -13
0.14230 -0.19566 61.43079 0 5.90000 -2.90000 60.84037 0.10361 13
1.03061 -0.04778 76.16552 0 1.45000 -34.35000 53.07117 0.14469 -13
0.01129 0.01400 26.55084 0 -0.45000 -1.87500 26.54915 0.10072 13
0.32583 -0.06190 29.82846 0 1.85000 -9.67500 28.36618 0.10609 13
-0.61547 0.14706 84.81613 0 -4.42500 19.17500 72.44223 0.11917 -13
-0.62793 -0.25181 84.81613 0 7.60000 19.55000 72.44223 0.12160 -13
-0.35673 -0.23910 66.86909 0 7.22500 10.15000 63.17482 0.10960 -13
0.44285 -0.11505 73.51969 0 3.47500 -12.35000 67.29510 0.11074 13
-0.11966 -0.13188 43.94623 0 3.97500 4.87500 43.64031 0.10228 13
1.24055 0.13224 19.92247 0 -3.95000 -39.50000 12.56883 0.16099 -13
1.27299 -0.26730 19.92247 0 8.10000 -40.50000 12.56883 0.16528 -13
0.72698 -0.19408 94.58871 0 5.85000 -21.77500 76.99326 0.12604 -13
0.52015 -0.05468 34.75339 0 1.67500 -11.27500 30.84169 0.11365 -13
-0.69173 0.06203 48.78944 0 -1.85000 21.20000 40.15005 0.12261 -13
-1.67473 0.05464 92.89226 0 -1.65000 52.32500 47.67562 0.19651 13
0.42615 0.08549 30.96493 0 -2.60000 -12.75000 28.50194 0.10981 13
0.32312 -0.14734 90.51107 0 4.45000 -9.72500 86.21300 0.10687 -13
-1.14956 0.00951 10.66672 0 -0.22500 35.80000 7.00115 0.15343 -13
-0.42887 -0.00954 18.85700 0 0.25000 13.70000 17.33070 0.10958 13
-0.04099 -0.22802 13.23445 0 6.82500 2.25000 13.22388 0.10334 13
1.65521 -0.12423 87.76851 0 3.72500 -49.07500 45.63984 0.19514 13
-1.81127 -0.18440 51.91042 0 5.57500 58.80000 25.41185 0.20921 -13
0.28851 0.13947 2.51496 0 -4.00000 -8.65000 2.41817 0.10575 -13
0.29502 -0.25874 2.51496 0 8.05000 -8.87500 2.41817 0.10849 -13
0.08991 -0.00178 72.86494 0 0.05000 -1.65000 72.57221 0.10111 13
0.64898 0.01811 70.84552 0 -0.55000 -18.75000 59.43064 0.12006 -13
-0.89939 -0.04439 79.46724 0 1.35000 27.37500 59.11110 0.13551 -13
1.17401 0.07318 48.14935 0 -2.22500 -36.05000 31.27062 0.15548 13
-1.02086 -0.22491 18.93391 0 6.82500 31.32500 13.41528 0.14572 -13
0.31145 0.11704 40.40702 0 -3.52500 -9.17500 38.60212 0.10613 -13
1.17020 0.01230 86.15357 0 -0.37500 -35.42500 55.97258 0.15501 13
1.64916 -0.14629 77.43286 0 4.42500 -50.10000 40.45955 0.19479 -13
0.90381 0.05126 21.69346 0 -1.57500 -24.22500 16.10347 0.13585 13
0.90588 0.08008 97.57222 0 -2.40000 -23.87500 72.41786 0.13612 -13
-1.20478 -0.14670 40.99091 0 4.40000 39.05000 26.34463 0.15835 13
-1.02953 0.12959 66.67383 0 -3.92500 29.65000 46.65316 0.14513 13
-1.05758 -0.27016 66.67383 0 8.12500 30.50000 46.65316 0.14906 13
-0.73241 -0.03644 65.03660 0 1.10000 24.75000 52.48160 0.12488 13
-0.77091 -0.06614 6.37544 0 1.90000 22.80000 5.05358 0.12731 13
-0.54692 0.06852 80.79578 0 -2.05000 16.12500 70.92477 0.11499 -13
0.70122 0.03332 47.94484 0 -1.00000 -20.42500 39.26290 0.12304 -13
-0.19947 0.13646 32.30436 0 -4.12500 6.65000 31.69135 0.10361 13
-0.20433 -0.26292 32.30436 0 7.92500 6.80000 31.69135 0.10613 13
0.64881 0.03769 75.02016 0 -1.15000 -20.90000 62.94764 0.12010 13
-0.05057 -0.15907 18.25183 0 4.82500 -2.55000 18.22910 0.10211 -13
-0.36727 0.03203 79.14210 0 -0.95000 10.57500 74.29491 0.10733 -13
-0.56024 -0.21560 33.81243 0 6.47500 17.10000 29.65627 0.11744 13
-0.05149 -0.03636 46.42368 0 1.07500 -1.05000 46.36235 0.10090 13
1.27677 -0.03400 85.16978 0 1.02500 -37.57500 52.53492 0.16336 13
-0.08998 -0.06641 51.96633 0 2.00000 2.50000 51.75812 0.10133 13
-1.39178 -0.24282 68.96388 0 7.35000 43.97500 41.00008 0.17433 -13
0.83123 -0.01637 98.60392 0 0.50000 -25.00000 75.83217 0.13096 13
-0.75568 -0.16025 9.81565 0 4.90000 20.62500 7.86689 0.12730 -13
0.18200 -0.23731 89.72683 0 7.15000 -5.22500 88.35224 0.10511 13
1.20396 0.14084 88.39170 0 -4.25000 -35.82500 56.80536 0.15824 -13
1.23131 -0.25828 88.39170 0 7.80000 -36.65000 56.80536 0.16185 -13
-0.74585 0.13759 37.85291 0 -4.17500 21.15000 30.44416 0.12638 13
-0.76381 -0.26178 37.85291 0 7.87500 21.67500 30.44416 0.12941 13
-0.87767 0.01146 62.41403 0 -0.32500 24.22500 46.91054 0.13399 -13
1.20543 0.10322 74.65292 0 -3.10000 -36.27500 47.81377 0.15806 -13
0.54661 -0.05261 95.24850 0 1.60000 -17.97500 83.60411 0.11489 -13
0.19741 -0.00298 15.19603 0 0.12500 -5.87500 14.90828 0.10265 -13
-0.74578 -0.00388 70.77133 0 0.12500 23.75000 56.73179 0.12563 -13
-0.90640 -0.00699 78.37087 0 0.22500 26.62500 58.06783 0.13592 -13
-1.45544 0.12363 34.95587 0 -3.75000 41.60000 19.89665 0.17829 13
-1.49862 -0.27644 34.95587 0 8.32500 42.87500 19.89665 0.18352 13
-0.42114 -0.04133 77.96904 0 1.25000 11.97500 71.86608 0.10935 -13
-1.28381 0.08624 3.31885 0 -2.35000 38.10000 2.04412 0.16409 -13
-0.17685 -0.13249 62.75764 0 4.00000 7.45000 61.81496 0.10313 13
-0.41833 -0.12560 1.18738 0 3.35000 10.55000 1.09661 0.11014 13
-0.64367 0.12545 7.31032 0 -3.70000 20.47500 6.16051 0.12041 -13
-0.66329 -0.27464 7.31032 0 8.37500 21.05000 6.16051 0.12402 -13
-1.04576 -0.04140 83.98261 0 1.25000 31.52500 58.06781 0.14576 13
1.00084 -0.03674 40.14676 0 1.12500 -29.45000 28.38544 0.14253 -13
-0.42181 0.02001 9.51413 0 -0.55000 12.40000 8.76651 0.10932 -13
-1.16540 -0.08782 22.32799 0 2.62500 35.97500 14.57223 0.15488 13
-1.33625 -0.13869 43.30120 0 4.17500 37.87500 26.10265 0.16863 13
-0.92346 -0.12607 36.00695 0 3.77500 30.37500 26.54852 0.13765 13
-0.60431 0.06170 4.33253 0 -2.00000 17.42500 3.70953 0.11791 13
