0.55904 -0.06631 44.74573 0 1.97500 -18.60000 39.07739 0.11556 13
1.26738 0.04751 19.78533 0 -1.47500 -38.32500 12.26399 0.16266 13
1.52841 -0.03975 31.65281 0 1.22500 -46.50000 17.34005 0.18398 -13
-1.54867 -0.07643 35.45213 0 2.32500 47.05000 19.27111 0.18581 -13
0.66094 0.12757 91.79113 0 -3.85000 -17.25000 76.76352 0.12139 13
0.67950 -0.27227 91.79113 0 8.20000 -17.82500 76.76352 0.12479 13
0.01606 0.05352 99.19818 0 -1.62500 -2.60000 99.18543 0.10086 13
-0.22736 -0.00300 54.69776 0 0.07500 8.70000 53.33650 0.10327 13
-1.12320 -0.05028 62.30552 0 1.52500 32.97500 41.46000 0.15154 -13
-0.87911 0.08170 77.85997 0 -2.45000 24.55000 58.56080 0.13433 -13
-0.60568 -0.13287 6.75202 0 3.92500 20.00000 5.78867 0.11847 13
0.43646 -0.00751 15.33441 0 0.25000 -14.12500 14.05413 0.10988 -13
-0.75681 0.04366 71.49635 0 -1.30000 20.97500 57.03010 0.12637 -13
0.47052 -0.15138 24.21576 0 4.60000 -13.50000 21.95606 0.11236 -13
-0.66284 -0.03837 98.71872 0 1.17500 18.82500 82.30248 0.12088 -13
0.76167 0.01674 90.93710 0 -0.50000 -22.75000 72.34633 0.12659 -13
-0.23065 0.09470 39.04673 0 -2.87500 8.15000 38.05658 0.10379 13
0.44945 0.08603 77.29045 0 -2.60000 -12.97500 70.54068 0.11074 -13
-1.43497 -0.16362 89.11316 0 4.92500 42.12500 51.40267 0.17689 13
-1.41364 0.10517 65.93733 0 -3.17500 41.75000 38.21967 0.17470 13
0.68778 -0.18871 78.06981 0 5.67500 -21.67500 64.68291 0.12368 13
0.71424 0.02691 86.20706 0 -0.82500 -22.05000 70.15951 0.12378 13
0.07999 -0.09234 86.43711 0 2.80000 -3.82500 86.16415 0.10145 -13
0.95994 -0.11878 68.87105 0 3.60000 -31.27500 49.85085 0.14011 -13
0.48403 -0.18984 40.15890 0 5.75000 -15.30000 36.26719 0.11351 -13
-0.10235 -0.06555 69.73523 0 1.97500 5.47500 69.37434 0.10144 13
0.13672 0.11078 40.68264 0 -3.32500 -1.90000 40.31208 0.10225 -13
-1.09903 0.12426 60.70584 0 -3.75000 32.97500 41.02542 0.15016 13
-1.13132 -0.27577 60.70584 0 8.30000 33.95000 41.02542 0.15456 13
-0.77697 -0.22531 14.38452 0 6.75000 20.95000 11.46351 0.12949 13
-1.45549 -0.06985 32.38795 0 2.07500 44.52500 18.37005 0.17797 13
0.13541 0.12328 82.87181 0 -3.72500 -7.30000 82.13345 0.10238 -13
0.13944 -0.27678 82.87181 0 8.35000 -7.40000 82.13345 0.10544 -13
-1.68502 0.11165 48.51780 0 -3.35000 49.47500 24.87494 0.19763 -13
0.83512 0.07958 38.42080 0 -2.42500 -24.17500 29.52848 0.13145 13
-0.48657 0.12950 97.97061 0 -3.92500 14.42500 88.23540 0.11275 13
-0.49985 -0.27023 97.97061 0 8.15000 14.82500 88.23540 0.11582 13
2.03242 0.09486 3.90164 0 -3.15000 -62.95000 1.72871 0.22861 13
1.72775 0.06155 15.71219 0 -1.80000 -53.25000 7.88216 0.20111 -13
-0.63851 -0.23096 68.34665 0 6.95000 19.27500 58.03275 0.12171 13
0.14386 -0.06821 4.14961 0 2.17500 -4.95000 4.10732 0.10204 -13
-0.61819 0.04846 14.63668 0 -1.50000 19.50000 12.45373 0.11850 13
-0.08397 0.11750 37.53712 0 -3.55000 0.40000 37.40733 0.10175 13
-0.49597 0.13821 67.25318 0 -4.15000 14.80000 60.36198 0.11326 -13
-0.50776 -0.26104 67.25318 0 7.87500 15.15000 60.36198 0.11597 -13
-1.76915 -0.01231 85.63305 0 0.35000 52.30000 42.14008 0.20465 13
-1.05864 -0.01357 92.64432 0 0.42500 32.22500 63.62049 0.14666 -13
0.72441 0.11313 22.11468 0 -3.45000 -22.95000 17.94801 0.12489 13
0.31723 -0.08986 36.47351 0 2.70000 -8.80000 34.77883 0.10603 13
-1.00802 -0.01985 4.90558 0 0.45000 31.40000 3.45550 0.14301 13
1.02450 0.01261 84.56664 0 -0.37500 -30.77500 59.07207 0.14418 -13
-1.57157 0.09062 90.35452 0 -2.75000 45.10000 48.64700 0.18782 13
-0.04760 0.05635 73.16685 0 -1.70000 3.07500 73.08436 0.10097 -13
-1.15284 -0.18898 33.17156 0 5.67500 33.70000 21.95230 0.15484 13
-1.15262 0.02744 45.68304 0 -0.82500 34.30000 29.94372 0.15369 -13
-1.02495 0.02781 45.37023 0 -0.85000 31.97500 31.69045 0.14423 13
-1.64512 0.06870 61.74568 0 -2.05000 50.85000 32.12792 0.19399 -13
0.00681 -0.15396 58.35743 0 4.62500 -2.05000 58.35610 0.10189 13
-0.01110 -0.04602 89.00117 0 1.37500 0.40000 88.99571 0.10082 13
-0.66200 0.12815 33.46262 0 -3.85000 16.37500 27.97147 0.12145 -13
-0.68038 -0.27162 33.46262 0 8.20000 16.95000 27.97147 0.12486 -13
-1.84389 -0.02488 32.83111 0 0.77500 56.40000 15.65571 0.21125 -13
0.06182 -0.21137 64.81303 0 6.37500 -0.42500 64.69480 0.10311 13
0.29963 -0.08417 23.40785 0 2.52500 -8.22500 22.42945 0.10546 13
0.80903 -0.11368 26.02802 0 3.40000 -23.67500 20.28649 0.13003 13
0.79453 0.09995 17.52548 0 -2.97500 -25.25000 13.74770 0.12900 -13
0.44651 0.00297 13.37597 0 -0.12500 -15.80000 12.21380 0.11029 13
-0.93913 0.05055 84.04528 0 -1.52500 28.90000 61.30091 0.13824 -13
0.03206 -0.07858 76.75770 0 2.37500 -1.32500 76.71849 0.10106 13
0.57776 -0.24196 3.92965 0 7.15000 -16.60000 3.42609 0.11874 13
-0.45414 -0.19941 10.05196 0 6.07500 14.52500 9.18240 0.11246 -13
1.08686 0.12149 39.21074 0 -3.65000 -32.05000 26.65356 0.14923 -13
1.11999 -0.27869 39.21074 0 8.42500 -33.05000 26.65356 0.15382 -13
-0.56211 -0.17240 26.26052 0 5.22500 16.55000 22.97156 0.11684 -13
1.15274 0.05421 92.42493 0 -1.62500 -33.27500 60.61470 0.15378 -13
-1.62380 -0.15334 9.10462 0 4.52500 47.77500 4.81430 0.19258 13
0.89998 0.10482 51.57600 0 -3.17500 -26.65000 38.43033 0.13590 13
1.67567 0.11878 62.56408 0 -3.60000 -48.17500 32.22725 0.19689 13
1.72868 -0.28161 62.56408 0 8.47500 -49.75000 32.22725 0.20308 13
0.17358 -0.03441 1.08024 0 1.50000 -6.50000 1.06438 0.10282 -13
0.34144 -0.13507 63.66202 0 4.07500 -9.87500 60.30347 0.10728 -13
0.49194 0.04916 99.62227 0 -1.47500 -16.87500 89.41194 0.11234 -13
0.33199 -0.09305 76.54399 0 2.80000 -10.65000 72.67629 0.10652 13
-0.49935 0.10915 38.22798 0 -3.30000 15.67500 34.24108 0.11310 13
0.06984 -0.14627 36.52917 0 4.42500 -2.10000 36.44227 0.10202 -13
-0.25971 -0.15343 13.11578 0 4.67500 7.97500 12.70384 0.10521 -13
0.68474 0.04564 10.62153 0 -1.32500 -19.67500 8.76666 0.12213 -13
-0.20462 -0.17799 30.65354 0 5.35000 6.07500 30.04976 0.10433 13
0.31710 -0.21169 11.03050 0 6.35000 -11.02500 10.53525 0.10775 13
-0.95222 -0.01563 85.07561 0 0.47500 29.00000 61.61469 0.13907 -13
-0.07439 -0.18277 87.88503 0 5.50000 2.62500 87.65070 0.10264 13
-0.49179 -0.20083 38.54399 0 6.07500 13.77500 34.71867 0.11404 -13
0.06147 -0.04564 81.89942 0 1.37500 -1.37500 81.74546 0.10100 13
0.25955 -0.01043 19.23055 0 0.30000 -6.87500 18.61385 0.10405 13
0.19763 -0.13970 60.27065 0 4.20000 -4.62500 59.14816 0.10360 13
0.46690 0.08866 34.50936 0 -2.70000 -15.80000 31.29115 0.11150 13
-1.12734 -0.12664 51.51176 0 3.80000 34.57500 34.33534 0.15228 13
0.50198 -0.20125 26.17179 0 6.10000 -18.52500 23.48244 0.11450 -13
-0.88188 0.03627 93.26910 0 -1.10000 27.00000 69.97281 0.13432 13
1.62347 0.14184 35.12084 0 -4.25000 -48.82500 18.55287 0.19252 -13
1.65972 -0.25729 35.12084 0 7.77500 -49.95000 18.55287 0.19688 -13
-1.07587 0.08786 94.03597 0 -2.65000 31.20000 64.15174 0.14818 -13
0.28933 -0.01006 66.93036 0 0.30000 -6.50000 64.29355 0.10484 13
1.40999 0.08739 90.90130 0 -2.62500 -40.60000 52.71988 0.17430 -13
2.04739 -0.02596 80.94149 0 0.80000 -60.77500 35.53327 0.22947 -13
1.35108 0.06888 40.52539 0 -2.10000 -41.20000 24.14641 0.16942 13
0.18050 -0.23650 62.10792 0 7.15000 -8.50000 61.17138 0.10507 -13
-0.93524 -0.06498 60.80933 0 1.95000 30.35000 44.45633 0.13802 13
-0.36352 0.05012 59.13178 0 -1.52500 10.55000 55.58168 0.10727 13
-1.19136 0.01640 70.18744 0 -0.50000 34.90000 45.12791 0.15665 13
-0.71368 0.05967 9.56679 0 -1.85000 21.32500 7.79153 0.12389 13
-1.80108 0.13584 14.45836 0 -4.02500 53.37500 7.06754 0.20785 -13
-1.84541 -0.26344 14.45836 0 8.02500 54.77500 7.06754 0.21318 -13
0.64785 -0.09130 79.99049 0 2.75000 -18.70000 67.21538 0.12034 13
-0.77104 -0.12617 73.87095 0 3.82500 25.05000 58.67230 0.12780 -13
0.55533 -0.21944 45.75923 0 6.62500 -15.70000 40.22309 0.11730 -13
1.34356 0.12041 25.54380 0 -3.67500 -39.90000 15.32169 0.16911 13
1.38528 -0.27994 25.54380 0 8.40000 -41.12500 15.32169 0.17428 13
-1.42806 -0.07488 54.56078 0 2.25000 42.10000 31.35484 0.17571 13
-0.81521 0.05387 87.84849 0 -1.62500 28.67500 68.12904 0.13004 13
0.77184 -0.08963 79.06149 0 2.70000 -24.12500 62.68028 0.12753 13
0.38185 0.04900 77.02500 0 -1.47500 -11.70000 71.96844 0.10791 13
1.97467 -0.15454 11.03889 0 4.57500 -60.90000 5.03417 0.22334 13
0.23792 0.01911 47.24775 0 -0.60000 -6.67500 45.96528 0.10353 13
-0.35799 -0.23825 60.94067 0 7.17500 11.52500 57.55081 0.10961 13
-1.66448 0.06705 98.54866 0 -2.02500 50.45000 50.83574 0.19566 13
-0.00236 -0.12810 15.16312 0 3.90000 -1.55000 15.16308 0.10154 -13
0.81589 0.07332 72.46270 0 -2.20000 -25.37500 56.20591 0.13018 -13
-0.04303 -0.07823 24.81800 0 2.35000 0.42500 24.79521 0.10110 13
-0.60851 -0.19591 6.82137 0 6.00000 19.07500 5.85721 0.11959 -13
-0.50547 -0.06260 35.02183 0 1.90000 16.05000 31.26814 0.11302 -13
0.11595 -0.08974 89.55032 0 2.70000 -5.00000 88.95908 0.10178 13
-1.44386 -0.05174 49.31074 0 1.57500 43.82500 28.10199 0.17694 -13
1.69630 -0.02017 93.19992 0 0.60000 -51.60000 47.33797 0.19831 13
-1.68819 -0.03240 53.79054 0 1.00000 50.50000 27.42508 0.19762 -13
1.47694 -0.07946 43.06539 0 2.37500 -45.35000 24.19667 0.17979 13
-0.45690 -0.03892 15.76888 0 1.20000 16.67500 14.34460 0.11080 -13
0.92057 -0.09505 38.19336 0 2.85000 -26.02500 28.15719 0.13721 13
0.01332 0.12252 66.75615 0 -3.70000 -0.12500 66.75031 0.10147 13
0.01373 -0.27762 66.75615 0 8.37500 -0.12500 66.75031 0.10451 13
0.55440 0.08365 84.53274 0 -2.52500 -16.77500 73.99196 0.11545 -13
-0.17123 -0.21534 99.96325 0 6.50000 6.60000 98.59149 0.10445 -13
1.66256 -0.16897 92.83548 0 5.10000 -50.35000 48.34545 0.19612 -13
0.27905 -0.23830 38.20461 0 7.20000 -8.10000 36.87037 0.10728 -13
1.46957 0.05835 84.03801 0 -1.75000 -45.00000 47.33239 0.17910 -13
-0.85765 -0.14740 69.07694 0 4.45000 28.40000 52.67198 0.13350 -13
-0.32718 0.00029 98.89966 0 -0.02500 9.02500 93.99662 0.10596 13
-0.23504 -0.12016 10.74760 0 3.57500 10.45000 10.46629 0.10414 13
0.00460 -0.14002 45.32095 0 4.22500 -1.60000 45.32048 0.10168 13
1.09199 -0.23506 78.38355 0 7.07500 -33.22500 53.70749 0.15097 13
-0.06030 0.14834 24.37163 0 -4.45000 0.70000 24.32844 0.10197 -13
-0.06146 -0.25046 24.37163 0 7.57500 0.75000 24.32844 0.10401 -13
0.40318 -0.11722 12.72664 0 3.50000 -10.97500 11.81465 0.10920 13
0.84246 -0.02581 18.76667 0 0.80000 -26.45000 14.35405 0.13171 -13
0.01648 -0.19082 70.94338 0 5.77500 -4.05000 70.93409 0.10254 -13
0.82484 -0.23802 38.38368 0 7.20000 -25.85000 29.93684 0.13274 -13
0.38720 0.03968 56.77779 0 -1.20000 -11.92500 52.95283 0.10806 13
-2.11485 -0.14780 33.62209 0 4.42500 61.37500 14.49988 0.23601 13
0.80723 -0.11165 80.94771 0 3.37500 -23.92500 63.14012 0.12991 -13
0.59430 -0.02643 17.79550 0 0.77500 -19.10000 15.29915 0.11717 13
1.09068 0.01751 99.60911 0 -0.52500 -33.15000 67.32134 0.14902 -13
1.31230 -0.08168 72.94978 0 2.45000 -38.67500 44.30849 0.16635 13
-0.61928 -0.03163 81.51514 0 0.95000 19.45000 69.31212 0.11849 13
0.16643 -0.05317 67.74977 0 1.60000 -8.12500 66.83312 0.10223 13
-0.04749 0.00230 36.25289 0 -0.05000 0.15000 36.21209 0.10082 -13
-1.97889 -0.02552 18.96340 0 0.70000 60.27500 8.55499 0.22328 13
0.28499 -0.08562 48.20691 0 2.60000 -7.35000 46.37372 0.10507 -13
0.36721 0.05079 32.98824 0 -1.55000 -8.80000 30.97120 0.10740 13
1.47072 -0.10155 77.08119 0 3.05000 -43.17500 43.49386 0.17938 13
0.51691 -0.11072 9.09966 0 3.40000 -18.75000 8.09417 0.11394 -13
1.43765 -0.13787 77.83694 0 4.15000 -45.42500 44.72871 0.17689 13
1.64743 0.10955 61.28566 0 -3.30000 -49.97500 31.93739 0.19439 -13
-0.19572 0.07063 46.87554 0 -2.12500 7.42500 46.00675 0.10286 -13
-1.06751 -0.20445 46.14191 0 6.17500 33.05000 31.88630 0.14876 -13
-0.44365 -0.23940 33.36440 0 7.20000 11.15000 30.63431 0.11277 13
-1.13227 -0.06775 33.53052 0 2.07500 34.55000 22.22454 0.15228 -13
0.08011 -0.03974 21.18608 0 1.17500 -1.67500 21.11853 0.10110 13
-0.49771 0.08054 69.28106 0 -2.42500 15.35000 62.06332 0.11278 -13
1.25740 -0.15159 77.00094 0 4.57500 -36.62500 48.26173 0.16251 -13
0.53818 -0.21547 4.09001 0 6.65000 -17.35000 3.61946 0.11656 -13
0.81428 0.02369 81.33120 0 -0.70000 -25.17500 63.07391 0.12989 -13
1.98204 -0.23647 2.64228 0 6.70000 -56.45000 1.21631 0.22427 13
1.02756 0.13133 43.55996 0 -3.97500 -28.92500 30.51284 0.14500 13
1.05487 -0.26832 43.55996 0 8.07500 -29.75000 30.51284 0.14882 13
-1.70004 -0.15905 13.14533 0 4.72500 49.52500 6.72717 0.19917 13
-0.52789 -0.07127 69.92736 0 2.15000 15.52500 61.87433 0.11410 13
0.55837 -0.19157 44.97505 0 5.77500 -17.55000 39.43436 0.11693 13
-0.33853 0.00642 9.05075 0 -0.12500 9.40000 8.57284 0.10633 -13
-0.07814 -0.13475 72.53170 0 4.07500 1.42500 72.31520 0.10192 -13
0.10123 -0.18478 11.01859 0 5.52500 -2.05000 10.96441 0.10289 13
0.89221 -0.02309 88.97595 0 0.70000 -26.77500 66.39971 0.13498 13
0.92773 -0.17975 31.31855 0 5.40000 -27.12500 23.12620 0.13855 13
-0.18141 -0.01319 56.72713 0 0.40000 2.17500 55.81624 0.10235 13
-1.06784 -0.02348 14.59688 0 0.65000 33.05000 9.97904 0.14734 13
-0.44912 0.05704 20.27631 0 -1.75000 13.65000 18.50168 0.11055 13
1.28684 -0.20377 92.79140 0 6.15000 -38.27500 57.65742 0.16539 13
1.11329 0.01920 63.04813 0 -0.60000 -31.65000 42.13563 0.15071 13
-1.29049 0.06842 55.09454 0 -2.07500 38.90000 33.79608 0.16456 13
0.86865 0.06500 17.81980 0 -1.92500 -27.87500 13.46514 0.13355 -13
-1.22550 -0.21589 23.69134 0 6.47500 39.07500 15.18245 0.16073 13
-0.05609 0.00592 95.58832 0 -0.17500 2.27500 95.43833 0.10086 -13
-0.90737 0.08273 47.34959 0 -2.50000 27.42500 35.11952 0.13624 13
-0.98694 -0.04489 33.60130 0 1.37500 30.47500 23.92715 0.14157 -13
-1.85328 -0.06261 71.86295 0 1.90000 53.27500 34.17715 0.21216 -13
-1.71712 -0.07683 65.38096 0 2.30000 52.07500 32.97526 0.20025 13
0.30238 0.09940 80.88392 0 -3.00000 -7.82500 77.45364 0.10568 13
-0.09406 -0.15981 59.74246 0 4.82500 1.40000 59.48636 0.10243 -13
0.04131 0.06884 54.12304 0 -2.07500 -3.17500 54.07713 0.10103 -13
0.28330 0.12543 14.69784 0 -3.75000 -8.42500 14.14943 0.10541 -13
0.29144 -0.27444 14.69784 0 8.32500 -8.67500 14.14943 0.10851 -13
1.37862 0.13625 65.46613 0 -4.12500 -41.45000 38.67002 0.17208 13
1.41250 -0.26313 65.46613 0 7.92500 -42.47500 38.67002 0.17628 13
-0.66576 0.07165 42.61679 0 -2.15000 19.32500 35.50185 0.12119 -13
-0.21952 0.02340 86.50270 0 -0.70000 7.12500 84.49199 0.10313 -13
-0.82238 -0.20425 17.96901 0 6.20000 26.40000 13.99235 0.13203 -13
0.10872 -0.17587 52.43299 0 5.30000 -2.50000 52.13493 0.10283 13
-1.25753 0.11508 28.46596 0 -3.50000 37.27500 17.78872 0.16223 13
-0.63399 0.13089 58.14317 0 -3.95000 20.22500 49.22455 0.11997 13
-0.65095 -0.26878 58.14317 0 8.10000 20.72500 49.22455 0.12316 13
2.12414 0.05835 66.32513 0 -1.77500 -63.85000 28.29039 0.23650 13
0.05438 0.00611 92.76645 0 -0.20000 1.35000 92.62961 0.10086 13
-0.34173 -0.04149 99.87250 0 1.25000 7.95000 94.51535 0.10650 -13
-0.33303 -0.15132 96.75044 0 4.57500 9.05000 91.89650 0.10723 -13
0.36762 -0.17392 93.16846 0 5.25000 -13.85000 87.59953 0.10873 -13
-0.90238 -0.07375 77.18545 0 2.22500 27.62500 57.37353 0.13585 13
-0.02548 0.06845 18.20240 0 -2.02500 1.97500 18.19652 0.10097 -13
-0.16078 0.08873 23.34179 0 -2.70000 4.77500 23.04812 0.10240 13
1.07731 0.01764 77.06530 0 -0.52500 -34.75000 52.43355 0.14803 -13
-0.31839 -0.15701 78.00948 0 4.75000 10.92500 74.41534 0.10686 -13
1.04921 0.03467 98.36598 0 -1.05000 -29.25000 67.88679 0.14601 -13
-0.48730 -0.16858 83.44016 0 5.10000 14.62500 75.20756 0.11331 -13
0.68136 0.10806 60.05151 0 -3.27500 -19.52500 49.71822 0.12235 13
2.15767 -0.25043 46.45643 0 7.52500 -64.95000 20.02703 0.24075 13
0.05139 0.14562 65.17208 0 -4.37500 -4.60000 65.08799 0.10189 -13
0.05245 -0.25330 65.17208 0 7.65000 -4.62500 65.08799 0.10403 -13
-0.11876 -0.14000 44.59540 0 4.20000 1.55000 44.29006 0.10238 13
-0.40575 -0.02416 95.32379 0 0.72500 13.10000 88.33310 0.10870 13
1.92402 -0.21402 98.18596 0 6.47500 -57.65000 46.08266 0.21943 -13
0.94504 -0.00545 70.52474 0 0.15000 -29.05000 51.25723 0.13856 13
-0.86017 0.10119 42.61634 0 -3.02500 24.37500 32.37839 0.13322 -13
0.75747 0.10619 84.24722 0 -3.20000 -23.90000 67.29329 0.12678 13
-0.70091 -0.13539 41.01200 0 4.07500 21.65000 33.68392 0.12373 13
-0.35796 0.12804 1.02372 0 -4.37500 9.42500 0.96463 0.10857 13
-0.36832 -0.27222 1.02372 0 7.67500 9.65000 0.96463 0.11086 13
-1.07512 0.01639 90.59497 0 -0.47500 34.25000 61.70543 0.14787 -13
-1.77675 -0.08108 53.68305 0 2.47500 52.07500 26.39681 0.20549 -13
0.30724 -0.21326 2.96291 0 6.60000 -11.27500 2.83685 0.10774 -13
1.02919 -0.10011 45.54402 0 3.02500 -33.42500 31.81929 0.14487 -13
1.42871 -0.14533 50.77434 0 4.37500 -43.50000 29.31964 0.17621 13
-0.99712 -0.13391 75.91879 0 4.05000 29.55000 53.99784 0.14285 -13
0.94566 -0.10330 85.43744 0 3.12500 -29.07500 62.23152 0.13900 -13
-0.49750 0.01282 78.56264 0 -0.40000 14.95000 70.34000 0.11248 13
1.73230 -0.20639 79.12733 0 6.22500 -51.85000 40.17961 0.20249 13
-0.54827 -0.20386 82.57940 0 6.15000 17.17500 72.74678 0.11666 13
-0.37651 -0.11995 45.55785 0 3.60000 11.15000 42.67355 0.10828 13
0.64996 -0.07603 43.27697 0 2.27500 -18.35000 36.31702 0.12035 13
0.92843 0.05290 63.15549 0 -1.57500 -28.95000 46.31320 0.13752 -13
0.00461 -0.12435 49.43810 0 3.75000 0.12500 49.43758 0.10149 -13
0.64229 0.06489 42.03250 0 -1.97500 -19.35000 35.38773 0.11986 13
-0.89871 -0.19810 62.02867 0 5.97500 27.60000 46.52954 0.13685 13
0.87990 -0.02109 21.90723 0 0.67500 -27.22500 16.44860 0.13416 -13
0.03096 -0.02353 43.58433 0 0.70000 0.72500 43.56347 0.10078 13
-1.52361 0.04671 35.01691 0 -1.37500 45.90000 19.22896 0.18357 -13
-1.92653 -0.07185 5.38533 0 2.37500 57.55000 2.48605 0.21886 -13
-0.07354 -0.10252 31.04342 0 3.10000 2.57500 30.96062 0.10151 -13
0.59902 -0.03770 59.12745 0 1.12500 -20.75000 50.73245 0.11745 13
0.08627 -0.01834 83.79187 0 0.55000 -1.10000 83.48187 0.10110 13
-1.44570 -0.20470 28.38784 0 6.20000 44.40000 16.37347 0.17825 -13
0.56938 -0.15150 4.89029 0 4.45000 -16.12500 4.26155 0.11684 13
0.04929 -0.03701 29.03704 0 1.12500 -1.42500 29.00189 0.10090 -13
0.40379 -0.21471 41.41855 0 6.47500 -8.87500 38.52494 0.11072 13
2.13673 -0.17088 52.70796 0 5.12500 -64.82500 22.60554 0.23818 13
-0.75747 -0.15111 31.91557 0 4.57500 21.77500 25.54510 0.12726 -13
0.59796 -0.01026 37.43402 0 0.32500 -18.30000 32.12882 0.11734 -13
-0.16878 0.14583 42.12673 0 -4.37500 4.85000 41.55124 0.10317 -13
-0.17225 -0.25309 42.12673 0 7.65000 4.95000 41.55124 0.10532 -13
0.67920 0.08166 33.02849 0 -2.47500 -18.40000 27.35126 0.12202 13
-1.55065 -0.06307 65.59564 0 1.90000 44.52500 35.59997 0.18591 13
0.17056 -0.11468 16.12393 0 3.50000 -7.10000 15.89732 0.10282 -13
0.42314 -0.24496 37.91884 0 7.40000 -12.47500 35.07242 0.11211 -13
1.11721 0.05672 46.95069 0 -1.72500 -33.92500 31.34091 0.15111 13
0.02298 0.01379 95.15793 0 -0.40000 -0.12500 95.13284 0.10074 -13
-0.48661 0.05265 76.67016 0 -1.60000 13.97500 68.95944 0.11212 13
-0.00724 -0.08486 77.82325 0 2.55000 -1.57500 77.82122 0.10107 13
-1.51061 0.02714 82.49437 0 -0.80000 46.32500 45.54834 0.18246 -13
1.85325 -0.09473 4.46453 0 2.62500 -56.30000 2.12781 0.21215 13
-0.19496 0.10294 20.18425 0 -3.07500 3.62500 19.81493 0.10311 -13
0.30876 0.02772 88.97048 0 -0.82500 -9.70000 85.01333 0.10543 -13
0.17262 0.12797 14.05447 0 -3.82500 -4.95000 13.85289 0.10299 -13
0.17746 -0.27180 14.05447 0 8.22500 -5.10000 13.85289 0.10591 -13
-0.38409 0.13604 33.12008 0 -4.10000 12.80000 30.95394 0.10874 -13
-0.39357 -0.26331 33.12008 0 7.95000 13.10000 30.95394 0.11144 -13
0.05698 -0.20833 35.67129 0 6.30000 -2.87500 35.61595 0.10304 -13
-0.43163 -0.15353 95.21726 0 4.62500 11.12500 87.58013 0.11076 13
-0.09709 -0.16492 21.82574 0 5.00000 3.60000 21.72627 0.10254 -13
-0.08637 -0.06502 23.91416 0 1.95000 4.40000 23.82563 0.10129 13
0.68222 -0.08766 34.91831 0 2.62500 -18.80000 28.88029 0.12222 13
1.21131 0.06937 24.78956 0 -2.05000 -36.72500 15.80450 0.15832 -13
0.28489 -0.23832 2.55679 0 7.40000 -9.45000 2.46403 0.10769 -13
0.88495 -0.18750 87.60046 0 5.65000 -26.45000 66.09560 0.13579 13
-0.67287 0.08208 3.62963 0 -2.65000 20.97500 3.01467 0.12176 13
-0.61377 -0.14741 86.71345 0 4.45000 18.52500 74.11902 0.11908 13
-0.76265 0.02747 78.66394 0 -0.82500 22.47500 62.55841 0.12667 -13
0.30755 0.12880 61.05934 0 -3.90000 -12.95000 58.40271 0.10616 13
0.31602 -0.27097 61.05934 0 8.17500 -13.20000 58.40271 0.10907 13
-1.27804 0.06848 99.31369 0 -2.07500 38.60000 61.28851 0.16357 13
1.00371 -0.20881 59.25095 0 6.27500 -31.47500 42.26492 0.14421 13
0.26386 0.06935 29.42824 0 -2.07500 -8.57500 28.45897 0.10438 -13
0.51730 -0.17467 72.55157 0 5.25000 -17.40000 64.64206 0.11474 13
-1.39858 -0.14400 94.56697 0 4.32500 43.57500 55.37619 0.17375 13
1.14205 -0.00233 77.73611 0 0.05000 -32.70000 51.21009 0.15287 13
-1.14317 0.01706 59.15691 0 -0.50000 33.95000 38.95223 0.15296 -13
1.11372 -0.21534 50.25685 0 6.50000 -32.97500 33.99689 0.15230 -13
0.38469 -0.19207 57.17750 0 5.77500 -10.97500 53.48794 0.10961 13
-0.36343 -0.08382 32.25467 0 2.52500 12.75000 30.32700 0.10748 13
-0.67463 -0.23883 51.85237 0 7.22500 18.37500 43.35255 0.12385 -13
1.31989 0.03396 91.77411 0 -1.02500 -39.22500 55.44168 0.16679 13
-0.01679 -0.22880 31.09288 0 6.92500 2.95000 31.08871 0.10333 -13
-0.44516 0.03859 37.70478 0 -1.15000 12.60000 34.44982 0.11030 -13
0.60429 -0.24205 5.41922 0 7.42500 -18.90000 4.67282 0.12029 -13
-0.90798 -0.24314 28.53818 0 7.30000 28.20000 21.39995 0.13818 13
-1.21895 0.00113 77.32212 0 -0.02500 35.92500 49.04194 0.15877 -13
-0.04763 0.10695 31.75668 0 -3.25000 -1.45000 31.72112 0.10140 13
-1.02652 -0.05849 43.14264 0 1.77500 31.57500 30.13086 0.14444 -13
0.57250 0.09391 69.27163 0 -2.85000 -16.22500 60.18201 0.11643 13
0.92510 -0.00128 89.30670 0 0.02500 -28.10000 65.55699 0.13718 13
0.03595 -0.03519 91.46973 0 1.07500 -2.42500 91.41073 0.10083 -13
-0.14269 -0.20827 11.72269 0 6.25000 2.57500 11.60994 0.10384 13
-0.28964 0.04251 95.45821 0 -1.27500 5.47500 91.69611 0.10493 13
0.67181 -0.10854 89.64221 0 3.27500 -18.45000 74.54511 0.12181 -13
-0.27381 0.05081 81.66198 0 -1.55000 7.35000 78.76998 0.10453 13
0.05511 -0.18747 2.80511 0 5.82500 0.37500 2.80103 0.10280 -13
0.05988 -0.07139 91.66668 0 2.15000 -1.30000 91.50360 0.10114 -13
0.21702 0.07895 93.95320 0 -2.37500 -6.45000 91.82873 0.10335 -13
-1.55091 -0.04722 5.31307 0 1.60000 46.42500 2.88149 0.18598 -13
1.21211 -0.04972 35.12499 0 1.52500 -35.25000 22.36912 0.15833 -13
1.45321 -0.11846 58.85075 0 3.60000 -44.05000 33.51880 0.17805 -13
-0.86785 -0.00487 15.82517 0 0.20000 27.97500 11.95181 0.13334 -13
1.46262 -0.15185 67.95112 0 4.57500 -44.82500 38.64908 0.17907 13
0.50963 -0.22083 6.56993 0 6.75000 -14.95000 5.88230 0.11527 -13
1.32202 -0.11013 18.17263 0 3.37500 -37.32500 11.00545 0.16732 -13
-0.48772 -0.03928 11.69368 0 1.15000 14.30000 10.51176 0.11211 13
-0.81066 0.08227 68.30211 0 -2.47500 24.52500 53.12858 0.12990 -13
-0.15630 -0.07751 70.90272 0 2.32500 4.50000 70.05722 0.10222 13
0.63643 -0.05286 46.71693 0 1.57500 -18.70000 39.42810 0.11948 13
0.50972 0.14752 23.24626 0 -4.42500 -15.30000 20.75663 0.11399 -13
0.51998 -0.25155 23.24626 0 7.60000 -15.62500 20.75663 0.11631 -13
-0.61223 -0.04308 95.72129 0 1.30000 20.77500 81.65708 0.11816 13
0.79972 -0.21737 17.36924 0 6.52500 -24.72500 13.68601 0.13076 13
2.00274 0.02155 12.76289 0 -0.72500 -58.50000 5.70256 0.22546 13
-1.51969 0.04985 77.05512 0 -1.50000 46.67500 42.39339 0.18326 -13
0.46122 -0.19341 31.75440 0 5.82500 -17.50000 28.92647 0.11258 13
-1.08817 0.02053 15.17839 0 -0.67500 34.37500 10.27150 0.14885 13
1.46938 0.07893 83.03560 0 -2.37500 -47.00000 46.81720 0.17915 -13
1.85086 0.10097 27.25909 0 -3.07500 -57.37500 13.00865 0.21212 13
1.33316 -0.14974 71.51068 0 4.50000 -40.42500 43.21657 0.16848 13
-0.40493 0.07213 30.79456 0 -2.20000 12.57500 28.55351 0.10889 13
-0.66049 0.07417 12.21022 0 -2.17500 19.95000 10.19689 0.12091 -13
-0.81594 -0.24219 19.21791 0 7.35000 27.17500 15.05796 0.13228 -13
-1.31986 -0.18689 81.94607 0 5.65000 38.72500 50.02573 0.16783 -13
0.44229 0.04996 40.47367 0 -1.52500 -15.10000 37.02234 0.11023 13
-1.76088 0.06918 4.46617 0 -1.87500 54.10000 2.20875 0.20407 -13
-0.97273 -0.15429 94.27815 0 4.65000 32.22500 67.96467 0.14134 13
1.13944 0.14404 92.20098 0 -4.35000 -35.85000 61.16997 0.15337 13
1.16387 -0.25497 92.20098 0 7.67500 -36.57500 61.16997 0.15664 13
0.00772 0.12052 34.82394 0 -3.65000 1.90000 34.82292 0.10144 13
0.00797 -0.27975 34.82394 0 8.42500 1.90000 34.82292 0.10456 13
1.76786 -0.04662 77.11246 0 1.42500 -53.07500 37.99818 0.20459 -13
0.07207 -0.14532 61.42084 0 4.37500 -0.72500 61.26520 0.10201 13
-0.10074 0.00869 85.86880 0 -0.27500 0.95000 85.43639 0.10122 13
-1.36811 -0.08625 63.20201 0 2.60000 42.40000 37.38608 0.17087 13
-0.91442 -0.05415 32.71439 0 1.65000 28.50000 24.15882 0.13657 -13
-0.46455 0.04444 82.75284 0 -1.35000 17.70000 75.06335 0.11113 13
0.33036 0.14122 31.26012 0 -4.25000 -10.60000 29.71120 0.10700 -13
0.33785 -0.25791 31.26012 0 7.80000 -10.82500 29.71120 0.10944 -13
0.76606 -0.21096 40.05849 0 6.37500 -23.20000 32.05358 0.12863 -13
-0.10430 -0.21114 36.41178 0 6.35000 0.35000 36.22372 0.10344 13
0.06214 -0.08095 84.95665 0 2.45000 -1.52500 84.79419 0.10123 -13
0.44918 -0.20139 56.50138 0 6.07500 -15.50000 51.71018 0.11225 -13
-0.34422 -0.00338 60.56997 0 0.10000 9.75000 57.27201 0.10650 13
-1.81448 -0.11484 30.56931 0 3.42500 55.65000 14.82886 0.20894 13
1.02893 -0.14325 68.25403 0 4.30000 -30.50000 47.81779 0.14520 13
0.66349 -0.00761 80.13815 0 0.22500 -18.80000 66.77752 0.12086 13
0.38351 -0.10075 63.68259 0 3.02500 -11.30000 59.49813 0.10833 13
-0.79815 -0.09842 31.80480 0 3.00000 25.40000 24.90431 0.12923 -13
0.16909 0.00994 61.60898 0 -0.30000 -6.80000 60.74673 0.10214 -13
-2.06753 0.01552 60.33113 0 -0.45000 62.82500 26.27186 0.23129 -13
-1.46668 -0.17640 8.31227 0 5.22500 42.85000 4.73182 0.17954 13
-1.01510 -0.09112 81.05646 0 2.72500 30.00000 57.00296 0.14379 13
-0.06065 0.14880 9.61488 0 -4.42500 4.30000 9.59765 0.10198 -13
-0.06191 -0.24991 9.61488 0 7.60000 4.32500 9.59765 0.10404 -13
-0.14225 0.06456 87.37999 0 -1.95000 4.57500 86.51261 0.10193 13
-0.84050 -0.17581 51.20933 0 5.30000 26.10000 39.44748 0.13272 13
-0.72640 -0.20020 99.33175 0 6.05000 20.85000 80.90678 0.12609 -13
-0.10797 -0.23050 9.27284 0 7.00000 5.92500 9.22193 0.10396 -13
-0.25017 -0.00382 52.16362 0 0.10000 7.17500 50.60407 0.10381 13
-0.65106 -0.08335 9.58105 0 2.45000 20.22500 8.03729 0.12045 13
-1.57002 -0.19824 64.17612 0 6.00000 48.25000 34.94908 0.18854 -13
2.08771 0.00552 2.31185 0 0.30000 -61.37500 0.99866 0.23339 -13
0.38532 0.03470 20.48084 0 -1.07500 -9.82500 19.11259 0.10798 13
0.31706 0.01183 29.00442 0 -0.37500 -9.82500 27.64820 0.10566 13
-0.10301 -0.16725 94.36460 0 5.05000 0.85000 93.88134 0.10262 13
1.46842 0.01588 72.17646 0 -0.47500 -44.17500 40.63018 0.17891 -13
1.51192 -0.13794 97.89245 0 4.15000 -45.22500 54.35732 0.18307 13
-0.75613 0.03584 20.51831 0 -1.10000 25.70000 16.36996 0.12631 13
-1.12017 -0.10987 66.24034 0 3.32500 32.30000 44.26032 0.15163 -13
0.77067 0.13183 63.74294 0 -3.97500 -24.07500 50.65027 0.12783 -13
0.79097 -0.26775 63.74294 0 8.07500 -24.70000 50.65027 0.13121 -13
-0.51496 0.03271 14.68691 0 -0.95000 16.10000 13.05881 0.11332 -13
0.66891 -0.04353 28.28904 0 1.30000 -22.20000 23.52076 0.12123 13
0.29743 -0.02990 25.94145 0 0.92500 -5.50000 24.86569 0.10511 -13
-0.74338 -0.19196 19.37906 0 5.82500 22.20000 15.65165 0.12698 -13
-0.42693 -0.17905 89.90725 0 5.40000 10.12500 82.88505 0.11098 -13
-0.67907 -0.20972 22.85626 0 6.30000 19.75000 19.03580 0.12352 13
0.16497 0.02011 24.95610 0 -0.62500 -4.55000 24.62338 0.10209 13
0.13400 -0.08143 22.00372 0 2.47500 -1.32500 21.81000 0.10194 -13
0.56777 -0.24053 65.70001 0 7.25000 -17.27500 57.51805 0.11830 13
0.41052 -0.16784 35.49401 0 5.07500 -12.62500 32.89989 0.11016 -13
-0.78296 -0.17371 13.96723 0 5.20000 26.62500 11.05927 0.12906 13
-0.35338 -0.24186 20.27420 0 7.32500 9.22500 19.17480 0.10957 -13
-0.29598 -0.09689 79.58371 0 2.92500 5.87500 76.34007 0.10548 -13
0.24331 0.07056 49.90925 0 -2.12500 -8.95000 48.50119 0.10388 -13
-1.52397 -0.18574 35.49221 0 5.62500 49.15000 19.70212 0.18454 -13
-0.91758 -0.05717 9.12475 0 1.80000 27.10000 6.72865 0.13682 -13
-1.16464 0.05278 45.22068 0 -1.57500 34.52500 29.48213 0.15467 -13
0.68153 -0.23502 87.89708 0 7.07500 -19.77500 73.24292 0.12415 13
-1.58210 -0.02506 56.23164 0 0.77500 44.00000 30.05050 0.18850 -13
0.68983 -0.24728 84.34823 0 7.47500 -23.65000 70.08548 0.12485 -13
0.89880 -0.15821 37.72186 0 4.75000 -26.55000 28.20883 0.13633 13
-0.61429 0.14693 98.18581 0 -4.42500 19.20000 83.90500 0.11910 -13
-0.62677 -0.25195 98.18581 0 7.60000 19.57500 83.90500 0.12153 -13
1.59718 -0.07942 28.54611 0 2.37500 -43.72500 15.18316 0.18992 13
0.40689 0.10106 17.03708 0 -3.07500 -11.25000 15.79212 0.10921 13
-0.95703 -0.05589 83.61663 0 1.70000 29.02500 60.45433 0.13951 -13
-1.41026 0.13659 41.23016 0 -4.15000 43.60000 23.99490 0.17466 13
-1.44481 -0.26280 41.23016 0 7.90000 44.62500 23.99490 0.17888 13
-1.34701 0.05512 47.44852 0 -1.65000 40.72500 28.31102 0.16903 -13
0.55130 0.10023 85.71014 0 -3.02500 -15.57500 75.14578 0.11544 -13
-0.75453 -0.03809 46.63579 0 1.12500 21.70000 37.23735 0.12621 13
-1.54719 -0.11759 91.62495 0 3.55000 44.42500 49.97713 0.18589 13
-0.89364 0.14500 37.10743 0 -4.40000 28.60000 27.79647 0.13585 13
-0.91248 -0.25397 37.10743 0 7.65000 29.17500 27.79647 0.13868 13
-0.67221 -0.19636 1.44790 0 5.52500 20.67500 1.20869 0.12297 13
-0.28257 -0.01082 82.16914 0 0.32500 7.45000 79.07312 0.10465 13
1.30688 -0.07979 39.07484 0 2.37500 -36.35000 23.79370 0.16589 13
-0.80142 -0.18690 31.86956 0 5.62500 25.42500 25.03415 0.13040 13
0.10910 -0.03533 75.66091 0 1.05000 -4.22500 75.21517 0.10136 13
-2.02260 0.00409 55.55478 0 -0.15000 60.27500 24.62143 0.22721 13
0.83941 -0.05817 61.44495 0 1.75000 -25.00000 47.09538 0.13161 13
-1.18464 -0.00243 89.84592 0 0.07500 31.90000 57.95499 0.15612 -13
0.14192 0.07252 35.21876 0 -2.17500 -3.35000 34.87114 0.10197 -13
-0.64926 -0.09036 6.85735 0 2.65000 20.52500 5.75809 0.12040 13
1.74477 0.09806 68.35967 0 -2.97500 -54.35000 34.11573 0.20277 13
-0.58060 -0.19129 99.44222 0 5.77500 16.85000 86.38351 0.11802 13
0.99473 -0.04003 75.26781 0 1.20000 -30.07500 53.38425 0.14210 13
0.23163 0.02797 66.23952 0 -0.82500 -4.72500 64.53239 0.10341 -13
0.04278 -0.18128 49.70155 0 5.45000 -3.85000 49.65757 0.10243 13
-0.07523 0.14719 66.45391 0 -4.45000 2.30000 66.27062 0.10207 13
-0.07677 -0.25168 66.45391 0 7.57500 2.35000 66.27062 0.10412 13
0.38649 -0.07282 5.72082 0 2.30000 -10.97500 5.33761 0.10826 -13
1.13906 -0.13931 30.77953 0 4.22500 -32.97500 20.41687 0.15330 -13
0.27442 -0.20937 12.56087 0 6.27500 -11.02500 12.13099 0.10651 13
-0.85314 0.03866 34.13991 0 -1.17500 27.00000 25.98051 0.13243 13
-0.16909 -0.17552 66.01186 0 5.30000 5.27500 65.11494 0.10365 -13
-0.29442 -0.12828 84.40378 0 3.87500 7.80000 81.01970 0.10577 -13
-0.18930 -0.22536 93.63745 0 6.80000 4.52500 92.08059 0.10498 -13
-0.41246 0.00346 59.18923 0 -0.10000 11.47500 54.71768 0.10893 -13
0.37802 -0.06244 98.20991 0 1.87500 -9.92500 91.88757 0.10784 13
0.44750 -0.01135 23.25867 0 0.32500 -12.70000 21.23002 0.11034 13
0.51331 0.01249 94.81910 0 -0.37500 -14.52500 84.35637 0.11321 -13
-2.06064 0.01728 92.77302 0 -0.52500 57.12500 40.50903 0.23067 13
1.84122 0.00801 97.91053 0 -0.25000 -57.17500 46.73070 0.21100 13
1.56711 0.04387 49.63797 0 -1.35000 -45.67500 26.71994 0.18726 13
-0.71468 0.12958 67.44832 0 -3.90000 20.75000 55.02847 0.12446 -13
-0.73415 -0.27010 67.44832 0 8.15000 21.35000 55.02847 0.12786 -13
-0.56312 0.10923 99.98674 0 -3.30000 17.80000 87.24647 0.11609 -13
-0.52825 -0.17306 89.85187 0 5.22500 13.90000 79.70079 0.11521 13
1.07713 0.08667 92.25541 0 -2.62500 -30.65000 62.89464 0.14827 13
-0.80645 -0.15609 33.31028 0 4.70000 23.27500 26.05171 0.13031 13
-0.01937 0.14857 24.43996 0 -4.50000 2.17500 24.43549 0.10172 13
-0.01975 -0.25027 24.43996 0 7.52500 2.17500 24.43549 0.10381 13
0.61928 0.05250 44.58552 0 -1.60000 -16.87500 37.92009 0.11857 13
0.07834 -0.05263 31.89025 0 1.57500 -1.22500 31.79313 0.10115 13
-0.59256 0.00617 11.89330 0 -0.15000 17.47500 10.23179 0.11706 -13
2.02480 0.13101 90.62538 0 -3.95000 -62.27500 40.40501 0.22780 -13
2.07880 -0.26860 90.62538 0 8.12500 -63.90000 40.40501 0.23391 -13
0.22887 -0.23658 8.07593 0 7.20000 -9.97500 7.88276 0.10608 -13
0.57203 0.12649 55.62304 0 -3.80000 -14.30000 48.37565 0.11671 -13
0.58835 -0.27338 55.62304 0 8.25000 -14.80000 48.37565 0.12005 -13
0.57473 -0.17400 64.50489 0 5.25000 -15.25000 56.13152 0.11746 13
-0.42121 -0.11082 6.88948 0 3.42500 14.32500 6.35489 0.10989 -13
-0.51909 -0.11906 68.83706 0 3.60000 15.17500 61.18694 0.11410 -13
0.41604 0.01352 50.72618 0 -0.42500 -10.80000 46.83526 0.10908 13
-0.02676 -0.10452 2.40950 0 2.95000 1.45000 2.40865 0.10132 13
-0.99878 0.06283 88.81750 0 -1.90000 31.62500 62.90371 0.14247 13
-0.54794 -0.14399 71.49155 0 4.32500 14.72500 62.84489 0.11574 13
-0.60311 -0.05844 58.00347 0 1.77500 17.05000 49.69165 0.11775 -13
0.37924 -0.15713 35.36469 0 4.75000 -11.20000 33.11699 0.10887 -13
-0.79643 -0.15102 43.81242 0 4.57500 24.65000 34.42042 0.12965 -13
-0.09172 0.05965 49.22813 0 -1.80000 2.92500 49.02308 0.10130 -13
