0.54270 -0.04934 39.97831 0 1.47500 -18.90000 35.14696 0.11468 13
0.64670 0.14352 27.98115 0 -4.35000 -19.07500 23.56695 0.12080 13
0.66072 -0.25554 27.98115 0 7.67500 -19.50000 23.56695 0.12339 13
-0.09090 0.10772 99.24141 0 -3.25000 5.07500 98.83866 0.10170 13
1.98607 0.02288 93.31530 0 -0.67500 -59.85000 41.97459 0.22393 -13
-1.69687 -0.03500 42.11522 0 1.07500 51.15000 21.39183 0.19839 -13
0.12619 0.13723 77.24825 0 -4.15000 -0.85000 76.65159 0.10244 13
0.12924 -0.26210 77.24825 0 7.90000 -0.95000 76.65159 0.10491 13
-1.40996 0.14533 89.58089 0 -4.40000 41.05000 52.18338 0.17470 13
-1.43949 -0.25365 89.58089 0 7.65000 41.92500 52.18338 0.17834 13
-0.70939 0.04566 68.63710 0 -1.37500 22.60000 56.00106 0.12355 -13
-0.78437 0.05905 13.24061 0 -1.72500 25.85000 10.42520 0.12811 -13
1.00410 0.06714 53.42921 0 -2.05000 -31.37500 37.74543 0.14287 13
0.00394 -0.02401 91.67076 0 0.72500 -0.22500 91.67005 0.10073 13
0.40037 -0.09380 4.06008 0 2.70000 -13.20000 3.77142 0.10888 13
-0.18348 -0.09855 52.16678 0 2.97500 2.70000 51.31814 0.10286 13
0.36803 0.06394 4.13288 0 -2.05000 -12.35000 3.87921 0.10757 13
-0.61173 -0.15242 68.53518 0 4.60000 18.35000 58.64520 0.11905 -13
-1.66676 -0.17865 37.55442 0 5.37500 50.00000 19.54422 0.19653 13
-2.02307 -0.25010 45.88493 0 7.52500 60.10000 20.83180 0.22859 13
0.07003 -0.18956 95.75383 0 5.72500 -0.37500 95.52798 0.10273 13
-0.26327 -0.17089 63.00862 0 5.17500 5.60000 60.98840 0.10555 -13
0.38576 0.04284 20.47004 0 -1.32500 -11.32500 19.10068 0.10802 13
-1.87418 0.10161 63.83331 0 -3.07500 56.35000 30.16828 0.21419 13
0.39851 0.06313 27.38311 0 -1.87500 -12.92500 25.44453 0.10858 -13
-1.62217 -0.09938 70.45267 0 2.97500 47.72500 37.10280 0.19215 13
-0.61061 -0.08192 51.95037 0 2.45000 19.02500 44.37836 0.11828 13
0.51259 -0.01707 85.43217 0 0.52500 -15.87500 76.02877 0.11318 -13
0.17235 0.05750 94.02055 0 -1.72500 -6.85000 92.65893 0.10235 -13
1.58474 0.07283 77.10509 0 -2.20000 -46.62500 41.22563 0.18885 13
-0.06772 -0.21158 57.57677 0 6.37500 1.75000 57.45083 0.10315 13
0.71481 -0.19767 59.85914 0 5.97500 -21.02500 49.00991 0.12538 -13
-1.83667 0.05083 26.45224 0 -1.50000 57.52500 12.66192 0.21064 -13
-0.44777 -0.03810 3.67431 0 1.30000 10.77500 3.35398 0.11047 -13
-1.45801 -0.11727 24.43242 0 3.57500 43.25000 13.88371 0.17846 -13
-1.66630 0.10948 59.10370 0 -3.27500 50.30000 30.54699 0.19599 -13
-0.12867 -0.00995 85.26335 0 0.30000 4.37500 84.56630 0.10154 13
0.11213 0.07610 22.05771 0 -2.32500 -4.62500 21.92105 0.10163 13
0.21877 0.10165 90.57263 0 -3.07500 -7.75000 88.50061 0.10359 13
-0.16413 -0.05690 22.65850 0 1.70000 4.52500 22.36021 0.10221 13
-0.26653 -0.21237 18.55564 0 6.37500 10.57500 17.95544 0.10637 13
0.48593 -0.13474 48.65912 0 4.05000 -13.80000 43.84035 0.11278 13
1.48214 0.13310 3.25781 0 -3.75000 -42.90000 1.83301 0.18045 -13
1.51985 -0.26557 3.25781 0 8.32500 -44.20000 1.83301 0.18576 -13
0.30253 -0.12579 50.99640 0 3.80000 -10.65000 48.84336 0.10597 -13
1.50652 0.02872 7.82358 0 -0.77500 -45.02500 4.32858 0.18209 -13
0.27694 0.02957 12.98336 0 -0.92500 -7.37500 12.51286 0.10454 13
0.99648 -0.08737 94.42508 0 2.65000 -30.70000 67.01290 0.14243 -13
2.09088 -0.24631 37.98769 0 7.40000 -60.65000 16.78534 0.23467 13
-1.22887 -0.05667 23.50486 0 1.75000 37.72500 14.85033 0.15966 -13
-0.44282 -0.14830 8.51892 0 4.40000 13.42500 7.80335 0.11111 13
1.66062 0.05552 83.19596 0 -1.67500 -50.25000 42.96751 0.19528 -13
-0.42829 0.10737 61.22863 0 -3.25000 12.05000 56.33356 0.11009 13
-1.80242 0.15607 4.94984 0 -4.50000 53.75000 2.42350 0.20777 -13
-1.83093 -0.24247 4.94984 0 7.52500 54.82500 2.42350 0.21203 -13
1.49213 0.04885 95.65502 0 -1.47500 -43.67500 53.29708 0.18095 13
0.20948 -0.17155 51.76739 0 5.17500 -7.07500 50.69820 0.10433 -13
2.15762 0.09707 93.59593 0 -2.95000 -63.27500 39.50887 0.23970 13
-0.73640 -0.20837 26.41204 0 6.27500 23.30000 21.42519 0.12679 13
-1.07698 0.14437 62.13557 0 -4.37500 31.35000 42.51273 0.14872 13
-1.09993 -0.25462 62.13557 0 7.67500 32.02500 42.51273 0.15187 13
0.39415 -0.19080 96.52879 0 5.75000 -9.65000 90.01756 0.10994 -13
-0.76938 -0.16179 23.51032 0 4.90000 24.52500 18.72224 0.12812 -13
-1.24989 -0.15036 10.62643 0 4.60000 36.55000 6.68413 0.16196 -13
-0.90540 0.14860 51.28071 0 -4.50000 27.75000 38.20059 0.13668 13
-0.92320 -0.25023 51.28071 0 7.52500 28.27500 38.20059 0.13934 13
-0.10407 -0.01119 66.91414 0 0.32500 2.47500 66.55474 0.10125 13
0.46117 -0.12765 95.57821 0 3.85000 -13.25000 86.91541 0.11164 -13
0.39165 -0.03627 49.49096 0 1.07500 -11.45000 46.08661 0.10821 13
-0.48884 -0.14194 1.06609 0 3.75000 15.05000 0.96001 0.11325 13
0.64413 -0.07610 89.48097 0 2.30000 -18.42500 75.28967 0.12004 -13
1.58980 0.14613 62.98851 0 -4.42500 -50.15000 33.79158 0.18972 13
1.62259 -0.25280 62.98851 0 7.60000 -51.12500 33.79158 0.19359 13
-0.58576 0.12261 50.12283 0 -3.70000 20.10000 43.33136 0.11737 13
-0.60339 -0.27753 50.12283 0 8.35000 20.65000 43.33136 0.12088 13
-2.02071 0.05836 46.58122 0 -1.72500 61.90000 20.68881 0.22711 -13
-0.47806 0.04299 79.35942 0 -1.30000 14.20000 71.61103 0.11170 -13
1.63397 0.12429 15.17950 0 -3.67500 -49.55000 7.96771 0.19328 -13
1.68176 -0.27549 15.17950 0 8.37500 -51.05000 7.96771 0.19913 -13
1.42710 0.05513 78.10948 0 -1.67500 -44.25000 44.86948 0.17557 13
-0.47049 0.02589 24.33081 0 -0.75000 12.37500 22.01697 0.11132 -13
-0.47604 -0.24640 49.98201 0 7.42500 16.32500 45.37015 0.11425 13
0.06379 -0.16362 18.56702 0 4.90000 -0.15000 18.53033 0.10223 13
0.50127 -0.09370 78.98046 0 2.82500 -15.35000 70.66832 0.11304 13
-1.02681 -0.10334 64.67204 0 3.10000 32.62500 45.24381 0.14471 13
1.60380 -0.04951 54.87409 0 1.50000 -52.25000 29.05936 0.19040 -13
-0.30079 -0.21248 17.03620 0 6.37500 6.35000 16.34337 0.10729 13
2.07312 -0.23808 3.18705 0 6.80000 -64.90000 1.41644 0.23239 13
-0.66016 -0.12162 36.19072 0 3.67500 20.75000 30.26994 0.12130 -13
-0.83248 -0.01074 55.98037 0 0.32500 25.45000 43.02451 0.13103 -13
0.98962 0.05571 72.09047 0 -1.70000 -29.07500 51.28036 0.14179 13
0.52483 -0.12434 6.19487 0 3.67500 -16.90000 5.49413 0.11440 13
0.13262 -0.11754 94.77006 0 3.55000 -2.82500 93.95860 0.10227 -13
0.85678 -0.15632 26.66213 0 4.70000 -25.80000 20.35013 0.13353 13
-0.76320 -0.20954 67.60229 0 6.32500 21.62500 54.16047 0.12843 -13
0.06086 -0.21447 76.48304 0 6.47500 -0.77500 76.34806 0.10318 13
-0.43584 0.07255 49.80930 0 -2.17500 12.30000 45.67995 0.11009 -13
-1.68441 -0.21303 59.63476 0 6.45000 51.87500 30.94414 0.19845 -13
1.57364 0.09077 21.26643 0 -2.70000 -48.15000 11.43895 0.18797 -13
-0.28595 -0.03703 96.77320 0 1.12500 10.32500 93.04878 0.10480 -13
0.24307 0.02361 43.24543 0 -0.70000 -7.47500 42.02254 0.10366 -13
-0.71162 0.05391 46.45916 0 -1.65000 22.77500 37.87143 0.12372 13
-1.00089 -0.08252 3.02176 0 2.72500 30.72500 2.13903 0.14293 -13
-0.07399 -0.06990 2.81752 0 1.92500 -0.77500 2.80985 0.10126 13
-0.18565 -0.17032 56.97068 0 5.15000 7.12500 56.03990 0.10385 -13
-0.28873 -0.13984 94.86921 0 4.22500 9.17500 91.21307 0.10576 13
-1.67638 -0.18016 7.98569 0 5.55000 50.97500 4.13887 0.19759 -13
-0.71115 -0.20852 65.03680 0 6.30000 23.15000 53.37628 0.12535 -13
-1.72517 0.05464 18.38840 0 -1.70000 53.42500 9.23154 0.20091 13
-0.14746 0.10808 83.19465 0 -3.27500 5.17500 82.31469 0.10237 13
-0.60504 -0.01270 38.69403 0 0.40000 19.12500 33.10657 0.11771 -13
-0.45117 -0.15320 14.43213 0 4.65000 15.77500 13.18086 0.11157 -13
-2.08216 0.09834 5.12847 0 -3.17500 61.47500 2.22773 0.23317 13
-0.10423 0.07850 99.39327 0 -2.37500 1.85000 98.86103 0.10156 13
-0.65408 0.06761 2.94764 0 -2.22500 18.40000 2.46874 0.12064 13
0.06593 -0.09439 29.40236 0 2.82500 -4.82500 29.33924 0.10136 13
0.30359 0.11663 60.33162 0 -3.50000 -9.62500 57.76238 0.10589 -13
-1.92271 0.08050 19.84367 0 -2.47500 53.25000 9.17933 0.21844 13
-1.10507 -0.02050 47.53869 0 0.62500 33.27500 31.90149 0.15010 -13
0.74629 -0.19441 31.38110 0 5.85000 -21.15000 25.31568 0.12715 13
1.61933 0.07895 85.58267 0 -2.40000 -50.80000 45.07027 0.19181 13
-0.04773 -0.16056 76.38460 0 4.85000 2.52500 76.29993 0.10211 -13
0.20654 -0.25004 18.91526 0 7.52500 -3.95000 18.54664 0.10585 13
0.12191 -0.13867 33.05227 0 4.20000 -3.57500 32.81388 0.10241 -13
-0.13211 0.12752 73.01507 0 -3.85000 6.52500 72.39603 0.10239 13
-0.13582 -0.27233 73.01507 0 8.20000 6.65000 72.39603 0.10526 13
1.87369 -0.20931 32.29999 0 6.35000 -56.62500 15.46288 0.21495 -13
-0.71406 -0.23354 29.44568 0 7.07500 22.17500 24.17557 0.12597 -13
0.09715 0.09516 64.55350 0 -2.87500 -1.95000 64.25367 0.10163 -13
0.55502 0.12385 54.31578 0 -3.72500 -17.85000 47.57600 0.11585 -13
0.57143 -0.27619 54.31578 0 8.35000 -18.35000 47.57600 0.11929 -13
-1.41691 -0.15516 99.24721 0 4.70000 42.12500 57.68300 0.17534 -13
-0.41588 -0.12531 48.43701 0 3.80000 11.10000 44.77450 0.10980 -13
1.50617 0.00761 21.56860 0 -0.20000 -45.67500 11.93258 0.18203 -13
1.97439 -0.16603 22.23263 0 5.05000 -60.67500 10.15446 0.22357 -13
-0.49989 -0.11794 13.58750 0 3.52500 15.22500 12.17030 0.11319 13
-0.39425 0.08884 3.10951 0 -2.52500 10.00000 2.89457 0.10862 -13
0.07754 -0.11857 42.44172 0 3.60000 -2.10000 42.31649 0.10171 -13
0.43727 -0.23777 77.49177 0 7.17500 -11.42500 71.30767 0.11249 -13
0.18098 -0.01082 30.18059 0 0.30000 -6.62500 29.69841 0.10234 13
0.20964 0.14238 77.96966 0 -4.30000 -4.32500 76.34270 0.10389 13
0.21427 -0.25671 77.96966 0 7.72500 -4.45000 76.34270 0.10618 13
0.11359 -0.17406 63.39092 0 5.25000 -2.82500 62.99765 0.10285 13
-0.49871 -0.12086 52.57563 0 3.62500 15.40000 47.11704 0.11319 13
1.97763 -0.13958 56.06990 0 4.20000 -58.10000 25.49661 0.22359 13
-0.84997 0.01197 5.43623 0 -0.47500 27.12500 4.14232 0.13220 13
0.05372 -0.12727 39.75087 0 3.85000 -3.22500 39.69450 0.10167 -13
0.35435 -0.10149 77.89457 0 3.07500 -12.50000 73.46296 0.10733 -13
-0.57482 0.03437 70.54899 0 -1.05000 17.47500 61.17316 0.11621 13
1.70646 -0.12011 47.90047 0 3.60000 -51.82500 24.34743 0.19953 13
-0.11660 -0.16959 20.72942 0 5.10000 2.32500 20.59370 0.10280 13
-0.22044 -0.01138 75.57656 0 0.35000 9.12500 73.80499 0.10313 -13
0.92092 -0.11216 30.57155 0 3.35000 -26.80000 22.55315 0.13735 13
-0.47749 -0.21749 50.31157 0 6.57500 14.50000 45.59287 0.11373 -13
-0.69543 0.03751 31.60213 0 -1.15000 23.12500 25.95102 0.12272 13
1.10411 -0.01749 30.80436 0 0.50000 -32.20000 20.68105 0.15002 13
0.78549 0.14568 97.36925 0 -4.40000 -23.35000 76.87675 0.12889 -13
0.80184 -0.25324 97.36925 0 7.65000 -23.85000 76.87675 0.13158 -13
0.75665 0.10697 21.89393 0 -3.25000 -22.05000 17.49462 0.12676 13
-1.57263 -0.19725 84.23503 0 5.95000 43.50000 45.81395 0.18874 -13
-0.64950 -0.10022 97.16199 0 3.02500 21.45000 81.60350 0.12051 -13
1.97384 -0.21312 74.29312 0 6.45000 -60.00000 34.17122 0.22388 -13
-2.06585 -0.12950 8.42629 0 3.77500 61.12500 3.69574 0.23141 13
-0.90190 0.07248 41.81955 0 -2.20000 29.92500 31.09108 0.13581 13
-0.79196 -0.18298 44.35689 0 5.52500 25.87500 34.99158 0.12979 -13
0.80550 0.04360 77.48496 0 -1.32500 -23.90000 60.36625 0.12939 13
-0.08111 0.01846 87.47024 0 -0.55000 3.45000 87.18403 0.10106 -13
-0.73495 0.05328 12.33562 0 -1.65000 21.50000 9.94465 0.12511 13
-0.01523 -0.05249 26.41417 0 1.57500 1.30000 26.41111 0.10085 13
-0.59305 -0.22984 21.17924 0 6.90000 20.45000 18.33686 0.11932 13
0.46273 -0.16070 8.76206 0 4.90000 -12.37500 7.96968 0.11218 -13
0.37798 -0.22322 14.03117 0 6.77500 -14.57500 13.16380 0.11002 -13
-0.16008 -0.21409 23.38969 0 6.47500 5.70000 23.10832 0.10425 -13
0.30507 -0.10626 37.84175 0 3.22500 -5.92500 36.21190 0.10584 -13
0.68052 -0.08147 16.90159 0 2.42500 -20.97500 13.98742 0.12208 13
-1.31791 -0.21302 22.22601 0 6.47500 40.87500 13.62433 0.16801 -13
-1.50761 0.02953 58.99562 0 -0.87500 45.35000 32.62049 0.18220 -13
0.99048 -0.03936 27.00896 0 1.15000 -29.80000 19.19668 0.14179 13
-0.81429 0.08334 62.52157 0 -2.50000 25.05000 48.54771 0.13014 -13
-0.54963 -0.16815 19.70370 0 5.10000 15.02500 17.32263 0.11617 -13
1.45857 0.04288 51.75905 0 -1.27500 -44.50000 29.28623 0.17814 -13
-0.87093 0.07498 87.06181 0 -2.27500 29.25000 65.73112 0.13376 13
-0.20828 0.09143 3.01993 0 -2.92500 4.60000 2.95700 0.10339 13
0.10366 -0.11736 22.80410 0 3.57500 -5.22500 22.68419 0.10194 -13
0.78317 -0.24219 45.70880 0 7.30000 -21.70000 36.37046 0.13020 13
-0.39598 -0.01547 95.67548 0 0.47500 13.45000 88.95663 0.10832 -13
0.52687 0.04280 28.23371 0 -1.27500 -16.95000 24.98367 0.11390 -13
-0.68525 -0.16679 83.49193 0 5.02500 20.65000 69.17315 0.12323 13
1.64556 -0.23576 51.83867 0 7.12500 -51.05000 27.45387 0.19538 -13
0.29572 -0.17829 81.81453 0 5.37500 -9.12500 78.55311 0.10653 13
1.91666 0.02266 4.78587 0 -0.90000 -57.60000 2.21429 0.21781 13
-0.00428 -0.05580 49.00707 0 1.70000 1.32500 49.00662 0.10086 -13
-1.00503 -0.02970 50.92181 0 0.90000 28.42500 35.92467 0.14281 -13
-0.13225 -0.11246 87.89322 0 3.40000 4.10000 87.14386 0.10221 -13
0.36067 -0.08624 45.28418 0 2.60000 -12.50000 42.61626 0.10740 13
-0.59837 0.13697 75.44911 0 -4.12500 16.70000 64.90104 0.11817 13
-0.61291 -0.26239 75.44911 0 7.90000 17.12500 64.90104 0.12103 13
-1.05069 -0.10331 76.20101 0 3.10000 33.47500 52.67975 0.14643 13
0.57915 -0.04415 1.51389 0 1.70000 -17.37500 1.31036 0.11681 -13
-0.91146 -0.20060 50.36171 0 6.05000 25.12500 37.55169 0.13773 13
0.70819 -0.07970 25.89348 0 2.37500 -19.80000 21.15309 0.12366 13
-0.83644 -0.00201 29.15460 0 0.05000 27.55000 22.36306 0.13129 13
1.12695 0.06836 92.87378 0 -2.07500 -35.52500 61.72296 0.15188 13
-1.01364 -0.05701 29.27436 0 1.75000 31.85000 20.57660 0.14351 -13
-0.29215 -0.17172 84.75918 0 5.17500 8.65000 81.44996 0.10633 13
1.14261 -0.22814 24.90990 0 6.85000 -33.70000 16.64027 0.15459 13
-0.04482 -0.22207 67.47460 0 6.70000 0.62500 67.41011 0.10325 13
-0.09340 -0.07250 24.44965 0 2.17500 4.55000 24.34422 0.10140 13
-0.02418 -0.22891 44.90160 0 6.92500 1.37500 44.88914 0.10334 -13
1.69217 0.14925 27.60132 0 -4.47500 -50.45000 14.15766 0.19847 -13
1.72489 -0.24945 27.60132 0 7.55000 -51.45000 14.15766 0.20241 -13
-0.26534 -0.19666 65.46748 0 5.95000 6.40000 63.35561 0.10606 -13
-0.26104 -0.05120 54.26249 0 1.55000 7.72500 52.50755 0.10421 -13
0.04995 0.09672 24.72126 0 -2.90000 0.85000 24.69075 0.10129 -13
0.32952 -0.18542 19.86586 0 5.57500 -12.15000 18.89932 0.10764 13
0.01634 -0.00212 82.28067 0 0.05000 1.60000 82.26968 0.10072 13
2.03931 0.00596 32.28857 0 -0.22500 -62.75000 14.21644 0.22872 13
0.83270 -0.13434 92.22615 0 4.05000 -25.40000 71.13093 0.13174 13
-1.10700 0.14323 94.58273 0 -4.32500 31.57500 63.75531 0.15092 13
-1.13110 -0.25581 94.58273 0 7.70000 32.30000 63.75531 0.15420 13
-0.42961 -0.12558 17.42616 0 3.75000 10.72500 16.03039 0.11032 13
-1.85676 -0.03217 50.70513 0 1.00000 54.77500 24.05288 0.21240 -13
-2.09098 0.06973 54.30161 0 -2.07500 63.85000 23.47458 0.23350 -13
0.17695 -0.15203 53.97978 0 4.57500 -6.15000 53.17226 0.10340 13
0.33905 -0.11713 14.56104 0 3.57500 -11.30000 13.79973 0.10700 -13
-0.08468 0.01391 42.64161 0 -0.42500 4.40000 42.48956 0.10108 13
-0.58350 0.08945 82.88262 0 -2.70000 17.55000 71.65900 0.11694 -13
-0.81110 -0.04999 14.70543 0 1.55000 23.37500 11.42684 0.12977 -13
1.08046 -0.07504 2.50824 0 1.97500 -32.42500 1.70591 0.14852 13
0.71399 0.07562 11.04037 0 -2.32500 -21.57500 8.99336 0.12399 13
-0.99199 0.14382 97.32296 0 -4.35000 30.55000 69.44360 0.14259 13
-1.01336 -0.25524 97.32296 0 7.70000 31.20000 69.44360 0.14565 13
-1.51461 -0.14679 21.56381 0 4.37500 45.52500 11.96886 0.18334 13
1.22073 0.07761 75.89848 0 -2.32500 -36.90000 48.18173 0.15911 -13
-0.78474 -0.04459 49.00445 0 1.35000 22.02500 38.56593 0.12809 -13
-1.76207 -0.02366 50.95608 0 0.72500 55.17500 25.15608 0.20405 -13
0.15408 -0.23298 76.32988 0 7.02500 -5.22500 75.48462 0.10456 -13
-0.71037 -0.21965 19.69457 0 6.60000 21.12500 16.18088 0.12547 13
-1.52183 -0.01409 79.00936 0 0.42500 46.30000 43.39240 0.18338 13
0.66916 -0.06243 27.66492 0 1.85000 -18.67500 23.00641 0.12133 13
-0.29345 -0.02449 72.48906 0 0.75000 7.30000 69.55775 0.10498 -13
-0.13450 -0.10974 27.27697 0 3.30000 2.00000 27.03636 0.10220 13
1.83781 -0.06763 67.64994 0 2.02500 -57.17500 32.39064 0.21078 13
-0.74712 -0.10490 5.22097 0 3.27500 22.10000 4.19050 0.12623 -13
-0.45560 -0.03475 76.37784 0 1.05000 14.15000 69.51151 0.11072 -13
-1.46827 -0.06828 97.99949 0 2.05000 42.32500 55.25325 0.17902 13
0.58407 0.11947 93.43434 0 -3.60000 -19.42500 80.82564 0.11724 -13
0.60239 -0.28084 93.43434 0 8.47500 -19.97500 80.82564 0.12092 -13
-1.20659 -0.03908 60.10789 0 1.17500 34.72500 38.37318 0.15786 13
-1.13902 -0.17127 66.36987 0 5.15000 32.67500 44.14411 0.15360 13
1.32644 -0.22049 88.69112 0 6.65000 -37.97500 54.19854 0.16874 13
-0.45731 -0.07840 89.72003 0 2.35000 11.70000 81.63607 0.11101 13
-0.46916 -0.02485 76.37155 0 0.75000 13.62500 69.14425 0.11127 -13
-0.77719 0.08778 62.09626 0 -2.65000 22.77500 49.10057 0.12784 -13
-0.62911 -0.13563 74.78303 0 4.07500 20.85000 63.46139 0.11975 13
-2.14935 -0.15381 3.72455 0 4.30000 64.95000 1.58634 0.23883 13
0.96400 -0.23836 31.66711 0 7.17500 -30.02500 23.09975 0.14189 13
0.12820 0.11347 75.68609 0 -3.42500 -6.80000 75.07939 0.10217 13
-0.10405 -0.05809 8.12911 0 1.70000 3.82500 8.08565 0.10141 13
-0.82926 -0.14289 56.09490 0 4.30000 22.55000 43.35652 0.13161 13
-0.61641 0.04763 99.44988 0 -1.42500 21.60000 84.68486 0.11839 -13
1.32528 -0.24755 65.31488 0 7.47500 -42.10000 40.08544 0.16905 -13
0.79444 -0.03090 26.35292 0 0.90000 -24.25000 20.63781 0.12864 13
0.04323 -0.12682 84.50883 0 3.82500 2.42500 84.43123 0.10161 -13
1.87363 0.02004 73.77614 0 -0.62500 -55.70000 34.74350 0.21388 13
-0.79578 -0.18779 25.07524 0 5.70000 22.70000 19.75193 0.13010 -13
-0.30318 0.10192 14.95340 0 -3.10000 8.72500 14.31651 0.10574 13
-2.01669 0.10309 92.84300 0 -3.12500 60.72500 41.42035 0.22693 13
0.16080 -0.15739 9.34792 0 4.80000 -3.77500 9.23222 0.10325 -13
0.23133 -0.23369 54.95207 0 7.05000 -5.12500 53.60879 0.10601 -13
0.09932 -0.06184 77.22273 0 1.85000 -4.37500 76.84618 0.10139 13
0.31386 -0.13877 79.87432 0 4.17500 -9.77500 76.27373 0.10646 13
-0.05352 0.00339 39.57777 0 -0.10000 2.42500 39.52121 0.10085 -13
0.36550 -0.04323 59.49361 0 1.30000 -13.55000 55.88446 0.10731 13
-0.87100 -0.17786 64.16463 0 5.37500 27.15000 48.70796 0.13475 -13
1.76163 0.05441 16.94641 0 -1.57500 -55.47500 8.37517 0.20405 -13
1.13741 0.02788 73.84308 0 -0.82500 -35.92500 48.76835 0.15254 -13
-0.18449 0.09986 7.93966 0 -2.95000 4.30000 7.80917 0.10288 -13
-1.27308 -0.08843 13.23785 0 2.60000 37.40000 8.19724 0.16324 13
0.82646 -0.07709 68.79033 0 2.32500 -23.05000 53.08908 0.13087 13
0.22209 -0.23520 36.08150 0 7.07500 -5.27500 35.26682 0.10583 13
-1.04559 -0.04478 17.88013 0 1.40000 32.07500 12.36455 0.14578 -13
0.35058 -0.18451 87.18924 0 5.55000 -9.02500 82.42828 0.10831 13
-0.22502 0.05686 99.75572 0 -1.72500 9.60000 97.32981 0.10338 13
-0.07703 0.01429 3.47046 0 -0.57500 2.95000 3.46017 0.10107 13
0.38328 0.02612 23.40285 0 -0.77500 -10.90000 21.85378 0.10788 -13
-1.43304 -0.13020 12.10139 0 3.85000 42.57500 6.96418 0.17642 13
-0.89734 -0.13828 69.12423 0 4.15000 28.67500 51.66416 0.13601 13
-0.64121 -0.11316 75.36291 0 3.40000 20.62500 63.55869 0.12016 13
-1.34852 -0.03318 74.51007 0 1.00000 39.62500 44.39748 0.16909 -13
-0.80837 0.08020 79.65517 0 -2.42500 19.52500 62.02544 0.12974 13
-0.79654 -0.20658 26.79458 0 6.25000 25.12500 21.12705 0.13044 -13
0.65808 -0.22522 54.35044 0 6.80000 -20.25000 45.73594 0.12268 -13
0.27495 -0.01136 15.74883 0 0.37500 -7.42500 15.18537 0.10445 -13
-0.76943 0.07096 76.09099 0 -2.15000 23.32500 60.36170 0.12726 13
1.47989 0.00750 46.72882 0 -0.25000 -46.35000 26.16335 0.17987 13
0.86807 0.03175 71.82447 0 -0.95000 -27.17500 54.25038 0.13339 -13
0.85488 -0.02979 88.55603 0 0.90000 -28.95000 67.32443 0.13252 -13
-1.43530 0.11851 99.60118 0 -3.57500 42.35000 57.20466 0.17657 13
-1.48088 -0.28190 99.60118 0 8.50000 43.72500 57.20466 0.18215 13
1.02252 -0.14152 15.70851 0 4.22500 -30.92500 11.03897 0.14471 13
0.70143 -0.06590 61.42153 0 1.97500 -21.10000 50.32083 0.12318 13
1.88207 0.13666 49.45806 0 -4.10000 -57.95000 23.37439 0.21504 -13
1.92798 -0.26265 49.45806 0 7.95000 -59.35000 23.37439 0.22035 -13
0.42217 -0.02877 58.89907 0 0.85000 -9.87500 54.26511 0.10935 13
0.53281 0.14537 17.10881 0 -4.42500 -16.82500 15.13345 0.11507 13
0.54397 -0.25357 17.10881 0 7.62500 -17.15000 15.13345 0.11743 13
-1.90222 0.02981 91.56108 0 -0.90000 56.20000 42.61976 0.21645 -13
0.74110 0.09168 81.58149 0 -2.75000 -21.92500 65.64111 0.12568 -13
-0.95935 -0.10432 37.40697 0 3.12500 27.70000 27.06334 0.13994 13
-0.67276 -0.01702 75.87191 0 0.50000 20.65000 62.95462 0.12138 13
1.48908 -0.09046 41.58373 0 2.70000 -44.87500 23.24804 0.18084 13
1.73682 -0.18680 53.43347 0 5.65000 -50.65000 27.00528 0.20273 -13
1.12572 -0.01133 27.02257 0 0.32500 -36.75000 17.94733 0.15163 13
-0.73290 0.14276 52.68707 0 -4.30000 21.15000 42.64476 0.12568 -13
-0.74899 -0.25626 52.68707 0 7.75000 21.62500 42.64476 0.12845 -13
0.98440 -0.20864 96.63970 0 6.30000 -31.00000 69.58807 0.14287 -13
0.96650 -0.08683 42.93324 0 2.62500 -27.95000 30.92692 0.14033 -13
-0.70720 -0.04658 54.00394 0 1.40000 22.20000 44.10793 0.12343 13
1.09876 -0.02580 90.46392 0 0.77500 -35.12500 60.90121 0.14964 -13
-2.10278 -0.05771 14.52650 0 1.82500 63.82500 6.24723 0.23460 -13
1.56704 0.02441 17.15298 0 -0.80000 -50.20000 9.22876 0.18724 13
0.63860 -0.09869 92.89852 0 2.97500 -20.92500 78.40498 0.11990 -13
1.39964 -0.08826 32.69626 0 2.67500 -42.10000 19.05574 0.17347 -13
0.90381 -0.15269 6.50169 0 4.72500 -25.85000 4.84833 0.13670 -13
0.80011 -0.05128 9.44262 0 1.60000 -23.05000 7.37662 0.12910 -13
-0.09478 -0.02993 84.44023 0 0.90000 4.45000 84.06381 0.10120 -13
1.38258 -0.07806 13.94454 0 2.40000 -41.32500 8.18869 0.17204 -13
0.06150 -0.21271 49.26228 0 6.40000 -2.02500 49.17343 0.10313 13
-1.81786 -0.17064 57.69040 0 5.17500 57.52500 28.11269 0.20966 -13
0.71858 0.10420 83.00146 0 -3.12500 -22.00000 67.52795 0.12445 -13
0.33915 0.13011 34.68650 0 -3.95000 -12.52500 32.87678 0.10715 13
0.34828 -0.26960 34.68650 0 8.12500 -12.80000 32.87678 0.11002 13
0.37638 -0.16128 27.82104 0 4.85000 -12.12500 26.07889 0.10881 13
-1.26220 0.01395 70.01448 0 -0.40000 40.50000 43.48101 0.16217 -13
1.20476 0.01294 93.39860 0 -0.40000 -35.75000 59.65582 0.15768 13
-1.67887 0.00054 37.62579 0 -0.00000 51.70000 19.25419 0.19679 -13
-1.45549 -0.23674 45.85645 0 7.15000 42.10000 26.44862 0.17945 -13
0.79117 0.12584 4.71110 0 -3.65000 -22.32500 3.70564 0.12900 -13
0.81393 -0.27399 4.71110 0 8.40000 -23.05000 3.70564 0.13294 -13
-0.75038 -0.23120 28.26402 0 6.95000 21.82500 22.81673 0.12801 13
-1.15447 -0.09025 50.85703 0 2.72500 35.45000 33.37437 0.15409 -13
1.19030 0.14350 91.82096 0 -4.32500 -36.12500 59.41607 0.15722 13
1.21612 -0.25555 91.82096 0 7.70000 -36.90000 59.41607 0.16061 13
-0.01792 -0.18570 7.06383 0 5.67500 0.62500 7.06274 0.10250 -13
-0.02434 -0.03098 12.70957 0 0.90000 -0.92500 12.70582 0.10078 13
-1.66820 0.03483 76.64698 0 -1.07500 51.00000 39.42517 0.19591 13
0.27955 0.04989 17.94957 0 -1.52500 -6.67500 17.28840 0.10469 13
0.12796 -0.22365 42.88908 0 6.72500 -5.00000 42.55854 0.10399 13
0.61430 0.12551 73.74484 0 -3.77500 -17.95000 62.96964 0.11886 -13
0.63205 -0.27443 73.74484 0 8.27500 -18.50000 62.96964 0.12230 -13
-0.03630 -0.07460 1.87143 0 2.52500 0.17500 1.87022 0.10128 -13
-1.62112 -0.21798 86.56871 0 6.57500 49.50000 46.21497 0.19304 13
1.71172 -0.07850 65.70773 0 2.35000 -52.82500 33.22097 0.19979 13
-1.38297 0.14725 13.89941 0 -4.37500 42.00000 8.20203 0.17245 -13
-1.41093 -0.25151 13.89941 0 7.65000 42.87500 8.20203 0.17607 -13
-1.62609 0.02403 37.62029 0 -0.70000 47.25000 19.71115 0.19225 -13
-0.20450 0.12217 13.46162 0 -3.72500 5.45000 13.19269 0.10354 13
-0.21083 -0.27814 13.46162 0 8.35000 5.62500 13.19269 0.10662 13
-1.02344 -0.19878 75.21311 0 6.00000 31.50000 53.08274 0.14549 -13
1.15511 -0.01628 26.28193 0 0.52500 -31.62500 17.20323 0.15387 -13
-0.74917 -0.12269 6.95521 0 3.60000 20.92500 5.58125 0.12640 13
-1.49435 0.07872 54.28120 0 -2.35000 43.55000 30.25368 0.18124 -13
0.19005 0.14186 59.44380 0 -4.27500 -6.15000 58.41847 0.10349 -13
0.19431 -0.25722 59.44380 0 7.77500 -6.27500 58.41847 0.10581 -13
1.70674 0.13241 5.16387 0 -4.20000 -50.60000 2.62723 0.19989 13
1.75120 -0.26690 5.16387 0 7.85000 -51.80000 2.62723 0.20459 13
-0.01525 -0.11827 96.05487 0 3.57500 0.20000 96.04385 0.10142 -13
-0.97201 -0.01134 34.31932 0 0.37500 27.52500 24.61027 0.14045 -13
0.86801 0.12737 64.46670 0 -3.82500 -28.35000 48.85167 0.13396 -13
0.89243 -0.27244 64.46670 0 8.22500 -29.10000 48.85167 0.13775 -13
-1.02749 0.08075 86.88111 0 -2.42500 30.62500 60.69704 0.14461 -13
-1.77377 0.05258 25.82404 0 -1.55000 53.60000 12.69535 0.20511 -13
0.80305 0.08613 97.31546 0 -2.60000 -24.90000 75.98701 0.12945 13
-1.17389 -0.03158 73.23097 0 0.97500 36.27500 47.50202 0.15532 -13
0.73176 -0.05143 46.45939 0 1.55000 -22.10000 37.51047 0.12489 13
-0.71584 -0.05811 25.88403 0 1.72500 20.12500 21.05940 0.12398 13
-1.40451 -0.05956 32.79292 0 1.82500 41.30000 19.04238 0.17374 -13
0.07019 -0.05133 73.44714 0 1.55000 -1.47500 73.26740 0.10108 13
0.75568 0.09737 18.31241 0 -2.90000 -20.37500 14.63552 0.12658 -13
1.08422 0.14586 56.27137 0 -4.42500 -32.30000 38.36730 0.14927 13
1.10670 -0.25308 56.27137 0 7.62500 -32.97500 38.36730 0.15234 13
0.19546 0.03824 44.81710 0 -1.17500 -5.50000 43.98587 0.10268 13
-0.14186 -0.12322 28.56274 0 3.72500 2.80000 28.28383 0.10248 -13
-1.71888 -0.02154 84.48750 0 0.65000 51.02500 42.49336 0.20027 -13
0.79381 0.03525 98.69638 0 -1.07500 -23.75000 77.32018 0.12862 13
-2.05480 0.00419 90.00652 0 -0.12500 62.07500 39.38657 0.23013 -13
-0.43477 -0.11755 23.42452 0 3.52500 11.97500 21.50487 0.11044 13
0.00409 0.12074 99.57790 0 -3.65000 -0.25000 99.57708 0.10144 13
0.00422 -0.27950 99.57790 0 8.42500 -0.27500 99.57708 0.10456 13
1.50805 -0.13347 52.75557 0 4.05000 -44.35000 29.33336 0.18274 -13
0.60984 0.15303 3.35912 0 -4.42500 -19.00000 2.87658 0.11892 -13
0.62099 -0.24575 3.35912 0 7.60000 -19.37500 2.87658 0.12132 -13
1.35655 -0.11261 28.67279 0 3.37500 -38.50000 17.08244 0.17008 13
-1.29541 -0.03166 42.16954 0 0.92500 39.60000 25.77687 0.16482 13
-0.42767 -0.03859 10.43178 0 1.10000 12.15000 9.59261 0.10959 13
0.84278 0.00215 13.91293 0 -0.10000 -26.60000 10.63877 0.13170 13
-0.58495 -0.19959 10.57441 0 5.97500 19.85000 9.17236 0.11835 13
1.35753 -0.17519 52.61932 0 5.27500 -41.57500 31.51481 0.17069 13
-0.10425 -0.14134 89.23158 0 4.27500 2.67500 88.75982 0.10225 -13
-1.46379 -0.01342 71.45494 0 0.40000 43.45000 40.30970 0.17853 13
0.44576 -0.13041 12.13368 0 3.90000 -15.42500 11.09798 0.11102 13
0.68141 -0.10098 99.23109 0 3.05000 -20.12500 82.13042 0.12229 -13
0.11109 -0.17559 65.31450 0 5.30000 -2.05000 64.92698 0.10285 13
0.67386 -0.19477 78.58782 0 5.87500 -21.32500 65.54651 0.12301 -13
-2.10149 0.07185 3.25486 0 -2.50000 62.50000 1.40214 0.23471 13
0.31231 -0.13382 30.59057 0 4.02500 -10.32500 29.22247 0.10635 13
-1.41116 -0.16915 46.61304 0 5.12500 41.22500 27.20332 0.17502 -13
-0.77681 0.13085 3.46731 0 -3.77500 21.35000 2.74640 0.12819 -13
-0.79743 -0.26847 3.46731 0 8.30000 22.02500 2.74640 0.13192 -13
-0.38053 0.08673 3.37238 0 -2.47500 11.72500 3.15323 0.10812 -13
1.52230 0.12703 59.26575 0 -3.85000 -47.25000 32.72080 0.18388 13
1.56526 -0.27285 59.26575 0 8.22500 -48.55000 32.72080 0.18904 13
0.98193 -0.03198 67.65938 0 0.97500 -29.42500 48.28894 0.14117 -13
0.07988 -0.09567 76.87124 0 2.90000 -2.77500 76.62936 0.10148 -13
-1.69899 0.08367 56.41795 0 -2.50000 52.87500 28.69189 0.19870 -13
-0.13894 -0.03317 51.39218 0 1.00000 2.47500 50.90375 0.10172 13
1.57445 -0.01472 1.32105 0 1.10000 -47.47500 0.70826 0.18857 -13
-0.33020 0.05000 20.49115 0 -1.47500 11.45000 19.46026 0.10617 -13
0.23831 -0.16913 22.50684 0 5.12500 -7.30000 21.91004 0.10493 -13
0.33917 -0.16036 62.11088 0 4.82500 -9.47500 58.89600 0.10755 13
-1.95934 -0.24042 35.13397 0 7.27500 59.20000 16.33036 0.22289 -13
-0.19015 -0.04941 24.09516 0 1.47500 6.90000 23.67199 0.10263 13
-0.42746 -0.15048 43.87548 0 4.52500 11.77500 40.41340 0.11055 13
-0.10949 -0.12752 77.28549 0 3.85000 2.27500 76.83370 0.10212 -13
-1.01570 0.04171 69.98594 0 -1.25000 29.00000 49.12208 0.14360 -13
-0.20949 0.13621 46.73588 0 -4.12500 6.37500 45.76056 0.10380 13
-0.21463 -0.26318 46.73588 0 7.92500 6.52500 45.76056 0.10634 13
-0.11882 0.08684 1.28906 0 -3.00000 2.27500 1.28008 0.10225 13
1.37678 0.12056 92.72536 0 -3.62500 -41.55000 54.74923 0.17179 -13
1.41933 -0.27967 92.72536 0 8.45000 -42.85000 54.74923 0.17712 -13
1.22827 -0.03014 7.92854 0 0.80000 -39.57500 5.00729 0.15953 13
-0.10603 0.03096 76.29280 0 -0.92500 1.45000 75.86794 0.10132 -13
0.70824 -0.21187 60.08562 0 6.37500 -20.02500 49.38937 0.12522 13
-1.27837 0.10340 11.98409 0 -3.17500 38.82500 7.40839 0.16381 13
1.14028 0.10167 26.00089 0 -3.10000 -31.52500 17.19339 0.15309 13
1.69786 -0.01358 1.93079 0 -0.07500 -52.32500 0.97992 0.19873 13
-1.66487 -0.18094 66.40564 0 5.45000 50.12500 34.59813 0.19641 13
-0.23040 -0.21358 18.57061 0 6.42500 8.75000 18.11642 0.10554 13
1.76684 -0.08904 3.06786 0 2.37500 -51.60000 1.51558 0.20460 13
-0.12996 -0.02101 48.27342 0 0.65000 3.85000 47.87100 0.10157 -13
-1.15146 -0.02466 91.29186 0 0.75000 35.27500 59.87070 0.15360 -13
0.82462 0.12339 9.58406 0 -3.77500 -23.65000 7.41652 0.13116 13
0.84919 -0.27686 9.58406 0 8.27500 -24.35000 7.41652 0.13496 13
-0.63980 -0.00711 56.56386 0 0.22500 19.65000 47.64687 0.11956 -13
1.76911 -0.06053 20.93536 0 1.87500 -53.82500 10.31615 0.20477 -13
-0.39801 -0.07625 73.89005 0 2.30000 8.97500 68.67930 0.10866 -13
-1.14805 -0.13784 34.39575 0 4.12500 33.40000 22.71200 0.15394 13
1.15021 0.03291 70.33782 0 -1.00000 -34.95000 46.16414 0.15353 13
-0.09231 -0.10441 82.62306 0 3.15000 4.52500 82.27690 0.10168 -13
-1.51883 0.03672 26.04358 0 -1.15000 45.80000 14.32833 0.18318 13
-1.28737 -0.18179 90.20352 0 5.47500 39.10000 55.89576 0.16517 13
-0.63358 -0.14082 62.83402 0 4.25000 16.80000 53.22538 0.12006 -13
0.32770 -0.07005 20.24804 0 2.15000 -8.22500 19.24583 0.10622 -13
-0.43998 0.10003 78.39013 0 -3.00000 12.20000 71.81010 0.11048 -13
0.18225 0.07096 23.56045 0 -2.15000 -5.45000 23.18056 0.10262 13
0.03321 -0.22106 31.66096 0 6.65000 -1.05000 31.64434 0.10318 13
1.41382 0.04182 59.51964 0 -1.25000 -42.95000 34.39023 0.17444 -13
-1.00298 0.10338 22.56673 0 -3.15000 27.75000 15.97555 0.14303 13
0.57260 -0.23823 62.57352 0 7.17500 -18.12500 54.66531 0.11849 13
-0.32948 -0.04848 76.75245 0 1.47500 8.22500 72.90604 0.10614 -13
-0.74769 0.11919 10.07352 0 -3.52500 23.15000 8.08811 0.12629 -13
1.96339 -0.11260 90.47636 0 3.37500 -59.65000 41.26794 0.22217 13
-1.66067 0.07117 44.17548 0 -2.17500 53.85000 22.83104 0.19535 13
0.84543 -0.16378 50.77657 0 4.92500 -24.37500 38.98874 0.13288 13
-0.68921 -0.09721 91.16791 0 2.95000 19.50000 75.17962 0.12270 -13
-0.68597 -0.11726 10.62507 0 3.60000 21.55000 8.78074 0.12272 -13
-0.46996 -0.04646 26.89934 0 1.42500 9.10000 24.34971 0.11137 -13
1.75190 0.13266 84.31803 0 -4.02500 -50.42500 42.07510 0.20359 13
1.79747 -0.26692 84.31803 0 8.05000 -51.80000 42.07510 0.20885 13
-0.98321 -0.18667 69.10021 0 5.65000 31.42500 49.68556 0.14248 -13
0.65138 -0.09560 47.26281 0 2.90000 -19.00000 39.65564 0.12058 -13
0.18914 -0.21457 25.81685 0 6.45000 -5.37500 25.38635 0.10473 13
-0.64821 -0.01034 27.98221 0 0.30000 17.70000 23.48121 0.12001 13
-0.95363 -0.24823 44.61100 0 7.47500 29.35000 32.74030 0.14136 13
-1.88513 0.05693 54.75829 0 -1.72500 56.45000 25.69322 0.21498 13
-0.50976 -0.07870 6.72410 0 2.30000 17.55000 5.99456 0.11330 13
0.74393 -0.04618 27.22204 0 1.42500 -23.42500 21.84893 0.12561 -13
0.81464 -0.08042 21.19462 0 2.40000 -25.17500 16.45335 0.13013 13
1.93227 0.06553 68.65902 0 -2.00000 -58.57500 31.61023 0.21920 13
0.88552 0.08139 99.30198 0 -2.45000 -26.77500 74.45116 0.13476 13
-0.02589 0.10330 57.12363 0 -3.10000 0.62500 57.10467 0.10127 -13
1.62915 -0.16430 77.13850 0 4.97500 -47.45000 40.74434 0.19322 -13
-0.97232 -0.17342 83.12526 0 5.25000 28.02500 60.02499 0.14154 -13
1.97564 0.14078 58.24049 0 -4.22500 -61.15000 26.50781 0.22342 -13
2.02051 -0.25835 58.24049 0 7.80000 -62.52500 26.50781 0.22855 -13
1.16502 0.05770 61.92607 0 -1.72500 -35.67500 40.37199 0.15472 -13
1.06056 -0.00971 3.78675 0 0.47500 -31.20000 2.59799 0.14686 -13
-0.70864 0.05178 3.57278 0 -1.40000 19.42500 2.91640 0.12356 -13
0.39084 -0.13780 51.36265 0 4.17500 -11.35000 47.89778 0.10901 -13
-1.31333 -0.14467 72.69164 0 4.37500 39.40000 44.32434 0.16688 -13
0.14960 0.01119 91.23828 0 -0.32500 -5.75000 90.23436 0.10183 -13
0.78178 0.09009 51.93437 0 -2.70000 -25.20000 40.97806 0.12815 -13
-1.20161 -0.12757 31.08893 0 3.87500 34.82500 19.98230 0.15796 -13
-0.02772 -0.03662 30.27633 0 1.10000 3.25000 30.26473 0.10081 13
0.30939 0.02774 94.08134 0 -0.82500 -10.57500 89.88091 0.10545 -13
0.51161 0.08412 87.87146 0 -2.55000 -14.17500 78.28540 0.11343 13
0.02256 -0.20159 26.21932 0 6.10000 0.90000 26.21291 0.10277 -13
-0.30523 -0.24751 78.27632 0 7.45000 10.70000 75.05135 0.10819 13
-1.00523 0.04312 51.26177 0 -1.30000 28.30000 36.16971 0.14285 -13
