2.05555 -0.15998 24.06550 0 4.87500 -64.45000 10.63541 0.23082 -13
-0.45031 0.09749 56.86559 0 -2.92500 15.30000 51.89217 0.11088 -13
0.08723 -0.04894 35.07318 0 1.47500 -4.25000 34.94080 0.10120 13
0.32676 -0.05163 73.45101 0 1.55000 -9.45000 69.82714 0.10607 13
0.34465 -0.12950 89.14033 0 3.90000 -12.05000 84.34921 0.10731 13
-0.47753 -0.24390 88.91281 0 7.37500 12.25000 80.65603 0.11427 -13
-0.62961 -0.17473 68.09596 0 5.27500 21.40000 57.86953 0.12030 -13
-0.24773 -0.06538 83.70463 0 1.97500 8.00000 81.25863 0.10396 -13
1.78285 0.14464 34.61255 0 -4.40000 -54.40000 17.06643 0.20639 13
1.82069 -0.25433 34.61255 0 7.65000 -55.52500 17.06643 0.21069 13
0.40326 -0.15099 65.23992 0 4.57500 -12.72500 60.59994 0.10965 -13
0.02015 0.13354 82.38503 0 -4.02500 -0.25000 82.36859 0.10162 13
0.02066 -0.26597 82.38503 0 8.02500 -0.25000 82.36859 0.10422 13
0.39309 0.11765 54.03793 0 -3.55000 -12.75000 50.33771 0.10884 -13
2.02138 -0.19220 93.87105 0 5.80000 -61.10000 42.23287 0.22795 -13
0.72014 -0.02091 35.04208 0 0.62500 -21.40000 28.43808 0.12412 13
-1.11489 -0.13498 90.60453 0 4.07500 36.20000 60.79996 0.15142 13
0.78822 -0.00476 25.44266 0 0.17500 -23.30000 19.98188 0.12823 -13
-0.93624 0.07556 24.30486 0 -2.30000 25.72500 17.76549 0.13817 13
0.39905 -0.01398 73.70244 0 0.42500 -14.77500 68.45434 0.10844 -13
0.94486 -0.16035 39.33371 0 4.82500 -26.50000 28.76061 0.13948 13
-0.95598 0.07801 46.51595 0 -2.35000 26.47500 33.67211 0.13953 -13
0.65030 0.01823 30.72302 0 -0.57500 -18.37500 25.75710 0.12014 13
-0.97616 -0.05717 67.84273 0 1.72500 30.00000 48.58567 0.14085 13
-0.21224 -0.21973 51.20355 0 6.62500 9.25000 50.13762 0.10529 13
-0.10844 0.04800 33.71581 0 -1.47500 3.65000 33.51979 0.10141 13
-0.63177 0.01507 12.91165 0 -0.50000 18.70000 10.91595 0.11913 13
-0.70804 0.00556 35.17578 0 -0.17500 18.60000 28.70850 0.12339 13
-0.87171 0.08334 53.02246 0 -2.50000 28.25000 40.02834 0.13385 -13
1.40947 -0.07583 75.72993 0 2.27500 -39.90000 43.90441 0.17420 13
0.27446 0.09854 4.20062 0 -2.85000 -7.27500 4.05209 0.10489 -13
-0.57440 0.10381 73.90163 0 -3.12500 18.90000 64.16748 0.11660 -13
-0.51643 -0.03928 40.08424 0 1.20000 17.35000 35.62098 0.11341 -13
-1.61027 -0.18922 6.56460 0 5.55000 48.90000 3.50735 0.19169 13
-1.09138 -0.17874 46.39154 0 5.40000 32.15000 31.60729 0.15016 -13
-0.35671 -0.14452 95.47420 0 4.35000 8.57500 90.02838 0.10790 13
0.12953 0.09904 28.73264 0 -3.00000 -4.00000 28.49691 0.10204 13
-0.64988 0.01680 64.83661 0 -0.52500 19.92500 54.36720 0.12011 13
-0.21964 -0.22772 32.29699 0 6.85000 8.55000 31.58090 0.10561 13
0.62041 0.06098 18.58220 0 -1.80000 -17.97500 15.79813 0.11866 -13
-1.86292 -0.11331 28.53546 0 3.37500 56.42500 13.56364 0.21319 13
1.58105 -0.13178 66.94749 0 4.00000 -48.20000 36.00654 0.18888 -13
-0.74299 0.05089 12.96169 0 -1.57500 21.95000 10.40915 0.12557 13
1.88613 -0.22351 44.25182 0 6.72500 -57.22500 21.12344 0.21614 13
0.43057 -0.24921 17.21279 0 7.47500 -12.80000 15.88237 0.11245 13
-0.58003 -0.12517 8.50524 0 3.70000 21.80000 7.37118 0.11708 13
1.97484 0.02160 30.95012 0 -0.67500 -59.30000 13.98429 0.22295 13
0.71195 -0.03765 92.69989 0 1.15000 -19.77500 75.53428 0.12368 -13
0.05504 -0.17558 18.72763 0 5.32500 0.27500 18.70018 0.10241 -13
0.87922 -0.06877 48.17502 0 2.05000 -26.70000 36.21721 0.13426 13
-1.43783 0.10188 78.28756 0 -3.07500 40.85000 44.85560 0.17668 13
-0.21069 -0.06007 76.14794 0 1.80000 9.20000 74.51781 0.10309 13
-0.16934 -0.00587 60.56014 0 0.17500 6.85000 59.71012 0.10214 -13
1.27334 -0.22449 14.07549 0 6.70000 -38.17500 8.82572 0.16453 13
-1.26121 0.01004 9.72702 0 -0.22500 37.05000 6.04357 0.16210 -13
0.67478 0.02591 21.14376 0 -0.80000 -23.97500 17.52863 0.12151 13
0.48807 0.04068 91.64991 0 -1.22500 -15.32500 82.37629 0.11213 13
-0.39039 0.11503 20.57983 0 -3.50000 9.67500 19.18743 0.10873 13
0.17879 0.01955 95.44861 0 -0.57500 -3.75000 93.95926 0.10232 -13
0.05126 -0.06816 75.40235 0 2.05000 1.17500 75.30394 0.10107 -13
1.60185 -0.23053 49.49663 0 6.92500 -50.97500 26.70031 0.19155 13
-1.85959 0.02015 73.18828 0 -0.60000 56.75000 34.66675 0.21265 -13
0.78784 0.11499 92.52907 0 -3.45000 -20.85000 72.86420 0.12872 -13
-0.22587 -0.05412 31.58884 0 1.65000 8.30000 30.81472 0.10338 -13
0.40873 -0.09723 96.88925 0 2.95000 -12.60000 89.74709 0.10923 -13
1.22959 0.08342 89.98912 0 -2.52500 -36.70000 56.89708 0.15983 13
0.32269 -0.21122 20.02767 0 6.35000 -11.05000 19.09833 0.10792 13
0.91181 -0.02488 16.37260 0 0.80000 -24.72500 12.10012 0.13632 -13
-0.94776 -0.08123 60.34781 0 2.45000 29.32500 43.86934 0.13899 13
0.33578 -0.20950 99.48989 0 6.32500 -7.90000 94.51633 0.10831 -13
0.46400 -0.21606 82.61630 0 6.52500 -16.35000 75.23969 0.11313 -13
2.08911 -0.13653 82.90071 0 4.12500 -63.60000 36.06388 0.23365 -13
-0.21983 -0.07353 94.51321 0 2.22500 5.32500 92.32060 0.10337 13
-0.39445 0.13593 87.86108 0 -4.10000 10.55000 81.83241 0.10911 -13
-0.40418 -0.26344 87.86108 0 7.95000 10.85000 81.83241 0.11181 -13
0.20288 0.01040 31.13011 0 -0.30000 -4.55000 30.50865 0.10276 -13
0.51526 0.06640 31.26943 0 -2.02500 -14.57500 27.80939 0.11349 13
0.13869 0.06408 82.05696 0 -1.95000 -3.05000 81.28208 0.10187 13
-0.23741 0.00104 39.84785 0 -0.02500 10.47500 38.77024 0.10350 -13
-1.22876 -0.13670 90.38286 0 4.12500 37.80000 57.36802 0.16013 13
-0.49983 -0.22929 90.52254 0 6.90000 15.80000 81.37847 0.11492 13
-0.82901 0.06875 34.91367 0 -2.10000 22.40000 26.90450 0.13100 13
-0.41476 -0.19627 64.25442 0 5.92500 11.40000 59.51414 0.11080 -13
-0.37560 0.05763 42.54113 0 -1.75000 10.30000 39.83261 0.10773 13
-0.77267 -0.24957 53.31690 0 7.52500 24.25000 42.66073 0.12971 13
-2.09481 -0.06397 59.40948 0 1.90000 63.05000 25.63569 0.23384 13
0.54261 0.07554 90.67147 0 -2.27500 -15.47500 79.74680 0.11483 13
-0.52511 0.13503 62.24914 0 -4.07500 17.27500 55.21970 0.11456 13
-0.53826 -0.26441 62.24914 0 7.97500 17.67500 55.21970 0.11742 13
-1.93686 0.01045 23.57141 0 -0.27500 57.05000 10.81386 0.21951 -13
-0.37451 -0.05177 63.54736 0 1.57500 9.92500 59.52062 0.10766 -13
-0.45832 0.12118 62.12835 0 -3.67500 14.15000 56.55056 0.11145 13
-0.47238 -0.27905 62.12835 0 8.40000 14.57500 56.55056 0.11485 13
0.15961 0.08020 65.32299 0 -2.40000 -4.45000 64.51159 0.10229 -13
0.21231 -0.22282 81.24633 0 6.72500 -6.45000 79.55612 0.10537 -13
-0.16995 0.11150 68.19686 0 -3.37500 3.30000 67.24442 0.10277 13
-0.25778 -0.10089 43.11441 0 3.02500 9.02500 41.76260 0.10449 13
-0.15822 -0.18977 9.96054 0 5.67500 5.22500 9.84245 0.10370 13
1.06447 -0.17042 83.18500 0 5.12500 -33.35000 57.38828 0.14807 13
1.88455 -0.11400 49.46159 0 3.42500 -57.07500 23.30073 0.21514 13
-0.44231 -0.20098 23.37997 0 6.05000 10.60000 21.45002 0.11194 13
0.51636 -0.11266 94.24273 0 3.40000 -15.72500 83.84870 0.11391 -13
0.34476 0.08313 27.62924 0 -2.52500 -10.42500 26.13016 0.10685 13
-0.30642 -0.00336 72.81323 0 0.10000 9.52500 69.61815 0.10533 13
0.82546 -0.06225 31.83760 0 1.85000 -23.75000 24.57235 0.13073 13
0.71116 -0.02699 34.83760 0 0.82500 -21.35000 28.39365 0.12360 -13
0.89346 -0.12646 92.59462 0 3.82500 -28.97500 69.29179 0.13564 -13
0.41579 -0.22640 92.85635 0 6.82500 -12.80000 86.05031 0.11142 -13
0.15935 -0.17167 31.32209 0 5.17500 -4.32500 30.94289 0.10342 13
-0.14690 0.02931 77.12865 0 -0.90000 4.00000 76.31043 0.10183 13
-0.36934 0.12509 14.79884 0 -3.80000 11.27500 13.89517 0.10811 13
-0.38008 -0.27499 14.79884 0 8.25000 11.60000 13.89517 0.11120 13
-0.27612 -0.23717 40.21986 0 7.17500 7.95000 38.84280 0.10718 -13
-0.45271 -0.22230 9.55706 0 6.65000 14.47500 8.74157 0.11274 13
-0.70333 -0.16007 16.70203 0 4.80000 23.90000 13.71840 0.12414 13
-1.91098 -0.01649 87.74156 0 0.47500 58.42500 40.68562 0.21720 13
1.21555 -0.12385 40.81927 0 3.72500 -35.42500 26.05036 0.15899 13
0.84016 0.06181 5.02382 0 -2.00000 -26.12500 3.84991 0.13172 13
0.66894 -0.22967 69.49707 0 6.92500 -20.15000 58.21697 0.12335 -13
-0.23786 0.12910 62.64559 0 -3.90000 7.35000 60.97202 0.10433 13
-0.24437 -0.27066 62.64559 0 8.15000 7.55000 60.97202 0.10718 13
0.13879 0.07415 92.22372 0 -2.22500 -3.07500 91.35293 0.10194 -13
1.31938 0.01007 45.03870 0 -0.32500 -37.35000 27.20567 0.16672 13
2.03924 0.10500 98.75226 0 -3.17500 -58.45000 43.67158 0.22898 13
0.01348 -0.09790 74.43840 0 2.95000 0.77500 74.43171 0.10119 -13
-0.19443 0.14294 32.53782 0 -4.30000 6.20000 31.95147 0.10359 -13
-0.19868 -0.25606 32.53782 0 7.75000 6.32500 31.95147 0.10587 -13
-0.41558 -0.18771 95.72366 0 5.65000 9.70000 88.61676 0.11067 13
1.58982 -0.22589 93.15898 0 6.82500 -48.55000 50.48698 0.19052 -13
-0.53778 -0.21030 25.55951 0 6.37500 16.15000 22.61873 0.11630 -13
-0.96404 -0.10348 80.42781 0 3.12500 29.82500 58.05030 0.14027 -13
0.41306 -0.13314 12.35841 0 4.05000 -13.42500 11.43702 0.10980 -13
-0.76395 -0.24227 99.71222 0 7.32500 21.27500 80.05853 0.12906 -13
0.37388 -0.15779 78.54610 0 4.77500 -12.20000 73.68186 0.10868 -13
-0.37984 -0.11572 44.71676 0 3.50000 7.55000 41.83786 0.10836 -13
0.41892 0.02870 30.60948 0 -0.85000 -10.75000 28.23405 0.10922 -13
0.56534 -0.12085 63.67919 0 3.65000 -14.30000 55.53038 0.11632 -13
0.22738 0.11086 79.45617 0 -3.35000 -6.02500 77.50174 0.10388 -13
-0.97628 0.12394 19.81747 0 -3.77500 31.80000 14.23248 0.14132 13
-1.00515 -0.27613 19.81747 0 8.30000 32.65000 14.23248 0.14543 13
-0.51131 0.12857 69.71545 0 -3.87500 17.00000 62.17665 0.11385 13
-0.52547 -0.27124 69.71545 0 8.17500 17.42500 62.17665 0.11698 13
-0.75605 -0.20228 83.67300 0 6.10000 20.87500 67.22601 0.12789 -13
0.33337 -0.10636 15.23828 0 3.25000 -10.55000 14.46430 0.10671 -13
1.35343 -0.20882 19.29558 0 6.35000 -45.07500 11.62377 0.17083 -13
1.63619 0.08455 36.02389 0 -2.52500 -48.95000 18.83553 0.19326 -13
-2.06215 -0.00112 27.02202 0 0.07500 64.80000 11.79060 0.23080 -13
-0.12656 -0.23256 83.98709 0 7.02500 4.05000 83.35617 0.10417 -13
-0.23339 0.12690 30.78374 0 -3.85000 8.52500 29.99025 0.10420 13
-0.24001 -0.27299 30.78374 0 8.22500 8.72500 29.99025 0.10713 13
-1.06371 -0.17721 32.61702 0 5.37500 33.72500 22.52410 0.14812 -13
-0.03891 -0.10025 76.36508 0 3.02500 2.10000 76.30787 0.10129 -13
0.02514 -0.05816 8.83070 0 1.70000 0.17500 8.82792 0.10090 13
-1.20421 -0.24040 26.13590 0 7.27500 38.92500 16.97437 0.15951 -13
0.35305 0.03258 27.02341 0 -1.00000 -12.80000 25.48328 0.10685 13
-0.73814 -0.07203 39.64907 0 2.15000 24.62500 31.92924 0.12537 13
-0.22043 -0.19516 10.00352 0 5.82500 5.80000 9.77741 0.10495 13
-1.30772 -0.19557 59.49801 0 5.87500 40.82500 36.56843 0.16694 13
1.15171 0.09186 62.43359 0 -2.75000 -33.82500 41.03082 0.15388 -13
-1.12769 -0.15726 48.28407 0 4.72500 36.52500 32.25403 0.15259 13
-0.12121 -0.01830 52.55047 0 0.55000 3.50000 52.16880 0.10146 -13
0.08337 -0.06316 47.45060 0 1.92500 -3.12500 47.28719 0.10126 -13
0.02334 0.09301 26.36761 0 -2.82500 -1.42500 26.36050 0.10117 13
-0.41203 0.08332 38.07701 0 -2.52500 12.00000 35.22331 0.10925 13
-0.07560 0.12585 14.38552 0 -3.82500 1.55000 14.34527 0.10180 13
-0.07777 -0.27417 14.38552 0 8.22500 1.60000 14.34527 0.10468 13
1.53200 -0.04658 20.53860 0 1.35000 -47.62500 11.23469 0.18429 13
1.35724 -0.23754 50.50144 0 7.15000 -41.42500 30.48794 0.17144 13
0.39168 -0.08056 50.07376 0 2.45000 -12.97500 46.64501 0.10846 -13
0.18057 -0.02609 38.56026 0 0.80000 -4.62500 37.94701 0.10237 -13
1.77085 -0.14395 81.29252 0 4.32500 -53.52500 40.28399 0.20530 13
-0.54682 0.02883 14.05516 0 -0.90000 16.82500 12.33289 0.11482 13
-0.45643 -0.18803 81.69704 0 5.67500 15.15000 74.54118 0.11230 13
0.99531 -0.11893 57.75563 0 3.60000 -31.22500 41.07846 0.14259 -13
1.25717 -0.10405 83.55390 0 3.15000 -38.10000 52.18484 0.16211 -13
1.01489 -0.19744 51.17568 0 5.95000 -34.00000 36.26497 0.14484 13
-1.75402 0.09648 80.64930 0 -2.90000 52.90000 40.08351 0.20356 -13
0.05193 0.14432 20.49556 0 -4.37500 1.10000 20.46855 0.10189 13
0.05302 -0.25466 20.49556 0 7.65000 1.05000 20.46855 0.10404 13
-1.70291 0.00413 43.13202 0 -0.10000 49.70000 21.84095 0.19887 -13
0.80318 -0.13905 6.16161 0 4.30000 -24.22500 4.82200 0.13000 -13
-1.26637 0.06117 16.36573 0 -1.90000 37.30000 10.15356 0.16264 13
-0.87398 0.00556 49.83493 0 -0.17500 27.35000 37.52390 0.13374 13
0.39417 0.06945 21.90467 0 -2.07500 -14.50000 20.38528 0.10846 -13
1.03491 -0.10757 15.85579 0 3.30000 -29.42500 11.05041 0.14535 -13
1.72981 0.00651 88.62854 0 -0.17500 -53.35000 44.35792 0.20122 -13
-1.81056 -0.03790 99.08255 0 1.15000 55.92500 47.93012 0.20833 -13
1.39293 -0.21679 68.32608 0 6.55000 -41.77500 40.45024 0.17406 -13
1.49034 0.05118 14.90444 0 -1.60000 -46.85000 8.31237 0.18082 13
0.53195 -0.06740 74.22321 0 2.05000 -14.22500 65.56143 0.11427 -13
1.88677 -0.11292 44.65535 0 3.42500 -59.20000 21.01755 0.21534 -13
-0.57499 0.12342 24.78637 0 -3.75000 16.37500 21.52769 0.11684 13
-0.59213 -0.27671 24.78637 0 8.32500 16.87500 21.52769 0.12028 13
0.29577 0.00019 22.91268 0 0.02500 -7.15000 21.97176 0.10502 -13
-1.65756 -0.06231 91.06981 0 1.90000 50.67500 47.11108 0.19506 -13
-0.34892 0.12694 84.28482 0 -3.82500 13.07500 79.64839 0.10742 13
-0.35881 -0.27294 84.28482 0 8.22500 13.37500 79.64839 0.11046 13
1.80049 -0.12408 19.91399 0 3.80000 -53.97500 9.72541 0.20783 -13
-1.08870 0.01980 93.56697 0 -0.60000 32.92500 63.30173 0.14888 -13
-0.19602 0.03397 58.13944 0 -1.02500 4.90000 57.05485 0.10267 -13
1.66384 -0.14832 3.48960 0 4.75000 -48.62500 1.81250 0.19636 -13
0.20600 -0.24533 26.84127 0 7.42500 -5.47500 26.31977 0.10576 -13
0.54692 -0.23809 84.40925 0 7.20000 -17.40000 74.51838 0.11726 -13
-0.53036 0.12341 87.61549 0 -3.72500 15.97500 77.53170 0.11467 13
-0.54614 -0.27667 87.61549 0 8.35000 16.45000 77.53170 0.11807 13
1.32771 0.10320 36.69354 0 -3.12500 -40.42500 22.14996 0.16772 13
-0.23064 -0.06936 67.50492 0 2.10000 8.35000 65.78590 0.10359 -13
-0.29716 -0.08290 66.50544 0 2.50000 7.40000 63.76791 0.10539 -13
-1.85522 0.02148 57.31450 0 -0.62500 58.72500 27.19950 0.21225 -13
0.59544 -0.14149 73.52337 0 4.27500 -16.65000 63.33548 0.11807 -13
-1.10866 0.03730 17.84747 0 -1.07500 33.82500 11.95831 0.15040 -13
-0.19628 -0.17954 6.37479 0 5.52500 5.72500 6.25972 0.10428 -13
-0.05846 -0.11140 95.63912 0 3.37500 3.40000 95.47810 0.10150 -13
0.52295 0.03402 5.70543 0 -0.92500 -15.00000 5.05664 0.11370 -13
0.29297 -0.24562 21.48103 0 7.37500 -6.87500 20.66103 0.10779 13
-0.59518 0.12878 26.11798 0 -3.85000 18.05000 22.49178 0.11789 -13
-0.61161 -0.27092 26.11798 0 8.20000 18.55000 22.49178 0.12118 -13
-1.59901 -0.13361 9.17634 0 4.12500 47.20000 4.89636 0.19050 -13
2.07012 -0.10871 16.49792 0 3.20000 -62.22500 7.21107 0.23170 13
2.15313 0.03544 74.73286 0 -1.07500 -63.52500 31.49535 0.23910 13
0.17500 0.03314 81.85536 0 -1.00000 -2.30000 80.63132 0.10228 -13
-1.49784 -0.21026 39.02737 0 6.32500 46.50000 21.99466 0.18257 13
0.55834 -0.22584 34.99375 0 6.82500 -18.65000 30.73188 0.11757 -13
-0.65494 0.10101 67.53876 0 -3.05000 16.25000 56.58615 0.12080 -13
2.06227 0.06996 52.39927 0 -2.10000 -63.00000 22.90726 0.23090 -13
0.90994 0.04818 5.17869 0 -1.57500 -27.02500 3.83202 0.13631 13
1.22914 -0.09843 87.45678 0 2.97500 -38.70000 55.35329 0.15988 -13
0.66881 -0.15988 70.79276 0 4.82500 -20.00000 59.07294 0.12221 13
-1.33387 -0.00855 1.60555 0 0.77500 41.95000 0.96323 0.16827 -13
-1.59814 -0.00328 47.45125 0 0.07500 47.95000 25.17004 0.18985 13
-0.41874 0.09013 43.12300 0 -2.72500 14.02500 39.80056 0.10956 13
-0.46927 0.06653 84.22757 0 -2.00000 14.90000 76.27970 0.11144 -13
0.42101 -0.10862 63.64919 0 3.27500 -13.60000 58.71380 0.10980 13
-0.23897 -0.05603 73.59233 0 1.70000 8.32500 71.58326 0.10369 -13
-0.13474 -0.08280 44.21961 0 2.50000 4.15000 43.82623 0.10196 -13
-1.13018 -0.17306 74.86507 0 5.22500 31.80000 50.01961 0.15297 -13
2.01806 0.10702 8.36197 0 -3.35000 -58.40000 3.73103 0.22711 13
0.17807 0.05946 54.47294 0 -1.77500 -3.30000 53.63221 0.10246 -13
-1.27925 -0.11044 82.60112 0 3.32500 40.72500 51.06253 0.16388 13
-0.03940 -0.23339 7.84063 0 6.97500 3.47500 7.83485 0.10345 13
-0.00143 -0.00368 39.86169 0 0.10000 0.57500 39.86165 0.10070 13
-0.63681 -0.16970 89.06634 0 5.12500 18.55000 75.43205 0.12061 -13
-0.12462 -0.06922 19.44748 0 2.07500 5.77500 19.29890 0.10172 13
-1.38403 -0.06653 35.47346 0 1.97500 41.00000 20.80522 0.17207 13
-0.54119 0.10937 52.82034 0 -3.30000 16.87500 46.51631 0.11503 -13
-0.75381 0.06515 79.15592 0 -1.97500 24.65000 63.25728 0.12628 13
-0.04892 -0.21860 66.64088 0 6.60000 -0.32500 66.56492 0.10320 -13
0.41914 -0.07837 28.28384 0 2.37500 -12.10000 26.09734 0.10948 -13
0.06697 -0.03644 79.08135 0 1.10000 -2.25000 78.90485 0.10099 13
1.42083 -0.05616 21.74906 0 1.72500 -45.67500 12.53161 0.17506 -13
0.24169 0.01355 63.10205 0 -0.42500 -7.45000 61.33630 0.10361 13
0.23146 -0.18616 35.24720 0 5.60000 -7.97500 34.36854 0.10504 13
0.18902 0.11806 65.24326 0 -3.57500 -5.25000 64.12295 0.10318 13
0.10720 -0.04062 29.05799 0 1.20000 -5.32500 28.89275 0.10136 13
-0.26552 -0.14125 27.55472 0 4.25000 6.52500 26.64885 0.10515 13
-0.64261 -0.08984 18.99823 0 2.75000 20.27500 16.00135 0.12006 -13
-0.36448 0.14629 57.44368 0 -4.40000 15.62500 54.03700 0.10819 -13
-0.37197 -0.25260 57.44368 0 7.62500 15.85000 54.03700 0.11042 -13
-1.52875 -0.13576 92.07369 0 4.07500 48.50000 50.72526 0.18446 13
0.14101 -0.12376 39.65088 0 3.75000 -2.25000 39.26807 0.10246 -13
0.22793 -0.04173 66.52201 0 1.25000 -5.45000 64.86142 0.10337 13
-0.04425 0.00886 68.33845 0 -0.25000 0.22500 68.27163 0.10080 -13
0.30808 -0.15227 47.80302 0 4.57500 -7.67500 45.72936 0.10648 13
-0.91462 -0.24019 54.61628 0 7.25000 26.97500 40.81204 0.13862 -13
0.02068 0.10350 9.80559 0 -3.07500 1.62500 9.80356 0.10125 -13
1.74216 -0.20280 10.27293 0 6.02500 -52.17500 5.19140 0.20321 13
-0.29877 0.08182 57.76051 0 -2.47500 8.12500 55.35843 0.10542 13
-0.43273 0.00982 62.48006 0 -0.30000 12.77500 57.34187 0.10973 -13
-0.03816 -0.06745 11.57267 0 2.00000 -0.35000 11.56428 0.10100 13
-0.70402 0.09476 41.58359 0 -2.87500 21.55000 34.05248 0.12353 13
0.65084 0.06398 72.70105 0 -1.95000 -19.70000 60.96942 0.12033 13
-0.75826 0.05718 80.36528 0 -1.72500 24.55000 64.07515 0.12651 13
0.78307 0.07935 28.20597 0 -2.37500 -23.47500 22.23393 0.12815 -13
-0.22582 -0.02336 1.94128 0 0.97500 7.90000 1.89371 0.10344 -13
-0.85400 -0.20714 18.88464 0 6.20000 27.17500 14.48725 0.13402 13
-0.22035 -0.01113 16.85859 0 0.30000 6.30000 16.46365 0.10312 13
1.16996 0.01422 84.41744 0 -0.45000 -36.72500 54.85188 0.15500 13
0.23914 0.03418 20.38921 0 -1.05000 -8.02500 19.83057 0.10360 13
-0.93154 -0.14742 38.93055 0 4.42500 25.97500 28.62777 0.13841 13
-0.37324 0.01503 27.33881 0 -0.42500 9.87500 25.61322 0.10750 -13
0.58149 0.14600 12.92816 0 -4.35000 -17.72500 11.20566 0.11739 -13
0.59344 -0.25283 12.92816 0 7.67500 -18.10000 11.20566 0.11988 -13
1.07859 -0.00242 70.20446 0 0.05000 -33.97500 47.73089 0.14812 13
-0.38133 -0.12309 26.51545 0 3.72500 11.02500 24.79857 0.10849 -13
1.85545 -0.01533 49.51910 0 0.47500 -55.90000 23.49574 0.21227 -13
-0.19177 -0.08393 4.57239 0 2.65000 5.65000 4.49109 0.10295 -13
0.60814 -0.09474 21.33666 0 2.87500 -18.15000 18.25244 0.11826 -13
-0.91447 0.11075 73.70592 0 -3.32500 29.00000 54.54300 0.13691 -13
0.26774 0.02727 94.99080 0 -0.82500 -7.92500 91.76094 0.10429 -13
-0.03012 0.01831 88.11074 0 -0.55000 0.80000 88.07081 0.10076 13
-0.28623 0.06940 62.24100 0 -2.07500 8.97500 59.84887 0.10498 -13
0.59270 -0.11900 39.05260 0 3.60000 -21.65000 33.65629 0.11768 -13
-1.40487 -0.10983 8.34987 0 3.40000 42.57500 4.86109 0.17410 -13
-0.34054 -0.13124 27.77761 0 3.97500 10.07500 26.31785 0.10721 -13
1.03762 -0.21296 14.40952 0 6.47500 -31.00000 10.11361 0.14675 -13
-0.95388 0.00164 11.82942 0 -0.00000 28.02500 8.55978 0.13918 -13
0.47615 0.14142 28.91444 0 -4.27500 -15.10000 26.15345 0.11245 13
0.48687 -0.25774 28.91444 0 7.75000 -15.42500 26.15345 0.11495 13
0.15161 0.12894 61.84777 0 -3.87500 -6.45000 61.16019 0.10268 -13
0.15577 -0.27081 61.84777 0 8.17500 -6.57500 61.16019 0.10551 -13
-1.68310 -0.14276 44.58951 0 4.27500 51.15000 22.94552 0.19766 13
-0.33737 -0.03574 94.51841 0 1.07500 9.47500 89.56474 0.10634 -13
0.99362 -0.00766 29.28316 0 0.25000 -34.47500 20.77278 0.14196 -13
-0.43724 -0.21786 47.46605 0 6.55000 15.22500 43.64951 0.11207 13
0.57084 -0.18575 45.12997 0 5.62500 -17.30000 39.35535 0.11746 -13
0.22016 -0.03006 21.10787 0 0.87500 -7.90000 20.61459 0.10316 13
1.10231 -0.20200 76.32803 0 6.07500 -35.30000 51.84546 0.15125 13
-0.57572 -0.14496 54.43920 0 4.37500 18.42500 47.30017 0.11712 -13
0.65767 -0.01557 34.53939 0 0.45000 -20.17500 28.85886 0.12054 13
-1.87109 -0.20596 24.75454 0 6.25000 58.45000 11.85756 0.21472 -13
0.32338 -0.13881 16.19796 0 4.15000 -6.62500 15.42594 0.10675 13
0.74955 -0.09028 99.46555 0 2.72500 -20.05000 79.70482 0.12618 -13
-0.98143 0.01848 47.94104 0 -0.55000 30.00000 34.21892 0.14111 -13
-0.78274 -0.21184 93.57094 0 6.37500 23.75000 74.29169 0.12965 13
0.80178 -0.10342 51.66857 0 3.12500 -25.37500 40.39508 0.12950 -13
1.50816 -0.22317 37.30539 0 6.70000 -42.47500 20.96324 0.18359 13
0.46292 -0.18975 49.44615 0 5.72500 -13.92500 45.00987 0.11261 -13
0.06924 -0.24531 46.08829 0 7.40000 -1.42500 45.98439 0.10393 -13
1.34615 0.06590 84.25146 0 -2.00000 -43.25000 50.31170 0.16900 13
-2.13800 -0.21112 38.69893 0 6.40000 63.75000 16.69131 0.23868 -13
0.31656 0.03135 43.96499 0 -0.92500 -10.62500 41.91679 0.10567 -13
0.29587 0.09243 49.67005 0 -2.77500 -10.32500 47.64545 0.10543 -13
1.03955 -0.07728 85.32436 0 2.35000 -33.52500 59.24392 0.14547 -13
-0.50129 0.01506 56.93133 0 -0.47500 16.82500 50.89570 0.11266 13
-0.81775 -0.08279 43.05579 0 2.50000 21.97500 33.37620 0.13036 -13
0.11590 -0.04456 96.01563 0 1.35000 -2.85000 95.37838 0.10148 -13
-0.56521 -0.03657 4.63656 0 0.97500 15.37500 4.03710 0.11575 13
-1.72912 -0.10106 10.72512 0 3.12500 51.60000 5.39016 0.20146 -13
2.14725 -0.21814 87.43179 0 6.57500 -64.75000 37.62086 0.23951 13
0.07167 -0.15586 76.36286 0 4.70000 -3.67500 76.17169 0.10218 13
0.03483 0.08623 10.82642 0 -2.65000 -0.70000 10.81992 0.10115 13
-0.03918 -0.24587 14.53604 0 7.37500 2.52500 14.52556 0.10375 13
0.59546 -0.13264 68.61682 0 4.00000 -15.12500 59.09027 0.11796 13
0.77253 0.03976 63.61732 0 -1.20000 -22.85000 50.35936 0.12731 -13
1.39585 -0.20131 71.97853 0 6.07500 -43.60000 42.46895 0.17411 -13
1.57089 -0.12342 95.46009 0 3.72500 -46.50000 51.53890 0.18794 -13
-1.20601 0.03869 49.82950 0 -1.15000 34.87500 31.82031 0.15781 -13
-0.43232 -0.01974 27.07692 0 0.57500 15.17500 24.85438 0.10973 13
-0.60606 -0.01449 20.65222 0 0.47500 15.55000 17.66208 0.11777 -13
-0.70889 -0.16743 8.45931 0 4.97500 19.17500 6.93314 0.12455 13
-0.86818 -0.19521 72.23588 0 5.90000 22.80000 54.98204 0.13481 -13
1.66763 -0.07419 85.46023 0 2.25000 -50.55000 44.03930 0.19596 -13
0.13607 -0.16636 92.87355 0 5.02500 -3.42500 92.04806 0.10301 -13
-1.48868 -0.20600 38.42171 0 6.25000 42.32500 21.73083 0.18182 -13
1.47297 -0.03772 40.73566 0 1.12500 -44.00000 22.89242 0.17931 13
-0.27541 -0.07011 20.95724 0 2.15000 5.00000 20.20826 0.10470 -13
-0.07291 0.01972 31.03475 0 -0.60000 1.30000 30.95265 0.10099 13
-1.69268 -0.02384 13.59382 0 0.65000 50.02500 6.91563 0.19800 13
0.03841 0.06090 9.76077 0 -1.80000 0.05000 9.75360 0.10096 -13
0.79231 0.09750 25.11334 0 -2.92500 -22.75000 19.71949 0.12885 -13
0.76242 -0.20339 58.51554 0 6.12500 -21.82500 46.87780 0.12827 13
1.29842 0.02767 51.03419 0 -0.82500 -39.37500 31.14723 0.16506 -13
-0.04502 -0.08671 97.98035 0 2.60000 -1.10000 97.88197 0.10118 13
-0.04194 -0.21872 28.34452 0 6.57500 2.07500 28.32074 0.10316 13
1.91396 -0.10939 4.86895 0 3.10000 -58.15000 2.26600 0.21757 13
0.19105 -0.22241 76.42427 0 6.72500 -7.67500 75.12899 0.10494 -13
-0.66544 -0.11576 38.06219 0 3.50000 21.35000 31.75217 0.12153 -13
0.13627 -0.21841 98.78983 0 6.57500 -3.12500 97.92585 0.10398 13
0.01144 -0.12254 58.06776 0 3.70000 -2.20000 58.06402 0.10145 13
0.60836 -0.16906 24.63035 0 5.12500 -18.22500 21.12150 0.11912 -13
1.08769 -0.03195 75.51000 0 0.95000 -34.22500 51.12004 0.14882 13
-0.40113 -0.09960 48.51279 0 3.02500 12.52500 45.05588 0.10897 -13
-1.81109 0.01857 53.59469 0 -0.55000 53.15000 25.90919 0.20834 -13
0.14586 -0.16218 12.81180 0 4.85000 -3.65000 12.68106 0.10305 13
0.84818 0.05129 86.33873 0 -1.55000 -26.97500 65.88016 0.13215 13
-0.67807 0.08587 38.59114 0 -2.57500 21.02500 31.97764 0.12197 -13
1.49160 -0.02930 60.42989 0 0.90000 -42.22500 33.66116 0.18087 -13
0.16440 -0.07834 95.08657 0 2.37500 -7.87500 93.83471 0.10236 -13
0.13424 -0.03575 18.57374 0 1.05000 -6.25000 18.40880 0.10167 13
0.70510 -0.24555 42.84502 0 7.42500 -20.20000 35.35070 0.12569 -13
0.67880 -0.24659 73.04348 0 7.42500 -19.65000 60.98839 0.12421 13
-1.16026 -0.10982 96.61900 0 3.32500 35.80000 63.29542 0.15465 -13
1.13466 -0.12129 9.50097 0 3.57500 -35.10000 6.30788 0.15276 13
-1.08511 -0.13535 38.24909 0 4.10000 32.07500 26.04807 0.14923 -13
-0.75458 0.08276 67.99855 0 -2.50000 22.35000 54.34601 0.12644 13
0.53722 -0.02411 44.82826 0 0.75000 -16.00000 39.49285 0.11434 -13
0.21727 -0.11590 47.07598 0 3.47500 -5.75000 46.01661 0.10371 13
0.54744 -0.14087 24.46676 0 4.27500 -15.65000 21.51010 0.11569 -13
0.21996 -0.03755 75.33820 0 1.15000 -4.92500 73.58171 0.10318 -13
-0.27064 -0.17899 30.13113 0 5.42500 10.20000 29.11547 0.10588 -13
0.10143 0.02299 3.76586 0 -0.82500 -3.17500 3.74664 0.10130 13
0.14410 -0.10349 91.12476 0 3.12500 -3.55000 90.20291 0.10227 13
-0.97821 -0.24455 57.24408 0 7.37500 27.20000 41.49777 0.14299 13
0.58993 0.00501 99.97242 0 -0.15000 -17.17500 86.10611 0.11692 13
0.31375 -0.03840 81.47036 0 1.17500 -9.65000 77.73947 0.10562 -13
0.59740 0.14682 21.44603 0 -4.40000 -16.57500 18.46187 0.11822 -13
0.60955 -0.25201 21.44603 0 7.62500 -16.95000 18.46187 0.12067 -13
0.91532 -0.01238 75.37488 0 0.37500 -28.35000 55.60210 0.13652 -13
0.39287 -0.12797 41.98883 0 3.87500 -11.85000 39.12316 0.10897 -13
0.28663 -0.01977 16.49344 0 0.57500 -6.30000 15.85517 0.10477 13
-0.34935 -0.14890 77.29035 0 4.50000 11.10000 73.05237 0.10772 -13
0.24385 -0.02666 15.23985 0 0.82500 -8.45000 14.80615 0.10369 -13
1.34951 0.05664 15.16983 0 -1.75000 -38.87500 9.04077 0.16927 13
-0.20218 -0.00283 47.91066 0 0.07500 4.40000 46.96055 0.10274 13
0.22967 0.00259 95.33185 0 -0.07500 -7.72500 92.91306 0.10333 -13
0.82791 -0.12139 90.84675 0 3.67500 -25.32500 70.18441 0.13131 -13
-0.53855 -0.02309 55.69430 0 0.70000 14.60000 49.03838 0.11440 -13
0.79555 -0.23558 44.89747 0 7.12500 -24.42500 35.49861 0.13087 -13
-0.25036 0.02901 23.18862 0 -0.85000 5.00000 22.49498 0.10385 -13
-0.17008 -0.03793 91.27376 0 1.15000 4.47500 89.98339 0.10222 13
0.84073 0.11910 10.27011 0 -3.52500 -25.47500 7.88400 0.13209 -13
-1.19463 -0.23731 10.73861 0 7.22500 37.75000 7.00364 0.15878 -13
1.41962 0.14414 67.44874 0 -4.32500 -42.17500 39.10960 0.17546 -13
1.45001 -0.25487 67.44874 0 7.70000 -43.10000 39.10960 0.17924 -13
0.65393 0.10793 91.63981 0 -3.25000 -20.50000 76.82931 0.12081 -13
1.32189 -0.08616 82.33886 0 2.60000 -40.80000 49.79252 0.16715 13
0.28951 -0.16395 74.24104 0 4.95000 -6.05000 71.38471 0.10613 -13
1.56644 0.14864 19.44447 0 -4.45000 -45.97500 10.54421 0.18771 -13
1.59708 -0.25010 19.44447 0 7.60000 -46.92500 10.54421 0.19150 -13
-0.29519 0.05227 24.12060 0 -1.55000 8.95000 23.13632 0.10513 -13
-1.15448 -0.14303 99.99928 0 4.30000 35.22500 65.85023 0.15448 13
0.83851 0.05753 53.98051 0 -1.75000 -24.10000 41.39197 0.13155 13
-1.15765 -0.16115 64.66530 0 4.87500 37.37500 42.58139 0.15491 -13
-0.11917 -0.02378 95.90519 0 0.72500 4.02500 95.23179 0.10144 -13
0.81392 -0.10360 23.75804 0 3.15000 -20.30000 18.46494 0.13028 -13
0.05872 -0.02296 62.64963 0 0.67500 -1.85000 62.54197 0.10091 13
0.74855 0.11552 31.28622 0 -3.47500 -22.02500 25.10630 0.12632 -13
-0.58008 -0.17348 68.58432 0 5.25000 18.20000 59.54444 0.11773 -13
-0.28625 -0.08293 88.05671 0 2.50000 7.75000 84.67881 0.10508 -13
-0.23758 0.06316 33.61188 0 -1.92500 7.90000 32.70511 0.10371 13
-1.19212 -0.14789 37.72264 0 4.47500 34.20000 24.39736 0.15742 -13
0.26324 -0.22492 70.99597 0 6.80000 -6.87500 68.76425 0.10657 -13
1.25014 -0.12923 98.19089 0 3.90000 -37.80000 61.64501 0.16174 -13
-0.81639 -0.05578 34.72905 0 1.70000 22.82500 26.91957 0.13012 -13
0.01547 -0.10280 72.77584 0 3.10000 1.12500 72.76721 0.10125 -13
-0.52974 -0.08327 63.35354 0 2.50000 18.17500 56.02619 0.11427 13
-0.22038 -0.00350 92.98055 0 0.10000 7.05000 90.80170 0.10313 -13
-0.21353 -0.09386 1.15891 0 3.30000 5.02500 1.13354 0.10400 -13
1.63355 0.08956 68.35439 0 -2.72500 -53.22500 35.79246 0.19309 13
1.82507 -0.00125 25.01815 0 0.07500 -57.35000 12.02183 0.20957 -13
-0.51766 -0.24844 90.94925 0 7.50000 12.92500 81.26936 0.11612 -13
0.28104 -0.01697 30.84188 0 0.52500 -7.12500 29.69190 0.10462 -13
0.30270 -0.07188 31.53127 0 2.15000 -7.70000 30.18552 0.10546 13
0.77215 -0.21936 53.71268 0 6.60000 -22.95000 42.88267 0.12912 13
-1.05690 -0.09163 50.36290 0 2.77500 34.22500 34.69044 0.14682 -13
0.81461 0.04352 16.39855 0 -1.35000 -25.67500 12.71838 0.12998 13
0.71014 0.05042 3.61606 0 -1.67500 -19.85000 2.94951 0.12370 13
1.51715 0.03033 93.15497 0 -0.92500 -45.45000 51.28280 0.18301 13
-0.19041 0.08755 13.62092 0 -2.60000 6.05000 13.38233 0.10288 -13
0.35152 -0.09698 78.17553 0 2.92500 -13.10000 73.78946 0.10719 -13
-0.63135 -0.03329 24.89358 0 1.02500 18.40000 21.05264 0.11915 -13
-0.19008 -0.20743 48.44166 0 6.27500 6.22500 47.62349 0.10462 -13
0.23594 -0.04623 64.22694 0 1.40000 -7.92500 62.51426 0.10357 -13
-2.08738 0.12629 12.11762 0 -3.90000 62.20000 5.26909 0.23353 13
-2.14676 -0.27385 12.11762 0 8.15000 63.92500 5.26909 0.23991 13
-0.44838 0.12371 10.94293 0 -3.67500 15.60000 9.99772 0.11105 -13
-0.46166 -0.27624 10.94293 0 8.40000 16.02500 9.99772 0.11441 -13
-0.19555 -0.19944 23.36396 0 6.00000 4.52500 22.94576 0.10454 13
1.92468 -0.16623 52.45883 0 5.00000 -56.77500 24.44663 0.21904 13
-0.68742 0.10577 40.06667 0 -3.17500 20.50000 33.07680 0.12266 -13
1.25859 0.09230 10.50904 0 -2.70000 -40.57500 6.55496 0.16211 -13
0.41467 -0.00480 22.12509 0 0.17500 -12.20000 20.43773 0.10902 -13
-0.93169 0.01138 79.88319 0 -0.32500 27.55000 58.44917 0.13764 -13
-0.45067 0.05131 18.64934 0 -1.57500 14.07500 17.00620 0.11058 13
-0.20230 -0.06868 12.01919 0 2.12500 7.87500 11.78171 0.10299 -13
1.90510 -0.02611 2.17570 0 1.30000 -55.72500 1.01074 0.21724 -13
-0.59301 -0.20410 63.71338 0 6.15000 15.72500 55.08954 0.11886 13
-1.26776 -0.23717 93.65517 0 7.15000 38.85000 58.97768 0.16436 -13
0.48014 0.10680 18.51556 0 -3.20000 -15.27500 16.70904 0.11222 -13
-0.22768 -0.09698 31.00036 0 2.95000 6.55000 30.23368 0.10375 -13
-0.90395 -0.24980 11.12038 0 7.47500 26.60000 8.36120 0.13799 13
-0.29332 0.03541 86.97923 0 -1.07500 10.90000 83.46671 0.10501 13
-0.22654 -0.21625 91.57362 0 6.52500 8.52500 89.40784 0.10552 13
-1.60797 -0.06094 41.18559 0 1.85000 44.07500 21.77957 0.19079 -13
-0.53893 0.06936 63.20911 0 -2.10000 17.12500 55.67298 0.11461 13
0.53667 -0.13685 91.54492 0 4.12500 -15.90000 80.82908 0.11512 -13
-0.02069 0.01002 94.74548 0 -0.30000 3.07500 94.72521 0.10073 13
0.53196 0.01268 87.08866 0 -0.40000 -13.25000 76.88800 0.11407 13
1.11300 0.00859 95.27773 0 -0.25000 -32.45000 63.67894 0.15068 -13
0.79674 -0.15336 90.67411 0 4.62500 -24.25000 71.23530 0.12968 13
-0.65770 -0.03225 46.34341 0 0.97500 22.15000 38.72561 0.12058 -13
-1.80754 -0.03813 64.60282 0 1.17500 52.75000 31.29136 0.20806 -13
-0.94138 -0.06058 78.88501 0 1.82500 29.77500 57.48786 0.13844 -13
0.68806 -0.20667 92.96193 0 6.22500 -21.05000 77.09376 0.12399 13
0.72763 0.00289 10.03361 0 -0.02500 -19.50000 8.11308 0.12455 -13
0.01959 -0.05697 25.38189 0 1.70000 -0.30000 25.37703 0.10088 13
-0.67305 -0.24749 44.54294 0 7.47500 21.15000 37.28970 0.12393 -13
0.84576 0.07931 61.85598 0 -2.37500 -25.52500 47.29088 0.13213 -13
0.09948 -0.03870 96.75193 0 1.15000 -1.47500 96.27739 0.10127 13
0.63965 0.04361 1.93595 0 -1.62500 -19.42500 1.63138 0.11986 13
0.73531 -0.19967 63.35116 0 6.05000 -20.10000 51.38801 0.12661 -13
1.95221 0.08971 93.41746 0 -2.70000 -57.15000 42.72512 0.22106 -13
-0.25132 -0.10137 14.66836 0 3.02500 7.42500 14.23025 0.10433 13
0.35990 0.06670 88.24462 0 -2.02500 -9.87500 83.05206 0.10724 13
-0.51166 0.10158 63.31671 0 -3.05000 17.50000 56.42672 0.11358 -13
0.74451 -0.18602 84.72183 0 5.60000 -20.22500 68.36512 0.12693 13
-0.45968 0.08456 35.79670 0 -2.57500 13.80000 32.54498 0.11116 13
-1.04045 0.12936 39.76893 0 -3.87500 32.95000 27.67596 0.14590 -13
-1.06890 -0.27033 39.76893 0 8.17500 33.82500 27.67596 0.14992 -13
-1.41304 -0.14226 97.23246 0 4.27500 41.17500 56.54295 0.17491 13
1.66161 -0.00041 13.85982 0 0.07500 -49.97500 7.14665 0.19531 -13
0.33434 -0.02442 97.06715 0 0.75000 -7.35000 92.06075 0.10621 -13
-0.56931 -0.22026 18.74678 0 6.60000 19.75000 16.38521 0.11795 13
-1.15858 0.08180 71.71169 0 -2.45000 32.40000 46.94586 0.15434 -13
-0.41518 0.00042 83.11709 0 -0.02500 16.32500 76.76385 0.10904 13
1.65046 0.05405 74.82936 0 -1.62500 -49.27500 38.81751 0.19441 -13
1.82989 -0.16340 40.22433 0 4.95000 -54.27500 19.48413 0.21068 -13
-1.37345 -0.01573 9.59155 0 0.40000 41.00000 5.64632 0.17108 13
0.36178 -0.19297 41.53428 0 5.80000 -11.05000 39.13848 0.10883 13
1.39925 -0.12525 2.11952 0 4.20000 -44.50000 1.23937 0.17410 -13
