0.50914 0.03415 94.65113 0 -1.02500 -16.25000 84.35833 0.11306 13
-0.71297 0.11302 26.72345 0 -3.40000 22.92500 21.80596 0.12419 -13
0.54455 0.11824 75.90567 0 -3.55000 -14.85000 66.76807 0.11528 -13
0.10237 -0.06521 18.84909 0 2.00000 -4.02500 18.75149 0.10145 -13
-0.79339 0.03257 88.63515 0 -0.97500 23.02500 69.44985 0.12859 -13
1.59260 -0.16892 94.19706 0 5.10000 -52.60000 50.59618 0.19015 -13
1.05356 0.07692 48.89664 0 -2.32500 -32.50000 33.71430 0.14648 13
0.98375 -0.18604 29.88766 0 5.62500 -29.62500 21.48330 0.14252 -13
-1.10099 0.04577 9.75024 0 -1.45000 33.62500 6.56069 0.14984 13
-0.19329 0.05020 60.68240 0 -1.52500 7.85000 59.58234 0.10269 13
1.01628 0.12248 49.25273 0 -3.70000 -32.77500 34.67478 0.14412 13
1.04690 -0.27767 49.25273 0 8.35000 -33.70000 34.67478 0.14843 13
-0.29180 -0.01311 58.10136 0 0.40000 8.12500 55.77573 0.10492 -13
-0.30130 -0.04537 26.46072 0 1.37500 9.37500 25.33798 0.10528 -13
-0.06961 -0.17242 90.49990 0 5.20000 2.35000 90.28770 0.10243 13
1.07389 -0.07770 6.96654 0 2.45000 -32.47500 4.75492 0.14805 -13
-0.74679 0.04982 40.77017 0 -1.50000 22.92500 32.68091 0.12578 -13
-2.16204 -0.11504 65.90595 0 3.50000 63.02500 27.81780 0.24018 -13
-0.17702 0.02491 42.25337 0 -0.75000 7.60000 41.60681 0.10230 -13
-1.19818 0.10235 35.24579 0 -3.07500 34.17500 22.65347 0.15749 -13
1.85013 -0.09575 31.95103 0 2.85000 -53.45000 15.24545 0.21199 13
-0.42705 -0.06628 91.21595 0 2.00000 14.27500 83.91516 0.10970 13
-1.80606 0.10755 79.17644 0 -3.25000 54.50000 38.52229 0.20818 13
0.07745 -0.10583 36.12050 0 3.17500 -3.57500 36.01382 0.10156 13
-1.18329 -0.00255 31.90943 0 0.10000 39.15000 20.59685 0.15602 -13
1.03705 0.12554 91.18747 0 -3.80000 -33.60000 63.55262 0.14563 13
1.06700 -0.27444 91.18747 0 8.27500 -34.50000 63.55262 0.14982 13
-0.79535 -0.05192 97.92166 0 1.57500 23.45000 76.67721 0.12878 -13
-0.76989 0.12297 66.52771 0 -3.72500 21.40000 52.86137 0.12770 13
-0.79294 -0.27716 66.52771 0 8.35000 22.10000 52.86137 0.13150 13
-0.86971 -0.23166 28.96053 0 6.97500 29.02500 22.09587 0.13546 13
-0.04406 -0.21959 74.22616 0 6.62500 2.20000 74.15752 0.10319 13
-0.54767 -0.07256 45.34087 0 2.17500 17.70000 39.79139 0.11505 13
1.61656 -0.00390 63.88370 0 0.12500 -48.65000 33.60840 0.19142 -13
-2.01977 -0.22609 95.16509 0 6.80000 60.90000 43.07337 0.22809 13
-0.14983 0.10648 52.45522 0 -3.20000 5.52500 51.88256 0.10238 -13
0.97366 0.11143 72.98714 0 -3.35000 -28.17500 52.45057 0.14099 -13
-0.02312 -0.16698 33.14099 0 5.05000 2.00000 33.13237 0.10213 -13
0.37080 -0.04106 77.85017 0 1.25000 -13.25000 73.00101 0.10749 -13
0.29219 -0.09704 74.15625 0 2.92500 -7.90000 71.20609 0.10536 13
0.32315 0.09961 26.49249 0 -2.97500 -7.85000 25.22065 0.10630 -13
-1.03725 -0.02887 96.48402 0 0.87500 32.82500 66.98063 0.14512 -13
0.15803 0.00468 18.28901 0 -0.17500 -4.02500 18.06483 0.10195 13
-0.05545 -0.24030 50.26336 0 7.25000 1.02500 50.19050 0.10373 -13
2.11988 -0.05167 37.67832 0 1.52500 -64.30000 16.09319 0.23607 13
-0.46195 0.10760 14.81514 0 -3.20000 10.72500 13.46268 0.11146 -13
0.36280 -0.18465 35.16819 0 5.55000 -11.57500 33.12324 0.10872 13
1.37517 -0.16944 70.38128 0 5.10000 -41.10000 41.77542 0.17207 13
-0.78760 -0.03918 38.09961 0 1.17500 23.72500 29.93972 0.12825 13
-1.05382 -0.04304 71.16757 0 1.30000 31.87500 49.01128 0.14636 13
-0.65497 -0.18595 88.95663 0 5.62500 19.52500 74.79185 0.12183 -13
0.54269 -0.17667 87.92335 0 5.32500 -15.77500 77.54501 0.11595 -13
-0.21275 0.05519 60.54647 0 -1.67500 8.37500 59.22489 0.10311 13
-0.40185 0.02030 70.78933 0 -0.62500 12.65000 65.68625 0.10855 13
-0.97888 -0.10310 3.32965 0 2.90000 31.22500 2.38547 0.14128 13
0.92164 -0.11208 15.30500 0 3.32500 -27.85000 11.28643 0.13739 13
0.00648 -0.07050 8.19483 0 2.07500 -0.25000 8.19466 0.10095 13
0.56611 0.06398 50.88799 0 -1.92500 -16.60000 44.30570 0.11590 -13
-0.33738 -0.19493 84.09970 0 5.87500 9.85000 79.83630 0.10808 -13
0.41535 -0.00737 14.97860 0 0.25000 -12.15000 13.83274 0.10905 -13
0.41567 -0.12104 62.32534 0 3.65000 -10.80000 57.61241 0.10973 13
-0.35948 -0.19987 49.09865 0 6.05000 8.17500 46.30573 0.10889 -13
-0.02062 0.13926 86.67373 0 -4.20000 4.62500 86.65565 0.10170 13
-0.02111 -0.25996 86.67373 0 7.82500 4.65000 86.65565 0.10406 13
-0.40438 -0.16351 5.65273 0 4.82500 13.57500 5.25001 0.10983 13
0.87511 -0.10208 46.74867 0 3.07500 -25.95000 35.25914 0.13421 13
-1.86905 -0.07317 12.02531 0 2.12500 55.47500 5.68400 0.21359 13
-0.28895 -0.02272 71.28421 0 0.70000 8.02500 68.48394 0.10485 -13
0.09836 0.08719 86.60131 0 -2.62500 -1.60000 86.18849 0.10157 13
1.37941 0.01596 11.12182 0 -0.40000 -39.85000 6.52872 0.17157 -13
-0.76665 0.02369 2.87846 0 -0.50000 23.45000 2.28446 0.12699 -13
0.03690 0.13176 86.90038 0 -3.97500 -1.90000 86.84229 0.10164 13
0.03787 -0.26784 86.90038 0 8.07500 -1.92500 86.84229 0.10432 13
-0.26234 0.06523 73.84098 0 -1.97500 6.17500 71.43388 0.10432 13
-1.07736 0.07297 10.20984 0 -2.27500 32.02500 6.95580 0.14824 13
0.30373 -0.22419 53.25869 0 6.75000 -10.95000 51.06331 0.10763 13
0.17039 -0.10407 45.66673 0 3.15000 -3.97500 45.02477 0.10269 -13
-0.90199 -0.13620 24.77655 0 4.07500 26.75000 18.47332 0.13630 13
0.67166 -0.14146 96.85154 0 4.27500 -22.47500 80.64597 0.12215 -13
0.33624 -0.22896 12.47240 0 6.95000 -12.12500 11.85216 0.10875 -13
0.63132 0.10105 32.94447 0 -3.02500 -19.82500 27.89726 0.11952 -13
0.33551 -0.15648 86.85061 0 4.72500 -11.65000 82.43934 0.10739 -13
-0.80517 -0.18165 61.24898 0 5.50000 23.30000 48.00954 0.13058 -13
0.02468 -0.12212 98.48873 0 3.67500 2.52500 98.45917 0.10148 13
0.06910 -0.18268 5.06513 0 5.42500 -3.85000 5.05353 0.10257 13
0.55699 -0.02965 54.59758 0 0.90000 -16.45000 47.70263 0.11531 -13
0.87956 -0.01174 83.26434 0 0.35000 -24.15000 62.52325 0.13412 -13
-0.80450 0.07951 99.20477 0 -2.40000 25.95000 77.39173 0.12949 -13
-1.82992 -0.08106 45.26715 0 2.42500 53.25000 21.76187 0.21015 13
-0.39126 -0.02686 54.04329 0 0.82500 12.25000 50.33071 0.10817 -13
-0.21042 0.08198 50.40461 0 -2.47500 4.45000 49.33132 0.10324 13
0.28823 -0.02651 90.37064 0 0.80000 -9.20000 86.83796 0.10483 -13
0.59485 -0.10777 15.85387 0 3.22500 -16.82500 13.64586 0.11766 13
-0.34320 -0.16382 41.54276 0 4.92500 10.12500 39.34728 0.10773 13
-1.27671 -0.12815 56.11394 0 3.85000 36.62500 34.77573 0.16381 13
1.31313 0.00596 14.74353 0 -0.12500 -37.92500 8.93303 0.16621 -13
-0.96816 -0.15647 50.59547 0 4.70000 27.77500 36.56217 0.14104 13
-0.01092 -0.16533 70.30694 0 5.00000 -0.97500 70.30285 0.10208 -13
-0.54319 -0.17407 10.73496 0 5.20000 16.52500 9.46468 0.11590 13
2.04073 0.04897 98.86071 0 -1.50000 -59.97500 43.54382 0.22892 13
0.20310 0.01007 85.34669 0 -0.30000 -5.07500 83.63927 0.10276 13
0.59058 -0.02559 73.05526 0 0.77500 -16.50000 62.90973 0.11698 -13
-0.17092 0.10725 82.82905 0 -3.25000 5.20000 81.65811 0.10274 13
-1.45942 -0.21110 71.60837 0 6.37500 41.87500 41.07719 0.17943 -13
1.37243 0.10684 22.81809 0 -3.25000 -42.22500 13.48694 0.17137 13
2.07538 -0.13367 21.29315 0 4.07500 -60.75000 9.30944 0.23246 -13
-1.14329 -0.24781 34.34059 0 7.50000 33.72500 22.98797 0.15501 -13
-1.18391 0.14594 31.08927 0 -4.42500 34.35000 20.18460 0.15677 13
-1.20837 -0.25302 31.08927 0 7.60000 35.07500 20.18460 0.15996 13
0.24837 0.13308 26.85160 0 -4.00000 -9.82500 26.07298 0.10462 -13
0.25481 -0.26643 26.85160 0 8.05000 -10.02500 26.07298 0.10735 -13
-1.14365 -0.04708 69.80423 0 1.42500 34.82500 45.97742 0.15306 -13
0.09657 -0.13717 51.48219 0 4.12500 -2.42500 51.24823 0.10211 13
-1.17580 -0.16737 76.81386 0 5.05000 35.25000 50.16316 0.15634 13
-0.40741 0.08963 49.60033 0 -2.70000 12.25000 45.96060 0.10911 -13
-0.97027 -0.00089 8.58028 0 0.10000 28.10000 6.15808 0.14032 -13
0.14091 -0.12434 8.20953 0 3.67500 -4.02500 8.13042 0.10245 13
-0.00984 -0.03756 35.78750 0 1.15000 0.30000 35.78577 0.10078 -13
0.02736 -0.12072 41.50822 0 3.62500 1.32500 41.49292 0.10147 13
0.89792 0.10453 84.52235 0 -3.15000 -29.32500 63.04246 0.13575 13
1.66010 -0.09590 61.09607 0 2.87500 -51.85000 31.63074 0.19539 13
-0.02900 0.02997 66.10688 0 -0.90000 -0.15000 66.07912 0.10079 -13
1.18864 -0.22393 7.08635 0 6.65000 -36.45000 4.62664 0.15795 13
-0.82138 0.13823 69.08216 0 -4.15000 23.77500 53.58564 0.13105 -13
-0.84092 -0.26104 69.08216 0 7.87500 24.37500 53.58564 0.13418 -13
0.23549 -0.04460 62.42455 0 1.35000 -9.00000 60.76570 0.10356 -13
-0.95691 0.04020 99.35708 0 -1.20000 26.75000 71.81289 0.13944 -13
-0.59050 -0.08386 78.12981 0 2.52500 18.77500 67.33701 0.11726 -13
-2.07507 -0.05032 40.47411 0 1.55000 60.12500 17.58884 0.23204 -13
-1.58557 -0.10120 53.91606 0 3.02500 48.87500 28.86692 0.18903 13
-0.74241 0.03495 39.25963 0 -1.07500 22.10000 31.52905 0.12547 13
0.19022 -0.23653 28.21570 0 7.12500 -6.52500 27.74445 0.10524 13
0.78120 0.10405 76.61514 0 -3.12500 -21.12500 60.49867 0.12821 -13
1.13202 -0.07024 42.32942 0 2.10000 -33.15000 28.06321 0.15226 13
-0.82317 -0.03265 86.09512 0 0.97500 24.22500 66.48544 0.13047 13
-0.45072 -0.11557 62.62036 0 3.47500 12.42500 57.15296 0.11107 13
0.04319 -0.01010 93.89040 0 0.30000 0.57500 93.80296 0.10080 -13
-0.78686 -0.24894 9.75481 0 7.45000 20.40000 7.75298 0.13051 13
-0.46979 -0.14395 5.29842 0 4.45000 11.85000 4.80452 0.11228 -13
-1.36494 -0.08310 38.70189 0 2.47500 40.40000 22.92356 0.17059 13
0.46816 -0.18530 80.55637 0 5.60000 -15.85000 73.17594 0.11275 -13
-0.81821 0.12765 80.39970 0 -3.85000 21.95000 62.42614 0.13074 -13
-0.84114 -0.27216 80.39970 0 8.22500 22.65000 62.42614 0.13442 -13
-0.31683 -0.18177 5.29313 0 5.37500 10.45000 5.05329 0.10718 13
-0.14168 -0.11127 83.96296 0 3.37500 1.80000 83.14272 0.10233 -13
0.46469 0.02792 29.03992 0 -0.82500 -14.27500 26.33714 0.11108 -13
-1.12105 0.09949 4.95286 0 -2.85000 31.25000 3.30595 0.15158 -13
1.28081 -0.16577 34.72018 0 4.97500 -38.07500 21.54746 0.16446 13
-1.22077 -0.12698 46.20491 0 3.85000 37.62500 29.41968 0.15944 -13
0.08472 -0.09733 60.56027 0 2.92500 -3.17500 60.34606 0.10154 13
-0.40384 -0.07401 33.78648 0 2.25000 13.75000 31.34022 0.10887 -13
0.84160 0.07437 57.86755 0 -2.22500 -25.57500 44.32510 0.13182 -13
-2.10076 0.08405 43.41381 0 -2.50000 64.77500 18.71398 0.23443 -13
0.04438 0.05399 18.04436 0 -1.65000 0.10000 18.02666 0.10096 13
0.39123 -0.06553 99.95207 0 1.97500 -11.25000 93.10843 0.10834 13
2.16940 -0.24542 31.18029 0 7.37500 -64.70000 13.36939 0.24176 13
-1.02460 -0.06153 33.80657 0 1.82500 31.12500 23.63549 0.14431 13
-0.07745 0.09125 74.42134 0 -2.75000 0.17500 74.20097 0.10142 13
0.39674 0.09773 66.81335 0 -2.95000 -13.12500 62.14434 0.10879 13
0.03822 0.05930 84.66391 0 -1.80000 -0.75000 84.60234 0.10095 13
1.03607 -0.14294 85.09249 0 4.30000 -30.97500 59.40355 0.14571 13
0.10659 -0.24945 89.79519 0 7.52500 -2.52500 89.31875 0.10434 13
0.58062 -0.15625 64.55393 0 4.70000 -19.70000 55.99411 0.11749 13
0.13107 -0.04978 80.61844 0 1.50000 -2.10000 79.93640 0.10169 -13
0.93354 0.11517 12.10577 0 -3.42500 -28.97500 8.87601 0.13823 -13
-1.79177 0.10817 50.07756 0 -3.25000 53.32500 24.51232 0.20692 -13
0.69585 0.02932 76.59423 0 -0.90000 -22.20000 62.87910 0.12272 13
-0.40023 -0.23421 57.73594 0 7.07500 12.25000 53.79595 0.11101 -13
-1.15194 -0.00340 7.02753 0 -0.00000 33.95000 4.60713 0.15363 13
-1.34564 -0.15689 31.69073 0 4.75000 39.32500 19.05089 0.16959 -13
-2.08322 0.08134 98.53227 0 -2.45000 64.72500 42.75346 0.23284 -13
0.71951 -0.21284 92.98973 0 6.42500 -21.47500 76.04593 0.12590 -13
1.50234 -0.04438 9.00482 0 1.25000 -44.52500 4.99319 0.18178 13
1.06386 0.10347 32.67419 0 -3.15000 -33.77500 22.44018 0.14742 13
-1.29215 0.06981 4.21281 0 -2.30000 38.95000 2.57996 0.16497 13
0.62555 -0.12216 58.87499 0 3.67500 -18.00000 50.01733 0.11942 13
-0.67632 0.04629 59.12083 0 -1.40000 22.27500 48.98853 0.12166 13
0.24630 -0.22161 77.53218 0 6.70000 -9.15000 75.38336 0.10609 -13
-0.16655 -0.10061 31.67235 0 3.02500 2.02500 31.24615 0.10259 13
-1.69556 0.00708 82.47984 0 -0.22500 49.02500 41.90107 0.19823 13
0.95284 -0.07211 91.80394 0 2.17500 -27.45000 66.54488 0.13929 -13
0.93948 -0.16588 88.82094 0 5.00000 -28.67500 65.14442 0.13918 -13
0.01243 -0.08315 22.59953 0 2.47500 -0.57500 22.59780 0.10105 13
-1.01901 0.03801 87.54208 0 -1.15000 30.90000 61.33841 0.14382 13
-0.97135 -0.19422 41.71163 0 5.87500 32.62500 30.18735 0.14176 -13
-1.29383 -0.22638 59.56133 0 6.85000 38.82500 36.99293 0.16626 -13
-0.44797 0.06926 37.23199 0 -2.10000 14.05000 33.99192 0.11057 13
-0.34672 0.14096 44.00453 0 -4.27500 10.85000 41.61984 0.10753 13
-0.35460 -0.25819 44.00453 0 7.77500 11.10000 41.61984 0.10996 13
-0.63706 -0.13043 4.78750 0 4.05000 19.47500 4.04760 0.12022 -13
0.79882 -0.02672 81.40893 0 0.80000 -25.17500 63.61533 0.12892 13
-0.03382 -0.10178 15.49612 0 3.10000 2.90000 15.48736 0.10129 -13
-0.86883 -0.08708 68.60557 0 2.62500 26.62500 51.87304 0.13369 -13
0.70306 0.14336 46.19373 0 -4.30000 -19.50000 37.91525 0.12393 -13
0.71832 -0.25569 46.19373 0 7.72500 -19.97500 37.91525 0.12664 -13
-0.02951 -0.13627 33.08980 0 4.10000 0.37500 33.07567 0.10167 13
0.18295 0.07996 24.38969 0 -2.42500 -2.45000 23.99389 0.10269 13
0.35943 -0.15237 7.31375 0 4.67500 -11.02500 6.89156 0.10815 -13
0.00771 -0.00001 91.04471 0 -0.00000 -0.32500 91.04201 0.10071 13
-1.46887 -0.22260 60.55755 0 6.70000 43.50000 34.64219 0.18033 13
-1.93022 -0.01288 68.48446 0 0.37500 57.97500 31.50569 0.21892 13
-1.04535 -0.09149 7.95281 0 2.85000 29.15000 5.50956 0.14602 -13
-2.02064 -0.18723 4.31694 0 5.40000 61.62500 1.94133 0.22756 13
-0.08545 0.14484 68.60161 0 -4.37500 1.15000 68.35758 0.10212 13
-0.08726 -0.25413 68.60161 0 7.65000 1.20000 68.35758 0.10427 13
-1.04728 -0.10536 6.42891 0 3.07500 31.40000 4.45287 0.14616 13
-0.09321 0.02737 50.81865 0 -0.82500 2.35000 50.59950 0.10118 -13
1.24555 0.10279 83.19982 0 -3.10000 -36.65000 52.25387 0.16120 13
-0.18049 -0.22168 8.02569 0 6.62500 7.25000 7.90382 0.10470 13
-0.62216 -0.18825 46.75951 0 5.67500 17.15000 39.89354 0.12010 13
0.30885 0.00258 8.23720 0 -0.02500 -10.15000 7.87038 0.10541 -13
1.55928 -0.18673 18.51826 0 5.57500 -46.40000 10.11850 0.18743 13
-0.77607 -0.22859 90.47131 0 6.90000 23.67500 72.14967 0.12954 -13
1.14607 0.07943 48.97031 0 -2.37500 -34.10000 32.25421 0.15337 -13
0.21961 -0.24566 73.16954 0 7.42500 -8.57500 71.56023 0.10604 -13
-1.18595 0.05371 41.32793 0 -1.60000 33.80000 26.66332 0.15631 -13
-0.36976 -0.04222 67.68862 0 1.27500 12.92500 63.49440 0.10745 13
0.24867 -0.04895 91.34298 0 1.47500 -6.60000 88.64944 0.10389 -13
0.10851 0.01652 73.52791 0 -0.50000 -0.97500 73.09892 0.10131 13
-0.68846 -0.12534 16.17141 0 3.75000 18.30000 13.35407 0.12288 13
-1.52630 0.05225 43.62931 0 -1.55000 47.02500 23.93248 0.18383 -13
1.33807 0.14552 73.61022 0 -4.40000 -39.95000 44.36170 0.16886 13
1.36597 -0.25343 73.61022 0 7.62500 -40.80000 44.36170 0.17237 13
0.85574 -0.07520 42.02319 0 2.25000 -26.02500 31.96697 0.13275 13
-0.46870 -0.02230 72.53567 0 0.67500 14.50000 65.68230 0.11124 13
-0.40783 -0.07738 43.93056 0 2.35000 15.50000 40.69476 0.10904 -13
-0.22161 0.02548 54.69351 0 -0.77500 7.77500 53.39890 0.10318 13
0.24211 -0.23227 49.66767 0 7.00000 -8.45000 48.34157 0.10621 13
-0.51659 -0.24846 59.64609 0 7.50000 16.12500 53.32009 0.11609 -13
-0.73963 -0.15347 37.13706 0 4.65000 22.82500 29.97953 0.12622 -13
-0.37357 -0.10037 55.20511 0 3.05000 11.00000 51.74605 0.10798 -13
0.76605 -0.12897 55.96095 0 3.90000 -24.80000 44.55910 0.12753 -13
-0.48963 0.01104 73.04611 0 -0.35000 16.10000 65.60509 0.11214 13
-0.84368 0.13017 39.63022 0 -3.95000 27.50000 30.39537 0.13242 13
-0.86647 -0.26955 39.63022 0 8.12500 28.20000 30.39537 0.13597 13
1.01209 0.00557 94.02922 0 -0.15000 -28.92500 66.08850 0.14327 -13
-0.12795 -0.19253 73.43698 0 5.80000 2.95000 72.86409 0.10335 13
-0.04739 0.05638 73.45719 0 -1.70000 2.50000 73.37508 0.10097 -13
1.35930 -0.02817 27.62833 0 0.87500 -41.70000 16.37668 0.16997 -13
0.42825 -0.22456 67.65552 0 6.77500 -13.17500 62.42502 0.11186 -13
1.01947 -0.22688 64.34890 0 6.85000 -31.47500 45.63383 0.14562 -13
-1.14501 -0.00713 66.98690 0 0.20000 35.05000 44.06481 0.15309 13
-0.49758 -0.17372 98.22798 0 5.25000 15.15000 88.19989 0.11384 -13
-0.09501 -0.06495 74.45810 0 1.97500 2.85000 74.12571 0.10137 -13
-0.27075 -0.21246 54.79320 0 6.42500 9.92500 52.96704 0.10651 -13
0.06137 -0.03184 45.66897 0 0.97500 -0.30000 45.58327 0.10094 -13
0.61194 0.02064 94.74943 0 -0.62500 -18.37500 80.82289 0.11808 13
-1.20118 0.06034 26.51684 0 -1.85000 34.45000 16.98412 0.15752 13
0.19510 0.01062 38.15890 0 -0.30000 -8.70000 37.45278 0.10261 -13
0.11349 0.09943 43.80783 0 -3.00000 -4.15000 43.53098 0.10185 13
0.07228 -0.18135 72.76990 0 5.47500 -4.70000 72.58654 0.10260 13
0.74441 -0.12411 40.45169 0 3.75000 -23.02500 32.53638 0.12618 -13
-0.46712 -0.02807 88.59965 0 0.85000 16.45000 80.27910 0.11119 -13
1.47222 0.13626 53.73374 0 -4.10000 -43.87500 30.38213 0.17974 -13
1.50832 -0.26306 53.73374 0 7.95000 -44.97500 30.38213 0.18419 -13
0.06498 0.04854 80.29295 0 -1.45000 -1.07500 80.12431 0.10103 -13
0.31867 -0.06126 52.71895 0 1.85000 -8.00000 50.23883 0.10588 -13
-0.67941 -0.20811 23.26511 0 6.30000 18.55000 19.37111 0.12356 -13
-0.25210 0.07895 67.27922 0 -2.37500 9.47500 65.25032 0.10416 -13
-0.28208 0.07140 9.59637 0 -2.10000 7.97500 9.23757 0.10487 -13
1.64719 -0.05841 88.19604 0 1.77500 -49.32500 45.82624 0.19415 -13
-1.51248 0.06479 42.67927 0 -1.92500 46.15000 23.57281 0.18270 -13
-1.06004 -0.00151 55.27905 0 0.02500 28.52500 37.93292 0.14676 13
0.01459 -0.21467 66.16181 0 6.47500 -0.85000 66.15507 0.10301 -13
-0.61378 -0.24683 35.89673 0 7.42500 20.50000 30.83695 0.12073 13
-1.22060 -0.00530 54.97248 0 0.17500 38.15000 34.83875 0.15891 -13
0.96471 0.07962 87.41902 0 -2.40000 -30.70000 63.01038 0.14015 -13
0.48965 -0.20827 69.10521 0 6.27500 -14.25000 62.31525 0.11406 13
-1.32625 -0.23732 13.09534 0 7.10000 39.55000 8.02171 0.16889 13
1.20269 0.08398 42.62253 0 -2.55000 -37.00000 27.30680 0.15775 13
-0.74706 -0.08502 36.60330 0 2.55000 24.10000 29.36191 0.12598 13
-1.93143 -0.05673 81.68755 0 1.72500 57.95000 37.60533 0.21911 -13
0.79024 0.01440 39.76171 0 -0.45000 -22.47500 31.19788 0.12836 13
-0.24621 -0.10560 76.29359 0 3.17500 9.47500 74.10465 0.10425 13
-1.45049 -0.14204 96.69703 0 4.30000 45.00000 55.25772 0.17800 -13
-0.44535 0.10106 92.67866 0 -3.05000 15.15000 84.73303 0.11071 13
-1.01894 -0.01366 28.01001 0 0.37500 30.00000 19.62035 0.14378 13
-0.13108 0.14470 18.21648 0 -4.35000 4.07500 18.06499 0.10259 -13
-0.13382 -0.25435 18.21648 0 7.70000 4.17500 18.06499 0.10480 -13
-0.16433 -0.23948 17.04665 0 7.20000 4.02500 16.83321 0.10484 13
-0.26079 -0.09811 67.41195 0 2.97500 7.07500 65.24986 0.10454 -13
-0.31528 -0.24936 32.51751 0 7.50000 9.62500 31.09509 0.10852 13
-0.34402 -0.03386 15.87071 0 1.05000 9.80000 15.00842 0.10656 -13
0.93899 -0.11166 77.80305 0 3.35000 -27.80000 56.88194 0.13859 13
0.36882 -0.00272 23.08776 0 0.05000 -10.05000 21.66124 0.10734 13
-0.76291 -0.11373 82.23148 0 3.45000 23.45000 65.53271 0.12718 -13
-0.19289 -0.19276 31.49196 0 5.82500 2.37500 30.94198 0.10439 -13
0.88173 -0.06903 74.29008 0 2.07500 -29.42500 55.77890 0.13444 13
-0.83877 -0.11721 45.06959 0 3.55000 25.40000 34.62833 0.13197 -13
-0.63707 -0.12979 2.97865 0 4.10000 20.92500 2.51832 0.12029 -13
-0.62074 0.13266 22.01208 0 -3.97500 15.70000 18.74707 0.11926 -13
-0.63679 -0.26705 22.01208 0 8.07500 16.20000 18.74707 0.12241 -13
1.01807 -0.23733 51.63357 0 7.15000 -33.35000 36.68400 0.14566 13
-0.44881 0.02502 65.17376 0 -0.75000 14.57500 59.46281 0.11041 -13
0.66240 0.13213 77.86342 0 -3.97500 -18.85000 65.08442 0.12152 -13
0.67976 -0.26743 77.86342 0 8.07500 -19.37500 65.08442 0.12472 -13
-0.20734 0.04715 56.72354 0 -1.42500 6.50000 55.54474 0.10295 -13
-0.84328 -0.12963 70.78100 0 3.92500 25.82500 54.29641 0.13238 -13
-0.14297 -0.06794 17.60734 0 2.07500 3.95000 17.43100 0.10196 -13
-0.70711 -0.04033 11.97546 0 1.27500 20.67500 9.78041 0.12342 -13
-0.23896 0.11689 64.98935 0 -3.52500 7.80000 63.23259 0.10420 -13
-1.46773 -0.24787 18.20519 0 7.42500 43.12500 10.45916 0.18052 13
-0.26757 -0.04903 27.10101 0 1.45000 8.07500 26.18201 0.10436 13
-2.06063 -0.23125 70.30922 0 6.95000 62.12500 31.34818 0.23179 13
-0.02788 -0.07687 61.31730 0 2.32500 0.80000 61.29362 0.10104 -13
-0.40803 -0.11381 92.95106 0 3.42500 11.37500 86.14138 0.10936 13
0.52081 -0.10115 15.58279 0 3.07500 -15.57500 13.83584 0.11401 -13
1.55332 -0.02033 38.61993 0 0.62500 -46.90000 20.90796 0.18606 -13
0.23871 -0.17485 53.16818 0 5.27500 -8.32500 51.75659 0.10502 -13
0.26194 -0.17914 71.84381 0 5.40000 -4.82500 69.56865 0.10564 13
-0.55588 0.11823 65.85506 0 -3.55000 15.67500 57.65356 0.11583 -13
-0.79902 0.11316 46.12880 0 -3.40000 25.27500 36.12668 0.12940 -13
-1.23034 0.03500 34.96573 0 -1.07500 38.35000 22.06192 0.15971 13
-1.62744 0.09379 30.49236 0 -2.80000 49.22500 16.01368 0.19257 -13
1.55329 -0.19258 79.09259 0 5.80000 -48.15000 43.36532 0.18703 13
-0.37302 0.10157 61.00873 0 -3.07500 16.30000 57.19689 0.10797 13
-0.56189 0.01153 93.60260 0 -0.35000 14.87500 81.60464 0.11552 13
0.33142 0.12053 18.65531 0 -3.60000 -8.87500 17.72090 0.10677 -13
0.34165 -0.27966 18.65531 0 8.47500 -9.17500 17.72090 0.11012 -13
1.47215 -0.02136 26.79101 0 0.67500 -44.57500 15.05637 0.17923 -13
-0.03081 -0.07608 69.09953 0 2.30000 -0.67500 69.06694 0.10104 -13
-0.80130 -0.18906 88.47990 0 5.70000 22.05000 69.51534 0.13045 -13
0.04797 0.12048 1.03452 0 -3.15000 -3.87500 1.03336 0.10189 -13
0.29551 -0.20724 55.85973 0 6.25000 -10.25000 53.65855 0.10707 -13
-0.51634 -0.18802 99.53165 0 5.67500 14.77500 88.75777 0.11490 13
-1.20654 0.09739 62.49440 0 -2.95000 36.12500 39.99048 0.15813 13
-0.60439 -0.07890 28.30469 0 2.35000 17.85000 24.24414 0.11793 13
0.44196 0.08713 85.03729 0 -2.62500 -14.17500 77.82752 0.11045 -13
1.17532 -0.22198 89.78032 0 6.70000 -35.05000 58.98907 0.15701 -13
0.87628 0.03521 26.01919 0 -1.10000 -25.87500 19.57392 0.13395 13
0.22148 -0.08013 51.03761 0 2.40000 -5.90000 49.83751 0.10345 13
0.10319 -0.08235 61.91009 0 2.47500 -3.77500 61.58529 0.10158 13
1.35863 -0.15753 56.48993 0 4.72500 -40.60000 33.75267 0.17061 13
1.00457 -0.07771 13.89255 0 2.40000 -29.75000 9.81596 0.14298 -13
0.56446 0.00414 14.60177 0 -0.07500 -19.02500 12.71579 0.11565 -13
-0.93966 -0.05562 58.58089 0 1.67500 28.65000 42.72199 0.13830 13
0.04361 -0.20306 49.93169 0 6.12500 -0.87500 49.88614 0.10285 13
1.30169 0.08626 26.38628 0 -2.57500 -38.32500 16.11232 0.16552 -13
-0.45794 -0.08971 59.13053 0 2.70000 11.45000 53.79900 0.11112 13
2.07183 -0.23213 19.31742 0 7.05000 -61.87500 8.57760 0.23293 -13
-0.12994 0.08779 55.13609 0 -2.65000 2.70000 54.67993 0.10194 13
0.21259 -0.19204 1.80384 0 5.50000 -6.37500 1.76573 0.10476 13
-0.53706 -0.01155 23.73992 0 0.37500 19.05000 20.91502 0.11432 -13
-0.34953 0.10162 46.05586 0 -3.05000 10.70000 43.50084 0.10717 -13
-0.49556 -0.08578 56.37457 0 2.60000 16.47500 50.54874 0.11272 -13
0.36746 0.02827 92.20219 0 -0.85000 -11.90000 86.54825 0.10732 13
0.71414 -0.14132 92.15307 0 4.27500 -22.90000 75.24216 0.12456 -13
-0.06992 0.13756 72.75488 0 -4.15000 2.17500 72.58103 0.10189 -13
-0.07160 -0.26173 72.75488 0 7.90000 2.22500 72.58103 0.10435 -13
-0.23634 0.02485 12.34503 0 -0.80000 12.70000 12.01419 0.10351 13
-0.49563 -0.07585 15.45990 0 2.25000 15.87500 13.85971 0.11264 13
-1.60516 0.08702 6.41539 0 -2.77500 50.45000 3.40151 0.19075 13
0.33089 -0.15592 7.93830 0 4.62500 -9.02500 7.54529 0.10720 13
-0.89026 -0.06110 11.02304 0 1.77500 28.00000 8.23993 0.13495 13
-0.82642 -0.00942 64.18398 0 0.30000 24.50000 49.47603 0.13064 -13
-0.75616 0.08349 8.01617 0 -2.45000 21.55000 6.40245 0.12651 -13
0.74930 -0.19845 98.37460 0 6.00000 -22.32500 79.26820 0.12742 -13
0.09502 0.06952 13.18268 0 -2.12500 -3.17500 13.12382 0.10141 13
-0.20284 -0.23475 36.57273 0 7.07500 6.37500 35.87985 0.10543 13
-0.86943 0.01097 25.79703 0 -0.30000 25.40000 19.46863 0.13344 -13
-1.29398 0.08104 22.04856 0 -2.40000 38.52500 13.51006 0.16487 -13
1.21223 -0.03133 46.21331 0 0.92500 -38.32500 29.41661 0.15828 13
-1.59447 -0.00619 34.84026 0 0.22500 46.75000 18.51131 0.18954 -13
-0.81422 -0.12169 6.93167 0 3.57500 24.82500 5.39061 0.13042 13
0.19832 -0.01762 34.68403 0 0.52500 -7.67500 34.02160 0.10268 13
-0.01251 -0.17955 55.12461 0 5.40000 2.87500 55.12042 0.10231 13
-0.87973 -0.11303 48.03334 0 3.40000 25.45000 36.16335 0.13460 13
0.89115 0.03698 85.11007 0 -1.12500 -26.52500 63.55984 0.13494 13
0.36126 -0.07727 18.50122 0 2.30000 -10.07500 17.40591 0.10735 13
-1.03063 -0.17291 1.43077 0 5.70000 29.50000 1.00360 0.14651 -13
0.53356 -0.16309 5.29434 0 4.80000 -15.95000 4.68445 0.11528 13
-0.41219 -0.06972 80.95127 0 2.10000 11.95000 74.86882 0.10915 13
0.12048 -0.12153 19.17057 0 3.65000 -4.37500 19.03495 0.10216 13
0.95308 -0.02256 86.23682 0 0.70000 -27.30000 62.43319 0.13913 -13
-0.63736 0.14573 47.80703 0 -4.37500 16.65000 40.43623 0.12031 -13
-0.65059 -0.25316 47.80703 0 7.65000 17.05000 40.43623 0.12283 -13
0.55811 -0.01101 40.71386 0 0.35000 -16.00000 35.55206 0.11533 -13
-0.47443 -0.02926 41.94344 0 0.90000 13.05000 37.89788 0.11150 -13
-1.28047 -0.15331 31.15466 0 4.65000 37.37500 19.31432 0.16436 -13
0.66705 0.10316 22.75763 0 -3.15000 -20.75000 18.96277 0.12150 13
1.07675 -0.09369 59.03183 0 2.85000 -32.70000 40.26620 0.14828 -13
0.67241 0.01226 43.60963 0 -0.37500 -21.15000 36.19045 0.12136 13
0.27090 -0.20661 13.71425 0 6.20000 -10.05000 13.25581 0.10636 13
-1.24991 0.06056 49.58754 0 -1.85000 36.87500 31.01264 0.16132 13
-0.76539 -0.06861 20.86443 0 2.05000 20.57500 16.58207 0.12700 13
0.98509 0.09112 90.42530 0 -2.75000 -27.92500 64.54999 0.14165 -13
-0.01872 -0.18037 56.32630 0 5.45000 0.22500 56.31674 0.10235 -13
0.57265 -0.15406 52.46681 0 4.62500 -17.15000 45.66117 0.11707 13
-2.06787 -0.11509 46.38021 0 3.45000 62.20000 20.30096 0.23155 13
-1.74611 -0.17455 86.44151 0 5.27500 51.42500 43.44612 0.20340 -13
1.79239 0.03542 9.59579 0 -0.95000 -54.65000 4.67718 0.20672 -13
2.07501 0.14408 95.43837 0 -4.35000 -64.10000 41.77862 0.23244 13
-0.61559 -0.15764 17.27578 0 4.72500 19.22500 14.76087 0.11930 13
2.03049 -0.04317 94.49575 0 1.32500 -62.30000 41.78120 0.22797 -13
-0.00367 -0.08597 66.77039 0 2.57500 1.15000 66.76994 0.10107 13
-0.06337 -0.10507 15.41216 0 3.20000 -0.67500 15.38166 0.10147 -13
-0.12374 -0.16114 85.27347 0 4.85000 2.12500 84.64418 0.10276 13
-1.60080 -0.16372 48.25634 0 4.95000 48.35000 25.81018 0.19080 -13
3.88540 7.70889 48.25634 0 5.02500 48.32500 25.81018 0.19080 -13
0.01295 -0.48892 48.25634 0 4.25000 49.12500 25.81018 0.20441 -13
0.27322 0.04546 37.80274 0 -1.37500 -8.42500 36.46876 0.10450 13
-0.50937 0.10189 27.27687 0 -3.05000 14.32500 24.33139 0.11347 -13
0.57605 0.00329 47.62850 0 -0.10000 -17.57500 41.27080 0.11622 -13
-1.44740 0.11589 14.06360 0 -3.42500 44.07500 8.03110 0.17749 -13
-1.50103 0.07915 78.45534 0 -2.37500 46.62500 43.59261 0.18180 -13
0.90782 -0.14433 38.41444 0 4.37500 -29.15000 28.57439 0.13680 -13
2.12796 -0.02590 85.43821 0 0.80000 -61.62500 36.34810 0.23679 -13
0.05730 -0.17135 94.18633 0 5.17500 -1.22500 94.03647 0.10233 13
-0.36851 -0.04406 9.96459 0 1.27500 11.87500 9.35102 0.10741 13
-0.29023 -0.09297 57.50696 0 2.80000 12.05000 55.24632 0.10527 13
-0.73890 -0.04037 91.47297 0 1.22500 19.75000 73.58967 0.12528 -13
0.13314 0.11072 95.60656 0 -3.35000 -5.07500 94.78025 0.10220 13
0.64305 0.01086 14.91561 0 -0.37500 -15.92500 12.54609 0.11973 13
-1.80445 0.03048 19.19139 0 -0.87500 53.85000 9.30578 0.20777 -13
0.37056 -0.21595 85.53280 0 6.50000 -12.55000 80.41994 0.10957 13
0.18215 -0.05859 29.29928 0 1.75000 -5.05000 28.82660 0.10252 13
0.35497 -0.17594 4.03366 0 5.17500 -10.42500 3.80768 0.10828 13
-0.28197 -0.16184 84.49527 0 4.90000 9.45000 81.40078 0.10589 -13
-0.48435 -0.07445 10.58870 0 2.20000 13.15000 9.53473 0.11214 13
-1.26670 0.07491 31.51610 0 -2.27500 39.22500 19.56240 0.16270 13
-0.71905 -0.03078 43.78727 0 0.95000 23.00000 35.55674 0.12408 -13
-0.84003 0.05896 40.48724 0 -1.75000 28.25000 31.02290 0.13165 -13
-0.21528 0.09471 18.65102 0 -2.82500 9.30000 18.23693 0.10344 -13
-0.19155 0.12374 40.17029 0 -3.72500 7.82500 39.46355 0.10328 -13
-0.19721 -0.27629 40.17029 0 8.35000 8.00000 39.46355 0.10636 -13
0.84405 -0.12592 50.02023 0 3.80000 -24.80000 38.34884 0.13240 -13
-0.25042 -0.09249 74.99849 0 2.80000 8.72500 72.77035 0.10423 -13
1.20286 -0.06203 43.27493 0 1.90000 -36.15000 27.69635 0.15765 -13
-0.30722 -0.16125 15.98611 0 4.82500 10.47500 15.29808 0.10658 13
-0.46079 -0.18023 64.58208 0 5.42500 14.25000 58.81678 0.11236 13
0.06592 0.02910 4.29934 0 -0.77500 0.70000 4.29002 0.10099 -13
1.31140 0.05745 68.35474 0 -1.75000 -37.72500 41.49113 0.16618 13
1.43582 0.12913 82.77191 0 -3.90000 -41.87500 47.56860 0.17668 13
1.47523 -0.27065 82.77191 0 8.15000 -43.05000 47.56860 0.18150 13
0.13231 -0.18852 45.06865 0 5.70000 -2.35000 44.69254 0.10334 -13
-1.51529 0.05270 51.20765 0 -1.60000 47.67500 28.23319 0.18291 13
0.04605 -0.00988 50.85296 0 0.30000 -0.15000 50.79913 0.10082 -13
-1.12087 -0.19242 19.77109 0 5.85000 33.05000 13.29545 0.15254 -13
-0.39373 -0.24660 69.86909 0 7.45000 10.10000 65.26315 0.11105 -13
0.23039 -0.12759 45.09590 0 3.85000 -9.70000 43.96243 0.10414 -13
1.01255 -0.24653 17.19809 0 7.40000 -28.37500 12.26360 0.14541 13
0.77444 -0.18240 89.02570 0 5.50000 -22.12500 70.81494 0.12869 -13
-0.34744 0.08098 98.02052 0 -2.45000 9.87500 92.62374 0.10692 -13
-0.17701 -0.13234 71.04561 0 4.00000 4.67500 69.97631 0.10314 -13
-0.09334 -0.10022 72.93213 0 3.02500 1.10000 72.61959 0.10165 -13
0.51331 -0.22382 76.41099 0 6.75000 -16.15000 68.31902 0.11541 13
0.14719 -0.09020 52.11336 0 2.72500 -5.12500 51.56224 0.10219 -13
-0.38476 -0.07101 89.27206 0 2.12500 12.02500 83.34483 0.10813 13
0.09661 -0.15189 46.08887 0 4.60000 -3.92500 45.88009 0.10233 -13
0.39355 0.10783 46.93975 0 -3.25000 -12.07500 43.71267 0.10876 -13
-1.28654 0.06545 64.29704 0 -1.97500 40.00000 39.51226 0.16422 -13
0.07534 0.01013 14.62270 0 -0.35000 -4.77500 14.58137 0.10099 13
-0.55187 -0.16337 56.75301 0 4.95000 18.37500 49.84012 0.11620 -13
0.20921 0.00071 4.79325 0 -0.12500 -7.17500 4.69175 0.10291 13
-0.93745 0.00615 83.95382 0 -0.20000 27.90000 61.24966 0.13803 13
-0.16826 0.06417 70.81148 0 -1.92500 4.85000 69.83386 0.10232 -13
1.03262 -0.02879 8.67401 0 0.95000 -30.97500 6.03544 0.14481 -13
-0.55233 -0.00604 47.32578 0 0.20000 17.90000 41.42680 0.11505 -13
0.86703 -0.20411 9.95307 0 6.10000 -27.37500 7.58534 0.13481 13
-0.00433 0.01158 49.34549 0 -0.35000 0.40000 49.34503 0.10071 -13
-1.46029 -0.08647 51.51451 0 2.62500 42.90000 29.18039 0.17846 -13
-1.16244 0.00074 91.21270 0 -0.02500 35.00000 59.48498 0.15441 -13
0.26904 -0.24557 27.88717 0 7.42500 -8.52500 26.98134 0.10719 -13
-0.59399 -0.21485 64.21409 0 6.50000 18.50000 55.52937 0.11912 -13
1.24933 -0.23840 86.03871 0 7.17500 -40.87500 54.66912 0.16292 13
1.11215 -0.11021 10.06003 0 3.40000 -31.82500 6.74820 0.15109 -13
-0.15492 0.07390 9.47230 0 -2.27500 5.30000 9.36113 0.10220 13
-0.80023 -0.01086 17.93040 0 0.30000 26.30000 14.00000 0.12898 13
-0.36395 -0.17493 87.96991 0 5.27500 12.32500 82.80928 0.10860 13
0.55940 -0.14901 52.58293 0 4.47500 -15.95000 46.00998 0.11636 13
-0.57032 -0.23146 63.19847 0 7.00000 18.82500 55.24396 0.11826 -13
0.81021 -0.08727 84.16667 0 2.65000 -25.65000 65.49437 0.12991 -13
-0.01617 -0.10484 92.81540 0 3.17500 0.27500 92.80340 0.10127 -13
-0.06249 -0.03597 81.65545 0 1.10000 1.22500 81.49667 0.10097 -13
0.24388 0.08765 85.63854 0 -2.65000 -8.90000 83.21765 0.10403 -13
0.38202 0.01984 32.18216 0 -0.57500 -12.10000 30.06392 0.10782 -13
-0.00218 0.04288 53.52176 0 -1.27500 1.92500 53.52163 0.10080 -13
-1.79531 0.01363 81.20417 0 -0.40000 51.07500 39.51893 0.20694 -13
-0.20833 0.11294 96.67292 0 -3.40000 5.00000 94.66580 0.10349 -13
-0.08101 0.09440 29.57620 0 -2.87500 2.82500 29.48046 0.10148 13
0.24445 -0.19642 61.86696 0 5.92500 -7.27500 60.16043 0.10554 -13
1.06331 -0.01256 55.48701 0 0.40000 -31.30000 38.01515 0.14700 -13
0.74615 -0.10620 75.33736 0 3.20000 -23.97500 60.50189 0.12611 -13
1.25928 -0.10665 22.70319 0 3.25000 -38.15000 14.16752 0.16231 -13
-0.41512 -0.21793 30.47973 0 6.55000 15.42500 28.24484 0.11121 13
-0.68233 0.04233 43.51712 0 -1.30000 21.22500 35.95666 0.12199 13
-0.32867 -0.01941 50.08589 0 0.60000 8.30000 47.58261 0.10603 -13
-1.57455 0.03323 61.30551 0 -1.00000 48.57500 32.88039 0.18787 -13
0.71680 -0.05424 65.16532 0 1.65000 -23.37500 52.99066 0.12402 -13
0.08237 -0.16169 81.19209 0 4.87500 -3.35000 80.92498 0.10234 13
0.08282 0.06340 65.40243 0 -1.92500 -2.90000 65.18016 0.10125 13
-0.04822 0.00245 77.15625 0 -0.07500 1.65000 77.06668 0.10082 -13
0.04632 -0.14749 78.27935 0 4.45000 -1.82500 78.19728 0.10190 13
0.06653 -0.13268 10.69850 0 4.05000 -0.85000 10.67528 0.10183 -13
-0.45394 -0.20613 45.14572 0 6.22500 15.17500 41.25228 0.11253 -13
1.65783 -0.11867 22.18772 0 3.62500 -52.00000 11.51936 0.19536 -13
1.50118 -0.06079 30.23720 0 1.80000 -47.35000 16.78505 0.18174 13
0.37714 0.00310 74.20777 0 -0.07500 -11.02500 69.43395 0.10763 -13
0.00448 -0.06217 67.66731 0 1.87500 -0.52500 67.66663 0.10090 -13
-0.87398 -0.18975 31.16633 0 5.70000 26.97500 23.64620 0.13509 13
