2.07704 -0.00426 48.51144 0 0.10000 -62.30000 21.04422 0.23214 13
2.09356 0.00787 34.77528 0 -0.27500 -62.20000 14.98890 0.23365 13
-2.04966 -0.04549 25.13759 0 1.42500 61.87500 11.03145 0.22972 -13
-0.55405 0.09243 29.37644 0 -2.80000 17.90000 25.72178 0.11551 13
-0.08258 -0.20715 31.99145 0 6.22500 5.12500 31.88734 0.10317 13
0.42322 0.05833 22.15944 0 -1.77500 -13.25000 20.41250 0.10951 13
-0.67369 -0.03924 49.97019 0 1.20000 23.25000 41.45288 0.12149 -13
-0.18752 -0.15613 73.86389 0 4.72500 4.22500 72.62781 0.10366 -13
-0.46081 -0.23569 38.27990 0 7.10000 13.60000 34.92769 0.11338 13
-0.29543 -0.06192 27.84641 0 1.87500 7.27500 26.70938 0.10520 -13
-0.79480 -0.09564 70.65625 0 2.87500 26.80000 55.41064 0.12899 13
1.55068 -0.00826 45.84159 0 0.22500 -47.65000 24.84518 0.18581 13
1.04171 0.13955 68.39155 0 -4.20000 -31.22500 47.59894 0.14609 -13
1.06593 -0.25961 68.39155 0 7.85000 -31.97500 47.59894 0.14950 -13
-1.11823 -0.10127 95.31169 0 3.05000 35.30000 63.71378 0.15142 -13
0.86793 0.12155 76.43246 0 -3.65000 -28.95000 57.90415 0.13390 -13
0.89440 -0.27860 76.43246 0 8.40000 -29.75000 57.90415 0.13800 -13
1.47092 -0.07262 10.79508 0 2.10000 -47.50000 6.07990 0.17925 13
0.80713 -0.01942 23.04834 0 0.62500 -22.17500 17.93683 0.12943 -13
-1.13974 0.10575 62.48912 0 -3.17500 36.12500 41.34206 0.15306 -13
0.47088 -0.13559 59.99783 0 4.07500 -15.40000 54.37000 0.11214 13
-0.11740 -0.08098 80.63226 0 2.45000 4.10000 80.08584 0.10172 -13
-0.25236 -0.12697 52.46397 0 3.82500 5.17500 50.89322 0.10464 13
1.88339 -0.21961 86.08497 0 6.60000 -55.72500 41.11441 0.21586 13
0.68641 0.01393 35.17985 0 -0.40000 -21.32500 29.00548 0.12215 -13
-0.24998 -0.02731 71.32163 0 0.82500 8.65000 69.19407 0.10384 -13
-1.40780 -0.19205 3.11362 0 6.07500 44.27500 1.82484 0.17537 -13
1.94774 -0.02395 89.52963 0 0.70000 -61.37500 40.90058 0.22049 13
-0.28282 -0.17732 69.15735 0 5.35000 6.67500 66.62230 0.10617 -13
0.08699 -0.01821 92.46387 0 0.55000 0.12500 92.11611 0.10110 13
0.26399 0.08282 60.93151 0 -2.50000 -7.70000 58.92631 0.10449 13
-0.34412 -0.19479 78.96209 0 5.87500 8.67500 74.80982 0.10829 13
-0.36828 -0.15532 19.59148 0 4.70000 10.60000 18.41032 0.10847 -13
0.19438 -0.00972 67.10097 0 0.30000 -4.45000 65.86818 0.10259 -13
1.03543 0.08586 6.49210 0 -2.70000 -30.80000 4.51827 0.14529 13
-1.40955 0.03543 43.14867 0 -1.05000 45.10000 24.97720 0.17407 -13
-0.97100 -0.21328 49.95815 0 6.45000 28.90000 36.22647 0.14201 -13
-1.47548 0.01211 16.99467 0 -0.30000 42.27500 9.53463 0.17951 -13
-0.05377 0.13390 38.64638 0 -4.05000 -1.12500 38.59178 0.10175 13
-0.05516 -0.26562 38.64638 0 8.00000 -1.07500 38.59178 0.10433 13
-1.21088 -0.05284 93.19916 0 1.60000 34.10000 59.39504 0.15824 -13
-1.28898 0.05518 16.73744 0 -1.70000 37.25000 10.26819 0.16438 13
0.42816 -0.08751 74.54113 0 2.62500 -13.25000 68.56428 0.10990 13
-0.53507 -0.03930 13.83129 0 1.15000 14.20000 12.19724 0.11428 13
0.88221 0.01564 62.07445 0 -0.47500 -27.42500 46.55163 0.13430 13
-0.85717 0.12036 80.69740 0 -3.65000 27.90000 61.45567 0.13320 13
-0.88373 -0.27991 80.69740 0 8.42500 28.70000 61.45567 0.13731 13
-1.20487 0.11574 82.91194 0 -3.47500 32.82500 53.16017 0.15811 -13
0.97156 -0.09797 37.03345 0 2.92500 -30.97500 26.62264 0.14075 13
-0.28416 -0.10684 66.21827 0 3.22500 4.97500 63.72332 0.10524 13
-0.50688 0.09469 89.06726 0 -2.87500 13.87500 79.51681 0.11331 13
-0.51918 -0.03081 41.53281 0 0.95000 16.30000 36.86482 0.11351 -13
0.52043 0.11760 88.74823 0 -3.55000 -16.80000 78.83976 0.11414 13
-2.04268 -0.17383 41.39101 0 5.22500 60.62500 18.41801 0.22967 13
0.31716 -0.03817 17.53077 0 1.12500 -9.05000 16.71161 0.10571 13
1.11899 -0.09893 97.74326 0 3.00000 -32.30000 65.30754 0.15146 -13
-0.21553 -0.07136 83.95698 0 2.15000 3.65000 82.08154 0.10326 -13
-0.65382 0.02363 68.01231 0 -0.72500 20.32500 56.92996 0.12034 13
-0.36280 0.03090 52.73526 0 -0.92500 10.82500 49.57635 0.10717 -13
-0.97526 -0.16170 31.62624 0 4.90000 28.60000 22.78346 0.14162 -13
0.32740 -0.17598 71.09900 0 5.32500 -7.32500 67.66850 0.10744 -13
-0.71344 -0.09441 80.81454 0 2.85000 22.55000 65.88645 0.12406 13
-0.81416 0.04997 30.49689 0 -1.47500 27.35000 23.66178 0.12995 -13
-1.78878 -0.24218 39.98520 0 7.27500 55.12500 19.93647 0.20777 13
0.08085 0.12438 67.84721 0 -3.75000 -1.02500 67.62992 0.10180 13
0.08322 -0.27565 67.84721 0 8.30000 -1.10000 67.62992 0.10478 13
0.49814 0.00080 83.85094 0 -0.02500 -15.02500 75.05453 0.11251 -13
0.64389 -0.16096 63.87875 0 4.85000 -18.95000 53.90797 0.12086 13
-0.35433 0.09085 63.67839 0 -2.75000 9.52500 60.04933 0.10723 13
0.06098 0.00669 47.13504 0 -0.20000 -2.72500 47.04770 0.10089 13
1.45241 -0.02848 12.31049 0 0.80000 -45.15000 6.98299 0.17761 13
1.01091 -0.23453 42.44901 0 7.05000 -31.45000 30.25314 0.14512 13
0.12071 -0.03951 31.11028 0 1.17500 -0.75000 30.88643 0.10151 13
0.16550 -0.19179 8.40257 0 5.72500 -3.37500 8.29366 0.10385 13
-0.67495 0.13937 54.07380 0 -4.20000 17.32500 44.95431 0.12230 -13
-0.69069 -0.25983 54.07380 0 7.85000 17.80000 44.95431 0.12516 -13
0.54696 -0.21604 19.54109 0 6.55000 -17.82500 17.23296 0.11685 -13
-0.48553 -0.23450 80.68236 0 7.07500 14.70000 72.94325 0.11442 -13
-1.47574 -0.18067 79.38133 0 5.45000 46.17500 45.02043 0.18045 -13
-0.77843 -0.06621 48.63152 0 1.97500 22.05000 38.40700 0.12779 13
0.28491 0.03385 75.33161 0 -1.02500 -9.50000 72.45160 0.10476 13
0.19453 -0.14682 29.71276 0 4.42500 -7.95000 29.17731 0.10364 13
1.19739 0.05924 71.34282 0 -1.77500 -35.32500 45.77816 0.15721 -13
1.24632 0.04174 45.84414 0 -1.27500 -34.62500 28.70508 0.16097 13
-1.55945 0.09402 74.71083 0 -2.85000 47.47500 40.45438 0.18680 13
-0.46146 -0.20682 98.65444 0 6.25000 15.42500 89.90116 0.11285 -13
-0.82385 -0.04364 12.81240 0 1.37500 24.12500 9.89288 0.13056 -13
0.85262 0.02163 46.96347 0 -0.65000 -26.75000 35.74076 0.13235 -13
-0.93121 0.02453 57.58182 0 -0.72500 26.72500 42.14610 0.13763 -13
0.87293 -0.21058 48.05215 0 6.37500 -26.47500 36.53691 0.13536 -13
-0.10856 -0.11411 1.03406 0 2.92500 3.27500 1.02806 0.10230 13
-1.58069 -0.13116 84.61638 0 3.95000 47.02500 45.51402 0.18881 13
2.00280 -0.07250 88.47197 0 2.17500 -60.57500 39.60459 0.22555 13
-0.16786 0.05315 13.68846 0 -1.65000 4.62500 13.50013 0.10226 13
-1.39773 -0.07917 90.62173 0 2.37500 42.37500 52.83777 0.17326 13
0.41532 -0.07103 48.12732 0 2.15000 -14.52500 44.46299 0.10928 -13
-1.96089 -0.05159 92.84996 0 1.55000 60.75000 42.22691 0.22171 13
-0.52545 0.04408 93.45817 0 -1.32500 17.10000 82.74996 0.11385 13
-1.78736 -0.04154 40.80769 0 1.27500 55.65000 19.93823 0.20630 -13
1.23296 0.06764 99.05191 0 -2.02500 -35.40000 62.48038 0.16001 -13
-0.44586 0.07189 43.34627 0 -2.17500 12.20000 39.60636 0.11050 13
-0.01354 -0.16414 33.67594 0 4.97500 -0.20000 33.67294 0.10207 -13
-0.98215 0.10851 10.55369 0 -3.35000 27.37500 7.55149 0.14160 13
-0.06587 -0.06008 65.35648 0 1.80000 1.47500 65.21564 0.10110 13
0.15110 0.10905 17.14067 0 -3.32500 -4.57500 16.95046 0.10245 13
0.57797 -0.14094 95.03558 0 4.25000 -18.20000 82.48240 0.11718 -13
0.51854 -0.12467 22.28322 0 3.72500 -13.60000 19.81418 0.11412 13
-0.52954 -0.11657 54.77629 0 3.50000 15.87500 48.47911 0.11455 13
-0.07154 -0.11733 33.01196 0 3.52500 0.82500 32.92895 0.10164 13
0.86501 0.10363 85.17147 0 -3.12500 -26.45000 64.56314 0.13355 -13
0.63837 0.03355 61.94122 0 -1.00000 -20.62500 52.21867 0.11952 -13
0.95406 -0.02193 57.20556 0 0.65000 -27.05000 41.39442 0.13920 13
1.65042 -0.17187 47.47773 0 5.17500 -50.07500 24.86548 0.19508 13
-0.52031 0.13181 61.02454 0 -3.97500 16.47500 54.23377 0.11429 -13
-0.53403 -0.26778 61.02454 0 8.10000 16.90000 54.23377 0.11732 -13
-0.39598 -0.05750 67.24174 0 1.75000 11.72500 62.53249 0.10847 -13
-0.63915 -0.13846 55.84134 0 4.17500 20.95000 47.18097 0.12032 -13
-0.21654 -0.23351 96.79296 0 7.05000 8.22500 94.71037 0.10568 13
0.05832 0.04479 33.37276 0 -1.32500 -1.05000 33.31628 0.10098 -13
-1.37289 -0.00412 56.07064 0 0.15000 42.85000 33.01235 0.17105 -13
-0.21723 0.05058 97.85692 0 -1.52500 11.80000 95.63217 0.10318 -13
1.19909 -0.20882 55.79742 0 6.30000 -37.00000 36.18522 0.15865 -13
-1.40895 0.02657 44.56269 0 -0.82500 41.62500 25.79812 0.17402 13
-0.05624 -0.08853 33.45035 0 2.67500 1.02500 33.39796 0.10126 -13
1.38993 0.10922 1.09649 0 -2.50000 -39.72500 0.64238 0.17330 -13
-0.45413 -0.03776 68.62453 0 1.12500 15.77500 62.49064 0.11067 13
-0.28063 -0.03876 54.76424 0 1.15000 7.97500 52.73008 0.10467 13
0.76410 -0.09240 8.04369 0 2.70000 -22.82500 6.40164 0.12706 13
-1.31151 -0.19363 20.41459 0 5.87500 41.37500 12.52230 0.16726 -13
-0.72570 -0.11416 60.86456 0 3.42500 23.15000 49.36975 0.12495 13
0.24936 0.03355 68.80003 0 -1.02500 -8.82500 66.75815 0.10385 13
-1.39257 -0.21427 44.48559 0 6.47500 41.15000 26.33162 0.17402 -13
-0.51244 0.07467 26.86491 0 -2.22500 14.40000 23.92233 0.11340 -13
0.47096 -0.02299 73.54088 0 0.70000 -14.35000 66.53465 0.11134 -13
1.88504 0.14902 15.03543 0 -4.42500 -55.15000 7.10625 0.21535 -13
1.92167 -0.24967 15.03543 0 7.60000 -56.30000 7.10625 0.21974 -13
-0.00133 0.10827 35.15968 0 -3.27500 1.22500 35.15965 0.10130 13
-0.33942 -0.20157 23.93353 0 6.05000 13.05000 22.70952 0.10825 13
-2.09243 0.07932 38.59473 0 -2.35000 62.92500 16.68389 0.23367 -13
0.39090 -0.21144 67.18308 0 6.37500 -13.12500 62.75058 0.11021 -13
-0.38407 -0.15111 68.79479 0 4.57500 12.07500 64.31326 0.10895 -13
-0.38587 -0.04203 95.78767 0 1.27500 12.35000 89.37565 0.10802 13
1.59747 -0.04938 76.99744 0 1.50000 -45.82500 40.89116 0.18987 -13
0.67990 -0.13021 7.87241 0 4.00000 -19.85000 6.52754 0.12253 -13
0.36227 0.02844 66.56608 0 -0.85000 -10.82500 62.58878 0.10715 -13
1.42649 -0.05511 42.67467 0 1.67500 -43.37500 24.52145 0.17553 -13
0.58599 -0.14556 68.55395 0 4.40000 -22.17500 59.30431 0.11764 -13
-0.46127 0.13311 51.98340 0 -4.02500 14.00000 47.27571 0.11171 13
-0.47317 -0.26643 51.98340 0 8.02500 14.35000 47.27571 0.11458 13
-0.08759 -0.05653 80.66686 0 1.70000 2.95000 80.36015 0.10125 13
-0.98893 -0.23530 19.00629 0 7.12500 30.77500 13.69247 0.14366 -13
1.02245 -0.06675 8.65951 0 2.10000 -30.60000 6.06145 0.14422 -13
-1.06530 -0.23573 8.42184 0 7.20000 34.52500 5.84652 0.14915 -13
1.64802 -0.22226 84.36153 0 6.70000 -49.47500 44.53667 0.19539 13
0.42252 -0.09609 24.75613 0 2.87500 -14.17500 22.82009 0.10974 13
1.95569 -0.12955 14.94654 0 3.82500 -58.32500 6.84988 0.22151 13
-2.04969 -0.22346 16.37421 0 6.80000 59.65000 7.32184 0.23088 -13
-0.31306 -0.22776 35.82441 0 6.87500 11.42500 34.26358 0.10800 -13
-0.84789 -0.00971 51.27918 0 0.27500 24.82500 39.11300 0.13203 13
1.18107 -0.03946 41.38580 0 1.20000 -34.95000 26.75482 0.15589 -13
-0.17569 0.07546 35.94774 0 -2.27500 8.37500 35.40855 0.10252 -13
1.45791 -0.04218 46.96191 0 1.25000 -42.42500 26.57946 0.17808 13
-0.67872 0.06743 35.06553 0 -2.02500 20.75000 29.03469 0.12190 -13
1.87189 -0.06612 12.00778 0 2.07500 -58.50000 5.66766 0.21387 -13
-0.50122 -0.18278 61.89947 0 5.52500 15.95000 55.51815 0.11414 -13
0.71145 -0.22408 37.75116 0 6.77500 -14.85000 31.01088 0.12565 -13
0.37640 0.04823 65.26418 0 -1.47500 -9.50000 61.08927 0.10771 13
0.37163 -0.09220 52.97292 0 2.80000 -11.92500 49.68087 0.10783 -13
0.59453 -0.15590 81.99223 0 4.70000 -16.90000 70.69661 0.11821 -13
1.64758 -0.14160 48.32363 0 4.25000 -47.55000 25.25537 0.19459 13
0.93715 -0.08879 26.08040 0 2.65000 -29.22500 19.06472 0.13829 13
0.19307 0.02302 41.80232 0 -0.70000 -3.55000 41.04471 0.10259 13
-0.03528 -0.11584 85.57198 0 3.50000 -0.10000 85.51947 0.10144 13
-0.26934 -0.14892 5.56021 0 4.60000 5.87500 5.37276 0.10543 -13
-0.07979 0.08399 52.61162 0 -2.55000 3.87500 52.44614 0.10138 13
0.22402 -0.15392 89.53643 0 4.65000 -6.32500 87.41877 0.10435 13
0.27624 -0.05689 79.55616 0 1.72500 -8.10000 76.69267 0.10464 -13
0.03586 0.01270 64.26826 0 -0.37500 -2.12500 64.22699 0.10078 -13
-0.39261 -0.04839 81.26873 0 1.45000 14.20000 75.65915 0.10829 13
0.74139 -0.14381 2.61832 0 4.57500 -21.57500 2.11069 0.12645 -13
-0.31554 0.10098 34.89927 0 -3.05000 9.57500 33.29702 0.10609 13
-0.51427 0.06351 60.16467 0 -1.92500 12.02500 53.52656 0.11342 13
-0.86351 -0.00699 11.09524 0 0.15000 24.92500 8.39797 0.13306 13
-0.96837 -0.02524 13.78209 0 0.80000 30.15000 9.90219 0.14022 -13
-0.97593 -0.10142 83.70880 0 3.05000 28.62500 60.05696 0.14108 13
0.77533 0.02999 17.31355 0 -0.87500 -22.35000 13.68466 0.12746 -13
-0.43946 -0.10462 58.37774 0 3.15000 13.80000 53.49209 0.11049 13
1.26591 -0.23533 12.59421 0 7.02500 -37.82500 7.93534 0.16411 13
0.00939 -0.21823 74.76482 0 6.60000 0.85000 74.76167 0.10308 -13
0.30175 -0.04448 30.17337 0 1.32500 -9.35000 28.88914 0.10528 13
-1.07197 -0.13791 17.79133 0 4.20000 32.27500 12.19734 0.14831 -13
-1.58619 -0.20848 83.57170 0 6.27500 45.75000 45.24829 0.18998 13
0.33700 0.09697 7.93686 0 -2.85000 -8.75000 7.52460 0.10671 -13
-0.81022 -0.08381 34.22595 0 2.50000 26.60000 26.62965 0.12988 13
0.67662 0.14464 38.17799 0 -4.35000 -20.77500 31.72250 0.12245 -13
0.69098 -0.25432 38.17799 0 7.70000 -21.22500 31.72250 0.12507 -13
0.09936 -0.17047 57.35798 0 5.12500 -3.20000 57.08478 0.10264 13
0.37319 -0.19911 73.80106 0 6.02500 -12.37500 69.30470 0.10934 -13
0.78052 -0.00410 74.90459 0 0.12500 -25.12500 59.04783 0.12775 -13
0.75012 0.01887 72.06453 0 -0.57500 -21.65000 57.65204 0.12590 13
0.58080 0.04127 64.99454 0 -1.25000 -18.35000 56.21500 0.11653 13
0.80382 0.00079 93.12898 0 -0.02500 -26.35000 72.58624 0.12920 -13
0.26526 -0.11658 53.38659 0 3.50000 -10.50000 51.62490 0.10484 13
-0.38236 -0.15555 48.84142 0 4.67500 12.10000 45.68904 0.10894 13
-0.61767 0.08349 75.50445 0 -2.50000 20.62500 64.29984 0.11866 -13
-1.23169 0.02356 28.86206 0 -0.67500 37.82500 18.19494 0.15978 -13
0.73728 -0.22873 23.53869 0 6.92500 -22.87500 19.11399 0.12724 -13
1.77851 0.01102 73.40897 0 -0.32500 -54.85000 35.98041 0.20547 -13
2.04839 -0.10396 73.51940 0 3.15000 -60.85000 32.39349 0.22979 -13
-0.89938 0.00314 28.02335 0 -0.12500 24.32500 20.83654 0.13544 13
1.32168 -0.16596 22.65643 0 4.97500 -39.05000 13.78748 0.16771 13
1.83768 0.11482 2.94547 0 -3.10000 -54.95000 1.41493 0.21088 -13
-0.71531 -0.07173 90.35951 0 2.15000 23.32500 73.55748 0.12402 13
0.07262 -0.22505 87.97575 0 6.80000 -2.95000 87.75581 0.10348 -13
0.31546 -0.24030 10.93133 0 7.30000 -11.67500 10.45068 0.10838 -13
-2.02990 -0.20340 57.47761 0 6.15000 61.05000 25.81774 0.22881 -13
0.50063 -0.01775 76.28294 0 0.55000 -16.40000 68.21456 0.11263 -13
-2.12096 0.05427 48.30545 0 -1.62500 64.87500 20.62509 0.23620 -13
-1.60239 -0.01283 29.82474 0 0.42500 49.35000 15.79115 0.19021 -13
-0.60071 0.02076 51.18538 0 -0.62500 19.75000 43.87995 0.11749 -13
0.35167 -0.12703 94.32222 0 3.82500 -10.17500 89.05817 0.10752 -13
1.33910 0.00962 38.27691 0 -0.27500 -38.65000 22.90363 0.16830 -13
0.33604 -0.08147 68.54614 0 2.47500 -10.80000 64.99742 0.10655 -13
-1.79962 0.02724 30.74232 0 -0.80000 54.50000 14.93703 0.20733 -13
0.57511 -0.07610 37.42215 0 2.30000 -17.20000 32.46348 0.11643 -13
-0.17341 -0.13060 17.45721 0 3.90000 3.62500 17.20475 0.10304 13
0.35146 0.11017 35.06140 0 -3.30000 -10.70000 33.09970 0.10731 -13
-1.47292 -0.19593 66.47983 0 5.92500 42.65000 37.82279 0.18038 -13
-0.13221 -0.01398 6.62977 0 0.35000 5.17500 6.57260 0.10159 13
0.71352 -0.21280 74.22721 0 6.42500 -20.90000 60.86946 0.12556 -13
0.08813 -0.35596 74.22721 0 5.65000 -22.77500 60.86946 0.13756 -13
-0.39243 0.26209 74.22721 0 6.60000 -22.97500 60.86946 0.14375 -13
-2.68227 -15.58500 74.22721 0 6.82500 -23.37500 60.86946 0.15454 -13
1.56502 -116.45934 74.22721 0 6.85000 -46.35000 60.86946 0.72745 -13
-0.30233 0.14135 71.05315 0 -4.27500 9.85000 68.06868 0.10617 13
-0.30914 -0.25778 71.05315 0 7.77500 10.07500 68.06868 0.10855 13
-0.10753 0.08827 52.65784 0 -2.65000 4.17500 52.35834 0.10167 -13
-2.07941 -0.19607 25.07809 0 5.87500 64.32500 11.03524 0.23314 13
-0.46083 0.11641 95.45235 0 -3.52500 11.62500 86.79188 0.11150 13
0.09549 -0.00702 76.02484 0 0.20000 -2.40000 75.68064 0.10116 13
0.20514 -0.11786 12.91958 0 3.52500 -4.20000 12.65951 0.10347 13
0.17564 -0.11087 1.96760 0 3.60000 -4.65000 1.93831 0.10310 -13
0.63873 -0.13540 65.68781 0 4.07500 -20.82500 55.50407 0.12026 13
2.06591 0.09172 97.21508 0 -2.77500 -61.20000 42.49958 0.23133 13
1.09051 0.06258 35.42491 0 -1.87500 -31.05000 23.96754 0.14913 -13
-0.47584 -0.05323 96.22826 0 1.60000 12.72500 86.91521 0.11165 13
1.02790 -0.06392 11.33350 0 1.87500 -30.10000 7.91110 0.14455 13
-1.64310 -0.05769 79.49992 0 1.75000 49.57500 41.38153 0.19380 -13
-1.40070 0.03901 60.67355 0 -1.20000 45.02500 35.27199 0.17336 13
0.31038 0.06449 75.41905 0 -1.95000 -8.57500 72.04231 0.10564 -13
0.89730 -0.04458 78.82417 0 1.35000 -26.12500 58.69405 0.13538 -13
0.12012 -0.19845 6.87110 0 6.05000 -3.07500 6.82385 0.10344 -13
0.50420 -0.03605 85.32268 0 1.10000 -15.27500 76.19632 0.11284 -13
0.56031 0.08735 51.75411 0 -2.65000 -16.20000 45.19091 0.11577 13
-0.19563 -0.11304 19.56433 0 3.42500 7.02500 19.20493 0.10325 -13
-0.48783 -0.03095 5.82828 0 0.85000 14.70000 5.23871 0.11210 13
-0.28426 -0.17862 51.62076 0 5.40000 8.75000 49.71097 0.10623 -13
-0.77011 -0.01181 84.16932 0 0.37500 20.65000 66.68805 0.12711 -13
0.13158 0.12353 99.10567 0 -3.72500 -4.27500 98.27127 0.10233 13
0.13549 -0.27654 99.10567 0 8.32500 -4.37500 98.27127 0.10536 13
-1.46001 -0.15859 90.57412 0 4.80000 43.07500 51.61539 0.17893 -13
-0.51774 -0.15621 34.09880 0 4.70000 18.17500 30.35736 0.11448 13
1.38734 -0.20719 60.42876 0 6.27500 -41.05000 35.82283 0.17350 -13
0.15964 -0.00784 40.30222 0 0.25000 -6.57500 39.79833 0.10198 -13
1.18580 -0.14516 90.88401 0 4.40000 -36.50000 58.94754 0.15689 -13
0.67370 -0.21620 12.87090 0 6.57500 -20.82500 10.74944 0.12341 -13
0.07136 0.13293 33.06692 0 -4.02500 -2.95000 32.98453 0.10185 13
0.07324 -0.26660 33.06692 0 8.02500 -3.02500 32.98453 0.10446 13
-0.94353 -0.12541 31.74452 0 3.80000 30.37500 23.17354 0.13904 -13
0.73371 0.11315 63.35650 0 -3.42500 -22.77500 51.19540 0.12542 13
1.36257 -0.07209 32.32320 0 2.15000 -39.25000 19.15651 0.17035 13
-0.90369 0.11430 96.74325 0 -3.45000 27.65000 71.98601 0.13621 -13
-0.21954 -0.11490 64.08201 0 3.47500 8.77500 62.60994 0.10375 -13
0.04936 0.01760 57.74194 0 -0.52500 -1.12500 57.67174 0.10084 -13
-0.17027 0.09931 29.13126 0 -2.97500 1.92500 28.72186 0.10264 -13
-1.82390 -0.00840 62.72570 0 0.22500 55.57500 30.15703 0.20947 13
0.70755 -0.01001 10.91068 0 0.35000 -22.92500 8.90670 0.12337 -13
0.73802 -0.03971 20.61996 0 1.17500 -20.55000 16.59577 0.12522 13
-1.69832 -0.23545 41.34228 0 7.12500 50.70000 21.39913 0.19991 -13
-0.55882 -0.13705 19.57594 0 4.10000 16.80000 17.12620 0.11617 13
0.93755 -0.09954 79.11526 0 3.00000 -31.27500 57.84955 0.13841 -13
1.31499 -0.06760 89.02397 0 2.02500 -36.87500 53.96609 0.16650 13
-2.07244 -0.01636 26.96121 0 0.52500 60.60000 11.71765 0.23175 -13
0.69247 0.12598 85.05766 0 -3.80000 -21.02500 70.10669 0.12314 -13
0.71235 -0.27392 85.05766 0 8.27500 -21.65000 70.10669 0.12668 -13
1.11620 -0.17418 63.04427 0 5.25000 -33.77500 42.41568 0.15192 13
-1.38984 -0.03015 35.40819 0 0.87500 42.92500 20.68640 0.17244 13
-0.68549 -0.01347 57.01423 0 0.42500 21.82500 47.02785 0.12209 -13
0.55838 -0.07694 68.91885 0 2.32500 -17.95000 60.21556 0.11560 -13
1.63159 -0.05813 33.37074 0 1.72500 -49.12500 17.45925 0.19279 13
-0.18535 -0.15179 87.64795 0 4.57500 8.35000 86.21240 0.10355 -13
0.55764 -0.21547 33.26649 0 6.47500 -18.60000 29.20845 0.11731 13
0.38513 0.08500 60.87978 0 -2.57500 -12.60000 56.83854 0.10825 13
-0.27595 -0.14085 47.53368 0 4.25000 9.92500 45.85270 0.10543 -13
0.12267 -0.13866 87.33182 0 4.20000 -3.10000 86.69431 0.10242 -13
0.74443 -0.07252 29.24435 0 2.17500 -19.30000 23.47996 0.12575 13
-2.16176 -0.02671 75.09198 0 0.82500 64.12500 31.53653 0.23987 -13
0.55222 0.04444 34.49074 0 -1.32500 -19.12500 30.19999 0.11512 -13
1.49810 0.04403 13.94041 0 -1.27500 -45.25000 7.74458 0.18143 -13
-1.15507 0.11125 89.58711 0 -3.37500 37.82500 58.84215 0.15427 13
-0.90442 -0.15641 39.82091 0 4.72500 27.52500 29.69316 0.13670 -13
-0.32922 0.06491 68.39541 0 -1.97500 8.35000 64.97865 0.10622 13
-0.56600 -0.13064 98.68861 0 3.92500 17.45000 86.06150 0.11646 13
1.78007 0.00842 59.18390 0 -0.22500 -54.72500 28.98751 0.20561 -13
0.94228 0.12356 7.59742 0 -3.82500 -29.80000 5.54943 0.13898 13
0.97033 -0.27675 7.59742 0 8.25000 -30.60000 5.54943 0.14294 13
1.61602 -0.22890 62.23370 0 6.90000 -48.22500 33.35265 0.19275 13
0.44476 -0.05349 7.34169 0 1.55000 -13.15000 6.70967 0.11035 13
1.79468 -0.03395 87.33237 0 1.00000 -52.47500 42.52721 0.20692 13
-1.43852 0.14234 32.55287 0 -4.32500 44.62500 18.70649 0.17703 13
-1.47036 -0.25681 32.55287 0 7.72500 45.57500 18.70649 0.18089 13
-0.81743 0.08094 62.23299 0 -2.45000 21.45000 48.24612 0.13032 13
0.04803 -0.19153 49.99248 0 5.77500 -1.67500 49.93694 0.10266 -13
2.07710 0.13868 17.91453 0 -4.12500 -63.32500 7.83152 0.23249 -13
2.12601 -0.26049 17.91453 0 7.92500 -64.85000 7.83152 0.23817 -13
-1.46457 -0.03962 11.59285 0 1.12500 43.10000 6.54091 0.17861 13
-1.20279 -0.06364 89.72486 0 1.92500 38.02500 57.43092 0.15767 -13
0.20432 0.01150 37.67879 0 -0.35000 -5.02500 36.91618 0.10279 13
0.12025 -0.10708 36.22934 0 3.22500 -5.00000 35.97312 0.10200 13
0.47057 -0.07944 31.94686 0 2.42500 -14.42500 28.92276 0.11159 -13
-1.15823 -0.05160 44.28931 0 1.57500 33.72500 28.96502 0.15419 -13
-0.16633 0.02222 92.48907 0 -0.67500 5.95000 91.23626 0.10211 -13
-1.04719 -0.05521 33.79614 0 1.67500 34.10000 23.35986 0.14592 -13
-0.29780 -0.07953 96.02118 0 2.40000 9.55000 92.05070 0.10538 -13
0.84859 0.05505 52.47134 0 -1.67500 -25.97500 40.03327 0.13219 13
0.88677 -0.05588 97.81649 0 1.70000 -26.97500 73.23615 0.13471 -13
-0.36226 -0.20231 53.25566 0 6.10000 9.97500 50.18595 0.10902 13
0.03746 -0.00182 22.11993 0 0.02500 -3.57500 22.10442 0.10077 13
0.27898 0.04191 7.91422 0 -1.20000 -7.20000 7.62366 0.10463 -13
0.59894 -0.13403 85.93486 0 4.02500 -17.95000 73.89509 0.11815 13
0.64321 0.00886 91.02768 0 -0.25000 -18.10000 76.55896 0.11974 -13
-0.21477 -0.12704 15.00008 0 3.87500 8.47500 14.67076 0.10381 -13
1.79423 0.09179 90.81911 0 -2.77500 -51.20000 44.35501 0.20706 13
0.28086 -0.20722 35.82767 0 6.22500 -7.80000 34.54497 0.10665 13
1.41545 -0.15275 68.00410 0 4.62500 -45.27500 39.54121 0.17521 -13
0.41787 -0.14174 88.18165 0 4.27500 -12.92500 81.48301 0.11007 -13
0.78235 -0.07897 67.91154 0 2.40000 -20.75000 53.54980 0.12811 -13
0.60123 0.07083 65.29823 0 -2.12500 -16.05000 55.99946 0.11772 -13
1.02412 0.07903 24.70030 0 -2.40000 -31.95000 17.28447 0.14437 13
0.62410 0.07898 7.66488 0 -2.45000 -20.15000 6.50823 0.11901 13
0.55617 -0.12451 81.36809 0 3.75000 -16.65000 71.23860 0.11591 13
0.18847 -0.06840 31.41463 0 2.05000 -5.25000 30.87353 0.10270 13
1.36491 0.08061 94.18286 0 -2.42500 -40.85000 55.77965 0.17058 -13
-0.21702 -0.11767 91.39813 0 3.55000 8.55000 89.34623 0.10373 -13
0.21421 -0.07733 80.07849 0 2.35000 -7.45000 78.31234 0.10328 -13
1.59130 0.12953 88.83661 0 -3.92500 -47.92500 47.55002 0.18972 13
1.63474 -0.27021 88.83661 0 8.15000 -49.22500 47.55002 0.19487 13
0.14737 0.13100 18.09353 0 -3.92500 -3.45000 17.90335 0.10264 -13
0.15129 -0.26861 18.09353 0 8.12500 -3.55000 17.90335 0.10541 -13
-0.20284 -0.09153 58.50279 0 2.75000 7.15000 57.34472 0.10316 13
-0.26852 -0.03083 37.32253 0 0.92500 6.40000 36.04677 0.10432 13
-0.80413 -0.00914 21.40364 0 0.25000 26.02500 16.67974 0.12923 13
1.12146 -0.02766 63.21187 0 0.82500 -34.77500 42.07866 0.15134 13
-0.48704 0.09846 54.53816 0 -2.95000 14.95000 49.07693 0.11244 -13
0.91086 -0.07436 63.26740 0 2.25000 -27.17500 46.83121 0.13643 -13
-0.23971 0.02890 77.62628 0 -0.87500 4.45000 75.48957 0.10359 13
0.36759 0.03550 33.71462 0 -1.07500 -12.02500 31.64686 0.10735 13
1.18915 0.09615 15.62808 0 -2.85000 -35.12500 10.08574 0.15674 -13
1.90709 -0.24083 12.67455 0 7.17500 -56.15000 6.01714 0.21805 13
0.20570 -0.19458 91.79895 0 5.87500 -7.10000 89.98304 0.10466 -13
0.84717 -0.21414 43.62146 0 6.47500 -25.80000 33.59223 0.13375 -13
-1.61101 0.03406 79.82615 0 -1.02500 47.52500 42.11699 0.19097 -13
-1.22315 0.10932 16.32762 0 -3.25000 38.70000 10.37238 0.15944 -13
1.82692 -0.24029 88.78660 0 7.22500 -56.50000 43.55491 0.21110 13
-0.39477 -0.08493 96.32417 0 2.57500 14.75000 89.63873 0.10861 -13
-0.86262 0.01356 64.91326 0 -0.42500 26.50000 49.15418 0.13300 13
-2.15784 -0.02021 25.40413 0 0.57500 64.95000 10.68359 0.23948 13
1.49679 -0.14470 46.49083 0 4.37500 -42.30000 26.01208 0.18188 -13
-0.46235 -0.15692 14.91580 0 4.70000 11.45000 13.56750 0.11205 13
1.50035 -0.10031 43.59359 0 3.00000 -45.20000 24.26097 0.18185 13
0.32424 -0.16433 12.93400 0 4.92500 -9.90000 12.31894 0.10713 13
0.76769 -0.16837 30.83971 0 5.05000 -24.30000 24.58868 0.12807 13
1.96984 -0.24089 12.21059 0 7.17500 -58.87500 5.65155 0.22365 13
-1.05655 -0.01179 78.75128 0 0.35000 30.47500 54.13585 0.14650 13
-2.17745 0.02193 36.87640 0 -0.70000 62.10000 15.39319 0.24130 13
-1.53488 0.10056 2.86377 0 -2.72500 47.52500 1.56812 0.18478 -13
-0.48217 -0.12198 5.20133 0 3.77500 13.87500 4.69169 0.11254 -13
-0.43379 0.13182 81.17266 0 -3.97500 14.05000 74.56893 0.11056 -13
-0.44522 -0.26776 81.17266 0 8.07500 14.40000 74.56893 0.11348 -13
1.24767 -0.19526 74.24213 0 5.90000 -38.42500 46.95900 0.16223 -13
1.69535 -0.18728 66.89184 0 5.67500 -49.77500 34.42115 0.19912 -13
0.86269 0.13427 97.98117 0 -4.05000 -23.85000 74.47116 0.13368 -13
0.88457 -0.26518 97.98117 0 8.00000 -24.52500 74.47116 0.13708 -13
-1.24820 -0.17914 15.51627 0 5.45000 39.40000 9.79466 0.16212 -13
-0.60984 -0.19337 52.31369 0 5.82500 17.70000 44.88320 0.11954 13
-0.89523 -0.06391 69.58378 0 1.92500 26.55000 51.89097 0.13532 -13
-1.00305 0.10454 76.15150 0 -3.15000 28.85000 53.91185 0.14302 13
0.39093 0.08260 45.67450 0 -2.50000 -8.30000 42.55853 0.10845 13
0.23856 -0.10142 90.93350 0 3.07500 -8.97500 88.47565 0.10403 -13
-1.38116 -0.13030 4.41798 0 3.75000 39.70000 2.60486 0.17216 13
0.75888 -0.09336 68.72831 0 2.80000 -19.32500 54.83496 0.12677 13
0.05021 -0.04572 41.70150 0 1.40000 -1.92500 41.64915 0.10093 -13
0.57717 0.14918 86.85090 0 -4.50000 -19.50000 75.42670 0.11724 -13
0.58836 -0.24960 86.85090 0 7.52500 -19.85000 75.42670 0.11952 -13
-0.10093 0.04818 38.80114 0 -1.47500 1.17500 38.60550 0.10133 13
-0.60378 0.05024 81.27958 0 -1.52500 19.97500 69.60413 0.11775 13
0.19488 0.12106 38.24284 0 -3.67500 -5.95000 37.54653 0.10333 13
0.20085 -0.27918 38.24284 0 8.40000 -6.12500 37.54653 0.10648 13
1.80113 0.02560 42.54813 0 -0.80000 -53.52500 20.65847 0.20748 13
0.77032 -0.04064 49.68743 0 1.25000 -23.17500 39.37469 0.12719 -13
1.61028 -0.15224 19.57256 0 4.65000 -46.10000 10.41108 0.19155 -13
0.26285 0.08162 41.16305 0 -2.45000 -7.10000 39.81934 0.10444 -13
-0.62319 -0.00236 9.41698 0 -0.00000 20.27500 7.99214 0.11866 13
0.30952 -0.17854 48.08597 0 5.40000 -8.70000 45.99792 0.10694 -13
1.88602 -0.13376 65.54477 0 4.02500 -56.52500 30.91651 0.21539 13
-0.22255 0.07952 7.81969 0 -2.32500 6.85000 7.63419 0.10347 -13
0.03894 0.12351 60.85116 0 -3.72500 -3.30000 60.80578 0.10155 13
0.04010 -0.27658 60.85116 0 8.32500 -3.32500 60.80578 0.10455 13
0.10419 -0.14871 23.86349 0 4.47500 -1.62500 23.73782 0.10234 13
0.81050 0.00109 36.55924 0 -0.05000 -23.87500 28.40179 0.12963 13
0.55581 0.14706 90.45120 0 -4.45000 -15.57500 79.25851 0.11616 13
0.56705 -0.25181 90.45120 0 7.60000 -15.92500 79.25851 0.11850 13
0.02925 -0.15770 24.60302 0 4.77500 0.02500 24.59275 0.10200 -13
-0.38662 -0.19643 97.85297 0 5.92500 11.77500 91.49063 0.10977 -13
-0.07374 0.04762 33.93877 0 -1.42500 2.20000 33.84706 0.10109 -13
-0.34953 0.11200 90.35920 0 -3.37500 11.82500 85.35623 0.10728 13
-1.35608 -0.00313 61.61995 0 0.10000 38.70000 36.57128 0.16967 -13
0.33959 -0.24767 36.08696 0 7.45000 -8.27500 34.27321 0.10922 13
0.44222 0.12534 49.32098 0 -3.77500 -11.77500 45.16433 0.11083 -13
0.45504 -0.27461 49.32098 0 8.30000 -12.17500 45.16433 0.11405 -13
0.32257 0.01649 58.78771 0 -0.50000 -12.17500 55.95006 0.10582 -13
-0.40124 0.14006 8.88275 0 -4.17500 13.70000 8.25507 0.10940 -13
-0.41049 -0.25897 8.88275 0 7.87500 14.00000 8.25507 0.11200 -13
0.79597 0.05146 48.59336 0 -1.55000 -22.02500 38.03911 0.12881 -13
-1.38242 -0.14179 75.30906 0 4.27500 38.80000 44.42706 0.17240 13
-1.79576 0.14339 7.53818 0 -4.20000 50.20000 3.69545 0.20742 -13
-1.83415 -0.25536 7.53818 0 7.85000 51.45000 3.69545 0.21227 -13
0.16270 -0.10259 98.23688 0 3.10000 -5.35000 96.97486 0.10255 -13
0.07404 -0.18897 72.35194 0 5.70000 -2.50000 72.16118 0.10275 13
-0.07443 -0.22007 95.29910 0 6.65000 4.60000 95.04826 0.10339 -13
-1.16389 -0.20157 39.53585 0 6.07500 37.17500 26.05956 0.15584 13
1.54902 -0.05325 95.05474 0 1.62500 -47.92500 51.60637 0.18575 -13
-0.09120 -0.23422 27.63543 0 7.07500 4.15000 27.52717 0.10385 -13
-1.66171 -0.05372 16.79046 0 1.67500 51.12500 8.66637 0.19542 -13
-0.49777 -0.05796 61.82095 0 1.75000 14.97500 55.36184 0.11264 -13
0.58086 0.05627 36.88018 0 -1.67500 -17.45000 31.90300 0.11659 -13
0.16529 -0.04450 26.95196 0 1.35000 -6.15000 26.59182 0.10217 -13
-0.06568 -0.16616 94.91538 0 5.00000 -2.02500 94.71678 0.10230 13
0.53056 0.02583 95.02777 0 -0.77500 -16.40000 83.95048 0.11403 13
2.07114 -0.18933 26.77381 0 5.67500 -64.30000 11.80793 0.23234 13
-0.23357 0.02606 58.44163 0 -0.77500 8.95000 56.91079 0.10345 -13
1.45212 -0.02551 89.77979 0 0.77500 -40.62500 50.93241 0.17757 -13
-0.64821 -0.09639 33.10530 0 2.90000 19.72500 27.81768 0.12040 13
0.29780 -0.00583 24.46058 0 0.20000 -13.60000 23.44313 0.10508 -13
1.86752 0.05274 94.56233 0 -1.57500 -56.95000 44.68607 0.21340 -13
0.76735 0.04702 52.26290 0 -1.40000 -23.32500 41.47955 0.12702 -13
0.85776 -0.22058 62.97473 0 6.65000 -26.50000 48.27659 0.13452 13
-0.82923 -0.06126 69.06303 0 1.82500 23.85000 53.20311 0.13096 13
0.01782 -0.10243 86.57442 0 3.07500 -0.52500 86.56082 0.10124 13
-0.35403 -0.00071 73.37289 0 0.02500 11.17500 69.16613 0.10683 -13
-1.77195 -0.17427 83.23205 0 5.25000 52.22500 41.37289 0.20563 13
-0.55079 0.10791 65.38894 0 -3.27500 15.27500 57.35214 0.11548 13
0.74615 -0.14858 16.88988 0 4.45000 -22.75000 13.58962 0.12651 13
1.27078 0.07489 6.17417 0 -2.40000 -35.90000 3.82446 0.16310 13
-1.33925 -0.21282 3.29037 0 6.70000 39.62500 1.99711 0.17004 -13
-0.40742 -0.09086 49.19891 0 2.72500 13.67500 45.58930 0.10912 13
1.11221 -0.02190 75.61606 0 0.67500 -33.12500 50.56356 0.15064 -13
-0.53439 -0.07158 10.30600 0 2.22500 16.97500 9.09460 0.11443 -13
0.02603 -0.23909 80.82040 0 7.22500 -0.07500 80.79452 0.10358 -13
0.91011 -0.01348 51.13126 0 0.40000 -26.35000 37.81634 0.13616 13
1.80802 -0.00299 12.83410 0 -0.00000 -54.00000 6.21141 0.20808 13
-1.17147 -0.16124 89.41591 0 4.85000 36.45000 58.48399 0.15595 13
-0.94250 -0.13876 72.97159 0 4.20000 26.82500 53.34023 0.13909 -13
-0.00266 0.01408 60.90739 0 -0.42500 2.20000 60.90717 0.10071 -13
0.12075 0.02483 15.70264 0 -0.77500 -4.50000 15.58943 0.10147 13
-0.76531 -0.15734 77.73713 0 4.75000 26.55000 62.01008 0.12779 13
1.46316 -0.12605 66.20610 0 3.82500 -45.67500 37.55853 0.17893 -13
-0.14351 -0.17404 86.95631 0 5.25000 1.90000 86.10007 0.10323 13
1.05991 -0.07392 93.60063 0 2.25000 -29.62500 64.32673 0.14693 -13
-0.59336 -0.15378 22.58363 0 4.67500 18.80000 19.48066 0.11813 -13
-0.24146 -0.05373 1.94023 0 1.35000 5.17500 1.88609 0.10385 13
0.20160 0.03677 70.00072 0 -1.12500 -6.05000 68.62247 0.10279 13
-0.70032 -0.06773 52.65167 0 2.05000 20.42500 43.16026 0.12313 -13
-0.29075 -0.11621 18.60743 0 3.47500 5.42500 17.87681 0.10551 13
0.62483 0.02388 31.46270 0 -0.70000 -20.95000 26.68453 0.11877 -13
1.68828 -0.00856 10.87273 0 0.17500 -51.82500 5.54157 0.19759 13
1.39693 0.08875 70.59953 0 -2.70000 -41.75000 41.20112 0.17324 13
-0.28751 -0.15406 63.69965 0 4.65000 7.37500 61.27385 0.10592 13
0.18207 -0.10629 3.24256 0 3.35000 -4.40000 3.19075 0.10303 -13
1.67728 -0.00912 84.76272 0 0.30000 -50.35000 43.40827 0.19666 -13
0.79994 -0.05346 27.68954 0 1.60000 -25.47500 21.63428 0.12907 13
-1.64518 -0.05481 29.99617 0 1.62500 49.60000 15.59526 0.19398 13
0.10606 -0.11953 78.10178 0 3.60000 -3.17500 77.67223 0.10198 13
0.70626 -0.17826 8.29584 0 5.30000 -21.70000 6.81136 0.12454 13
-0.23942 0.08217 61.01374 0 -2.47500 8.87500 59.34758 0.10388 -13
0.07325 0.03592 27.75036 0 -1.10000 -3.90000 27.67625 0.10104 13
0.42030 -0.17690 50.17875 0 5.35000 -12.05000 46.36464 0.11069 -13
0.05512 -0.05582 8.73049 0 1.75000 -4.15000 8.71731 0.10103 -13
-1.00354 0.07494 54.82971 0 -2.27500 31.82500 38.75690 0.14286 13
-1.48078 -0.09822 10.48235 0 2.87500 44.62500 5.88606 0.18016 13
-0.17391 0.13757 33.56674 0 -4.17500 5.32500 33.07948 0.10315 13
-0.17808 -0.26175 33.56674 0 7.87500 5.45000 33.07948 0.10561 13
0.38627 -0.10879 14.74798 0 3.32500 -9.27500 13.76796 0.10853 -13
0.24172 -0.02038 42.73620 0 0.62500 -7.85000 41.54039 0.10363 -13
-1.74621 -0.10692 80.48164 0 3.22500 55.15000 40.16668 0.20295 -13
-2.01577 -0.07314 82.85991 0 2.20000 58.72500 36.90106 0.22672 13
-0.80013 0.07941 80.98439 0 -2.40000 21.62500 63.31162 0.12922 -13
-1.50358 -0.14413 46.99902 0 4.32500 47.05000 26.21297 0.18241 13
0.28079 0.14038 87.75053 0 -4.25000 -7.77500 84.54293 0.10555 13
0.28722 -0.25879 87.75053 0 7.80000 -7.97500 84.54293 0.10796 13
