1.65796 -0.13789 37.54554 0 4.12500 -49.92500 19.52536 0.19545 13
-1.06665 -0.04485 81.10994 0 1.35000 31.87500 55.50481 0.14731 13
-0.49342 -0.01374 54.07810 0 0.42500 13.72500 48.49650 0.11231 -13
0.72777 -0.04915 22.76485 0 1.45000 -21.32500 18.41372 0.12464 13
0.20526 -0.08820 91.46469 0 2.67500 -7.55000 89.61078 0.10319 -13
-0.14014 0.14589 61.19488 0 -4.40000 3.27500 60.61485 0.10275 13
-0.14305 -0.25305 61.19488 0 7.62500 3.35000 60.61485 0.10487 13
-0.10378 -0.19020 68.85866 0 5.75000 1.25000 68.50355 0.10304 -13
0.64468 -0.02567 31.29314 0 0.75000 -19.42500 26.30400 0.11984 13
-0.57542 0.12280 53.02121 0 -3.72500 17.27500 46.04128 0.11684 13
-0.59267 -0.27727 53.02121 0 8.35000 17.80000 46.04128 0.12033 13
1.99517 -0.03652 29.89761 0 1.07500 -58.85000 13.40364 0.22476 13
0.23135 0.13083 59.41613 0 -3.95000 -6.92500 57.91190 0.10420 -13
0.23754 -0.26879 59.41613 0 8.12500 -7.12500 57.91190 0.10699 -13
-0.01395 -0.00388 13.23053 0 0.07500 -0.05000 13.22923 0.10071 13
0.10481 0.03179 35.84950 0 -0.95000 -1.70000 35.65439 0.10130 -13
-0.14922 -0.20543 68.21707 0 6.20000 5.02500 67.49983 0.10390 13
-0.76748 0.02464 11.51658 0 -0.80000 23.17500 9.13714 0.12698 13
0.65906 0.05838 55.36048 0 -1.75000 -18.52500 46.24808 0.12075 -13
-1.02468 0.03402 55.91597 0 -1.02500 29.97500 39.06529 0.14422 -13
1.57530 -0.11164 12.61603 0 3.45000 -48.17500 6.79085 0.18831 -13
0.53052 -0.21903 75.70113 0 6.60000 -17.32500 67.21193 0.11611 13
-2.24115 0.09102 72.78299 0 -2.72500 64.72500 29.75987 0.24729 -13
-1.04796 -0.01090 9.83938 0 0.25000 30.12500 6.79280 0.14588 13
-1.29149 0.10743 23.43586 0 -3.27500 38.15000 14.39848 0.16488 13
-0.14569 0.03329 71.53827 0 -1.00000 7.80000 70.79168 0.10182 13
-0.29018 0.05434 24.36773 0 -1.65000 9.47500 23.40507 0.10501 13
0.30858 0.12455 31.68707 0 -3.77500 -9.87500 30.29844 0.10614 13
0.31759 -0.27550 31.68707 0 8.30000 -10.15000 30.29844 0.10923 13
-0.16680 -0.12074 86.00605 0 3.65000 2.97500 84.85057 0.10282 -13
0.81303 -0.11507 39.30706 0 3.47500 -23.95000 30.57811 0.13032 -13
-0.34868 -0.12300 71.66300 0 3.72500 8.90000 67.72212 0.10737 -13
0.13751 -0.19039 36.72471 0 5.72500 -5.12500 36.39417 0.10343 13
-0.48291 -0.19063 46.02164 0 5.75000 15.15000 41.58039 0.11347 -13
-0.79130 -0.12004 48.87011 0 3.62500 22.60000 38.42883 0.12899 -13
-0.34498 -0.02269 68.93251 0 0.67500 10.30000 65.16550 0.10655 13
-0.22998 -0.09740 42.47006 0 2.92500 7.05000 41.39944 0.10379 13
-0.71046 -0.12189 91.92840 0 3.67500 23.70000 75.12553 0.12414 -13
0.91966 -0.11476 87.31429 0 3.45000 -27.40000 64.46055 0.13730 13
-0.32663 -0.13075 76.61038 0 3.95000 12.35000 72.88332 0.10676 -13
0.27111 -0.22199 82.03604 0 6.70000 -11.52500 79.30565 0.10671 -13
-0.80363 -0.23194 84.69616 0 7.00000 25.17500 66.69049 0.13128 13
1.29128 -0.19150 60.02872 0 5.80000 -35.62500 37.16794 0.16561 -13
-0.56199 -0.09790 30.51068 0 2.92500 17.80000 26.62812 0.11593 13
0.26227 0.14417 79.99050 0 -4.35000 -7.95000 77.42447 0.10512 13
0.26788 -0.25485 79.99050 0 7.67500 -8.10000 77.42447 0.10736 13
1.16318 -0.13998 85.91277 0 4.22500 -36.30000 56.31971 0.15512 -13
-1.96026 -0.18778 30.33084 0 5.62500 58.65000 13.97297 0.22237 13
0.05754 0.00068 37.56602 0 -0.02500 -1.17500 37.50399 0.10087 13
1.80957 -0.05024 75.15477 0 1.50000 -52.60000 36.38593 0.20826 13
-1.99132 -0.11956 95.71513 0 3.62500 60.30000 43.19778 0.22473 -13
-0.45814 0.07309 63.62063 0 -2.20000 15.32500 57.86633 0.11101 13
-0.00125 0.11655 30.63345 0 -3.52500 0.57500 30.63342 0.10139 13
-0.60001 -0.03090 17.01575 0 0.90000 14.85000 14.59288 0.11748 13
0.32508 -0.07064 27.57820 0 2.10000 -7.02500 26.23319 0.10613 13
-0.05469 -0.01351 81.16792 0 0.40000 4.02500 81.04684 0.10086 13
0.10163 0.05978 55.54972 0 -1.80000 -3.32500 55.26601 0.10140 13
1.91905 -0.07016 33.48188 0 2.07500 -59.52500 15.50149 0.21803 13
1.16463 -0.16174 64.50850 0 4.87500 -37.87500 42.33502 0.15543 13
0.21188 0.01602 53.67842 0 -0.50000 -4.97500 52.51296 0.10295 13
1.73688 -0.02857 34.03389 0 0.82500 -54.20000 16.98662 0.20184 13
-0.29168 -0.01961 26.36342 0 0.57500 8.25000 25.30912 0.10492 13
-1.67797 0.11892 17.64561 0 -3.52500 50.62500 9.08087 0.19702 -13
0.78932 -0.20852 60.71012 0 6.27500 -23.07500 48.03993 0.12999 13
-1.12215 0.13558 40.28335 0 -4.10000 34.47500 26.93591 0.15200 13
-1.14996 -0.26380 40.28335 0 7.95000 35.30000 26.93591 0.15573 13
-0.79828 -0.02193 63.61616 0 0.65000 27.50000 49.72230 0.12887 13
-2.06810 -0.24704 53.76705 0 7.42500 64.80000 23.97113 0.23263 13
0.81180 0.14669 37.28140 0 -4.45000 -26.40000 29.06664 0.13056 13
0.82834 -0.25222 37.28140 0 7.60000 -26.87500 29.06664 0.13319 13
-0.21284 -0.05430 18.34736 0 1.60000 2.50000 17.94653 0.10310 13
-0.56574 0.09938 76.79685 0 -3.00000 19.05000 66.92069 0.11613 -13
0.13746 -0.03738 59.16747 0 1.12500 -5.45000 58.61709 0.10172 13
-0.33571 -0.14110 85.03036 0 4.25000 13.40000 80.68910 0.10717 13
-1.07523 -0.19812 67.61011 0 5.97500 33.25000 46.51714 0.14920 13
0.86773 -0.03610 34.98732 0 1.10000 -26.40000 26.43265 0.13338 -13
-0.41177 0.08405 46.85130 0 -2.55000 13.82500 43.34448 0.10924 13
0.51272 -0.05342 37.39853 0 1.60000 -17.22500 33.28919 0.11330 13
-0.57974 -0.05365 84.49206 0 1.62500 17.95000 73.12294 0.11653 13
1.36664 -0.21486 68.97969 0 6.47500 -39.90000 41.33164 0.17189 13
-1.75283 -0.18431 75.56289 0 5.55000 52.87500 37.91656 0.20406 13
1.05039 -0.05335 37.88107 0 1.60000 -29.65000 26.13915 0.14614 13
-2.05202 0.09348 27.30998 0 -2.85000 61.62500 12.00502 0.23012 13
-1.02862 -0.13514 64.36768 0 4.07500 32.50000 45.07664 0.14510 13
-0.87585 -0.01182 15.62739 0 0.32500 23.60000 11.75600 0.13388 13
-1.65476 -0.00852 6.60764 0 0.40000 48.07500 3.41778 0.19474 -13
-0.84406 0.03866 97.86948 0 -1.15000 26.62500 74.81302 0.13184 -13
0.32305 -0.18447 17.40033 0 5.60000 -10.40000 16.58376 0.10747 -13
1.62338 0.00448 24.88430 0 -0.10000 -50.00000 13.05143 0.19200 -13
-0.96588 0.09047 30.36889 0 -2.75000 28.47500 21.88628 0.14032 13
-0.33737 -0.15252 57.16698 0 4.60000 9.92500 54.23037 0.10737 13
-0.25260 -0.23080 78.30620 0 6.95000 4.97500 76.03686 0.10643 13
-1.46630 -0.24425 86.37776 0 7.37500 40.72500 49.63127 0.18043 -13
1.48890 0.12539 7.01073 0 -3.90000 -44.47500 3.93006 0.18116 13
1.53248 -0.27502 7.01073 0 8.15000 -45.70000 3.93006 0.18611 13
1.88726 -0.12792 48.65815 0 3.85000 -58.50000 22.92723 0.21545 13
1.57873 -0.21767 42.44532 0 6.60000 -49.12500 23.08810 0.18950 -13
-1.54215 0.10328 50.30103 0 -3.10000 49.70000 27.46976 0.18537 -13
0.34400 -0.01411 64.08698 0 0.42500 -9.90000 60.60225 0.10650 13
0.10290 -0.21921 71.39717 0 6.62500 -3.15000 71.03928 0.10362 -13
0.05084 -0.08179 46.61109 0 2.45000 0.62500 46.55137 0.10117 13
-0.33892 0.13046 70.87009 0 -3.92500 9.00000 67.17767 0.10713 -13
-0.34804 -0.26920 70.87009 0 8.12500 9.27500 67.17767 0.11003 -13
0.15860 -0.15257 92.75727 0 4.60000 -5.52500 91.63786 0.10312 -13
-0.26619 0.14892 79.37332 0 -4.50000 10.32500 76.75738 0.10523 13
-0.27138 -0.24988 79.37332 0 7.52500 10.50000 76.75738 0.10733 13
-2.12244 0.08903 31.14530 0 -2.72500 60.50000 13.31731 0.23647 13
-0.71496 -0.08771 47.67738 0 2.62500 24.07500 38.83440 0.12410 13
-1.55924 0.06121 38.64217 0 -1.87500 48.17500 20.88883 0.18665 13
0.28851 -0.14812 20.59283 0 4.50000 -8.80000 19.80204 0.10588 -13
-0.57675 0.03124 22.63419 0 -0.92500 16.60000 19.60908 0.11629 -13
-0.98736 0.08213 83.15204 0 -2.47500 27.35000 59.26758 0.14176 13
1.66786 -0.08556 36.84175 0 2.55000 -49.57500 18.99591 0.19602 13
0.42183 -0.11952 61.59808 0 3.62500 -7.85000 56.81572 0.10996 -13
0.33011 -0.09663 77.91814 0 2.90000 -7.85000 74.02446 0.10650 13
-1.09626 -0.09845 84.35230 0 2.95000 35.12500 56.99601 0.14975 13
-0.90098 -0.11064 66.21273 0 3.35000 26.82500 49.32530 0.13601 -13
-1.25022 -0.19289 86.47177 0 5.80000 38.42500 54.61310 0.16238 13
-0.27154 -0.05797 47.37720 0 1.75000 6.95000 45.72691 0.10451 13
-0.17446 -0.13866 32.51683 0 4.20000 6.30000 32.04194 0.10318 -13
0.03039 -0.13854 57.78332 0 4.20000 -0.30000 57.75715 0.10171 -13
0.04720 -0.07124 22.47932 0 2.17500 -0.50000 22.45445 0.10107 -13
-0.74567 -0.04113 97.84281 0 1.22500 20.60000 78.46060 0.12569 13
-0.09822 0.08569 45.23621 0 -2.60000 4.20000 45.02113 0.10156 13
-1.49267 -0.20529 65.62221 0 6.20000 43.55000 37.04494 0.18212 -13
0.88009 -0.21485 9.37451 0 6.40000 -27.65000 7.10626 0.13582 13
1.30970 -0.17004 7.16460 0 5.25000 -39.87500 4.38674 0.16696 -13
-0.82602 -0.07130 16.22335 0 2.10000 25.27500 12.52079 0.13081 13
1.47756 -0.22590 63.89926 0 6.80000 -45.20000 36.42615 0.18108 13
0.39660 -0.17659 24.74820 0 5.35000 -13.72500 23.05260 0.10980 -13
-0.49900 0.00705 8.98559 0 -0.27500 13.40000 8.04027 0.11256 13
-0.71207 0.00984 2.98106 0 -0.10000 21.37500 2.42823 0.12371 -13
0.08396 -0.05939 11.68164 0 1.82500 -1.60000 11.64086 0.10125 -13
-0.30403 -0.15315 58.40788 0 4.60000 8.32500 55.93642 0.10638 13
0.27229 -0.08894 42.68337 0 2.70000 -7.65000 41.19516 0.10476 -13
-1.02139 0.06054 68.63416 0 -1.82500 29.90000 48.06023 0.14407 -13
-0.42862 -0.14783 26.45900 0 4.47500 14.30000 24.35989 0.11058 -13
-1.01270 -0.14691 39.85892 0 4.45000 32.32500 28.15687 0.14410 -13
0.45934 0.02800 24.00154 0 -0.82500 -14.70000 21.81207 0.11086 -13
-1.15135 0.13675 15.79164 0 -4.07500 33.25000 10.40974 0.15416 -13
-1.17932 -0.26251 15.79164 0 7.97500 34.12500 10.40974 0.15801 -13
0.61798 -0.24748 45.54042 0 7.45000 -18.52500 39.05273 0.12096 13
-0.59013 -0.19333 3.37479 0 5.65000 17.20000 2.91989 0.11848 13
1.95876 -0.22095 22.43988 0 6.62500 -56.52500 10.39765 0.22250 13
-2.01331 0.08013 13.32310 0 -2.50000 60.20000 5.94255 0.22656 13
0.50264 0.05138 93.24078 0 -1.55000 -18.65000 83.33103 0.11283 13
-1.52783 -0.15287 97.20394 0 4.60000 43.92500 53.66392 0.18451 13
-0.73075 0.08516 10.73158 0 -2.52500 22.55000 8.67574 0.12500 -13
0.77858 0.10073 94.01869 0 -3.02500 -23.77500 74.32553 0.12803 -13
0.44017 -0.18848 41.00131 0 5.67500 -11.77500 37.63151 0.11165 13
0.17305 -0.18274 89.99948 0 5.52500 -4.00000 88.72305 0.10385 -13
-0.29853 -0.04551 2.39096 0 1.57500 9.30000 2.29132 0.10533 -13
-1.40055 0.06532 39.06110 0 -1.95000 41.40000 22.72975 0.17341 -13
0.42686 -0.13099 75.98743 0 3.95000 -10.47500 69.97774 0.11028 13
1.13390 -0.14280 68.10496 0 4.30000 -34.70000 45.30237 0.15292 13
-0.52099 0.14512 68.19294 0 -4.37500 13.70000 60.61113 0.11449 13
-0.53194 -0.25384 68.19294 0 7.65000 14.02500 60.61113 0.11689 13
1.65460 -0.24751 47.33222 0 7.47500 -49.42500 25.01703 0.19631 -13
-1.57243 -0.07401 80.70777 0 2.25000 47.72500 43.39469 0.18781 -13
2.01329 -0.19604 89.24086 0 5.92500 -61.20000 40.30099 0.22726 -13
0.36722 -0.11907 10.17313 0 3.65000 -10.92500 9.55763 0.10797 -13
0.31446 0.00953 34.84308 0 -0.27500 -10.17500 33.23874 0.10557 -13
-1.43641 -0.24519 57.51320 0 7.37500 46.77500 33.50717 0.17795 13
0.39506 -0.24857 21.02936 0 7.52500 -11.20000 19.63548 0.11116 -13
-0.69060 0.13389 47.00264 0 -4.02500 20.87500 38.78649 0.12312 -13
-0.70824 -0.26554 47.00264 0 8.02500 21.42500 38.78649 0.12628 -13
-1.42930 -0.21927 40.42963 0 6.62500 42.45000 23.54186 0.17709 -13
-1.50365 0.06036 72.71046 0 -1.80000 46.95000 40.31582 0.18195 -13
-0.51506 0.01136 37.68479 0 -0.32500 16.67500 33.50258 0.11328 -13
0.31390 -0.22362 20.59875 0 6.77500 -10.30000 19.69535 0.10794 -13
0.46759 -0.20760 91.80632 0 6.27500 -13.45000 83.47398 0.11312 -13
1.02060 0.00543 43.42888 0 -0.17500 -31.60000 30.39447 0.14389 13
1.10981 -0.14732 91.99481 0 4.42500 -33.37500 61.94511 0.15117 13
-0.30102 0.05644 23.64285 0 -1.67500 9.42500 22.64223 0.10532 -13
0.11373 -0.20134 68.18479 0 6.07500 -3.92500 67.76491 0.10337 -13
-1.37423 -0.16152 63.70064 0 4.85000 40.40000 37.79597 0.17191 13
0.89517 -0.22509 50.40950 0 6.80000 -30.70000 37.96909 0.13706 -13
0.45122 -0.22879 86.34577 0 6.90000 -13.40000 79.03789 0.11285 13
-1.78429 -0.12550 54.44554 0 3.77500 53.00000 26.77723 0.20635 13
-0.52421 0.07550 36.52554 0 -2.30000 15.32500 32.37010 0.11396 13
-0.45287 0.15194 5.11904 0 -4.47500 13.05000 4.67207 0.11157 -13
-0.46119 -0.24661 5.11904 0 7.55000 13.30000 4.67207 0.11377 -13
1.90013 0.14451 68.19429 0 -4.35000 -60.45000 32.01665 0.21671 -13
1.94052 -0.25447 68.19429 0 7.70000 -61.70000 32.01665 0.22136 -13
1.45361 -0.10392 56.79788 0 3.12500 -45.20000 32.30897 0.17798 13
-0.02434 -0.08489 63.64494 0 2.55000 0.25000 63.62624 0.10109 13
-1.77370 -0.15944 59.47909 0 4.82500 53.32500 29.49002 0.20569 -13
0.83389 0.10138 99.59417 0 -3.05000 -24.80000 76.64973 0.13152 -13
2.11728 -0.05480 51.58342 0 1.67500 -62.30000 22.05678 0.23588 -13
2.05210 -0.05013 17.97953 0 1.57500 -61.92500 7.88359 0.22998 -13
-0.60028 0.14905 38.07305 0 -4.47500 19.00000 32.73804 0.11840 -13
-0.61193 -0.24972 38.07305 0 7.55000 19.37500 32.73804 0.12073 -13
-0.52905 0.12530 35.60143 0 -3.77500 16.47500 31.52227 0.11462 -13
-0.54440 -0.27463 35.60143 0 8.30000 16.95000 31.52227 0.11797 -13
1.26441 -0.21083 86.13889 0 6.37500 -38.22500 54.14714 0.16374 -13
1.41182 0.09158 30.96831 0 -2.80000 -43.97500 17.94955 0.17448 13
-1.87940 -0.03376 18.94699 0 0.97500 57.25000 8.90400 0.21440 13
1.21265 0.06015 70.31264 0 -1.80000 -37.10000 44.78199 0.15840 -13
2.13567 -0.18142 69.26478 0 5.50000 -63.40000 29.76348 0.23820 -13
-0.66395 -0.09000 83.05741 0 2.72500 19.55000 69.27989 0.12122 -13
-0.78012 -0.15609 34.72514 0 4.72500 24.82500 27.50337 0.12870 -13
-0.05434 -0.19020 29.90245 0 5.72500 2.55000 29.85995 0.10264 13
0.06771 -0.09957 54.98041 0 3.00000 -4.30000 54.85607 0.10143 13
0.04417 -0.10030 79.53629 0 3.02500 0.20000 79.45950 0.10131 -13
1.43140 -0.16363 16.15166 0 5.00000 -44.80000 9.33250 0.17666 -13
-0.52571 -0.20062 2.49213 0 5.82500 13.35000 2.21499 0.11550 13
-2.09857 -0.12440 3.43307 0 3.42500 63.70000 1.48566 0.23431 13
0.70116 -0.11702 27.91758 0 3.55000 -22.05000 22.90953 0.12357 -13
-0.66454 -0.14009 47.12210 0 4.25000 19.77500 39.36244 0.12174 -13
-0.18753 -0.23362 53.46156 0 7.05000 4.67500 52.59166 0.10513 -13
-0.06903 0.12199 65.48711 0 -3.67500 5.25000 65.33388 0.10169 13
-0.07112 -0.27818 65.48711 0 8.37500 5.32500 65.33388 0.10476 13
-0.14101 0.00717 66.17429 0 -0.22500 4.97500 65.52607 0.10170 13
-0.38771 -0.21892 22.31217 0 6.57500 8.90000 20.86578 0.11021 13
0.08471 0.04728 62.51951 0 -1.42500 -4.17500 62.29691 0.10118 13
-1.15887 -0.21487 48.42691 0 6.50000 35.65000 32.04582 0.15567 -13
0.49637 -0.05956 27.40899 0 1.82500 -15.10000 24.55959 0.11259 -13
0.02420 -0.07425 2.56393 0 2.05000 -1.80000 2.56319 0.10105 13
-2.03051 -0.24897 84.90211 0 7.50000 61.70000 38.42445 0.22928 13
1.89967 0.13588 57.75695 0 -4.07500 -58.20000 27.09694 0.21660 -13
1.94659 -0.26347 57.75695 0 7.97500 -59.62500 27.09694 0.22201 -13
-1.79714 -0.09156 96.53195 0 2.77500 55.57500 47.08666 0.20732 -13
-0.07595 0.13522 16.68595 0 -4.05000 3.60000 16.63890 0.10190 -13
-0.07786 -0.26417 16.68595 0 8.00000 3.67500 16.63890 0.10448 -13
0.06745 -0.23291 62.88449 0 7.02500 -2.50000 62.74924 0.10362 13
-0.27918 -0.15966 88.39045 0 4.82500 10.95000 85.21130 0.10579 -13
1.09806 0.01661 36.70139 0 -0.52500 -33.82500 24.71332 0.14958 13
1.49254 -0.00228 7.40064 0 -0.05000 -43.85000 4.11959 0.18092 13
1.00150 -0.15420 2.02259 0 5.00000 -28.55000 1.43758 0.14381 -13
0.19230 0.00191 89.26949 0 -0.05000 -4.45000 87.66334 0.10255 -13
0.86485 -0.22669 91.41661 0 6.82500 -26.97500 69.87983 0.13508 13
-1.31536 -0.08258 19.90825 0 2.52500 38.87500 12.07442 0.16663 -13
0.80645 -0.23750 42.06426 0 7.17500 -25.45000 33.09357 0.13158 -13
-1.52300 0.15069 2.14076 0 -4.12500 44.77500 1.18415 0.18397 -13
-1.55192 -0.24810 2.14076 0 7.92500 45.90000 1.18415 0.18845 -13
1.61804 -0.19654 75.29995 0 5.92500 -49.32500 40.13138 0.19255 13
-1.64434 0.09535 87.98418 0 -2.87500 50.15000 45.86816 0.19404 -13
-0.70841 -0.13766 65.26592 0 4.15000 21.85000 53.42304 0.12419 -13
1.39245 -0.03817 28.02017 0 1.12500 -41.85000 16.35270 0.17268 13
0.43053 -0.10895 2.96795 0 3.47500 -13.07500 2.72926 0.11030 -13
0.54958 -0.08604 94.97662 0 2.60000 -18.10000 83.30582 0.11524 13
0.21409 -0.15094 67.69153 0 4.55000 -8.45000 66.22395 0.10410 13
-0.63961 -0.14309 60.84716 0 4.30000 19.65000 51.40871 0.12040 13
-1.23064 0.00410 29.65652 0 -0.10000 38.15000 18.70215 0.15969 -13
-1.07392 -0.03830 38.71809 0 1.12500 32.75000 26.39551 0.14782 13
0.83742 -0.23710 5.40863 0 7.27500 -26.40000 4.19151 0.13370 -13
-0.11584 0.08131 3.07079 0 -2.62500 5.10000 3.05052 0.10182 13
-0.92582 -0.09675 29.77020 0 2.95000 31.82500 21.89236 0.13760 -13
-1.00345 0.09804 48.29314 0 -2.97500 28.60000 34.17130 0.14301 13
-2.03055 -0.05536 6.79419 0 1.85000 60.00000 3.00530 0.22811 -13
-0.01959 -0.14142 65.45367 0 4.27500 -0.97500 65.44136 0.10173 -13
-0.04132 0.14371 23.67498 0 -4.35000 0.17500 23.65521 0.10184 13
-0.04217 -0.25536 23.67498 0 7.67500 0.20000 23.65521 0.10401 13
0.09593 0.07286 55.89864 0 -2.20000 -4.85000 55.64451 0.10143 13
-0.40179 -0.20481 51.92061 0 6.17500 12.35000 48.31227 0.11046 13
0.71575 -0.07365 35.75120 0 2.20000 -22.62500 29.09859 0.12406 13
0.49050 -0.20312 64.71623 0 6.12500 -17.47500 58.32751 0.11400 13
0.78661 0.06052 43.92947 0 -1.85000 -22.75000 34.55152 0.12827 13
-0.92528 0.09240 53.71741 0 -2.80000 26.60000 39.50570 0.13752 13
-0.07947 -0.05574 85.33047 0 1.67500 1.32500 85.06308 0.10118 13
0.73745 0.03176 37.94370 0 -0.97500 -24.60000 30.54317 0.12517 13
-0.85854 -0.10901 93.50745 0 3.27500 28.72500 71.12481 0.13317 13
-0.54304 -0.21852 7.69885 0 6.52500 16.77500 6.80127 0.11664 13
1.01007 -0.10953 44.07413 0 3.32500 -29.57500 31.10181 0.14357 -13
0.09080 -0.23400 13.31821 0 7.10000 -3.82500 13.26650 0.10386 -13
1.45188 0.10612 45.26777 0 -3.22500 -42.75000 25.77565 0.17786 13
-1.26041 -0.06119 52.48543 0 1.82500 36.42500 32.65903 0.16214 13
0.06872 0.12415 45.07448 0 -3.72500 -0.87500 44.96999 0.10171 -13
0.07074 -0.27587 45.07448 0 8.32500 -0.95000 44.96999 0.10472 -13
0.98648 0.14503 66.25189 0 -4.37500 -32.82500 47.40582 0.14220 -13
1.00725 -0.25393 66.25189 0 7.67500 -33.45000 47.40582 0.14521 -13
0.33052 0.09173 29.04952 0 -2.77500 -11.20000 27.59343 0.10647 13
-0.10495 0.14124 77.38180 0 -4.25000 2.72500 76.96738 0.10225 -13
-0.10732 -0.25788 77.38180 0 7.77500 2.80000 76.96738 0.10456 -13
-0.64994 -0.16064 29.42122 0 4.82500 21.92500 24.76140 0.12118 13
-1.53172 -0.16560 88.64074 0 4.97500 46.35000 48.91664 0.18496 13
-0.05448 -0.02683 14.46993 0 0.77500 0.35000 14.44848 0.10089 13
-1.30958 -0.22780 1.20667 0 6.15000 41.22500 0.74196 0.16780 13
-0.75445 -0.21116 18.58444 0 6.32500 22.25000 14.95190 0.12790 13
-1.09209 -0.16975 84.52275 0 5.10000 30.80000 57.52120 0.15009 13
1.02377 0.02128 70.54866 0 -0.65000 -31.27500 49.30175 0.14414 13
-1.63647 -0.02679 44.25096 0 0.77500 51.75000 23.07990 0.19315 13
1.83555 -0.23694 50.94960 0 7.17500 -54.57500 24.88900 0.21189 -13
-0.63864 -0.24296 33.15317 0 7.30000 22.40000 28.16966 0.12195 13
2.02745 -0.17388 58.44921 0 5.22500 -62.90000 26.16641 0.22830 13
-1.56267 0.00671 58.53866 0 -0.17500 47.97500 31.55339 0.18683 -13
-0.55676 -0.05110 64.67745 0 1.55000 16.20000 56.52705 0.11538 -13
-0.26159 0.03905 15.69109 0 -1.20000 7.40000 15.18101 0.10417 13
0.46212 0.09091 42.61195 0 -2.72500 -14.27500 38.70925 0.11131 -13
1.07324 0.04550 69.24960 0 -1.35000 -31.50000 47.23348 0.14779 -13
0.01415 -0.03227 2.88879 0 0.80000 1.42500 2.88850 0.10082 13
-1.55376 0.01954 65.56466 0 -0.60000 49.32500 35.48865 0.18608 13
-0.37440 0.05988 58.90714 0 -1.80000 12.42500 55.17973 0.10770 -13
0.18959 -0.02701 31.09623 0 0.80000 -4.97500 30.55235 0.10253 13
0.87633 -0.15733 55.75699 0 4.75000 -26.65000 42.15551 0.13484 -13
-1.52709 0.05322 1.42724 0 -2.20000 47.77500 0.78270 0.18464 13
0.51814 -0.20567 37.72548 0 6.20000 -18.12500 33.64109 0.11528 13
0.52535 0.07953 37.73699 0 -2.37500 -13.07500 33.43042 0.11403 -13
-0.95532 -0.03852 97.07174 0 1.17500 28.82500 70.21508 0.13933 -13
0.54576 0.06765 46.75421 0 -2.02500 -14.27500 41.06147 0.11493 -13
-0.54554 -0.18431 38.40319 0 5.57500 19.10000 33.84050 0.11621 -13
1.52053 0.01822 93.46143 0 -0.55000 -43.70000 51.36178 0.18328 13
-1.07047 0.09018 69.05313 0 -2.70000 32.27500 47.24048 0.14779 -13
0.64738 -0.04121 10.02177 0 1.30000 -20.42500 8.41480 0.12005 -13
0.76138 -0.00295 78.70927 0 0.10000 -23.72500 62.62319 0.12657 -13
-1.19879 0.12931 49.44522 0 -3.87500 36.92500 31.82756 0.15773 -13
-1.23162 -0.27042 49.44522 0 8.17500 37.92500 31.82756 0.16208 -13
1.60038 -0.21976 77.21757 0 6.65000 -45.17500 41.61304 0.19134 -13
-0.20593 0.13428 75.35769 0 -4.05000 8.00000 73.83544 0.10370 13
-0.21116 -0.26520 75.35769 0 8.00000 8.15000 73.83544 0.10633 13
-0.42652 -0.19049 83.34147 0 5.75000 13.17500 76.86720 0.11114 13
0.04608 0.11845 48.19355 0 -3.57500 -0.22500 48.14320 0.10152 13
0.04753 -0.28195 48.19355 0 8.50000 -0.25000 48.14320 0.10470 13
-0.25472 -0.22418 32.44667 0 6.75000 9.55000 31.48877 0.10633 13
0.53646 -0.20887 34.92643 0 6.32500 -21.17500 30.92213 0.11621 -13
-1.27269 -0.16216 8.56641 0 5.00000 37.17500 5.33509 0.16391 -13
-0.25459 0.03563 25.00127 0 -1.05000 8.22500 24.22925 0.10398 -13
-0.26992 0.12842 7.98827 0 -3.80000 10.50000 7.71629 0.10509 -13
-0.27757 -0.27150 7.98827 0 8.25000 10.75000 7.71629 0.10809 -13
-1.03253 -0.17094 93.80616 0 5.17500 28.67500 65.74456 0.14578 -13
-0.16614 0.08617 51.18751 0 -2.60000 5.40000 50.50036 0.10245 -13
0.14575 -0.14466 56.44339 0 4.37500 -6.57500 55.86513 0.10272 -13
18.55878 2.02088 56.44339 0 5.22500 -6.10000 55.86513 0.10705 -13
1.06376 -0.21994 54.00979 0 6.65000 -28.47500 37.45507 0.14869 -13
0.31025 0.08467 43.32383 0 -2.57500 -9.60000 41.39109 0.10579 13
-1.42189 -0.07813 1.93943 0 2.02500 42.47500 1.11454 0.17590 13
0.10423 -0.14949 38.60151 0 4.50000 0.02500 38.39802 0.10236 13
0.58053 -0.18578 90.57563 0 5.60000 -19.15000 78.66396 0.11793 13
-0.46134 0.09214 87.82170 0 -2.77500 16.87500 79.80357 0.11129 -13
1.44957 -0.08171 47.24744 0 2.47500 -43.35000 26.88948 0.17754 -13
-0.22787 -0.09409 58.65150 0 2.85000 7.42500 57.19785 0.10372 -13
0.89044 -0.09330 10.79272 0 2.87500 -26.45000 8.07546 0.13520 -13
0.88790 0.03003 96.01526 0 -0.90000 -25.90000 71.81207 0.13470 -13
-0.82981 0.08159 78.06497 0 -2.47500 22.90000 60.15668 0.13112 13
-0.72026 0.12294 71.40105 0 -3.70000 22.12500 58.08549 0.12471 -13
-0.74183 -0.27711 71.40105 0 8.37500 22.77500 58.08549 0.12846 -13
-0.82459 -0.11664 85.24486 0 3.50000 25.15000 65.94822 0.13105 13
-1.36429 -0.15283 69.11092 0 4.62500 39.22500 41.16408 0.17104 -13
0.81037 -0.19106 42.00592 0 5.77500 -24.30000 32.86580 0.13105 -13
-0.98530 -0.21760 78.22173 0 6.55000 27.37500 56.34997 0.14305 13
0.07253 -0.00556 94.13427 0 0.17500 -3.02500 93.88770 0.10097 13
0.91624 -0.08140 10.25099 0 2.40000 -27.07500 7.57053 0.13679 13
-1.84342 0.02313 8.98845 0 -0.57500 56.75000 4.28654 0.21122 -13
0.43426 0.09738 8.00225 0 -3.00000 -15.00000 7.34549 0.11026 13
-0.61250 -0.00672 1.82985 0 0.50000 16.65000 1.56037 0.11831 -13
0.31020 -0.17020 87.27712 0 5.12500 -9.52500 83.46181 0.10682 13
0.86863 0.00332 92.97781 0 -0.10000 -24.15000 70.19410 0.13339 -13
0.63302 -0.19209 46.53443 0 5.80000 -18.55000 39.52068 0.12075 -13
-0.80194 0.00902 21.44014 0 -0.25000 21.80000 16.72654 0.12909 -13
-0.22827 -0.07905 68.12264 0 2.40000 7.20000 66.42450 0.10360 -13
1.51421 -0.14110 47.47620 0 4.22500 -46.02500 26.34253 0.18328 13
-0.24211 0.09110 82.30366 0 -2.75000 6.10000 80.01091 0.10402 -13
-1.68849 -0.18854 11.28024 0 5.77500 49.75000 5.82308 0.19863 -13
0.21332 -0.16976 66.78568 0 5.12500 -5.27500 65.35590 0.10438 -13
0.03844 0.14170 48.36448 0 -4.27500 1.17500 48.32950 0.10178 -13
0.03929 -0.25742 48.36448 0 7.77500 1.15000 48.32950 0.10407 -13
1.15787 -0.07454 6.73523 0 2.35000 -34.17500 4.40915 0.15432 -13
0.26049 -0.01246 29.93297 0 0.40000 -8.62500 28.96651 0.10407 -13
0.64020 0.08939 51.85592 0 -2.67500 -21.67500 43.72419 0.11990 -13
0.22172 -0.01627 89.32555 0 0.47500 -6.27500 87.20826 0.10316 13
0.18358 -0.19101 59.31136 0 5.75000 -4.50000 58.37001 0.10417 13
-0.24145 -0.16881 28.61076 0 5.10000 9.00000 27.83284 0.10499 -13
0.01270 0.06367 75.54571 0 -1.92500 2.12500 75.53964 0.10092 13
-0.22455 -0.17542 87.51339 0 5.30000 8.42500 85.44838 0.10471 -13
0.89796 0.12337 23.14376 0 -3.70000 -25.50000 17.27841 0.13590 -13
0.92472 -0.27664 23.14376 0 8.37500 -26.32500 17.27841 0.13999 -13
0.65654 -0.23046 42.10186 0 6.92500 -20.62500 35.46487 0.12266 13
-0.11027 -0.20523 51.64097 0 6.20000 3.87500 51.34227 0.10341 -13
0.32130 -0.09624 22.72054 0 2.87500 -11.05000 21.64061 0.10621 13
1.45604 0.09035 85.21626 0 -2.72500 -43.82500 48.37669 0.17812 13
0.43927 0.00909 91.38693 0 -0.27500 -13.42500 83.67083 0.10999 13
0.50477 0.11331 2.67581 0 -3.22500 -11.82500 2.39202 0.11338 -13
0.03444 0.14246 77.17993 0 -4.30000 -0.62500 77.13510 0.10178 13
0.03520 -0.25662 77.17993 0 7.72500 -0.65000 77.13510 0.10402 13
-0.73469 -0.13973 8.49882 0 4.30000 23.25000 6.87232 0.12580 -13
-1.78751 0.13167 53.31196 0 -3.95000 52.65000 26.19983 0.20667 -13
-1.83471 -0.26791 53.31196 0 8.10000 54.10000 26.19983 0.21218 -13
-1.91764 -0.22347 83.60712 0 6.75000 58.05000 39.40147 0.21897 -13
-0.30155 -0.11499 84.59932 0 3.45000 6.72500 81.04104 0.10582 13
0.02144 -0.02002 94.13608 0 0.60000 -1.37500 94.11445 0.10075 13
0.71919 0.12790 56.99094 0 -3.85000 -23.55000 46.39508 0.12470 -13
0.73928 -0.27190 56.99094 0 8.22500 -24.15000 46.39508 0.12820 -13
0.21259 -0.06548 25.47572 0 1.95000 -5.35000 24.92117 0.10316 13
0.60454 -0.17214 90.75693 0 5.20000 -17.70000 77.96849 0.11894 -13
1.93292 -0.09089 45.45245 0 2.77500 -58.95000 20.95277 0.21937 -13
-1.24417 -0.13518 62.81937 0 4.10000 37.27500 39.57071 0.16133 -13
-0.17183 0.11797 53.18330 0 -3.55000 6.10000 52.42554 0.10286 -13
-2.03274 0.09400 94.17168 0 -2.85000 63.95000 41.71674 0.22834 13
-1.17304 0.02064 44.21296 0 -0.60000 33.47500 28.68676 0.15524 -13
0.03650 -0.02224 62.15272 0 0.67500 -2.32500 62.11139 0.10079 13
-0.22222 0.07371 98.47141 0 -2.22500 5.37500 96.13872 0.10342 -13
1.35855 0.01922 72.48245 0 -0.57500 -42.07500 42.97291 0.16989 -13
2.04933 0.13105 55.78485 0 -3.92500 -61.80000 24.63259 0.22999 -13
2.10394 -0.26855 55.78485 0 8.12500 -63.47500 24.63259 0.23618 -13
0.30329 0.13221 46.01117 0 -3.97500 -10.35000 44.06252 0.10607 -13
0.31125 -0.26736 46.01117 0 8.07500 -10.60000 44.06252 0.10886 -13
-0.24347 -0.12887 95.60719 0 3.87500 5.50000 92.93613 0.10445 13
2.14918 -0.04508 73.54638 0 1.35000 -63.15000 31.05301 0.23874 13
-0.42954 -0.20573 63.52974 0 6.20000 12.82500 58.55785 0.11153 13
-0.81877 -0.15113 11.92766 0 4.50000 26.32500 9.27053 0.13101 13
0.39480 -0.11250 24.83175 0 3.37500 -10.45000 23.11608 0.10885 13
-2.09673 -0.04904 95.27609 0 1.50000 64.10000 41.05460 0.23399 -13
1.20958 -0.18103 97.14671 0 5.45000 -34.95000 62.49166 0.15909 13
-0.87753 -0.07747 82.77634 0 2.35000 27.92500 62.29801 0.13421 -13
0.07473 0.07903 61.05035 0 -2.40000 -4.57500 60.88164 0.10130 13
0.89579 0.03827 22.56408 0 -1.12500 -28.50000 16.81263 0.13525 -13
0.44945 0.13595 49.85880 0 -4.10000 -14.20000 45.54647 0.11125 13
0.46055 -0.26344 49.85880 0 7.92500 -14.55000 45.54647 0.11399 13
-0.33894 -0.21820 70.10626 0 6.57500 8.62500 66.55205 0.10857 13
0.86288 0.09639 16.88586 0 -2.95000 -26.05000 12.80947 0.13338 13
0.38891 -0.22822 52.61138 0 6.87500 -12.32500 49.19391 0.11046 13
-1.46563 -0.18169 66.95350 0 5.47500 44.37500 38.15323 0.17960 13
0.22794 -0.11653 21.75276 0 3.55000 -7.80000 21.21581 0.10396 -13
-0.69757 -0.07408 61.32930 0 2.22500 22.42500 50.34504 0.12301 13
-2.02646 -0.20420 88.81317 0 6.17500 60.90000 39.95042 0.22851 -13
-0.66247 -0.12192 81.21162 0 3.67500 23.77500 67.85494 0.12141 13
0.05855 -0.01314 54.01360 0 0.37500 -3.22500 53.92129 0.10088 13
-0.47011 -0.09208 51.61392 0 2.77500 14.35000 46.74517 0.11166 13
0.33868 -0.06633 44.01325 0 2.00000 -10.37500 41.69658 0.10653 -13
-1.90587 0.08579 42.55141 0 -2.57500 59.72500 19.82701 0.21690 -13
-2.13194 -0.06671 84.95042 0 2.00000 63.15000 36.14134 0.23722 13
-0.06616 0.06607 52.72296 0 -2.00000 2.12500 52.60848 0.10115 13
0.48199 -0.02220 74.50340 0 0.67500 -17.70000 67.11742 0.11181 -13
-0.05879 -0.24226 97.76820 0 7.30000 1.35000 97.60903 0.10378 13
-1.64767 -0.22917 38.45811 0 6.90000 51.90000 20.32781 0.19542 13
0.75478 -0.15823 84.46460 0 4.77500 -23.35000 67.71749 0.12718 -13
-0.31557 -0.21043 53.11704 0 6.35000 9.27500 50.75219 0.10771 -13
0.85879 -0.17235 84.12194 0 5.20000 -28.55000 64.21243 0.13388 -13
1.75923 -0.00107 35.33964 0 0.05000 -53.45000 17.46450 0.20377 -13
0.89012 0.08545 64.36153 0 -2.57500 -25.67500 48.15171 0.13509 -13
1.06048 0.12880 80.69789 0 -3.90000 -31.50000 55.60331 0.14736 13
1.08974 -0.27099 80.69789 0 8.17500 -32.37500 55.60331 0.15141 13
-0.76321 -0.06166 72.66344 0 1.87500 23.50000 57.80279 0.12684 -13
-0.55494 -0.22238 54.73499 0 6.72500 20.02500 48.12735 0.11734 -13
0.11021 0.10952 32.52573 0 -3.32500 -4.77500 32.33228 0.10192 13
-0.01189 -0.04741 10.78779 0 1.37500 -1.52500 10.78702 0.10082 13
-0.37202 -0.11404 38.19113 0 3.45000 12.65000 35.82231 0.10807 -13
1.24451 -0.10940 88.46442 0 3.30000 -37.12500 55.61168 0.16115 -13
0.30494 -0.13729 69.37635 0 4.12500 -9.87500 66.41214 0.10619 13
-0.33608 -0.05438 40.27454 0 1.65000 10.25000 38.18193 0.10638 -13
-0.29560 0.08492 23.46980 0 -2.55000 7.75000 22.51360 0.10536 -13
-0.69569 -0.13906 4.32141 0 4.05000 21.35000 3.55830 0.12344 13
-1.72901 -0.16799 75.45164 0 5.05000 50.65000 38.17073 0.20183 13
-2.10236 -0.13438 76.69997 0 4.02500 63.42500 33.18659 0.23480 13
-2.06408 -0.05409 7.84863 0 1.77500 63.27500 3.42590 0.23113 -13
-0.56247 -0.08190 89.12283 0 2.47500 17.45000 77.74047 0.11583 13
1.44786 0.11070 94.59940 0 -3.35000 -41.77500 53.98267 0.17756 13
0.65856 -0.04499 29.23179 0 1.35000 -21.00000 24.42086 0.12067 13
0.00530 -0.03774 31.97650 0 1.15000 3.07500 31.97605 0.10078 -13
-1.79267 -0.04797 41.91087 0 1.42500 53.92500 20.43465 0.20676 13
-0.55201 -0.21009 94.92639 0 6.32500 17.47500 83.51858 0.11695 13
0.43390 0.04472 85.15486 0 -1.35000 -12.15000 78.13058 0.10987 -13
-1.51241 -0.07619 77.52681 0 2.27500 43.35000 42.84500 0.18274 13
-0.58848 0.03078 99.60700 0 -0.92500 18.70000 85.85587 0.11689 -13
1.20795 0.05118 58.94813 0 -1.52500 -38.60000 37.62001 0.15800 -13
-0.79450 -0.05702 5.30915 0 1.60000 25.10000 4.15909 0.12876 13
0.80492 -0.07246 43.11134 0 2.20000 -25.50000 33.61780 0.12948 -13
-0.44236 -0.06500 73.20628 0 1.97500 13.65000 66.97127 0.11031 -13
-0.27023 -0.05035 92.48114 0 1.52500 8.60000 89.28636 0.10444 -13
-0.27836 0.11364 19.58804 0 -3.45000 6.90000 18.87934 0.10517 13
-0.03477 0.09412 4.62580 0 -2.95000 -0.92500 4.62301 0.10127 13
0.46699 -0.12563 68.91577 0 3.80000 -12.15000 62.52987 0.11187 -13
0.25412 -0.06033 3.21365 0 1.97500 -9.30000 3.11503 0.10417 -13
0.51856 -0.19053 40.62257 0 5.75000 -14.75000 36.19692 0.11506 -13
-0.54021 -0.12883 45.38762 0 3.90000 16.15000 40.00703 0.11520 -13
1.10642 -0.11129 41.89889 0 3.35000 -32.55000 28.18912 0.15059 13
-0.74025 -0.06851 13.18194 0 2.02500 21.77500 10.60356 0.12548 13
-0.66764 0.05802 40.19147 0 -1.77500 21.00000 33.44333 0.12123 13
1.12600 0.06363 72.27836 0 -1.92500 -32.57500 48.04936 0.15180 13
0.35775 -0.17939 90.83363 0 5.40000 -11.67500 85.67722 0.10846 13
-0.65700 0.13503 79.57893 0 -4.07500 20.52500 66.68948 0.12126 -13
-0.67348 -0.26438 79.57893 0 7.97500 21.02500 66.68948 0.12431 -13
-1.42537 -0.21882 57.47258 0 6.62500 40.45000 33.52560 0.17674 -13
-0.30065 0.04241 1.05275 0 -0.80000 9.52500 1.00825 0.10572 -13
-1.48015 -0.23914 77.14306 0 7.22500 45.15000 44.01061 0.18151 -13
0.65953 -0.04951 45.45449 0 1.50000 -19.75000 37.95901 0.12074 -13
-0.90710 -0.10502 24.52147 0 3.20000 29.87500 18.20625 0.13639 -13
0.36574 0.10365 44.31794 0 -3.15000 -9.37500 41.64764 0.10774 13
0.88927 -0.18799 90.83998 0 5.65000 -27.60000 68.39902 0.13608 13
-0.29251 -0.06931 79.83979 0 2.10000 7.55000 76.64300 0.10516 -13
0.69942 -0.22848 70.87953 0 6.90000 -21.17500 58.56183 0.12503 -13
0.79128 -0.04843 10.30214 0 1.40000 -23.80000 8.08268 0.12850 13
1.04137 -0.14614 39.19256 0 4.40000 -31.10000 27.29518 0.14612 13
-0.10013 0.10394 98.39371 0 -3.15000 3.60000 97.90927 0.10175 13
-0.67735 -0.20429 33.05767 0 6.15000 20.07500 27.54339 0.12335 13
0.57925 -0.02277 72.19557 0 0.70000 -16.47500 62.47559 0.11640 -13
1.06499 -0.22460 38.94011 0 6.80000 -35.17500 27.00158 0.14887 -13
0.61600 0.07893 79.92563 0 -2.37500 -16.72500 68.10845 0.11854 -13
0.76286 0.01634 66.66033 0 -0.50000 -23.32500 53.00191 0.12667 13
-0.10746 0.02464 44.32074 0 -0.72500 4.70000 44.06720 0.10131 -13
-1.63647 -0.17858 30.23960 0 5.42500 52.12500 15.94789 0.19400 -13
-0.65336 0.03212 27.98356 0 -1.00000 18.77500 23.43016 0.12034 13
-0.28822 -0.07410 68.73781 0 2.25000 9.30000 66.06284 0.10507 -13
-0.39091 0.00117 52.90523 0 -0.05000 13.00000 49.27421 0.10813 13
-0.37934 0.07422 33.76809 0 -2.25000 13.75000 31.58366 0.10797 13
0.50046 -0.10931 12.61307 0 3.25000 -16.32500 11.29270 0.11313 13
0.71856 0.08105 13.21441 0 -2.40000 -21.10000 10.74330 0.12426 -13
-0.08810 -0.13548 11.50358 0 4.12500 2.42500 11.45992 0.10204 -13
0.21753 0.03380 56.67141 0 -1.02500 -7.17500 55.37786 0.10312 13
-0.02260 -0.16262 34.53864 0 4.92500 1.40000 34.53005 0.10206 -13
