-0.08388 -0.01271 87.85720 0 0.37500 5.40000 87.54982 0.10107 13
1.10991 -0.21041 83.31717 0 6.35000 -35.45000 56.43492 0.15192 13
-1.84345 0.14203 62.32792 0 -4.30000 57.50000 29.94897 0.21169 13
-1.88451 -0.25708 62.32792 0 7.75000 58.72500 29.94897 0.21636 13
-0.53370 0.14465 91.66471 0 -4.37500 15.72500 81.05265 0.11508 13
-0.54502 -0.25432 91.66471 0 7.67500 16.05000 81.05265 0.11751 13
-0.28100 -0.06383 85.45000 0 1.92500 7.92500 82.27596 0.10481 -13
0.50671 -0.03907 57.00654 0 1.17500 -15.75000 50.85891 0.11296 13
-0.43759 -0.16109 36.23061 0 4.85000 15.80000 33.25939 0.11110 13
1.54912 -0.07124 84.65480 0 2.15000 -46.40000 45.99404 0.18582 -13
-0.32881 -0.18240 63.42298 0 5.50000 10.50000 60.34435 0.10760 -13
-1.46528 0.15031 17.62382 0 -4.47500 45.42500 10.00941 0.17926 -13
-1.49311 -0.24837 17.62382 0 7.55000 46.27500 10.00941 0.18278 -13
0.50523 -0.11712 15.99025 0 3.57500 -17.72500 14.29176 0.11346 -13
-0.92906 0.07786 6.66018 0 -2.25000 29.22500 4.88644 0.13765 -13
-0.07986 0.12173 59.73972 0 -3.67500 1.07500 59.55288 0.10176 -13
-0.08228 -0.27843 59.73972 0 8.40000 1.15000 59.55288 0.10487 -13
1.78225 -0.15255 74.81273 0 4.62500 -55.80000 36.92805 0.20639 -13
0.10321 0.07531 60.69026 0 -2.27500 -3.27500 60.37138 0.10152 13
-0.98496 -0.08334 93.71386 0 2.52500 28.45000 66.87999 0.14160 -13
-0.26172 0.10148 1.61210 0 -3.37500 8.60000 1.56002 0.10494 13
-0.11986 -0.08583 5.07718 0 2.67500 5.05000 5.04135 0.10184 -13
1.16423 -0.07150 51.28953 0 2.15000 -34.50000 33.46797 0.15472 13
-0.55735 -0.08366 12.95892 0 2.47500 17.47500 11.32908 0.11558 13
0.77298 -0.13121 12.22857 0 4.00000 -22.75000 9.70563 0.12800 -13
0.16519 -0.02570 3.52621 0 0.62500 -5.20000 3.47907 0.10214 13
-1.19217 -0.10056 89.08225 0 3.02500 38.02500 57.41767 0.15702 13
-1.58480 -0.11824 79.13530 0 3.55000 46.70000 42.43951 0.18907 13
0.32733 -0.03605 92.10852 0 1.07500 -10.65000 87.54350 0.10602 13
0.18311 0.13737 87.13401 0 -4.15000 -7.22500 85.73480 0.10331 -13
0.18753 -0.26194 87.13401 0 7.90000 -7.37500 85.73480 0.10581 -13
-0.79661 0.01327 19.70116 0 -0.37500 23.25000 15.40993 0.12876 -13
0.45417 -0.09331 31.28219 0 2.80000 -13.67500 28.50324 0.11100 13
1.06737 0.01691 23.59447 0 -0.47500 -31.77500 16.13301 0.14730 -13
1.91881 -0.07578 98.76947 0 2.30000 -58.77500 45.75018 0.21804 -13
1.11161 -0.21068 4.94384 0 6.50000 -32.47500 3.34574 0.15226 -13
-1.42707 -0.24506 59.90157 0 7.37500 43.40000 35.04836 0.17719 13
0.04034 -0.15495 77.11908 0 4.67500 -2.70000 77.05785 0.10198 13
0.60082 -0.18819 93.63396 0 5.67500 -18.32500 80.62816 0.11900 13
0.42551 0.14865 45.78046 0 -4.47500 -12.65000 42.19553 0.11045 -13
0.43387 -0.25019 45.78046 0 7.55000 -12.90000 42.19553 0.11264 -13
0.86350 -0.07700 20.46388 0 2.30000 -27.90000 15.50806 0.13327 13
0.31469 0.08899 17.85838 0 -2.65000 -9.82500 17.04086 0.10594 -13
-1.12360 -0.04904 88.71722 0 1.47500 35.47500 59.02167 0.15156 -13
-0.04007 -0.18145 61.18015 0 5.47500 -1.85000 61.13266 0.10243 13
0.82095 -0.09704 1.32790 0 3.42500 -24.30000 1.02844 0.13128 -13
0.04587 -0.24068 23.99412 0 7.25000 0.27500 23.97029 0.10367 13
0.33811 -0.23704 16.24495 0 7.12500 -11.47500 15.43121 0.10892 13
1.93917 -0.17925 40.03992 0 5.42500 -59.65000 18.58033 0.22051 -13
-1.16380 0.12408 56.89658 0 -3.75000 35.20000 37.24353 0.15503 13
-1.19809 -0.27598 56.89658 0 8.30000 36.22500 37.24353 0.15958 13
-1.15611 0.01159 48.57284 0 -0.32500 32.57500 31.77732 0.15393 -13
1.13778 -0.13018 4.89277 0 4.07500 -35.45000 3.24551 0.15323 -13
-1.53814 0.12679 19.56912 0 -3.77500 41.92500 10.72643 0.18516 -13
-1.58184 -0.27299 19.56912 0 8.27500 43.27500 10.72643 0.19052 -13
-0.26907 -0.14624 48.38572 0 4.40000 6.75000 46.75707 0.10532 13
-0.33770 -0.15426 52.23702 0 4.67500 8.25000 49.55005 0.10743 -13
-0.29437 -0.06052 75.51338 0 1.82500 9.82500 72.45061 0.10515 -13
-0.23924 -0.06841 45.74739 0 2.07500 4.85000 44.49751 0.10378 -13
0.94822 0.02548 57.58952 0 -0.77500 -30.32500 41.79549 0.13880 13
-0.11299 -0.11605 72.83363 0 3.50000 2.97500 72.37906 0.10202 -13
1.75274 0.11614 84.95424 0 -3.52500 -55.42500 42.31256 0.20356 13
-1.46518 -0.03437 14.83464 0 0.97500 46.60000 8.36622 0.17866 13
2.17635 -0.15513 61.96354 0 4.70000 -62.67500 26.12558 0.24173 -13
-0.87652 -0.24596 10.67632 0 7.35000 27.22500 8.13016 0.13613 13
-0.96476 -0.21866 15.83406 0 6.55000 30.12500 11.52336 0.14160 13
1.23963 -0.00586 58.77431 0 0.20000 -36.47500 36.90315 0.16039 -13
-0.43049 0.12700 23.73986 0 -3.85000 16.47500 21.83249 0.11039 13
-0.44262 -0.27282 23.73986 0 8.20000 16.82500 21.83249 0.11348 13
1.03816 -0.17799 36.12891 0 5.35000 -32.62500 25.26622 0.14624 13
0.85360 -0.21741 46.63444 0 6.57500 -26.95000 35.81170 0.13422 -13
1.28363 0.01164 48.44507 0 -0.32500 -39.32500 29.77371 0.16386 -13
0.74314 -0.07933 99.02997 0 2.40000 -23.32500 79.57350 0.12572 -13
0.22618 -0.13703 39.20155 0 4.15000 -5.67500 38.25288 0.10417 -13
0.47890 -0.02636 39.49805 0 0.77500 -13.97500 35.62591 0.11169 13
0.32054 -0.16691 11.16772 0 5.07500 -8.97500 10.64827 0.10711 -13
0.15861 -0.00920 4.01214 0 0.40000 -3.92500 3.96267 0.10200 -13
0.73555 -0.06792 87.97693 0 2.05000 -23.20000 70.92771 0.12520 -13
0.87841 -0.06077 47.52978 0 1.85000 -28.12500 35.73763 0.13418 -13
0.46243 -0.24298 73.04994 0 7.32500 -17.05000 66.63205 0.11362 -13
0.83881 0.11333 19.01916 0 -3.37500 -23.72500 14.61024 0.13191 -13
-0.07362 -0.10182 76.53428 0 3.07500 1.37500 76.32983 0.10150 -13
-0.59419 0.09685 46.00895 0 -2.92500 16.47500 39.60169 0.11755 13
-0.12255 0.10150 37.10973 0 -3.07500 3.45000 36.83693 0.10197 13
-0.08691 -0.02550 7.91067 0 0.82500 1.65000 7.88095 0.10113 -13
0.91574 0.07214 92.08971 0 -2.17500 -25.40000 67.99582 0.13674 13
0.91296 -0.15750 91.44343 0 4.75000 -27.32500 67.90706 0.13727 13
-0.34925 -0.05661 51.90742 0 1.72500 14.27500 49.01318 0.10683 -13
1.16388 0.05118 14.59841 0 -1.50000 -34.95000 9.52119 0.15460 -13
-0.49480 -0.23921 40.51624 0 7.22500 17.25000 36.50883 0.11492 -13
-1.27718 0.01867 83.60890 0 -0.57500 39.07500 51.54948 0.16336 13
0.27983 0.11223 97.58442 0 -3.37500 -7.40000 94.01693 0.10517 -13
-0.16324 0.02826 67.54797 0 -0.85000 6.30000 66.66625 0.10208 13
0.05449 -0.08483 65.84771 0 2.55000 -3.02500 65.75089 0.10121 13
-0.16521 -0.04287 83.41529 0 1.30000 6.77500 82.30177 0.10216 13
0.43354 -0.03838 33.85203 0 1.17500 -13.87500 31.06233 0.10983 -13
0.32436 0.01085 76.81205 0 -0.32500 -10.95000 73.06521 0.10587 -13
-1.50830 0.10932 13.13113 0 -3.37500 45.00000 7.28654 0.18261 13
-1.31106 -0.22426 45.05748 0 6.75000 39.40000 27.74880 0.16756 13
-0.15648 -0.11593 77.29497 0 3.50000 7.30000 76.37784 0.10259 13
-0.70223 -0.03840 93.45578 0 1.15000 21.40000 76.50058 0.12312 13
-0.16824 -0.02782 59.83613 0 0.85000 4.60000 59.00750 0.10215 -13
0.71022 0.10939 22.63434 0 -3.32500 -20.07500 18.49022 0.12402 13
1.03078 -0.08694 39.99555 0 2.60000 -30.30000 27.90303 0.14489 13
-0.15169 0.10804 67.98464 0 -3.25000 5.70000 67.22456 0.10244 -13
0.76507 -0.06539 23.72008 0 1.95000 -21.20000 18.85371 0.12696 13
-0.28895 -0.21206 86.80456 0 6.40000 5.07500 83.53161 0.10698 -13
-0.28683 -0.08120 47.10151 0 2.45000 9.70000 45.28726 0.10508 -13
-1.21358 -0.06702 4.74706 0 2.20000 34.45000 3.02312 0.15859 -13
-0.05096 -0.17692 18.00242 0 5.37500 3.60000 17.97980 0.10242 -13
-0.16150 0.03001 38.71358 0 -0.92500 4.05000 38.21892 0.10205 13
0.45690 0.07730 89.27771 0 -2.32500 -13.55000 81.24490 0.11099 -13
-0.77245 -0.21386 55.63483 0 6.45000 22.77500 44.39291 0.12905 13
1.25528 -0.09920 69.40849 0 2.97500 -36.72500 43.37752 0.16192 13
0.87408 -0.10331 6.29120 0 3.02500 -26.07500 4.74752 0.13413 13
0.36106 -0.09823 38.84416 0 2.95000 -10.12500 36.55585 0.10752 13
-0.16311 -0.23453 51.16184 0 7.07500 7.55000 50.52876 0.10472 13
2.02303 -0.09830 21.80547 0 2.92500 -62.95000 9.69968 0.22744 13
0.71472 -0.04217 93.81076 0 1.27500 -20.62500 76.34434 0.12385 -13
0.27379 0.13454 78.63718 0 -4.05000 -7.97500 75.89283 0.10528 -13
0.28070 -0.26490 78.63718 0 8.00000 -8.20000 75.89283 0.10795 -13
-0.56334 0.00756 25.70370 0 -0.25000 19.05000 22.39479 0.11559 13
0.11087 0.09813 93.76139 0 -2.95000 -0.97500 93.19577 0.10180 -13
1.50341 -0.09364 92.47736 0 2.82500 -44.07500 51.37119 0.18208 -13
1.14541 0.10596 13.20605 0 -3.25000 -34.55000 8.71232 0.15353 13
0.20240 -0.11912 46.86528 0 3.57500 -4.47500 45.94650 0.10344 13
-1.07701 -0.16711 73.90199 0 5.05000 30.20000 50.65498 0.14897 -13
-0.10741 0.05802 47.60437 0 -1.75000 3.37500 47.33299 0.10145 -13
1.21313 -0.07125 57.74667 0 2.15000 -38.05000 36.78648 0.15848 -13
-0.89755 -0.16822 49.71732 0 5.05000 27.42500 37.22889 0.13636 13
0.26732 -0.02191 83.95782 0 0.65000 -7.90000 81.11096 0.10426 13
-1.70958 0.08963 2.80846 0 -3.07500 50.55000 1.42221 0.20003 13
-0.17205 -0.03892 17.64075 0 1.20000 4.10000 17.38575 0.10226 -13
-0.86712 -0.12834 68.75161 0 3.87500 24.37500 52.12411 0.13392 -13
1.44047 -0.11409 41.47252 0 3.45000 -42.62500 23.75380 0.17697 -13
0.81553 0.14727 56.34968 0 -4.45000 -23.27500 43.85506 0.13079 13
0.83198 -0.25160 56.34968 0 7.57500 -23.75000 43.85506 0.13341 13
0.07154 0.13123 40.61713 0 -3.95000 -3.92500 40.51537 0.10182 -13
0.07345 -0.26837 40.61713 0 8.10000 -3.97500 40.51537 0.10454 -13
0.54244 -0.00300 92.48353 0 0.10000 -12.47500 81.29370 0.11456 -13
0.63145 0.09524 15.34323 0 -2.90000 -20.30000 12.98967 0.11951 13
0.16278 -0.10505 31.04484 0 3.15000 -6.32500 30.64598 0.10257 13
-2.06687 -0.05960 96.28360 0 1.77500 63.77500 41.99327 0.23129 13
0.56260 0.02659 42.18420 0 -0.82500 -15.52500 36.76826 0.11558 13
-1.79453 0.10782 22.82563 0 -3.30000 51.50000 11.16054 0.20719 13
-0.92136 -0.19594 19.79701 0 5.95000 29.70000 14.68471 0.13837 -13
1.28566 -0.24165 64.62216 0 7.30000 -38.60000 40.37511 0.16584 -13
1.47297 -0.22143 61.60676 0 6.67500 -44.75000 35.17135 0.18065 13
1.16441 -0.18577 85.35884 0 5.60000 -31.72500 56.15412 0.15569 13
-0.58576 -0.24782 18.67116 0 7.50000 16.27500 16.23150 0.11938 -13
-1.06776 0.09436 36.42586 0 -2.82500 31.02500 24.95843 0.14761 -13
1.55138 -0.18960 32.31129 0 5.70000 -46.32500 17.72421 0.18682 13
-0.92989 0.01313 77.18909 0 -0.40000 27.70000 56.52884 0.13752 13
0.43716 -0.17569 33.82204 0 5.27500 -11.07500 31.06471 0.11132 13
-0.18575 -0.12538 50.67418 0 3.80000 4.82500 49.83478 0.10320 -13
1.05201 0.10856 74.43160 0 -3.27500 -34.00000 51.43840 0.14658 13
0.52933 0.01792 41.22060 0 -0.55000 -14.75000 36.43259 0.11396 13
-0.94232 -0.06472 48.82723 0 1.97500 28.15000 35.57066 0.13852 -13
-0.99293 -0.21455 88.06016 0 6.47500 30.12500 63.18274 0.14355 -13
-0.14210 -0.04077 78.80206 0 1.22500 3.77500 78.01959 0.10180 13
0.83389 -0.22124 41.66223 0 6.70000 -23.62500 32.30810 0.13301 -13
-0.00053 0.01985 71.31387 0 -0.60000 -1.15000 71.31386 0.10073 13
-0.32151 0.07878 31.59624 0 -2.40000 10.42500 30.08857 0.10608 13
0.58505 -0.07511 45.30308 0 2.25000 -18.42500 39.13057 0.11691 13
-0.19099 -0.10643 56.51549 0 3.20000 4.17500 55.52295 0.10308 13
-1.25732 -0.08536 4.97203 0 2.40000 38.92500 3.10168 0.16198 13
0.37645 0.07596 8.90356 0 -2.35000 -12.57500 8.33566 0.10790 13
-0.55767 -0.13435 1.95702 0 4.35000 18.62500 1.71262 0.11643 -13
0.22738 -0.02276 71.72711 0 0.67500 -5.05000 69.94272 0.10329 13
1.07955 0.03300 74.04951 0 -1.00000 -34.25000 50.33620 0.14823 13
-0.17230 0.01901 4.98276 0 -0.47500 2.95000 4.91046 0.10222 -13
0.56440 0.09873 90.26208 0 -2.97500 -18.95000 78.69746 0.11606 13
-1.15304 -0.06267 58.89695 0 1.90000 33.65000 38.63204 0.15384 -13
-0.26989 0.10282 23.64802 0 -3.07500 7.80000 22.83915 0.10481 -13
0.53399 -0.20070 10.73702 0 6.10000 -17.25000 9.51209 0.11598 -13
-0.24824 -0.06292 28.28381 0 1.87500 9.05000 27.45379 0.10395 13
-0.78278 -0.10911 67.70655 0 3.27500 21.40000 53.43414 0.12836 13
-0.81074 -0.11932 91.82071 0 3.60000 25.75000 71.52361 0.13020 -13
-1.61129 -0.19670 5.71183 0 5.77500 46.72500 3.05320 0.19186 13
-0.49749 -0.05890 72.43758 0 1.77500 15.62500 64.87742 0.11263 13
-0.05225 -0.07905 70.05266 0 2.40000 5.40000 69.95786 0.10115 -13
-0.67352 0.11610 55.19885 0 -3.50000 19.75000 45.87810 0.12197 -13
0.61893 0.06469 7.31735 0 -2.02500 -18.87500 6.22585 0.11864 13
-0.34968 0.12666 33.96781 0 -3.80000 12.42500 32.09160 0.10743 -13
-0.35961 -0.27316 33.96781 0 8.25000 12.72500 32.09160 0.11051 -13
-0.25436 0.03460 84.66962 0 -1.05000 6.20000 82.05982 0.10397 -13
1.60302 -0.10997 40.98056 0 3.35000 -48.42500 21.78471 0.19059 -13
0.31712 -0.03075 55.20713 0 0.92500 -9.90000 52.62671 0.10569 -13
1.87685 -0.17133 89.31523 0 5.15000 -59.52500 42.47262 0.21484 13
0.94530 -0.07008 99.97243 0 2.10000 -28.95000 72.73424 0.13876 13
0.33677 -0.14632 26.54477 0 4.40000 -9.97500 25.18330 0.10727 13
0.31544 0.12147 39.20665 0 -3.67500 -7.52500 37.41507 0.10631 13
0.32506 -0.27875 39.20665 0 8.40000 -7.82500 37.41507 0.10954 13
-0.34852 -0.10237 58.85716 0 3.10000 11.75000 55.60949 0.10714 -13
1.20380 0.12156 6.73173 0 -3.55000 -36.50000 4.32013 0.15803 -13
0.81522 0.09018 93.72595 0 -2.72500 -26.40000 72.76287 0.13025 13
-1.73306 -0.08433 8.21366 0 2.65000 53.20000 4.11556 0.20178 -13
1.57405 -0.06644 4.42546 0 1.80000 -46.40000 2.37639 0.18792 13
1.02069 -0.06064 28.54402 0 1.85000 -35.27500 19.99456 0.14403 -13
-1.07038 0.06865 92.14342 0 -2.07500 31.35000 62.98278 0.14768 13
0.05316 -0.17034 95.23881 0 5.15000 -3.62500 95.10831 0.10230 -13
1.42509 0.11779 58.53090 0 -3.55000 -41.82500 33.77502 0.17571 -13
-0.31904 0.02356 47.12414 0 -0.72500 8.77500 44.89580 0.10573 13
1.54658 -0.24635 33.88198 0 7.45000 -48.32500 18.78020 0.18715 -13
-1.97342 -0.22861 11.89502 0 7.00000 57.67500 5.48598 0.22414 -13
-0.04509 -0.19334 29.80217 0 5.82500 1.52500 29.77299 0.10266 13
-1.57894 0.09009 97.66351 0 -2.70000 46.97500 52.40689 0.18842 -13
0.76343 -0.12404 33.34952 0 3.72500 -25.60000 26.58239 0.12730 13
-0.02029 -0.14086 22.09876 0 4.22500 2.60000 22.09428 0.10171 13
0.19373 -0.04525 30.25441 0 1.37500 -5.17500 29.70319 0.10268 -13
-0.25332 -0.05588 31.41631 0 1.70000 9.45000 30.45746 0.10404 -13
-1.75161 -0.19908 62.45857 0 6.02500 52.55000 31.42135 0.20413 -13
1.81812 0.01686 31.59345 0 -0.47500 -53.42500 15.22733 0.20896 -13
1.47053 -0.09431 96.27104 0 2.85000 -46.72500 54.29910 0.17933 -13
0.98799 0.08581 53.42933 0 -2.57500 -28.40000 38.07680 0.14182 -13
0.23194 0.00450 16.65239 0 -0.10000 -6.05000 16.22184 0.10338 -13
-0.54536 0.01415 27.59539 0 -0.40000 18.60000 24.22756 0.11471 -13
0.27693 0.14493 49.01401 0 -4.35000 -9.75000 47.27093 0.10550 -13
0.28277 -0.25402 49.01401 0 7.67500 -9.92500 47.27093 0.10775 -13
-0.43686 0.05444 1.73618 0 -1.35000 12.52500 1.59138 0.11017 -13
0.74657 0.12170 63.21512 0 -3.67500 -23.77500 50.78733 0.12627 13
0.76931 -0.27850 63.21512 0 8.40000 -24.45000 50.78733 0.13010 13
-1.50983 -0.06413 91.74495 0 1.95000 45.65000 50.73255 0.18249 -13
1.20913 0.03053 45.61404 0 -0.90000 -37.12500 29.07890 0.15804 -13
-1.94849 -0.09063 28.27730 0 2.77500 58.37500 12.95338 0.22076 -13
0.14469 -0.04654 49.31455 0 1.40000 -3.55000 48.80739 0.10186 13
0.10337 0.08878 70.41319 0 -2.67500 -5.20000 70.04288 0.10163 -13
-0.00175 -0.09329 15.35009 0 2.77500 -0.35000 15.35007 0.10113 13
-0.55055 0.13306 16.41904 0 -3.97500 16.80000 14.41252 0.11572 -13
-0.56477 -0.26640 16.41904 0 8.07500 17.25000 14.41252 0.11876 -13
-0.79733 0.09422 75.17671 0 -2.82500 24.40000 58.88047 0.12914 -13
0.60581 -0.03564 70.69000 0 1.07500 -21.35000 60.47091 0.11779 13
-0.46509 -0.09478 7.87094 0 2.80000 13.80000 7.14252 0.11146 13
-0.06653 -0.11431 88.79294 0 3.45000 1.72500 88.59963 0.10158 -13
-0.70873 0.14604 40.78418 0 -4.42500 24.85000 33.39148 0.12432 13
-0.72334 -0.25288 40.78418 0 7.62500 25.27500 33.39148 0.12686 13
-0.24223 -0.15543 38.31645 0 4.70000 8.87500 37.26374 0.10480 -13
1.43659 -0.15944 69.78748 0 4.82500 -43.15000 40.20746 0.17701 -13
0.01073 -0.16228 73.44594 0 4.90000 -2.07500 73.44182 0.10202 13
0.12375 0.04369 46.35478 0 -1.32500 -3.62500 46.00453 0.10157 13
-0.68720 -0.08634 18.63081 0 2.57500 24.22500 15.37264 0.12249 13
-1.43684 0.06675 76.51794 0 -2.00000 44.97500 43.77554 0.17641 -13
-0.05624 -0.18858 30.19353 0 5.70000 -2.07500 30.14749 0.10264 -13
-1.26479 0.13838 78.62330 0 -4.17500 39.55000 49.04780 0.16297 13
-1.29478 -0.26090 78.62330 0 7.85000 40.45000 49.04780 0.16682 13
2.03793 -0.14484 95.88394 0 4.37500 -60.25000 42.59181 0.22908 -13
0.05337 0.04352 30.89228 0 -1.32500 -2.92500 30.84847 0.10094 13
-0.46951 0.14062 36.05614 0 -4.25000 15.72500 32.69499 0.11216 13
-0.48025 -0.25857 36.05614 0 7.77500 16.05000 32.69499 0.11470 13
1.25789 0.14232 81.77096 0 -4.27500 -37.87500 51.19784 0.16244 -13
1.28572 -0.25675 81.77096 0 7.75000 -38.72500 51.19784 0.16606 -13
-1.09480 0.06759 21.08274 0 -2.07500 33.25000 14.23614 0.14949 13
1.34089 0.03968 98.84377 0 -1.20000 -42.97500 59.12131 0.16850 13
-0.24530 -0.05854 40.98400 0 1.77500 9.27500 39.80787 0.10385 -13
0.92816 0.14799 28.98858 0 -4.45000 -28.65000 21.35313 0.13819 -13
0.94659 -0.25081 28.98858 0 7.60000 -29.20000 21.35313 0.14097 -13
0.73603 -0.02893 9.58206 0 0.92500 -21.87500 7.71825 0.12509 -13
-1.08923 -0.20754 35.34114 0 6.25000 31.47500 24.17304 0.15034 13
0.23783 -0.10997 30.27775 0 3.30000 -5.62500 29.46554 0.10410 13
0.57415 -0.24497 79.67387 0 7.37500 -17.45000 69.58544 0.11871 13
-0.89567 0.01790 30.15475 0 -0.57500 27.92500 22.46382 0.13521 13
-0.11707 -0.09184 76.09782 0 2.77500 3.50000 75.58597 0.10181 13
-0.70764 -0.05314 93.68462 0 1.60000 21.60000 76.50986 0.12348 -13
-0.70769 0.03561 22.31899 0 -1.05000 22.65000 18.22202 0.12342 -13
1.90277 -0.12121 98.84084 0 3.65000 -55.90000 46.24590 0.21680 13
0.06995 -0.01691 34.18649 0 0.50000 -2.62500 34.10318 0.10096 13
0.72614 -0.00290 8.83139 0 0.02500 -21.70000 7.14616 0.12446 13
-0.01999 -0.16321 27.72646 0 4.95000 1.75000 27.72106 0.10207 -13
-0.74178 0.13845 63.86408 0 -4.17500 22.75000 51.46551 0.12615 -13
-0.75938 -0.26080 63.86408 0 7.87500 23.27500 51.46551 0.12915 -13
-0.02801 0.05173 10.13596 0 -1.60000 2.87500 10.13201 0.10089 13
0.10712 -0.18462 31.85734 0 5.57500 -1.37500 31.68206 0.10298 -13
0.34319 -0.12195 42.32493 0 3.70000 -11.27500 40.06395 0.10718 -13
0.06166 -0.05351 86.27480 0 1.62500 -0.75000 86.11175 0.10104 -13
-0.31781 -0.03410 93.86125 0 1.02500 12.87500 89.45726 0.10573 13
-0.56035 0.07552 44.79741 0 -2.27500 16.57500 39.10697 0.11568 -13
0.06597 0.01320 92.07067 0 -0.40000 -0.85000 91.87101 0.10093 13
0.33920 0.00688 17.58713 0 -0.17500 -9.35000 16.65516 0.10634 -13
-1.39196 -0.14846 21.33665 0 4.52500 40.85000 12.53867 0.17329 -13
-0.15446 0.06243 15.53127 0 -1.85000 6.10000 15.34993 0.10209 -13
-0.87319 -0.07042 74.92897 0 2.12500 25.32500 56.50091 0.13388 -13
0.21448 -0.08983 36.88952 0 2.72500 -3.45000 36.07553 0.10339 -13
-0.45964 0.12800 40.11606 0 -3.87500 14.25000 36.50160 0.11158 13
-0.47246 -0.27182 40.11606 0 8.17500 14.62500 36.50160 0.11468 13
-0.87082 -0.09842 24.00090 0 3.00000 26.15000 18.13732 0.13392 -13
1.34706 -0.08184 7.17621 0 2.57500 -41.05000 4.28788 0.16917 -13
-0.17474 -0.03330 52.29274 0 1.00000 2.57500 51.51307 0.10228 13
-0.09985 -0.10185 51.40397 0 3.07500 2.62500 51.15218 0.10172 -13
2.14327 0.03548 93.43112 0 -1.07500 -64.22500 39.52554 0.23820 13
0.01004 0.01691 32.90711 0 -0.50000 -0.47500 32.90545 0.10072 -13
-0.83335 -0.12411 83.75441 0 3.75000 25.55000 64.54244 0.13168 13
-0.75670 -0.23314 47.13834 0 7.05000 22.57500 37.94751 0.12847 -13
-0.35935 -0.12562 99.99469 0 3.77500 8.12500 94.18685 0.10775 13
1.81524 -0.21572 73.55797 0 6.52500 -54.90000 36.11489 0.20985 -13
0.53739 -0.00375 45.95185 0 0.10000 -16.52500 40.47729 0.11432 13
-1.46141 -0.18063 6.33672 0 5.60000 43.10000 3.61767 0.17942 -13
-0.01773 0.05269 4.54353 0 -1.47500 2.22500 4.54281 0.10087 -13
0.71867 -0.09674 19.95497 0 2.90000 -22.70000 16.23011 0.12439 13
0.96122 -0.11901 67.44650 0 3.57500 -30.50000 48.78835 0.14019 13
-1.06872 0.11081 2.42447 0 -3.65000 33.47500 1.66220 0.14809 13
-1.10671 -0.29047 2.42447 0 8.45000 34.47500 1.66220 0.15268 13
-0.23073 -0.18270 82.33371 0 5.50000 7.15000 80.29143 0.10497 13
-1.93780 0.09027 93.27303 0 -2.70000 57.92500 42.91086 0.21977 -13
-1.08613 -0.08854 28.29557 0 2.65000 32.77500 19.20621 0.14893 13
-1.10762 -0.24784 90.22824 0 7.47500 30.80000 61.45199 0.15235 -13
0.71601 -0.23996 73.83438 0 7.25000 -20.97500 60.59441 0.12621 -13
-0.24588 -0.14466 26.86577 0 4.35000 7.22500 26.10406 0.10471 13
-1.02903 0.09865 77.57886 0 -2.97500 29.97500 54.20080 0.14484 13
-0.20288 -0.04616 84.14135 0 1.37500 6.15000 82.46490 0.10286 13
-0.58294 -0.09156 20.03715 0 2.80000 17.52500 17.32916 0.11694 -13
0.28009 -0.16748 80.09427 0 5.05000 -8.75000 77.20248 0.10593 13
-1.71850 -0.15372 27.81221 0 4.60000 52.75000 14.10997 0.20080 13
-1.60737 -0.15289 24.91468 0 4.57500 45.95000 13.27064 0.19122 13
-1.44314 -0.06999 76.21956 0 2.10000 43.85000 43.48289 0.17694 13
0.15333 0.05826 85.46062 0 -1.75000 -6.22500 84.47665 0.10205 -13
1.08435 -0.24958 44.77265 0 7.50000 -30.57500 30.84582 0.15063 13
1.32023 0.00812 13.48723 0 -0.30000 -41.52500 8.14371 0.16678 13
-0.17366 -0.02910 22.04355 0 0.85000 4.52500 21.71879 0.10225 13
0.49816 0.14107 84.01013 0 -4.25000 -14.70000 75.34236 0.11340 -13
0.50944 -0.25806 84.01013 0 7.80000 -15.05000 75.34236 0.11598 -13
-0.03599 -0.06973 79.58731 0 2.10000 -1.45000 79.53608 0.10102 -13
1.34208 -0.02937 66.04733 0 0.90000 -41.20000 39.47400 0.16857 -13
0.80701 -0.13045 2.36587 0 3.67500 -25.05000 1.84691 0.13008 13
-0.33459 0.03526 99.79154 0 -1.05000 11.62500 94.64074 0.10625 -13
0.17626 -0.21745 50.91072 0 6.57500 -7.77500 50.17199 0.10458 -13
0.73547 -0.04756 14.83212 0 1.40000 -20.97500 11.95309 0.12510 13
-0.57813 0.13837 10.23402 0 -4.22500 19.92500 8.88096 0.11719 13
-0.59176 -0.26101 10.23402 0 7.82500 20.32500 8.88096 0.11988 13
-1.01166 -0.08531 59.35784 0 2.57500 31.85000 41.80445 0.14351 -13
-0.53418 0.07440 43.51936 0 -2.22500 16.70000 38.40933 0.11441 -13
-1.60719 -0.05963 52.24440 0 1.77500 47.37500 27.63579 0.19071 13
-0.64607 -0.14381 70.74690 0 4.32500 20.02500 59.60209 0.12076 13
0.91661 -0.05662 20.65499 0 1.75000 -30.25000 15.23758 0.13673 -13
-0.33432 -0.16194 55.76532 0 4.90000 9.92500 52.95604 0.10743 -13
-0.71840 -0.24497 74.64279 0 7.40000 21.52500 61.21401 0.12644 -13
-0.31460 0.06778 54.48177 0 -2.02500 10.45000 51.98110 0.10579 -13
-0.41150 0.01227 46.09364 0 -0.35000 11.45000 42.62616 0.10890 -13
0.15552 -0.07709 4.18490 0 2.20000 -4.65000 4.13546 0.10222 13
-1.11398 0.12108 61.95989 0 -3.67500 33.75000 41.55651 0.15125 13
-1.14817 -0.27916 61.95989 0 8.40000 34.77500 41.55651 0.15587 13
-0.68468 0.14518 78.78377 0 -4.37500 19.35000 65.22181 0.12291 -13
-0.69906 -0.25375 78.78377 0 7.65000 19.77500 65.22181 0.12550 -13
-1.17205 0.02205 17.00990 0 -0.62500 33.42500 11.04208 0.15517 -13
1.42065 -0.21292 62.91369 0 6.45000 -41.40000 36.74969 0.17628 -13
-0.15548 0.03589 35.51446 0 -1.10000 6.67500 35.09332 0.10198 13
-0.29178 -0.07032 63.16678 0 2.12500 11.00000 60.65019 0.10514 -13
-0.78888 -0.05633 9.49637 0 1.62500 25.45000 7.46050 0.12838 13
-0.35678 -0.00956 75.41714 0 0.30000 12.95000 71.03197 0.10693 -13
0.94595 0.14570 39.69748 0 -4.37500 -29.07500 28.98118 0.13938 -13
0.96561 -0.25326 39.69748 0 7.65000 -29.67500 28.98118 0.14231 -13
-0.99221 -0.17157 43.83401 0 5.20000 27.92500 31.33894 0.14293 -13
1.27676 0.09765 85.84510 0 -2.92500 -38.05000 53.08900 0.16360 -13
0.55643 -0.01939 87.31703 0 0.60000 -15.77500 76.30396 0.11526 -13
0.18852 0.01363 14.64909 0 -0.45000 -4.95000 14.39559 0.10249 13
0.70039 0.03700 54.19659 0 -1.10000 -19.67500 44.40138 0.12300 -13
-0.11126 -0.02136 70.16994 0 0.62500 4.17500 69.73979 0.10135 13
-0.16883 0.13642 95.52246 0 -4.12500 4.75000 94.21343 0.10305 13
-0.17298 -0.26295 95.52246 0 7.92500 4.87500 94.21343 0.10557 13
0.22858 -0.09784 78.73987 0 2.95000 -6.82500 76.77824 0.10377 13
-1.07695 -0.21455 35.63296 0 6.45000 32.32500 24.53797 0.14954 13
1.01287 0.12195 14.79999 0 -3.62500 -29.60000 10.43722 0.14383 -13
1.04363 -0.27808 14.79999 0 8.45000 -30.55000 10.43722 0.14829 -13
-0.76924 0.06344 88.85563 0 -1.90000 26.17500 70.48108 0.12721 -13
0.12568 0.11015 8.88928 0 -3.27500 -0.77500 8.82072 0.10209 -13
0.83862 -0.10094 99.59235 0 3.05000 -25.92500 76.46976 0.13181 13
0.45729 0.03265 26.35681 0 -1.00000 -13.70000 23.97174 0.11078 13
-0.83387 -0.10279 55.32269 0 3.10000 24.77500 42.58049 0.13154 -13
0.18810 0.09062 21.60903 0 -2.75000 -4.12500 21.23972 0.10288 13
-0.21351 -0.22361 25.48243 0 6.77500 4.85000 24.94666 0.10543 -13
1.52347 0.02315 5.20646 0 -0.52500 -48.90000 2.85757 0.18355 -13
-0.73822 -0.02273 53.56157 0 0.70000 20.90000 43.09567 0.12519 -13
1.00550 0.12885 47.53169 0 -3.87500 -30.95000 33.65580 0.14339 -13
1.03317 -0.27082 47.53169 0 8.17500 -31.77500 33.65580 0.14736 -13
-1.50852 -0.04895 42.00583 0 1.45000 42.92500 23.22931 0.18232 13
-1.87666 -0.00027 39.48351 0 0.02500 55.05000 18.56763 0.21415 -13
-0.33149 0.01029 18.90452 0 -0.32500 11.02500 17.94441 0.10610 13
0.33886 -0.16005 27.67511 0 4.80000 -11.52500 26.24498 0.10753 13
-0.50549 -0.15905 1.83232 0 4.50000 13.22500 1.63916 0.11400 13
0.65858 0.10562 29.35296 0 -3.20000 -18.42500 24.55538 0.12106 13
0.66553 -0.24195 71.91645 0 7.30000 -18.15000 60.38405 0.12340 -13
0.21998 -0.23199 44.27536 0 7.00000 -6.25000 43.29254 0.10573 -13
1.04830 0.09868 14.06364 0 -2.92500 -31.62500 9.73247 0.14621 -13
-1.25019 0.06078 92.87453 0 -1.85000 38.02500 58.07799 0.16134 13
0.05304 -0.17838 90.71658 0 5.37500 -0.82500 90.59316 0.10244 -13
0.33044 -0.01894 62.63017 0 0.57500 -9.70000 59.46869 0.10608 -13
1.52420 -0.15343 99.00977 0 4.62500 -43.55000 54.75493 0.18422 13
0.49491 -0.17187 27.36282 0 5.17500 -13.27500 24.59321 0.11368 13
1.26777 -0.11000 69.84971 0 3.32500 -38.30000 43.41943 0.16299 -13
-1.28611 0.02369 96.48971 0 -0.72500 37.77500 59.23777 0.16408 13
-0.61270 0.00019 39.45599 0 -0.02500 20.87500 33.64336 0.11810 13
0.87054 -0.15926 37.81389 0 4.82500 -25.70000 28.67458 0.13448 -13
0.38948 -0.05628 53.96780 0 1.70000 -10.95000 50.29875 0.10822 -13
0.56319 -0.08573 78.45137 0 2.60000 -18.22500 68.41627 0.11590 -13
-0.64158 0.04004 42.77742 0 -1.22500 16.97500 36.01257 0.11972 13
0.35964 -0.05580 26.11952 0 1.70000 -9.12500 24.58273 0.10717 -13
-1.54636 0.03954 44.31674 0 -1.17500 47.32500 24.08007 0.18547 -13
-1.42634 0.04115 99.64632 0 -1.25000 43.85000 57.23580 0.17547 13
0.45731 0.14840 20.76831 0 -4.45000 -13.45000 18.92269 0.11172 -13
0.46631 -0.25040 20.76831 0 7.57500 -13.72500 18.92269 0.11396 -13
0.62644 0.05533 57.15912 0 -1.67500 -21.55000 48.46026 0.11896 13
0.85861 -0.15046 54.98946 0 4.52500 -24.87500 41.91764 0.13359 13
-1.35118 -0.15199 51.31611 0 4.57500 40.77500 30.75394 0.16995 13
1.72784 -0.00816 34.59843 0 0.27500 -53.12500 17.33104 0.20105 -13
-0.01692 -0.18461 68.13945 0 5.57500 -0.25000 68.13002 0.10242 -13
-1.12398 -0.24741 56.08730 0 7.47500 30.82500 37.89613 0.15356 -13
-0.11164 -0.00699 47.66495 0 0.22500 0.35000 47.37067 0.10133 -13
1.70097 0.10346 50.05091 0 -3.15000 -50.35000 25.46607 0.19899 13
1.23291 -0.16255 15.77455 0 4.95000 -39.70000 10.01534 0.16074 -13
1.35286 -0.12819 92.80408 0 3.85000 -41.25000 55.45658 0.16989 13
0.06754 -0.06043 13.24709 0 1.77500 -3.40000 13.21709 0.10111 13
-0.17072 -0.10081 28.41489 0 3.02500 5.22500 28.01360 0.10265 13
0.08920 -0.05626 21.55237 0 1.67500 -2.32500 21.46742 0.10126 13
0.61401 0.02777 39.95793 0 -0.82500 -17.75000 34.05503 0.11820 -13
0.18579 0.13000 41.25798 0 -3.92500 -4.17500 40.57514 0.10326 13
0.19082 -0.26970 41.25798 0 8.12500 -4.32500 40.57514 0.10605 13
-0.89832 -0.20673 82.12624 0 6.22500 26.27500 61.66165 0.13696 13
0.75341 0.13233 86.41068 0 -3.97500 -23.90000 69.23125 0.12678 -13
0.77310 -0.26722 86.41068 0 8.07500 -24.50000 69.23125 0.13011 -13
0.57099 -0.21443 21.47230 0 6.50000 -15.35000 18.74847 0.11798 -13
0.13697 -0.01955 53.74875 0 0.60000 -3.27500 53.25174 0.10166 -13
0.40081 0.12882 2.70298 0 -4.10000 -10.20000 2.51187 0.10945 13
0.41216 -0.27133 2.70298 0 7.95000 -10.50000 2.51187 0.11215 13
-0.23326 -0.14869 24.78538 0 4.50000 6.82500 24.15131 0.10450 -13
0.50534 -0.14069 66.14077 0 4.25000 -17.07500 59.14806 0.11372 -13
1.80711 0.12615 14.75577 0 -3.87500 -55.45000 7.18728 0.20845 13
1.85905 -0.27384 14.75577 0 8.20000 -56.97500 7.18728 0.21423 13
-0.30906 -0.06430 4.59721 0 2.05000 10.90000 4.39306 0.10565 -13
2.01552 0.05298 11.75221 0 -1.50000 -60.12500 5.22926 0.22660 -13
-0.12078 -0.02446 25.18185 0 0.72500 5.37500 25.00026 0.10146 13
-0.47831 -0.18147 78.06921 0 5.47500 15.57500 70.63766 0.11311 13
-0.01326 0.12177 97.89717 0 -3.67500 1.02500 97.88868 0.10145 -13
-0.01367 -0.27838 97.89717 0 8.40000 1.05000 97.88868 0.10455 -13
0.82079 -0.00387 83.81583 0 0.10000 -21.25000 64.78680 0.13029 13
1.58644 -0.12481 58.16961 0 3.77500 -48.02500 31.19107 0.18927 -13
1.91338 -0.19562 7.90298 0 6.02500 -57.37500 3.71480 0.21850 -13
-0.79480 -0.17444 80.46158 0 5.25000 23.30000 63.35293 0.12982 13
0.73393 -0.09037 35.30423 0 2.75000 -22.02500 28.50193 0.12525 -13
-0.87168 -0.23076 55.16812 0 6.95000 26.15000 42.04813 0.13559 13
2.00552 -0.21878 43.50066 0 6.57500 -62.07500 19.77620 0.22670 13
-0.79113 -0.05564 70.04221 0 1.70000 21.72500 54.96328 0.12854 -13
0.99186 0.10994 60.73244 0 -3.30000 -27.67500 43.24813 0.14227 -13
0.60797 0.07250 97.19284 0 -2.20000 -18.50000 83.10697 0.11808 13
-0.41429 -0.01867 80.24316 0 0.55000 9.15000 74.13482 0.10902 13
-1.34714 0.09645 24.50280 0 -2.87500 39.67500 14.64820 0.16921 -13
0.49307 -0.02091 5.03739 0 0.75000 -13.60000 4.51762 0.11235 -13
-0.24730 -0.21345 45.89022 0 6.45000 11.72500 44.60424 0.10595 -13
0.51450 -0.18324 35.31913 0 5.50000 -16.15000 31.51330 0.11473 13
0.19454 -0.21774 98.61197 0 6.57500 -5.05000 96.87716 0.10491 -13
0.98979 0.03882 5.93404 0 -1.27500 -29.40000 4.21913 0.14179 13
2.03575 0.01236 19.32101 0 -0.42500 -61.07500 8.51909 0.22842 13
0.41450 -0.15606 90.31163 0 4.70000 -11.57500 83.57480 0.11013 13
-0.53011 -0.09034 74.52689 0 2.72500 13.87500 65.90555 0.11434 13
0.24243 -0.12012 6.89472 0 3.55000 -7.22500 6.70334 0.10431 13
-2.04841 -0.00155 87.14519 0 0.05000 62.92500 38.23072 0.22956 -13
0.12014 -0.06200 16.86882 0 1.90000 -3.75000 16.74882 0.10163 -13
-0.25224 0.03709 15.77230 0 -1.15000 5.82500 15.29392 0.10393 13
0.23903 -0.09676 17.03050 0 2.95000 -6.22500 16.56808 0.10401 -13
-0.45950 0.00127 72.57915 0 -0.02500 13.00000 65.95009 0.11067 -13
-0.45950 0.00127 72.57915 0 -0.02500 13.00000 65.95009 0.11083 -13
1.58580 0.03466 59.28671 0 -1.05000 -49.87500 31.63710 0.18884 13
-0.51973 0.06768 54.02267 0 -2.02500 13.60000 47.95820 0.11369 -13
-1.10138 -0.09624 33.85605 0 2.87500 36.20000 22.81598 0.15011 13
-0.85532 0.10060 9.80134 0 -3.10000 26.17500 7.46392 0.13294 13
0.54291 0.06463 62.12413 0 -1.95000 -17.20000 54.62287 0.11477 13
0.27670 -0.04418 92.49330 0 1.35000 -8.57500 89.15002 0.10458 -13
-2.03602 -0.11089 49.22156 0 3.32500 60.20000 21.80637 0.22868 13
0.76537 -0.17668 22.88839 0 5.30000 -21.85000 18.27856 0.12803 13
0.96270 -0.00032 95.33534 0 -0.00000 -28.90000 68.68100 0.13978 13
-0.09893 -0.09426 7.94931 0 2.77500 4.62500 7.91099 0.10163 13
-0.09830 -0.17662 62.22709 0 5.32500 5.15000 61.93732 0.10274 -13
-1.26524 0.05452 65.71644 0 -1.65000 37.50000 40.78660 0.16250 13
2.09603 -0.15438 90.57929 0 4.65000 -62.22500 39.37763 0.23438 13
-0.62744 -0.02197 68.95005 0 0.65000 18.67500 58.40932 0.11890 13
-0.73883 0.11507 12.36311 0 -3.42500 19.07500 9.96670 0.12572 -13
1.31077 -0.05731 52.82172 0 1.75000 -40.85000 32.07240 0.16612 -13
-0.50775 -0.04176 26.77670 0 1.25000 16.70000 23.87961 0.11302 13
0.94840 -0.06371 45.40126 0 1.90000 -29.37500 32.97346 0.13894 13
1.98034 -0.00985 30.08630 0 0.32500 -61.20000 13.56257 0.22341 -13
-0.79975 0.01947 19.56948 0 -0.62500 27.07500 15.28412 0.12897 13
1.93544 -0.09396 37.91312 0 2.87500 -57.07500 17.46301 0.21962 -13
0.23744 -0.02126 6.04413 0 0.55000 -7.60000 5.88075 0.10353 13
0.25579 -0.09418 27.49423 0 2.85000 -9.05000 26.64392 0.10438 -13
1.15112 0.05615 87.21177 0 -1.70000 -32.42500 57.24575 0.15366 13
0.03585 -0.09409 66.26878 0 2.82500 -1.07500 66.22660 0.10121 13
1.48723 0.14617 22.16572 0 -4.45000 -47.00000 12.45834 0.18111 13
1.51794 -0.25279 22.16572 0 7.57500 -47.90000 12.45834 0.18475 13
1.02174 -0.00755 91.16350 0 0.22500 -33.52500 63.76695 0.14397 13
-0.43062 -0.13301 13.25693 0 3.97500 12.50000 12.19213 0.11044 13
-0.47109 -0.05358 93.56352 0 1.62500 15.47500 84.66382 0.11145 -13
-0.28532 -0.15472 56.71608 0 4.67500 6.52500 54.58764 0.10588 -13
-0.28651 -0.01200 70.56257 0 0.37500 6.85000 67.83359 0.10476 -13
0.50562 -0.18894 40.67645 0 5.72500 -16.17500 36.42828 0.11444 -13
-0.73121 0.09464 49.72034 0 -2.87500 20.95000 40.19710 0.12512 13
-0.73410 -0.10647 24.40322 0 3.20000 22.37500 19.71083 0.12538 13
-0.74107 0.00512 84.56130 0 -0.15000 23.20000 67.93925 0.12533 -13
1.00433 -0.18335 33.80029 0 5.50000 -32.35000 24.04569 0.14390 13
1.85210 0.02372 8.60681 0 -0.60000 -57.47500 4.08943 0.21200 -13
-2.00866 0.01806 25.62975 0 -0.50000 59.85000 11.42377 0.22595 -13
-1.05964 -0.12097 97.63729 0 3.65000 32.55000 67.26957 0.14722 13
-1.36065 -0.17121 65.18286 0 5.17500 40.92500 38.96358 0.17094 -13
