-0.93965 -0.09406 27.30816 0 2.82500 28.30000 19.94178 0.13850 13
1.78532 0.03987 74.71877 0 -1.22500 -56.17500 36.53558 0.20611 13
-1.54283 -0.17336 91.05404 0 5.22500 48.12500 50.04083 0.18596 13
-1.27308 0.14831 79.77213 0 -4.47500 37.85000 49.60795 0.16370 -13
-1.29821 -0.25052 79.77213 0 7.57500 38.62500 49.60795 0.16695 -13
0.26132 0.03429 45.16630 0 -1.02500 -5.35000 43.70034 0.10414 -13
-0.33561 0.03322 57.38135 0 -1.00000 10.75000 54.40262 0.10628 13
-0.25111 -0.08000 48.68801 0 2.42500 8.50000 47.23095 0.10414 -13
-0.44899 0.05544 92.96311 0 -1.67500 13.12500 84.82872 0.11052 13
-2.10242 0.07315 47.11581 0 -2.22500 61.10000 20.28146 0.23458 13
1.08819 -0.10534 30.86913 0 3.15000 -32.02500 20.95007 0.14919 13
1.77002 -0.04333 10.02161 0 1.20000 -53.50000 4.93303 0.20476 13
0.30635 -0.02350 11.73385 0 0.67500 -9.47500 11.21931 0.10535 13
-0.53207 -0.10977 40.98171 0 3.30000 15.25000 36.22694 0.11460 13
-0.75011 -0.20486 99.87870 0 6.17500 19.72500 80.48493 0.12757 -13
-0.16923 -0.05417 48.24084 0 1.62500 5.15000 47.56647 0.10228 13
-0.39616 0.11969 73.65968 0 -3.60000 11.07500 68.54713 0.10899 -13
-0.40855 -0.28060 73.65968 0 8.47500 11.45000 68.54713 0.11240 -13
-1.33902 0.11039 63.02808 0 -3.35000 39.90000 37.86018 0.16868 13
-0.40756 0.10354 46.44754 0 -3.12500 12.62500 43.04472 0.10925 13
-0.31158 -0.08333 50.58996 0 2.52500 10.27500 48.31413 0.10582 -13
0.00900 -0.14813 94.19564 0 4.47500 0.45000 94.19191 0.10180 -13
0.54615 0.14502 24.23917 0 -4.40000 -14.90000 21.32426 0.11568 13
0.55765 -0.25397 24.23917 0 7.62500 -15.22500 21.32426 0.11808 13
-0.22636 -0.08729 91.26730 0 2.65000 7.07500 89.03174 0.10363 -13
1.44032 -0.13486 46.12096 0 4.05000 -41.17500 26.46166 0.17710 13
-0.26801 -0.23709 65.78978 0 7.15000 8.12500 63.66051 0.10695 13
-1.36851 0.03337 5.45173 0 -0.85000 39.15000 3.21741 0.17074 -13
-1.00746 0.07667 71.75809 0 -2.32500 29.17500 50.62599 0.14316 13
0.42358 0.07029 88.35665 0 -2.12500 -14.67500 81.38944 0.10959 -13
1.11580 -0.00744 17.03661 0 0.17500 -33.50000 11.37026 0.15090 13
0.24464 -0.08584 58.24631 0 2.60000 -5.32500 56.58951 0.10403 -13
-1.27332 -0.10284 95.24086 0 3.10000 38.12500 59.01681 0.16338 -13
1.45444 -0.00509 75.46323 0 0.17500 -44.72500 42.75467 0.17774 -13
-0.16325 -0.09001 28.58643 0 2.70000 5.20000 28.21588 0.10244 13
-2.03145 -0.11674 52.88095 0 3.50000 58.40000 23.48188 0.22830 13
-0.93247 -0.24535 20.30849 0 7.37500 27.57500 15.05337 0.13985 13
-1.93755 0.14265 3.82459 0 -4.02500 58.85000 1.76797 0.21986 -13
-1.97899 -0.25611 3.82459 0 8.02500 60.35000 1.76797 0.22552 -13
1.59435 -0.12969 93.25965 0 3.90000 -43.62500 49.84990 0.18996 13
-1.09205 0.11368 37.40867 0 -3.40000 32.92500 25.35124 0.14955 -13
-0.45992 0.12876 61.43639 0 -3.90000 13.92500 55.89534 0.11161 13
-0.47262 -0.27102 61.43639 0 8.17500 14.30000 55.89534 0.11467 13
0.02670 0.11612 77.91473 0 -3.50000 -0.60000 77.88734 0.10142 13
0.70726 -0.10475 17.53161 0 3.20000 -21.87500 14.33950 0.12381 -13
-0.52907 -0.19553 96.50325 0 5.90000 16.30000 85.64586 0.11561 13
1.82595 -0.08932 54.23925 0 2.67500 -53.80000 26.13265 0.20984 13
0.37427 -0.03846 71.91125 0 1.15000 -11.02500 67.35488 0.10760 13
-0.22921 0.09589 61.44912 0 -2.87500 7.77500 59.90951 0.10377 -13
1.98105 0.04549 78.59737 0 -1.35000 -60.27500 35.44645 0.22353 -13
-0.25467 0.05857 93.83835 0 -1.75000 7.17500 90.94525 0.10409 -13
-0.09958 -0.11734 78.95582 0 3.52500 3.82500 78.57245 0.10189 13
-1.60549 -0.03167 23.05436 0 0.92500 46.07500 12.19304 0.19049 13
0.07226 -0.01536 49.26656 0 0.47500 -0.87500 49.13845 0.10098 -13
-0.05522 -0.23565 11.91601 0 7.15000 0.12500 11.89882 0.10365 -13
-0.09201 0.00974 5.71347 0 -0.37500 1.22500 5.68940 0.10116 13
-0.25372 -0.09421 83.87294 0 2.82500 6.92500 81.31865 0.10433 13
0.49253 0.03156 41.53939 0 -0.97500 -14.57500 37.26831 0.11231 13
0.24911 0.14410 6.65294 0 -4.27500 -5.20000 6.45953 0.10476 -13
0.25446 -0.25473 6.65294 0 7.77500 -5.35000 6.45953 0.10711 -13
-0.54344 0.00769 96.45922 0 -0.22500 14.90000 84.75337 0.11462 13
-2.04307 0.08775 24.02515 0 -2.70000 60.47500 10.59569 0.22926 13
-0.32413 0.13596 29.84849 0 -4.07500 9.47500 28.41863 0.10674 -13
-0.33211 -0.26343 29.84849 0 7.97500 9.70000 28.41863 0.10940 -13
1.03181 0.12251 40.34921 0 -3.70000 -32.20000 28.19064 0.14522 13
1.06289 -0.27770 40.34921 0 8.35000 -33.12500 28.19064 0.14957 13
1.49319 0.06522 24.36415 0 -1.92500 -49.02500 13.57701 0.18108 -13
0.48563 -0.11929 17.54095 0 3.62500 -11.82500 15.79995 0.11261 -13
0.54642 0.04538 7.25860 0 -1.45000 -16.67500 6.37098 0.11487 13
0.22973 -0.08820 49.30760 0 2.65000 -8.37500 48.06515 0.10370 13
0.77045 -0.04969 92.99540 0 1.50000 -24.82500 73.70065 0.12722 13
0.03702 0.07337 82.05915 0 -2.22500 -1.22500 82.00328 0.10104 13
1.60321 -0.05914 19.55759 0 1.72500 -49.45000 10.36351 0.19036 13
-0.70769 0.00126 52.15493 0 -0.05000 21.02500 42.57258 0.12337 13
2.10639 -0.10673 49.28605 0 3.20000 -62.47500 21.23526 0.23504 13
-1.29739 -0.12487 98.96230 0 3.77500 39.45000 60.70792 0.16544 -13
-0.27903 0.12678 7.52978 0 -3.75000 9.50000 7.25712 0.10530 -13
-0.28694 -0.27294 7.52978 0 8.30000 9.75000 7.25712 0.10838 -13
0.35486 0.10611 54.78866 0 -3.20000 -10.97500 51.66598 0.10739 -13
1.22006 -0.09047 4.83161 0 2.57500 -38.82500 3.07031 0.15908 13
-0.98146 0.00253 80.61966 0 -0.07500 31.90000 57.53773 0.14110 13
-0.65189 0.05255 51.81678 0 -1.57500 18.42500 43.42549 0.12032 -13
0.28612 -0.10777 64.68369 0 3.25000 -10.67500 62.21518 0.10530 13
1.59623 0.01549 23.10598 0 -0.42500 -46.75000 12.26731 0.18970 -13
-1.46493 0.14243 45.50398 0 -4.27500 41.87500 25.83174 0.17917 -13
-1.49726 -0.25656 45.50398 0 7.75000 42.87500 25.83174 0.18317 -13
-0.24611 -0.15048 95.95205 0 4.52500 8.40000 93.23092 0.10481 13
-0.36966 -0.06237 12.45579 0 1.85000 10.05000 11.68576 0.10754 13
0.51011 0.03217 3.72325 0 -1.12500 -14.02500 3.31704 0.11316 13
-1.99893 0.01142 84.85213 0 -0.35000 59.87500 37.96493 0.22509 13
1.09702 -0.10063 82.31252 0 3.02500 -33.87500 55.60352 0.14983 13
-0.12314 0.02365 55.28464 0 -0.72500 1.50000 54.87039 0.10149 13
-1.52151 0.13306 96.93117 0 -4.00000 45.52500 53.56401 0.18383 -13
-1.56081 -0.26644 96.93117 0 8.05000 46.72500 53.56401 0.18861 -13
-0.59226 -0.01390 82.15164 0 0.40000 17.75000 70.68627 0.11705 13
0.79500 -0.16922 49.79138 0 5.12500 -25.27500 39.18703 0.12978 -13
-0.75427 -0.14910 60.63747 0 4.47500 20.90000 48.60402 0.12702 13
0.10630 0.11449 63.36509 0 -3.45000 -2.37500 63.01468 0.10192 -13
0.15707 -0.09157 71.24783 0 2.75000 -3.35000 70.39202 0.10235 13
-1.19295 -0.20920 18.62109 0 6.35000 32.37500 12.11208 0.15822 -13
-1.96172 -0.16679 61.22882 0 5.05000 59.30000 28.11179 0.22238 -13
0.60058 -0.15793 87.53342 0 4.77500 -19.35000 75.28333 0.11855 -13
-0.50328 0.12530 46.34272 0 -3.80000 15.35000 41.46056 0.11345 13
-0.51787 -0.27469 46.34272 0 8.27500 15.77500 41.46056 0.11672 13
-0.31198 -0.09326 49.44037 0 2.80000 7.17500 47.21483 0.10590 13
1.62929 0.01088 4.81180 0 -0.12500 -47.97500 2.51737 0.19253 -13
-0.10022 -0.11702 80.43696 0 3.52500 2.90000 80.04144 0.10189 13
0.02483 -0.03294 79.17062 0 1.00000 2.40000 79.14627 0.10079 -13
0.57883 0.08246 3.88526 0 -2.62500 -16.82500 3.36527 0.11675 13
-1.51448 0.13878 58.87149 0 -4.17500 43.30000 32.65462 0.18328 -13
-1.55012 -0.26043 58.87149 0 7.87500 44.37500 32.65462 0.18763 -13
1.54984 -0.10187 79.54910 0 3.05000 -47.12500 43.28620 0.18602 13
0.98341 0.08373 35.84129 0 -2.50000 -27.97500 25.59876 0.14148 -13
-0.22099 -0.18050 2.43517 0 5.22500 5.22500 2.37946 0.10469 13
-0.75141 -0.22506 64.70663 0 6.77500 24.85000 52.18633 0.12799 13
-1.07934 -0.08209 95.38027 0 2.47500 32.05000 64.94050 0.14840 13
-0.19990 -0.08877 46.93768 0 2.70000 6.67500 46.03402 0.10309 -13
-1.28506 0.08316 59.68131 0 -2.52500 40.02500 36.73119 0.16419 13
-0.91491 0.01038 20.80216 0 -0.35000 26.65000 15.34797 0.13650 13
0.02339 -0.12127 41.35756 0 3.67500 -1.50000 41.34640 0.10147 -13
-1.01484 -0.24813 77.54264 0 7.47500 30.52500 55.24460 0.14563 13
-2.18716 0.07327 23.67487 0 -2.25000 64.12500 9.86680 0.24231 13
-0.18775 -0.12857 55.28794 0 3.87500 4.70000 54.35359 0.10327 13
-1.30276 -0.12616 82.76803 0 3.80000 37.37500 50.64662 0.16587 13
0.12571 -0.04714 77.55955 0 1.42500 -2.57500 76.95516 0.10161 -13
-1.43717 0.10921 51.89638 0 -3.27500 44.07500 29.75954 0.17665 -13
-0.01292 0.06906 72.90004 0 -2.07500 0.30000 72.89399 0.10095 -13
-1.14896 -0.21190 21.34762 0 6.42500 37.75000 14.18930 0.15492 -13
-0.34433 -0.10849 29.50861 0 3.30000 9.40000 27.91798 0.10707 -13
1.50937 -0.06909 31.77895 0 2.05000 -45.35000 17.58048 0.18245 13
-0.20549 -0.04774 11.49116 0 1.40000 6.25000 11.25648 0.10292 13
-0.48237 -0.05482 47.82607 0 1.65000 13.60000 43.08859 0.11194 13
-0.28553 0.13952 35.46664 0 -4.22500 7.90000 34.12846 0.10567 13
-0.29216 -0.25972 35.46664 0 7.82500 8.10000 34.12846 0.10811 13
-0.50691 0.13567 88.88096 0 -4.07500 16.17500 79.42321 0.11372 -13
-0.51948 -0.26372 88.88096 0 7.95000 16.55000 79.42321 0.11655 -13
1.46536 0.14975 33.88195 0 -4.50000 -43.42500 19.24288 0.17927 -13
1.49350 -0.24899 33.88195 0 7.55000 -44.27500 19.24288 0.18276 -13
1.59196 -0.12700 1.11354 0 3.00000 -47.90000 0.59500 0.19027 13
-0.77483 -0.01514 13.32633 0 0.50000 21.57500 10.53489 0.12741 -13
-0.06615 0.03573 50.63522 0 -1.07500 3.62500 50.52493 0.10098 13
0.00005 -0.13985 27.92645 0 4.20000 0.20000 27.92645 0.10168 13
-0.70085 0.08962 96.31254 0 -2.70000 20.67500 78.97477 0.12331 13
-0.24888 -0.13947 51.57938 0 4.20000 6.57500 50.08039 0.10471 13
-0.26166 -0.12945 24.70132 0 3.87500 7.15000 23.90945 0.10490 13
0.04788 0.00097 32.08683 0 -0.05000 0.02500 32.05012 0.10081 13
-0.49663 -0.19735 88.90068 0 5.95000 16.32500 79.91905 0.11419 -13
0.23009 0.02883 48.45679 0 -0.85000 -6.95000 47.22390 0.10337 -13
0.21695 0.03153 44.08785 0 -0.95000 -10.02500 43.08649 0.10310 13
0.41383 -0.21273 98.87152 0 6.42500 -14.42500 91.64813 0.11107 -13
-0.86909 -0.19031 71.22622 0 5.75000 25.92500 54.16923 0.13480 -13
-1.52413 -0.14520 70.17303 0 4.37500 47.55000 38.77686 0.18414 13
-0.28561 0.01397 44.50881 0 -0.42500 8.17500 42.79787 0.10474 13
-1.19182 -0.06549 20.99637 0 1.95000 38.40000 13.51292 0.15680 13
-0.17124 -0.00370 19.11125 0 0.07500 3.27500 18.83705 0.10217 13
1.11917 -0.13896 34.50492 0 4.22500 -31.82500 23.11239 0.15180 -13
-0.35035 0.12471 23.23232 0 -3.75000 8.20000 21.94404 0.10743 -13
-0.36054 -0.27523 23.23232 0 8.32500 8.50000 21.94404 0.11060 -13
0.18360 0.11045 44.05382 0 -3.32500 -6.20000 43.33811 0.10299 -13
0.46819 0.06924 17.88060 0 -2.12500 -12.80000 16.20076 0.11142 13
-0.40938 0.13344 73.44361 0 -4.02500 10.12500 68.05417 0.10965 13
-0.41989 -0.26607 73.44361 0 8.02500 10.42500 68.05417 0.11245 13
1.55933 0.13578 77.19797 0 -4.07500 -46.27500 41.94350 0.18704 -13
1.59796 -0.26361 77.19797 0 7.97500 -47.45000 41.94350 0.19170 -13
0.51617 -0.08025 34.55457 0 2.45000 -16.17500 30.72602 0.11362 -13
-1.47461 -0.20197 44.55733 0 6.07500 43.07500 25.35166 0.18054 13
-1.65642 -0.14443 14.55386 0 4.30000 48.85000 7.57826 0.19535 13
-0.93356 0.10385 65.54295 0 -3.12500 27.67500 48.02941 0.13815 -13
0.45125 -0.07590 5.47180 0 2.20000 -11.50000 4.99010 0.11073 13
-1.85079 0.14437 71.62553 0 -4.37500 57.90000 34.32090 0.21235 13
-1.89032 -0.25467 71.62553 0 7.67500 59.10000 34.32090 0.21684 13
0.80978 0.11442 41.34797 0 -3.42500 -25.30000 32.21631 0.13008 -13
0.09995 0.03129 47.57238 0 -0.92500 -3.35000 47.33680 0.10125 -13
-0.75601 -0.13871 29.74989 0 4.20000 22.92500 23.81311 0.12703 -13
-0.91460 -0.16420 97.37273 0 4.95000 28.25000 72.28620 0.13747 13
-0.86991 -0.15715 70.51778 0 4.72500 25.32500 53.48193 0.13440 13
-1.77405 -0.14362 62.61608 0 4.35000 56.47500 30.98559 0.20561 -13
1.09563 -0.04207 56.75494 0 1.25000 -33.22500 38.27889 0.14944 13
1.17397 -0.14890 11.48770 0 4.55000 -32.05000 7.49609 0.15609 -13
-0.88364 -0.07686 94.20902 0 2.32500 26.12500 70.68631 0.13461 -13
0.54102 -0.03066 18.13383 0 0.95000 -16.42500 15.95081 0.11453 -13
0.18230 -0.01862 70.90944 0 0.57500 -2.40000 69.76014 0.10238 -13
-1.34599 -0.10821 58.28539 0 3.25000 40.55000 34.89023 0.16920 13
0.02647 0.12276 39.67789 0 -3.70000 0.80000 39.66421 0.10148 -13
0.02726 -0.27733 39.67789 0 8.37500 0.77500 39.66421 0.10455 -13
-0.48025 -0.15431 85.69130 0 4.65000 14.92500 77.41413 0.11279 -13
0.31561 -0.11797 23.45031 0 3.57500 -11.10000 22.37681 0.10628 -13
0.20542 -0.04962 59.85852 0 1.50000 -7.45000 58.63723 0.10293 13
-0.36561 -0.08310 67.14090 0 2.52500 11.47500 63.08437 0.10755 -13
-0.77227 0.11379 18.59484 0 -3.47500 22.92500 14.75243 0.12776 13
-0.84750 0.00423 3.31544 0 -0.32500 26.87500 2.52934 0.13208 13
-1.27859 -0.01967 68.61175 0 0.57500 39.25000 42.27439 0.16347 13
0.71867 -0.06488 65.50964 0 1.95000 -21.50000 53.23506 0.12418 13
1.07237 -0.12972 56.70527 0 3.90000 -32.95000 38.84518 0.14823 13
0.77577 -0.11657 40.52872 0 3.50000 -22.70000 32.10369 0.12799 13
1.58999 -0.13514 19.63688 0 4.12500 -47.15000 10.52346 0.18966 -13
-1.22451 -0.24530 31.89088 0 7.42500 38.87500 20.52395 0.16115 -13
-0.93772 -0.07272 55.04979 0 2.20000 28.35000 40.20570 0.13825 -13
-0.41439 -0.09338 55.13843 0 2.80000 14.57500 50.97044 0.10941 13
-0.72218 0.02487 29.65736 0 -0.72500 22.10000 24.04537 0.12425 -13
-0.12912 -0.13130 61.64959 0 3.95000 5.37500 61.15053 0.10239 13
-0.54479 -0.24735 17.20362 0 7.42500 15.60000 15.20802 0.11732 13
0.89975 -0.13189 11.99483 0 4.02500 -26.97500 8.95117 0.13615 -13
0.16885 0.04469 24.93030 0 -1.32500 -4.52500 24.58300 0.10223 -13
0.16008 0.03612 7.72979 0 -1.15000 -4.20000 7.63269 0.10207 13
1.58043 0.03208 56.38340 0 -0.97500 -46.67500 30.15900 0.18837 13
0.13238 0.04514 44.21791 0 -1.37500 -6.55000 43.83620 0.10168 13
-0.80333 0.02507 46.41723 0 -0.75000 24.20000 36.19116 0.12919 -13
0.68922 0.03340 12.30121 0 -1.05000 -19.80000 10.13023 0.12236 13
-0.48286 -0.02842 91.67804 0 0.87500 16.35000 82.56362 0.11187 -13
1.76024 -0.10092 38.09449 0 3.02500 -55.82500 18.88877 0.20411 13
-1.52277 -0.07343 35.28415 0 2.25000 44.75000 19.40449 0.18362 -13
1.80947 0.13202 37.99802 0 -3.95000 -53.85000 18.50071 0.20859 -13
1.85692 -0.26747 37.99802 0 8.10000 -55.30000 18.50071 0.21415 -13
0.43127 -0.08994 97.84216 0 2.72500 -12.50000 89.89955 0.11005 -13
-0.65595 -0.17991 90.51794 0 5.42500 18.62500 76.04701 0.12179 -13
1.02646 -0.17979 82.87173 0 5.42500 -29.77500 58.29906 0.14545 -13
0.22782 0.10671 99.38333 0 -3.22500 -6.62500 96.92719 0.10384 13
0.21253 0.10901 73.65235 0 -3.30000 -8.75000 72.06138 0.10354 13
0.71185 0.05992 10.69460 0 -1.85000 -24.00000 8.71785 0.12378 13
0.20739 -0.22002 67.32137 0 6.65000 -4.37500 65.98135 0.10521 -13
-1.03868 0.11359 90.83322 0 -3.42500 31.55000 63.20814 0.14564 -13
1.63208 -0.24482 96.20727 0 7.40000 -49.50000 51.32878 0.19434 -13
1.84640 -0.21302 44.39826 0 6.40000 -54.50000 21.50847 0.21251 13
-0.28021 -0.21591 79.39147 0 6.52500 8.82500 76.57100 0.10683 -13
0.61473 -0.24685 9.40191 0 7.52500 -22.37500 8.07362 0.12086 -13
-0.17360 0.11815 67.11891 0 -3.57500 9.47500 66.14325 0.10290 13
0.77530 -0.13799 17.41491 0 4.20000 -23.20000 13.81122 0.12821 -13
-0.50950 -0.11908 53.78570 0 3.57500 17.12500 47.99326 0.11365 13
0.48502 -0.11484 13.43994 0 3.42500 -14.87500 12.10767 0.11250 13
1.77763 0.02342 52.15833 0 -0.72500 -51.15000 25.57745 0.20542 13
0.72075 0.11549 82.01974 0 -3.47500 -21.35000 66.68785 0.12467 -13
-1.06514 0.11365 15.37122 0 -3.37500 31.72500 10.55719 0.14754 -13
-0.94444 0.07731 51.41463 0 -2.32500 30.37500 37.43197 0.13873 -13
-0.89002 0.11853 24.48263 0 -3.55000 27.77500 18.34482 0.13532 -13
0.91137 -0.07927 67.75533 0 2.37500 -28.02500 50.14977 0.13648 13
1.10558 -0.03718 95.55352 0 1.12500 -34.12500 64.12239 0.15017 13
-0.73029 0.06129 89.98732 0 -1.85000 24.52500 72.71921 0.12485 -13
0.70899 0.10269 50.49961 0 -3.07500 -23.30000 41.26831 0.12388 -13
0.00936 0.05647 54.44187 0 -1.72500 -0.45000 54.43950 0.10087 13
1.87090 -0.19827 67.24313 0 6.00000 -57.67500 32.17426 0.21459 -13
-0.91840 -0.17807 97.06653 0 5.37500 28.92500 71.99894 0.13789 13
-0.26489 0.02290 79.50878 0 -0.67500 7.65000 76.85944 0.10420 -13
0.99189 -0.06774 77.25250 0 2.05000 -29.22500 54.90962 0.14201 -13
-0.50775 -0.06201 13.67105 0 1.82500 15.12500 12.19437 0.11311 13
-0.70885 -0.09549 28.76165 0 2.90000 20.87500 23.50012 0.12382 -13
0.74777 -0.01208 26.75270 0 0.40000 -23.57500 21.42552 0.12575 -13
0.27213 -0.22118 73.55537 0 6.67500 -11.00000 71.08873 0.10671 13
0.47948 0.12729 98.80616 0 -3.85000 -14.90000 89.22701 0.11242 13
0.49300 -0.27256 98.80616 0 8.22500 -15.30000 89.22701 0.11558 13
0.61617 -0.19733 54.37249 0 5.97500 -17.92500 46.53117 0.11995 -13
-0.26089 0.06440 48.87850 0 -1.92500 6.65000 47.30173 0.10427 -13
1.04123 0.02372 62.27719 0 -0.70000 -30.10000 43.14458 0.14540 -13
-1.91122 -0.00771 37.76681 0 0.25000 56.95000 17.50862 0.21723 -13
-0.19213 -0.24433 46.91083 0 7.37500 4.72500 46.11463 0.10547 -13
0.16726 -0.06820 60.40934 0 2.05000 -4.12500 59.58539 0.10233 13
0.46434 -0.13324 45.99757 0 4.00000 -15.35000 41.78423 0.11184 13
1.16307 -0.11742 96.69492 0 3.52500 -36.85000 63.28782 0.15491 13
-0.81978 0.00119 88.76375 0 -0.05000 24.55000 68.64569 0.13022 13
-0.45038 -0.15672 11.33810 0 4.77500 13.27500 10.35911 0.11160 -13
0.33550 -0.14382 16.57921 0 4.30000 -10.07500 15.73417 0.10719 13
-0.46650 -0.17608 6.04513 0 5.40000 11.70000 5.49304 0.11261 -13
0.57338 -0.04526 73.14117 0 1.37500 -16.32500 63.46705 0.11617 -13
-0.13369 -0.00643 30.19326 0 0.17500 2.22500 29.92701 0.10160 13
-0.32694 -0.05106 61.97330 0 1.52500 9.67500 58.91245 0.10607 13
0.27510 -0.02348 1.11974 0 1.17500 -8.67500 1.07964 0.10499 -13
-0.43375 0.02404 15.87391 0 -0.70000 15.75000 14.56383 0.10979 -13
-1.14712 -0.19422 15.22961 0 5.90000 34.42500 10.11276 0.15454 -13
-0.95908 0.12117 86.38148 0 -3.65000 29.15000 62.56030 0.14006 -13
-0.98850 -0.27902 86.38148 0 8.42500 30.05000 62.56030 0.14437 -13
0.60311 -0.02655 49.95657 0 0.80000 -18.87500 42.78281 0.11763 13
0.54957 -0.17018 42.13075 0 5.15000 -13.77500 37.04350 0.11619 -13
-0.06102 -0.18155 34.77695 0 5.47500 0.35000 34.71443 0.10253 13
1.72686 -0.01678 61.50369 0 0.52500 -52.42500 30.82396 0.20096 -13
-1.07830 -0.21317 71.64476 0 6.45000 30.90000 49.29740 0.14965 -13
-1.33274 0.03145 22.20067 0 -0.97500 39.92500 13.32884 0.16782 13
-0.69973 -0.13292 4.26635 0 3.87500 22.27500 3.50552 0.12360 13
-0.15608 -0.05560 78.50721 0 1.67500 9.12500 77.57090 0.10208 -13
-0.99790 0.03274 93.82890 0 -0.97500 30.22500 66.43455 0.14231 -13
1.19553 0.09191 53.86028 0 -2.75000 -32.47500 34.64212 0.15722 -13
1.04305 -0.00061 14.49311 0 -0.02500 -29.75000 10.03011 0.14553 13
0.05779 0.13300 49.83083 0 -4.00000 -3.50000 49.74924 0.10175 -13
0.05928 -0.26651 49.83083 0 8.05000 -3.52500 49.74924 0.10440 -13
1.93069 0.15018 19.56633 0 -4.47500 -59.40000 9.07879 0.21940 -13
1.96753 -0.24850 19.56633 0 7.55000 -60.55000 9.07879 0.22373 -13
1.37840 -0.08148 51.83084 0 2.45000 -44.85000 30.50207 0.17168 13
0.73457 -0.05482 55.06761 0 1.67500 -21.15000 44.40404 0.12508 -13
2.07664 -0.04646 3.11462 0 1.05000 -62.77500 1.35192 0.23228 13
-0.46092 0.08535 72.68759 0 -2.57500 16.87500 66.05473 0.11122 13
0.52190 -0.09367 70.15652 0 2.82500 -16.40000 62.25396 0.11398 13
1.11612 0.05414 33.09729 0 -1.65000 -33.40000 22.10404 0.15101 13
0.30277 -0.00112 57.34402 0 0.05000 -8.62500 54.88362 0.10522 -13
-0.50495 0.03298 43.73471 0 -1.00000 17.30000 39.04456 0.11286 13
1.12237 -0.10457 4.08540 0 2.97500 -33.07500 2.72595 0.15171 13
0.70841 0.06363 67.76490 0 -1.92500 -20.60000 55.33319 0.12358 13
0.32010 0.03605 52.00192 0 -1.10000 -10.47500 49.52943 0.10580 13
-0.50389 -0.16706 18.78156 0 5.07500 18.62500 16.81889 0.11403 -13
0.95542 0.04826 10.22765 0 -1.40000 -28.62500 7.39929 0.13935 -13
-0.66377 -0.16964 37.55305 0 5.10000 20.70000 31.42232 0.12206 13
-0.30359 -0.13668 94.93323 0 4.12500 7.52500 90.90976 0.10614 13
-0.11421 -0.21093 91.60104 0 6.37500 3.37500 91.03436 0.10356 -13
-1.49167 -0.12049 15.78414 0 3.70000 43.20000 8.83272 0.18130 -13
0.95684 -0.05299 43.26430 0 1.57500 -29.72500 31.28052 0.13948 13
-0.92536 0.05185 22.30758 0 -1.52500 28.25000 16.38301 0.13730 -13
-1.91633 0.09267 75.18321 0 -2.77500 57.60000 34.89865 0.21788 -13
0.55518 -0.11115 76.58256 0 3.35000 -18.02500 67.05222 0.11573 -13
1.24806 0.07338 85.57331 0 -2.20000 -37.45000 53.59552 0.16122 -13
0.27171 0.02539 10.40939 0 -0.82500 -7.47500 10.04534 0.10440 13
-1.13923 -0.00335 47.77355 0 0.12500 34.42500 31.51599 0.15265 -13
1.78684 -0.24368 19.90180 0 7.40000 -54.75000 9.93389 0.20774 -13
1.26845 0.07990 49.13817 0 -2.40000 -38.67500 30.48147 0.16285 -13
-1.09845 -0.15276 45.97521 0 4.62500 30.55000 31.14599 0.15038 -13
0.24332 0.01774 53.13000 0 -0.55000 -9.30000 51.62420 0.10366 13
-0.81932 -0.02906 39.70450 0 0.85000 25.42500 30.71775 0.13022 13
-0.35620 -0.02358 37.10355 0 0.70000 13.05000 34.95350 0.10693 13
-1.95818 0.01585 50.65992 0 -0.45000 61.25000 23.04203 0.22143 -13
-0.35542 -0.19503 26.86997 0 5.90000 11.75000 25.37084 0.10868 -13
-1.55134 -0.22737 76.76428 0 6.87500 46.90000 42.33222 0.18729 -13
-0.62388 -0.23263 5.20538 0 6.90000 20.82500 4.44848 0.12090 13
0.01524 0.12486 1.00932 0 -3.27500 -0.30000 1.00919 0.10187 -13
0.81991 0.11696 38.80657 0 -3.50000 -25.45000 30.09042 0.13075 -13
-0.30105 0.13175 45.19378 0 -3.95000 9.67500 43.30602 0.10599 -13
-0.30897 -0.26781 45.19378 0 8.10000 9.92500 43.30602 0.10881 -13
1.03761 -0.10624 52.30852 0 3.20000 -30.72500 36.40414 0.14551 13
0.40097 0.03095 54.07643 0 -0.92500 -12.12500 50.19513 0.10854 -13
0.22711 0.05560 7.78892 0 -1.62500 -8.07500 7.59607 0.10342 -13
1.06798 0.06022 61.31959 0 -1.80000 -32.05000 41.95164 0.14746 -13
1.74723 0.02663 40.32086 0 -0.82500 -53.52500 20.03464 0.20275 13
1.35020 -0.21461 45.59351 0 6.50000 -38.52500 27.52994 0.17059 -13
-0.22653 -0.13204 18.36002 0 4.00000 7.47500 17.91370 0.10412 -13
-1.32843 0.09055 56.66891 0 -2.75000 39.65000 34.17009 0.16770 13
-0.91479 0.02853 11.47246 0 -0.92500 25.52500 8.46653 0.13653 13
-0.23862 -0.21369 42.86294 0 6.42500 7.77500 41.74154 0.10574 13
-0.84909 -0.11858 86.77586 0 3.57500 26.70000 66.34015 0.13264 13
-1.31071 -0.10412 41.07194 0 3.12500 40.12500 24.99797 0.16634 13
-1.51372 -0.15920 35.87666 0 4.77500 46.95000 19.94746 0.18339 13
-0.39129 -0.04816 42.32902 0 1.47500 10.90000 39.42495 0.10824 -13
-1.57576 -0.03614 59.12738 0 1.10000 47.75000 31.69570 0.18798 -13
0.36287 -0.14899 3.95653 0 4.37500 -8.95000 3.72390 0.10815 13
-0.11454 -0.04253 44.63204 0 1.27500 3.25000 44.34264 0.10145 13
1.49333 0.09432 35.81375 0 -2.87500 -44.10000 19.98822 0.18125 13
0.40446 0.14009 64.01095 0 -4.22500 -12.17500 59.42162 0.10954 13
0.41377 -0.25910 64.01095 0 7.80000 -12.45000 59.42162 0.11205 13
0.90958 0.09957 75.54428 0 -3.00000 -28.00000 56.00891 0.13650 13
-0.34677 0.09150 84.85605 0 -2.75000 12.32500 80.20839 0.10698 -13
0.67450 -0.24415 4.51495 0 7.52500 -22.20000 3.77641 0.12411 -13
0.22700 -0.53644 4.51495 0 -4.42500 -21.77500 3.77641 0.12181 -13
-0.15643 0.15509 4.51495 0 -2.87500 -22.30000 3.77641 0.13058 -13
-0.61684 -0.88065 4.51495 0 -4.10000 -21.65000 3.77641 0.14031 -13
0.47968 2.84217 4.51495 0 -3.45000 -21.57500 3.77641 0.14341 -13
-21.99531 -2.97484 4.51495 0 -3.30000 -21.50000 3.77641 0.14451 -13
1.61588 -0.04940 4.51495 0 -3.30000 -21.47500 3.77641 0.14487 -13
-1.63478 0.09986 60.69210 0 -3.02500 50.07500 31.78536 0.19325 13
-0.31295 -0.02463 8.40613 0 0.67500 8.22500 8.02270 0.10555 13
0.68984 0.08439 84.45806 0 -2.55000 -20.52500 69.60039 0.12263 -13
0.05698 0.11174 73.61042 0 -3.37500 -3.50000 73.49269 0.10150 13
0.17201 -0.13387 57.42124 0 4.05000 -5.05000 56.60444 0.10307 -13
-0.13697 0.10191 49.33818 0 -3.07500 4.15000 48.88642 0.10215 -13
-0.25371 -0.18740 60.61801 0 5.65000 9.17500 58.81679 0.10560 -13
-0.43783 -0.15583 18.63970 0 4.67500 13.67500 17.10735 0.11103 13
-0.27672 -0.08692 79.57776 0 2.62500 8.00000 76.71596 0.10486 -13
1.85488 -0.11407 85.02400 0 3.42500 -56.05000 40.55045 0.21251 13
0.39056 -0.09485 97.49647 0 2.87500 -10.60000 90.86929 0.10853 -13
-1.50069 0.03803 37.27562 0 -1.12500 44.85000 20.68043 0.18164 -13
-0.80934 -0.08230 5.46082 0 2.60000 26.15000 4.25037 0.12989 -13
-1.62238 0.14677 64.53324 0 -4.42500 49.85000 34.12277 0.19248 -13
-1.65536 -0.25207 64.53324 0 7.62500 50.85000 34.12277 0.19643 -13
-1.35273 0.03584 25.39929 0 -1.05000 39.67500 15.10521 0.16943 -13
1.50861 0.13033 89.33768 0 -3.92500 -46.52500 49.64764 0.18273 -13
1.54928 -0.26935 89.33768 0 8.12500 -47.77500 49.64764 0.18768 -13
-0.71239 -0.17624 83.45221 0 5.32500 22.40000 68.31602 0.12492 -13
-0.20194 0.01584 8.16718 0 -0.55000 5.90000 8.00561 0.10276 13
-0.67731 0.07761 32.92660 0 -2.32500 20.72500 27.28752 0.12187 -13
-0.60026 -0.01389 32.66780 0 0.40000 16.52500 28.00993 0.11746 13
-1.34514 0.11628 78.98176 0 -3.52500 36.62500 47.32550 0.16920 13
-0.73482 0.04049 61.58134 0 -1.20000 26.05000 49.63840 0.12503 -13
-0.56630 -0.01445 5.49575 0 0.55000 16.22500 4.78239 0.11576 -13
-1.03614 -0.00247 13.41336 0 0.02500 33.85000 9.31490 0.14501 13
-0.02929 -0.03125 41.21375 0 0.92500 2.12500 41.19609 0.10079 13
-0.73420 0.12471 84.41300 0 -3.75000 22.27500 68.22572 0.12556 -13
-0.75566 -0.27526 84.41300 0 8.30000 22.92500 68.22572 0.12924 -13
-0.61243 -0.21098 64.80321 0 6.37500 18.35000 55.58747 0.11999 -13
-1.38710 -0.00979 62.26183 0 0.27500 40.72500 36.41197 0.17220 13
-0.30810 -0.07114 83.50966 0 2.15000 9.60000 79.82511 0.10562 -13
-0.66495 -0.04982 15.32100 0 1.47500 16.10000 12.76280 0.12103 13
-1.17866 -0.01098 61.80734 0 0.32500 35.02500 39.98722 0.15566 13
-1.01393 -0.07094 33.09606 0 2.12500 29.87500 23.26946 0.14358 13
0.61968 -0.05331 21.61363 0 1.62500 -19.55000 18.37936 0.11860 -13
-0.39693 -0.10734 41.07058 0 3.22500 10.22500 38.20280 0.10888 13
-0.30951 -0.19416 48.88508 0 5.87500 10.35000 46.77369 0.10722 -13
2.02891 -0.06467 6.03826 0 1.77500 -63.85000 2.67425 0.22781 13
-0.51119 -0.01211 77.87038 0 0.35000 16.70000 69.33741 0.11310 13
1.11031 -0.22741 52.13162 0 6.85000 -32.77500 35.37145 0.15219 13
0.72431 -0.16324 62.13661 0 4.92500 -22.87500 50.54905 0.12542 13
-0.42039 -0.18418 61.09142 0 5.57500 9.67500 56.45639 0.11081 -13
-0.07414 0.09897 37.23529 0 -2.97500 2.27500 37.13436 0.10147 -13
-0.25256 -0.05316 75.39904 0 1.60000 4.45000 73.10967 0.10400 13
0.03919 0.08031 53.83580 0 -2.42500 -0.07500 53.79477 0.10111 -13
0.95495 -0.20068 15.94207 0 6.10000 -26.47500 11.63754 0.14075 -13
0.30273 -0.08809 12.32835 0 2.62500 -9.92500 11.80347 0.10558 13
1.49398 0.01574 36.66057 0 -0.50000 -44.65000 20.39422 0.18106 13
1.67810 -0.24068 97.92243 0 7.27500 -51.22500 51.17177 0.19822 -13
0.54682 -0.00439 36.83079 0 0.15000 -14.90000 32.31502 0.11478 -13
-0.24348 0.02884 16.23631 0 -0.85000 6.80000 15.77578 0.10369 -13
-0.38814 -0.20670 63.69576 0 6.25000 10.55000 59.53971 0.11001 -13
0.64161 -0.02687 4.65675 0 0.95000 -18.07500 3.91979 0.11973 -13
0.14577 0.14365 37.58288 0 -4.35000 -7.42500 37.19759 0.10280 13
0.14893 -0.25539 37.58288 0 7.70000 -7.50000 37.19759 0.10500 13
0.05906 -0.04887 74.71770 0 1.47500 -0.92500 74.58806 0.10100 -13
0.99049 -0.15880 8.92750 0 4.70000 -28.27500 6.38146 0.14260 13
-0.99900 -0.19996 68.57376 0 6.02500 29.22500 48.98586 0.14376 13
1.71013 0.03400 48.09787 0 -1.05000 -50.22500 24.28956 0.19953 13
0.16466 0.00647 86.84712 0 -0.20000 -5.27500 85.69324 0.10206 13
-0.69239 0.14936 33.97070 0 -4.50000 20.62500 28.02851 0.12340 -13
-0.70579 -0.24939 33.97070 0 7.55000 21.02500 28.02851 0.12581 -13
-1.06835 -0.07782 61.33025 0 2.32500 33.17500 41.97869 0.14757 13
-1.54230 -0.06141 64.50119 0 1.85000 46.40000 35.13714 0.18521 13
0.76697 -0.14231 83.90584 0 4.27500 -23.82500 66.82488 0.12771 13
-0.10889 -0.21160 90.09718 0 6.40000 2.77500 89.59025 0.10352 -13
0.65642 0.11064 55.06119 0 -3.35000 -17.92500 46.11434 0.12098 13
1.48538 -0.09673 4.66537 0 2.72500 -45.52500 2.61360 0.18054 13
0.90132 -0.03902 89.40475 0 1.17500 -25.92500 66.43309 0.13563 13
0.82900 0.11075 10.95712 0 -3.27500 -26.05000 8.45641 0.13126 -13
1.80046 -0.16060 99.11395 0 4.85000 -54.50000 48.59355 0.20804 -13
0.58945 0.00227 58.34685 0 -0.05000 -16.85000 50.26461 0.11690 -13
-1.39558 -0.19396 2.75235 0 5.52500 44.87500 1.62329 0.17372 13
1.91880 0.09136 36.57825 0 -2.77500 -59.17500 16.95988 0.21812 13
0.12218 0.09071 42.58130 0 -2.72500 -4.10000 42.26963 0.10187 -13
-1.45630 0.10361 57.02984 0 -3.15000 44.90000 32.40023 0.17821 13
0.06610 0.09858 37.53602 0 -2.95000 -1.85000 37.45504 0.10141 -13
-0.04833 -0.03831 19.64213 0 1.17500 1.82500 19.61928 0.10090 -13
1.45474 0.14314 61.53020 0 -4.32500 -44.30000 35.09569 0.17836 13
1.48641 -0.25589 61.53020 0 7.70000 -45.25000 35.09569 0.18221 13
-1.94893 -0.12056 93.65762 0 3.62500 57.50000 42.99997 0.22092 13
0.52503 0.10840 15.61912 0 -3.22500 -15.22500 13.84655 0.11425 -13
0.77807 -0.07839 39.54332 0 2.35000 -23.20000 31.24522 0.12784 13
-0.52318 -0.23408 73.75262 0 7.05000 15.65000 65.71694 0.11607 13
1.06142 -0.17355 68.56066 0 5.25000 -32.00000 47.38281 0.14790 -13
-0.39269 -0.12304 68.20908 0 3.70000 9.40000 63.55280 0.10889 13
-0.50734 -0.16444 3.44940 0 4.80000 12.17500 3.08415 0.11410 13
-0.07945 0.07847 2.08309 0 -2.60000 3.95000 2.07654 0.10153 13
0.36651 0.01142 41.90604 0 -0.35000 -11.32500 39.34683 0.10726 13
-1.31482 -0.01471 71.92369 0 0.42500 38.20000 43.54307 0.16636 13
1.47029 0.02464 96.62290 0 -0.72500 -47.30000 54.35124 0.17909 -13
-0.43274 0.07615 92.16728 0 -2.30000 12.95000 84.62547 0.10999 -13
0.64544 0.08429 14.32025 0 -2.57500 -19.47500 12.04391 0.12018 13
2.16631 -0.12107 30.77991 0 3.70000 -63.52500 12.97711 0.24065 -13
1.87786 -0.01810 77.36468 0 0.52500 -52.27500 36.36800 0.21425 13
0.41112 0.07195 83.39001 0 -2.17500 -14.80000 77.15526 0.10912 -13
0.60499 -0.21765 84.23526 0 6.57500 -20.57500 72.51285 0.11973 -13
-0.45258 -0.00682 91.25466 0 0.20000 16.65000 83.13715 0.11054 -13
-0.14552 -0.10520 94.52352 0 3.17500 4.47500 93.54879 0.10231 -13
-0.31287 -0.14464 47.94267 0 4.37500 9.27500 45.79738 0.10652 -13
0.73780 0.05492 19.06281 0 -1.70000 -21.55000 15.34784 0.12528 13
-1.76735 0.10831 18.40271 0 -3.32500 53.62500 9.10279 0.20482 13
0.03224 0.07502 20.73254 0 -2.27500 1.80000 20.72183 0.10105 13
-0.18961 0.05360 60.27878 0 -1.62500 7.97500 59.22647 0.10264 13
1.27925 -0.06169 50.72884 0 1.85000 -39.50000 31.27866 0.16363 13
0.15230 -0.12714 48.41693 0 3.85000 -4.37500 47.87361 0.10267 -13
0.10207 -0.13281 10.36027 0 4.05000 -1.32500 10.30771 0.10213 -13
-0.62432 -0.08127 89.54401 0 2.45000 20.97500 76.02606 0.11900 -13
1.95260 0.03485 28.67260 0 -1.02500 -59.77500 13.07630 0.22094 -13
0.13621 0.02159 78.11975 0 -0.65000 -3.35000 77.40534 0.10166 -13
-0.41859 -0.12772 53.23351 0 3.85000 15.77500 49.16392 0.10992 13
0.72794 -0.08433 30.41230 0 2.57500 -23.25000 24.61771 0.12485 -13
0.84382 -0.04217 70.50569 0 1.27500 -23.75000 53.90500 0.13183 -13
0.61316 -0.08199 55.26416 0 2.47500 -18.42500 47.15607 0.11842 -13
-0.17161 -0.05447 26.41884 0 1.62500 6.35000 26.03930 0.10232 13
-0.05773 0.06032 7.00030 0 -1.75000 -0.60000 6.98870 0.10105 -13
0.30987 -0.06468 45.44500 0 1.95000 -7.32500 43.41668 0.10563 13
0.18210 0.00472 93.66425 0 -0.15000 -6.12500 92.14887 0.10236 13
0.91675 0.07386 92.46480 0 -2.22500 -28.47500 68.24277 0.13682 13
-1.90672 0.02686 56.40875 0 -0.82500 58.92500 26.20708 0.21684 13
1.41216 -0.00951 38.14301 0 0.27500 -43.17500 22.04419 0.17425 13
0.39062 -0.01235 64.92722 0 0.37500 -13.35000 60.47773 0.10812 13
0.35742 -0.04533 30.12433 0 1.35000 -9.15000 28.36994 0.10704 13
-0.27028 -0.19154 66.91584 0 5.77500 7.47500 64.67592 0.10608 13
-0.53311 0.13854 39.82148 0 -4.20000 16.05000 35.21353 0.11498 13
-0.54574 -0.26075 39.82148 0 7.85000 16.42500 35.21353 0.11767 13
0.01624 0.12407 46.01717 0 -3.75000 -3.27500 46.01120 0.10149 13
0.01674 -0.27598 46.01717 0 8.32500 -3.27500 46.01120 0.10447 13
0.02392 -0.18662 97.53409 0 5.62500 2.62500 97.50714 0.10248 -13
-1.97330 0.04982 92.18090 0 -1.52500 60.85000 41.70950 0.22284 13
-0.80665 -0.05746 73.77683 0 1.72500 22.50000 57.46078 0.12952 13
-1.76220 -0.10226 96.99092 0 3.10000 54.37500 48.05675 0.20431 -13
-0.27068 -0.13139 47.31844 0 3.97500 8.10000 45.70115 0.10517 -13
0.39298 0.11816 94.31566 0 -3.57500 -12.95000 87.86150 0.10885 13
-0.37010 -0.14159 90.15582 0 4.27500 12.17500 84.65108 0.10832 13
0.92541 0.09220 46.73491 0 -2.80000 -24.87500 34.36886 0.13752 13
-0.62724 -0.12049 82.58603 0 3.65000 18.20000 70.10427 0.11950 -13
0.85389 -0.14765 33.85736 0 4.42500 -25.67500 25.86440 0.13324 13
0.77018 -0.14773 43.71717 0 4.45000 -22.87500 34.77406 0.12797 13
0.56056 -0.09209 75.76793 0 2.77500 -15.72500 66.15906 0.11582 -13
-1.33423 -0.05147 26.38851 0 1.52500 40.67500 15.84007 0.16798 13
1.78856 -0.18526 26.46611 0 5.55000 -57.55000 13.08299 0.20714 13
0.52662 -0.05346 95.75087 0 1.60000 -15.10000 84.74721 0.11394 13
1.03577 -0.23977 7.58241 0 7.32500 -31.90000 5.34179 0.14712 -13
-0.06939 -0.00542 9.61283 0 0.22500 1.15000 9.58977 0.10095 -13
1.31846 0.08707 76.47039 0 -2.62500 -37.77500 46.32199 0.16687 -13
-1.79964 -0.22607 95.32270 0 6.82500 54.12500 47.18418 0.20859 -13
