1.12379 -0.13731 40.93753 0 4.12500 -34.40000 27.35484 0.15211 13
-0.83333 -0.04958 99.39884 0 1.50000 23.25000 76.39872 0.13119 -13
-0.63140 0.10117 56.11716 0 -3.05000 19.80000 47.51868 0.11954 13
-0.35507 0.09484 79.08717 0 -2.87500 12.70000 74.56600 0.10729 13
0.94834 -0.05387 16.84613 0 1.57500 -25.65000 12.23158 0.13889 13
0.62388 -0.19364 66.42005 0 5.85000 -17.97500 56.63988 0.12029 -13
-1.98186 -0.06227 49.58244 0 1.85000 61.85000 22.37035 0.22362 13
0.14207 -0.13852 95.89574 0 4.17500 -6.77500 94.96004 0.10267 13
-1.19551 -0.11462 35.24268 0 3.47500 36.37500 22.69853 0.15739 -13
-0.38955 -0.01026 60.02995 0 0.30000 11.72500 55.93597 0.10808 13
-0.46152 0.11799 15.25665 0 -3.60000 16.22500 13.86929 0.11156 13
-0.47628 -0.28250 15.25665 0 8.47500 16.65000 13.86929 0.11508 13
-0.69652 -0.13991 92.29137 0 4.22500 21.92500 75.97008 0.12353 -13
-0.63939 -0.10530 15.05181 0 3.12500 22.50000 12.70132 0.11998 13
-0.20319 0.10972 60.62435 0 -3.30000 4.80000 59.42437 0.10335 -13
-0.33156 -0.03051 90.99788 0 0.92500 9.07500 86.37790 0.10614 -13
1.09240 -0.22344 83.26264 0 6.72500 -34.05000 56.96202 0.15082 13
-1.98046 -0.09774 53.86129 0 2.97500 58.72500 24.36952 0.22365 -13
0.28975 0.14890 80.02756 0 -4.47500 -8.47500 76.93030 0.10591 -13
0.29541 -0.24989 80.02756 0 7.55000 -8.65000 76.93030 0.10798 -13
0.77557 -0.24114 64.94769 0 7.27500 -23.92500 51.85909 0.12975 -13
0.83769 -0.11751 36.14143 0 3.52500 -25.82500 27.78350 0.13189 13
0.54200 -0.02617 49.63292 0 0.80000 -16.05000 43.63912 0.11458 -13
-0.00687 0.02102 25.27107 0 -0.65000 2.22500 25.27047 0.10073 13
0.99441 0.07482 5.57733 0 -2.37500 -29.15000 3.96064 0.14228 13
-1.67027 0.02474 26.04500 0 -0.70000 49.77500 13.38141 0.19606 -13
0.67454 -0.15436 14.90570 0 4.70000 -18.95000 12.40252 0.12249 -13
0.45403 0.07372 92.35274 0 -2.22500 -11.02500 84.13030 0.11085 13
0.56782 -0.16200 57.58142 0 4.87500 -15.82500 50.22896 0.11694 13
-0.04280 0.11914 38.52767 0 -3.60000 -0.90000 38.49292 0.10151 13
-0.04416 -0.28119 38.52767 0 8.47500 -0.85000 38.49292 0.10469 13
0.87926 -0.21589 79.49752 0 6.50000 -27.25000 60.29017 0.13584 13
-0.19269 -0.03575 84.92545 0 1.07500 5.75000 83.39336 0.10262 -13
-0.47680 -0.01397 60.00419 0 0.42500 14.97500 54.16341 0.11157 -13
0.89129 -0.19223 11.12907 0 5.85000 -27.00000 8.37411 0.13634 -13
1.77290 -0.19810 36.33486 0 6.00000 -54.40000 18.11219 0.20598 -13
0.75677 -0.03588 55.99981 0 1.07500 -20.75000 44.66496 0.12634 13
-1.91581 0.00019 94.55368 0 -0.02500 58.82500 43.75292 0.21762 13
0.83068 -0.13726 90.06954 0 4.15000 -23.12500 69.54621 0.13165 -13
-0.31874 0.10595 33.14324 0 -3.22500 11.97500 31.59416 0.10624 13
0.11964 -0.12447 27.07824 0 3.72500 -1.47500 26.88943 0.10219 13
1.23806 -0.04404 19.24581 0 1.37500 -35.52500 12.10021 0.16034 -13
-0.45652 -0.03973 5.95790 0 1.10000 14.40000 5.42051 0.11078 13
-0.28583 0.08042 31.99529 0 -2.40000 8.07500 30.77076 0.10505 -13
-1.65999 0.06761 36.81367 0 -2.02500 47.85000 19.02836 0.19526 -13
-1.23975 -0.14014 96.92186 0 4.22500 36.65000 61.20835 0.16103 -13
0.44752 0.05191 11.81950 0 -1.62500 -13.35000 10.79080 0.11047 13
-0.62546 -0.20955 55.25377 0 6.32500 22.20000 47.12549 0.12064 -13
-1.07350 -0.12316 49.08754 0 3.72500 32.60000 33.59316 0.14827 -13
-0.25568 -0.24298 84.33912 0 7.32500 7.97500 81.85070 0.10679 -13
0.56493 0.12893 5.63770 0 -3.80000 -16.95000 4.91836 0.11637 -13
0.58055 -0.27074 5.63770 0 8.27500 -17.45000 4.91836 0.11972 -13
-1.80220 -0.02682 26.29902 0 0.85000 55.60000 12.76332 0.20758 -13
-0.89193 -0.00451 28.20657 0 0.10000 29.47500 21.05023 0.13493 13
0.45404 0.10518 95.05593 0 -3.17500 -13.22500 86.63342 0.11110 -13
0.69299 -0.01838 89.97278 0 0.55000 -20.25000 73.95554 0.12253 13
-0.76916 -0.01230 35.43457 0 0.40000 22.52500 28.08801 0.12705 -13
0.49847 -0.16980 30.11053 0 5.15000 -15.37500 27.02365 0.11382 -13
1.53529 -0.20344 43.41656 0 6.12500 -44.47500 24.03392 0.18562 13
-0.13405 0.06136 43.05884 0 -1.85000 4.77500 42.67845 0.10179 -13
-0.82370 -0.17368 38.01400 0 5.22500 23.60000 29.51681 0.13162 13
0.20828 -0.03878 58.76376 0 1.15000 -6.72500 57.53089 0.10294 13
-1.61360 -0.05785 51.97336 0 1.72500 48.12500 27.41129 0.19124 13
-0.96392 0.09202 40.39059 0 -2.75000 30.90000 29.13920 0.14017 -13
0.00951 -0.01937 29.60267 0 0.57500 -2.37500 29.60133 0.10072 13
0.18936 -0.24885 51.86304 0 7.50000 -6.60000 51.00903 0.10550 13
0.33026 -0.09854 54.23908 0 2.97500 -9.72500 51.52750 0.10652 -13
-1.16854 0.00243 81.93941 0 -0.07500 33.32500 53.27632 0.15488 13
-1.68357 0.05862 13.04066 0 -1.85000 52.30000 6.66782 0.19733 13
-1.84406 -0.00288 38.58717 0 0.05000 54.10000 18.39445 0.21125 13
0.49552 0.12215 24.89042 0 -3.67500 -13.87500 22.33509 0.11305 -13
0.51051 -0.27795 24.89042 0 8.40000 -14.32500 22.33509 0.11650 -13
-0.33225 0.01249 66.92338 0 -0.37500 8.35000 63.51028 0.10612 -13
0.23266 -0.23748 74.32919 0 7.15000 -4.22500 72.49511 0.10611 13
0.46883 -0.04107 70.60213 0 1.22500 -12.22500 63.93513 0.11130 13
-0.17067 -0.24834 93.58523 0 7.47500 4.57500 92.32729 0.10517 13
-0.38471 -0.21770 87.03243 0 6.57500 12.42500 81.46671 0.11011 -13
-1.42035 -0.10959 33.44243 0 3.32500 44.52500 19.32975 0.17529 -13
-0.65416 0.05230 39.27881 0 -1.57500 19.45000 32.88339 0.12045 -13
-1.08670 -0.23827 27.24105 0 7.22500 34.20000 18.72066 0.15068 -13
0.56945 -0.23292 5.36114 0 6.90000 -13.85000 4.68822 0.11816 13
-1.32384 -0.14880 90.87253 0 4.47500 40.30000 55.15457 0.16773 13
-2.06281 0.05409 15.75827 0 -1.70000 63.85000 6.88156 0.23099 13
-1.03686 -0.07011 51.62964 0 2.10000 31.22500 35.88667 0.14523 13
-1.33616 0.07587 59.86867 0 -2.30000 42.17500 35.93838 0.16824 13
-0.36156 0.10741 33.42443 0 -3.22500 7.95000 31.45373 0.10762 -13
-0.80998 0.04056 86.86839 0 -1.22500 23.67500 67.52472 0.12966 13
-0.63330 0.03727 70.61168 0 -1.12500 20.65000 59.66697 0.11926 -13
-0.07660 -0.07697 90.53459 0 2.32500 1.15000 90.27174 0.10130 13
-1.44776 -0.03145 45.40357 0 0.97500 43.05000 25.81302 0.17723 -13
0.79691 -0.16607 80.95745 0 5.00000 -22.42500 63.64492 0.12985 13
0.54395 0.00337 58.09385 0 -0.10000 -16.85000 51.03300 0.11464 -13
-0.72003 0.06074 90.95584 0 -1.82500 19.92500 73.85912 0.12424 -13
-0.19549 -0.24025 8.72964 0 7.17500 7.10000 8.57604 0.10538 13
0.23916 0.01262 95.22700 0 -0.37500 -7.10000 92.61550 0.10355 -13
-0.25475 -0.06715 5.28236 0 1.92500 8.42500 5.11955 0.10414 13
-0.14170 -0.04049 5.75120 0 1.12500 5.42500 5.69437 0.10180 13
1.54302 0.01067 80.89462 0 -0.30000 -43.30000 43.99700 0.18516 -13
1.02810 -0.05406 99.06786 0 1.65000 -32.97500 69.12633 0.14454 -13
-0.61347 -0.22169 84.76574 0 6.67500 21.40000 72.72035 0.12022 13
-0.22883 0.01703 14.72400 0 -0.47500 5.22500 14.35309 0.10332 -13
-0.35908 -0.02473 14.35961 0 0.77500 7.72500 13.51523 0.10704 -13
1.76013 0.05657 99.49276 0 -1.70000 -53.70000 49.20707 0.20393 -13
-1.24952 -0.19310 63.55078 0 5.82500 37.55000 40.15067 0.16235 -13
1.12364 0.00346 58.66025 0 -0.12500 -32.82500 38.99722 0.15148 13
-1.82125 -0.16680 85.92625 0 5.02500 57.37500 41.79341 0.20988 13
0.42984 -0.06250 21.66556 0 1.90000 -10.97500 19.91074 0.10980 -13
-2.10073 0.06445 40.14686 0 -1.97500 62.42500 17.28489 0.23441 13
-0.54331 0.01596 94.14732 0 -0.50000 17.00000 82.72856 0.11462 13
0.96323 -0.12169 33.93245 0 3.65000 -29.97500 24.52550 0.14034 13
-1.21582 0.08358 56.23101 0 -2.52500 36.20000 35.79376 0.15876 13
-1.23999 -0.40088 56.23101 0 -2.47500 36.15000 35.79376 0.15867 13
1.07893 -0.49160 56.23101 0 -1.35000 37.52500 35.79376 0.16770 13
-9.58680 -1.07105 56.23101 0 -1.40000 37.85000 35.79376 0.16930 13
59.10429 4.21555 56.23101 0 -1.37500 37.92500 35.79376 0.16972 13
-0.76944 1.20748 56.23101 0 -1.40000 37.97500 35.79376 0.17006 13
-4.55566 -5.27244 56.23101 0 -0.80000 34.67500 35.79376 0.20826 13
-1.67612 -0.11103 46.21834 0 3.37500 52.07500 23.78770 0.19688 -13
-0.18278 -0.22775 17.14465 0 6.90000 5.57500 16.87875 0.10494 -13
-0.01503 0.07555 43.38196 0 -2.27500 1.70000 43.37710 0.10100 -13
0.97074 -0.10884 90.77765 0 3.30000 -32.12500 65.32078 0.14078 -13
-0.25577 -0.10149 77.60945 0 3.05000 7.02500 75.21248 0.10444 13
1.29035 -0.02842 85.58627 0 0.85000 -37.15000 52.44047 0.16442 13
0.42264 0.12222 71.78147 0 -3.70000 -11.02500 66.19288 0.11002 13
0.43543 -0.27794 71.78147 0 8.37500 -11.42500 66.19288 0.11334 13
0.72353 0.08060 28.52216 0 -2.40000 -24.37500 23.13376 0.12455 -13
0.07478 -0.21117 17.04960 0 6.40000 0.55000 17.00409 0.10322 -13
0.24582 -0.15857 5.66961 0 4.70000 -8.17500 5.50945 0.10490 13
-0.13067 -0.13687 77.26411 0 4.12500 4.27500 76.62468 0.10249 -13
0.80551 0.14757 9.58019 0 -4.37500 -22.72500 7.49171 0.13014 -13
0.82159 -0.25115 9.58019 0 7.65000 -23.22500 7.49171 0.13286 -13
1.37977 -0.08564 74.36115 0 2.60000 -41.67500 43.74241 0.17182 -13
1.12821 -0.19521 56.24285 0 5.90000 -37.87500 37.69557 0.15310 -13
-0.27639 0.00579 72.20341 0 -0.17500 9.30000 69.59434 0.10448 13
-1.29568 0.08022 78.15223 0 -2.40000 37.82500 47.84593 0.16501 -13
-0.44878 -0.09997 83.51140 0 3.00000 12.95000 76.25355 0.11084 13
0.46312 -0.08225 94.63774 0 2.47500 -13.55000 85.92640 0.11129 -13
1.16950 -0.19635 36.28411 0 5.90000 -33.15000 23.83825 0.15619 13
-0.46509 -0.15099 53.32674 0 4.55000 14.00000 48.44920 0.11209 13
-1.07244 0.06909 64.50660 0 -2.07500 30.95000 44.04813 0.14783 -13
-1.75685 -0.13166 35.97781 0 3.95000 49.97500 17.91304 0.20398 13
0.94556 -0.00612 47.81392 0 0.20000 -29.47500 34.74257 0.13859 -13
0.49671 -0.15156 75.89672 0 4.57500 -15.17500 68.12482 0.11347 13
-0.06641 -0.00866 92.79046 0 0.25000 0.25000 92.58654 0.10093 13
0.25217 -0.09703 51.90637 0 2.92500 -10.82500 50.34475 0.10432 -13
-0.32149 -0.09433 9.48856 0 2.80000 9.95000 9.03687 0.10620 13
1.11413 -0.04240 70.86709 0 1.27500 -34.45000 47.36006 0.15083 13
1.77715 -0.22386 39.09759 0 6.77500 -52.65000 19.52999 0.20663 -13
-0.08395 -0.13047 25.36483 0 3.95000 0.57500 25.27739 0.10192 -13
0.75831 -0.18057 19.90793 0 5.42500 -25.07500 15.95505 0.12766 13
0.79202 -0.19718 40.53053 0 5.97500 -24.50000 32.00425 0.13000 -13
-0.66192 0.01882 17.75330 0 -0.52500 22.07500 14.80471 0.12078 -13
0.73899 -0.23395 17.47267 0 7.02500 -22.40000 14.18259 0.12738 13
0.84517 -0.23595 68.12139 0 7.12500 -25.07500 52.60943 0.13398 -13
0.48902 0.12196 82.86179 0 -3.67500 -17.07500 74.54335 0.11277 -13
0.50386 -0.27820 82.86179 0 8.40000 -17.52500 74.54335 0.11620 -13
0.33300 -0.17061 39.65410 0 5.12500 -12.02500 37.67605 0.10752 13
-1.79977 0.05340 22.53046 0 -1.65000 55.55000 10.95556 0.20741 13
-0.30827 -0.08308 18.17546 0 2.47500 10.22500 17.37395 0.10570 13
-0.14748 0.03724 99.62147 0 -1.12500 2.82500 98.55689 0.10187 13
-1.68550 -0.11687 21.80591 0 3.47500 48.87500 11.18190 0.19769 13
1.42091 -0.18168 40.93551 0 5.45000 -44.07500 23.81516 0.17591 13
-0.65472 -0.12568 3.59810 0 3.62500 21.10000 3.01728 0.12101 13
-0.24725 -0.05365 50.94641 0 1.60000 6.55000 49.46116 0.10387 13
1.05596 -0.21466 85.37156 0 6.47500 -33.00000 59.39588 0.14803 13
0.22568 -0.19662 11.58667 0 5.97500 -4.60000 11.31306 0.10514 -13
0.48940 0.08767 57.50826 0 -2.62500 -13.37500 51.69209 0.11246 -13
1.82401 0.10184 20.04520 0 -3.12500 -54.50000 9.67416 0.20978 13
-0.43121 -0.02269 77.31668 0 0.70000 9.12500 71.00000 0.10969 -13
0.16764 -0.04091 55.11746 0 1.25000 -1.55000 54.36012 0.10219 -13
0.59379 0.09220 84.19542 0 -2.77500 -16.22500 72.47415 0.11749 13
-0.45996 0.01478 4.78244 0 -0.55000 11.85000 4.34517 0.11088 13
0.58187 0.03858 42.83262 0 -1.15000 -20.20000 37.02847 0.11658 -13
-1.15760 -0.11171 82.90217 0 3.35000 33.40000 54.38638 0.15445 13
0.68939 0.13743 7.56459 0 -4.05000 -21.30000 6.24638 0.12307 -13
0.70596 -0.26176 7.56459 0 7.97500 -21.82500 6.24638 0.12617 -13
-1.34028 -0.07859 67.45316 0 2.35000 41.17500 40.41785 0.16858 13
0.77512 -0.01573 4.71158 0 0.35000 -23.57500 3.72395 0.12745 13
2.07726 -0.11299 30.65243 0 3.37500 -62.57500 13.36470 0.23241 13
0.46782 0.13986 42.05917 0 -4.20000 -12.52500 38.16223 0.11206 -13
0.47862 -0.25932 42.05917 0 7.82500 -12.85000 38.16223 0.11467 -13
1.29312 -0.20146 89.62831 0 6.07500 -34.30000 55.51110 0.16585 13
1.02658 0.07687 1.44830 0 -1.82500 -29.92500 1.01349 0.14456 -13
1.12724 -0.19009 79.07031 0 5.72500 -34.27500 52.99232 0.15294 13
0.38659 -0.18333 47.67700 0 5.55000 -11.30000 44.56387 0.10954 -13
-1.63161 -0.05842 84.19159 0 1.75000 46.87500 44.04851 0.19281 13
0.59032 0.12122 77.99877 0 -3.67500 -19.25000 67.29453 0.11757 13
0.60841 -0.27898 77.99877 0 8.40000 -19.80000 67.29453 0.12117 13
-0.92232 0.10711 50.80371 0 -3.22500 25.00000 37.44255 0.13741 -13
1.00385 -0.11165 17.08284 0 3.32500 -29.72500 12.09358 0.14312 13
0.65143 -0.24241 70.04670 0 7.30000 -19.62500 59.18334 0.12263 13
-0.29760 -0.04856 18.42405 0 1.50000 8.30000 17.66054 0.10519 -13
0.13920 -0.07885 98.96904 0 2.37500 -5.62500 98.02967 0.10198 13
-2.04185 -0.03245 57.62671 0 0.95000 61.30000 25.35679 0.22897 13
-0.26946 0.10701 31.45183 0 -3.20000 7.32500 30.38025 0.10484 -13
-0.06804 0.02770 21.83433 0 -0.82500 2.82500 21.78403 0.10097 -13
1.79710 -0.02078 16.63610 0 0.67500 -54.97500 8.09005 0.20714 -13
0.49800 -0.15205 48.18211 0 4.57500 -15.05000 43.22694 0.11353 13
-0.11013 -0.13780 6.93505 0 4.07500 4.07500 6.89413 0.10224 13
0.62951 0.01233 89.36508 0 -0.37500 -22.67500 75.62987 0.11900 -13
-1.15361 -0.16328 85.01106 0 4.92500 33.52500 56.10083 0.15462 13
0.55170 0.10675 84.08300 0 -3.22500 -16.47500 73.71875 0.11551 -13
0.80349 -0.16735 4.70492 0 5.20000 -20.57500 3.68754 0.13041 -13
0.22695 -0.02964 93.22361 0 0.90000 -8.85000 90.91375 0.10331 13
-0.66695 -0.13790 94.85923 0 4.15000 21.15000 79.14499 0.12184 13
0.51546 0.01775 53.74606 0 -0.52500 -16.77500 47.77442 0.11331 -13
0.75890 -0.20848 76.00502 0 6.27500 -21.52500 61.01071 0.12814 13
-0.70592 -0.04357 44.73532 0 1.30000 22.87500 36.55799 0.12335 13
0.74863 -0.17866 47.88492 0 5.37500 -21.72500 38.54711 0.12707 13
0.74376 -0.05789 75.23947 0 1.75000 -21.40000 60.40783 0.12564 -13
0.93385 -0.23191 43.36200 0 6.97500 -29.60000 32.07489 0.13973 13
-0.53285 -0.11264 52.01246 0 3.40000 17.55000 45.96644 0.11466 13
-1.53687 -0.16174 84.50277 0 4.87500 47.55000 46.50490 0.18535 13
1.10306 -0.02817 51.71940 0 0.82500 -34.62500 34.74483 0.14996 13
-1.84900 -0.17775 80.85365 0 5.37500 57.22500 38.92838 0.21245 -13
-1.15187 -0.05814 31.45341 0 1.72500 34.20000 20.63959 0.15372 13
1.85971 -0.18021 58.08251 0 5.45000 -55.60000 27.84987 0.21343 -13
-1.03229 -0.04251 83.35608 0 1.30000 32.25000 58.02438 0.14480 -13
0.02913 -0.19045 75.96166 0 5.75000 -1.55000 75.93056 0.10256 -13
0.05916 0.00562 18.54466 0 -0.20000 -1.15000 18.51229 0.10088 13
-0.07934 0.04430 14.03781 0 -1.30000 3.50000 13.99394 0.10112 -13
-2.04493 -0.12660 68.73942 0 3.80000 63.12500 30.39187 0.22957 13
0.82995 0.01493 8.30871 0 -0.52500 -27.37500 6.39409 0.13089 13
-0.84000 0.04761 57.30078 0 -1.45000 24.75000 43.89648 0.13160 13
-1.33713 -0.03668 13.93681 0 1.05000 39.97500 8.35042 0.16819 13
0.57913 0.03551 75.60933 0 -1.07500 -17.55000 65.43939 0.11642 -13
-1.43424 0.00943 76.93583 0 -0.27500 43.57500 44.00401 0.17607 -13
-1.21550 -0.13210 20.98569 0 3.95000 36.60000 13.40137 0.15904 13
1.21303 0.10551 77.16366 0 -3.17500 -38.90000 49.24538 0.15866 -13
0.59362 -0.13201 65.17490 0 3.97500 -20.37500 56.16998 0.11786 13
-0.23550 -0.09962 67.81324 0 3.00000 7.97500 66.02472 0.10395 -13
-0.25951 -0.06626 94.89179 0 2.00000 8.37500 91.86195 0.10425 13
-0.52588 0.09823 21.63679 0 -2.97500 16.77500 19.16984 0.11422 13
-0.66005 -0.12045 80.32550 0 3.62500 18.77500 67.18483 0.12127 13
0.79308 -0.00126 46.93456 0 0.05000 -23.92500 36.77347 0.12853 -13
1.26276 0.03011 63.69252 0 -0.90000 -39.70000 39.55310 0.16222 -13
1.71719 0.14950 29.32883 0 -4.47500 -52.35000 14.88157 0.20065 -13
1.75030 -0.24920 29.32883 0 7.55000 -53.37500 14.88157 0.20460 -13
0.30890 0.00838 57.53669 0 -0.25000 -10.72500 54.97390 0.10541 -13
0.08889 -0.01047 14.75642 0 0.35000 -4.87500 14.69846 0.10111 -13
-1.68589 -0.08944 40.69798 0 2.72500 50.72500 20.82348 0.19761 -13
-0.82355 0.09838 35.98176 0 -2.95000 24.40000 27.82908 0.13082 -13
-0.67807 -0.21205 69.70883 0 6.40000 22.60000 58.09092 0.12352 13
-0.32599 -0.24536 73.21260 0 7.40000 7.92500 69.79804 0.10877 -13
1.42343 -0.11194 38.30584 0 3.40000 -44.87500 22.11223 0.17556 -13
-0.18639 -0.16699 6.26158 0 5.12500 4.92500 6.15834 0.10387 -13
1.39549 -0.20792 57.92118 0 6.30000 -41.00000 34.20645 0.17419 -13
-0.50087 0.04864 61.56738 0 -1.45000 17.37500 55.06149 0.11274 -13
0.75887 0.09074 34.95703 0 -2.72500 -23.25000 27.88380 0.12676 -13
0.59558 -0.13044 53.95334 0 3.92500 -16.30000 46.45664 0.11794 13
-0.95101 -0.14946 99.16720 0 4.52500 27.37500 72.23557 0.13979 -13
0.80987 -0.10662 60.54773 0 3.20000 -26.15000 47.15720 0.13003 13
-0.06016 -0.06127 36.31223 0 1.82500 0.92500 36.24697 0.10107 13
-2.09700 0.06143 6.97688 0 -2.02500 63.12500 3.00825 0.23410 13
-0.23581 -0.20204 26.36184 0 6.07500 6.50000 25.68447 0.10543 13
-0.22093 0.00607 95.98015 0 -0.20000 5.07500 93.72023 0.10313 13
2.10823 -0.01837 16.92942 0 0.50000 -63.22500 7.25629 0.23499 13
-0.75209 0.03554 87.85272 0 -1.07500 21.72500 70.22779 0.12606 13
0.74248 0.11562 7.09613 0 -3.40000 -21.65000 5.71068 0.12594 -13
1.03340 0.12340 22.44602 0 -3.75000 -29.50000 15.67008 0.14537 13
1.06418 -0.27666 22.44602 0 8.32500 -30.42500 15.67008 0.14964 13
0.08194 -0.11531 23.83477 0 3.45000 -0.22500 23.75616 0.10170 13
-0.26934 -0.15331 40.08788 0 4.60000 7.85000 38.73852 0.10542 13
-1.30703 0.13094 53.55958 0 -3.97500 39.82500 32.71954 0.16626 13
-1.34191 -0.26868 53.55958 0 8.10000 40.87500 32.71954 0.17066 13
2.11893 0.04747 46.53868 0 -1.40000 -61.82500 19.88136 0.23599 -13
-0.10222 -0.15786 76.07072 0 4.75000 4.00000 75.68595 0.10247 13
0.80986 0.12001 81.75820 0 -3.62500 -25.77500 63.71505 0.13015 13
0.83509 -0.28028 81.75820 0 8.45000 -26.52500 63.71505 0.13419 13
-1.23557 -0.03168 97.33848 0 0.97500 37.57500 61.25555 0.16010 -13
2.04878 -0.13858 29.55978 0 4.15000 -62.35000 13.06551 0.22998 13
0.73270 0.13405 38.79503 0 -4.05000 -21.00000 31.39138 0.12557 13
0.75138 -0.26547 38.79503 0 8.00000 -21.55000 31.39138 0.12875 13
-0.53967 0.11462 4.11093 0 -3.32500 18.75000 3.62279 0.11500 -13
-0.57496 -0.14180 77.03444 0 4.27500 16.82500 66.94669 0.11703 13
-0.32766 -0.19416 65.83735 0 5.87500 10.52500 62.67484 0.10777 -13
-0.34273 -0.09249 62.24705 0 2.77500 11.55000 58.91117 0.10686 13
-0.40640 -0.07735 82.65117 0 2.35000 10.60000 76.60167 0.10898 -13
-0.30405 -0.01558 84.23467 0 0.47500 9.17500 80.59264 0.10526 -13
0.25312 -0.23943 13.13087 0 7.17500 -7.77500 12.75021 0.10661 13
-0.32416 -0.24326 50.37408 0 7.35000 8.67500 48.04699 0.10867 -13
0.30300 -0.23829 91.53789 0 7.20000 -10.10000 87.80330 0.10793 -13
0.51907 -0.11716 96.24098 0 3.55000 -15.77500 85.54179 0.11408 -13
0.32175 -0.03509 53.84087 0 1.07500 -10.20000 51.25634 0.10585 -13
0.65134 -0.18448 19.83421 0 5.60000 -20.67500 16.70287 0.12162 -13
1.92324 -0.12353 80.63083 0 3.75000 -58.95000 37.41873 0.21866 -13
-0.14181 -0.20909 9.41762 0 6.35000 4.35000 9.32814 0.10391 -13
0.71852 -0.04511 58.85640 0 1.37500 -23.25000 47.81423 0.12409 -13
0.04120 -0.10843 19.62664 0 3.30000 -1.30000 19.61018 0.10139 -13
1.60718 -0.10168 47.17909 0 3.05000 -49.10000 25.01368 0.19091 13
-0.11673 -0.18229 83.33400 0 5.50000 2.62500 82.78994 0.10303 13
0.32581 0.02258 26.40497 0 -0.65000 -10.72500 25.10656 0.10593 -13
-0.75010 -0.15476 58.33395 0 4.67500 20.57500 46.86278 0.12685 -13
-1.09181 0.04132 19.47307 0 -1.27500 33.87500 13.15853 0.14916 13
-0.12152 -0.01198 70.27564 0 0.35000 5.17500 69.76243 0.10145 13
0.64641 -0.22429 76.66113 0 6.75000 -21.20000 64.84052 0.12201 13
-0.05904 -0.04500 63.72002 0 1.35000 4.72500 63.60949 0.10098 13
0.05111 0.02410 79.35483 0 -0.72500 -1.07500 79.25147 0.10086 13
0.19698 0.11146 53.02420 0 -3.35000 -6.50000 52.03643 0.10325 -13
-0.79996 -0.11561 47.58069 0 3.47500 23.30000 37.25098 0.12948 13
-0.33922 0.14383 86.27776 0 -4.35000 13.87500 81.79027 0.10732 13
-0.34652 -0.25519 86.27776 0 7.70000 14.10000 81.79027 0.10963 13
-1.47199 -0.13634 83.06578 0 4.10000 45.05000 46.97252 0.17972 13
1.40082 0.02555 61.48101 0 -0.77500 -40.45000 35.72898 0.17334 13
0.33777 -0.21283 58.89633 0 6.40000 -10.65000 55.92350 0.10842 13
1.01067 -0.23805 31.83694 0 7.15000 -30.90000 22.70189 0.14515 13
-0.14797 0.02881 24.88240 0 -0.90000 4.52500 24.61467 0.10185 13
0.46799 0.14083 38.27797 0 -4.27500 -14.27500 34.72994 0.11209 13
0.47861 -0.25832 38.27797 0 7.77500 -14.60000 34.72994 0.11462 13
-0.30081 -0.18183 48.65077 0 5.50000 8.25000 46.65033 0.10675 -13
-1.02409 -0.01836 58.15518 0 0.57500 32.82500 40.63284 0.14415 -13
-0.50345 0.01321 29.98744 0 -0.37500 13.45000 26.78510 0.11275 -13
2.03420 0.03314 50.77182 0 -1.02500 -59.75000 22.40908 0.22829 13
0.06251 0.02766 64.07324 0 -0.85000 -2.15000 63.94848 0.10094 13
0.73765 0.12056 76.69840 0 -3.65000 -22.30000 61.87892 0.12573 13
0.76044 -0.27970 76.69840 0 8.42500 -22.97500 61.87892 0.12960 13
0.04347 0.05387 14.06113 0 -1.60000 -1.35000 14.04790 0.10094 -13
-0.39434 -0.02938 43.51305 0 0.87500 10.45000 40.48177 0.10829 13
0.29285 -0.24711 46.25838 0 7.45000 -9.67500 44.49544 0.10784 13
-0.03524 -0.22745 83.31943 0 6.87500 2.87500 83.27028 0.10334 -13
0.13935 -0.04762 35.86003 0 1.45000 -5.50000 35.51760 0.10179 -13
-0.21515 -0.08487 91.09792 0 2.55000 4.95000 89.07418 0.10337 13
0.20443 -0.19505 86.98600 0 5.87500 -8.15000 85.28628 0.10465 13
0.40540 0.03461 55.08272 0 -1.02500 -12.72500 51.05190 0.10872 -13
1.29887 -0.02964 82.25642 0 0.90000 -39.70000 50.19378 0.16510 -13
-1.57825 -0.17117 3.59293 0 5.42500 48.45000 1.94284 0.18931 -13
-0.81254 -0.11069 36.94217 0 3.35000 25.20000 28.73985 0.13024 -13
-0.37372 -0.07852 11.55028 0 2.32500 12.47500 10.82343 0.10778 13
-1.55966 -0.03898 89.18937 0 1.17500 46.67500 48.16594 0.18662 -13
-0.34979 -0.02103 89.53769 0 0.65000 11.75000 84.51843 0.10671 -13
0.04991 -0.22330 6.53640 0 6.65000 -5.05000 6.52868 0.10326 13
-0.07289 0.04696 34.99039 0 -1.42500 2.92500 34.89802 0.10108 13
0.56581 -0.18449 57.51935 0 5.57500 -16.42500 50.26220 0.11719 -13
-0.09063 -0.11792 72.24134 0 3.55000 1.55000 71.95045 0.10181 13
-0.98900 0.01302 84.72951 0 -0.37500 27.42500 60.24580 0.14164 -13
0.22399 0.12314 3.16940 0 -3.55000 -5.55000 3.09384 0.10393 -13
-1.74488 -0.08515 49.33721 0 2.60000 53.52500 24.59860 0.20272 -13
-0.76117 0.05073 15.92988 0 -1.57500 25.65000 12.68102 0.12668 13
-1.19077 -0.01988 83.18580 0 0.60000 38.12500 53.50296 0.15660 -13
-0.91515 -0.03122 75.84500 0 0.92500 27.17500 55.96407 0.13654 13
1.45492 -0.16243 80.65757 0 4.90000 -40.57500 46.09098 0.17853 13
-1.12422 -0.10392 59.25398 0 3.12500 34.70000 39.49976 0.15187 13
-0.30065 -0.03485 80.69055 0 1.05000 11.95000 77.27781 0.10521 13
0.37026 0.09005 42.64852 0 -2.70000 -12.87500 40.01488 0.10776 -13
-0.17648 -0.19472 79.93560 0 5.87500 6.10000 78.76261 0.10412 13
1.46244 -0.18088 63.05367 0 5.47500 -44.00000 35.98003 0.17936 -13
0.33311 -0.22157 74.43522 0 6.67500 -10.72500 70.78581 0.10846 13
-0.57819 -0.16329 78.25470 0 4.92500 18.42500 67.96702 0.11749 -13
-0.76338 -0.16238 29.17763 0 4.87500 22.47500 23.30338 0.12773 13
-0.60121 0.00948 40.19404 0 -0.27500 18.15000 34.44808 0.11751 -13
-0.39691 -0.11173 80.35386 0 3.37500 12.42500 74.74881 0.10893 13
-0.08830 -0.19885 1.09167 0 6.47500 4.30000 1.08760 0.10387 -13
-0.15222 -0.21812 12.09093 0 6.62500 4.00000 11.95937 0.10424 -13
-0.63069 -0.18101 94.43465 0 5.47500 18.20000 80.23867 0.12045 -13
-0.30030 -0.06740 84.10392 0 2.05000 8.85000 80.56523 0.10537 -13
0.05089 -0.12634 72.97172 0 3.80000 -2.12500 72.87891 0.10163 13
-1.58570 -0.20573 38.47325 0 6.17500 46.97500 20.82646 0.18989 13
-0.24002 -0.19033 32.88517 0 5.72500 8.12500 32.00741 0.10531 13
0.34045 0.09348 66.45210 0 -2.82500 -11.55000 62.93492 0.10680 13
-0.23559 -0.12244 89.25721 0 3.70000 7.60000 86.91273 0.10419 -13
0.38647 -0.11929 38.16084 0 3.60000 -11.20000 35.62741 0.10863 -13
-0.83893 -0.08801 97.96610 0 2.65000 28.92500 75.17204 0.13175 -13
-2.15439 0.11616 24.58201 0 -3.45000 64.47500 10.40651 0.23945 -13
0.61221 -0.03823 48.42695 0 1.15000 -15.32500 41.31023 0.11814 13
0.24323 0.02814 28.27068 0 -0.82500 -8.77500 27.47035 0.10368 -13
0.63053 -0.14911 11.34401 0 4.45000 -18.10000 9.62575 0.11997 13
-1.44036 -0.11583 69.39572 0 3.47500 43.87500 39.75473 0.17695 13
0.94721 -0.04587 9.65678 0 1.45000 -29.20000 7.01440 0.13881 -13
-0.85304 0.06229 70.97203 0 -1.87500 24.67500 54.03952 0.13251 -13
0.13057 -0.19540 49.42292 0 5.90000 -5.00000 49.02203 0.10345 -13
1.24336 -0.00239 61.47158 0 0.07500 -33.70000 38.52588 0.16068 -13
-0.12493 0.13125 69.81246 0 -3.95000 0.12500 69.28291 0.10234 -13
-0.12825 -0.26835 69.81246 0 8.10000 0.22500 69.28291 0.10507 -13
-0.45495 0.04939 37.85717 0 -1.50000 11.62500 34.46554 0.11075 13
0.30259 -0.20363 64.95072 0 6.15000 -7.00000 62.27257 0.10720 -13
-0.71878 0.10509 25.11061 0 -3.15000 21.95000 20.42767 0.12446 -13
-0.36987 0.04639 89.59026 0 -1.40000 14.85000 84.03768 0.10747 -13
-0.70539 -0.01000 20.65977 0 0.32500 21.17500 16.88250 0.12325 -13
1.68555 -0.21315 95.06387 0 6.42500 -53.50000 49.30434 0.19852 13
-0.30245 -0.01917 23.36449 0 0.60000 8.92500 22.36438 0.10523 -13
1.92428 -0.19838 53.57343 0 5.97500 -59.30000 25.08106 0.21927 13
0.08906 0.11198 70.96377 0 -3.37500 -1.80000 70.68742 0.10173 -13
-1.15946 -0.09308 1.29190 0 2.20000 34.95000 0.84540 0.15482 13
-0.75676 0.09361 46.59227 0 -2.80000 21.92500 37.21180 0.12663 -13
-0.51556 -0.24343 29.37544 0 7.32500 17.45000 26.26377 0.11591 13
-0.18336 -0.10934 1.53866 0 2.97500 4.20000 1.51363 0.10311 13
0.38332 -0.24656 14.33668 0 7.40000 -11.45000 13.43614 0.11064 13
0.62455 -0.09902 45.01772 0 2.97500 -20.47500 38.23508 0.11914 13
0.30796 -0.18027 88.68832 0 5.42500 -10.20000 84.87582 0.10692 13
-0.84697 -0.14607 22.44009 0 4.37500 24.42500 17.19860 0.13277 13
-0.72777 0.04460 12.35918 0 -1.40000 22.17500 9.99640 0.12464 13
0.74068 -0.12229 73.79896 0 3.67500 -23.02500 59.45873 0.12592 13
2.22002 0.02157 86.82829 0 -0.67500 -65.00000 35.66750 0.24488 13
-0.20687 0.12751 8.35677 0 -3.90000 8.32500 8.18625 0.10367 13
-0.21273 -0.27245 8.35677 0 8.15000 8.50000 8.18625 0.10650 13
-1.38166 0.07235 13.36275 0 -2.25000 42.45000 7.84860 0.17194 13
-0.76266 0.09870 4.57830 0 -3.12500 22.10000 3.64667 0.12714 13
-0.73099 -0.19163 65.20101 0 5.77500 21.95000 52.96456 0.12622 13
-1.86381 -0.11772 49.99214 0 3.52500 57.17500 23.76191 0.21331 13
-1.02529 -0.08644 42.42988 0 2.62500 33.37500 29.68157 0.14450 -13
-1.38890 -0.00487 63.06996 0 0.12500 42.57500 36.85219 0.17235 13
1.69481 -0.17997 56.61141 0 5.40000 -49.72500 29.10887 0.19898 13
0.41832 -0.18302 83.74753 0 5.52500 -13.62500 77.44681 0.11071 -13
0.52992 0.06396 60.13344 0 -1.92500 -18.37500 53.15787 0.11415 -13
0.46673 -0.08320 17.10109 0 2.47500 -14.52500 15.50587 0.11144 13
0.91026 0.11153 43.94132 0 -3.35000 -31.15000 32.58558 0.13663 -13
0.88691 -0.15289 7.17536 0 4.52500 -28.40000 5.39503 0.13544 13
-0.10805 0.09563 84.98858 0 -2.87500 7.00000 84.50117 0.10174 -13
-0.43202 -0.10261 69.32430 0 3.10000 11.40000 63.69155 0.11019 -13
-0.99530 0.05431 35.93428 0 -1.62500 29.80000 25.48784 0.14218 -13
-0.61774 0.01847 46.60126 0 -0.55000 19.87500 39.64868 0.11838 -13
-0.91493 0.11220 8.77586 0 -3.45000 28.62500 6.49336 0.13700 13
2.06621 -0.20030 61.45407 0 6.05000 -62.70000 27.20033 0.23207 -13
0.11770 -0.17155 27.41203 0 5.20000 -2.15000 27.22938 0.10287 -13
0.45210 0.11158 75.88837 0 -3.37500 -14.00000 69.22271 0.11109 13
-1.34231 -0.09395 99.82659 0 2.85000 42.45000 59.80674 0.16883 -13
-1.75572 -0.07276 36.60683 0 2.17500 53.30000 18.15386 0.20359 13
-0.28018 -0.23637 41.40687 0 7.12500 7.85000 39.94827 0.10724 13
-0.85398 -0.11795 74.83694 0 3.55000 25.50000 57.07470 0.13295 13
-0.60830 0.03885 62.23114 0 -1.17500 18.67500 53.17805 0.11793 -13
0.53703 -0.11302 24.31192 0 3.42500 -16.90000 21.44912 0.11488 -13
1.00703 -0.01618 68.04314 0 0.47500 -30.85000 47.94845 0.14293 13
0.17507 0.03107 76.98172 0 -0.95000 -4.40000 75.82953 0.10228 13
-0.06666 -0.09949 42.01679 0 3.02500 0.90000 41.92467 0.10143 -13
-0.58765 0.01342 65.49087 0 -0.40000 19.12500 56.46448 0.11681 -13
0.97349 -0.00253 1.54941 0 0.50000 -29.22500 1.11059 0.14085 -13
1.13753 -0.05719 10.91597 0 1.80000 -32.52500 7.21384 0.15266 -13
0.57811 -0.24438 8.85497 0 7.45000 -19.90000 7.72096 0.11896 -13
-1.09521 0.14725 33.44175 0 -4.47500 30.37500 22.68066 0.15010 13
-1.11733 -0.25166 33.44175 0 7.57500 31.02500 22.68066 0.15308 13
-0.40415 -0.14329 1.95164 0 4.60000 12.82500 1.81220 0.10987 -13
1.72240 0.00448 31.98377 0 -0.17500 -50.27500 16.05951 0.20056 13
-0.67559 -0.13980 22.29860 0 4.25000 19.77500 18.53254 0.12236 -13
0.64722 -0.04478 45.33694 0 1.37500 -17.85000 38.07229 0.12004 -13
-0.52698 -0.11923 53.60111 0 3.57500 17.77500 47.49250 0.11446 13
0.20021 0.01409 5.75432 0 -0.52500 -5.35000 5.64247 0.10273 13
-0.29638 0.11728 86.41708 0 -3.55000 10.17500 82.89994 0.10569 13
0.77510 -0.08079 50.26380 0 2.45000 -19.65000 39.77580 0.12768 -13
0.02732 0.09615 24.90371 0 -2.87500 -1.05000 24.89451 0.10120 -13
-0.26300 -0.12993 40.03556 0 3.92500 9.02500 38.73974 0.10495 -13
0.24544 -0.16982 37.82184 0 5.12500 -8.45000 36.76077 0.10510 -13
-1.54503 -0.15712 43.64651 0 4.72500 44.67500 23.91967 0.18599 13
0.30972 -0.11801 80.43115 0 3.57500 -6.97500 76.87682 0.10609 -13
1.52085 0.04603 43.21608 0 -1.40000 -45.52500 23.76088 0.18335 13
1.31537 -0.11053 73.14364 0 3.32500 -40.75000 44.43767 0.16676 13
0.58945 0.00147 68.62426 0 -0.05000 -17.25000 59.11811 0.11689 13
-0.69124 -0.04638 99.47529 0 1.40000 20.07500 81.85703 0.12251 -13
1.46395 -0.10407 85.90818 0 3.12500 -42.52500 48.63422 0.17884 13
1.20321 0.07344 76.39791 0 -2.22500 -35.92500 48.90986 0.15773 13
1.75285 -0.16029 11.60595 0 4.75000 -53.20000 5.80684 0.20376 13
0.96586 -0.24150 80.76295 0 7.30000 -29.25000 58.87936 0.14212 -13
0.74908 0.00323 79.23239 0 -0.10000 -23.17500 63.41489 0.12583 -13
0.05366 0.13004 50.49438 0 -3.92500 -0.05000 50.42307 0.10170 13
0.05512 -0.26966 50.49438 0 8.12500 -0.10000 50.42307 0.10444 13
2.06992 -0.04041 82.20463 0 1.20000 -62.30000 35.78291 0.23153 13
-0.04268 -0.13869 66.28910 0 4.17500 2.12500 66.22996 0.10175 13
1.68409 -0.21098 52.60377 0 6.37500 -50.47500 27.29028 0.19841 -13
0.52965 -0.18995 72.13673 0 5.75000 -16.87500 63.99145 0.11555 -13
0.25729 0.03573 20.88448 0 -1.05000 -6.22500 20.22661 0.10404 -13
-0.65497 -0.23405 71.75399 0 7.07500 21.52500 60.49853 0.12267 -13
-0.32626 -0.07736 64.96860 0 2.35000 9.30000 61.78220 0.10622 -13
-0.81672 0.07527 28.40294 0 -2.30000 23.02500 22.02276 0.13025 13
0.61245 -0.17443 31.53671 0 5.25000 -19.05000 27.00242 0.11938 13
-0.82673 0.05715 48.74946 0 -1.72500 25.37500 37.59654 0.13078 -13
0.26448 -0.00211 26.96930 0 0.07500 -6.65000 26.07277 0.10417 -13
-0.41304 -0.02458 44.81191 0 0.72500 10.02500 41.41977 0.10898 13
1.69759 -0.07650 61.36847 0 2.32500 -49.40000 31.21505 0.19857 -13
0.69063 -0.21411 39.62241 0 6.45000 -19.57500 32.83617 0.12426 13
-0.41156 -0.03499 11.46729 0 1.10000 14.97500 10.60511 0.10897 -13
0.36823 -0.04826 68.45116 0 1.47500 -12.55000 64.24343 0.10743 -13
-0.29959 -0.24721 81.74108 0 7.47500 7.52500 78.48892 0.10804 -13
0.54996 -0.14343 47.72548 0 4.35000 -16.82500 41.91665 0.11584 -13
-0.24905 0.13168 64.60224 0 -3.97500 8.90000 62.71856 0.10462 -13
-0.25562 -0.26792 64.60224 0 8.10000 9.10000 62.71856 0.10739 -13
0.68691 -0.18696 36.50909 0 5.65000 -17.95000 30.25744 0.12363 -13
0.43822 -0.03748 10.71618 0 1.07500 -12.80000 9.81627 0.11001 13
-0.00183 0.06086 55.20436 0 -1.85000 -1.72500 55.20427 0.10089 13
0.14824 -0.15703 45.15972 0 4.75000 -4.42500 44.68316 0.10303 -13
1.24407 -0.17205 73.56484 0 5.17500 -36.22500 46.49626 0.16166 13
-0.77958 -0.05804 86.26447 0 1.75000 29.15000 68.07658 0.12783 -13
-0.76054 0.13042 57.86948 0 -3.95000 20.72500 46.20333 0.12721 13
-0.78102 -0.26928 57.86948 0 8.10000 21.32500 46.20333 0.13062 13
0.29451 -0.24151 11.38582 0 7.32500 -10.37500 10.94596 0.10781 -13
-0.44847 -0.03403 35.93291 0 1.00000 11.77500 32.78990 0.11042 13
0.44792 -0.14591 46.21573 0 4.40000 -14.15000 42.25176 0.11131 13
-0.17650 0.01531 25.56744 0 -0.45000 6.52500 25.17833 0.10227 -13
0.64563 -0.20293 86.60576 0 6.12500 -20.97500 73.18597 0.12159 13
-0.01130 -0.08698 71.73188 0 2.62500 -1.57500 71.72733 0.10109 13
1.13697 -0.13081 42.57382 0 3.97500 -35.52500 28.25099 0.15306 -13
-0.62903 0.10391 92.69272 0 -3.12500 18.35000 78.58021 0.11943 -13
-0.65541 -0.20991 8.54053 0 6.40000 18.75000 7.18963 0.12219 -13
-1.37838 -0.11450 49.37398 0 3.47500 44.47500 29.11746 0.17188 -13
-0.69713 -0.13174 91.91771 0 3.97500 23.05000 75.61462 0.12347 -13
-0.49922 -0.10335 16.12877 0 3.15000 16.85000 14.44581 0.11305 -13
1.36384 0.06154 41.62503 0 -1.87500 -39.32500 24.64327 0.17043 13
0.04434 0.03929 77.55603 0 -1.17500 -4.37500 77.48003 0.10088 -13
1.27192 0.06339 99.84621 0 -1.90000 -35.67500 61.78758 0.16306 -13
-1.92484 0.08154 92.53776 0 -2.45000 58.82500 42.77321 0.21858 -13
0.00521 0.01775 70.81282 0 -0.52500 -1.27500 70.81186 0.10072 -13
0.48248 0.12736 56.80712 0 -3.85000 -13.60000 51.24055 0.11255 13
