-1.00421 -0.06883 50.45258 0 2.10000 31.50000 35.64200 0.14289 -13
1.33024 -0.18438 93.87233 0 5.57500 -39.20000 57.00912 0.16862 -13
0.75731 0.02296 6.95087 0 -0.60000 -22.42500 5.54185 0.12635 -13
-1.46335 -0.05162 70.54377 0 1.57500 42.00000 39.83737 0.17857 -13
0.70612 -0.23134 60.07160 0 7.00000 -21.15000 49.49132 0.12547 -13
0.39788 0.00423 28.80237 0 -0.10000 -11.67500 26.76191 0.10838 -13
-0.97804 0.13753 94.62407 0 -4.15000 32.27500 67.95677 0.14154 -13
-1.00154 -0.26176 94.62407 0 7.90000 32.97500 67.95677 0.14495 -13
0.83032 -0.02666 49.17006 0 0.82500 -22.37500 37.83492 0.13092 -13
0.00166 -0.24356 74.46898 0 7.35000 0.80000 74.46888 0.10364 13
-1.14693 -0.22467 71.81364 0 6.77500 34.95000 47.85139 0.15489 13
-0.32636 -0.07180 5.10202 0 2.27500 9.85000 4.85133 0.10623 -13
-0.48142 -0.16559 72.10513 0 5.00000 15.67500 65.13204 0.11300 13
0.05570 -0.10753 23.17301 0 3.27500 -3.37500 23.13752 0.10145 -13
-1.42279 -0.21264 66.73531 0 6.42500 42.85000 38.94207 0.17645 -13
0.04155 -0.06088 4.55562 0 1.95000 -1.85000 4.55172 0.10102 -13
-1.79965 0.06731 18.87787 0 -2.07500 53.35000 9.18533 0.20746 13
-1.64435 0.09616 94.61332 0 -2.90000 53.27500 49.32625 0.19405 -13
-1.02371 -0.18301 46.19338 0 5.50000 30.65000 32.55000 0.14528 13
0.76134 0.02368 23.52188 0 -0.70000 -25.40000 18.71698 0.12659 -13
-0.18400 0.04704 79.00595 0 -1.42500 6.47500 77.70433 0.10250 -13
0.53155 -0.04788 37.13772 0 1.42500 -16.60000 32.80117 0.11415 13
0.53567 -0.08880 30.22588 0 2.70000 -14.60000 26.66741 0.11460 -13
0.66458 0.11022 83.95450 0 -3.32500 -21.47500 70.05098 0.12142 -13
-0.93966 0.01272 67.18309 0 -0.37500 29.75000 48.96173 0.13819 -13
-0.36632 -0.22527 57.85331 0 6.77500 11.55000 54.47912 0.10961 13
0.41707 0.10062 88.86224 0 -3.05000 -9.67500 82.07589 0.10958 13
0.01116 0.08277 8.71701 0 -2.45000 -0.60000 8.71648 0.10105 -13
0.05279 -0.24317 15.83049 0 7.30000 -0.57500 15.80969 0.10375 13
2.03999 -0.14254 36.71257 0 4.27500 -62.35000 16.29067 0.22921 13
1.06285 -0.18041 43.13902 0 5.42500 -31.60000 29.81085 0.14807 13
0.51757 -0.03398 4.37923 0 1.15000 -16.42500 3.88993 0.11349 -13
-0.48059 -1.19035 4.37923 0 1.22500 -16.37500 3.88993 0.11368 -13
0.98485 1.33302 4.37923 0 2.97500 -15.55000 3.88993 0.12122 -13
8.88370 4.95511 4.37923 0 2.35000 -10.95000 3.88993 0.14226 -13
-0.16172 0.06645 4.37923 0 0.80000 -10.37500 3.88993 0.15484 -13
0.15051 -0.13245 4.37923 0 2.37500 -10.70000 3.88993 0.16580 -13
-1.07202 -0.16950 4.37923 0 1.17500 -10.12500 3.88993 0.17489 -13
-0.58666 0.07900 71.24290 0 -2.40000 17.60000 61.49766 0.11702 13
0.92832 -0.00417 12.53443 0 0.17500 -26.70000 9.18629 0.13741 -13
-0.70281 -0.13840 61.23133 0 4.17500 22.40000 50.25260 0.12387 -13
-0.21033 0.05242 47.34521 0 -1.57500 6.30000 46.33416 0.10304 -13
-1.43414 -0.23658 2.39244 0 6.75000 44.32500 1.39341 0.17735 13
-1.75316 -0.03366 67.19507 0 1.00000 53.70000 33.30698 0.20327 13
1.37124 -0.11483 8.68092 0 3.55000 -41.50000 5.13636 0.17139 -13
-1.28455 0.13706 46.94076 0 -4.12500 38.12500 29.00173 0.16450 -13
-1.31566 -0.26222 46.94076 0 7.92500 39.07500 29.00173 0.16853 -13
-0.56738 0.09053 65.43600 0 -2.72500 15.70000 56.96971 0.11614 -13
-2.10971 -0.24814 90.55065 0 7.47500 63.82500 39.73677 0.23641 13
0.50390 -0.03206 27.78665 0 0.97500 -16.20000 24.81709 0.11281 -13
-1.60965 0.04612 90.77056 0 -1.40000 48.60000 47.93704 0.19089 13
-0.35673 0.11124 10.50309 0 -3.40000 9.25000 9.89920 0.10753 13
0.59471 0.14801 26.95841 0 -4.45000 -19.37500 23.23589 0.11810 -13
0.60654 -0.25079 26.95841 0 7.60000 -19.75000 23.23589 0.12048 -13
1.54615 0.07925 39.88080 0 -2.37500 -44.67500 21.70629 0.18559 -13
-0.17833 -0.17896 48.86009 0 5.40000 4.97500 48.12423 0.10387 -13
0.13979 -0.20277 97.25512 0 6.12500 -2.12500 96.35502 0.10372 13
0.05372 -0.11705 39.58739 0 3.55000 -2.40000 39.53120 0.10155 -13
0.06235 -0.16118 37.05332 0 4.87500 -3.17500 36.98324 0.10220 -13
-1.80097 -0.17201 22.76090 0 5.15000 52.75000 11.17194 0.20813 13
1.20245 0.03423 61.67106 0 -1.02500 -37.82500 39.44823 0.15753 -13
0.49118 -0.23527 68.25215 0 7.07500 -15.35000 61.57617 0.11466 13
0.53855 -0.22854 4.86323 0 6.77500 -16.07500 4.30559 0.11660 13
0.13878 0.00780 80.50266 0 -0.22500 -4.15000 79.73847 0.10167 -13
0.55112 -0.20251 64.11576 0 6.10000 -15.60000 56.41197 0.11678 13
-0.10994 -0.01866 60.48068 0 0.55000 2.30000 60.11856 0.10133 13
-1.95794 -0.00843 43.23452 0 0.27500 59.60000 19.66516 0.22140 -13
2.15280 -0.18180 69.62001 0 5.47500 -64.70000 29.72317 0.23972 13
-1.44866 -0.24817 37.00548 0 7.45000 46.15000 21.44830 0.17898 13
0.00540 0.12304 21.33060 0 -3.72500 -1.97500 21.33030 0.10147 13
0.00553 -0.27708 21.33060 0 8.32500 -1.97500 21.33030 0.10448 13
0.09891 0.14605 54.70297 0 -4.40000 -7.07500 54.44283 0.10225 -13
0.10096 -0.25290 54.70297 0 7.62500 -7.12500 54.44283 0.10437 -13
1.61633 -0.21480 27.98889 0 6.52500 -47.07500 14.96641 0.19267 -13
1.21148 -0.15517 42.64132 0 4.67500 -37.45000 27.33672 0.15895 13
0.78727 0.07005 15.82737 0 -2.07500 -23.72500 12.44754 0.12835 -13
-0.70850 0.10895 54.02497 0 -3.27500 21.67500 44.16906 0.12390 -13
-0.78285 -0.20630 96.81515 0 6.22500 23.05000 76.83180 0.12956 13
-0.68223 -0.21210 52.51168 0 6.37500 25.52500 43.67768 0.12375 13
0.48501 -0.10594 21.46459 0 3.22500 -13.20000 19.33328 0.11244 -13
-0.81526 -0.13583 90.58845 0 4.10000 25.12500 70.46740 0.13065 -13
1.94820 -0.07355 76.98820 0 2.22500 -58.87500 35.23171 0.22066 -13
-1.03970 -0.00471 31.12519 0 0.12500 28.62500 21.57672 0.14526 13
-0.13395 -0.14852 42.10441 0 4.47500 2.80000 41.73968 0.10269 13
-0.32024 -0.15490 32.84916 0 4.70000 9.42500 31.31831 0.10689 -13
0.44510 0.04239 91.37807 0 -1.27500 -10.97500 83.49420 0.11031 13
0.56724 -0.17576 31.38717 0 5.27500 -16.67500 27.40123 0.11711 13
-0.01114 0.13105 51.40208 0 -3.95000 2.17500 51.39894 0.10158 13
-0.01144 -0.26861 51.40208 0 8.10000 2.17500 51.39894 0.10427 13
-2.17879 0.01170 27.15846 0 -0.30000 64.15000 11.32948 0.24141 -13
0.77880 0.14890 41.02803 0 -4.47500 -23.95000 32.50267 0.12851 -13
0.79397 -0.24986 41.02803 0 7.55000 -24.42500 32.50267 0.13104 -13
-1.45505 -0.00807 70.62082 0 0.22500 45.25000 40.00035 0.17780 13
1.15801 -0.03323 65.60118 0 1.00000 -35.70000 42.88925 0.15411 13
-1.17475 0.12514 15.37220 0 -3.72500 36.17500 10.00922 0.15585 -13
-1.20875 -0.27473 15.37220 0 8.35000 37.22500 10.00922 0.16047 -13
0.43910 -0.18992 11.00427 0 5.67500 -10.00000 10.10414 0.11161 13
0.06354 -0.17444 13.62476 0 5.30000 -3.12500 13.59812 0.10245 -13
0.27834 0.12943 14.47536 0 -3.95000 -7.97500 13.95484 0.10536 13
0.28597 -0.27039 14.47536 0 8.12500 -8.20000 13.95484 0.10818 13
0.75953 0.08273 35.68891 0 -2.47500 -22.77500 28.45583 0.12672 -13
1.90777 -0.21249 20.69344 0 6.35000 -55.92500 9.77474 0.21787 13
0.56591 0.10543 4.89618 0 -3.30000 -18.40000 4.26662 0.11627 13
-0.49301 -0.04530 56.16531 0 1.35000 13.85000 50.38596 0.11237 13
-0.16448 -0.16902 35.40754 0 5.07500 7.77500 34.95085 0.10346 13
-1.45093 -0.05497 61.82525 0 1.67500 45.35000 35.12001 0.17755 -13
0.54982 0.02613 50.04469 0 -0.77500 -20.02500 43.85686 0.11495 -13
-0.80106 -0.11948 32.48613 0 3.57500 24.22500 25.42425 0.12958 13
0.39549 0.04410 88.47003 0 -1.32500 -8.52500 82.28072 0.10839 13
-2.08351 0.09677 62.71613 0 -2.90000 63.10000 27.24028 0.23292 -13
-1.16780 -0.11906 34.05237 0 3.62500 36.15000 22.23856 0.15529 -13
-0.99589 0.05512 9.89754 0 -1.60000 28.30000 7.01810 0.14223 -13
0.03728 0.00249 97.16214 0 -0.07500 1.07500 97.09468 0.10077 13
1.47947 0.14173 18.12211 0 -4.32500 -44.72500 10.21771 0.18043 13
1.51243 -0.25749 18.12211 0 7.72500 -45.70000 10.21771 0.18436 13
1.56792 -0.08301 93.06754 0 2.50000 -47.57500 50.16729 0.18746 13
0.61415 0.11603 69.21380 0 -3.50000 -19.42500 59.08684 0.11875 -13
0.01733 0.10200 32.85397 0 -3.10000 2.42500 32.84909 0.10125 13
1.01444 0.02595 26.44365 0 -0.80000 -33.02500 18.56715 0.14348 13
-0.76504 -0.11298 79.15524 0 3.42500 20.10000 63.01458 0.12730 -13
-1.02889 0.02723 3.74754 0 -1.00000 29.95000 2.61223 0.14461 13
-0.00136 -0.08326 86.07277 0 2.50000 0.37500 86.07269 0.10105 13
0.37192 0.00267 90.85924 0 -0.07500 -7.92500 85.16028 0.10743 -13
-0.72224 0.05583 57.39025 0 -1.67500 22.02500 46.54931 0.12435 -13
1.64250 -0.07357 81.69437 0 2.22500 -47.40000 42.56697 0.19380 -13
0.08163 0.01455 8.75629 0 -0.37500 -3.97500 8.72727 0.10106 -13
-0.52148 -0.03196 64.71456 0 0.95000 17.95000 57.38757 0.11362 13
0.37456 0.09775 86.51954 0 -2.95000 -9.65000 81.06986 0.10799 13
-0.72862 0.13616 85.36033 0 -4.10000 22.47500 69.20790 0.12535 -13
-0.74653 -0.26320 85.36033 0 7.95000 23.00000 69.20790 0.12844 -13
2.06540 -0.10832 37.43349 0 3.30000 -61.90000 16.38892 0.23138 -13
1.11133 0.03383 20.97974 0 -1.05000 -33.12500 14.03772 0.15060 13
0.01723 0.11832 12.02130 0 -3.60000 -0.70000 12.01954 0.10144 13
0.01768 -0.28222 12.02130 0 8.47500 -0.70000 12.01954 0.10462 13
0.84079 -0.05636 54.29146 0 1.70000 -26.47500 41.58206 0.13170 -13
1.26243 0.09695 18.44009 0 -2.97500 -38.97500 11.48305 0.16240 13
1.26244 0.09693 18.44009 0 -2.97500 -39.00000 11.48305 0.16250 13
-0.89584 -0.10036 95.08219 0 3.02500 30.67500 70.97784 0.13558 13
0.50413 -0.02294 76.83336 0 0.70000 -14.55000 68.61168 0.11280 -13
0.05241 -0.09511 5.27219 0 2.77500 -3.00000 5.26502 0.10128 13
-0.21323 0.01250 10.36021 0 -0.32500 7.50000 10.13250 0.10298 -13
0.25128 0.11912 97.38216 0 -3.60000 -3.10000 94.48517 0.10453 13
0.25920 -0.28123 97.38216 0 8.47500 -3.32500 94.48517 0.10781 13
-0.38075 0.10072 75.53890 0 -3.02500 12.75000 70.63952 0.10823 -13
1.92579 -0.19535 10.22542 0 6.00000 -59.42500 4.78249 0.21955 -13
0.45437 -0.04868 19.05436 0 1.50000 -11.95000 17.35122 0.11073 -13
-0.11573 0.00628 39.28110 0 -0.17500 1.75000 39.02073 0.10138 -13
0.20145 0.04714 11.13887 0 -1.47500 -5.97500 10.92006 0.10285 13
0.81913 0.10802 99.80114 0 -3.25000 -24.70000 77.38517 0.13063 -13
-0.95325 0.08886 27.89475 0 -2.70000 30.65000 20.22833 0.13943 13
-0.92375 0.09814 81.53782 0 -2.97500 28.62500 60.02593 0.13745 13
-1.09270 0.09042 49.58751 0 -2.75000 33.87500 33.55207 0.14945 13
-2.16861 -0.08054 71.28561 0 2.42500 64.42500 29.92966 0.24060 13
0.01321 -0.11423 75.36128 0 3.45000 -0.77500 75.35479 0.10136 13
-0.01132 0.11070 94.40624 0 -3.35000 0.02500 94.40027 0.10133 13
0.85435 0.01032 99.98714 0 -0.30000 -27.17500 76.02257 0.13245 -13
1.02678 0.07002 1.89184 0 -2.47500 -31.30000 1.32169 0.14486 13
1.07961 0.03760 77.13515 0 -1.15000 -34.20000 52.43618 0.14824 13
2.00832 0.14720 40.06310 0 -4.47500 -60.97500 18.01032 0.22645 13
2.04881 -0.25171 40.06310 0 7.55000 -62.17500 18.01032 0.23094 13
1.35018 -0.01873 49.15698 0 0.55000 -40.82500 29.26010 0.16922 13
-0.39417 -0.06078 42.45862 0 1.85000 13.00000 39.51067 0.10828 -13
-0.39417 -0.06078 42.45862 0 1.85000 13.00000 39.51067 0.10842 -13
-0.40597 0.03826 74.54959 0 -1.15000 11.65000 69.08162 0.10875 13
-1.61599 -0.08928 48.44043 0 2.67500 48.62500 25.56222 0.19158 13
1.63029 -0.03513 5.95347 0 0.90000 -51.92500 3.11443 0.19262 13
-1.33947 -0.02640 87.92142 0 0.77500 39.60000 52.60941 0.16835 13
-1.16140 0.08902 41.53034 0 -2.70000 33.52500 27.15919 0.15461 13
0.86829 -0.04688 44.38428 0 1.40000 -25.37500 33.52986 0.13344 13
0.19015 -0.22667 89.33465 0 6.85000 -6.50000 87.83717 0.10502 -13
-0.85283 0.10821 7.14155 0 -3.35000 24.35000 5.44651 0.13288 13
-0.85318 -0.18195 19.57628 0 5.45000 27.32500 14.99381 0.13362 13
0.44162 0.11806 97.07350 0 -3.55000 -15.67500 88.89931 0.11072 -13
-0.29892 0.03193 85.90530 0 -0.97500 9.10000 82.31027 0.10515 13
0.84365 -0.21601 14.77906 0 6.47500 -25.27500 11.40170 0.13351 13
-0.50118 0.01773 43.70375 0 -0.52500 17.35000 39.07237 0.11266 -13
0.54167 -0.14027 91.18007 0 4.22500 -17.57500 80.34986 0.11539 13
-0.29007 0.06559 15.45846 0 -1.95000 8.47500 14.84881 0.10506 -13
0.18596 0.07807 41.10663 0 -2.37500 -5.25000 40.41788 0.10273 13
-0.41572 0.06328 26.15328 0 -1.90000 14.10000 24.15689 0.10924 -13
-1.36797 0.05391 69.43518 0 -1.62500 43.12500 41.01595 0.17072 -13
-0.40304 0.00873 73.04635 0 -0.27500 12.40000 67.75092 0.10858 13
-1.61371 -0.20642 80.66519 0 6.25000 47.35000 43.13166 0.19232 -13
0.28857 -0.11979 22.97337 0 3.60000 -9.07500 22.08483 0.10550 13
-0.92361 -0.02772 2.67173 0 1.07500 27.80000 1.96285 0.13727 -13
0.82653 0.00803 6.39763 0 -0.35000 -26.42500 4.93141 0.13067 13
-0.72964 0.03182 94.58017 0 -0.95000 21.05000 76.41773 0.12470 -13
0.21277 -0.03762 70.58904 0 1.12500 -6.22500 69.04580 0.10303 13
0.20351 -0.11803 12.82397 0 3.52500 -6.45000 12.56990 0.10344 13
-0.96854 0.04253 31.82291 0 -1.25000 28.77500 22.86897 0.14025 -13
0.09583 -0.16541 69.73995 0 5.00000 -4.52500 69.43027 0.10253 -13
-0.06181 0.59886 69.73995 0 5.02500 -4.55000 69.43027 0.10332 -13
-1.92212 -0.16861 78.92146 0 5.07500 59.60000 36.82867 0.21883 13
1.92153 0.11382 90.69664 0 -3.42500 -59.72500 42.08207 0.21844 -13
-0.49706 -0.14698 97.68999 0 4.42500 17.85000 87.66264 0.11343 13
0.48764 -0.06038 13.74295 0 1.77500 -16.27500 12.35688 0.11220 13
0.36579 -0.17505 98.30006 0 5.27500 -9.80000 92.47999 0.10867 13
1.59585 -0.14764 75.46297 0 4.45000 -47.45000 40.38015 0.19022 13
-0.27606 -0.13029 31.38818 0 3.95000 10.37500 30.27436 0.10530 -13
-0.12712 -0.23102 62.64160 0 6.95000 5.60000 62.16647 0.10414 13
-1.02500 -0.20811 28.26160 0 6.25000 31.72500 19.94926 0.14569 13
-0.65466 -0.02971 74.29376 0 0.90000 18.85000 62.16649 0.12040 -13
0.09766 0.06487 74.96923 0 -1.97500 -1.67500 74.61572 0.10139 13
-0.39303 0.10358 43.76566 0 -3.12500 14.77500 40.76142 0.10871 13
-0.03866 -0.12416 60.76246 0 3.72500 -1.87500 60.71779 0.10155 13
1.07222 -0.23564 39.90467 0 7.10000 -33.10000 27.60858 0.14952 13
0.57487 0.12582 22.69739 0 -3.82500 -17.57500 19.71604 0.11686 13
0.59146 -0.27416 22.69739 0 8.25000 -18.07500 19.71604 0.12018 13
-0.47587 -0.24242 16.83137 0 7.27500 16.27500 15.27603 0.11414 13
1.42966 0.14808 78.95417 0 -4.47500 -41.67500 45.58346 0.17633 13
1.45808 -0.25078 78.95417 0 7.55000 -42.52500 45.58346 0.17981 13
1.97869 -0.21470 62.58482 0 6.45000 -59.67500 28.73725 0.22428 13
-0.27042 -0.19986 22.51067 0 6.00000 9.65000 21.75846 0.10623 13
-0.17598 -0.14877 42.79233 0 4.50000 3.97500 42.15860 0.10335 -13
-0.72052 0.12335 35.82777 0 -3.70000 21.77500 29.14313 0.12473 -13
-0.74196 -0.27671 35.82777 0 8.37500 22.42500 29.14313 0.12847 -13
0.98215 0.04669 17.22421 0 -1.37500 -29.35000 12.29545 0.14122 -13
-0.70158 -0.01859 20.36445 0 0.52500 20.17500 16.67160 0.12302 13
1.21678 -0.18733 4.75933 0 5.82500 -38.27500 3.05240 0.15996 -13
0.32635 -0.11569 71.57725 0 3.47500 -11.75000 68.08858 0.10657 13
0.40321 -0.17381 87.09645 0 5.25000 -11.85000 80.94302 0.10999 -13
1.07776 -0.04269 48.41730 0 1.30000 -32.72500 32.94811 0.14813 -13
0.47990 -0.05850 55.74783 0 1.77500 -15.27500 50.27607 0.11185 -13
1.49489 -0.15828 51.79262 0 4.75000 -43.00000 29.04320 0.18180 13
-0.93994 -0.06927 72.51888 0 2.10000 29.15000 52.90013 0.13838 -13
-0.68196 -0.12483 71.46103 0 3.77500 20.37500 59.18363 0.12254 -13
-0.16643 -0.14195 99.29105 0 4.27500 6.90000 97.96991 0.10308 13
1.01389 0.13507 55.59488 0 -4.07500 -30.80000 39.21749 0.14406 13
1.03928 -0.26439 55.59488 0 7.97500 -31.57500 39.21749 0.14765 13
-0.85310 -0.18393 33.88718 0 5.52500 25.57500 25.95977 0.13365 13
-0.77530 -0.14208 67.86613 0 4.30000 20.62500 53.83513 0.12823 -13
-1.56793 0.01090 84.74446 0 -0.35000 47.15000 45.57120 0.18728 13
-1.62254 -0.15327 8.48306 0 4.75000 50.47500 4.48956 0.19265 -13
-1.00838 0.05240 19.45426 0 -1.62500 29.15000 13.70820 0.14312 13
-0.07479 0.10333 73.48601 0 -3.12500 0.90000 73.28353 0.10152 13
-0.64702 0.06684 5.50155 0 -2.12500 19.32500 4.62183 0.12019 13
-0.32330 0.04074 8.02779 0 -1.17500 9.20000 7.63921 0.10592 -13
-0.85676 0.03323 71.04444 0 -1.00000 23.35000 53.96389 0.13265 -13
-1.13657 -0.10101 9.94835 0 3.12500 34.82500 6.59049 0.15284 -13
-0.50800 0.00272 93.27528 0 -0.10000 14.87500 83.16006 0.11295 13
1.07847 -0.18431 2.50733 0 5.87500 -33.75000 1.72043 0.14965 -13
-1.10075 0.12684 60.03318 0 -3.85000 31.52500 40.54422 0.15032 13
-1.13196 -0.27305 60.03318 0 8.22500 32.45000 40.54422 0.15456 13
0.37230 -0.06862 97.58693 0 2.07500 -12.52500 91.48064 0.10768 13
-0.39694 -0.14103 22.57340 0 4.22500 11.85000 21.00893 0.10926 13
2.03151 0.13834 95.52577 0 -4.15000 -64.10000 42.51052 0.22844 -13
-0.04075 -0.03666 97.34723 0 1.10000 2.82500 97.26660 0.10086 13
-0.38620 -0.00241 81.83387 0 0.07500 12.00000 76.33880 0.10795 13
0.46720 -0.07570 99.30583 0 2.30000 -14.20000 90.01690 0.11141 -13
-0.06532 0.04257 22.54980 0 -1.27500 2.95000 22.50193 0.10101 -13
0.29855 0.07890 88.07739 0 -2.37500 -10.52500 84.41786 0.10540 13
-0.84933 -0.19806 56.58249 0 5.97500 26.25000 43.47211 0.13363 -13
-0.84114 -0.22813 29.08570 0 6.85000 23.77500 22.49011 0.13356 13
-2.09386 -0.19415 51.43244 0 5.82500 63.55000 22.50045 0.23446 13
0.77513 -0.24279 21.16876 0 7.35000 -23.57500 16.90901 0.12977 -13
-0.88872 0.01135 52.56329 0 -0.32500 28.17500 39.29090 0.13472 -13
0.67378 -0.24240 24.97912 0 7.32500 -21.47500 20.89756 0.12388 -13
0.82808 0.00763 67.64679 0 -0.25000 -23.07500 52.10263 0.13076 13
-1.55139 -0.03023 61.52453 0 0.92500 46.32500 33.34379 0.18590 -13
-0.71233 -0.08106 57.03524 0 2.45000 23.35000 46.50575 0.12391 -13
1.01158 0.03010 72.01261 0 -0.92500 -29.07500 50.63832 0.14328 13
-0.37122 0.13639 31.39628 0 -4.12500 12.50000 29.46612 0.10830 13
-0.38033 -0.26303 31.39628 0 7.92500 12.77500 29.46612 0.11093 13
-1.13532 0.10520 18.77117 0 -3.22500 34.97500 12.44546 0.15275 13
-0.22117 -0.17003 3.26366 0 5.30000 8.25000 3.18879 0.10470 -13
2.06381 0.12011 48.96831 0 -3.65000 -62.12500 21.47720 0.23127 13
2.12803 -0.28022 48.96831 0 8.42500 -64.05000 21.47720 0.23839 13
-0.28399 0.08058 25.59809 0 -2.40000 8.25000 24.63010 0.10500 -13
0.27062 -0.20342 54.23746 0 6.15000 -11.45000 52.42545 0.10632 -13
0.15400 0.12419 32.26503 0 -3.72500 -5.50000 31.89464 0.10265 -13
0.15852 -0.27582 32.26503 0 8.32500 -5.65000 31.89464 0.10569 -13
0.69527 -0.03305 79.15102 0 1.00000 -17.97500 64.99853 0.12270 -13
0.31060 0.08769 4.72671 0 -2.75000 -7.05000 4.51559 0.10588 13
-0.09480 0.42790 4.72671 0 -2.72500 -7.12500 4.51559 0.10905 13
-0.54164 -0.21007 42.59204 0 6.35000 14.32500 37.63190 0.11648 -13
0.10598 0.08026 61.93438 0 -2.42500 -2.77500 61.59168 0.10159 13
0.72101 0.11762 2.63070 0 -3.32500 -22.62500 2.13877 0.12471 -13
0.53499 -0.11767 38.97642 0 3.52500 -16.05000 34.41989 0.11481 13
-0.43688 0.01785 63.48803 0 -0.55000 10.87500 58.17962 0.10991 13
-1.83205 -0.01790 48.43105 0 0.52500 57.02500 23.20638 0.21020 13
-0.27583 -0.12085 58.72751 0 3.65000 10.10000 56.64244 0.10517 -13
0.54423 -0.13864 91.06043 0 4.17500 -15.20000 80.15578 0.11549 13
-1.52637 -0.06225 69.05245 0 1.87500 46.60000 37.89260 0.18386 13
-0.68821 -0.10616 78.79177 0 3.20000 21.82500 65.02295 0.12272 -13
-0.44818 -0.10099 69.02925 0 3.05000 13.42500 63.04564 0.11082 13
-0.10281 -0.21120 44.05468 0 6.37500 4.20000 43.83348 0.10345 -13
0.37438 0.07633 40.41907 0 -2.30000 -11.07500 37.86653 0.10780 -13
0.95003 -0.05018 44.32740 0 1.52500 -29.07500 32.15590 0.13900 -13
-0.08835 0.00478 48.23096 0 -0.15000 -1.05000 48.04379 0.10110 13
-0.23838 -0.03437 64.32611 0 1.02500 5.40000 62.57475 0.10358 13
2.04850 -0.07792 77.76505 0 2.32500 -59.97500 34.19876 0.22968 13
0.83391 -0.00270 54.22313 0 0.10000 -23.00000 41.64360 0.13112 -13
-0.70305 -0.14665 42.35863 0 4.45000 21.47500 34.77311 0.12399 -13
1.03581 -0.20710 51.29421 0 6.27500 -30.75000 36.01195 0.14649 -13
-0.06722 0.13339 98.05205 0 -4.02500 3.50000 97.83511 0.10182 13
-0.06895 -0.26613 98.05205 0 8.02500 3.55000 97.83511 0.10443 13
1.03533 -0.03672 28.98513 0 1.07500 -32.47500 20.14407 0.14500 13
-0.59856 -0.16440 66.99562 0 4.97500 17.20000 57.68498 0.11853 -13
1.29583 0.08541 51.23617 0 -2.55000 -38.22500 31.37280 0.16505 -13
1.53879 -0.09437 51.49879 0 2.82500 -45.22500 28.14945 0.18504 13
0.70390 -0.01644 45.78673 0 0.50000 -19.77500 37.44280 0.12317 -13
-0.14854 -0.09218 59.43066 0 2.80000 2.90000 58.79092 0.10223 -13
1.52122 -0.20412 13.63542 0 6.07500 -44.27500 7.59739 0.18438 13
-1.12605 0.14087 15.39725 0 -4.30000 35.35000 10.27978 0.15236 13
-1.15175 -0.25834 15.39725 0 7.75000 36.10000 10.27978 0.15573 13
1.05966 -0.19410 92.61320 0 5.85000 -31.27500 64.18271 0.14803 -13
-0.43054 0.08363 96.69302 0 -2.52500 12.37500 88.85980 0.10996 13
-1.93936 0.14656 83.40736 0 -4.42500 58.32500 38.54602 0.22024 13
-1.97906 -0.25236 83.40736 0 7.60000 59.52500 38.54602 0.22470 13
-0.99168 -0.24511 8.15372 0 7.30000 32.50000 5.87309 0.14386 13
-0.84578 0.14525 8.36845 0 -4.47500 25.40000 6.41687 0.13277 13
-0.86351 -0.25375 8.36845 0 7.57500 25.92500 6.41687 0.13541 13
-1.27214 -0.08299 99.69282 0 2.50000 37.55000 61.74021 0.16316 13
0.55806 0.12795 26.97017 0 -3.85000 -15.32500 23.59643 0.11603 -13
0.57364 -0.27180 26.97017 0 8.22500 -15.80000 23.59643 0.11930 -13
-2.11118 -0.21922 45.24084 0 6.65000 63.87500 19.73885 0.23633 -13
-2.04032 -0.00838 47.37117 0 0.22500 61.42500 20.84896 0.22881 13
0.14896 -0.16387 39.15314 0 4.95000 -4.60000 38.73681 0.10315 -13
-1.38161 0.09509 69.85333 0 -2.85000 40.92500 41.07775 0.17201 -13
0.06631 -0.02392 3.57298 0 0.85000 -1.30000 3.56517 0.10101 -13
-0.57037 -0.10832 89.15499 0 3.27500 17.32500 77.55454 0.11645 -13
-1.05640 -0.20174 14.08969 0 6.15000 32.67500 9.78715 0.14795 -13
1.62726 0.11452 88.65142 0 -3.47500 -49.37500 46.63421 0.19269 13
0.70778 -0.06401 51.20021 0 1.95000 -18.55000 41.81978 0.12355 -13
1.95256 -1.63733 51.20021 0 2.17500 -18.70000 41.81978 0.12429 -13
-0.95291 0.75395 51.20021 0 3.12500 -19.57500 41.81978 0.12962 -13
-0.79633 -0.16841 93.81676 0 5.07500 23.97500 73.78582 0.12984 13
-0.14739 -0.22428 1.89569 0 6.47500 3.62500 1.87640 0.10422 13
0.52931 0.08568 50.27564 0 -2.60000 -17.22500 44.47003 0.11427 13
1.34087 -0.05217 46.22985 0 1.60000 -42.12500 27.66185 0.16853 -13
1.14805 -0.13028 38.33374 0 3.90000 -34.65000 25.29889 0.15387 13
0.40700 -0.07274 41.09957 0 2.20000 -15.32500 38.08167 0.10897 -13
0.34728 0.04865 88.42449 0 -1.47500 -11.45000 83.54140 0.10671 -13
-0.02927 -0.01498 54.71856 0 0.45000 4.20000 54.69513 0.10076 13
-0.28492 -0.05741 87.77099 0 1.72500 8.62500 84.42216 0.10487 13
-1.16518 -0.19770 27.45133 0 5.92500 38.10000 18.07580 0.15587 13
0.25252 -0.01898 61.64768 0 0.57500 -9.40000 59.77209 0.10388 13
-0.15523 -0.04350 9.70515 0 1.35000 9.72500 9.59045 0.10202 -13
-0.46555 -0.16991 46.81587 0 5.12500 15.27500 42.54885 0.11238 13
-0.56664 -0.23788 4.59326 0 7.30000 14.65000 4.02237 0.11835 -13
0.17558 0.03116 12.90345 0 -0.90000 -8.12500 12.70922 0.10229 -13
-0.97128 -0.13286 20.27808 0 4.05000 27.55000 14.60717 0.14105 -13
-1.41766 0.09309 68.28357 0 -2.80000 41.40000 39.47309 0.17495 -13
1.92537 -0.20075 12.67935 0 5.97500 -56.72500 5.93525 0.21931 13
1.88449 0.09271 38.40757 0 -2.82500 -55.12500 18.06306 0.21506 13
-2.10812 -0.08898 23.88102 0 2.65000 61.30000 10.26754 0.23512 13
-0.62968 -0.07795 97.17884 0 2.35000 19.47500 82.30437 0.11927 -13
-0.10450 -0.10261 32.24187 0 3.10000 5.80000 32.06902 0.10179 -13
0.56075 -0.03710 86.86651 0 1.12500 -18.80000 75.77971 0.11552 13
0.96856 -0.15933 2.21902 0 4.47500 -28.07500 1.60415 0.14099 13
-0.68462 0.02773 25.83367 0 -0.82500 19.55000 21.31945 0.12207 -13
-0.45162 0.09613 46.76141 0 -2.90000 13.55000 42.64967 0.11092 13
1.77698 0.08637 24.74100 0 -2.57500 -51.50000 12.16727 0.20551 -13
-0.06470 -0.01422 97.43488 0 0.42500 0.92500 97.23167 0.10092 13
1.66967 0.03180 84.27503 0 -0.97500 -53.95000 43.31787 0.19602 13
1.38058 -0.06868 48.77579 0 2.05000 -40.75000 28.65599 0.17181 13
-1.07379 -0.24534 45.42728 0 7.42500 32.62500 31.44109 0.14984 -13
-0.58889 -0.19410 85.40597 0 5.85000 21.40000 73.93960 0.11849 13
0.01653 -0.10581 3.80165 0 3.32500 0.65000 3.80114 0.10137 -13
0.20472 -0.11598 5.14485 0 3.40000 -6.02500 5.04178 0.10343 13
-2.08523 -0.19380 81.31089 0 5.82500 59.40000 35.68948 0.23368 13
-0.34282 -0.04221 8.41011 0 1.32500 9.17500 7.95630 0.10656 -13
0.78107 -0.06911 81.50236 0 2.10000 -20.45000 64.28952 0.12797 -13
0.50497 -0.20679 81.15254 0 6.22500 -14.32500 72.74385 0.11472 13
-0.33129 0.14194 52.24491 0 -4.30000 7.52500 49.64255 0.10705 13
-0.33868 -0.25717 52.24491 0 7.75000 7.72500 49.64255 0.10942 13
0.07458 0.10824 11.47436 0 -3.30000 -2.97500 11.44302 0.10159 13
-0.72235 -0.05831 4.11033 0 1.62500 22.05000 3.33372 0.12438 13
1.07778 -0.02499 82.89386 0 0.77500 -33.40000 56.39100 0.14809 -13
0.29003 0.03482 36.64882 0 -1.02500 -8.05000 35.20001 0.10491 -13
1.35990 -0.19219 22.58575 0 5.75000 -41.65000 13.53745 0.17105 13
0.83888 0.13355 71.90453 0 -4.02500 -25.07500 55.28782 0.13213 -13
0.86041 -0.26593 71.90453 0 8.02500 -25.75000 55.28782 0.13553 -13
1.15512 -0.19454 5.93656 0 5.72500 -35.07500 3.92690 0.15499 13
1.49099 -0.13998 55.28909 0 4.25000 -45.90000 31.00295 0.18136 -13
-0.14548 -0.08147 80.62342 0 2.47500 5.17500 79.78892 0.10210 -13
1.19693 -0.15872 48.07172 0 4.77500 -36.97500 31.04709 0.15786 13
0.62998 -0.14062 15.37037 0 4.27500 -19.60000 13.04066 0.11988 -13
-1.01108 -0.02139 59.52781 0 0.65000 31.32500 41.86505 0.14323 -13
1.72154 0.12570 24.16598 0 -3.75000 -51.35000 12.20942 0.20086 -13
1.77100 -0.27413 24.16598 0 8.32500 -52.87500 12.20942 0.20676 -13
-0.61382 0.02224 85.48272 0 -0.67500 16.85000 72.85809 0.11818 13
0.22394 -0.04967 70.33989 0 1.50000 -6.12500 68.64389 0.10332 -13
-0.06278 -0.03158 79.55784 0 0.95000 2.72500 79.40170 0.10095 -13
-0.36867 -0.01613 51.04397 0 0.50000 12.35000 47.89362 0.10734 -13
-0.13104 0.00033 17.66890 0 -0.02500 5.17500 17.51915 0.10157 13
-1.27443 -0.19632 16.57528 0 5.87500 38.15000 10.35217 0.16427 13
-0.85724 -0.12442 13.12748 0 3.70000 26.82500 9.99898 0.13321 13
-0.11516 0.04131 69.79716 0 -1.25000 4.20000 69.33969 0.10145 -13
0.39891 0.02819 11.85329 0 -0.90000 -12.40000 11.01023 0.10846 13
-0.64924 -0.17259 97.03746 0 5.20000 22.62500 81.73981 0.12132 13
0.91154 -0.10291 33.15414 0 3.07500 -25.90000 24.56060 0.13665 13
0.41948 -0.13600 6.87009 0 4.02500 -12.97500 6.34375 0.11004 13
-0.74678 -0.11357 91.68520 0 3.42500 19.65000 73.62936 0.12620 -13
0.80975 -0.17028 96.21753 0 5.12500 -23.65000 75.19659 0.13070 13
0.59100 -0.24853 62.71665 0 7.50000 -18.87500 54.40323 0.11963 -13
0.34353 -0.11220 76.42113 0 3.40000 -9.25000 72.32283 0.10708 -13
0.42327 -0.16809 46.34149 0 5.07500 -14.75000 42.76526 0.11066 -13
-0.30110 -0.00578 56.37100 0 0.17500 8.17500 53.97716 0.10517 13
-1.28023 -0.20400 47.66982 0 6.12500 37.30000 29.71464 0.16486 13
-0.23612 -0.05614 29.08451 0 1.67500 4.80000 28.30846 0.10362 13
0.30316 -0.17518 89.31982 0 5.30000 -7.17500 85.58551 0.10670 -13
0.43907 -0.16230 29.02436 0 4.92500 -12.05000 26.63073 0.11119 -13
-0.71225 0.05671 1.05264 0 -1.15000 21.87500 0.85763 0.12432 -13
-0.99155 -0.18771 61.60154 0 5.65000 28.90000 44.11678 0.14307 13
-0.07598 -0.24112 98.30519 0 7.27500 2.85000 98.03805 0.10387 13
-0.22785 -0.06266 43.14698 0 1.90000 5.60000 42.07298 0.10348 -13
1.37060 -0.14887 82.03437 0 4.47500 -39.82500 48.69723 0.17150 13
-1.98281 -0.07342 7.95783 0 2.07500 59.45000 3.59158 0.22367 13
-0.55592 -0.01832 63.88147 0 0.55000 18.85000 55.83602 0.11523 13
-0.47542 -0.02987 46.09815 0 0.92500 13.95000 41.63609 0.11155 -13
-0.84928 0.04108 19.95276 0 -1.27500 27.75000 15.21337 0.13219 13
-0.12468 0.11273 60.73147 0 -3.40000 4.75000 60.27063 0.10211 -13
-0.74441 0.08244 48.40880 0 -2.50000 22.40000 38.87803 0.12582 13
0.52015 0.10720 93.81767 0 -3.25000 -17.80000 83.33237 0.11403 13
-0.36651 -0.16562 93.57027 0 5.00000 9.80000 87.99465 0.10855 -13
-0.12135 0.06009 37.52544 0 -1.82500 2.42500 37.25312 0.10163 13
1.62943 -0.00566 86.76484 0 0.17500 -51.10000 45.38426 0.19253 -13
0.26567 0.11342 86.53404 0 -3.42500 -9.35000 83.66796 0.10482 -13
-1.21077 -0.20665 78.99427 0 6.22500 37.50000 50.92754 0.15949 13
-0.61997 -0.20433 77.40908 0 6.17500 17.82500 66.16033 0.12027 -13
0.89124 0.00597 95.48598 0 -0.17500 -26.95000 71.28404 0.13489 13
0.40107 -0.01816 74.19860 0 0.55000 -11.45000 68.86788 0.10852 -13
0.25188 -0.00037 39.86700 0 -0.00000 -9.12500 38.65955 0.10385 13
-0.68001 -0.05478 16.09470 0 1.62500 24.75000 13.31518 0.12190 13
-0.03864 -0.12720 59.27022 0 3.85000 1.75000 59.22674 0.10159 -13
0.66553 -0.16707 14.69841 0 5.07500 -20.50000 12.28773 0.12216 -13
0.86569 0.05893 2.95384 0 -1.55000 -26.00000 2.23481 0.13337 -13
-0.54079 -0.06375 63.74469 0 1.92500 16.00000 56.09666 0.11467 -13
-1.48477 -0.22920 85.97325 0 6.90000 45.05000 48.87282 0.18173 13
0.27053 -0.06875 51.75383 0 2.07500 -9.95000 49.96591 0.10456 -13
-0.89426 -0.08582 81.36283 0 2.60000 29.05000 60.74787 0.13538 -13
0.33649 -0.12650 63.91040 0 3.80000 -7.80000 60.62162 0.10701 13
0.33414 -0.15174 87.68202 0 4.57500 -12.22500 83.25658 0.10727 -13
1.39857 -0.13873 40.39501 0 4.20000 -42.10000 23.64308 0.17372 -13
0.70151 -0.24361 36.47268 0 7.37500 -20.35000 30.13775 0.12545 -13
-0.74708 -0.09549 20.73329 0 2.85000 23.40000 16.63695 0.12606 13
-0.27178 -0.08678 27.42480 0 2.62500 7.10000 26.47164 0.10473 -13
-1.40414 -0.01913 44.79060 0 0.60000 39.62500 25.98647 0.17361 -13
-1.46769 0.04992 27.99690 0 -1.52500 45.57500 15.77776 0.17892 13
1.60230 -0.09249 81.75801 0 2.80000 -48.00000 43.41981 0.19044 -13
-0.25714 0.07653 74.78208 0 -2.30000 10.32500 72.43899 0.10426 -13
0.79186 -0.17986 35.12571 0 5.45000 -25.02500 27.70497 0.12974 -13
0.49653 -0.13074 84.64687 0 3.92500 -15.97500 75.94151 0.11320 13
-0.23036 -0.08388 6.59386 0 2.60000 4.40000 6.42670 0.10372 -13
-1.46557 -0.20654 46.34552 0 6.20000 43.75000 26.49421 0.17985 13
-0.99916 -0.02957 73.69160 0 0.87500 29.72500 52.14135 0.14239 13
0.04739 -0.05157 69.99349 0 1.57500 -0.97500 69.91525 0.10095 -13
1.47482 -0.16134 88.09915 0 4.87500 -42.62500 49.87666 0.18019 -13
-1.18050 -0.10190 80.96267 0 3.07500 35.42500 52.48868 0.15613 13
1.30542 -0.00883 55.77469 0 0.25000 -39.70000 33.91815 0.16560 13
-0.51106 -0.00537 99.05567 0 0.15000 15.17500 88.20470 0.11309 13
-0.23779 0.07368 42.93164 0 -2.22500 7.17500 41.77310 0.10378 13
1.22724 -0.19248 96.90194 0 5.82500 -36.45000 61.87910 0.16060 -13
0.02048 -0.13532 88.54557 0 4.07500 -1.65000 88.52735 0.10164 -13
-0.79792 0.00651 93.94406 0 -0.20000 21.85000 73.43294 0.12883 -13
0.47033 -0.04551 75.74978 0 1.37500 -13.60000 68.55936 0.11138 -13
1.18534 -0.10684 10.21382 0 3.30000 -36.42500 6.60836 0.15659 -13
0.38208 0.05330 93.19704 0 -1.62500 -12.12500 87.07435 0.10794 13
-1.17791 -0.02995 79.98874 0 0.92500 37.67500 51.78128 0.15564 -13
0.86200 -0.04940 19.36237 0 1.45000 -25.35000 14.67330 0.13303 13
-0.57630 -0.12086 61.91113 0 3.62500 16.00000 53.73732 0.11686 13
-0.32274 0.03837 88.79097 0 -1.17500 9.50000 84.50509 0.10589 13
-1.45912 0.00040 68.10784 0 -0.02500 41.42500 38.50248 0.17814 13
-1.73412 0.07150 16.61680 0 -2.22500 52.67500 8.31628 0.20176 13
-2.10866 -0.18717 34.04592 0 5.67500 62.85000 14.79387 0.23583 -13
-1.16454 0.00635 28.38853 0 -0.22500 36.40000 18.49478 0.15458 13
-0.30840 0.02218 70.27759 0 -0.67500 10.60000 67.15797 0.10540 13
-1.32262 0.06606 67.92771 0 -2.00000 41.20000 41.02435 0.16711 13
-0.34591 -0.05888 58.46635 0 1.77500 11.75000 55.26408 0.10672 13
0.48689 0.10926 97.78725 0 -3.30000 -14.75000 88.01902 0.11255 13
-0.03913 -0.11667 50.97584 0 3.50000 2.67500 50.93741 0.10146 13
-0.85657 -0.01199 75.84559 0 0.35000 26.92500 57.60430 0.13260 13
0.69417 -0.01323 72.24689 0 0.40000 -21.57500 59.35065 0.12259 -13
1.10793 0.02971 60.58416 0 -0.87500 -32.45000 40.60241 0.15032 -13
-0.32510 -0.04405 37.42699 0 1.32500 14.17500 35.59664 0.10598 13
0.33663 0.11614 73.79095 0 -3.50000 -9.07500 69.98216 0.10689 13
-0.88603 0.12728 29.88728 0 -3.85000 28.30000 22.44844 0.13517 13
-0.91103 -0.27261 29.88728 0 8.20000 29.05000 22.44844 0.13894 13
0.21873 0.14799 60.11107 0 -4.47500 -6.22500 58.75149 0.10416 13
0.22309 -0.25086 60.11107 0 7.55000 -6.35000 58.75149 0.10622 13
1.46576 -0.21301 72.00215 0 6.42500 -44.12500 41.19346 0.17999 -13
1.44544 -0.06192 72.74605 0 1.85000 -45.15000 41.44158 0.17711 13
0.35779 0.11548 5.30324 0 -3.37500 -10.75000 4.99654 0.10758 -13
-1.67552 -0.02023 76.34726 0 0.60000 51.55000 39.13308 0.19651 13
-0.44221 -0.18393 85.89920 0 5.55000 13.57500 78.77212 0.11165 13
-0.99518 0.11498 48.28352 0 -3.47500 28.92500 34.33534 0.14255 13
1.03684 0.06258 84.83143 0 -1.87500 -29.12500 58.95027 0.14519 -13
-0.97798 -0.06923 91.31339 0 2.10000 27.82500 65.35997 0.14103 -13
-1.33504 -0.16818 60.25279 0 5.07500 38.42500 36.44435 0.16885 -13
0.26026 -0.18676 36.94513 0 5.65000 -8.15000 35.79241 0.10575 -13
-0.71933 0.05069 13.65078 0 -1.57500 19.75000 11.08633 0.12417 13
0.05917 -0.22955 8.88560 0 6.97500 0.22500 8.87087 0.10355 -13
0.30397 -0.01200 72.18907 0 0.37500 -9.60000 69.06896 0.10526 -13
1.30298 0.08396 56.35789 0 -2.52500 -37.80000 34.38823 0.16562 -13
-0.52366 -0.23212 25.97371 0 7.02500 16.60000 23.13739 0.11607 -13
-1.51444 0.10549 47.98833 0 -3.17500 45.82500 26.54499 0.18305 -13
0.86650 -0.04687 7.23909 0 1.32500 -27.80000 5.47349 0.13333 13
-0.11311 0.01920 82.03236 0 -0.57500 2.72500 81.51273 0.10137 13
-2.06247 -0.08733 44.09848 0 2.65000 63.57500 19.29913 0.23100 -13
