0.04174 0.07672 42.83150 0 -2.30000 0.30000 42.79447 0.10108 -13
0.45947 0.01641 88.29408 0 -0.50000 -14.72500 80.23226 0.11084 13
0.21959 -0.09022 14.16845 0 2.75000 -6.55000 13.84147 0.10351 -13
0.02743 -0.02582 34.35721 0 0.80000 -0.05000 34.34430 0.10077 -13
-1.26054 -0.12471 66.25719 0 3.77500 38.55000 41.37382 0.16252 -13
-0.70825 -0.00001 99.30806 0 -0.00000 19.92500 81.04120 0.12340 13
0.28103 -0.21491 36.32601 0 6.50000 -7.52500 35.02794 0.10683 -13
0.57161 -0.08219 42.68785 0 2.47500 -19.02500 37.09080 0.11629 13
-0.85486 0.02088 26.81043 0 -0.65000 24.00000 20.38066 0.13251 13
-1.75443 0.04399 43.89521 0 -1.30000 54.17500 21.75264 0.20340 -13
-0.93773 0.14615 31.06379 0 -4.37500 27.92500 22.77120 0.13882 -13
-0.95704 -0.25273 31.06379 0 7.65000 28.50000 22.77120 0.14172 -13
0.84248 -0.14226 93.85200 0 4.27500 -27.00000 72.07300 0.13245 13
0.64196 -0.05532 36.54993 0 1.67500 -20.30000 30.77102 0.11980 -13
-0.14765 -0.18481 40.34663 0 5.60000 3.65000 39.92797 0.10349 -13
-0.04644 -0.22152 30.06031 0 6.67500 2.85000 30.02946 0.10324 13
0.51649 0.04828 30.99553 0 -1.45000 -16.27500 27.54585 0.11344 -13
0.05266 -0.15621 11.05871 0 4.67500 -2.40000 11.04379 0.10204 13
0.75824 -0.02657 75.50723 0 0.80000 -23.67500 60.17485 0.12640 -13
-0.94381 -0.01719 83.15924 0 0.52500 29.30000 60.48095 0.13849 -13
-0.57036 -0.18798 8.80322 0 5.72500 14.60000 7.67907 0.11752 -13
-0.46337 -0.14257 20.03217 0 4.32500 15.75000 18.20778 0.11193 -13
1.56217 -0.08720 96.40488 0 2.65000 -46.67500 52.11346 0.18701 -13
0.45834 -0.08973 87.39507 0 2.70000 -13.05000 79.50273 0.11114 13
-1.17272 -0.18296 7.51142 0 5.42500 35.52500 4.92060 0.15621 13
-1.15478 -0.04785 26.02651 0 1.42500 34.87500 17.04859 0.15390 13
-0.59572 -0.06475 42.16016 0 1.95000 18.95000 36.23974 0.11740 13
-0.39240 -0.18200 38.85162 0 5.47500 13.60000 36.24457 0.10971 13
-0.61716 -0.18698 87.19344 0 5.62500 18.70000 74.54812 0.11982 13
-0.86304 0.01973 25.70261 0 -0.62500 24.42500 19.45987 0.13303 13
0.57175 0.13414 76.86489 0 -4.05000 -17.42500 66.87401 0.11679 13
0.58626 -0.26535 76.86489 0 8.00000 -17.85000 66.87401 0.11975 13
0.91489 -0.22377 8.75949 0 6.82500 -26.90000 6.53434 0.13842 -13
-1.14141 -0.23174 41.76405 0 7.00000 33.95000 27.92751 0.15461 -13
-0.10438 0.05966 28.76472 0 -1.82500 0.27500 28.60984 0.10143 13
0.21447 -0.10559 87.51344 0 3.20000 -8.70000 85.58829 0.10355 -13
-0.34957 -0.05989 22.22075 0 1.82500 10.05000 20.98028 0.10686 -13
0.21793 -0.13819 88.41954 0 4.17500 -6.65000 86.42841 0.10400 13
1.52417 -0.06037 47.55213 0 1.80000 -43.45000 26.11841 0.18367 13
0.21566 -0.09253 60.12311 0 2.80000 -7.02500 58.78302 0.10344 -13
-0.32913 0.03460 18.32891 0 -1.02500 8.72500 17.41131 0.10607 -13
2.10142 -0.24827 67.27866 0 7.50000 -61.65000 29.61818 0.23573 -13
1.28302 0.10376 31.60705 0 -3.15000 -37.12500 19.49468 0.16417 13
0.02134 -0.02894 71.73554 0 0.87500 -0.72500 71.71922 0.10076 13
0.40686 0.06288 91.49600 0 -1.90000 -9.70000 84.77380 0.10890 13
0.56237 0.08386 42.63487 0 -2.52500 -14.75000 37.19261 0.11584 -13
-1.21733 -0.14104 14.69414 0 4.30000 34.55000 9.38235 0.15932 -13
0.56202 0.14460 5.14583 0 -4.47500 -18.45000 4.49722 0.11651 13
0.57412 -0.25447 5.14583 0 7.55000 -18.77500 4.49722 0.11881 13
-0.82937 -0.17120 61.29675 0 5.15000 26.75000 47.45727 0.13195 13
-1.09211 -0.15953 42.70582 0 4.82500 31.62500 29.03666 0.14999 -13
-0.37694 -0.24048 36.53073 0 7.27500 9.80000 34.29997 0.11032 -13
-0.33952 -0.09599 74.06660 0 2.90000 11.67500 70.16763 0.10678 13
0.29449 0.12032 30.90000 0 -3.65000 -7.77500 29.65843 0.10568 13
0.30362 -0.27997 30.90000 0 8.42500 -8.05000 29.65843 0.10893 13
-1.68723 0.00631 40.59280 0 -0.17500 52.00000 20.69707 0.19751 -13
-0.25242 -0.04618 11.07941 0 1.35000 8.22500 10.74315 0.10397 13
-0.06963 -0.02884 77.47602 0 0.87500 1.40000 77.28904 0.10099 -13
0.49535 0.00739 49.89529 0 -0.22500 -13.65000 44.71074 0.11238 13
0.33137 -0.12378 41.46086 0 3.75000 -10.05000 39.38581 0.10683 -13
-0.06477 -0.03319 93.01147 0 1.00000 2.52500 92.81719 0.10097 -13
0.63373 -0.12150 97.06216 0 3.65000 -20.65000 82.15650 0.11984 13
-1.45916 0.11719 23.32346 0 -3.50000 45.22500 13.24653 0.17850 -13
-1.24532 0.11091 47.44282 0 -3.35000 36.35000 29.81604 0.16123 13
-0.50963 -0.04257 16.08145 0 1.25000 15.60000 14.33070 0.11310 13
0.87826 -0.17066 22.45156 0 5.17500 -23.90000 16.97446 0.13515 -13
-1.27150 0.02759 16.48178 0 -0.77500 38.80000 10.19140 0.16292 -13
0.37678 -0.23709 67.29032 0 7.15000 -14.40000 63.17820 0.11022 13
0.16182 0.08491 83.30325 0 -2.55000 -4.75000 82.24097 0.10237 -13
-0.56688 0.11420 62.66278 0 -3.42500 16.77500 54.59839 0.11632 -13
1.34282 -0.22506 68.27951 0 6.80000 -43.60000 41.42944 0.17013 -13
0.40969 -0.24307 94.41638 0 7.32500 -13.00000 87.72086 0.11137 13
0.40968 -0.24307 94.41638 0 7.32500 -13.00000 87.72086 0.11149 13
0.34421 0.01682 46.31733 0 -0.52500 -11.15000 43.79612 0.10652 13
-0.03015 -0.02786 28.30199 0 0.82500 0.62500 28.28914 0.10079 13
0.38799 -0.08562 75.72043 0 2.60000 -9.12500 70.62697 0.10836 -13
0.05277 0.11667 32.27311 0 -3.52500 -2.95000 32.22888 0.10153 13
-0.96124 -0.20020 93.87430 0 6.02500 31.05000 68.31329 0.14112 13
-0.87075 -0.06434 56.55402 0 1.92500 26.67500 42.68875 0.13368 13
0.22341 0.10839 3.00198 0 -3.10000 -9.50000 2.93047 0.10377 -13
0.67271 0.04187 39.46432 0 -1.27500 -21.07500 32.75341 0.12145 13
0.74680 0.13437 20.11279 0 -4.02500 -21.32500 16.16565 0.12640 -13
0.76571 -0.26508 20.11279 0 8.02500 -21.92500 16.16565 0.12965 -13
1.44496 -0.85771 20.11279 0 -3.95000 -21.42500 16.16565 0.12675 -13
-1.10612 1.03833 20.11279 0 -2.27500 -22.90000 16.16565 0.13578 -13
0.39043 -0.51856 20.11279 0 -3.52500 -25.22500 16.16565 0.15890 -13
0.13579 0.61764 20.11279 0 -2.80000 -26.05000 16.16565 0.17567 -13
-0.09273 -4.01508 20.11279 0 -3.62500 -25.02500 16.16565 0.18388 -13
-1.89571 -0.00398 4.31886 0 0.37500 59.12500 2.01459 0.21597 -13
1.59839 -0.20854 53.37040 0 6.30000 -49.37500 28.73985 0.19105 -13
-1.11600 -0.09132 76.25132 0 2.77500 32.55000 51.00309 0.15119 -13
-0.52793 -0.20506 40.98764 0 6.20000 16.17500 36.40712 0.11574 -13
-0.70025 0.11176 8.06213 0 -3.45000 21.45000 6.61682 0.12350 13
0.79560 -0.15577 6.46229 0 4.60000 -22.47500 5.08061 0.12958 13
0.29395 0.13139 4.10790 0 -3.82500 -8.50000 3.94380 0.10577 -13
0.30148 -0.26759 4.10790 0 8.22500 -8.75000 3.94380 0.10875 -13
-0.51384 0.01630 18.49831 0 -0.52500 17.07500 16.45337 0.11324 13
-0.07401 -0.00826 81.49250 0 0.25000 2.97500 81.27025 0.10099 -13
1.79325 -0.06270 75.99942 0 1.90000 -53.32500 37.07057 0.20687 -13
1.24471 -0.13523 70.41012 0 4.10000 -34.30000 44.34284 0.16137 -13
-1.07115 -0.05717 4.27256 0 1.55000 32.97500 2.91823 0.14768 13
-0.85392 -0.07400 75.79154 0 2.25000 27.60000 57.70363 0.13263 -13
0.57082 -0.10038 77.91495 0 3.02500 -18.85000 67.74920 0.11640 -13
0.29444 0.05972 41.56790 0 -1.80000 -8.97500 39.88103 0.10515 -13
2.11061 -0.22578 25.26609 0 6.77500 -62.17500 11.03937 0.23621 13
-0.17559 0.13602 29.31508 0 -4.07500 6.60000 28.88110 0.10315 -13
-0.17993 -0.26329 29.31508 0 7.95000 6.72500 28.88110 0.10572 -13
0.59929 -0.20854 70.75577 0 6.27500 -18.47500 61.02869 0.11926 13
-0.84789 -0.16027 29.92553 0 4.82500 24.40000 22.94591 0.13299 13
0.63016 0.03747 17.59009 0 -1.10000 -18.95000 14.88472 0.11909 -13
0.43254 -0.09203 63.82970 0 2.77500 -11.85000 58.62282 0.11011 13
0.78979 -0.08066 23.35577 0 2.45000 -21.57500 18.35105 0.12859 -13
0.33156 -0.16965 69.80091 0 5.10000 -9.82500 66.34602 0.10746 13
0.11403 0.00318 88.01803 0 -0.10000 -2.10000 87.45133 0.10136 -13
-0.19700 -0.02577 2.57462 0 0.97500 6.12500 2.52606 0.10278 -13
-0.08394 -0.06150 78.23765 0 1.85000 1.90000 77.96451 0.10125 13
0.62880 -0.22339 74.55417 0 6.75000 -21.20000 63.54308 0.12107 -13
1.09068 0.14444 20.23735 0 -4.40000 -34.30000 13.75332 0.14974 13
1.11388 -0.25452 20.23735 0 7.65000 -35.00000 13.75332 0.15286 13
1.53602 -0.13388 74.26051 0 4.02500 -47.07500 40.76984 0.18505 13
-0.16592 0.13839 99.23388 0 -4.17500 5.02500 97.92020 0.10303 13
-0.16985 -0.26087 99.23388 0 7.87500 5.15000 97.92020 0.10546 13
0.34261 -0.19485 91.55350 0 5.87500 -8.57500 86.77804 0.10824 13
-0.77518 0.03924 62.27947 0 -1.20000 21.50000 49.23686 0.12748 13
-1.28209 -0.10539 44.89097 0 3.15000 39.87500 27.70379 0.16407 13
0.12088 0.10314 8.82288 0 -3.17500 -2.25000 8.75977 0.10200 13
-0.08954 -0.02829 43.07970 0 0.85000 5.72500 42.90818 0.10115 13
-0.87706 -0.06269 53.52036 0 1.90000 26.15000 40.27102 0.13410 -13
1.00114 0.06616 58.53098 0 -1.97500 -30.42500 41.40941 0.14265 -13
-0.50771 -0.20755 18.38438 0 6.30000 15.42500 16.46250 0.11488 -13
1.09977 -0.16401 84.03470 0 4.95000 -32.00000 56.94420 0.15060 -13
-0.46243 0.10491 16.11244 0 -3.12500 15.07500 14.63839 0.11144 -13
1.24433 0.10647 19.80802 0 -3.17500 -40.45000 12.45083 0.16109 -13
-0.18854 0.05976 13.28518 0 -1.85000 5.00000 13.05597 0.10266 13
-0.62154 -0.10114 48.33390 0 3.05000 18.50000 41.10888 0.11900 13
0.82998 -0.03682 11.21723 0 1.05000 -25.35000 8.63414 0.13092 13
-0.26152 -0.01591 5.51757 0 0.57500 7.87500 5.33811 0.10413 -13
1.82988 -0.20668 67.26844 0 6.25000 -54.92500 32.77924 0.21105 -13
1.40107 -0.00912 87.38861 0 0.27500 -43.55000 50.76977 0.17334 -13
-0.60555 -0.21599 96.58547 0 6.50000 18.82500 83.11648 0.11972 13
-1.42242 -0.22512 49.57838 0 6.80000 43.35000 28.98547 0.17658 -13
0.98047 0.14066 44.97070 0 -4.25000 -31.10000 32.26410 0.14176 13
1.00281 -0.25851 44.97070 0 7.77500 -31.77500 32.26410 0.14496 13
1.04661 -0.18585 20.05575 0 5.65000 -32.75000 13.97761 0.14700 -13
-0.06744 -0.16795 35.21384 0 5.07500 4.37500 35.13621 0.10235 -13
0.40746 0.00333 69.40935 0 -0.10000 -12.00000 64.27820 0.10874 -13
0.37038 0.10200 7.86544 0 -3.15000 -12.50000 7.38044 0.10791 13
-0.99299 0.07185 60.76817 0 -2.17500 28.55000 43.17498 0.14211 13
0.82826 -0.18170 60.48238 0 5.50000 -26.15000 46.88584 0.13204 -13
-0.14917 0.14273 56.77844 0 -4.30000 2.77500 56.16929 0.10282 -13
-0.15245 -0.25631 56.77844 0 7.75000 2.87500 56.16929 0.10510 -13
-1.64899 -0.24020 7.46089 0 7.12500 46.67500 3.94787 0.19557 13
-0.14480 0.14127 30.14076 0 -4.25000 4.67500 29.83569 0.10274 -13
-0.14806 -0.25782 30.14076 0 7.80000 4.77500 29.83569 0.10508 -13
-0.37207 -0.19524 66.02999 0 5.87500 11.85000 62.02370 0.10923 13
0.66351 -0.11200 96.16160 0 3.37500 -17.12500 80.27979 0.12138 13
-0.54218 -0.00530 69.18606 0 0.17500 16.12500 60.82193 0.11455 -13
1.00967 0.08217 61.96551 0 -2.50000 -32.00000 43.67913 0.14335 13
0.99265 -0.18095 2.57996 0 5.17500 -30.65000 1.84581 0.14294 13
0.09861 -0.09267 20.37312 0 2.77500 -4.17500 20.27566 0.10162 13
0.75737 -0.00178 58.52577 0 0.07500 -23.60000 46.65492 0.12632 -13
0.13638 -0.17158 48.67584 0 5.17500 -3.80000 48.24212 0.10308 13
-1.33720 0.07434 29.60015 0 -2.27500 42.65000 17.75888 0.16833 13
1.16846 0.04431 7.82901 0 -1.42500 -35.50000 5.09349 0.15498 13
0.31438 -0.19581 87.57416 0 5.92500 -9.32500 83.68181 0.10740 -13
1.30566 -0.13393 29.78220 0 4.07500 -39.87500 18.20989 0.16619 -13
0.08732 -0.08540 24.70934 0 2.55000 -1.62500 24.61633 0.10145 13
0.36579 0.10311 84.82969 0 -3.10000 -11.45000 79.71664 0.10773 -13
-0.93991 0.04124 48.22032 0 -1.22500 29.65000 35.15062 0.13826 -13
1.30113 0.08522 84.04184 0 -2.57500 -40.90000 51.32979 0.16548 13
0.04084 0.12166 22.99965 0 -3.70000 -1.00000 22.98079 0.10154 13
0.04208 -0.27856 22.99965 0 8.37500 -1.05000 22.98079 0.10461 13
-0.04065 -0.06128 3.14491 0 2.02500 -0.70000 3.14229 0.10107 -13
0.06605 0.06558 26.39605 0 -2.00000 -0.90000 26.33892 0.10115 13
-0.71470 0.03459 59.87066 0 -1.05000 21.12500 48.71913 0.12383 13
0.65450 -0.04199 99.80419 0 1.25000 -19.45000 83.53016 0.12042 13
-0.02979 -0.20263 29.74397 0 6.10000 1.02500 29.73127 0.10278 13
-1.40140 -0.04291 70.71805 0 1.30000 44.15000 41.10164 0.17343 -13
0.50751 -0.22850 20.15126 0 6.92500 -13.70000 18.06174 0.11527 -13
0.71089 -0.21846 8.79977 0 6.67500 -18.17500 7.22804 0.12556 -13
1.07259 -0.13055 3.69259 0 3.75000 -32.10000 2.52898 0.14822 13
0.19205 -0.04101 81.49315 0 1.22500 -3.32500 80.03304 0.10263 13
0.14581 -0.00134 86.55239 0 0.02500 -6.57500 85.64678 0.10177 13
0.01950 -0.13388 84.87907 0 4.05000 -2.42500 84.86323 0.10162 -13
-2.17788 0.00516 11.57075 0 -0.05000 64.60000 4.82790 0.24136 -13
0.09386 0.01999 20.73052 0 -0.57500 -2.15000 20.63982 0.10117 -13
0.84163 0.13105 56.87013 0 -3.95000 -26.65000 43.66320 0.13228 -13
0.86408 -0.26858 56.87013 0 8.10000 -27.32500 43.66320 0.13582 -13
-1.62730 -0.11098 71.72271 0 3.32500 48.77500 37.71818 0.19266 13
1.53511 -0.07014 52.54648 0 2.10000 -46.27500 28.73145 0.18462 13
0.17163 -0.04835 79.30944 0 1.47500 -4.87500 78.16916 0.10230 -13
-0.18508 0.00638 84.66098 0 -0.20000 5.90000 83.24723 0.10242 13
-0.39969 -0.13828 76.61193 0 4.17500 13.22500 71.23236 0.10934 13
0.18086 -0.09141 59.87082 0 2.77500 -7.85000 58.92267 0.10275 -13
-1.11042 -0.23509 31.86443 0 7.07500 33.15000 21.63888 0.15231 13
-0.70599 0.04845 94.17860 0 -1.47500 22.97500 76.96697 0.12337 13
-1.28702 0.13309 89.95505 0 -4.00000 38.95000 55.49225 0.16468 -13
-1.32025 -0.26641 89.95505 0 8.05000 39.95000 55.49225 0.16895 -13
-0.45654 -0.12836 43.74439 0 3.87500 12.97500 39.84950 0.11146 -13
-0.21674 0.14366 82.05196 0 -4.32500 8.60000 80.22644 0.10405 -13
-0.22141 -0.25535 82.05196 0 7.70000 8.72500 80.22644 0.10630 -13
-1.85605 -0.19452 88.28465 0 5.85000 58.02500 42.47957 0.21320 13
-0.90605 -0.01217 96.68035 0 0.37500 25.70000 71.64844 0.13590 -13
0.44765 0.08601 62.11881 0 -2.60000 -13.45000 56.73215 0.11068 13
-0.43328 -0.11820 72.85867 0 3.55000 13.27500 66.92600 0.11039 13
-0.25775 -0.16816 36.77245 0 5.10000 8.35000 35.63910 0.10538 -13
0.79543 -0.07026 27.25043 0 2.10000 -23.20000 21.34693 0.12886 13
-0.48833 0.01140 79.88536 0 -0.35000 14.30000 71.78462 0.11207 13
0.95385 0.09632 47.97978 0 -2.90000 -27.17500 34.79577 0.13950 -13
-0.11471 -0.19403 35.78045 0 5.87500 5.67500 35.55574 0.10324 -13
-0.35830 -0.21156 53.29201 0 6.40000 10.37500 50.29161 0.10908 -13
-1.60271 -0.21708 99.97810 0 6.55000 48.50000 53.80259 0.19150 -13
-1.00696 -0.08128 31.79435 0 2.42500 30.87500 22.44100 0.14314 13
1.67202 -0.05728 27.95981 0 1.75000 -52.35000 14.36894 0.19631 -13
-0.16636 0.13076 23.43516 0 -3.97500 5.07500 23.12273 0.10294 13
-0.17084 -0.26894 23.43516 0 8.10000 5.20000 23.12273 0.10567 13
1.23648 -0.23352 62.62688 0 7.02500 -37.17500 40.01216 0.16185 13
-0.53152 -0.21063 84.94383 0 6.35000 18.75000 75.36027 0.11599 13
1.53391 0.05336 17.35782 0 -1.55000 -45.70000 9.48919 0.18445 -13
-0.57717 -0.12637 18.51642 0 3.77500 18.10000 16.06861 0.11695 13
0.03488 0.07302 70.52413 0 -2.20000 -1.97500 70.48152 0.10104 13
-2.14366 0.06645 83.78893 0 -2.00000 63.05000 35.48586 0.23830 -13
0.49478 -0.01066 57.52533 0 0.32500 -14.42500 51.56005 0.11236 -13
0.30108 0.14282 19.27914 0 -4.27500 -9.57500 18.47590 0.10614 -13
0.30767 -0.25618 19.27914 0 7.75000 -9.77500 18.47590 0.10850 -13
1.41033 0.01888 71.95246 0 -0.55000 -39.50000 41.62259 0.17411 -13
0.16341 -0.16993 62.89659 0 5.12500 -5.55000 62.09584 0.10346 -13
0.00392 -0.16884 46.84090 0 5.07500 -0.15000 46.84055 0.10212 13
1.83556 0.08480 34.55232 0 -2.57500 -54.47500 16.57599 0.21067 13
1.75894 -0.13679 86.78514 0 4.15000 -53.57500 43.19174 0.20423 -13
-2.07897 -0.18175 95.25222 0 5.47500 64.77500 41.83452 0.23303 13
0.41611 -0.21383 92.70777 0 6.45000 -10.80000 85.87081 0.11118 -13
-0.33044 -0.11281 17.72759 0 3.42500 14.25000 16.84292 0.10668 -13
-1.20417 -0.00560 85.34147 0 0.15000 36.07500 54.52294 0.15762 13
-0.99079 0.08004 14.81768 0 -2.37500 29.00000 10.54256 0.14198 -13
-0.99403 -0.01971 14.66352 0 0.55000 27.40000 10.40069 0.14201 13
-0.11522 0.03324 42.26850 0 -1.02500 4.40000 41.99112 0.10143 13
-1.78191 -0.24503 56.27971 0 7.37500 54.67500 28.15847 0.20720 13
0.65988 -0.16855 17.57192 0 5.05000 -21.47500 14.72826 0.12182 13
-0.18482 -0.00402 92.56572 0 0.12500 4.52500 91.02422 0.10241 -13
-1.70149 0.13118 82.70525 0 -3.95000 50.60000 42.17106 0.19919 -13
-1.74677 -0.26842 82.70525 0 8.10000 51.97500 42.17106 0.20452 -13
0.30742 -0.12855 28.88534 0 3.85000 -11.17500 27.62953 0.10614 13
0.13011 0.08915 37.24077 0 -2.67500 -8.10000 36.93182 0.10194 -13
0.82557 0.01491 8.94854 0 -0.52500 -23.80000 6.90105 0.13061 13
0.17877 -0.03877 3.62425 0 1.30000 -8.57500 3.56778 0.10244 -13
-2.10189 -0.19271 12.59689 0 5.90000 62.17500 5.49305 0.23533 -13
1.17941 -0.15205 54.37715 0 4.60000 -34.42500 35.40051 0.15647 -13
-0.44677 0.13697 64.04117 0 -4.12500 13.02500 58.56118 0.11115 -13
-0.45761 -0.26234 64.04117 0 7.92500 13.35000 58.56118 0.11386 -13
-0.74741 -0.19318 71.30744 0 5.82500 21.87500 57.48812 0.12721 13
-0.88013 -0.08110 17.46026 0 2.40000 27.22500 13.12494 0.13440 13
-0.32801 -0.13902 72.13634 0 4.20000 7.15000 68.60634 0.10691 -13
-0.12415 -0.20295 72.94781 0 6.12500 4.50000 72.41370 0.10352 -13
-1.17012 -0.24173 55.18255 0 7.30000 36.07500 36.43680 0.15692 -13
1.22768 -0.16480 46.05841 0 5.00000 -35.60000 29.32226 0.16033 -13
0.45775 0.13426 97.81612 0 -4.05000 -11.62500 89.07748 0.11157 -13
0.46936 -0.26519 97.81612 0 8.00000 -11.97500 89.07748 0.11441 -13
1.37116 0.01334 46.13685 0 -0.42500 -41.20000 27.18792 0.17091 13
0.55121 -0.20355 64.29672 0 6.15000 -15.75000 56.57190 0.11681 -13
-1.31745 -0.17107 97.15777 0 5.15000 38.45000 59.27823 0.16744 13
1.60247 -0.03399 53.76293 0 1.00000 -46.07500 28.47325 0.19025 13
-0.23881 0.04430 81.37777 0 -1.35000 5.40000 79.15630 0.10363 13
0.19574 -0.03340 67.31918 0 1.00000 -8.45000 66.06684 0.10267 13
0.45108 -0.08461 40.92747 0 2.55000 -12.92500 37.33008 0.11080 13
-1.21407 -0.04169 47.28460 0 1.27500 34.55000 30.07833 0.15845 -13
1.15848 -0.05443 73.86015 0 1.62500 -38.22500 48.30382 0.15421 13
-1.28769 -0.07088 69.92365 0 2.12500 38.05000 42.95499 0.16433 13
-0.20023 -0.13580 17.88516 0 4.07500 7.05000 17.54317 0.10360 13
-0.43956 -0.00805 68.93068 0 0.22500 13.77500 63.10391 0.11000 13
-0.00750 -0.13905 70.93797 0 4.17500 0.05000 70.93601 0.10167 13
1.03438 -0.19571 25.90424 0 5.87500 -30.95000 18.17914 0.14620 13
0.02764 -0.00275 44.71215 0 0.07500 -0.40000 44.69507 0.10074 13
1.16821 -0.05457 60.94999 0 1.65000 -37.40000 39.66951 0.15496 -13
0.80254 0.05703 86.05331 0 -1.72500 -23.40000 67.15620 0.12925 13
-0.26900 0.10834 68.82342 0 -3.25000 9.20000 66.48673 0.10485 -13
-0.79537 -0.05839 16.08361 0 1.72500 20.35000 12.59575 0.12880 13
0.32172 0.08114 52.83677 0 -2.45000 -11.37500 50.31357 0.10610 13
0.00383 -0.24555 57.61404 0 7.40000 1.12500 57.61364 0.10369 13
0.66026 0.04069 81.31702 0 -1.22500 -21.17500 67.87665 0.12074 -13
-0.34259 0.03176 1.28671 0 -1.35000 12.47500 1.21742 0.10691 13
-1.37202 -0.09106 86.74351 0 2.72500 40.75000 51.22979 0.17121 13
0.14273 -0.17422 12.82141 0 5.22500 -3.05000 12.69649 0.10321 13
-1.81370 0.11636 81.61272 0 -3.52500 55.57500 39.61008 0.20890 13
0.01136 0.04038 6.71310 0 -1.15000 -0.65000 6.71267 0.10079 -13
0.30130 -0.19985 98.03261 0 6.02500 -9.05000 94.01502 0.10708 13
-1.62238 0.05746 10.68441 0 -1.82500 50.37500 5.61306 0.19205 13
1.11930 0.03236 89.58153 0 -0.97500 -34.25000 59.70093 0.15119 13
-0.79425 0.09402 78.26872 0 -2.85000 24.77500 61.39327 0.12895 13
-2.15420 -0.08728 35.62901 0 2.60000 64.95000 15.04921 0.23928 13
1.27496 -0.18923 85.91524 0 5.72500 -40.00000 53.59914 0.16429 -13
-2.09792 0.05428 57.71673 0 -1.65000 62.75000 24.86418 0.23411 13
-1.36822 -0.24895 1.98671 0 7.05000 41.42500 1.19526 0.17214 13
-0.91490 -0.12912 40.82461 0 3.87500 28.60000 30.23364 0.13710 13
-1.04579 -0.24420 72.29037 0 7.37500 31.67500 50.71182 0.14779 -13
-0.11279 0.05914 45.69382 0 -1.80000 3.75000 45.40690 0.10152 13
0.24133 0.12841 12.01952 0 -3.92500 -8.32500 11.68942 0.10442 13
0.24804 -0.27148 12.01952 0 8.15000 -8.52500 11.68942 0.10726 13
-0.88490 0.02796 22.32882 0 -0.82500 26.67500 16.72492 0.13450 -13
-0.16306 -0.13190 42.16417 0 3.97500 4.72500 41.62374 0.10289 13
0.11602 -0.15711 2.75664 0 4.55000 -4.02500 2.73865 0.10259 13
-0.16532 0.12560 91.92653 0 -3.80000 5.50000 90.71426 0.10285 13
-0.17009 -0.27435 91.92653 0 8.27500 5.65000 90.71426 0.10582 13
1.25021 0.09233 64.98265 0 -2.77500 -36.50000 40.69474 0.16148 -13
-0.19593 0.00478 85.26386 0 -0.15000 6.30000 83.67303 0.10262 13
-0.07079 -0.01246 78.15763 0 0.37500 6.00000 77.96256 0.10096 13
0.61426 0.05296 18.55335 0 -1.62500 -19.25000 15.81530 0.11831 13
-0.72063 -0.16146 40.28531 0 4.85000 19.45000 32.82592 0.12518 13
0.22864 -0.24126 10.38463 0 7.32500 -6.07500 10.13733 0.10616 -13
-1.26093 -0.00605 8.49018 0 0.10000 37.62500 5.27548 0.16208 13
0.69069 -0.21803 32.06152 0 6.60000 -17.67500 26.57621 0.12436 -13
-0.43983 -0.08377 69.65001 0 2.52500 14.82500 63.79161 0.11034 -13
0.31266 -0.03752 4.15283 0 1.00000 -10.35000 3.96376 0.10560 13
-0.27721 0.12485 30.16054 0 -3.77500 9.05000 29.08043 0.10526 13
-0.28530 -0.27516 30.16054 0 8.27500 9.30000 29.08043 0.10831 13
-0.32970 -0.14048 85.95461 0 4.22500 10.77500 81.70968 0.10697 13
-0.87406 -0.01341 97.42350 0 0.40000 27.65000 73.35523 0.13375 13
0.16867 0.11063 75.86656 0 -3.35000 -5.02500 74.82246 0.10274 13
-0.45398 0.07167 75.20021 0 -2.17500 14.65000 68.50405 0.11084 13
0.08248 -0.08315 59.29643 0 2.50000 -3.02500 59.09719 0.10139 13
-0.77988 -0.24480 94.36351 0 7.37500 21.72500 75.21830 0.13006 13
-0.85595 -0.08814 4.45778 0 2.80000 26.67500 3.39191 0.13295 -13
0.79427 0.05940 63.50542 0 -1.77500 -20.25000 49.76219 0.12874 -13
1.72695 -0.06107 6.74825 0 1.70000 -51.62500 3.38664 0.20100 13
1.04133 -0.06839 89.48656 0 2.05000 -30.87500 62.05780 0.14555 13
0.36960 -0.21858 42.56040 0 6.60000 -12.80000 40.03106 0.10960 -13
2.10224 -0.23799 98.20365 0 7.17500 -62.32500 43.13733 0.23564 13
1.01374 -0.16499 61.87881 0 4.97500 -32.55000 43.75081 0.14435 13
0.43027 0.05461 22.05224 0 -1.62500 -12.90000 20.26136 0.10977 -13
-1.25596 -0.24060 98.87992 0 7.25000 37.25000 62.64866 0.16347 13
-1.10999 -0.09716 74.86325 0 2.95000 31.80000 50.23909 0.15078 -13
0.20471 -0.04063 1.46054 0 0.90000 -6.65000 1.43092 0.10310 13
0.18965 -0.14330 22.72234 0 4.30000 -8.95000 22.33225 0.10350 13
-0.08129 -0.18821 42.19570 0 5.70000 0.42500 42.06172 0.10281 -13
-0.56030 -0.18949 75.86908 0 5.72500 17.72500 66.46311 0.11701 -13
-1.47432 -0.11813 50.83342 0 3.57500 45.70000 28.67018 0.17981 -13
0.16624 0.08792 88.62133 0 -2.65000 -5.27500 87.43066 0.10247 13
1.46523 0.06848 46.31362 0 -2.05000 -43.82500 26.15086 0.17875 -13
1.78378 0.08881 26.13885 0 -2.65000 -51.62500 12.82001 0.20611 -13
0.05279 0.09530 43.73777 0 -2.87500 -0.32500 43.67753 0.10130 13
0.31230 0.08044 13.35323 0 -2.47500 -7.95000 12.74966 0.10583 13
-1.33906 -0.08431 42.02145 0 2.57500 41.27500 25.20100 0.16852 -13
-0.35226 -0.19786 88.31790 0 5.97500 10.10000 83.47445 0.10862 -13
-0.26215 -0.00097 65.21497 0 0.02500 9.42500 63.08345 0.10411 13
-0.35308 0.00585 88.41687 0 -0.17500 11.02500 83.37291 0.10679 -13
0.27784 0.00284 13.20387 0 -0.12500 -8.10000 12.72202 0.10452 13
1.12906 0.10828 67.71862 0 -3.25000 -32.25000 45.04646 0.15227 -13
1.54855 -0.05167 92.06522 0 1.57500 -45.30000 49.99108 0.18571 -13
0.51336 0.06028 63.61884 0 -1.80000 -16.47500 56.61810 0.11336 -13
-0.38116 0.07743 62.97233 0 -2.35000 12.67500 58.86491 0.10805 13
-2.55074 2.28019 62.97233 0 -2.42500 12.77500 58.86491 0.10837 13
-5.95471 6.45011 62.97233 0 -2.52500 12.87500 58.86491 0.10885 13
-4.87481 5.94985 62.97233 0 -2.95000 13.20000 58.86491 0.11049 13
0.78138 -1.20681 62.97233 0 -2.65000 20.32500 58.86491 0.15136 13
-1.08065 -1.39350 62.97233 0 -3.87500 21.57500 58.86491 0.16004 13
0.14954 1.07316 62.97233 0 -3.05000 21.65000 58.86491 0.16334 13
-1.99397 0.02206 69.79115 0 -0.65000 61.67500 31.29354 0.22464 -13
-0.77050 0.01925 24.67176 0 -0.55000 25.02500 19.54491 0.12714 -13
0.50043 0.03250 76.71004 0 -0.97500 -15.25000 68.60693 0.11266 -13
1.96891 0.13326 37.17196 0 -4.00000 -58.30000 16.95027 0.22277 -13
2.01971 -0.26619 37.17196 0 8.07500 -59.85000 16.95027 0.22860 -13
0.71207 0.00884 92.74303 0 -0.25000 -21.42500 75.54829 0.12363 -13
-0.26200 -0.13877 7.79399 0 4.25000 6.80000 7.54428 0.10508 -13
-0.36981 0.12941 54.36475 0 -3.92500 13.87500 51.04024 0.10816 13
-0.37992 -0.27035 54.36475 0 8.15000 14.17500 51.04024 0.11110 13
0.69389 -0.20111 48.73881 0 6.07500 -21.60000 40.29839 0.12425 -13
0.29684 -0.07508 26.99556 0 2.27500 -9.05000 25.88507 0.10533 -13
1.28655 -0.18292 96.64365 0 5.52500 -39.10000 59.91662 0.16514 -13
1.75434 -0.12131 22.13539 0 3.70000 -52.62500 11.02299 0.20375 -13
-0.09131 0.00366 59.20459 0 -0.10000 0.30000 58.95936 0.10112 -13
1.67424 -0.07679 82.73733 0 2.32500 -49.02500 42.51791 0.19654 -13
0.77301 -0.18831 5.62920 0 5.80000 -24.72500 4.48248 0.12880 -13
-0.08852 -0.06226 75.72711 0 1.87500 -0.32500 75.43331 0.10129 13
0.62682 0.06601 73.74189 0 -1.97500 -18.37500 62.51971 0.11903 -13
0.25747 -0.02333 16.72255 0 0.72500 -9.00000 16.19466 0.10402 -13
-0.96230 0.11989 99.94334 0 -3.60000 27.35000 72.26200 0.14028 -13
-0.99230 -0.28037 99.94334 0 8.47500 28.25000 72.26200 0.14466 -13
-0.87824 0.06204 82.73810 0 -1.87500 28.42500 62.21876 0.13417 13
-1.79501 0.10768 19.85699 0 -3.20000 53.92500 9.70616 0.20718 -13
-0.12318 -0.10952 54.65834 0 3.32500 1.17500 54.25316 0.10207 -13
0.38106 0.02150 26.48748 0 -0.62500 -11.95000 24.75216 0.10779 -13
-1.15446 -0.21917 72.66067 0 6.62500 37.50000 48.20880 0.15539 -13
-1.38404 -0.13515 36.87759 0 4.10000 42.25000 21.72591 0.17251 -13
0.91035 0.09919 33.20940 0 -2.97500 -28.70000 24.61029 0.13655 -13
-1.45190 0.03102 70.75082 0 -0.95000 45.82500 40.14471 0.17757 13
-0.86970 0.10299 43.78538 0 -3.12500 27.05000 33.11330 0.13387 13
-1.57776 0.00941 53.56040 0 -0.30000 49.27500 28.67432 0.18811 13
0.43880 -0.06515 76.02142 0 1.95000 -12.27500 69.63831 0.11017 13
0.43652 -0.18532 17.60336 0 5.55000 -12.20000 16.17629 0.11143 13
0.92066 -0.04116 19.87861 0 1.20000 -29.37500 14.62978 0.13694 13
1.96978 -0.09238 83.35230 0 2.77500 -60.20000 37.85883 0.22265 13
0.42427 -0.17838 66.91049 0 5.40000 -10.52500 61.74126 0.11086 -13
0.54310 -0.24652 71.12847 0 7.45000 -16.47500 62.91682 0.11727 -13
-0.11095 -0.14367 75.64886 0 4.35000 3.85000 75.19677 0.10236 -13
0.60972 -0.06955 81.04457 0 2.10000 -18.12500 69.24219 0.11815 -13
0.13663 -0.05575 20.62477 0 1.70000 -3.87500 20.43548 0.10180 -13
1.07894 -0.22139 20.97024 0 6.65000 -30.15000 14.43721 0.14978 13
1.19990 0.14387 55.47720 0 -4.35000 -35.75000 35.73225 0.15797 13
1.22572 -0.25517 55.47720 0 7.67500 -36.52500 35.73225 0.16134 13
-0.28423 -0.17472 56.76171 0 5.27500 7.37500 54.66036 0.10616 13
0.90636 -0.20900 39.95287 0 6.32500 -24.37500 29.88672 0.13755 -13
0.92093 0.08649 23.20098 0 -2.57500 -28.47500 17.09574 0.13717 -13
-0.65479 -0.07633 84.00279 0 2.30000 16.37500 70.33858 0.12062 13
-0.39119 -0.14862 57.09365 0 4.47500 12.32500 53.24641 0.10916 13
-0.82015 -0.08015 61.88199 0 2.42500 25.10000 47.90938 0.13050 -13
-0.92542 0.01534 52.19826 0 -0.45000 30.62500 38.31291 0.13721 -13
0.32920 -0.08899 63.84569 0 2.67500 -9.77500 60.66726 0.10640 13
0.39481 -0.10429 30.09530 0 3.17500 -9.85000 28.01304 0.10878 -13
0.78826 -0.15823 72.76956 0 4.77500 -25.30000 57.41834 0.12922 -13
0.56100 0.06989 77.66816 0 -2.10000 -15.72500 67.77685 0.11568 -13
-0.50243 0.13354 85.95790 0 -4.02500 16.80000 76.94407 0.11350 13
-0.51533 -0.26598 85.95790 0 8.02500 17.20000 76.94407 0.11640 13
0.71627 0.14254 38.99710 0 -4.27500 -20.02500 31.81107 0.12469 -13
0.73206 -0.25650 38.99710 0 7.75000 -20.50000 31.81107 0.12746 -13
-0.99063 -0.20143 51.73201 0 6.10000 30.65000 37.11223 0.14321 -13
0.93166 -0.20222 28.23037 0 6.07500 -28.35000 20.84629 0.13911 13
-1.64597 -0.16603 23.43730 0 5.05000 51.40000 12.29074 0.19471 -13
1.59704 0.01598 50.24396 0 -0.50000 -48.55000 26.66760 0.18976 13
-0.37002 0.03363 68.65944 0 -1.02500 12.95000 64.39703 0.10743 13
0.52949 -0.02134 43.78990 0 0.65000 -16.05000 38.70155 0.11397 -13
0.39555 -0.01431 74.54641 0 0.42500 -7.55000 69.32120 0.10830 13
1.47265 -0.06520 95.70263 0 1.95000 -45.80000 53.84109 0.17937 13
0.77828 -0.17775 13.06550 0 5.40000 -22.72500 10.37094 0.12890 -13
-0.10364 -0.22830 17.50470 0 6.85000 -0.15000 17.41605 0.10380 13
-2.17796 -0.17023 47.69576 0 5.15000 63.42500 20.13694 0.24199 -13
-0.26107 -0.10163 61.57925 0 3.07500 11.82500 59.60160 0.10459 -13
0.05123 0.02695 75.31336 0 -0.80000 1.25000 75.21485 0.10087 -13
-0.28863 -0.15179 94.17415 0 4.57500 9.60000 90.55912 0.10592 13
1.03084 -0.02392 51.99958 0 0.70000 -30.65000 36.21176 0.14465 13
0.67868 0.10393 31.85113 0 -3.12500 -20.62500 26.39935 0.12214 -13
-0.56794 0.06570 69.29014 0 -1.97500 18.50000 60.28255 0.11600 -13
-0.03286 -0.07476 1.00915 0 2.75000 0.52500 1.00860 0.10173 -13
-1.24550 -0.20118 58.67848 0 6.05000 35.05000 37.17866 0.16210 13
2.06996 -0.12554 94.66156 0 3.77500 -61.50000 41.43771 0.23184 13
-0.01934 -0.20545 24.46139 0 6.22500 -0.52500 24.45700 0.10284 -13
-0.38708 -0.13317 76.75148 0 4.02500 10.25000 71.65759 0.10882 -13
-1.26397 -0.09033 94.59591 0 2.72500 37.60000 58.83912 0.16257 -13
0.20386 -0.14237 21.11481 0 4.27500 -1.62500 20.69748 0.10376 13
0.25552 -0.19236 27.05144 0 5.82500 -8.62500 26.23805 0.10574 -13
-0.71099 0.05264 96.80269 0 -1.60000 18.45000 78.93066 0.12368 13
-0.75392 -0.07901 14.82324 0 2.35000 23.10000 11.84950 0.12636 13
-1.95553 0.05575 31.08656 0 -1.72500 60.45000 14.17044 0.22127 13
-1.35324 -0.15105 28.06085 0 4.52500 39.55000 16.79871 0.17010 13
-0.47685 -0.02154 33.47901 0 0.62500 15.55000 30.22046 0.11159 13
0.06715 -0.15778 14.40451 0 4.80000 -5.17500 14.37294 0.10220 -13
-0.28847 0.01212 96.80890 0 -0.37500 10.67500 93.01658 0.10482 13
0.01503 0.13335 77.45404 0 -4.02500 -2.32500 77.44544 0.10161 13
0.01528 -0.26613 77.45404 0 8.02500 -2.32500 77.44544 0.10421 13
1.79754 0.13671 55.15985 0 -4.10000 -52.90000 27.00571 0.20759 -13
1.84130 -0.26261 55.15985 0 7.95000 -54.25000 27.00571 0.21270 -13
0.48719 -0.05696 31.72601 0 1.72500 -12.67500 28.53005 0.11217 -13
0.45896 -0.13795 82.82539 0 4.17500 -16.35000 75.39830 0.11167 -13
0.17564 -0.12610 19.22561 0 3.82500 -4.77500 18.94046 0.10304 -13
-0.31686 0.11608 50.74148 0 -3.50000 10.00000 48.40066 0.10628 -13
-0.43439 -0.09130 48.00353 0 2.77500 10.05000 44.05783 0.11019 -13
0.31365 0.14904 28.48990 0 -4.47500 -8.87500 27.21082 0.10660 -13
0.31973 -0.24974 28.48990 0 7.55000 -9.05000 27.21082 0.10869 -13
-0.11989 0.03761 99.11843 0 -1.12500 3.50000 98.41463 0.10151 -13
-1.33480 -0.07970 68.79848 0 2.40000 38.57500 41.33379 0.16815 13
-0.03802 0.11869 2.89029 0 -3.75000 1.22500 2.88823 0.10162 13
-0.03938 -0.28185 2.89029 0 8.32500 1.27500 2.88823 0.10461 13
-0.50528 -0.20855 4.67358 0 6.17500 14.12500 4.18904 0.11470 13
0.27656 -0.09497 53.83896 0 2.85000 -7.97500 51.90767 0.10492 13
0.01115 -0.02313 60.21482 0 0.70000 2.05000 60.21107 0.10074 13
0.36454 -0.07315 17.24655 0 2.17500 -12.42500 16.21184 0.10741 13
0.76553 0.04357 67.01902 0 -1.32500 -21.42500 53.23452 0.12690 13
0.96181 0.02570 5.75887 0 -0.65000 -30.82500 4.15148 0.13975 -13
-0.25285 0.13384 22.02488 0 -4.02500 5.95000 21.36425 0.10473 -13
-0.25932 -0.26562 22.02488 0 8.02500 6.15000 21.36425 0.10744 -13
-1.57652 -0.02734 80.10446 0 0.82500 48.75000 42.91870 0.18802 13
0.93805 0.12949 57.19869 0 -3.90000 -25.10000 41.87858 0.13868 -13
0.96366 -0.27023 57.19869 0 8.17500 -25.87500 41.87858 0.14249 -13
0.96870 0.03944 34.77514 0 -1.20000 -28.55000 24.98728 0.14026 13
-0.52594 -0.20057 33.27368 0 6.07500 16.15000 29.57295 0.11557 -13
-0.38253 -0.15174 96.01818 0 4.57500 9.62500 89.80988 0.10890 -13
-1.53728 -0.13408 31.08165 0 4.07500 45.35000 17.05479 0.18520 -13
-1.27303 -0.17143 84.26492 0 5.17500 38.00000 52.51908 0.16394 -13
-0.44517 0.07317 19.07293 0 -2.17500 11.62500 17.43191 0.11047 -13
-0.80148 -0.13459 73.41190 0 4.07500 21.97500 57.48393 0.12977 -13
1.70540 -0.08747 92.38385 0 2.62500 -49.30000 46.86303 0.19927 13
-0.34585 -0.23098 10.53216 0 6.92500 8.67500 9.98079 0.10903 13
-0.75913 0.04810 23.13907 0 -1.47500 24.65000 18.43797 0.12654 13
0.12887 0.01906 27.07785 0 -0.55000 -1.70000 26.85578 0.10156 -13
0.73490 -0.19580 31.15697 0 5.90000 -22.87500 25.27110 0.12650 13
-0.31963 -0.09537 17.49862 0 2.90000 9.67500 16.67489 0.10617 -13
1.94189 0.08532 31.31441 0 -2.55000 -59.65000 14.37786 0.22011 -13
1.22554 -0.03122 27.03875 0 0.97500 -36.72500 17.09905 0.15932 -13
-2.09752 -0.18480 11.54118 0 5.47500 63.77500 5.03466 0.23464 13
1.18642 0.13911 71.11254 0 -4.20000 -37.50000 46.08756 0.15688 13
1.21421 -0.26014 71.11254 0 7.85000 -38.35000 46.08756 0.16054 13
0.54710 0.03325 53.77407 0 -1.00000 -14.62500 47.18150 0.11483 -13
-1.51959 -0.15395 80.01251 0 4.65000 45.05000 44.34180 0.18386 -13
-0.15430 0.07241 21.46463 0 -2.15000 5.52500 21.21491 0.10215 -13
-0.15802 -0.02339 18.36849 0 0.72500 4.00000 18.14349 0.10198 -13
-1.60853 -0.06766 80.13940 0 2.02500 48.17500 42.38072 0.19086 13
-1.08773 -0.22706 56.36669 0 6.85000 32.05000 38.66626 0.15055 -13
-2.02161 -0.15050 35.60345 0 4.57500 62.10000 15.92777 0.22767 -13
0.41980 -0.02950 75.27907 0 0.90000 -13.30000 69.41550 0.10925 -13
-0.52754 0.14909 80.93413 0 -4.50000 13.65000 71.75370 0.11484 -13
-0.53780 -0.24970 80.93413 0 7.55000 13.95000 71.75370 0.11708 -13
