0.68677 -0.20664 44.71006 0 6.25000 -19.77500 37.09976 0.12393 -13
-2.04638 -0.20064 21.23208 0 6.00000 62.05000 9.47074 0.23018 13
-0.05177 0.00917 35.31012 0 -0.27500 1.87500 35.26290 0.10084 -13
1.29494 -0.06024 1.39963 0 2.40000 -39.10000 0.85633 0.16556 -13
0.94423 -0.08445 78.08456 0 2.55000 -27.20000 56.86993 0.13877 -13
-1.20780 0.08701 63.07464 0 -2.62500 34.05000 40.31470 0.15815 -13
-0.14961 0.00979 83.42891 0 -0.30000 5.07500 82.51067 0.10183 -13
-0.54471 -0.01283 65.29467 0 0.40000 19.70000 57.34098 0.11468 -13
1.06867 -0.22868 43.57668 0 6.92500 -31.17500 30.17702 0.14920 -13
0.39203 -0.15508 22.41074 0 4.70000 -13.32500 20.89732 0.10930 -13
0.45368 0.06719 88.67601 0 -2.02500 -16.02500 80.78487 0.11079 -13
-0.15135 -0.22688 11.41814 0 6.90000 6.67500 11.29575 0.10442 -13
1.05018 -0.10578 35.31486 0 3.20000 -33.02500 24.42447 0.14643 -13
-1.78346 -0.24849 45.90971 0 7.47500 50.15000 22.96682 0.20739 13
1.25336 0.13639 9.33555 0 -4.20000 -36.57500 5.85530 0.16212 13
1.28396 -0.26322 9.33555 0 7.85000 -37.47500 5.85530 0.16591 13
-1.20600 -0.07785 96.98247 0 2.35000 34.85000 62.01459 0.15796 13
0.06303 -0.03258 36.38981 0 1.00000 1.15000 36.31782 0.10096 -13
0.09296 -0.01272 56.68732 0 0.37500 -4.00000 56.44400 0.10114 13
-0.50810 -0.21823 43.90240 0 6.60000 12.85000 39.32386 0.11509 -13
-1.03544 0.02309 92.32245 0 -0.70000 29.32500 64.14417 0.14498 13
0.89955 -0.14276 40.33363 0 4.32500 -26.35000 30.12128 0.13622 -13
0.15861 -0.03486 90.03060 0 1.05000 -2.45000 88.92032 0.10202 -13
0.03679 -0.03195 30.79359 0 0.95000 -0.87500 30.77279 0.10082 13
0.43353 0.09470 88.20405 0 -2.85000 -8.50000 80.98316 0.11017 -13
1.01682 0.09261 74.82862 0 -2.80000 -29.35000 52.58339 0.14393 13
0.39050 0.09968 76.48237 0 -3.02500 -12.45000 71.28962 0.10858 13
1.11477 0.13416 98.61038 0 -4.05000 -33.15000 66.17377 0.15140 -13
1.14308 -0.26529 98.61038 0 8.00000 -34.00000 66.17377 0.15526 -13
0.36508 0.05359 98.23332 0 -1.60000 -10.57500 92.29168 0.10734 -13
-0.68193 0.02861 16.55341 0 -0.90000 21.92500 13.67790 0.12193 13
-0.20997 -0.07245 69.29865 0 2.17500 6.85000 67.82728 0.10316 13
-0.70258 0.12979 24.39294 0 -3.95000 21.67500 20.01428 0.12378 13
-0.72168 -0.27000 24.39294 0 8.12500 22.25000 20.01428 0.12710 13
-0.02774 -0.15387 81.08876 0 4.65000 -2.20000 81.05831 0.10193 -13
0.40603 0.01918 64.37019 0 -0.57500 -13.55000 59.64288 0.10871 13
0.25909 -0.13528 10.89610 0 4.12500 -7.55000 10.55361 0.10494 -13
0.24987 0.02968 37.59208 0 -0.87500 -6.62500 36.47161 0.10385 -13
0.24647 0.08120 6.54191 0 -2.52500 -7.12500 6.35289 0.10408 13
1.29860 -0.07396 34.23530 0 2.25000 -40.85000 20.92311 0.16524 -13
0.34558 -0.00779 20.26907 0 0.25000 -11.17500 19.15755 0.10655 -13
-1.66925 0.12619 4.29291 0 -4.02500 50.30000 2.21986 0.19654 13
-1.71709 -0.27364 4.29291 0 8.02500 51.57500 2.21986 0.20158 13
-0.12962 0.09536 26.06065 0 -2.85000 2.57500 25.84636 0.10199 -13
-0.71753 -0.17260 26.11754 0 5.17500 22.32500 21.32529 0.12514 13
-0.88820 -0.02175 92.25387 0 0.65000 27.17500 68.98217 0.13470 13
-1.87295 0.00549 2.79719 0 -0.52500 54.17500 1.31760 0.21398 13
0.55099 -0.02276 78.38128 0 0.67500 -15.90000 68.65416 0.11500 13
0.30340 -0.08795 53.15516 0 2.67500 -9.70000 50.88211 0.10561 -13
1.18404 0.03938 52.99209 0 -1.17500 -35.72500 34.20803 0.15612 -13
1.30596 0.12267 38.07616 0 -3.67500 -42.27500 23.25742 0.16609 -13
1.34518 -0.27739 38.07616 0 8.40000 -43.47500 23.25742 0.17113 -13
0.23655 -0.04976 82.08253 0 1.50000 -5.17500 79.88335 0.10361 -13
-1.63037 -0.08264 76.85468 0 2.50000 48.75000 40.28301 0.19279 -13
0.30659 -0.11148 19.52789 0 3.32500 -9.80000 18.68000 0.10592 13
0.86967 -0.05812 11.96131 0 1.70000 -26.45000 9.03226 0.13357 13
-0.75056 -0.17877 78.73247 0 5.37500 21.90000 63.32343 0.12719 13
-0.74025 -0.21306 25.31800 0 6.45000 21.65000 20.50721 0.12714 -13
1.38687 0.06172 98.30022 0 -1.87500 -41.07500 57.56449 0.17230 13
0.13508 0.09218 1.31318 0 -2.40000 -2.05000 1.30148 0.10226 -13
0.00097 -0.10188 34.12765 0 3.05000 -1.60000 34.12763 0.10122 13
-0.45160 0.14242 77.72894 0 -4.30000 12.80000 70.95981 0.11142 -13
-0.46159 -0.25664 77.72894 0 7.75000 13.10000 70.95981 0.11389 -13
-0.25333 0.05960 80.92304 0 -1.80000 8.62500 78.45377 0.10406 13
0.84580 0.12685 1.10272 0 -4.45000 -25.00000 0.84448 0.13354 13
0.87302 -0.27389 1.10272 0 7.60000 -25.52500 0.84448 0.13622 13
0.24189 -0.10416 82.70161 0 3.12500 -6.27500 80.40722 0.10414 13
0.25426 -0.05140 11.54144 0 1.50000 -4.47500 11.18647 0.10404 13
0.14056 0.02885 58.33265 0 -0.87500 -4.70000 57.76532 0.10174 13
0.75955 0.08059 46.24025 0 -2.42500 -21.15000 36.86619 0.12671 -13
0.67941 -0.14137 31.39523 0 4.27500 -22.15000 26.04933 0.12259 -13
0.99891 -0.13164 80.31191 0 3.97500 -30.32500 57.06399 0.14295 -13
-0.06271 -0.14311 45.20573 0 4.32500 5.07500 45.11886 0.10192 -13
-0.01864 0.00147 95.34510 0 -0.05000 1.25000 95.32855 0.10072 13
0.86212 -0.18210 60.69560 0 5.50000 -26.42500 46.28832 0.13423 -13
0.00006 -0.09742 43.85363 0 2.92500 0.05000 43.85363 0.10118 13
0.56810 0.09236 11.84780 0 -2.75000 -16.12500 10.31226 0.11618 -13
0.48165 0.06180 83.22990 0 -1.87500 -12.65000 75.01244 0.11195 13
0.17084 -0.20340 20.27968 0 6.10000 -3.65000 20.00137 0.10419 13
-0.60046 0.07162 53.03990 0 -2.15000 18.50000 45.50257 0.11768 -13
-0.07720 -0.09281 28.63847 0 2.77500 2.70000 28.55426 0.10143 13
0.66210 -0.15109 35.63379 0 4.55000 -22.00000 29.81308 0.12172 13
1.25774 -0.21528 25.65634 0 6.47500 -41.52500 16.18780 0.16323 13
-0.19592 0.07749 72.68781 0 -2.35000 7.25000 71.33951 0.10291 13
-0.24623 -0.10582 29.61333 0 3.20000 7.12500 28.76370 0.10426 -13
1.94857 0.14035 38.39234 0 -4.20000 -58.40000 17.66464 0.22098 -13
1.99315 -0.25874 38.39234 0 7.82500 -59.77500 17.66464 0.22613 -13
0.34454 0.08706 42.75859 0 -2.62500 -9.40000 40.44263 0.10687 -13
-0.04756 0.07389 35.05787 0 -2.22500 1.27500 35.01851 0.10109 -13
-0.41277 -0.03712 2.83754 0 0.92500 12.20000 2.62312 0.10907 13
-0.47857 0.03812 19.83790 0 -1.17500 13.65000 17.89683 0.11172 13
-1.90357 -0.06977 68.29294 0 2.12500 56.55000 31.82170 0.21665 -13
0.55236 -0.24182 98.32560 0 7.30000 -16.37500 86.62977 0.11760 -13
0.36689 0.00101 9.80009 0 -0.07500 -9.75000 9.20043 0.10727 13
0.47237 -0.07114 96.03634 0 2.15000 -15.32500 86.87567 0.11160 13
-2.12635 -0.20372 9.38739 0 6.02500 62.87500 4.06109 0.23739 13
1.60724 -0.04288 75.27420 0 1.30000 -48.77500 39.79251 0.19067 -13
0.52780 0.04849 43.62509 0 -1.47500 -14.57500 38.59112 0.11398 13
0.52134 -0.17251 61.23459 0 5.20000 -14.77500 54.46732 0.11489 -13
-0.55579 -0.21560 53.11389 0 6.50000 17.50000 46.67065 0.11723 13
0.58554 -0.21100 36.31752 0 6.35000 -16.47500 31.51190 0.11860 13
0.19889 0.08213 42.69112 0 -2.47500 -5.10000 41.87631 0.10301 -13
0.63155 -0.08296 50.80456 0 2.50000 -19.95000 42.99710 0.11939 13
-0.96294 0.14498 99.41525 0 -4.37500 29.55000 71.96904 0.14057 13
-0.98327 -0.25396 99.41525 0 7.65000 30.15000 71.96904 0.14352 13
0.06967 0.07530 85.83705 0 -2.27500 -1.97500 85.63067 0.10123 13
-0.10604 0.00610 71.50840 0 -0.20000 3.15000 71.10973 0.10127 13
0.24335 0.07612 87.25967 0 -2.30000 -7.15000 84.79878 0.10393 13
0.45256 -0.00058 19.91513 0 -0.00000 -15.07500 18.14362 0.11054 13
-0.28172 -0.03233 66.66134 0 0.97500 9.15000 64.16630 0.10468 -13
-0.32162 0.05320 67.96366 0 -1.60000 9.70000 64.70795 0.10592 -13
0.53729 -0.02756 85.28890 0 0.82500 -15.60000 75.13730 0.11435 13
0.43633 0.02952 22.38706 0 -0.87500 -12.75000 20.52037 0.10991 -13
-0.66805 0.02197 67.88097 0 -0.67500 21.60000 56.44849 0.12113 13
-0.66592 -0.14016 32.37133 0 4.20000 21.30000 27.02392 0.12180 13
0.91850 -0.03776 45.30606 0 1.12500 -28.30000 33.37837 0.13679 13
0.22113 -0.00742 53.88546 0 0.22500 -5.70000 52.61459 0.10314 -13
0.88731 0.07941 6.13352 0 -2.50000 -26.00000 4.59444 0.13492 13
1.27894 -0.22470 89.84539 0 6.77500 -38.17500 56.18589 0.16504 13
0.75050 -0.12283 29.39718 0 3.72500 -25.27500 23.57546 0.12653 -13
0.40461 -0.16217 54.50651 0 4.90000 -11.52500 50.61853 0.10986 -13
-1.38277 -0.24492 65.27460 0 7.37500 42.00000 38.98238 0.17359 13
-0.71549 -0.18265 5.17492 0 5.40000 21.62500 4.23149 0.12513 13
-0.70033 -0.12991 46.65058 0 3.92500 20.27500 38.31643 0.12364 -13
0.18200 -0.01307 88.53862 0 0.40000 -5.67500 87.10788 0.10236 13
-0.71714 -0.15909 77.27327 0 4.80000 21.15000 63.05995 0.12495 13
1.98295 -0.03157 83.92861 0 0.95000 -61.32500 37.80620 0.22368 13
1.37011 0.07709 32.08689 0 -2.35000 -40.35000 18.95362 0.17100 13
0.00048 -0.10087 37.56826 0 3.05000 -1.20000 37.56826 0.10122 -13
-1.10028 -0.16074 83.95031 0 4.85000 34.30000 56.85671 0.15059 13
-0.46247 -0.03822 74.26389 0 1.15000 11.50000 67.41334 0.11102 -13
0.11632 -0.10497 9.34799 0 3.12500 -5.02500 9.28606 0.10192 13
0.76460 -0.05842 58.44525 0 1.77500 -24.07500 46.45821 0.12690 -13
-0.09137 -0.17466 8.91166 0 5.20000 5.40000 8.87575 0.10261 13
0.26341 0.02443 61.83584 0 -0.72500 -8.87500 59.79725 0.10417 -13
-0.47819 -0.10552 17.78881 0 3.15000 12.57500 16.06458 0.11212 13
1.56184 0.03529 10.58249 0 -0.97500 -46.27500 5.70869 0.18679 -13
-1.12661 -0.03567 30.65984 0 1.10000 35.05000 20.36042 0.15175 -13
0.73102 -0.11863 59.98784 0 3.57500 -20.22500 48.54489 0.12531 13
-0.17386 -0.10498 55.70710 0 3.17500 6.50000 54.89254 0.10276 -13
-0.30889 0.03710 76.68448 0 -1.12500 10.12500 73.27319 0.10546 -13
-0.63281 -0.09784 23.91271 0 2.97500 19.67500 20.23416 0.11958 -13
-0.41967 0.11529 8.74755 0 -3.55000 14.97500 8.07388 0.10986 13
0.19283 0.04972 21.57692 0 -1.52500 -6.92500 21.18755 0.10269 13
0.76053 0.06566 59.52954 0 -1.97500 -21.75000 47.42016 0.12669 -13
-0.17066 0.02290 45.36170 0 -0.70000 6.37500 44.71554 0.10219 13
2.00022 -0.06675 30.89490 0 2.05000 -60.85000 13.84001 0.22532 -13
1.73998 -0.00503 37.31517 0 0.12500 -53.37500 18.59362 0.20211 13
0.35871 0.09448 23.99405 0 -2.82500 -9.12500 22.59634 0.10740 -13
-0.40262 0.06537 62.84224 0 -1.97500 11.25000 58.31229 0.10875 -13
-1.48830 0.03682 93.13163 0 -1.12500 46.35000 51.96411 0.18060 13
-2.06943 -0.07473 86.90755 0 2.25000 60.30000 37.89740 0.23157 13
0.95763 0.13862 57.30285 0 -4.17500 -28.72500 41.57474 0.14012 -13
0.98024 -0.26060 57.30285 0 7.87500 -29.40000 41.57474 0.14345 -13
1.25999 -0.14380 49.39048 0 4.35000 -38.47500 30.89646 0.16265 -13
0.64788 0.12465 7.69226 0 -3.82500 -19.27500 6.47006 0.12070 13
0.66688 -0.27544 7.69226 0 8.22500 -19.82500 6.47006 0.12411 13
-0.67641 -0.10531 78.23543 0 3.17500 17.85000 64.91461 0.12204 -13
-1.44344 -0.07713 67.17356 0 2.35000 45.62500 38.33058 0.17701 -13
-1.16595 -0.04702 25.48512 0 1.45000 38.10000 16.60219 0.15476 -13
-1.51071 0.04085 73.05730 0 -1.25000 46.22500 40.34876 0.18249 13
-0.97362 0.14320 16.26275 0 -4.27500 31.57500 11.70968 0.14126 -13
-0.99479 -0.25579 16.26275 0 7.75000 32.25000 11.70968 0.14442 -13
-0.82135 -0.16327 36.25886 0 4.90000 23.12500 28.16699 0.13134 13
1.92522 -0.09453 27.68083 0 2.80000 -57.55000 12.80374 0.21866 13
0.21874 -0.12059 1.82690 0 3.35000 -4.77500 1.78530 0.10386 13
-1.09850 -0.21805 10.08695 0 6.50000 34.35000 6.87581 0.15114 13
1.02829 -0.10519 73.85620 0 3.17500 -32.97500 51.63615 0.14484 -13
-0.20334 -0.01325 56.38119 0 0.40000 4.00000 55.25072 0.10277 -13
0.55820 -0.22709 24.34412 0 6.87500 -17.30000 21.38127 0.11760 -13
-1.42219 0.10377 66.43325 0 -3.12500 42.67500 38.34607 0.17539 -13
0.75313 -0.09091 3.01107 0 2.52500 -22.62500 2.40937 0.12637 13
0.43663 0.12881 89.48404 0 -3.87500 -14.05000 82.11508 0.11064 -13
0.44867 -0.27093 89.48404 0 8.17500 -14.42500 82.11508 0.11371 -13
-1.62444 0.10368 10.64827 0 -3.05000 49.90000 5.60387 0.19233 -13
0.13953 -0.19687 63.50482 0 5.92500 -4.75000 62.91788 0.10359 13
-1.10349 0.07769 70.26088 0 -2.35000 31.32500 47.25847 0.15017 13
0.55664 -0.08853 92.70539 0 2.67500 -14.12500 81.07652 0.11560 13
-0.22888 -0.00421 51.39772 0 0.12500 3.57500 50.10215 0.10331 -13
0.32128 0.06102 9.76060 0 -1.77500 -10.92500 9.29419 0.10595 -13
-0.15186 0.13911 9.36462 0 -4.15000 4.35000 9.26047 0.10280 -13
-0.15544 -0.25998 9.36462 0 7.90000 4.47500 9.26047 0.10528 -13
0.05610 0.00656 32.61108 0 -0.20000 -3.52500 32.55990 0.10086 13
-1.96438 -0.10063 95.80568 0 3.02500 59.20000 43.63810 0.22220 13
0.44016 -0.06457 14.09799 0 1.90000 -13.87500 12.90775 0.11021 13
1.93147 0.11614 41.96696 0 -3.47500 -58.97500 19.39708 0.21933 -13
0.64759 -0.03589 68.79193 0 1.10000 -17.92500 57.75240 0.12003 -13
1.95795 0.01309 2.25220 0 -0.87500 -59.42500 1.02489 0.22164 13
-0.24157 -0.24506 74.29376 0 7.37500 4.22500 72.32981 0.10649 13
-0.73810 -0.01791 65.07220 0 0.52500 21.42500 52.35829 0.12517 13
-0.26206 0.13037 35.85732 0 -3.95000 9.72500 34.70470 0.10493 13
-0.26912 -0.26933 35.85732 0 8.10000 9.95000 34.70470 0.10774 13
-0.09590 0.13483 52.86191 0 -4.07500 1.60000 52.62476 0.10208 13
-0.09832 -0.26462 52.86191 0 7.97500 1.67500 52.62476 0.10463 13
-1.98749 0.02152 5.97958 0 -0.82500 61.87500 2.68799 0.22415 13
-0.51460 -0.14977 78.24486 0 4.52500 15.25000 69.73354 0.11426 -13
0.03402 -0.19949 31.95592 0 6.02500 -3.35000 31.93814 0.10276 -13
-0.90799 -0.05197 76.00701 0 1.55000 26.42500 56.30555 0.13611 13
1.41862 -0.06600 35.75961 0 1.97500 -43.47500 20.63297 0.17491 13
0.29247 -0.16711 76.02100 0 5.02500 -9.37500 73.04253 0.10626 13
0.32630 -0.16135 30.55145 0 4.85000 -8.25000 29.07976 0.10716 13
-0.43895 -0.00699 85.97391 0 0.20000 14.75000 78.72401 0.10998 13
-0.35674 -0.12309 3.14043 0 3.87500 10.05000 2.96035 0.10777 -13
-0.75230 -0.22386 55.23167 0 6.75000 23.05000 44.52228 0.12801 13
-0.44223 0.31489 55.23167 0 6.60000 23.02500 44.52228 0.12810 13
1.01059 -1.12349 55.23167 0 -3.90000 24.62500 44.52228 0.14558 13
-1.24759 -0.11152 7.48660 0 3.27500 37.12500 4.69981 0.16137 13
-0.06762 -0.07317 74.95316 0 2.20000 -0.20000 74.78331 0.10120 13
-0.50617 -0.00970 26.15503 0 0.32500 13.22500 23.33617 0.11287 -13
-0.02125 -0.16279 6.00692 0 4.82500 0.52500 6.00560 0.10202 13
-0.07382 0.04681 85.95047 0 -1.40000 3.42500 85.71770 0.10109 -13
0.08873 -0.07824 70.18725 0 2.37500 0.05000 69.91430 0.10141 -13
-1.00515 0.11477 87.67199 0 -3.45000 29.10000 62.03703 0.14325 -13
-0.30907 -0.10041 29.50350 0 3.05000 7.52500 28.20022 0.10589 -13
-0.12489 -0.09663 34.51837 0 2.90000 4.10000 34.25472 0.10195 13
-0.43692 -0.23740 90.76762 0 7.17500 14.87500 83.53293 0.11247 -13
0.65945 -0.07951 92.18114 0 2.40000 -19.65000 77.02782 0.12089 13
-0.09583 -0.11469 74.10807 0 3.45000 3.37500 73.77452 0.10182 13
-0.59292 -0.09610 82.49457 0 2.90000 19.70000 71.04366 0.11747 13
-0.77228 -0.19802 88.58856 0 5.97500 23.17500 70.61336 0.12880 -13
1.83165 0.11288 69.28892 0 -3.42500 -56.30000 33.36441 0.21047 13
-2.08575 0.14413 56.78436 0 -4.32500 61.90000 24.75537 0.23337 -13
-2.13033 -0.25485 56.78436 0 7.70000 63.25000 24.75537 0.23842 -13
1.47120 0.08154 67.45343 0 -2.45000 -43.37500 38.00551 0.17932 -13
0.62674 -0.18188 67.56273 0 5.50000 -18.45000 57.50871 0.12025 -13
1.60692 -0.08492 84.20379 0 2.57500 -47.40000 44.60488 0.19080 -13
0.29949 -0.12817 83.42703 0 3.85000 -5.52500 79.97294 0.10591 13
-1.20868 -0.14322 12.69242 0 4.25000 34.05000 8.13909 0.15860 13
-1.19643 -0.14316 64.50655 0 4.32500 37.37500 41.61539 0.15769 -13
0.53711 -0.09531 16.48282 0 2.85000 -18.47500 14.53537 0.11470 13
-0.94810 -0.00115 50.28707 0 0.05000 29.75000 36.49352 0.13876 -13
0.75736 -0.15512 7.36993 0 4.75000 -21.70000 5.90008 0.12736 -13
-0.51465 0.03538 87.70683 0 -1.07500 16.77500 77.99515 0.11332 13
-0.48317 0.09720 28.88135 0 -2.92500 14.32500 26.02822 0.11226 -13
0.87466 -0.23958 71.37093 0 7.22500 -25.30000 54.36450 0.13596 -13
-0.93933 -0.03482 67.09680 0 1.05000 27.95000 48.91921 0.13821 -13
-0.69771 -0.19747 49.23493 0 5.95000 18.55000 40.62889 0.12438 13
1.46023 0.13200 25.73421 0 -3.95000 -43.57500 14.62641 0.17869 -13
1.49858 -0.26758 25.73421 0 8.10000 -44.75000 14.62641 0.18347 -13
0.54107 0.04670 97.51788 0 -1.40000 -14.80000 85.78950 0.11460 -13
-1.57428 -0.10084 94.35452 0 3.05000 48.12500 50.77497 0.18809 -13
0.68551 -0.02070 18.36952 0 0.65000 -20.97500 15.15221 0.12212 -13
0.80234 -0.15174 23.69853 0 4.55000 -24.77500 18.56621 0.13000 13
0.33403 -0.05011 8.91471 0 1.45000 -9.77500 8.45657 0.10629 13
0.18692 -0.06422 83.60638 0 1.92500 -4.32500 82.18867 0.10265 13
-0.88178 -0.20125 57.57115 0 6.05000 27.15000 43.55381 0.13577 13
-0.39165 -0.13353 29.21950 0 4.05000 11.87500 27.23910 0.10899 -13
1.58147 -0.22149 26.09877 0 6.65000 -49.57500 14.18697 0.18970 13
0.26254 -0.10611 58.91880 0 3.20000 -8.02500 57.00811 0.10466 13
0.40022 -0.09392 18.32016 0 2.80000 -13.30000 17.01877 0.10887 13
-1.23340 0.05980 42.21279 0 -1.82500 37.40000 26.61326 0.16002 13
-0.69177 0.03317 71.78330 0 -1.00000 21.97500 59.04526 0.12249 -13
0.13251 -0.03521 36.66954 0 1.05000 -6.55000 36.35216 0.10164 13
0.27955 0.13541 42.61530 0 -4.10000 -6.40000 41.06862 0.10546 13
0.28652 -0.26404 42.61530 0 7.95000 -6.62500 41.06862 0.10807 13
-0.53658 0.02595 42.61530 0 7.95000 -6.55000 41.06862 0.10806 13
-0.64757 -2.37933 42.61530 0 8.05000 -4.85000 41.06862 0.12615 13
0.23711 1.97104 42.61530 0 8.20000 -4.82500 41.06862 0.12704 13
-0.26340 0.03941 38.40145 0 -1.20000 7.87500 37.13662 0.10422 13
0.67505 -0.09358 27.54507 0 2.80000 -19.62500 22.86150 0.12185 13
0.82743 -0.03437 88.59259 0 1.02500 -22.47500 68.27278 0.13075 13
-0.54704 -0.09719 59.76224 0 2.95000 17.75000 52.48685 0.11521 -13
-1.77349 0.13329 6.82297 0 -3.87500 55.17500 3.37346 0.20537 -13
-1.81926 -0.26591 6.82297 0 8.17500 56.65000 3.37346 0.21107 -13
-1.02516 0.05130 95.27369 0 -1.55000 31.60000 66.57174 0.14431 -13
1.74316 -0.07041 44.38903 0 2.15000 -51.67500 22.12863 0.20252 -13
0.94786 0.13566 38.61454 0 -4.07500 -27.25000 28.14649 0.13941 -13
0.97136 -0.26371 38.61454 0 7.97500 -27.95000 28.14649 0.14290 -13
0.07331 0.02510 10.85831 0 -0.80000 -2.97500 10.82929 0.10101 13
-0.44035 -0.17749 11.72001 0 5.40000 14.80000 10.75265 0.11151 -13
-0.40637 -0.06441 28.43646 0 1.95000 14.80000 26.35198 0.10890 -13
-0.64334 -0.18742 84.17727 0 5.65000 17.32500 71.14670 0.12122 13
0.07628 -0.19172 69.64717 0 5.77500 -2.05000 69.45255 0.10282 13
0.71652 0.02457 95.89585 0 -0.72500 -21.17500 77.95955 0.12391 -13
-0.87376 0.00994 3.02809 0 -0.07500 26.65000 2.28047 0.13381 -13
0.20031 0.01530 81.94708 0 -0.45000 -7.12500 80.35120 0.10271 -13
-0.74516 0.08826 59.88249 0 -2.65000 23.07500 48.08412 0.12590 -13
1.04913 -0.05215 19.53141 0 1.60000 -30.85000 13.48540 0.14606 -13
-0.57447 -0.05621 55.99318 0 1.70000 15.80000 48.57101 0.11628 -13
1.03582 -0.12624 29.44947 0 3.82500 -30.47500 20.53695 0.14557 -13
1.06705 -0.12227 1.93487 0 4.07500 -32.10000 1.32783 0.14830 -13
0.18616 0.02287 94.69388 0 -0.67500 -7.12500 93.09526 0.10246 -13
1.92589 -0.18410 42.93435 0 5.52500 -58.52500 20.04559 0.21928 13
1.24242 -0.11594 22.62512 0 3.52500 -36.72500 14.24374 0.16105 -13
-1.16037 0.04364 36.51611 0 -1.30000 37.27500 23.85164 0.15432 -13
0.03273 0.08677 43.95812 0 -2.62500 -0.02500 43.93476 0.10114 13
-0.28223 0.11576 89.20126 0 -3.50000 10.50000 85.88960 0.10529 13
-0.11230 -0.20058 67.76193 0 6.05000 5.20000 67.35481 0.10333 -13
-0.12169 0.04593 15.34172 0 -1.42500 5.12500 15.22956 0.10156 13
0.08816 -0.20924 51.77507 0 6.32500 -1.92500 51.58336 0.10327 -13
-1.19815 0.12904 52.88211 0 -3.90000 33.35000 34.04942 0.15771 13
-1.23108 -0.27073 52.88211 0 8.15000 34.35000 34.04942 0.16201 13
0.60621 -0.22763 13.83308 0 6.92500 -17.40000 11.90778 0.12002 -13
-0.41943 0.12622 60.26499 0 -3.82500 13.30000 55.63998 0.10995 13
-0.43143 -0.27370 60.26499 0 8.25000 13.67500 55.63998 0.11308 13
0.53820 -0.22143 37.70785 0 6.67500 -18.52500 33.38014 0.11650 13
-0.36770 -0.13957 6.82652 0 4.27500 9.47500 6.41442 0.10826 -13
-1.70836 -0.10403 31.84223 0 3.17500 51.25000 16.15071 0.19964 -13
0.04067 -0.23648 88.45287 0 7.12500 0.42500 88.38366 0.10356 13
-0.27410 -0.03371 87.55266 0 1.00000 8.10000 84.44148 0.10447 13
0.92667 -0.23112 99.90677 0 6.97500 -27.62500 74.15384 0.13926 -13
1.32931 -0.05048 24.85054 0 1.55000 -40.47500 14.95145 0.16760 -13
-0.70936 0.05161 56.84480 0 -1.57500 20.70000 46.38471 0.12358 13
0.87474 -0.19014 14.51321 0 5.70000 -29.12500 11.00720 0.13513 13
-1.51893 0.13436 18.18965 0 -4.10000 42.97500 10.06462 0.18368 13
-1.55746 -0.26522 18.18965 0 7.95000 44.10000 10.06462 0.18822 13
0.12478 0.06603 3.13177 0 -1.82500 -2.95000 3.10776 0.10173 -13
0.02335 0.11947 86.44508 0 -3.60000 1.87500 86.42184 0.10144 -13
0.02409 -0.28084 86.44508 0 8.47500 1.87500 86.42184 0.10463 -13
-1.13643 -0.18741 61.23031 0 5.65000 34.67500 40.84159 0.15360 13
-0.11966 0.03077 79.55406 0 -0.92500 3.62500 78.99114 0.10147 -13
1.85053 -0.07828 33.17991 0 2.40000 -53.87500 15.81138 0.21199 -13
-1.11971 -0.23722 57.01646 0 7.15000 33.57500 38.55497 0.15304 13
-0.16145 0.03877 20.58971 0 -1.15000 2.82500 20.32683 0.10208 -13
0.07318 -0.03266 26.00391 0 0.97500 -3.40000 25.93464 0.10103 13
-0.56825 0.01355 19.18916 0 -0.37500 17.27500 16.68405 0.11583 -13
1.83638 0.05043 19.16995 0 -1.47500 -57.00000 9.17642 0.21062 -13
-0.26460 0.10180 49.14486 0 -3.05000 9.02500 47.52584 0.10467 -13
0.63749 -0.14028 24.57130 0 4.25000 -20.85000 20.77750 0.12027 -13
-1.16276 -0.04713 87.41008 0 1.42500 35.87500 57.03165 0.15451 13
-2.09474 -0.19263 32.03120 0 5.77500 63.50000 14.00513 0.23450 13
-1.26907 -0.24181 75.29776 0 7.27500 39.47500 47.41897 0.16450 13
0.96067 0.00408 27.27386 0 -0.15000 -29.20000 19.66860 0.13964 13
-1.00440 -0.10780 85.86745 0 3.25000 31.80000 60.75941 0.14314 -13
-0.92653 -0.19160 90.28167 0 5.77500 29.90000 66.77340 0.13863 13
-0.80700 0.01240 40.06071 0 -0.40000 22.52500 31.17607 0.12941 13
0.28682 0.03354 55.79395 0 -1.00000 -7.90000 53.63380 0.10482 -13
0.32314 -0.05585 42.11321 0 1.67500 -9.25000 40.07876 0.10598 13
1.35908 -0.09300 40.35193 0 2.77500 -41.32500 23.98187 0.17017 13
-1.15074 -0.12263 63.17546 0 3.70000 32.80000 41.61515 0.15402 13
1.48435 -0.18835 55.40647 0 5.70000 -45.00000 31.32793 0.18125 -13
0.72353 -0.03883 21.09929 0 1.20000 -24.15000 17.09882 0.12436 -13
-0.90522 0.05234 77.35427 0 -1.57500 30.17500 57.38320 0.13595 13
-0.05789 -0.16152 67.09805 0 4.87500 2.42500 66.98875 0.10218 -13
0.25814 0.05812 12.88335 0 -1.80000 -7.77500 12.47572 0.10418 13
0.11284 0.01635 71.52843 0 -0.47500 -3.30000 71.07748 0.10135 -13
1.48182 0.10907 95.89577 0 -3.30000 -43.75000 53.86179 0.18036 13
0.25602 0.11041 97.22092 0 -3.32500 -10.22500 94.21815 0.10455 -13
-1.41684 -0.07118 50.97970 0 2.12500 42.12500 29.44651 0.17478 13
-0.85865 -0.04858 55.69334 0 1.47500 25.87500 42.27542 0.13282 -13
-1.21213 -0.14508 20.06405 0 4.42500 36.32500 12.84705 0.15896 -13
-1.72507 -0.00654 41.90729 0 0.22500 52.90000 21.01804 0.20079 -13
0.73948 0.06399 73.20194 0 -1.95000 -22.95000 58.90011 0.12542 13
0.20444 0.00787 20.51389 0 -0.22500 -7.10000 20.09806 0.10279 -13
1.10702 0.05727 92.79695 0 -1.72500 -33.22500 62.26026 0.15033 -13
0.30595 0.02774 49.45159 0 -0.82500 -10.07500 47.28943 0.10535 -13
0.34014 -0.13368 53.94107 0 4.02500 -10.77500 51.11435 0.10721 13
-0.17141 -0.03101 63.45805 0 0.95000 5.22500 62.54673 0.10222 -13
-1.54461 -0.13439 49.75572 0 4.02500 46.05000 27.21060 0.18577 13
-1.56888 0.08114 48.44411 0 -2.47500 46.77500 26.09978 0.18753 13
-1.17561 0.14044 14.46136 0 -4.17500 35.32500 9.42270 0.15603 -13
-1.20267 -0.25871 14.46136 0 7.85000 36.15000 9.42270 0.15972 -13
0.04383 -0.23826 31.86685 0 7.17500 -3.67500 31.83789 0.10361 13
-0.84553 -0.21749 2.83947 0 6.32500 25.47500 2.18940 0.13354 13
1.48733 -0.14027 81.58629 0 4.22500 -43.82500 45.82692 0.18103 13
-1.47463 0.12451 30.28413 0 -3.77500 46.12500 17.08664 0.17988 13
-1.51787 -0.27550 30.28413 0 8.27500 47.40000 17.08664 0.18508 13
0.63894 -0.23931 61.71672 0 7.22500 -16.77500 52.42052 0.12191 -13
-0.17144 0.02640 16.46464 0 -0.77500 7.02500 16.22800 0.10221 -13
1.16665 -0.22269 31.84781 0 6.75000 -35.10000 21.01566 0.15637 -13
0.36700 0.02367 95.77233 0 -0.70000 -9.52500 89.91160 0.10730 -13
-0.49341 -0.01197 61.49647 0 0.37500 15.35000 55.14935 0.11230 -13
-0.51532 -0.11252 76.18648 0 3.40000 13.77500 67.81194 0.11386 -13
-1.60577 0.12829 90.35332 0 -3.87500 49.65000 48.04388 0.19095 13
-1.65038 -0.27152 90.35332 0 8.17500 51.00000 48.04388 0.19623 13
0.51156 -0.20568 59.38173 0 6.22500 -16.55000 53.08980 0.11500 -13
0.13469 0.04314 78.80793 0 -1.30000 -3.87500 78.10393 0.10170 -13
0.99771 0.07200 82.02794 0 -2.17500 -29.05000 58.14320 0.14244 13
-0.45350 -0.18639 72.48188 0 5.62500 11.47500 66.20064 0.11216 -13
0.09963 -0.22748 21.64138 0 6.87500 -4.80000 21.53999 0.10378 -13
0.54032 0.04984 26.81842 0 -1.47500 -16.30000 23.60099 0.11457 -13
0.21961 -0.00997 63.38652 0 0.30000 -5.75000 61.91117 0.10311 -13
-0.31097 -0.13489 87.24287 0 4.07500 10.55000 83.37343 0.10633 -13
0.14008 -0.12514 49.96856 0 3.77500 -6.45000 49.49276 0.10246 13
-0.26965 -0.16894 59.62071 0 5.10000 7.87500 57.61880 0.10568 -13
0.02213 -0.20658 9.58965 0 6.17500 0.60000 9.58740 0.10283 13
-0.63022 -0.05440 81.00689 0 1.65000 16.70000 68.56094 0.11916 -13
0.80503 0.15363 3.77797 0 -4.45000 -23.05000 2.95601 0.13015 -13
0.81927 -0.24473 3.77797 0 7.57500 -23.55000 2.95601 0.13274 -13
-1.10266 -0.15194 98.13924 0 4.60000 33.07500 66.34046 0.15068 -13
0.72172 -0.18535 64.10482 0 5.60000 -23.17500 52.27892 0.12559 -13
-0.64314 -0.20794 36.85667 0 6.30000 23.30000 31.18880 0.12156 -13
-0.03852 -0.21459 97.74467 0 6.47500 0.00000 97.67542 0.10307 13
0.76481 -0.02371 24.47306 0 0.70000 -19.80000 19.44119 0.12680 13
-0.36443 -0.19948 56.61006 0 6.02500 11.00000 53.30798 0.10906 -13
-0.96406 0.00911 75.99787 0 -0.27500 30.50000 54.71382 0.13989 -13
1.38058 0.05864 58.37852 0 -1.75000 -43.67500 34.28433 0.17177 -13
1.35615 0.06639 88.99164 0 -2.00000 -43.60000 52.88973 0.16981 -13
-0.94378 -0.24861 56.03878 0 7.50000 26.62500 41.32531 0.14073 -13
-1.03719 0.09117 73.38928 0 -2.75000 32.75000 51.04667 0.14538 13
-0.27559 0.05079 26.87790 0 -1.55000 7.80000 25.91432 0.10459 13
0.77117 -0.23987 83.82641 0 7.25000 -22.40000 67.06427 0.12945 -13
0.83888 -0.02464 69.06664 0 0.72500 -25.32500 52.91978 0.13147 13
-1.21717 0.57126 69.06664 0 1.30000 -25.80000 52.91978 0.13265 13
1.07919 3.39533 69.06664 0 0.70000 -27.70000 52.91978 0.15057 13
-1.41410 -1.35364 69.06664 0 0.62500 -29.35000 52.91978 0.16607 13
-0.82043 -0.16552 57.09805 0 4.97500 24.55000 44.38109 0.13132 13
0.25694 -0.22508 38.53897 0 6.77500 -9.02500 37.38241 0.10641 13
-0.53746 0.06195 75.41895 0 -1.87500 16.92500 66.46072 0.11450 13
-0.77064 0.03413 95.91302 0 -1.02500 22.90000 75.98776 0.12718 -13
0.59110 -0.21912 65.12081 0 6.62500 -17.87500 56.39519 0.11904 -13
0.05130 0.13797 34.24357 0 -4.17500 0.10000 34.19948 0.10179 13
0.05254 -0.26135 34.24357 0 7.87500 0.07500 34.19948 0.10421 13
-0.07778 0.04043 33.48712 0 -1.22500 1.15000 33.38640 0.10109 13
0.21452 0.11123 82.75751 0 -3.35000 -5.02500 80.93831 0.10360 13
-1.03155 0.10321 54.31525 0 -3.12500 32.40000 37.90880 0.14506 13
-1.94178 0.01732 95.37410 0 -0.50000 57.07500 43.67144 0.21996 -13
1.95743 0.06028 99.59310 0 -1.80000 -59.17500 45.37497 0.22143 -13
-0.01194 -0.04040 96.22637 0 1.22500 1.62500 96.21952 0.10079 -13
0.34506 -0.00797 84.58401 0 0.25000 -9.80000 79.95799 0.10653 -13
-1.26101 -0.12156 11.23190 0 3.60000 36.90000 7.01071 0.16248 13
1.09370 -0.00481 20.85800 0 0.10000 -32.25000 14.07464 0.14924 13
-0.06762 -0.15180 51.86655 0 4.60000 3.25000 51.75103 0.10209 -13
-0.05560 -0.13991 31.81044 0 4.20000 5.15000 31.76235 0.10183 13
0.97227 0.01551 35.72371 0 -0.47500 -28.65000 25.61476 0.14046 13
-1.44650 -0.20131 68.03363 0 6.07500 45.80000 39.20777 0.17826 -13
-2.08514 -0.23196 99.97959 0 6.97500 64.47500 44.15962 0.23403 13
-1.73807 0.02252 2.35290 0 -0.27500 49.65000 1.17348 0.20213 -13
-2.04066 -0.06246 26.16711 0 1.92500 61.67500 11.53267 0.22896 -13
-0.14082 -0.11083 6.03442 0 3.42500 5.57500 5.97614 0.10235 -13
-0.04281 -0.09891 65.20419 0 2.97500 1.17500 65.14507 0.10128 13
-0.13988 0.12607 94.32387 0 -3.80000 2.80000 93.42855 0.10248 13
-0.14389 -0.27385 94.32387 0 8.25000 2.92500 93.42855 0.10541 13
-0.64499 -0.03975 64.10503 0 1.20000 16.80000 53.88400 0.11990 13
-0.23403 0.05683 50.16068 0 -1.70000 6.35000 48.84494 0.10358 -13
0.49415 0.00100 62.29760 0 -0.05000 -15.70000 55.85072 0.11233 13
0.21444 -0.18366 52.48357 0 5.55000 -7.95000 51.35363 0.10465 -13
-0.26491 -0.17864 99.97387 0 5.37500 7.25000 96.73862 0.10572 13
-1.27566 0.13586 99.05659 0 -4.10000 38.32500 61.45809 0.16380 -13
-1.30719 -0.26352 99.05659 0 7.95000 39.27500 61.45809 0.16786 -13
0.14626 -0.21655 17.47877 0 6.55000 -1.47500 17.30282 0.10411 -13
-1.83050 0.14433 52.39156 0 -4.37500 54.52500 25.31727 0.21057 13
-1.86958 -0.25470 52.39156 0 7.67500 55.70000 25.31727 0.21502 13
-0.14555 0.07911 24.45234 0 -2.40000 7.07500 24.19890 0.10208 13
0.64175 0.13573 91.67712 0 -4.10000 -18.05000 77.36048 0.12043 -13
0.65764 -0.26364 91.67712 0 7.95000 -18.52500 77.36048 0.12343 -13
-0.78311 0.07641 95.19168 0 -2.30000 22.60000 75.02824 0.12814 13
-0.20725 0.12612 65.07354 0 -3.80000 7.05000 63.73987 0.10362 -13
-0.21318 -0.27378 65.07354 0 8.27500 7.25000 63.73987 0.10660 -13
-0.59811 -0.44449 65.07354 0 -3.80000 7.17500 63.73987 0.10389 -13
0.04370 0.53623 65.07354 0 -2.62500 7.55000 63.73987 0.11010 -13
1.45667 -0.04320 74.29742 0 1.30000 -44.77500 42.07676 0.17798 13
-0.09149 0.03900 29.59639 0 -1.15000 3.07500 29.47351 0.10120 -13
0.41667 -0.09818 28.17257 0 2.97500 -14.40000 26.02365 0.10955 -13
0.29543 -0.01588 25.98336 0 0.50000 -9.42500 24.91893 0.10502 -13
1.01771 0.14178 47.08350 0 -4.25000 -29.77500 33.16592 0.14438 -13
1.04043 -0.25731 47.08350 0 7.77500 -30.47500 33.16592 0.14764 -13
1.83744 -0.06608 39.64931 0 1.97500 -53.25000 18.98546 0.21076 13
-1.12192 -0.17389 66.42916 0 5.22500 33.62500 44.56783 0.15235 13
0.38914 0.08126 59.32445 0 -2.45000 -11.57500 55.30982 0.10837 -13
-0.65239 -0.02198 49.05994 0 0.65000 21.07500 41.09196 0.12026 13
-1.43358 -0.16562 96.56707 0 4.97500 43.27500 55.75000 0.17680 13
0.01214 -0.04950 50.16948 0 1.47500 -1.07500 50.16579 0.10083 13
0.89340 -0.02903 33.58833 0 0.85000 -26.85000 25.05266 0.13507 13
-1.10734 -0.11507 18.80410 0 3.50000 35.80000 12.64887 0.15072 -13
2.07395 0.12524 9.14584 0 -3.92500 -63.20000 3.99756 0.23235 13
2.13424 -0.27519 9.14584 0 8.15000 -64.90000 3.99756 0.23867 13
-0.75587 -0.12763 7.38261 0 3.77500 24.45000 5.90695 0.12685 13
1.23672 0.01653 57.49169 0 -0.47500 -38.80000 36.15108 0.16017 -13
-0.47564 -0.24362 12.10720 0 7.30000 13.90000 10.99035 0.11414 13
1.94472 0.09211 29.45993 0 -2.82500 -58.67500 13.51595 0.22045 13
0.22300 0.03096 34.07094 0 -0.95000 -7.15000 33.25475 0.10323 13
0.75374 -0.07382 28.17754 0 2.25000 -21.02500 22.52332 0.12633 -13
0.29340 0.05209 35.42053 0 -1.55000 -10.05000 33.99153 0.10508 -13
1.31800 -0.21878 32.30438 0 6.62500 -40.45000 19.81550 0.16809 -13
0.41531 -0.08544 37.01801 0 2.60000 -11.77500 34.20526 0.10939 -13
0.04297 -0.04791 36.91277 0 1.42500 0.10000 36.87881 0.10091 13
1.99096 -0.14743 18.40415 0 4.50000 -58.90000 8.33132 0.22494 -13
0.38898 0.08783 55.32780 0 -2.65000 -11.32500 51.59042 0.10841 13
0.25655 -0.21943 88.65142 0 6.62500 -8.57500 85.99265 0.10628 13
-0.66511 -0.11619 19.43071 0 3.47500 19.67500 16.21205 0.12150 13
0.32529 0.02453 13.18762 0 -0.77500 -11.12500 12.54112 0.10593 13
0.16099 0.06193 54.40892 0 -1.85000 -4.07500 53.71969 0.10219 -13
0.21948 -0.06955 41.72989 0 2.10000 -5.15000 40.76417 0.10334 -13
1.11806 -0.10989 13.11486 0 3.25000 -36.47500 8.77237 0.15143 13
-1.58580 -0.02181 93.04919 0 0.65000 44.32500 49.64010 0.18881 13
-1.40408 -0.19130 35.78400 0 5.80000 43.02500 21.00685 0.17468 -13
-1.58073 -0.07175 14.21021 0 2.22500 47.97500 7.61072 0.18854 -13
-1.64149 0.06364 65.65493 0 -1.92500 50.97500 34.20794 0.19368 13
-0.44423 0.05314 72.88109 0 -1.60000 13.27500 66.62038 0.11032 13
0.41767 -0.20735 35.49613 0 6.25000 -12.07500 32.85509 0.11110 13
0.13583 0.13652 93.23488 0 -4.12500 -5.07500 92.40185 0.10255 -13
0.13915 -0.26282 93.23488 0 7.92500 -5.17500 92.40185 0.10507 -13
0.04847 0.05660 68.65742 0 -1.70000 -0.95000 68.57718 0.10098 -13
1.27077 -0.06117 64.16770 0 1.82500 -37.55000 39.72650 0.16296 13
-1.69510 -0.03322 91.96564 0 1.00000 50.72500 46.74720 0.19822 13
-0.96420 -0.03974 15.12782 0 1.15000 26.57500 10.89416 0.13994 13
-0.92591 0.13792 12.87420 0 -4.10000 30.10000 9.48791 0.13791 -13
-0.94815 -0.26130 12.87420 0 7.95000 30.77500 9.48791 0.14131 -13
-0.11487 -0.23225 67.86916 0 7.02500 4.00000 67.44824 0.10404 -13
0.84004 0.02609 29.55759 0 -0.77500 -23.37500 22.63548 0.13154 -13
-0.40291 0.09744 10.30227 0 -3.00000 14.37500 9.56219 0.10903 13
1.17437 0.00474 7.89032 0 -0.22500 -35.82500 5.11556 0.15534 13
0.42929 0.13528 71.17228 0 -4.10000 -12.42500 65.49239 0.11044 13
0.44001 -0.26415 71.17228 0 7.95000 -12.75000 65.49239 0.11318 13
0.42261 0.02392 32.91113 0 -0.75000 -10.80000 30.31642 0.10935 13
0.82270 -0.09706 20.33310 0 2.95000 -24.77500 15.73165 0.13078 -13
-0.21494 -0.21185 22.80303 0 6.42500 7.50000 22.31511 0.10521 -13
-0.12193 -0.08059 27.72697 0 2.42500 -1.17500 27.52438 0.10177 13
-0.09149 -0.21278 8.07076 0 6.47500 5.20000 8.03860 0.10343 -13
