-0.40049 0.05021 79.32308 0 -1.52500 12.90000 73.64999 0.10860 13
1.08297 0.02514 19.92466 0 -0.72500 -32.17500 13.51918 0.14846 -13
1.44196 -0.19499 73.81198 0 5.90000 -44.05000 42.59359 0.17781 -13
-0.32922 -0.02822 31.64500 0 0.82500 11.95000 30.05913 0.10606 13
-1.83753 -0.01616 45.97869 0 0.47500 57.25000 21.98037 0.21068 13
-0.47101 -0.16953 50.31613 0 5.10000 13.50000 45.63508 0.11261 13
-0.99276 -0.07835 84.43309 0 2.37500 29.85000 60.01053 0.14212 -13
-0.17431 -0.18884 44.30560 0 5.70000 5.75000 43.66968 0.10398 -13
0.13899 -0.09373 80.94485 0 2.82500 -4.77500 80.18069 0.10211 13
-0.39606 0.03401 50.55086 0 -1.02500 15.07500 47.00252 0.10837 13
-0.31419 -0.06242 65.92259 0 1.90000 9.72500 62.90251 0.10575 -13
0.30244 -0.21692 46.48088 0 6.52500 -8.37500 44.57466 0.10744 13
-1.84321 -0.11652 51.06754 0 3.50000 54.95000 24.48007 0.21148 13
-0.18979 0.08154 39.54340 0 -2.47500 6.10000 38.85435 0.10283 13
-1.64731 -0.13028 46.06201 0 3.95000 49.05000 24.05031 0.19452 -13
-0.11897 -0.03651 82.39637 0 1.10000 4.35000 81.82012 0.10148 -13
0.73060 0.00185 63.13474 0 -0.07500 -23.25000 50.97844 0.12472 13
-0.23044 -0.23105 93.73972 0 6.97500 7.82500 91.46292 0.10593 13
-0.71413 -0.00058 45.83886 0 -0.00000 21.52500 37.30318 0.12375 13
1.30198 -0.08079 80.02395 0 2.42500 -38.95000 48.84484 0.16551 13
-0.39295 0.07669 27.95413 0 -2.30000 10.02500 26.02784 0.10847 -13
-0.44961 -0.07002 25.38363 0 2.12500 15.60000 23.16098 0.11064 -13
0.25883 -0.03424 36.33642 0 1.05000 -8.40000 35.17847 0.10408 -13
-0.68977 -0.11982 60.01673 0 3.62500 22.80000 49.51716 0.12293 -13
0.23757 0.13163 45.99608 0 -3.97500 -8.15000 44.77093 0.10436 13
0.24386 -0.26800 45.99608 0 8.07500 -8.35000 44.77093 0.10710 13
-0.99165 -0.22723 3.79008 0 7.05000 29.17500 2.72483 0.14391 -13
-0.51978 0.12086 14.88537 0 -3.60000 16.80000 13.22790 0.11413 -13
-0.53582 -0.27929 14.88537 0 8.47500 17.30000 13.22790 0.11770 -13
-0.56472 -0.15456 81.61757 0 4.67500 16.65000 71.26939 0.11670 -13
0.36628 -0.17323 59.65005 0 5.22500 -12.52500 56.10768 0.10866 -13
0.56952 -0.18179 98.30240 0 5.50000 -18.12500 85.75689 0.11733 -13
0.73515 0.10774 38.03239 0 -3.22500 -23.12500 30.70516 0.12545 -13
-0.51776 -0.13269 50.48875 0 4.00000 13.25000 44.91780 0.11418 13
2.20077 -0.11680 9.48722 0 3.65000 -61.35000 3.94680 0.24384 -13
-0.26876 -0.04642 85.52884 0 1.40000 6.82500 82.60380 0.10438 -13
2.06644 0.05035 98.61412 0 -1.50000 -62.62500 43.00158 0.23122 -13
-0.58112 -0.11926 21.40877 0 3.62500 18.82500 18.54278 0.11710 -13
1.01878 0.50200 21.40877 0 4.05000 22.77500 18.54278 0.22373 -13
-0.36660 0.05214 48.44731 0 -1.55000 10.45000 45.49437 0.10738 -13
1.44611 -0.06515 60.85287 0 1.95000 -42.50000 34.66072 0.17718 13
0.29664 0.07951 60.95286 0 -2.40000 -8.35000 58.45107 0.10535 13
-0.29338 -0.14958 26.89094 0 4.52500 11.22500 25.82584 0.10603 -13
1.75434 0.04486 11.33350 0 -1.27500 -52.65000 5.61657 0.20339 -13
-1.82280 0.06957 62.76605 0 -2.12500 56.32500 30.24498 0.20949 13
0.47020 0.12497 79.81289 0 -3.77500 -15.22500 72.32809 0.11199 13
0.48388 -0.27502 79.81289 0 8.30000 -15.62500 72.32809 0.11524 13
1.40224 1.19169 79.81289 0 8.30000 -15.92500 72.32809 0.11641 13
1.76520 -0.09748 60.88121 0 2.92500 -52.67500 30.11635 0.20452 13
-1.60138 0.14758 42.40334 0 -4.47500 49.15000 22.63400 0.19072 13
-1.63346 -0.25134 42.40334 0 7.55000 50.10000 22.63400 0.19449 13
0.12174 -0.17935 54.00121 0 5.40000 -3.20000 53.61764 0.10304 13
-1.45123 -0.24424 25.84147 0 7.32500 44.47500 14.95072 0.17913 13
0.03485 0.06679 95.71395 0 -2.02500 0.25000 95.65612 0.10099 13
-1.39179 -0.21431 16.56158 0 6.40000 43.95000 9.80791 0.17385 13
-0.63282 -0.21665 37.75574 0 6.55000 17.70000 32.11092 0.12117 -13
1.16160 -0.09426 14.77394 0 2.90000 -37.82500 9.66296 0.15468 -13
-0.34164 0.03017 88.87298 0 -0.92500 10.00000 84.10449 0.10646 13
1.35578 0.10962 52.24804 0 -3.32500 -43.00000 31.13339 0.17002 13
0.17633 -0.03594 26.27402 0 1.10000 -6.22500 25.87536 0.10232 -13
-0.95563 0.13704 6.88329 0 -4.02500 28.32500 4.99848 0.13992 -13
-0.97882 -0.26202 6.88329 0 8.00000 29.05000 4.99848 0.14350 -13
-0.90178 -0.19791 37.28657 0 6.00000 28.32500 27.92789 0.13707 -13
0.07248 -0.10246 11.36244 0 3.12500 -2.32500 11.33306 0.10151 -13
-0.84497 0.14840 1.60688 0 -4.07500 26.20000 1.23318 0.13270 -13
-0.86110 -0.24992 1.60688 0 7.95000 26.82500 1.23318 0.13601 -13
-0.67520 -0.03917 99.15413 0 1.17500 21.42500 82.19596 0.12157 13
0.98798 0.12755 79.95283 0 -3.85000 -30.25000 57.10198 0.14215 13
1.01572 -0.27230 79.95283 0 8.20000 -31.07500 57.10198 0.14612 13
0.12843 -0.24118 9.86048 0 7.22500 -2.97500 9.78441 0.10437 13
1.48925 0.13627 94.23531 0 -4.12500 -46.15000 52.86604 0.18117 13
1.52589 -0.26310 94.23531 0 7.92500 -47.25000 52.86604 0.18560 13
-1.26119 0.07725 3.04711 0 -2.57500 39.42500 1.89802 0.16236 13
0.29966 -0.11341 41.06809 0 3.40000 -7.50000 39.36054 0.10574 13
0.61427 -0.23908 23.47707 0 7.22500 -22.00000 20.15424 0.12063 -13
0.84084 -0.04139 44.29254 0 1.27500 -23.47500 33.91283 0.13164 -13
0.47695 0.04391 60.16309 0 -1.32500 -16.97500 54.31230 0.11166 13
-1.89111 -0.15618 36.12844 0 4.67500 55.52500 17.04775 0.21597 13
-0.18956 0.01830 47.87143 0 -0.55000 4.35000 47.03412 0.10251 -13
0.17256 -0.16648 46.97694 0 5.00000 -5.02500 46.31084 0.10355 13
-1.56152 0.14588 31.76642 0 -4.37500 49.20000 17.25986 0.18728 -13
-1.59372 -0.25304 31.76642 0 7.65000 50.17500 17.25986 0.19123 -13
0.32742 0.02688 18.62298 0 -0.85000 -9.52500 17.69905 0.10600 13
-0.18843 -0.09786 44.99936 0 2.97500 3.77500 44.22837 0.10295 -13
0.00803 0.01288 81.99428 0 -0.40000 -0.02500 81.99163 0.10071 13
0.59476 0.10003 8.50451 0 -3.07500 -20.40000 7.31871 0.11764 13
-0.56598 -0.07213 29.85884 0 2.15000 16.65000 26.00145 0.11594 13
0.40657 -0.00148 3.01129 0 0.22500 -12.45000 2.78957 0.10878 -13
1.39015 0.02260 57.62389 0 -0.70000 -41.47500 33.65589 0.17246 13
0.31018 -0.05604 40.86487 0 1.70000 -7.17500 39.03588 0.10559 -13
-0.42108 -0.02175 86.67705 0 0.65000 12.77500 79.88646 0.10929 -13
-1.00876 0.10315 85.73335 0 -3.12500 33.75000 60.51813 0.14342 13
0.34959 -0.13796 29.14568 0 4.17500 -10.52500 27.54089 0.10759 -13
0.35638 -0.15490 99.99048 0 4.67500 -7.87500 94.31271 0.10804 13
0.55644 0.01541 81.82272 0 -0.47500 -16.77500 71.50128 0.11525 13
0.81434 0.03886 96.53836 0 -1.17500 -26.90000 74.87987 0.12993 -13
0.55773 0.03549 52.98894 0 -1.07500 -17.32500 46.28472 0.11536 13
-0.68934 -0.01220 95.50739 0 0.35000 22.15000 78.63652 0.12232 13
-1.52102 -0.22129 64.26547 0 6.65000 45.47500 35.89487 0.18464 13
0.15631 -0.15326 81.18863 0 4.62500 -2.65000 80.23652 0.10309 13
-1.29557 -0.02784 33.25394 0 0.87500 36.42500 20.32379 0.16484 -13
-1.87259 0.00049 24.48049 0 -0.05000 58.80000 11.53197 0.21378 13
-0.14441 -0.17704 46.54531 0 5.35000 5.30000 46.08166 0.10330 -13
1.43904 -0.20148 5.98924 0 6.20000 -45.95000 3.46344 0.17782 -13
-0.45681 -0.22290 29.93383 0 6.70000 12.80000 27.33952 0.11295 13
-0.14359 -0.16995 65.96472 0 5.12500 5.90000 65.31359 0.10318 -13
0.80272 -0.03281 87.39765 0 0.97500 -22.25000 68.17031 0.12917 13
-0.77048 -0.20683 69.40352 0 6.25000 22.75000 55.40237 0.12884 -13
0.10703 -0.13296 13.88423 0 4.05000 -2.30000 13.80669 0.10218 -13
-1.82322 -0.04616 89.59491 0 1.40000 53.90000 43.12094 0.20946 -13
0.40324 0.05181 71.23258 0 -1.55000 -14.82500 66.07565 0.10871 -13
-0.45961 0.01011 47.83760 0 -0.32500 12.92500 43.46688 0.11083 13
0.45685 0.06388 85.29090 0 -1.92500 -12.25000 77.60582 0.11090 13
0.04952 -0.15116 66.82898 0 4.57500 -2.20000 66.74899 0.10197 -13
0.10966 0.07233 96.91369 0 -2.17500 -0.70000 96.33904 0.10157 -13
-0.12863 -0.11994 95.39163 0 3.62500 3.50000 94.62311 0.10225 -13
-0.02618 -0.00550 59.86946 0 0.17500 -0.05000 59.84895 0.10074 -13
0.45273 -0.16267 8.45118 0 4.85000 -16.32500 7.71576 0.11172 13
-1.11493 0.06768 30.72665 0 -2.02500 37.15000 20.54215 0.15097 -13
-0.73011 -0.10663 33.53849 0 3.22500 20.45000 27.14020 0.12516 -13
-0.86693 -0.04923 70.13919 0 1.50000 24.37500 53.02390 0.13337 -13
-0.03685 -0.06588 21.95533 0 2.00000 3.37500 21.94055 0.10100 -13
0.40123 0.02077 8.76501 0 -0.57500 -11.72500 8.13468 0.10853 -13
-0.11866 -0.23742 8.27249 0 7.22500 3.45000 8.21779 0.10425 -13
0.05227 0.04053 39.64062 0 -1.22500 -2.22500 39.58661 0.10093 13
-0.16430 0.01941 94.61856 0 -0.57500 4.52500 93.36724 0.10207 -13
-1.84071 -0.22795 83.48278 0 6.90000 53.32500 40.63480 0.21222 -13
-0.25782 0.04119 64.67440 0 -1.25000 7.52500 62.62987 0.10409 13
0.77173 -0.06907 60.08967 0 2.10000 -21.37500 47.61304 0.12740 -13
-0.88314 -0.00836 5.07544 0 0.37500 29.22500 3.80436 0.13439 -13
-0.31724 0.02436 50.46388 0 -0.72500 10.57500 48.10273 0.10568 -13
-0.05446 -0.13702 22.12607 0 4.15000 2.57500 22.09394 0.10180 -13
0.84028 0.02814 60.73207 0 -0.85000 -24.55000 46.50428 0.13156 -13
1.09947 0.01193 65.96620 0 -0.37500 -31.37500 44.38693 0.14967 13
1.23646 -0.15937 30.90692 0 4.82500 -36.12500 19.58330 0.16096 -13
1.56772 0.11420 4.39280 0 -3.65000 -48.22500 2.37229 0.18789 13
1.62023 -0.28724 4.39280 0 8.42500 -49.67500 2.37229 0.19367 13
1.36114 -0.00806 60.85956 0 0.22500 -41.40000 36.03382 0.17009 13
-0.06784 -0.15207 65.46148 0 4.60000 6.52500 65.31474 0.10209 -13
0.32489 0.11538 68.98119 0 -3.47500 -8.70000 65.64699 0.10652 -13
-0.95377 -0.04982 17.25023 0 1.47500 27.37500 12.49030 0.13925 13
-0.30508 -0.23402 69.97202 0 7.07500 11.00000 67.07522 0.10789 -13
1.00998 -0.22868 2.20831 0 6.57500 -29.82500 1.57369 0.14479 13
0.83863 0.11968 82.07447 0 -3.60000 -25.42500 63.07164 0.13198 -13
0.86486 -0.28061 82.07447 0 8.47500 -26.22500 63.07164 0.13612 -13
-0.66154 -0.10285 80.32209 0 3.10000 17.45000 67.09703 0.12118 13
-0.32135 -0.19076 4.18095 0 5.62500 8.05000 3.98687 0.10746 13
-0.40514 -0.18807 87.44270 0 5.67500 14.10000 81.24010 0.11029 13
0.21038 -0.19044 97.65645 0 5.75000 -6.52500 95.63534 0.10468 13
1.62778 -0.22367 20.10913 0 6.80000 -50.12500 10.71335 0.19376 -13
-0.80701 -0.02555 91.89914 0 0.77500 24.62500 71.52512 0.12943 -13
1.08952 -0.00889 71.96677 0 0.27500 -33.37500 48.66440 0.14893 -13
1.79343 -0.16503 31.15030 0 5.00000 -55.95000 15.32624 0.20748 -13
0.75702 0.05160 7.22569 0 -1.65000 -24.20000 5.76413 0.12644 13
-1.70220 0.05664 39.44338 0 -1.67500 48.37500 20.00369 0.19888 -13
0.65006 -0.10113 77.42664 0 3.05000 -19.22500 65.01313 0.12054 13
0.70106 -0.12696 30.58802 0 3.85000 -21.82500 25.11180 0.12366 -13
-1.03071 0.06605 91.76531 0 -1.97500 32.65000 63.97084 0.14477 -13
-0.25273 -0.15989 93.66539 0 4.82500 7.02500 90.87835 0.10512 -13
0.89369 -0.05618 51.15032 0 1.70000 -26.97500 38.16594 0.13518 -13
-0.15824 0.77152 51.15032 0 2.35000 -27.77500 38.16594 0.14447 -13
-1.18416 0.51452 51.15032 0 2.95000 -28.57500 38.16594 0.16113 -13
0.32992 0.00265 88.96999 0 -0.07500 -8.25000 84.49060 0.10605 -13
-0.24931 -0.08488 26.18870 0 2.57500 9.52500 25.41638 0.10414 -13
-0.22789 0.02293 35.74965 0 -0.67500 5.35000 34.85690 0.10331 -13
-0.69919 -0.21007 87.77647 0 6.35000 20.72500 72.44050 0.12469 -13
0.99390 0.12888 69.88007 0 -3.90000 -30.95000 49.76614 0.14258 13
1.02130 -0.27090 69.88007 0 8.15000 -31.75000 49.76614 0.14649 13
-1.24896 0.12823 81.72953 0 -3.85000 38.97500 51.33581 0.16155 -13
-1.24896 0.12823 81.72953 0 -3.85000 39.00000 51.33581 0.16163 -13
-1.28369 -0.27154 81.72953 0 8.20000 40.05000 51.33581 0.16615 -13
0.40494 0.03078 21.32623 0 -0.95000 -9.50000 19.76846 0.10869 13
-0.65675 -0.14938 65.11151 0 4.50000 19.32500 54.60450 0.12142 13
-0.90260 0.07580 20.83263 0 -2.32500 27.80000 15.48487 0.13588 13
0.36122 -0.11807 17.29811 0 3.60000 -8.82500 16.28216 0.10774 -13
-0.35616 0.10358 18.28297 0 -3.10000 9.15000 17.23333 0.10740 -13
-0.08846 0.03376 26.73939 0 -1.00000 1.27500 26.63549 0.10115 -13
0.67281 -0.19988 9.97183 0 5.97500 -20.00000 8.32318 0.12300 13
-0.69871 0.11619 63.72416 0 -3.52500 22.27500 52.35120 0.12341 13
-1.97609 0.08185 40.58922 0 -2.50000 61.65000 18.37492 0.22320 13
-0.28856 0.07247 9.37739 0 -2.25000 8.17500 9.01164 0.10509 13
0.62258 0.07382 8.33192 0 -2.30000 -19.75000 7.07833 0.11889 13
0.16005 -0.06922 36.79916 0 2.10000 0.00000 36.33896 0.10223 -13
1.89078 -0.18931 47.03772 0 5.72500 -55.62500 22.29397 0.21628 -13
-0.98643 0.12561 34.48719 0 -3.77500 29.47500 24.64706 0.14200 -13
-1.01488 -0.27428 34.48719 0 8.30000 30.32500 24.64706 0.14614 -13
0.69073 -0.19282 53.76995 0 5.80000 -23.87500 44.49989 0.12392 13
0.14718 -0.14859 16.33966 0 4.52500 -4.47500 16.16914 0.10290 -13
1.01267 0.00971 96.46512 0 -0.30000 -28.87500 67.78180 0.14332 -13
0.77565 -0.21649 62.41523 0 6.55000 -22.22500 49.73828 0.12931 -13
0.24370 0.13796 6.70002 0 -4.10000 -8.00000 6.51286 0.10455 -13
0.24960 -0.26111 6.70002 0 7.95000 -8.20000 6.51286 0.10715 -13
-1.15811 -0.01722 42.13725 0 0.50000 34.57500 27.54218 0.15409 13
-1.14794 0.11291 64.85375 0 -3.42500 32.97500 42.75214 0.15375 13
0.04467 -0.83665 64.85375 0 -3.25000 32.85000 42.75214 0.15375 13
0.41488 0.41013 64.85375 0 -1.82500 33.32500 42.75214 0.16062 13
0.53898 0.08817 64.85375 0 -2.60000 32.52500 42.75214 0.16989 13
-0.10732 -0.04883 97.57365 0 1.47500 5.15000 97.01789 0.10140 13
0.38601 -0.08545 2.77347 0 2.77500 -8.02500 2.58855 0.10843 -13
-0.42472 -0.18655 7.54393 0 5.55000 14.67500 6.96152 0.11098 13
-0.16030 0.03565 38.72310 0 -1.07500 4.67500 38.23553 0.10205 -13
-0.55751 -0.01859 92.71671 0 0.55000 15.70000 80.98505 0.11531 13
-1.15096 -0.17420 28.56011 0 5.27500 35.32500 18.89070 0.15457 -13
0.91029 -0.04295 37.59883 0 1.27500 -28.50000 27.81592 0.13624 13
0.88958 -0.09438 20.75834 0 2.82500 -27.12500 15.53926 0.13512 13
1.22105 0.01272 68.52256 0 -0.40000 -34.35000 43.41800 0.15895 13
1.55172 -0.03414 6.58684 0 1.17500 -47.12500 3.56932 0.18600 -13
-0.00949 -0.05680 32.82273 0 1.70000 0.27500 32.82126 0.10087 13
-1.50037 -0.11754 55.36567 0 3.55000 47.30000 30.85276 0.18197 -13
1.44359 0.07557 22.65737 0 -2.25000 -43.90000 12.92666 0.17699 -13
-0.42487 0.01301 98.72482 0 -0.37500 16.27500 90.86498 0.10943 -13
-0.31655 -0.08634 33.59747 0 2.60000 9.50000 32.04176 0.10598 13
-0.22465 -0.09585 21.43522 0 2.92500 9.20000 20.91830 0.10367 -13
-1.52825 -0.02662 51.33502 0 0.82500 46.10000 28.11479 0.18394 -13
-1.61401 -0.13889 12.63602 0 4.15000 48.95000 6.70150 0.19167 13
0.48709 -0.10599 84.41111 0 3.20000 -13.90000 75.96845 0.11252 13
-0.19590 0.04599 51.94370 0 -1.37500 5.05000 50.97684 0.10272 -13
1.92276 -0.01775 63.29954 0 0.52500 -57.35000 29.21027 0.21826 13
-0.20870 0.08612 87.27597 0 -2.60000 6.92500 85.44833 0.10324 13
-0.51149 0.00093 64.49155 0 -0.02500 14.17500 57.41677 0.11310 13
-0.56942 0.09892 60.14176 0 -3.00000 18.02500 52.32500 0.11632 13
-0.76386 -0.08169 73.79019 0 2.47500 22.25000 58.71146 0.12699 -13
0.06741 -0.14282 28.22321 0 4.30000 -2.55000 28.16058 0.10194 13
-1.02925 0.05391 50.90071 0 -1.65000 27.90000 35.49724 0.14461 13
1.26182 0.09236 13.06804 0 -2.72500 -37.92500 8.13773 0.16238 -13
-1.16765 0.00863 76.37659 0 -0.27500 32.60000 49.68166 0.15482 13
0.34444 0.02071 29.26000 0 -0.60000 -12.00000 27.66551 0.10654 -13
-0.31013 -0.10006 49.54707 0 3.00000 9.42500 47.34391 0.10591 13
-0.13457 0.03633 36.65498 0 -1.10000 4.75000 36.32794 0.10168 13
0.18677 -0.18939 42.17615 0 5.72500 -2.10000 41.48352 0.10421 -13
0.29732 -0.08179 73.81313 0 2.47500 -9.65000 70.77135 0.10539 -13
-0.08580 -0.07619 6.76494 0 2.22500 1.00000 6.74035 0.10135 13
-0.28887 -0.00345 76.19573 0 0.10000 6.80000 73.20278 0.10482 -13
-11.26678 8.02744 76.19573 0 0.17500 6.70000 73.20278 0.10499 -13
-8.85559 22.89312 76.19573 0 -0.32500 7.17500 73.20278 0.11359 -13
-2.02405 0.12403 40.34187 0 -3.70000 60.52500 17.97969 0.22766 -13
-2.08381 -0.27598 40.34187 0 8.35000 62.35000 17.97969 0.23446 -13
0.67702 -0.17003 20.29717 0 5.15000 -21.17500 16.88184 0.12283 -13
-1.09696 -0.05731 20.41032 0 1.70000 34.50000 13.76243 0.14959 13
-1.95297 -0.01549 1.23084 0 1.35000 59.32500 0.56122 0.22192 -13
-0.71377 -0.16930 10.28289 0 5.17500 19.52500 8.40938 0.12494 -13
0.67563 -0.14244 46.66697 0 4.27500 -21.90000 38.78963 0.12237 13
0.29834 0.04661 78.65206 0 -1.42500 -9.22500 75.37611 0.10520 13
1.35074 -0.08902 71.65633 0 2.67500 -43.12500 42.74629 0.16947 13
1.35779 -0.18218 9.76151 0 5.57500 -41.55000 5.84983 0.17090 -13
-1.58518 -0.04298 32.09609 0 1.32500 46.92500 17.13579 0.18880 -13
-0.86563 -0.06309 76.61683 0 1.90000 26.27500 57.97696 0.13335 -13
0.43672 0.00458 95.52124 0 -0.15000 -14.25000 87.53774 0.10989 13
0.60663 0.03880 93.75882 0 -1.17500 -18.70000 80.17823 0.11785 13
-0.76923 0.13806 67.81533 0 -4.15000 24.00000 53.93956 0.12781 -13
-0.78757 -0.26119 67.81533 0 7.90000 24.55000 53.93956 0.13087 -13
0.23895 0.09689 39.66231 0 -2.92500 -5.57500 38.58603 0.10400 13
-0.36838 -0.19617 68.24759 0 5.90000 11.87500 64.18244 0.10912 13
-0.60965 0.08921 10.79669 0 -2.75000 17.20000 9.22845 0.11831 13
0.59389 -0.19744 13.62843 0 6.00000 -17.30000 11.77580 0.11883 -13
0.42700 -0.15744 65.82153 0 4.75000 -13.10000 60.64698 0.11064 -13
-1.15562 0.07962 20.75830 0 -2.37500 35.47500 13.60752 0.15410 -13
0.51090 -0.12572 9.35261 0 3.72500 -18.67500 8.34211 0.11377 13
0.32678 -0.22292 68.10939 0 6.72500 -9.25000 64.88880 0.10829 13
1.45598 -0.21809 44.77412 0 6.60000 -41.10000 25.74942 0.17925 -13
-1.73191 0.10937 93.21130 0 -3.30000 51.85000 46.81596 0.20170 13
-0.02230 -0.15084 64.32571 0 4.55000 1.87500 64.31008 0.10186 13
0.78053 -0.15843 79.35480 0 4.77500 -24.45000 62.84746 0.12874 13
-0.24183 -0.20988 2.58301 0 6.12500 9.00000 2.51372 0.10569 13
-1.47603 -0.24545 76.56336 0 7.42500 44.27500 43.80460 0.18125 -13
0.93470 -0.13466 81.40992 0 4.05000 -25.52500 59.72328 0.13850 13
0.21679 -0.18318 90.89948 0 5.52500 -6.42500 88.90052 0.10468 -13
0.18168 -0.10281 26.01344 0 3.07500 -5.30000 25.59881 0.10287 13
-1.40159 0.04021 88.38748 0 -1.22500 41.45000 51.36287 0.17344 13
0.27339 0.13191 76.13079 0 -3.97500 -5.27500 73.47974 0.10524 -13
0.28060 -0.26766 76.13079 0 8.07500 -5.47500 73.47974 0.10802 -13
0.33328 0.12242 5.35911 0 -3.80000 -10.10000 5.08782 0.10693 13
0.34325 -0.27785 5.35911 0 8.27500 -10.40000 5.08782 0.11002 13
0.59772 -0.22582 67.04768 0 6.82500 -18.02500 57.92219 0.11951 -13
-1.41786 -0.03656 81.14893 0 1.10000 41.02500 46.79190 0.17476 13
1.54568 -0.14495 38.10749 0 4.40000 -44.80000 20.85168 0.18599 -13
1.09684 -0.14561 33.35141 0 4.37500 -31.50000 22.59821 0.15017 13
-0.03707 -0.00637 43.46902 0 0.17500 1.60000 43.43917 0.10077 13
0.86334 -0.07766 10.77995 0 2.27500 -24.95000 8.17027 0.13325 13
0.46410 0.03957 3.27341 0 -1.02500 -17.40000 2.96969 0.11113 -13
1.71806 0.08613 12.92123 0 -2.52500 -52.75000 6.51809 0.20033 -13
0.53634 -0.20123 23.94102 0 6.05000 -17.37500 21.19061 0.11604 13
0.00767 -0.02230 14.33117 0 0.70000 -1.30000 14.33075 0.10073 -13
1.22092 -0.10005 5.11084 0 3.17500 -37.02500 3.24958 0.15930 -13
-1.03744 -0.21633 61.96862 0 6.52500 31.05000 43.51324 0.14672 13
-1.12270 0.06306 2.36280 0 -1.60000 33.25000 1.57288 0.15165 -13
-0.14818 -0.01276 36.55760 0 0.37500 4.40000 36.16284 0.10181 13
1.92125 -0.13305 60.71998 0 4.00000 -55.97500 28.22820 0.21850 13
0.16232 -0.01374 24.83628 0 0.40000 -3.37500 24.51552 0.10203 13
0.39686 -0.20571 31.00509 0 6.22500 -14.15000 28.89848 0.11032 -13
-2.02967 -0.09935 61.79169 0 2.97500 60.65000 27.41791 0.22805 13
0.30147 0.11727 5.60495 0 -3.45000 -9.70000 5.36913 0.10583 -13
0.05844 0.00132 5.62008 0 0.05000 -1.57500 5.61052 0.10089 -13
-0.68841 -0.02076 95.35268 0 0.62500 23.27500 78.54658 0.12227 13
2.17761 0.07821 58.84954 0 -2.35000 -61.82500 24.62120 0.24143 -13
-1.54586 0.01090 1.61344 0 0.22500 47.52500 0.87644 0.18579 -13
0.58115 0.14494 17.35353 0 -4.35000 -17.50000 15.04290 0.11737 -13
0.59347 -0.25398 17.35353 0 7.70000 -17.87500 15.04290 0.11989 -13
-0.40233 -0.10367 76.40566 0 3.12500 12.05000 70.93637 0.10905 -13
-0.37306 -0.00519 24.36178 0 0.12500 14.17500 22.82519 0.10748 13
-0.17602 -0.11446 41.23992 0 3.45000 7.15000 40.62342 0.10289 13
-1.55101 0.07907 78.66899 0 -2.37500 44.25000 42.72254 0.18601 -13
0.32622 -0.10167 66.83848 0 3.05000 -8.95000 63.57404 0.10642 13
0.69915 0.00003 5.07316 0 0.12500 -22.80000 4.15756 0.12291 -13
-1.11016 -0.18294 30.03858 0 5.55000 33.47500 20.28653 0.15160 -13
-0.28432 -0.15533 66.37885 0 4.67500 8.35000 63.90468 0.10585 13
0.33150 0.10081 96.76171 0 -3.02500 -10.90000 91.89221 0.10657 -13
-0.11076 -0.13584 4.91682 0 4.00000 2.07500 4.88751 0.10222 13
0.18080 -0.09088 52.40192 0 2.75000 -6.57500 51.57269 0.10275 -13
-1.21025 -0.05799 43.43378 0 1.72500 35.67500 27.69360 0.15820 13
-1.05705 0.00135 26.05237 0 -0.07500 32.40000 17.90375 0.14654 13
0.46473 0.03849 61.86178 0 -1.15000 -14.95000 56.10696 0.11112 -13
-0.08432 -0.19093 48.82657 0 5.75000 1.75000 48.65995 0.10287 13
-0.63702 -0.23235 61.12766 0 7.02500 19.75000 51.94139 0.12168 -13
-0.45227 0.08886 65.83226 0 -2.70000 15.37500 60.02282 0.11089 13
-0.32867 0.03424 99.08792 0 -1.02500 12.07500 94.13937 0.10605 -13
-1.03562 -0.22727 70.92580 0 6.87500 31.95000 49.90514 0.14678 -13
0.78238 -0.07693 18.70209 0 2.30000 -22.65000 14.74620 0.12809 13
-0.39754 0.13081 14.00025 0 -3.90000 12.60000 13.02486 0.10915 -13
-0.40816 -0.26878 14.00025 0 8.15000 12.92500 13.02486 0.11213 -13
-0.62302 -0.05041 70.04582 0 1.52500 19.80000 59.47286 0.11876 13
1.32797 0.04014 20.24778 0 -1.17500 -40.15000 12.18636 0.16745 -13
1.33004 -0.23978 97.81413 0 7.22500 -38.72500 59.83042 0.16928 13
0.54594 0.02296 92.05576 0 -0.67500 -16.10000 80.80368 0.11475 -13
0.38018 -0.15140 8.05738 0 4.62500 -11.15000 7.54213 0.10886 -13
-0.31243 -0.24428 63.22655 0 7.37500 8.20000 60.50118 0.10834 -13
-1.00258 -0.05891 88.38120 0 1.77500 29.47500 62.46836 0.14273 -13
0.46981 -0.11502 97.56020 0 3.47500 -14.45000 88.40509 0.11186 13
-1.59301 -0.08206 48.35750 0 2.45000 50.87500 25.77219 0.18958 13
0.82929 -0.02398 4.96911 0 0.60000 -24.22500 3.82544 0.13087 13
-0.39724 -0.19142 34.53016 0 5.75000 11.45000 32.16842 0.11005 13
-1.35666 0.09260 58.05513 0 -2.77500 37.52500 34.54208 0.16997 -13
-0.34821 0.12487 35.35663 0 -3.77500 9.45000 33.41807 0.10738 13
-0.35835 -0.27515 35.35663 0 8.27500 9.75000 33.41807 0.11049 13
0.01333 -0.02442 48.40846 0 0.75000 0.27500 48.40416 0.10074 -13
1.06906 0.10546 20.91511 0 -3.15000 -31.77500 14.32995 0.14778 -13
0.21965 -0.19784 35.96278 0 5.97500 -8.40000 35.15595 0.10502 -13
0.83008 -0.20584 98.30928 0 6.20000 -25.95000 76.27961 0.13250 13
0.76086 0.01923 23.17583 0 -0.60000 -23.42500 18.44530 0.12656 13
-0.12533 0.02027 69.62768 0 -0.60000 2.92500 69.08743 0.10151 -13
-0.62664 -0.11758 70.34771 0 3.55000 20.45000 59.72551 0.11943 -13
-1.16284 -0.10856 26.08096 0 3.25000 36.87500 17.06315 0.15482 13
-1.43152 -0.18160 95.79977 0 5.47500 43.97500 55.45809 0.17681 -13
0.62284 -0.20921 31.04767 0 6.32500 -21.15000 26.50974 0.12051 -13
0.20506 -0.19800 81.46778 0 5.97500 -5.97500 79.86788 0.10472 -13
-0.20997 -0.03279 30.52329 0 0.97500 5.85000 29.87247 0.10296 13
-1.02182 0.09381 55.37251 0 -2.82500 27.97500 38.81607 0.14428 -13
1.23590 0.05390 7.82097 0 -1.72500 -39.57500 4.92316 0.16026 13
-0.24582 -0.10898 32.88036 0 3.27500 7.60000 31.94025 0.10428 13
1.56144 0.07356 66.00686 0 -2.22500 -45.10000 35.66683 0.18688 13
-0.07623 -0.02517 3.26159 0 0.60000 2.27500 3.25217 0.10106 13
1.42377 -0.19790 81.00808 0 5.97500 -42.35000 47.15802 0.17636 -13
1.56695 -0.20544 85.03402 0 6.20000 -45.10000 46.41844 0.18834 -13
-1.14305 0.10947 71.12201 0 -3.30000 33.87500 46.98687 0.15333 -13
0.94309 -0.06859 48.44842 0 2.05000 -30.60000 35.28532 0.13859 13
1.01240 -0.00205 24.31926 0 0.02500 -28.80000 17.08907 0.14331 13
0.10800 -0.06012 97.83293 0 1.80000 -4.30000 97.26929 0.10147 13
1.42501 -0.02834 86.24195 0 0.85000 -42.05000 49.55245 0.17533 13
0.04565 0.13144 9.82422 0 -3.92500 -1.72500 9.81414 0.10166 -13
0.04687 -0.26808 9.82422 0 8.15000 -1.75000 9.81414 0.10442 -13
-0.10174 0.03656 97.26860 0 -1.10000 0.40000 96.76965 0.10129 -13
-0.76867 -0.22144 37.71856 0 6.67500 21.80000 30.16748 0.12895 13
-0.71548 -0.09326 96.93429 0 2.80000 22.77500 78.94885 0.12417 13
1.01190 -0.01104 74.12952 0 0.35000 -32.72500 52.10797 0.14327 -13
-0.25333 0.02547 8.28803 0 -0.70000 7.67500 8.03438 0.10392 -13
-0.66011 0.08353 70.93214 0 -2.50000 17.97500 59.25985 0.12096 -13
-1.94797 0.13560 97.89589 0 -4.10000 59.80000 45.03039 0.22094 13
-1.99630 -0.26382 97.89589 0 7.95000 61.25000 45.03039 0.22640 13
-0.41542 -0.21148 98.62911 0 6.37500 14.45000 91.37083 0.11111 -13
1.19482 -0.10920 65.63717 0 3.30000 -37.92500 42.27394 0.15729 -13
-2.07512 -0.11100 19.55933 0 3.40000 62.42500 8.53368 0.23228 -13
-0.13514 0.01441 31.10907 0 -0.45000 2.55000 30.82892 0.10163 13
0.56194 0.07774 51.69373 0 -2.32500 -14.20000 45.09808 0.11578 -13
0.23631 -0.11195 86.40067 0 3.37500 -7.75000 84.11219 0.10408 -13
0.06687 0.03177 16.69729 0 -0.97500 0.55000 16.66011 0.10098 13
0.24872 -0.01708 59.28584 0 0.52500 -8.40000 57.53355 0.10379 -13
1.84055 -0.11077 9.87506 0 3.25000 -54.50000 4.73631 0.21118 13
0.27195 -0.16466 59.73522 0 4.95000 -5.35000 57.69415 0.10567 13
1.89378 -0.24259 31.69867 0 7.35000 -55.55000 15.13422 0.21709 -13
0.11200 -0.15249 12.70842 0 4.55000 -3.40000 12.63120 0.10247 13
0.79290 -0.08041 73.17925 0 2.42500 -22.95000 57.41311 0.12877 13
0.70109 -0.14654 51.67904 0 4.40000 -19.47500 42.46235 0.12386 13
0.21647 -0.02064 36.80025 0 0.60000 -8.02500 35.96755 0.10306 13
-0.47608 0.08786 89.88713 0 -2.65000 13.77500 81.21622 0.11189 13
0.59555 -0.04889 19.40410 0 1.45000 -17.05000 16.67680 0.11731 13
-1.16130 -0.21127 19.64385 0 6.42500 35.75000 12.97809 0.15584 -13
0.43698 -0.07621 30.22727 0 2.27500 -11.70000 27.71115 0.11016 13
-0.23599 0.08927 79.25005 0 -2.70000 8.32500 77.14770 0.10386 13
0.85524 -0.10326 28.92949 0 3.10000 -26.57500 22.03469 0.13290 13
1.81945 -0.02860 54.02349 0 0.87500 -54.92500 26.02891 0.20910 -13
0.30603 -0.16756 34.17140 0 5.05000 -11.40000 32.71394 0.10665 13
0.82175 -0.06055 98.16289 0 1.82500 -23.80000 75.89707 0.13049 -13
2.00779 0.07360 56.35762 0 -2.20000 -61.17500 25.17960 0.22599 -13
-1.27219 0.07166 53.33559 0 -2.17500 36.57500 33.01254 0.16312 13
0.94110 -0.15713 85.20973 0 4.75000 -29.40000 62.40586 0.13920 -13
1.25285 -0.15695 21.74969 0 4.70000 -37.12500 13.66886 0.16217 13
-1.35972 -0.03836 31.37480 0 1.17500 42.32500 18.59704 0.17003 -13
-1.05273 -0.01816 96.24629 0 0.55000 31.32500 66.29192 0.14623 -13
-1.47367 -0.20050 78.51218 0 6.05000 41.67500 44.68004 0.18050 -13
-1.52111 -0.15921 20.56286 0 4.85000 45.95000 11.39427 0.18406 -13
0.03350 -0.04883 69.61897 0 1.47500 -1.70000 69.58005 0.10088 13
1.38304 -0.23663 28.20990 0 7.17500 -42.55000 16.82496 0.17354 -13
-0.69678 0.14361 49.67455 0 -4.32500 21.20000 40.89173 0.12358 -13
-0.71184 -0.25540 49.67455 0 7.72500 21.65000 40.89173 0.12627 -13
0.23517 -0.00936 8.23527 0 0.22500 -5.52500 8.01659 0.10347 13
-0.06884 -0.16718 37.06972 0 5.05000 1.35000 36.98460 0.10234 -13
-0.07794 0.05257 33.42939 0 -1.60000 3.67500 33.32857 0.10115 13
-0.10840 0.08672 19.99769 0 -2.65000 3.92500 19.88208 0.10168 13
0.13069 0.06105 23.04463 0 -1.82500 -3.85000 22.85106 0.10175 -13
-2.00129 0.02299 45.63953 0 -0.72500 62.60000 20.40343 0.22532 13
1.71185 0.13571 56.34904 0 -4.10000 -52.67500 28.61686 0.20013 13
1.75426 -0.26372 56.34904 0 7.92500 -53.95000 28.61686 0.20505 13
0.86760 -0.20467 9.23091 0 6.10000 -24.85000 7.03376 0.13484 13
-0.64465 -0.02003 31.08157 0 0.57500 16.82500 26.12553 0.11982 13
0.32386 -0.14183 19.59517 0 4.30000 -11.00000 18.65935 0.10683 -13
0.98605 0.04919 66.41840 0 -1.47500 -30.65000 47.32119 0.14152 -13
-2.03026 0.04018 26.09525 0 -1.17500 61.07500 11.53746 0.22794 -13
0.62124 -0.15482 23.31828 0 4.70000 -19.77500 19.87249 0.11959 -13
0.90142 -0.20017 24.96310 0 6.00000 -27.27500 18.70433 0.13705 13
-0.47041 -0.20113 13.94967 0 6.02500 16.40000 12.66760 0.11309 13
-0.68050 -0.13669 80.56806 0 4.12500 18.32500 66.80247 0.12259 -13
-0.54029 -0.02440 38.19798 0 0.72500 16.00000 33.60843 0.11449 13
0.39072 -0.16051 6.83880 0 4.75000 -12.67500 6.38063 0.10928 13
-0.70781 -0.24885 37.86569 0 7.52500 21.37500 31.21206 0.12591 -13
1.21371 0.05454 66.15097 0 -1.65000 -34.90000 42.10233 0.15847 13
0.92110 -0.16917 75.33521 0 5.10000 -26.67500 55.76854 0.13796 13
0.98417 0.14824 90.47780 0 -4.47500 -30.17500 64.82947 0.14207 -13
1.00361 -0.25057 90.47780 0 7.57500 -30.75000 64.82947 0.14489 -13
-0.43831 -0.19734 31.88935 0 5.97500 13.25000 29.29573 0.11174 -13
-1.00690 -0.15031 93.22825 0 4.55000 29.10000 66.06366 0.14371 -13
0.62919 -0.05633 25.23632 0 1.72500 -19.75000 21.37085 0.11911 -13
0.31915 0.06218 2.97971 0 -2.05000 -7.87500 2.83916 0.10600 13
-0.33186 -0.12276 12.15538 0 3.65000 12.80000 11.54534 0.10681 13
1.47803 -0.20270 94.74520 0 6.10000 -47.12500 53.82655 0.18085 13
-1.51932 -0.15501 10.76087 0 4.60000 46.27500 5.96489 0.18378 13
0.46231 0.14576 94.24484 0 -4.40000 -11.70000 85.70248 0.11192 13
0.47190 -0.25318 94.24484 0 7.62500 -11.97500 85.70248 0.11423 13
-0.05217 0.12163 50.17834 0 -3.65000 2.15000 50.11119 0.10158 -13
-0.05377 -0.27852 50.17834 0 8.42500 2.20000 50.11119 0.10469 -13
-0.83242 0.08798 66.85777 0 -2.67500 25.22500 51.46608 0.13133 13
-1.19791 -0.21269 29.84559 0 6.45000 36.72500 19.37471 0.15863 -13
-1.27967 -0.14819 73.18559 0 4.47500 39.15000 45.36674 0.16424 -13
1.24904 -0.16198 41.00043 0 4.87500 -38.95000 25.82661 0.16194 13
0.85739 0.14279 18.70176 0 -4.27500 -24.57500 14.25776 0.13341 -13
0.87619 -0.25622 18.70176 0 7.77500 -25.15000 14.25776 0.13640 -13
-0.88247 -0.24258 96.26737 0 7.32500 27.20000 73.07498 0.13652 -13
0.87113 0.02170 79.32787 0 -0.65000 -26.55000 59.82110 0.13357 -13
-0.68125 -0.09556 40.60142 0 2.90000 21.87500 33.60290 0.12224 -13
-1.31161 0.12498 33.71810 0 -3.75000 40.00000 20.54322 0.16656 -13
-1.34985 -0.27495 33.71810 0 8.32500 41.17500 20.54322 0.17146 -13
0.63113 -0.20102 69.93451 0 6.07500 -17.87500 59.47066 0.12080 -13
1.13087 0.00658 51.08842 0 -0.17500 -32.47500 33.84250 0.15203 -13
-0.95047 -0.22969 79.87347 0 6.92500 29.40000 58.59363 0.14084 13
1.44885 0.14521 60.41803 0 -4.40000 -46.32500 34.56138 0.17790 13
1.47924 -0.25377 60.41803 0 7.65000 -47.22500 34.56138 0.18160 13
0.04554 0.13634 75.69777 0 -4.12500 -2.80000 75.62082 0.10174 13
0.04666 -0.26303 75.69777 0 7.92500 -2.82500 75.62082 0.10423 13
2.03878 0.00068 53.56956 0 -0.05000 -60.60000 23.59067 0.22868 13
-1.68190 -0.04515 13.34813 0 1.30000 50.65000 6.82695 0.19708 13
0.82856 -0.08538 28.80132 0 2.60000 -24.82500 22.21019 0.13107 -13
2.10202 0.07960 24.15282 0 -2.35000 -61.67500 10.40299 0.23452 -13
0.46951 -0.20519 98.99242 0 6.17500 -13.45000 89.93601 0.11315 13
-0.75985 -0.09311 24.42278 0 2.82500 22.92500 19.47677 0.12683 -13
-0.03005 0.05215 71.66144 0 -1.57500 -0.25000 71.62919 0.10088 -13
1.19679 -0.24778 66.56678 0 7.47500 -37.70000 43.42824 0.15901 13
-0.45528 -0.19449 19.85854 0 5.82500 12.87500 18.13044 0.11234 13
-0.65645 0.07520 41.91949 0 -2.25000 19.10000 35.07326 0.12070 -13
0.12912 0.04923 44.72146 0 -1.47500 -5.07500 44.35406 0.10166 -13
-1.10486 0.01726 75.24224 0 -0.52500 31.02500 50.49526 0.15008 13
0.64573 -0.02600 45.10113 0 0.80000 -20.15000 37.89235 0.11990 -13
0.22334 -0.18695 61.05162 0 5.65000 -7.12500 59.63146 0.10489 -13
0.17050 0.02858 17.90022 0 -0.82500 -5.55000 17.64575 0.10220 -13
-2.00374 -0.01395 8.28876 0 0.55000 60.32500 3.70093 0.22560 -13
-1.63698 -0.24456 63.05835 0 7.37500 51.12500 33.56957 0.19471 13
0.96428 0.01931 22.10568 0 -0.55000 -27.42500 15.91458 0.13990 -13
-0.73171 -0.07547 26.54616 0 2.25000 21.65000 21.44461 0.12501 13
-1.79925 0.11922 48.12771 0 -3.62500 52.95000 23.50666 0.20766 13
-1.85585 -0.28114 48.12771 0 8.45000 54.65000 23.50666 0.21413 13
-0.58347 0.04502 96.80765 0 -1.35000 17.90000 83.63714 0.11668 -13
-0.29501 -0.24706 49.09316 0 7.45000 7.55000 47.19576 0.10790 13
-0.17439 -0.03987 11.47686 0 1.25000 6.35000 11.30640 0.10231 -13
-0.72038 -0.16939 55.39736 0 5.12500 22.22500 45.16440 0.12529 -13
0.78551 0.03031 93.40609 0 -0.90000 -24.60000 73.46699 0.12809 -13
0.28137 -0.21576 5.05340 0 6.60000 -8.57500 4.87245 0.10694 -13
-0.74924 -0.12753 72.64177 0 3.85000 19.67500 58.30265 0.12648 13
1.31035 -0.17068 76.76965 0 5.12500 -40.65000 46.99735 0.16687 13
-0.76563 -0.01813 38.61450 0 0.52500 22.12500 30.66202 0.12683 13
-1.59567 -0.22916 84.30788 0 6.92500 46.77500 45.59407 0.19105 -13
-0.12430 -0.15072 13.21486 0 4.50000 1.27500 13.11619 0.10259 13
1.87115 -0.03844 3.63587 0 0.87500 -56.17500 1.71505 0.21367 13
-1.19300 -0.21245 80.21153 0 6.42500 36.35000 52.19349 0.15822 -13
-0.77415 0.11205 1.55928 0 -3.77500 24.82500 1.23618 0.12831 13
-0.80085 -0.28977 1.55928 0 8.30000 25.50000 1.23618 0.13205 13
1.95404 -0.18195 3.83810 0 5.77500 -61.52500 1.77050 0.22234 -13
0.45072 -0.08563 58.75560 0 2.57500 -15.40000 53.59892 0.11080 13
0.31000 0.12080 73.07019 0 -3.65000 -8.47500 69.83818 0.10613 -13
0.31955 -0.27941 73.07019 0 8.42500 -8.75000 69.83818 0.10941 -13
-0.27728 -0.11594 33.60038 0 3.47500 8.45000 32.39410 0.10515 13
0.29201 -0.03961 24.68539 0 1.17500 -8.52500 23.69720 0.10498 13
1.55477 0.13942 90.51173 0 -4.20000 -46.37500 49.29577 0.18668 -13
