-0.16749 -0.02630 89.57019 0 0.80000 5.50000 88.34047 0.10214 -13
-0.91827 -0.21469 9.50507 0 6.40000 25.42500 7.07260 0.13836 13
-0.06399 -0.00985 27.34319 0 0.32500 1.22500 27.28740 0.10091 -13
-0.75647 -0.15514 95.94411 0 4.67500 23.02500 76.84652 0.12723 13
-0.13486 -0.07287 10.27218 0 2.25000 5.25000 10.18054 0.10189 -13
-0.01653 -0.24758 10.78495 0 7.42500 -2.32500 10.78355 0.10372 13
-0.26296 -0.24170 6.63431 0 7.37500 8.10000 6.42733 0.10703 -13
2.06494 -0.03931 92.98057 0 1.20000 -59.07500 40.55186 0.23108 -13
-1.80272 -0.12819 3.83506 0 3.60000 54.55000 1.87148 0.20792 13
0.31808 -0.05445 79.31278 0 1.62500 -8.87500 75.59171 0.10582 13
0.31119 -0.12787 18.76179 0 3.82500 -11.85000 17.92699 0.10624 13
-0.62651 -0.08040 1.78369 0 2.10000 16.22500 1.51300 0.11922 13
-0.05887 0.09980 68.30977 0 -3.00000 2.47500 68.19285 0.10137 -13
0.84856 -0.01830 16.03525 0 0.52500 -24.72500 12.22729 0.13209 13
-2.11165 -0.21814 41.96957 0 6.60000 64.92500 18.30509 0.23635 -13
-1.58542 0.11390 52.91692 0 -3.42500 45.47500 28.36127 0.18910 -13
-1.95479 -0.18149 77.12095 0 5.47500 55.47500 35.57504 0.22188 -13
1.05003 -0.14838 76.96200 0 4.47500 -31.17500 53.37876 0.14678 13
-2.05447 -0.01808 86.80985 0 0.55000 60.90000 37.99770 0.23011 -13
0.49396 0.00061 7.30929 0 0.05000 -15.55000 6.55342 0.11233 -13
0.60345 0.00128 53.24261 0 -0.02500 -18.35000 45.58557 0.11762 -13
-0.73248 -0.10211 18.91267 0 3.10000 21.85000 15.28503 0.12527 -13
-0.05677 -0.13322 25.38261 0 4.05000 0.30000 25.34253 0.10177 -13
1.08693 -0.15264 3.41567 0 4.82500 -33.27500 2.32758 0.14972 -13
1.48581 -1.53009 3.41567 0 5.20000 -33.10000 2.32758 0.15522 -13
-1.17130 1.39846 3.41567 0 5.72500 -43.37500 2.32758 0.30709 -13
1.96076 -0.20891 50.83551 0 6.32500 -58.52500 23.48843 0.22268 -13
0.25566 -0.24248 13.90242 0 7.27500 -7.67500 13.49230 0.10674 13
1.04688 0.04811 24.98650 0 -1.42500 -33.40000 17.26967 0.14587 -13
-0.25825 0.08344 58.29128 0 -2.50000 7.42500 56.45169 0.10434 -13
-1.96146 -0.06895 61.40361 0 2.10000 57.82500 27.94188 0.22183 -13
1.52413 -0.23930 77.98820 0 7.22500 -46.40000 43.61618 0.18516 -13
0.77232 -0.24305 46.64933 0 7.32500 -24.30000 37.31216 0.12955 13
0.78462 0.02538 17.69153 0 -0.72500 -26.60000 13.92010 0.12802 -13
-0.33334 -0.17042 72.45340 0 5.15000 9.20000 68.83272 0.10753 -13
0.32602 -0.19893 75.55978 0 6.00000 -10.97500 71.97021 0.10779 13
0.05796 -0.11399 10.52536 0 3.47500 -1.60000 10.50793 0.10155 -13
-1.33353 -0.21285 15.05460 0 6.37500 39.37500 9.16021 0.16915 13
0.75521 0.13710 3.46254 0 -3.95000 -22.10000 2.77255 0.12690 -13
0.77357 -0.26212 3.46254 0 8.10000 -22.70000 2.77255 0.13028 -13
-2.00745 -0.14945 50.25242 0 4.52500 61.20000 22.60538 0.22638 -13
0.27742 -0.15989 46.48944 0 4.82500 -11.20000 44.83763 0.10574 -13
0.56524 -0.03442 52.07636 0 1.02500 -17.40000 45.34174 0.11573 13
-0.70733 -0.03077 1.44070 0 0.52500 22.72500 1.17642 0.12368 13
-2.12019 -0.14856 34.59450 0 4.45000 63.55000 14.88981 0.23651 13
0.68045 -0.18832 72.58260 0 5.70000 -19.45000 60.33553 0.12328 -13
1.15098 0.12831 36.42015 0 -3.90000 -33.85000 23.99695 0.15411 13
1.18292 -0.27149 36.42015 0 8.17500 -34.80000 23.99695 0.15834 13
-0.06737 0.00957 21.98028 0 -0.30000 0.22500 21.93056 0.10094 13
-0.69586 0.10217 81.64530 0 -3.07500 22.40000 67.12933 0.12311 -13
1.28118 -0.04244 86.89418 0 1.27500 -38.47500 53.49511 0.16372 13
1.37797 -0.17733 63.58158 0 5.37500 -42.27500 37.72236 0.17241 -13
-0.59062 -0.19397 48.30583 0 5.85000 15.97500 41.78932 0.11857 13
0.59419 -0.08332 6.69395 0 2.60000 -16.45000 5.75978 0.11748 -13
-0.02277 -0.04234 16.52281 0 1.25000 0.95000 16.51853 0.10082 13
-0.27605 -0.19547 45.38861 0 5.87500 9.72500 43.80933 0.10630 13
1.72776 0.05375 45.58520 0 -1.60000 -51.62500 22.85990 0.20109 -13
1.35790 -0.18231 45.11556 0 5.47500 -40.17500 27.03626 0.17080 13
-0.29065 0.06447 86.40858 0 -1.95000 9.32500 82.98837 0.10507 -13
1.75807 0.12819 3.81792 0 -4.10000 -54.60000 1.89880 0.20444 13
1.80801 -0.27237 3.81792 0 7.95000 -55.92500 1.89880 0.20948 13
-1.23776 0.01926 16.95634 0 -0.52500 40.97500 10.65778 0.16024 -13
-0.27236 0.10574 4.51123 0 -3.30000 10.87500 4.35414 0.10499 13
1.70106 0.12698 85.82224 0 -3.82500 -51.17500 43.75223 0.19911 -13
1.74920 -0.27287 85.82224 0 8.25000 -52.65000 43.75223 0.20478 -13
-1.58612 -0.11449 61.97710 0 3.45000 48.87500 33.20789 0.18916 13
-0.14517 -0.15319 49.23226 0 4.62500 4.70000 48.73306 0.10292 -13
0.30003 -0.13863 11.97962 0 4.22500 -9.65000 11.48331 0.10609 -13
1.86876 0.12569 44.59889 0 -3.77500 -57.22500 21.17120 0.21379 -13
1.92258 -0.27411 44.59889 0 8.30000 -58.87500 21.17120 0.22002 -13
1.97382 0.12729 81.89224 0 -3.82500 -56.65000 37.24812 0.22318 -13
2.02949 -0.27254 81.89224 0 8.22500 -58.35000 37.24812 0.22950 -13
0.63029 0.04945 37.25459 0 -1.47500 -18.52500 31.52763 0.11913 -13
1.44332 0.00569 88.67173 0 -0.17500 -44.10000 50.49966 0.17682 -13
1.52753 -0.11065 72.33217 0 3.32500 -44.85000 39.78694 0.18419 13
-0.60144 -0.02639 82.54685 0 0.80000 19.90000 70.74510 0.11754 13
0.45121 0.08864 2.89294 0 -2.85000 -15.37500 2.63872 0.11098 13
1.65942 -0.15928 70.60141 0 4.80000 -49.47500 36.77640 0.19559 13
0.49431 0.08035 70.48071 0 -2.42500 -12.85000 63.22284 0.11263 13
-0.21776 -0.09217 87.71299 0 2.77500 7.72500 85.72081 0.10348 13
0.55169 -0.20672 16.54510 0 6.20000 -16.50000 14.55637 0.11685 13
1.82918 0.06480 31.47744 0 -2.00000 -55.72500 15.12338 0.21005 13
-1.98542 -0.10009 17.33165 0 2.95000 58.52500 7.82767 0.22404 13
-0.58937 -0.06342 46.12183 0 1.92500 16.50000 39.75464 0.11707 -13
-0.34106 0.03579 27.29482 0 -1.10000 7.77500 25.83546 0.10646 13
1.75418 0.09906 70.02117 0 -3.00000 -53.37500 34.80623 0.20358 13
-0.64913 -0.00932 41.51243 0 0.30000 20.35000 34.82015 0.12006 -13
-0.31345 -0.12548 95.93013 0 3.77500 11.20000 91.60226 0.10629 13
-0.99919 0.09216 12.87384 0 -2.82500 30.25000 9.12552 0.14270 13
0.05722 -0.24170 74.75921 0 7.30000 -2.27500 74.64388 0.10377 -13
0.35038 -0.15374 23.48825 0 4.65000 -10.07500 22.19500 0.10784 -13
1.74713 0.07400 22.13265 0 -2.27500 -54.45000 11.01683 0.20288 13
-1.91348 -0.15070 13.10759 0 4.62500 56.95000 6.12504 0.21804 -13
-1.41541 -0.17044 75.88582 0 5.12500 44.85000 44.20538 0.17536 13
0.26451 0.02876 58.82009 0 -0.87500 -9.35000 56.86608 0.10421 13
0.35464 -0.14808 4.74322 0 4.35000 -10.97500 4.47579 0.10785 13
-1.22878 -0.15793 64.55079 0 4.77500 36.47500 41.04657 0.16034 -13
1.29484 -0.23304 29.35859 0 7.00000 -38.27500 18.24203 0.16638 13
-2.03159 0.07392 8.77172 0 -2.35000 63.47500 3.88204 0.22826 13
1.97865 0.02299 61.69302 0 -0.70000 -59.52500 27.83278 0.22328 13
0.10300 -0.23528 41.11914 0 7.07500 -3.35000 40.91396 0.10396 13
-0.11206 -0.04220 12.97485 0 1.22500 4.80000 12.89429 0.10142 13
0.88435 -0.17138 55.93490 0 5.17500 -25.97500 42.16510 0.13554 -13
-0.23014 0.10978 38.60395 0 -3.32500 5.60000 37.63174 0.10393 13
-1.97675 -0.16568 48.66373 0 4.97500 60.47500 22.20578 0.22367 13
-0.02322 -0.20852 78.79928 0 6.30000 0.30000 78.77891 0.10290 -13
-1.70746 0.03311 97.95783 0 -1.00000 47.10000 49.52554 0.19931 13
0.80493 0.09300 58.34580 0 -2.82500 -24.90000 45.52750 0.12962 13
0.61425 -0.13433 25.59535 0 4.07500 -17.62500 21.86251 0.11897 -13
-0.78925 -0.00015 93.47529 0 -0.00000 24.47500 73.37508 0.12829 13
0.19133 -0.15547 65.67288 0 4.67500 -4.17500 64.52966 0.10371 13
-0.16738 -0.15470 66.46489 0 4.67500 2.97500 65.57383 0.10328 -13
0.91624 0.01614 75.46430 0 -0.50000 -29.30000 55.64395 0.13659 13
0.64568 -0.19601 42.13286 0 5.90000 -19.30000 35.59000 0.12147 13
-0.72745 -0.17987 13.07351 0 5.47500 21.02500 10.63022 0.12587 -13
1.30811 -0.18248 48.15507 0 5.52500 -40.37500 29.54851 0.16685 -13
0.13065 -0.19061 4.93713 0 5.65000 -1.77500 4.89691 0.10332 13
0.93760 -0.15597 15.87365 0 4.65000 -27.37500 11.64410 0.13891 13
-0.49225 -0.11751 25.67060 0 3.57500 13.52500 23.06197 0.11287 -13
1.30274 0.06886 23.14726 0 -2.05000 -41.15000 14.11504 0.16552 -13
0.90137 -0.23922 1.44233 0 6.77500 -27.67500 1.08517 0.13755 13
0.81985 0.11558 21.74935 0 -3.52500 -24.67500 16.86402 0.13076 13
-0.25903 -0.06314 73.44675 0 1.90000 7.75000 71.10899 0.10422 13
0.45188 -0.18927 71.79064 0 5.70000 -15.00000 65.61396 0.11213 13
-0.53513 0.01145 61.91545 0 -0.35000 15.20000 54.59144 0.11421 13
-0.62432 -0.12420 39.99739 0 3.72500 17.92500 34.00086 0.11937 13
-0.27058 -0.21557 92.60927 0 6.50000 9.32500 89.52988 0.10656 -13
1.40405 0.13418 99.54917 0 -4.05000 -40.57500 58.09342 0.17411 -13
1.43971 -0.26527 99.54917 0 8.00000 -41.65000 58.09342 0.17855 -13
-0.71580 -0.07602 36.88074 0 2.30000 19.72500 30.01925 0.12408 -13
-2.10717 0.10241 87.53399 0 -3.10000 60.70000 37.68909 0.23512 13
1.23965 0.00550 65.88138 0 -0.17500 -37.22500 41.36423 0.16039 13
0.66792 0.10248 39.44044 0 -3.07500 -16.92500 32.85028 0.12153 -13
-0.12463 -0.00761 83.13617 0 0.22500 5.65000 82.49800 0.10148 13
1.56099 -0.17993 6.04095 0 5.27500 -46.57500 3.29617 0.18739 13
0.72747 0.12834 48.34614 0 -3.87500 -21.40000 39.20520 0.12521 13
0.74767 -0.27147 48.34614 0 8.17500 -22.00000 39.20520 0.12866 13
-0.07527 -0.09416 92.61105 0 2.82500 1.95000 92.35209 0.10143 13
-0.00257 0.09261 71.85825 0 -2.77500 1.50000 71.85801 0.10113 -13
0.58737 0.10815 41.35993 0 -3.27500 -19.62500 35.71594 0.11730 13
-0.52570 -0.06088 37.03252 0 1.85000 12.87500 32.79225 0.11394 -13
-0.78283 -0.08018 20.32943 0 2.40000 25.32500 16.02744 0.12813 13
-0.94123 0.04644 31.92532 0 -1.42500 28.27500 23.25902 0.13837 13
-0.89361 -0.11824 71.11563 0 3.55000 29.65000 53.19146 0.13556 13
1.44052 -0.18260 4.32620 0 5.72500 -44.82500 2.49389 0.17787 -13
0.13383 -0.18388 57.64959 0 5.52500 -4.57500 57.15667 0.10327 13
-0.25403 -0.03851 95.29292 0 1.17500 7.32500 92.36349 0.10398 -13
1.48525 -0.13750 19.18261 0 4.10000 -45.57500 10.78226 0.18081 13
0.06185 -0.09317 5.56981 0 2.90000 -4.80000 5.55928 0.10138 -13
0.61350 -0.05169 17.00495 0 1.60000 -19.90000 14.49998 0.11827 -13
0.02150 -0.13255 63.14399 0 4.00000 1.77500 63.12964 0.10161 -13
-0.91221 -0.24615 98.70040 0 7.42500 26.97500 73.88426 0.13854 13
-1.15988 -0.00812 29.95481 0 0.22500 36.07500 19.56016 0.15422 13
1.01074 -0.08030 28.29098 0 2.40000 -29.82500 19.92983 0.14340 13
0.40571 -0.13054 35.95216 0 3.95000 -10.15000 33.35417 0.10947 -13
1.69211 0.14205 6.03597 0 -4.45000 -50.35000 3.09317 0.19867 13
1.72931 -0.25738 6.03597 0 7.57500 -51.37500 3.09317 0.20266 13
1.85460 0.01312 38.85107 0 -0.42500 -55.07500 18.44013 0.21219 13
0.12727 0.04272 85.04507 0 -1.30000 -4.57500 84.36571 0.10161 13
0.54169 -0.03711 59.13603 0 1.10000 -17.02500 52.00548 0.11458 13
1.42499 0.03151 60.50492 0 -0.92500 -41.80000 34.76756 0.17533 -13
-0.58386 2.86739 60.50492 0 -0.37500 -41.67500 34.76756 0.17577 -13
12.79231 15.50883 60.50492 0 0.92500 -41.27500 34.76756 0.18442 -13
-0.28480 -0.17183 10.52389 0 5.12500 8.97500 10.13232 0.10611 13
-0.66278 -0.04663 32.88349 0 1.40000 18.85000 27.41854 0.12090 13
1.79518 0.10698 53.58621 0 -3.25000 -52.97500 26.19090 0.20722 13
0.18279 0.05487 77.10299 0 -1.65000 -5.65000 75.85009 0.10252 -13
0.18758 -0.08342 89.17511 0 2.52500 -6.67500 87.65680 0.10280 -13
1.49196 -0.19083 96.07045 0 5.75000 -44.47500 54.14911 0.18188 13
0.16247 0.02268 52.52783 0 -0.67500 -6.47500 51.84835 0.10205 -13
-0.70706 -0.13044 80.06328 0 3.95000 18.40000 65.55541 0.12403 -13
0.17759 -0.23735 54.38812 0 7.15000 -4.60000 53.59402 0.10503 13
-0.83190 0.10217 66.36141 0 -3.10000 23.75000 51.12527 0.13140 13
-0.66968 0.13950 97.88515 0 -4.22500 23.72500 81.57350 0.12201 13
-0.68527 -0.25970 97.88515 0 7.82500 24.20000 81.57350 0.12485 13
0.84371 0.06581 68.08289 0 -2.00000 -24.52500 52.08332 0.13192 13
-0.78544 0.08518 92.73825 0 -2.57500 23.07500 73.03146 0.12834 13
0.58829 0.00324 55.40117 0 -0.10000 -19.55000 47.75123 0.11684 -13
-0.01649 0.06998 18.75206 0 -2.12500 0.60000 18.74954 0.10097 13
-0.26123 -0.04523 66.76837 0 1.37500 7.47500 64.60465 0.10418 -13
0.51471 -0.11689 31.79750 0 3.55000 -16.45000 28.31212 0.11388 -13
-0.08902 0.06906 10.21521 0 -2.12500 2.70000 10.17511 0.10136 13
0.32683 0.01171 57.94852 0 -0.35000 -9.07500 55.08160 0.10595 -13
-1.11399 0.02245 26.96050 0 -0.65000 33.40000 18.01230 0.15077 -13
-1.15179 -0.15677 53.07706 0 4.75000 34.15000 35.03816 0.15442 -13
-1.77940 0.02921 68.38276 0 -0.90000 54.00000 33.51444 0.20556 13
1.25554 -0.19706 96.88130 0 5.92500 -39.60000 61.06071 0.16285 13
-1.15544 -0.20463 74.13590 0 6.15000 32.32500 49.08291 0.15525 13
1.64010 0.01629 98.75898 0 -0.50000 -49.67500 51.41740 0.19344 13
-0.72411 -0.22473 70.14004 0 6.77500 21.97500 57.28531 0.12637 13
-1.88044 0.01316 41.61380 0 -0.42500 55.10000 19.54017 0.21449 13
0.30017 -0.07238 28.43429 0 2.20000 -8.75000 27.23974 0.10540 -13
-0.27179 0.04521 40.34355 0 -1.35000 5.80000 38.93395 0.10445 -13
-0.31968 0.02002 62.73573 0 -0.62500 9.52500 59.75769 0.10574 13
1.19671 -0.03612 57.97744 0 1.10000 -35.62500 37.19047 0.15710 -13
1.46656 -0.01258 6.37135 0 0.52500 -41.70000 3.59014 0.17877 -13
-0.02288 0.05858 93.05567 0 -1.77500 -1.87500 93.03141 0.10090 13
0.14102 -0.23416 80.01655 0 7.05000 -2.72500 79.27276 0.10439 13
0.78973 -0.18376 30.39524 0 5.57500 -23.50000 24.00462 0.12967 -13
0.12368 -0.10758 44.02319 0 3.25000 -7.52500 43.69401 0.10205 -13
-0.83014 0.11176 35.91997 0 -3.35000 25.55000 27.70764 0.13136 -13
-1.53921 -0.13064 50.66595 0 3.92500 47.67500 27.76814 0.18529 13
0.51892 -0.09989 27.77476 0 3.00000 -15.57500 24.67878 0.11390 13
1.38988 -0.03059 58.50871 0 0.90000 -42.82500 34.18116 0.17245 13
0.52644 0.12538 85.88541 0 -3.77500 -15.20000 76.12535 0.11451 -13
0.54167 -0.27455 85.88541 0 8.30000 -15.67500 76.12535 0.11783 -13
-1.56150 -0.19305 27.54664 0 5.77500 47.90000 15.04886 0.18770 13
-0.42917 -0.02578 31.14862 0 0.80000 11.80000 28.62544 0.10962 -13
0.05889 -0.21055 80.42335 0 6.35000 -1.57500 80.29013 0.10309 -13
-0.75364 -0.08123 21.71171 0 2.47500 25.37500 17.36096 0.12637 -13
-0.65720 -0.08458 72.37075 0 2.55000 17.47500 60.54361 0.12080 13
1.11458 -0.05484 42.27566 0 1.67500 -31.22500 28.25559 0.15090 -13
0.42733 -0.19703 50.66599 0 5.92500 -10.72500 46.72542 0.11129 13
0.97241 0.09640 10.82317 0 -2.97500 -29.90000 7.77694 0.14084 13
-0.16140 -0.17982 20.00500 0 5.45000 3.65000 19.75727 0.10362 -13
-1.85519 -0.18409 11.68548 0 5.65000 54.95000 5.61566 0.21319 -13
-0.47748 -0.02830 12.72118 0 0.90000 16.80000 11.48078 0.11164 -13
-0.60486 -0.13807 62.59902 0 4.15000 17.62500 53.69794 0.11850 13
0.24014 -0.03247 54.69066 0 0.97500 -10.25000 53.18028 0.10361 13
1.06140 -0.20566 91.77305 0 6.20000 -34.65000 63.62031 0.14831 -13
-0.42165 -0.10071 94.97798 0 3.02500 14.15000 87.58301 0.10975 13
-1.34556 0.14617 67.69964 0 -4.42500 42.45000 40.65760 0.16947 13
-1.37329 -0.25277 67.69964 0 7.60000 43.27500 40.65760 0.17294 13
-1.17419 0.12803 15.46084 0 -3.82500 35.45000 10.07120 0.15583 -13
-1.20687 -0.27171 15.46084 0 8.25000 36.47500 10.07120 0.16026 -13
-0.08376 -0.17322 71.93582 0 5.22500 3.17500 71.69207 0.10255 13
1.20493 -0.09505 49.35391 0 2.87500 -34.77500 31.60326 0.15798 -13
-0.75456 -0.16283 36.05875 0 4.92500 21.62500 28.91983 0.12723 -13
-0.61703 -0.09986 17.16547 0 3.05000 19.85000 14.62810 0.11877 -13
0.75404 -0.24298 47.54149 0 7.35000 -22.27500 38.34918 0.12849 -13
-1.27910 -0.17841 23.62888 0 5.42500 37.75000 14.69487 0.16452 -13
-1.44691 -0.23308 99.99419 0 7.02500 41.55000 57.87080 0.17866 13
1.70742 -0.16670 97.74714 0 5.05000 -52.22500 49.90428 0.19998 -13
-1.23814 0.09347 20.36984 0 -2.85000 35.32500 12.83252 0.16057 13
0.26561 -0.18876 71.87214 0 5.67500 -9.60000 69.54251 0.10591 13
-1.74498 0.04680 17.15043 0 -1.47500 54.32500 8.53492 0.20260 13
0.53162 0.13013 84.61781 0 -3.92500 -12.05000 74.85325 0.11480 -13
0.54599 -0.26955 84.61781 0 8.12500 -12.47500 74.85325 0.11791 -13
0.60075 -0.00740 69.12807 0 0.22500 -16.35000 59.25745 0.11748 13
0.20669 -0.09103 25.89276 0 2.77500 -5.17500 25.36105 0.10325 -13
1.00616 -0.02242 47.78340 0 0.70000 -32.97500 33.68805 0.14286 -13
0.71675 0.05544 21.06184 0 -1.70000 -24.52500 17.12719 0.12404 13
1.07569 -0.23870 8.06884 0 7.10000 -32.82500 5.57523 0.14974 13
0.77136 -0.05436 83.43340 0 1.62500 -21.52500 66.10000 0.12730 13
-0.15766 0.14449 37.61926 0 -4.35000 5.17500 37.16955 0.10298 -13
-0.16100 -0.25447 37.61926 0 7.70000 5.27500 37.16955 0.10518 -13
-0.31766 0.05877 99.79717 0 -1.77500 8.55000 95.12850 0.10583 13
0.87916 -0.12360 16.79482 0 3.77500 -23.97500 12.65501 0.13469 -13
1.45126 0.06865 88.67723 0 -2.07500 -46.02500 50.39514 0.17762 13
-0.05718 0.06521 3.01293 0 -2.12500 0.80000 3.00803 0.10118 13
0.27185 0.08679 37.96158 0 -2.62500 -9.62500 36.64138 0.10473 13
-0.86232 -0.02209 58.98249 0 0.65000 24.97500 44.67320 0.13299 13
1.26728 0.11590 44.37577 0 -3.52500 -37.97500 27.60224 0.16299 13
1.16322 -0.00063 98.37369 0 -0.00000 -31.80000 64.13006 0.15447 13
0.33626 -0.00429 55.74050 0 0.15000 -8.92500 52.83353 0.10625 -13
-0.71702 -0.00111 14.26823 0 0.07500 21.92500 11.59541 0.12392 -13
-0.90657 -0.03055 96.28000 0 0.92500 27.15000 71.34597 0.13596 -13
1.88814 -0.24060 26.98914 0 7.22500 -54.42500 12.91153 0.21645 13
1.36757 -0.03610 58.68509 0 1.07500 -45.37500 34.65377 0.17065 13
-0.15251 -0.03184 16.52068 0 1.00000 4.50000 16.33203 0.10192 -13
0.08533 -0.11648 63.23066 0 3.50000 -2.32500 63.00480 0.10174 13
1.73043 -0.01140 95.50896 0 0.32500 -53.20000 47.79024 0.20127 13
-1.07402 -0.20461 5.93056 0 6.05000 30.00000 4.08532 0.14911 13
0.51240 -0.10989 30.84993 0 3.32500 -14.07500 27.48968 0.11370 -13
1.67441 0.06782 75.06757 0 -2.02500 -49.50000 38.55621 0.19651 -13
-1.09289 -0.18043 50.07847 0 5.45000 32.37500 34.09997 0.15029 -13
-1.27387 0.05218 42.29946 0 -1.60000 37.45000 26.14065 0.16318 13
0.04436 -0.24228 50.78668 0 7.32500 1.22500 50.73954 0.10372 -13
0.49259 -0.12183 64.33299 0 3.67500 -15.72500 57.79376 0.11293 -13
-0.33563 -0.21556 9.69363 0 6.55000 11.47500 9.21053 0.10846 -13
0.48187 -0.03472 61.29908 0 1.05000 -15.50000 55.22872 0.11184 -13
-1.33555 0.14684 13.87796 0 -4.50000 41.45000 8.37438 0.16874 13
-1.36285 -0.25219 13.87796 0 7.55000 42.25000 8.37438 0.17204 13
0.84865 -0.10092 75.91186 0 3.05000 -27.55000 58.00082 0.13248 -13
-0.24979 0.13294 16.89420 0 -4.05000 6.87500 16.39875 0.10467 13
-0.25636 -0.26667 16.89420 0 8.00000 7.07500 16.39875 0.10735 13
0.22556 -0.00682 54.43637 0 0.20000 -6.20000 53.10218 0.10324 13
1.60080 -0.06973 82.95027 0 2.10000 -51.27500 44.02414 0.19021 -13
-0.58785 -0.02748 58.00277 0 0.85000 18.10000 50.00790 0.11685 -13
0.67387 -0.04934 83.06703 0 1.50000 -21.12500 68.91231 0.12154 -13
-0.70978 -0.12852 29.85381 0 3.90000 21.97500 24.41098 0.12418 -13
1.19851 -0.02535 63.90423 0 0.75000 -35.27500 40.94795 0.15720 13
-0.16686 -0.12289 97.16812 0 3.72500 3.62500 95.86241 0.10284 -13
-0.77135 -0.16609 53.56148 0 5.00000 24.45000 42.62455 0.12827 13
0.59604 0.10748 50.94536 0 -3.25000 -20.10000 43.82748 0.11774 13
1.16716 -0.24565 32.28335 0 7.42500 -36.55000 21.35815 0.15677 -13
-0.74645 -0.03794 91.73019 0 1.15000 21.35000 73.52832 0.12572 13
-0.63766 0.09177 55.73051 0 -2.77500 19.10000 47.04725 0.11979 13
-0.64554 -0.23022 63.54979 0 6.92500 19.07500 53.79091 0.12208 13
0.67928 -0.08325 17.53666 0 2.55000 -20.82500 14.52238 0.12204 -13
-0.37711 -0.05522 93.03336 0 1.65000 11.00000 87.06566 0.10777 13
0.15210 -0.06326 24.09310 0 1.92500 -3.32500 23.82021 0.10206 -13
-1.55829 -0.04811 40.97925 0 1.42500 46.30000 22.15037 0.18651 13
-0.60662 0.07138 14.42693 0 -2.12500 19.12500 12.34328 0.11800 -13
0.21750 -0.20473 50.65034 0 6.17500 -6.32500 49.53841 0.10509 13
0.37689 -0.10735 50.65902 0 3.25000 -9.12500 47.43782 0.10817 -13
-1.76517 -0.19165 84.58328 0 5.77500 52.40000 42.26360 0.20520 13
0.57059 -0.01629 28.96779 0 0.47500 -16.15000 25.16110 0.11595 13
-0.10351 -0.02574 78.33081 0 0.77500 2.17500 77.91478 0.10127 13
1.23950 -0.21858 58.44904 0 6.57500 -37.95000 37.21798 0.16187 13
-0.37405 -0.20185 4.03704 0 5.95000 10.12500 3.78999 0.10937 13
0.26257 0.07188 51.64392 0 -2.17500 -11.47500 49.95902 0.10437 13
-0.35388 -0.22615 65.09230 0 6.82500 13.15000 61.53004 0.10923 -13
1.03580 -0.11470 34.91126 0 3.45000 -30.80000 24.33000 0.14544 13
-0.59277 -0.00316 5.61570 0 0.20000 15.22500 4.83093 0.11708 -13
0.76035 -0.03143 13.02402 0 1.00000 -22.80000 10.36961 0.12655 -13
-1.25085 -0.06339 98.89152 0 1.90000 34.87500 61.82652 0.16140 13
2.07335 -0.06018 81.14070 0 1.82500 -62.15000 35.30191 0.23188 -13
1.98130 -0.01930 97.25343 0 0.60000 -60.75000 43.82651 0.22350 -13
-1.28574 -0.23300 40.99396 0 7.00000 39.70000 25.58134 0.16567 13
1.20979 -0.12397 71.30340 0 3.75000 -34.35000 45.63412 0.15856 -13
0.06338 0.09948 2.41776 0 -3.22500 -4.82500 2.41297 0.10157 13
0.46147 -0.05561 32.14529 0 1.70000 -11.62500 29.19534 0.11105 -13
-0.23378 -0.22169 4.90771 0 6.57500 9.02500 4.78461 0.10574 13
1.03364 0.12438 7.41503 0 -3.65000 -33.35000 5.17679 0.14531 -13
1.06440 -0.27552 7.41503 0 8.40000 -34.30000 5.17679 0.14976 -13
-0.88820 0.01932 42.49944 0 -0.60000 25.45000 31.77810 0.13471 13
0.18242 -0.23967 34.45868 0 7.25000 -7.57500 33.92906 0.10519 -13
0.33230 -0.23436 27.22253 0 7.05000 -11.20000 25.90074 0.10870 13
0.06462 -0.07719 86.73985 0 2.32500 -1.02500 86.56033 0.10121 13
0.24833 0.07470 53.40449 0 -2.25000 -7.70000 51.83864 0.10403 -13
-0.22567 -0.11212 61.76261 0 3.37500 5.75000 60.26571 0.10385 13
-0.36940 0.04540 15.64201 0 -1.40000 11.90000 14.67473 0.10745 13
2.05006 -0.04262 93.76375 0 1.30000 -58.15000 41.13733 0.22975 -13
0.60247 0.09916 34.51977 0 -2.97500 -19.27500 29.60653 0.11799 -13
-0.03664 -0.22973 63.35087 0 6.92500 4.30000 63.31052 0.10340 -13
1.81995 0.11815 60.82716 0 -3.55000 -54.65000 29.44829 0.20944 -13
0.47733 -0.10371 25.72710 0 3.10000 -12.85000 23.24054 0.11207 13
-1.70479 -0.16302 90.46240 0 4.90000 47.50000 46.21751 0.19968 13
1.36760 0.14278 52.88472 0 -4.32500 -42.07500 31.42035 0.17123 13
1.39760 -0.25628 52.88472 0 7.72500 -42.97500 31.42035 0.17495 13
1.54844 0.09771 45.07209 0 -2.92500 -46.52500 24.53414 0.18587 -13
0.47170 -0.09538 10.76029 0 2.82500 -12.12500 9.73987 0.11175 13
-0.91846 -0.07596 15.57672 0 2.32500 29.40000 11.48670 0.13697 -13
-0.33307 0.11451 2.78187 0 -3.65000 11.05000 2.64094 0.10693 13
-0.34409 -0.28628 2.78187 0 8.42500 11.35000 2.64094 0.11023 13
-1.50069 0.07090 90.09500 0 -2.15000 44.75000 50.04696 0.18175 13
-1.53576 -0.24313 64.58866 0 7.35000 48.25000 35.95466 0.18619 -13
0.23240 -0.15018 53.24311 0 4.55000 -9.22500 51.89038 0.10449 -13
-1.70428 0.05870 23.46730 0 -1.72500 53.02500 11.89179 0.19905 -13
-0.29473 -0.07323 66.87343 0 2.20000 9.10000 64.15912 0.10524 13
0.53875 -0.24212 47.45950 0 7.32500 -14.90000 42.04421 0.11697 -13
-0.84745 -0.18822 9.70779 0 5.75000 24.40000 7.45954 0.13342 -13
1.12212 -0.03533 87.60111 0 1.07500 -33.62500 58.30225 0.15141 -13
-0.47148 -0.00802 33.30761 0 0.22500 13.75000 30.12723 0.11134 13
-0.08899 -0.00475 59.05345 0 0.12500 2.05000 58.82099 0.10110 13
-0.33628 0.07554 56.31718 0 -2.30000 11.62500 53.39522 0.10652 13
0.33367 -0.21932 37.27846 0 6.60000 -10.90000 35.44346 0.10843 13
0.31310 -0.19157 5.48595 0 5.67500 -10.07500 5.24359 0.10722 13
-0.02090 -0.17645 84.00643 0 5.32500 -2.37500 83.98865 0.10228 -13
-0.57030 -0.24324 3.75980 0 7.50000 18.07500 3.28859 0.11868 -13
-0.78744 -0.22076 6.19319 0 6.77500 21.82500 4.90973 0.13021 -13
-0.91158 -0.21629 59.17526 0 6.52500 28.05000 44.18227 0.13798 13
-0.85041 -0.06496 26.32433 0 1.97500 25.95000 20.07089 0.13237 -13
1.32147 -0.14990 8.12171 0 4.42500 -39.15000 4.93553 0.16750 13
0.47117 -0.22812 67.11858 0 6.87500 -13.40000 60.99057 0.11365 13
-1.48662 -0.06635 88.19474 0 2.00000 47.52500 49.29947 0.18056 -13
-1.59299 -0.15599 80.79014 0 4.70000 47.57500 43.32395 0.19005 13
0.73275 0.06263 5.42673 0 -1.77500 -23.75000 4.38051 0.12500 -13
0.11320 -0.02831 61.79097 0 0.85000 -6.92500 61.39914 0.10139 13
0.86532 -0.23089 92.28424 0 6.95000 -25.45000 70.55342 0.13518 13
0.36563 0.07358 37.95420 0 -2.22500 -9.60000 35.65751 0.10748 13
1.34148 0.04510 47.85729 0 -1.35000 -43.40000 28.62065 0.16856 -13
0.70779 0.14379 94.21351 0 -4.32500 -20.70000 77.16114 0.12422 -13
0.72304 -0.25521 94.21351 0 7.70000 -21.17500 77.16114 0.12691 -13
-0.00445 0.14792 88.42581 0 -4.45000 1.42500 88.42496 0.10180 -13
-0.00453 -0.25092 88.42581 0 7.57500 1.42500 88.42496 0.10383 -13
0.64143 -0.17784 69.09313 0 5.37500 -18.85000 58.41911 0.12098 -13
0.18479 -0.06159 39.82831 0 1.85000 -4.52500 39.16762 0.10259 13
-0.41058 -0.18318 20.03091 0 5.55000 10.52500 18.57334 0.11043 -13
-0.22013 -0.04259 61.31904 0 1.27500 3.17500 59.88771 0.10320 13
-1.41070 -0.13189 13.50633 0 3.92500 42.15000 7.85543 0.17460 13
1.83903 0.06146 11.94726 0 -1.95000 -53.65000 5.71492 0.21097 13
-0.17944 0.12579 33.32526 0 -3.80000 4.17500 32.80949 0.10310 13
-0.18463 -0.27417 33.32526 0 8.25000 4.32500 32.80949 0.10605 13
-0.04994 -0.02005 52.39589 0 0.60000 2.87500 52.33070 0.10085 13
-1.15837 0.01104 99.43517 0 -0.32500 31.90000 64.97950 0.15411 -13
1.63632 -0.09384 3.40500 0 2.57500 -48.20000 1.78115 0.19331 13
-0.70260 -0.20904 37.93245 0 6.32500 20.32500 31.25496 0.12487 -13
1.24859 -0.04956 33.24290 0 1.47500 -37.57500 20.79626 0.16117 13
2.03032 -0.09412 13.61708 0 2.75000 -61.10000 6.03797 0.22806 13
1.02463 0.06507 97.83313 0 -1.97500 -30.62500 68.40610 0.14432 13
0.69361 -0.04119 85.24475 0 1.25000 -22.02500 70.06408 0.12263 -13
-0.63802 0.05947 61.55280 0 -1.77500 20.52500 51.91696 0.11960 -13
-1.49251 -0.13773 89.41504 0 4.15000 46.35000 50.09305 0.18145 -13
-0.18276 0.07667 69.60675 0 -2.30000 3.77500 68.47910 0.10266 -13
0.25946 -0.05464 84.20416 0 1.65000 -9.42500 81.51297 0.10419 -13
0.03051 -0.18422 14.07993 0 5.60000 -2.12500 14.07358 0.10247 -13
-0.37644 -0.23816 1.05000 0 6.65000 12.30000 0.98595 0.11039 13
-0.71482 0.06752 40.20177 0 -2.05000 21.47500 32.73056 0.12398 13
2.00882 -0.16516 2.73904 0 5.37500 -62.72500 1.23297 0.22739 -13
-0.98299 -0.04417 22.85689 0 1.37500 27.77500 16.30789 0.14130 -13
0.17040 -0.10347 57.38628 0 3.10000 -5.75000 56.57933 0.10268 13
0.28660 -0.04654 46.73319 0 1.40000 -9.20000 44.92819 0.10486 13
-0.03573 0.08990 96.98958 0 -2.72500 2.40000 96.92822 0.10118 13
0.05564 0.14503 75.18440 0 -4.37500 -2.50000 75.07068 0.10192 13
0.05682 -0.25393 75.18440 0 7.65000 -2.52500 75.07068 0.10406 13
0.24983 -0.16997 11.06081 0 5.07500 -7.97500 10.73976 0.10518 13
0.50848 0.02450 40.62110 0 -0.75000 -17.90000 36.21117 0.11300 13
0.39291 0.01897 14.24349 0 -0.60000 -11.25000 13.25710 0.10822 13
-0.28708 0.04872 37.10561 0 -1.47500 9.45000 35.66828 0.10489 13
-0.28699 0.03896 91.48319 0 -1.17500 9.82500 87.93851 0.10484 -13
1.23007 0.04859 32.56899 0 -1.50000 -38.40000 20.55941 0.15972 13
-0.56896 -0.14344 68.45122 0 4.32500 16.70000 59.64259 0.11676 -13
0.16892 -0.23807 49.20514 0 7.17500 -3.80000 48.55394 0.10490 13
0.41773 -0.03953 91.39554 0 1.20000 -11.90000 84.34304 0.10921 -13
0.75562 -0.13988 18.94479 0 4.17500 -22.62500 15.16760 0.12699 13
0.71805 0.00465 49.50965 0 -0.12500 -21.67500 40.21591 0.12397 -13
-0.19141 -0.05682 98.95217 0 1.70000 6.07500 97.19330 0.10269 13
-0.22649 0.01397 57.10268 0 -0.42500 8.02500 55.69242 0.10326 -13
-0.55933 0.11141 15.25343 0 -3.32500 14.27500 13.33194 0.11592 -13
-0.20756 0.11285 79.94960 0 -3.40000 7.80000 78.30135 0.10347 -13
0.74239 -0.07332 75.33803 0 2.20000 -23.87500 60.54817 0.12563 13
0.38762 -0.18842 46.54049 0 5.70000 -11.25000 43.49165 0.10962 -13
1.34062 0.00898 64.60354 0 -0.25000 -39.85000 38.62788 0.16843 -13
-1.14790 -0.01854 35.43039 0 0.55000 36.27500 23.27494 0.15331 13
-0.18780 -0.10877 23.73663 0 3.30000 7.05000 23.33343 0.10306 -13
0.61748 -0.02036 31.75141 0 0.60000 -19.05000 27.01776 0.11837 13
-0.00790 -0.07197 62.30162 0 2.15000 1.45000 62.29968 0.10096 13
0.49601 -0.07766 93.86041 0 2.32500 -12.65000 84.13513 0.11268 13
0.76549 0.01096 70.26715 0 -0.32500 -23.27500 55.79713 0.12682 -13
-0.80928 0.03887 96.67867 0 -1.17500 21.82500 75.17462 0.12961 -13
0.59362 -0.01724 47.83229 0 0.52500 -16.67500 41.13292 0.11712 -13
-0.29389 -0.15356 95.76002 0 4.65000 9.02500 91.95885 0.10610 -13
0.03438 -0.01873 19.93852 0 0.55000 -2.57500 19.92675 0.10078 13
-0.24846 0.13510 2.66239 0 -3.87500 5.27500 2.58527 0.10464 -13
-0.25471 -0.26402 2.66239 0 8.17500 5.47500 2.58527 0.10753 -13
-0.02761 0.05527 35.12478 0 -1.67500 -0.92500 35.11144 0.10090 13
-0.40447 0.10964 66.96802 0 -3.30000 10.77500 62.13381 0.10919 -13
0.76549 0.03790 34.81974 0 -1.15000 -22.67500 27.65605 0.12689 13
0.31667 -0.19720 38.71351 0 5.95000 -9.70000 36.97029 0.10750 -13
-1.33798 -0.05455 53.74991 0 1.65000 42.02500 32.20890 0.16831 -13
0.95995 -0.24099 34.14405 0 7.30000 -26.40000 24.96244 0.14171 -13
1.76326 0.11003 95.34505 0 -3.30000 -53.00000 47.24939 0.20442 -13
-1.58121 -0.12688 98.66873 0 3.82500 46.12500 53.03995 0.18884 -13
-0.50933 -0.12678 35.98072 0 3.85000 14.02500 32.11425 0.11374 -13
1.80216 -0.15116 96.66086 0 4.57500 -57.50000 47.30423 0.20812 -13
1.92918 -0.01995 81.23447 0 0.60000 -57.90000 37.38993 0.21883 13
2.04607 -0.16845 15.25514 0 5.15000 -61.42500 6.77447 0.23007 -13
-0.32144 0.08938 85.72632 0 -2.70000 12.07500 81.64376 0.10616 -13
0.19713 0.02649 41.34551 0 -0.77500 -6.77500 40.56537 0.10267 -13
1.79092 0.00315 12.76877 0 -0.17500 -51.75000 6.22513 0.20657 13
-0.16515 0.12080 58.73189 0 -3.65000 5.27500 57.95800 0.10279 13
-0.17024 -0.27946 58.73189 0 8.42500 5.42500 57.95800 0.10595 13
-0.59018 -0.20192 98.41058 0 6.10000 17.82500 85.18339 0.11869 -13
-0.44203 0.04044 14.14790 0 -1.17500 13.55000 12.94181 0.11018 -13
0.57659 0.04295 38.46569 0 -1.27500 -17.25000 33.33107 0.11632 -13
1.51585 -0.05341 73.63159 0 1.60000 -45.67500 40.58620 0.18295 13
1.18351 -0.13950 22.26370 0 4.17500 -34.40000 14.45014 0.15664 13
-0.77171 -0.10107 95.46740 0 3.05000 23.60000 75.72194 0.12761 13
-0.13029 -0.07361 91.07594 0 2.22500 3.52500 90.31672 0.10183 -13
-0.73047 0.06715 32.54555 0 -2.00000 19.82500 26.30118 0.12488 -13
-1.52233 -0.18998 98.87275 0 5.75000 44.75000 54.95713 0.18443 -13
-0.22007 -0.01086 94.62203 0 0.32500 7.72500 92.41102 0.10312 -13
0.84884 -0.23758 29.57577 0 7.20000 -25.52500 22.80457 0.13426 -13
-0.95109 0.05762 49.16979 0 -1.75000 28.20000 35.65639 0.13910 13
1.99421 0.14740 35.89284 0 -4.47500 -59.35000 16.22724 0.22519 13
2.03431 -0.25155 35.89284 0 7.55000 -60.52500 16.22724 0.22962 13
-0.70653 0.14693 67.40273 0 -4.42500 21.37500 55.24382 0.12418 -13
-0.72086 -0.25192 67.40273 0 7.60000 21.80000 55.24382 0.12672 -13
-1.87955 -0.18153 97.51814 0 5.47500 61.05000 46.38538 0.21519 -13
1.45810 -0.14218 3.25424 0 4.02500 -43.85000 1.85376 0.17844 13
0.34833 -0.07017 53.35823 0 2.12500 -12.55000 50.40221 0.10687 -13
1.82922 0.12059 22.49345 0 -3.60000 -57.42500 10.84969 0.21025 -13
1.88554 -0.27956 22.49345 0 8.47500 -59.17500 10.84969 0.21688 -13
-1.31526 -0.08562 52.90470 0 2.60000 38.27500 32.09348 0.16662 -13
-0.43551 -0.17003 49.16306 0 5.15000 11.95000 45.17509 0.11117 -13
-0.00308 -0.12505 28.03847 0 3.75000 -3.67500 28.03834 0.10148 13
0.26151 -0.15555 15.53121 0 4.72500 -9.17500 15.03798 0.10527 -13
0.38566 0.11232 82.90227 0 -3.37500 -12.57500 77.41186 0.10852 -13
-0.35003 0.12192 53.98108 0 -3.67500 10.20000 50.99050 0.10740 13
-0.36067 -0.27825 53.98108 0 8.37500 10.52500 50.99050 0.11065 13
1.69374 0.01981 58.41434 0 -0.62500 -48.77500 29.70249 0.19809 13
0.34092 0.09521 64.06726 0 -2.87500 -9.82500 60.66863 0.10683 13
0.70305 -0.12712 76.93352 0 3.85000 -19.82500 63.10251 0.12377 -13
1.00320 -0.12952 55.32873 0 3.92500 -31.30000 39.22303 0.14325 -13
-0.04829 -0.00460 38.72038 0 0.15000 1.52500 38.67530 0.10082 -13
1.17509 0.05027 65.48906 0 -1.50000 -35.70000 42.47405 0.15546 -13
0.72957 0.10292 92.32039 0 -3.10000 -22.47500 74.71760 0.12508 -13
-0.00262 -0.16340 85.58082 0 4.92500 -0.47500 85.58053 0.10203 13
0.65519 0.13978 62.97730 0 -4.20000 -22.72500 52.83033 0.12121 -13
0.67035 -0.25939 62.97730 0 7.82500 -23.20000 52.83033 0.12403 -13
1.16239 0.03244 62.04997 0 -1.00000 -33.20000 40.47942 0.15445 13
-1.53130 -0.09062 56.26795 0 2.72500 45.72500 30.85388 0.18439 13
-1.21579 0.01175 19.51393 0 -0.40000 35.12500 12.39662 0.15854 13
0.40762 0.12436 29.68423 0 -3.77500 -11.05000 27.51790 0.10948 13
0.41962 -0.27569 29.68423 0 8.30000 -11.42500 27.51790 0.11266 13
0.63167 -0.02499 55.10962 0 0.75000 -18.65000 46.59653 0.11914 13
0.91023 -0.07631 54.81998 0 2.30000 -25.55000 40.59345 0.13639 13
-1.23894 0.07506 64.90464 0 -2.27500 39.15000 40.83480 0.16052 13
1.77324 -0.02211 30.98866 0 0.70000 -54.02500 15.22470 0.20503 -13
0.34119 0.09655 63.84532 0 -2.92500 -13.12500 60.45417 0.10685 13
0.24680 -0.23994 28.13613 0 7.25000 -8.50000 27.35908 0.10652 -13
0.52552 0.01706 8.44843 0 -0.57500 -16.27500 7.47884 0.11378 13
-0.68954 0.05900 17.45499 0 -1.75000 21.70000 14.37830 0.12246 -13
-1.88448 0.01770 96.43340 0 -0.52500 54.15000 45.20793 0.21485 -13
-0.56520 0.04470 70.73373 0 -1.35000 15.92500 61.59337 0.11576 13
-1.00039 0.03141 32.60265 0 -0.92500 30.02500 23.05487 0.14248 -13
1.05367 -0.03179 33.91583 0 0.97500 -32.10000 23.35383 0.14633 -13
-0.51342 0.01426 84.48687 0 -0.42500 15.45000 75.16118 0.11321 -13
