1.59098 -0.25978 90.51173 0 7.85000 -47.47500 49.29577 0.19105 -13
-0.25278 -0.22897 83.53532 0 6.90000 7.45000 81.10935 0.10641 -13
1.40985 0.13761 89.99708 0 -4.15000 -40.92500 52.39136 0.17461 -13
1.44372 -0.26165 89.99708 0 7.90000 -41.97500 52.39136 0.17882 -13
-1.20425 -0.09007 69.57262 0 2.70000 38.80000 44.55212 0.15789 13
2.03505 0.09177 46.12540 0 -2.75000 -62.20000 20.41195 0.22850 -13
-0.41053 0.04514 82.43120 0 -1.35000 11.40000 76.26654 0.10895 -13
0.79157 -0.20130 89.08635 0 6.07500 -22.92500 70.38068 0.13002 13
-0.14766 -0.22227 71.88388 0 6.70000 7.92500 71.14860 0.10423 -13
-1.11422 0.01922 76.27869 0 -0.60000 33.50000 50.95416 0.15078 13
0.50720 -0.07052 41.59892 0 2.15000 -15.40000 37.11848 0.11314 -13
-2.04397 -0.15300 91.98075 0 4.62500 60.30000 40.80263 0.22966 -13
1.03582 -0.01379 32.02546 0 0.42500 -29.97500 22.24453 0.14501 -13
1.10333 -0.00873 51.91063 0 0.25000 -33.12500 34.86154 0.14996 13
0.65984 0.07623 54.12849 0 -2.30000 -19.77500 45.21862 0.12089 -13
0.48392 0.00096 48.72685 0 -0.05000 -10.30000 43.86119 0.11187 13
1.83916 0.10495 92.33630 0 -3.15000 -53.67500 44.29366 0.21107 -13
-0.31596 -0.00070 32.07713 0 0.02500 10.25000 30.58672 0.10561 -13
0.54479 -0.22189 61.19310 0 6.67500 -14.95000 54.02693 0.11683 13
-2.00893 0.04726 89.31656 0 -1.42500 61.65000 39.83710 0.22604 13
-0.33151 -0.18667 74.89732 0 5.62500 10.60000 71.21156 0.10775 -13
-0.95212 -0.13035 93.20164 0 3.92500 28.32500 67.76952 0.13966 13
-0.59307 -0.06537 93.83689 0 1.97500 17.02500 80.75497 0.11726 13
-1.80819 -0.04674 56.95422 0 1.42500 54.42500 27.58692 0.20814 -13
-1.51880 0.05078 85.70979 0 -1.52500 46.77500 47.17608 0.18319 -13
0.44137 0.02066 54.21841 0 -0.62500 -16.92500 49.60350 0.11009 -13
-0.00018 0.09923 56.06695 0 -2.97500 0.55000 56.06695 0.10119 -13
-0.15183 -0.04216 23.63082 0 1.30000 4.37500 23.36355 0.10195 -13
1.23637 0.11179 80.81005 0 -3.37500 -34.20000 51.00958 0.16053 13
-0.51189 0.10923 39.82310 0 -3.27500 13.72500 35.49198 0.11366 -13
0.81899 0.09045 49.39520 0 -2.70000 -23.15000 38.27682 0.13048 -13
-0.20594 0.03733 45.87419 0 -1.12500 4.52500 44.93260 0.10288 -13
0.60720 0.05593 45.19493 0 -1.70000 -16.47500 38.64727 0.11795 13
0.42801 -0.07721 89.23072 0 2.32500 -12.00000 82.07054 0.10982 -13
0.43154 0.11795 56.37419 0 -3.55000 -12.35000 51.81593 0.11032 -13
0.70680 -0.21025 38.38701 0 6.32500 -21.67500 31.57095 0.12511 13
0.30593 -0.15319 28.52198 0 4.60000 -10.20000 27.30127 0.10643 13
0.00946 -0.16525 56.21569 0 5.00000 -0.97500 56.21324 0.10208 -13
-0.16897 -0.04260 74.48749 0 1.27500 5.55000 73.44832 0.10222 13
0.09069 -0.12981 18.26620 0 3.90000 -3.20000 18.19276 0.10195 13
-0.80144 -0.23856 3.24472 0 7.00000 22.02500 2.55930 0.13113 13
2.18107 0.09397 35.75638 0 -2.87500 -64.55000 14.95577 0.24185 13
-1.31388 -0.24674 56.61336 0 7.45000 40.55000 34.92753 0.16814 -13
-0.06084 0.02210 26.78811 0 -0.65000 4.95000 26.73867 0.10091 -13
-0.39494 -0.09520 63.14622 0 2.87500 11.67500 58.76709 0.10870 -13
0.64819 0.13977 90.16734 0 -4.22500 -20.52500 75.87836 0.12083 13
0.66321 -0.25944 90.16734 0 7.82500 -20.97500 75.87836 0.12362 13
1.60395 -0.01627 17.08575 0 0.55000 -47.62500 9.04004 0.19035 -13
-0.00631 0.06828 83.76739 0 -2.07500 -1.87500 83.76573 0.10094 13
1.18545 -0.19561 27.70383 0 5.87500 -34.82500 18.05898 0.15739 13
-1.31717 -0.17628 89.39387 0 5.32500 38.00000 54.57842 0.16749 -13
1.26567 0.08873 6.64947 0 -2.57500 -37.67500 4.13276 0.16263 -13
-0.26985 -0.22381 94.56204 0 6.75000 7.87500 91.44436 0.10671 13
0.39632 0.00961 63.06906 0 -0.30000 -10.62500 58.63270 0.10833 13
-1.00369 0.03404 27.86476 0 -1.05000 29.37500 19.67258 0.14273 13
0.24164 -0.02097 85.52469 0 0.65000 -8.55000 83.13295 0.10363 -13
0.57006 -0.06709 61.26314 0 2.02500 -17.95000 53.25179 0.11612 -13
2.12285 -0.19753 32.54927 0 5.92500 -64.62500 14.08894 0.23709 13
0.11825 -0.23732 48.79262 0 7.17500 -1.67500 48.47286 0.10419 -13
0.20991 0.09235 28.33036 0 -2.80000 -7.92500 27.73089 0.10332 13
0.95762 0.04442 33.35435 0 -1.35000 -30.07500 24.10117 0.13951 13
0.81447 -0.01534 90.26867 0 0.45000 -25.42500 69.99456 0.12989 13
-1.07853 -0.15596 67.88313 0 4.72500 31.60000 46.45151 0.14895 -13
1.20795 0.04173 18.34390 0 -1.30000 -37.75000 11.70371 0.15799 13
-0.52819 -0.01673 65.74370 0 0.50000 16.97500 58.13445 0.11390 13
0.65677 -0.24507 67.38343 0 7.37500 -19.25000 56.80958 0.12297 13
-2.01852 -0.19637 8.35111 0 5.77500 60.02500 3.76365 0.22754 13
1.99929 -0.05937 23.01822 0 1.85000 -63.22500 10.31075 0.22524 -13
0.93281 -0.00032 34.70697 0 -0.00000 -27.60000 25.37921 0.13771 13
-0.75538 -0.07783 3.74538 0 2.50000 23.00000 2.99180 0.12656 -13
-0.81424 0.06614 15.32656 0 -2.02500 21.70000 11.89486 0.13005 13
1.26629 0.13117 28.49826 0 -3.97500 -37.97500 17.75523 0.16304 13
1.30004 -0.26852 28.49826 0 8.07500 -38.97500 17.75523 0.16728 13
1.30004 -0.26851 28.49826 0 8.07500 -39.00000 17.75523 0.16732 13
-1.25919 -0.18369 48.81507 0 5.55000 38.45000 30.66702 0.16300 -13
-0.07101 0.05187 1.65050 0 -1.85000 3.25000 1.64637 0.10136 13
0.43607 0.01343 34.40063 0 -0.42500 -12.77500 31.53323 0.10987 13
-0.71383 -0.21976 1.11965 0 6.07500 20.45000 0.91837 0.12581 13
-0.43021 0.10204 81.84111 0 -3.07500 12.20000 75.23989 0.11011 13
-0.25437 -0.13757 55.30648 0 4.15000 7.42500 53.62982 0.10484 -13
0.33519 -0.24212 53.76760 0 7.32500 -12.50000 51.12310 0.10898 -13
0.21778 -0.14785 35.94385 0 4.47500 -6.92500 35.13769 0.10414 -13
0.01011 -0.17931 30.40625 0 5.40000 1.35000 30.40474 0.10230 13
0.40786 -0.01368 50.71649 0 0.40000 -10.47500 46.96132 0.10876 13
1.15209 -0.09956 11.85547 0 3.07500 -38.00000 7.79232 0.15401 -13
-0.61939 -0.17568 94.16969 0 5.30000 17.22500 80.39144 0.11977 -13
-0.20228 -0.00954 54.17982 0 0.30000 5.42500 53.10438 0.10275 -13
-1.48453 -0.19613 41.39349 0 5.90000 46.05000 23.42587 0.18131 13
1.87594 -0.01408 57.30782 0 0.40000 -55.35000 26.95964 0.21409 13
0.77878 -0.20067 59.90685 0 6.05000 -21.70000 47.61443 0.12922 13
-1.50282 0.02658 64.63007 0 -0.80000 45.40000 35.81329 0.18180 -13
0.88714 -0.21071 34.51456 0 6.32500 -26.15000 26.06402 0.13626 13
-0.83873 0.12491 50.79601 0 -3.77500 24.62500 39.04381 0.13204 13
-0.86320 -0.27512 50.79601 0 8.27500 25.37500 39.04381 0.13586 13
1.15892 0.13706 69.82657 0 -4.12500 -34.22500 45.85908 0.15477 -13
1.18701 -0.26227 69.82657 0 7.92500 -35.07500 45.85908 0.15854 -13
1.25734 -0.21780 46.13453 0 6.55000 -35.35000 29.12378 0.16324 13
0.09712 -0.06343 47.82257 0 1.92500 -3.30000 47.59953 0.10138 -13
0.00406 -0.08391 11.70844 0 2.47500 1.47500 11.70834 0.10105 13
-0.73762 -0.01081 2.95829 0 0.12500 23.22500 2.38083 0.12521 13
-1.42616 -0.00477 4.79243 0 0.32500 43.85000 2.75137 0.17546 -13
0.59286 -0.06457 23.02330 0 1.97500 -18.47500 19.81502 0.11726 -13
1.12254 0.10002 37.92738 0 -3.00000 -33.62500 25.29836 0.15172 -13
-0.06673 -0.11144 77.56394 0 3.37500 0.62500 77.39394 0.10155 -13
-0.70851 -0.16029 22.40723 0 4.87500 22.32500 18.36030 0.12448 -13
0.03488 0.03143 8.80515 0 -0.90000 0.95000 8.79979 0.10081 -13
-0.93487 -0.02398 98.45428 0 0.72500 26.97500 71.92982 0.13788 13
0.02942 -0.00846 10.14413 0 0.20000 -0.82500 10.13974 0.10076 13
1.33412 0.14176 38.78189 0 -4.25000 -42.30000 23.40890 0.16848 -13
1.36396 -0.25733 38.78189 0 7.77500 -43.20000 23.40890 0.17229 -13
-0.34795 0.04098 13.76430 0 -1.27500 12.62500 13.00105 0.10671 13
0.96716 0.03571 6.75599 0 -0.97500 -29.55000 4.85790 0.14014 -13
-2.08917 -0.12412 38.12254 0 3.72500 61.02500 16.56204 0.23355 13
-0.31061 -0.15484 88.25260 0 4.67500 9.72500 84.36763 0.10660 -13
0.59087 0.10041 61.03537 0 -3.02500 -15.70000 52.61547 0.11740 -13
0.26434 -0.16166 81.50087 0 4.87500 -6.85000 78.86012 0.10543 -13
-0.24646 0.09000 20.53945 0 -2.75000 9.65000 19.94738 0.10412 13
1.33530 -0.18709 52.07184 0 5.65000 -40.97500 31.55833 0.16907 -13
-0.38351 -0.10983 49.72291 0 3.32500 10.77500 46.46122 0.10843 -13
-1.40951 -0.13643 41.71684 0 4.12500 40.30000 24.28711 0.17460 -13
1.99946 -0.23171 80.81586 0 6.97500 -61.45000 36.90964 0.22632 13
-0.95002 -0.12541 48.95157 0 3.80000 27.47500 35.62015 0.13949 -13
-0.95687 -0.03446 24.25248 0 1.07500 28.12500 17.52803 0.13943 -13
-0.28792 -0.02369 83.18724 0 0.72500 8.35000 79.94155 0.10482 -13
-0.98460 -0.02739 48.71545 0 0.85000 26.27500 34.71972 0.14135 -13
-0.19482 0.13235 33.76903 0 -4.00000 6.82500 33.15651 0.10347 13
-0.19990 -0.26721 33.76903 0 8.05000 6.97500 33.15651 0.10615 13
-1.02813 -0.09006 94.22987 0 2.70000 31.87500 65.83589 0.14472 13
-0.31878 -0.16841 45.43336 0 5.10000 8.80000 43.34236 0.10705 -13
-0.24356 0.09686 78.09109 0 -2.92500 8.05000 75.89280 0.10410 13
-0.05319 -0.04039 93.37086 0 1.22500 0.95000 93.23924 0.10093 13
-0.66246 0.01581 56.35887 0 -0.47500 20.55000 46.98642 0.12081 13
-0.03176 -0.21653 64.40807 0 6.52500 0.50000 64.37707 0.10308 13
0.53025 -0.22992 77.67106 0 6.95000 -15.30000 69.00184 0.11632 -13
-0.73587 -0.02560 9.91394 0 0.82500 22.65000 7.98603 0.12506 -13
-1.21171 -0.10784 7.72425 0 3.15000 38.40000 4.93350 0.15854 13
1.56383 -0.11162 51.55514 0 3.40000 -47.42500 27.89456 0.18729 -13
-0.02975 -0.08965 13.43170 0 2.67500 1.30000 13.42580 0.10114 13
2.07105 -0.09597 13.31251 0 2.97500 -63.12500 5.80955 0.23189 -13
0.56488 0.09599 83.98576 0 -2.90000 -17.30000 73.20607 0.11606 -13
-0.53873 -0.18403 50.71656 0 5.55000 17.17500 44.81454 0.11587 13
-0.21040 -0.03717 13.55796 0 1.15000 5.47500 13.26789 0.10298 -13
-0.44906 -0.03985 92.06744 0 1.20000 12.85000 83.99928 0.11046 -13
-0.12078 -0.14679 80.56222 0 4.42500 5.77500 79.99307 0.10250 13
0.52245 -0.02843 80.98549 0 0.85000 -17.97500 71.78577 0.11365 13
-1.49347 -0.02956 53.58841 0 0.87500 42.45000 29.82422 0.18102 13
0.41995 -0.15339 5.28953 0 4.52500 -11.62500 4.88541 0.11027 13
-0.15670 0.10434 18.09272 0 -3.17500 5.55000 17.87687 0.10249 13
0.54011 -0.05275 67.83374 0 1.57500 -18.07500 59.70323 0.11457 13
0.28130 -0.22422 34.06779 0 6.75000 -9.72500 32.85274 0.10701 13
0.79254 -0.11744 46.40040 0 3.52500 -22.82500 36.46048 0.12903 13
1.12786 -0.21393 72.76473 0 6.45000 -36.30000 48.87626 0.15332 -13
0.52802 0.13100 92.64530 0 -3.95000 -17.35000 82.07711 0.11464 13
0.54211 -0.26865 92.64530 0 8.10000 -17.77500 82.07711 0.11769 13
-0.48871 0.11065 61.72084 0 -3.32500 16.27500 55.51803 0.11263 -13
-1.66752 0.01795 42.64153 0 -0.52500 51.50000 21.93317 0.19581 -13
-1.05188 0.04133 33.51716 0 -1.22500 30.97500 23.10430 0.14621 -13
-0.98913 -0.04164 71.86728 0 1.27500 31.32500 51.11667 0.14171 -13
-1.24056 -0.05171 22.96508 0 1.52500 37.57500 14.42400 0.16054 13
-0.23336 0.01739 83.33027 0 -0.52500 5.52500 81.15052 0.10342 13
0.08751 -0.13024 26.62503 0 3.90000 -0.85000 26.52520 0.10193 13
-0.09429 0.08687 30.19085 0 -2.60000 1.55000 30.05855 0.10152 -13
0.20378 -0.22433 99.84861 0 6.77500 -6.10000 97.93138 0.10523 -13
0.96355 -0.06015 2.69352 0 1.55000 -28.72500 1.94207 0.13997 13
0.27629 -0.13883 57.15472 0 4.17500 -6.45000 55.12770 0.10540 13
-0.10439 -0.00424 75.92358 0 0.12500 3.40000 75.51330 0.10125 13
-0.61327 0.02136 62.79446 0 -0.65000 19.37500 53.53326 0.11815 13
0.69849 -0.09957 80.89432 0 3.00000 -18.90000 66.42492 0.12325 13
-1.60820 0.03453 42.56750 0 -1.02500 50.15000 22.48728 0.19074 -13
-0.76839 0.04557 14.54206 0 -1.32500 22.47500 11.53550 0.12708 -13
-0.11854 -0.17183 95.96366 0 5.17500 6.37500 95.31539 0.10287 13
1.61354 0.00046 72.06418 0 -0.02500 -47.22500 37.96260 0.19117 13
-1.37308 -0.01410 48.37395 0 0.40000 40.20000 28.48019 0.17106 13
-0.00652 -0.14196 57.14564 0 4.27500 0.90000 57.14445 0.10171 13
-0.54550 -0.01075 14.95474 0 0.35000 15.42500 13.12876 0.11472 -13
-0.01652 0.11192 14.25410 0 -3.40000 0.55000 14.25218 0.10136 13
-1.68416 0.00892 30.95840 0 -0.30000 49.82500 15.80641 0.19725 13
0.22220 -0.06665 81.86743 0 2.00000 -10.40000 79.92660 0.10338 13
-2.10138 -0.15593 5.61874 0 4.90000 62.37500 2.43741 0.23523 -13
0.84209 0.10518 15.38702 0 -3.12500 -23.77500 11.79599 0.13207 -13
-0.79677 0.51832 15.38702 0 -4.05000 -23.00000 11.79599 0.14724 -13
9.49275 2.32986 15.38702 0 8.15000 -23.42500 11.79599 0.15301 -13
1.55710 0.13240 7.52139 0 -4.12500 -47.00000 4.08974 0.18693 13
1.59797 -0.26758 7.52139 0 7.95000 -48.15000 4.08974 0.19153 13
-1.97358 0.02998 38.31214 0 -0.92500 60.50000 17.32283 0.22283 13
-0.95240 -0.03034 4.53898 0 0.77500 28.32500 3.28754 0.13912 13
0.19262 0.09035 53.50595 0 -2.72500 -5.02500 52.54779 0.10296 13
-0.32288 -0.21785 90.81168 0 6.57500 8.42500 86.60404 0.10807 13
0.16334 0.12302 87.53596 0 -3.72500 -5.52500 86.40779 0.10279 13
0.16823 -0.27708 87.53596 0 8.35000 -5.67500 86.40779 0.10586 13
-0.52636 0.04369 64.11206 0 -1.32500 17.27500 56.74460 0.11389 13
1.52597 -0.14517 17.28980 0 4.32500 -44.65000 9.54648 0.18426 13
0.64842 0.02115 86.85108 0 -0.62500 -21.15000 72.87729 0.12004 -13
0.21215 -0.13803 17.40813 0 4.20000 -6.50000 17.03609 0.10389 -13
0.94232 -0.05870 36.07543 0 1.75000 -28.20000 26.27645 0.13849 13
1.69549 -0.13164 74.27901 0 3.95000 -48.25000 37.97583 0.19865 13
-0.42341 -0.05515 5.44376 0 1.75000 11.65000 5.01400 0.10954 -13
0.40121 -0.24294 38.08904 0 7.35000 -9.52500 35.48740 0.11124 -13
0.24455 -0.12210 73.78853 0 3.70000 -5.62500 71.70617 0.10440 -13
-0.12930 0.14009 97.82955 0 -4.22500 2.22500 97.03729 0.10251 -13
-0.13227 -0.25909 97.82955 0 7.82500 2.30000 97.03729 0.10488 -13
-1.06097 -0.02768 90.59851 0 0.85000 31.05000 62.15272 0.14685 -13
-0.35590 -0.16867 57.09263 0 5.10000 11.85000 53.87141 0.10824 -13
0.75622 0.11141 42.30089 0 -3.37500 -24.20000 33.81504 0.12676 13
0.38409 -0.22459 81.52402 0 6.77500 -10.20000 76.33961 0.11022 13
1.30272 -0.24498 16.74656 0 7.45000 -38.05000 10.38402 0.16728 -13
-1.00414 -0.16095 46.56109 0 4.85000 29.37500 33.06518 0.14362 13
1.98036 0.03404 55.02403 0 -1.05000 -58.30000 24.81415 0.22344 13
1.29094 -0.15628 51.80985 0 4.72500 -38.40000 31.96711 0.16520 -13
0.40823 0.11332 21.50446 0 -3.45000 -12.12500 19.92747 0.10938 13
1.05196 -0.04846 21.76667 0 1.50000 -30.00000 15.00641 0.14625 -13
-1.02053 0.02498 45.84312 0 -0.77500 31.67500 32.08965 0.14391 13
-0.10393 -0.09487 47.41528 0 2.85000 1.42500 47.16353 0.10169 13
0.69049 -0.23925 32.28371 0 7.20000 -20.92500 26.80148 0.12471 13
1.42211 -0.19424 72.65006 0 5.85000 -44.45000 42.30713 0.17615 13
-1.21832 -0.11025 62.47727 0 3.35000 35.67500 39.78170 0.15912 -13
-1.26379 -0.23902 51.55607 0 7.20000 36.72500 32.53663 0.16404 13
-0.48445 -0.14566 11.34299 0 4.45000 15.30000 10.22849 0.11288 -13
-1.03436 -0.07191 94.95181 0 2.15000 29.80000 66.08565 0.14506 13
-0.57036 -0.20325 86.75479 0 6.12500 18.67500 75.72912 0.11772 13
-0.34429 -0.17320 30.78592 0 5.25000 10.47500 29.15378 0.10794 -13
-0.16554 -0.02368 43.40946 0 0.72500 6.10000 42.82687 0.10210 -13
-0.50545 -0.13219 14.88484 0 4.02500 16.10000 13.30769 0.11364 -13
0.38545 -0.18013 88.54312 0 5.42500 -10.90000 82.78669 0.10944 13
-0.04047 -0.21807 8.83088 0 6.52500 1.92500 8.82397 0.10312 13
-0.16737 0.08674 64.49593 0 -2.62500 5.12500 63.61755 0.10248 13
-0.88875 -0.00130 67.87494 0 0.02500 28.32500 50.73380 0.13473 13
0.34985 0.08802 43.96150 0 -2.65000 -10.22500 41.51284 0.10705 -13
-0.62610 -0.10013 1.10690 0 2.47500 19.27500 0.93949 0.11959 13
0.29124 -0.19161 92.90150 0 5.77500 -5.65000 89.31946 0.10665 -13
-2.12834 -0.09358 85.38025 0 2.80000 63.70000 36.43753 0.23698 13
-0.41265 0.10330 66.34580 0 -3.10000 11.22500 61.37631 0.10943 -13
0.17672 0.06544 9.68207 0 -2.02500 -6.52500 9.53543 0.10248 13
-1.26221 -0.21154 66.58447 0 6.40000 35.52500 41.90385 0.16357 -13
-0.00791 -0.08497 6.94879 0 2.62500 0.75000 6.94857 0.10110 -13
0.16579 -0.04452 78.91525 0 1.35000 -4.75000 77.85460 0.10218 -13
-0.46352 -0.10976 74.12298 0 3.32500 16.80000 67.32058 0.11155 -13
-0.73874 0.11026 40.19513 0 -3.35000 18.95000 32.39768 0.12570 13
-0.16515 0.07135 24.26460 0 -2.17500 5.65000 23.94200 0.10232 13
-0.07715 -0.22832 94.52724 0 6.87500 2.67500 94.26094 0.10358 13
0.68729 -0.10930 14.72596 0 3.25000 -18.80000 12.15892 0.12268 13
0.04069 -0.04858 19.81966 0 1.45000 -2.37500 19.80330 0.10090 13
-0.32140 0.09533 84.70047 0 -2.87500 7.82500 80.67202 0.10621 13
-0.05423 0.13115 12.55922 0 -4.00000 0.10000 12.54114 0.10173 13
-0.05569 -0.26854 12.55922 0 8.05000 0.15000 12.54114 0.10439 13
-0.73332 -0.16137 60.91327 0 4.85000 22.20000 49.34074 0.12592 13
-0.03708 0.04403 74.65014 0 -1.32500 2.12500 74.59895 0.10087 -13
1.37373 -0.15772 92.08278 0 4.75000 -43.15000 54.62843 0.17184 13
0.90205 -0.10042 7.89163 0 3.12500 -27.12500 5.87289 0.13605 -13
1.85607 -0.10409 50.09606 0 3.15000 -57.40000 23.85930 0.21260 -13
0.54064 -0.05158 39.43729 0 1.57500 -16.50000 34.70226 0.11460 -13
0.32049 -0.09560 9.26576 0 2.82500 -10.60000 8.82742 0.10617 13
0.58843 0.11005 67.07211 0 -3.30000 -17.12500 57.89567 0.11736 -13
-0.98342 -0.10956 32.85646 0 3.32500 32.32500 23.49526 0.14168 -13
-0.79780 -0.18227 39.81829 0 5.47500 24.90000 31.32167 0.13012 13
0.00756 -0.15055 15.14942 0 4.57500 0.80000 15.14900 0.10186 -13
0.17601 0.01184 72.55686 0 -0.35000 -3.45000 71.45863 0.10226 -13
1.10178 -0.05907 58.75920 0 1.80000 -34.32500 39.52822 0.14996 -13
-1.84672 -0.21373 31.30919 0 6.47500 54.62500 15.16628 0.21264 -13
1.15545 -0.22024 55.25565 0 6.62500 -32.85000 36.64799 0.15546 13
0.93975 -0.15595 61.87503 0 4.72500 -29.60000 45.34287 0.13908 -13
1.79225 -0.10667 43.87622 0 3.25000 -56.10000 21.47167 0.20696 -13
0.14501 0.04118 75.05889 0 -1.25000 -5.52500 74.28313 0.10184 13
0.63831 -0.10400 33.49169 0 3.15000 -16.82500 28.27503 0.11993 -13
-0.19468 -0.01932 2.13512 0 0.82500 5.75000 2.09573 0.10276 -13
1.74346 -0.12842 98.66292 0 3.87500 -50.05000 49.39058 0.20283 -13
-1.17552 0.07403 42.88817 0 -2.22500 37.72500 27.83364 0.15559 -13
0.58125 -0.13644 11.68876 0 4.17500 -18.82500 10.12924 0.11731 -13
-0.41178 0.02729 93.35245 0 -0.82500 12.95000 86.32511 0.10894 -13
0.82185 -0.12896 96.02201 0 3.90000 -25.47500 74.42941 0.13100 -13
0.05935 -0.01732 40.75612 0 0.50000 -1.25000 40.68454 0.10089 13
0.42652 -0.23304 72.04638 0 7.05000 -12.57500 66.53457 0.11197 -13
-0.06967 -0.14583 48.54966 0 4.40000 -1.67500 48.43465 0.10200 13
1.36550 -0.20409 87.34891 0 6.17500 -43.52500 52.29497 0.17168 -13
-0.42330 0.12435 39.71300 0 -3.72500 13.20000 36.61365 0.11006 -13
-0.43572 -0.27563 39.71300 0 8.32500 13.57500 36.61365 0.11332 -13
-0.37845 0.07509 23.55169 0 -2.27500 12.87500 22.03476 0.10795 13
1.80735 -0.08305 30.68270 0 2.47500 -55.32500 14.89372 0.20817 13
-0.66158 -0.10131 74.47626 0 3.05000 21.22500 62.20849 0.12118 13
-0.33019 -0.17755 20.14756 0 5.32500 10.22500 19.16065 0.10753 13
0.44606 -0.23686 77.15514 0 7.15000 -14.37500 70.77553 0.11282 -13
-0.66363 -0.11428 48.21970 0 3.45000 20.70000 40.25702 0.12141 -13
1.03085 0.05616 58.82182 0 -1.67500 -29.45000 40.99028 0.14474 -13
1.37458 -0.06896 51.14209 0 2.07500 -40.22500 30.13365 0.17131 13
0.46802 -0.02408 52.13579 0 0.72500 -16.22500 47.22220 0.11122 -13
1.29232 0.04335 46.27397 0 -1.32500 -38.60000 28.33499 0.16462 13
1.70444 0.01585 99.49905 0 -0.50000 -53.85000 50.35480 0.19901 13
-0.21082 0.09496 51.07184 0 -2.87500 6.77500 49.98294 0.10336 13
1.55758 0.09818 91.67677 0 -2.97500 -48.52500 49.69796 0.18666 13
-1.12020 -0.03085 42.80318 0 0.95000 32.57500 28.51243 0.15125 -13
0.26462 -0.20164 17.65706 0 6.05000 -6.12500 17.09144 0.10611 13
0.80748 -0.04585 92.84084 0 1.40000 -23.82500 72.26244 0.12952 -13
0.19155 -0.18384 66.08461 0 5.55000 -5.80000 64.94217 0.10420 -13
-0.96254 0.13141 34.37500 0 -3.97500 28.90000 24.86773 0.14041 13
-0.98810 -0.26826 34.37500 0 8.07500 29.65000 24.86773 0.14410 13
1.94091 -0.06207 53.80343 0 1.90000 -57.67500 24.67965 0.21997 -13
0.20584 0.04274 27.62191 0 -1.30000 -4.17500 27.05562 0.10291 13
2.04300 -0.04118 51.51343 0 1.25000 -64.25000 22.66239 0.22911 -13
1.53861 -0.19000 5.26970 0 5.57500 -47.42500 2.90707 0.18566 13
-0.33149 0.08325 91.46338 0 -2.50000 10.27500 86.84733 0.10642 -13
-1.27120 -0.13550 75.94034 0 4.10000 37.30000 47.21648 0.16345 -13
0.82060 -0.13319 40.77488 0 4.02500 -23.55000 31.63163 0.13097 -13
-0.55134 0.13507 20.50645 0 -4.10000 16.05000 17.99535 0.11581 13
-0.56516 -0.26444 20.50645 0 7.95000 16.47500 17.99535 0.11867 13
-1.85419 0.10050 20.04510 0 -3.07500 54.10000 9.55200 0.21242 13
0.25267 0.11090 70.35200 0 -3.35000 -8.37500 68.23321 0.10447 13
0.21077 0.13876 3.49997 0 -4.32500 -6.57500 3.42606 0.10399 13
0.21588 -0.26050 3.49997 0 7.70000 -6.72500 3.42606 0.10623 13
-0.09372 0.05644 80.00316 0 -1.70000 4.60000 79.65521 0.10130 -13
-0.33893 0.09468 62.21764 0 -2.85000 10.92500 58.95230 0.10675 -13
1.04775 -0.23833 82.41891 0 7.20000 -30.45000 57.72154 0.14783 -13
0.19006 0.05559 9.48938 0 -1.72500 -3.70000 9.32294 0.10267 13
0.26062 -0.01403 68.69802 0 0.42500 -6.07500 66.47773 0.10407 13
-0.79173 -0.10370 97.39008 0 3.12500 24.02500 76.51289 0.12887 -13
-0.64273 -0.21926 19.99244 0 6.57500 19.85000 16.93227 0.12171 13
1.27901 -0.17490 43.84511 0 5.30000 -37.02500 27.25778 0.16446 -13
0.12098 0.10919 86.67855 0 -3.27500 -4.40000 86.05840 0.10203 -13
-0.03176 -0.10031 22.53311 0 3.05000 1.10000 22.52186 0.10126 -13
-1.69559 -0.16355 17.12328 0 4.87500 51.20000 8.78404 0.19886 13
-1.34825 0.03860 62.70644 0 -1.15000 38.45000 37.37345 0.16908 -13
-0.12857 -0.07640 85.64986 0 2.30000 3.90000 84.95458 0.10182 13
0.21139 -0.01482 79.06135 0 0.45000 -6.62500 77.35240 0.10294 -13
1.05242 -0.14722 54.54279 0 4.42500 -30.42500 37.78174 0.14693 13
-0.41529 0.05808 7.50131 0 -1.67500 11.60000 6.92921 0.10920 -13
-0.95922 -0.07323 46.23053 0 2.22500 29.15000 33.40552 0.13975 -13
0.03511 0.02565 22.00989 0 -0.75000 -0.42500 21.99635 0.10080 -13
-0.13929 -0.12120 6.91101 0 3.72500 5.00000 6.84584 0.10245 -13
-1.06292 -0.17872 84.22554 0 5.40000 29.50000 58.19326 0.14807 -13
0.93267 0.11014 47.35213 0 -3.32500 -28.17500 34.72536 0.13816 13
-0.05453 0.09351 22.20879 0 -2.85000 1.77500 22.17612 0.10130 13
-0.74376 0.01516 60.40460 0 -0.47500 23.72500 48.47054 0.12551 13
-1.86901 -0.11297 98.45298 0 3.40000 54.37500 46.67506 0.21376 13
0.87075 -0.02410 18.81135 0 0.75000 -26.60000 14.18845 0.13356 -13
1.48713 -0.04220 89.92794 0 1.27500 -44.17500 50.21202 0.18051 13
0.93252 -0.19614 73.30468 0 5.90000 -29.47500 54.08000 0.13910 13
-0.10246 0.03797 59.96953 0 -1.15000 3.05000 59.65765 0.10130 13
2.12212 -0.01560 42.70985 0 0.50000 -63.52500 18.20831 0.23626 -13
1.98709 -0.00797 8.03861 0 0.37500 -63.75000 3.61375 0.22404 -13
0.06891 -0.19988 33.31934 0 6.05000 -0.25000 33.24351 0.10293 -13
0.65025 -0.11076 21.66826 0 3.37500 -21.17500 18.19827 0.12065 -13
-1.25798 -0.04944 80.73729 0 1.50000 40.52500 50.27786 0.16191 -13
0.38107 0.05354 97.35991 0 -1.60000 -10.25000 90.99475 0.10790 -13
1.04837 0.03010 1.15315 0 -0.30000 -31.17500 0.79619 0.14648 -13
-0.77906 -0.15927 53.98185 0 4.82500 22.00000 42.78441 0.12867 -13
-1.28185 -0.18857 42.28809 0 5.70000 38.50000 26.29264 0.16484 -13
0.09485 0.00063 13.88869 0 0.02500 -1.40000 13.82662 0.10116 -13
0.27226 0.02717 78.83056 0 -0.82500 -8.55000 76.06387 0.10440 -13
-0.87700 0.11703 98.44559 0 -3.52500 24.82500 74.23264 0.13446 -13
-1.80876 -0.21751 23.00663 0 6.60000 53.72500 11.33003 0.20934 -13
1.27941 -0.10017 44.50096 0 3.05000 -40.82500 27.48988 0.16385 -13
-1.07499 -0.06848 14.74646 0 2.02500 33.37500 10.05708 0.14799 13
0.72615 -0.15458 17.08540 0 4.62500 -24.00000 13.88084 0.12540 13
-0.20139 0.03812 75.29342 0 -1.15000 8.00000 73.81356 0.10279 -13
-0.11879 0.07355 23.15558 0 -2.25000 1.67500 22.99479 0.10169 13
1.26342 -0.05086 52.58364 0 1.52500 -40.22500 32.66036 0.16233 13
0.94622 -0.05608 19.89982 0 1.72500 -26.67500 14.46508 0.13877 -13
2.21243 0.09114 98.09520 0 -2.72500 -64.12500 40.54124 0.24467 -13
-0.41240 -0.20669 22.46846 0 6.25000 11.17500 20.83342 0.11092 -13
0.66106 0.06493 81.61935 0 -1.97500 -20.30000 68.13098 0.12090 13
-0.66643 -0.24505 33.74201 0 7.40000 20.82500 28.32598 0.12353 -13
-1.23570 0.05103 45.24581 0 -1.55000 37.65000 28.48484 0.16018 13
-0.20252 0.08134 30.69856 0 -2.45000 3.80000 30.09189 0.10307 -13
-0.37842 0.00943 58.16340 0 -0.27500 9.75000 54.39891 0.10768 -13
0.96289 0.05160 95.90845 0 -1.55000 -30.42500 69.13131 0.13989 -13
0.64244 0.02861 54.46505 0 -0.85000 -19.20000 45.82906 0.11973 -13
0.99816 -0.07438 45.73672 0 2.25000 -30.50000 32.41512 0.14249 -13
-1.26708 -0.09773 61.16693 0 2.92500 39.42500 38.00486 0.16284 13
-0.17109 -0.16987 7.81271 0 5.20000 4.52500 7.70393 0.10364 -13
-0.38438 -0.20800 54.62882 0 6.27500 12.22500 51.12794 0.10991 -13
-1.14786 -0.11785 6.53201 0 3.67500 36.15000 4.30790 0.15385 -13
-1.48221 -0.10852 81.30402 0 3.27500 45.90000 45.65532 0.18040 -13
-0.56676 0.10999 25.96753 0 -3.30000 16.92500 22.62444 0.11627 -13
-1.53723 0.08251 25.68909 0 -2.52500 47.45000 14.04156 0.18488 13
0.85540 -0.04175 16.17986 0 1.22500 -26.52500 12.29980 0.13258 13
0.15103 0.13461 61.21373 0 -4.05000 -5.77500 60.53933 0.10274 -13
0.15484 -0.26482 61.21373 0 8.00000 -5.87500 60.53933 0.10534 -13
1.96943 -0.12476 38.25565 0 3.72500 -59.92500 17.42688 0.22275 13
-1.03799 -0.22958 82.11194 0 6.92500 31.65000 57.72365 0.14699 -13
-0.55847 -0.18073 60.82347 0 5.45000 15.42500 53.30408 0.11678 -13
-1.21521 -0.01759 45.67722 0 0.52500 36.50000 29.02689 0.15849 13
0.48896 -0.14736 15.09481 0 4.40000 -15.00000 13.58818 0.11306 13
0.12815 -0.16178 2.63942 0 5.07500 -4.95000 2.61855 0.10302 -13
0.75138 -0.14437 14.28455 0 4.40000 -21.80000 11.46230 0.12683 -13
0.48682 -0.21913 90.28522 0 6.60000 -12.85000 81.53581 0.11415 13
-1.13738 0.03810 70.88314 0 -1.15000 35.60000 46.82341 0.15256 13
-0.52759 -0.06403 79.80038 0 1.92500 18.30000 70.61082 0.11404 13
0.29253 -0.04038 44.24101 0 1.20000 -6.77500 42.46414 0.10500 13
1.58938 -0.06644 34.98586 0 1.97500 -47.27500 18.66067 0.18921 13
-0.48005 -0.08462 59.88418 0 2.55000 13.45000 54.02198 0.11203 13
-0.62141 -0.07196 24.47978 0 2.15000 16.62500 20.80711 0.11878 13
-0.48807 -0.13660 40.84988 0 4.12500 14.87500 36.77557 0.11290 -13
1.66084 -0.15685 27.67998 0 4.77500 -51.42500 14.40466 0.19591 -13
-1.26655 -0.04305 68.67782 0 1.30000 37.97500 42.58305 0.16257 -13
-0.48904 0.04106 10.39096 0 -1.17500 14.65000 9.33577 0.11218 -13
-1.89207 -0.04171 20.06440 0 1.30000 59.30000 9.38282 0.21555 -13
-2.08834 -0.09142 24.16599 0 2.70000 63.90000 10.47304 0.23330 13
1.26866 -0.00577 95.28461 0 0.17500 -35.52500 58.98614 0.16267 13
-0.19516 -0.07578 31.25382 0 2.30000 5.37500 30.67830 0.10289 -13
0.40081 0.12821 8.27005 0 -3.92500 -10.45000 7.68503 0.10929 13
0.41192 -0.27169 8.27005 0 8.12500 -10.80000 7.68503 0.11225 13
-1.94007 -0.03734 86.19271 0 1.12500 60.12500 39.51162 0.21983 -13
0.09250 -0.21407 80.85354 0 6.45000 -4.15000 80.52473 0.10340 13
0.40707 -0.16405 38.78157 0 4.95000 -12.17500 35.98662 0.10999 -13
0.80423 -0.03697 17.40394 0 1.15000 -23.42500 13.56565 0.12929 -13
-1.78652 -0.00711 89.13385 0 0.22500 55.07500 43.53703 0.20618 -13
-0.46173 0.03389 81.88289 0 -1.02500 11.72500 74.34833 0.11097 -13
-0.57787 -0.17657 49.03164 0 5.32500 17.52500 42.61451 0.11765 13
-0.12071 0.03999 43.44504 0 -1.22500 2.27500 43.13253 0.10152 13
-1.59632 0.00948 16.78105 0 -0.22500 49.52500 8.90868 0.18970 -13
-0.23488 -0.03045 90.58967 0 0.92500 8.47500 88.19186 0.10349 13
1.87767 -0.00009 59.25592 0 -0.02500 -56.35000 27.85389 0.21423 13
-0.38897 -0.14649 55.77861 0 4.40000 13.95000 52.05654 0.10905 13
1.01736 -0.10455 71.88950 0 3.15000 -33.15000 50.53320 0.14404 13
-0.39328 -0.09347 93.77861 0 2.82500 9.20000 87.32263 0.10862 13
0.56658 -0.20130 21.06170 0 6.10000 -18.90000 18.41191 0.11753 -13
0.08423 -0.14110 59.33362 0 4.27500 -3.75000 59.12833 0.10206 -13
-0.40051 -0.05981 75.72059 0 1.80000 14.22500 70.30958 0.10865 -13
-1.31414 -0.23821 15.15815 0 7.25000 38.32500 9.33916 0.16809 -13
0.56439 -0.15287 80.39089 0 4.62500 -16.82500 70.20430 0.11666 -13
-0.76359 0.03165 52.26798 0 -0.95000 21.97500 41.54957 0.12674 -13
-0.45432 0.13637 41.81025 0 -4.12500 12.95000 38.12556 0.11147 13
-0.46546 -0.26300 41.81025 0 7.92500 13.27500 38.12556 0.11418 13
-1.85775 -0.04478 8.78702 0 1.22500 53.30000 4.16860 0.21246 13
-1.96331 -0.12574 9.65394 0 3.67500 59.52500 4.40921 0.22214 13
-1.51335 -0.14101 88.39894 0 4.27500 46.92500 49.06890 0.18323 -13
-0.07774 -0.04411 19.12186 0 1.35000 2.70000 19.06441 0.10111 -13
0.81642 0.07606 58.25094 0 -2.27500 -22.25000 45.17463 0.13023 -13
-0.61606 -0.01679 42.82450 0 0.50000 20.22500 36.46225 0.11829 13
0.07705 -0.05781 45.25561 0 1.75000 0.92500 45.12232 0.10117 -13
-1.23153 -0.20013 51.80178 0 6.02500 37.07500 33.03951 0.16100 13
1.43285 -0.10886 6.22349 0 3.15000 -42.90000 3.57657 0.17620 13
1.79859 -0.01606 75.85935 0 0.47500 -54.65000 36.86630 0.20725 13
1.19757 -0.00745 37.42699 0 0.25000 -34.62500 23.98905 0.15712 -13
0.51620 -0.23041 9.49494 0 6.90000 -15.92500 8.48225 0.11564 13
-0.23162 0.03042 5.20257 0 -0.82500 7.90000 5.06849 0.10343 -13
0.02965 -0.19205 1.08249 0 6.27500 -2.62500 1.08202 0.10339 -13
-0.33026 0.13173 23.20677 0 -4.00000 8.20000 22.05446 0.10689 13
-0.33899 -0.26789 23.20677 0 8.05000 8.47500 22.05446 0.10968 13
0.41197 -0.18714 34.22728 0 5.62500 -12.57500 31.72502 0.11052 13
-0.06392 0.06205 2.10368 0 -2.10000 1.87500 2.09941 0.10128 13
0.48429 -0.05185 35.28445 0 1.55000 -14.65000 31.76447 0.11201 13
0.45818 0.12853 82.69798 0 -3.87500 -13.40000 75.28845 0.11153 13
0.47085 -0.27126 82.69798 0 8.17500 -13.77500 75.28845 0.11461 13
-0.89221 0.07869 91.37904 0 -2.37500 27.00000 68.27802 0.13518 -13
0.56939 -0.15499 74.35821 0 4.67500 -19.00000 64.80437 0.11693 13
0.21577 -0.13176 3.84448 0 3.85000 -4.35000 3.75934 0.10386 13
-0.56790 -0.08215 33.33472 0 2.50000 16.67500 29.01021 0.11611 -13
-0.65270 0.01595 64.99489 0 -0.50000 20.65000 54.42963 0.12027 13
-0.48219 -0.21784 62.48569 0 6.55000 14.77500 56.52586 0.11392 13
0.57749 -0.20747 31.63923 0 6.27500 -17.50000 27.54126 0.11817 -13
0.97162 0.09298 80.85771 0 -2.80000 -30.30000 58.11321 0.14072 -13
0.04049 -0.14416 82.81286 0 4.35000 -0.67500 82.74645 0.10183 -13
-0.56652 -0.00919 40.74233 0 0.30000 14.22500 35.44935 0.11574 -13
-0.70954 -0.22446 35.92772 0 6.75000 21.52500 29.53927 0.12551 13
-1.30864 -0.21632 63.86142 0 6.55000 37.32500 39.33381 0.16729 -13
0.33166 0.14869 2.10574 0 -4.25000 -9.22500 2.00081 0.10716 -13
0.33778 -0.24969 2.10574 0 7.80000 -9.47500 2.00081 0.10961 -13
-0.15753 -0.16927 56.87520 0 5.12500 3.75000 56.20136 0.10337 -13
-0.42609 -0.09396 34.47729 0 2.82500 15.07500 31.73948 0.10987 13
0.77621 0.06288 77.66856 0 -1.90000 -21.22500 61.40024 0.12763 -13
-0.35662 0.05195 14.78985 0 -1.52500 12.42500 13.93275 0.10704 -13
-2.12847 -0.16702 26.89965 0 5.00000 62.57500 11.56823 0.23735 13
1.25130 0.11030 88.03876 0 -3.32500 -38.07500 55.16487 0.16167 -13
0.36618 0.13806 68.96260 0 -4.15000 -8.45000 64.82955 0.10814 -13
0.37491 -0.26120 68.96260 0 7.87500 -8.72500 64.82955 0.11072 -13
-0.94935 -0.23006 48.67307 0 6.95000 30.65000 35.72795 0.14079 -13
1.52206 -0.23214 85.90908 0 7.02500 -45.85000 48.03838 0.18489 -13
-0.49844 -0.17129 5.26577 0 5.27500 16.45000 4.72635 0.11392 -13
-0.19867 -0.03196 71.57735 0 0.95000 7.35000 70.20662 0.10272 13
1.79072 0.11316 99.47314 0 -3.40000 -52.55000 48.73579 0.20685 -13
0.29647 0.00029 43.74859 0 -0.02500 -7.35000 41.94413 0.10504 13
0.48632 0.04516 59.90386 0 -1.37500 -16.40000 53.88181 0.11207 13
-0.44947 -0.13713 94.29085 0 4.12500 11.62500 86.13649 0.11127 13
-0.43521 -0.20831 98.29128 0 6.30000 14.40000 90.42560 0.11182 -13
0.76462 -0.08925 75.27249 0 2.70000 -21.50000 59.88288 0.12709 -13
-2.05019 0.12482 59.22129 0 -3.77500 62.27500 26.12430 0.23008 13
-2.11002 -0.27519 59.22129 0 8.27500 64.07500 26.12430 0.23674 13
1.32820 0.04691 82.93535 0 -1.40000 -41.65000 49.91951 0.16749 -13
0.98865 0.05444 73.95387 0 -1.62500 -29.35000 52.63003 0.14171 -13
-0.09921 0.11774 92.54813 0 -3.55000 2.07500 92.10215 0.10189 -13
-0.69050 -0.17762 99.25149 0 5.35000 21.65000 82.07895 0.12367 13
0.83953 0.04817 39.41626 0 -1.45000 -27.12500 30.20226 0.13158 -13
0.62819 -0.15502 7.97983 0 4.75000 -20.02500 6.77963 0.12000 -13
-0.14352 -0.09743 62.27805 0 2.92500 8.57500 61.65230 0.10220 13
-1.87668 0.14509 2.36834 0 -3.90000 55.87500 1.12278 0.21442 -13
-1.91824 -0.25289 2.36834 0 8.12500 57.40000 1.12278 0.22024 -13
1.71586 -0.05013 19.62455 0 1.45000 -52.95000 9.89044 0.20004 13
-0.27766 -0.22919 92.46798 0 6.92500 8.90000 89.25673 0.10703 -13
0.03466 -0.13219 68.43222 0 4.00000 -1.17500 68.39186 0.10164 -13
0.27105 0.08112 51.50029 0 -2.42500 -8.15000 49.71765 0.10465 -13
-0.22922 0.01211 28.47974 0 -0.35000 5.82500 27.75991 0.10332 -13
0.22341 0.13602 78.36886 0 -4.10000 -4.72500 76.51636 0.10409 -13
0.22892 -0.26334 78.36886 0 7.95000 -4.90000 76.51636 0.10666 -13
-0.27708 -0.83676 78.36886 0 -4.00000 -4.70000 76.51636 0.10420 -13
0.17251 0.84852 78.36886 0 -2.60000 -4.22500 76.51636 0.11072 -13
-1.51936 -0.55541 78.36886 0 -3.82500 -5.82500 76.51636 0.12213 -13
-2.72268 -5.21780 78.36886 0 -3.55000 -5.40000 76.51636 0.12377 -13
0.68059 1.06902 78.36886 0 -3.07500 -4.82500 76.51636 0.12850 -13
-0.24875 0.58710 78.36886 0 -3.05000 -4.77500 76.51636 0.12913 -13
0.21631 0.07034 17.41464 0 -2.10000 -7.72500 17.02282 0.10327 -13
