0.33760 -0.23633 69.85071 0 7.12500 -10.25000 66.36078 0.10892 -13
-0.32698 -0.09244 55.32743 0 2.77500 11.85000 52.60907 0.10636 13
-0.00962 0.08678 67.42221 0 -2.62500 3.00000 67.41911 0.10109 13
0.00298 -0.07108 61.26215 0 2.12500 0.05000 61.26188 0.10095 13
0.63067 -0.14928 28.65129 0 4.52500 -20.12500 24.30971 0.12001 -13
-0.38630 -0.01208 14.80877 0 0.40000 12.62500 13.81386 0.10797 -13
-2.08169 0.11880 12.52818 0 -3.50000 62.90000 5.45175 0.23297 -13
1.31196 0.02611 40.98045 0 -0.80000 -39.10000 24.84783 0.16615 13
-0.56741 -0.22425 31.60042 0 6.75000 16.95000 27.64574 0.11795 13
1.61885 -0.09815 89.07556 0 2.97500 -48.40000 46.97565 0.19188 -13
-0.16216 -0.00718 10.76187 0 0.17500 5.87500 10.62310 0.10202 13
-0.24617 -0.13819 26.38983 0 4.17500 6.30000 25.63847 0.10465 -13
-1.68783 -0.03749 28.65949 0 1.10000 50.32500 14.61610 0.19759 13
-0.91602 -0.16850 65.06611 0 5.07500 27.92500 48.28407 0.13761 13
0.33659 0.05062 18.71219 0 -1.55000 -11.32500 17.73674 0.10638 13
-0.16173 -0.22282 55.40113 0 6.70000 2.65000 54.72345 0.10444 13
0.42868 0.12478 57.55520 0 -3.77500 -14.47500 52.96277 0.11029 13
0.44122 -0.27522 57.55520 0 8.30000 -14.85000 52.96277 0.11349 13
-0.83918 -0.11745 49.99099 0 3.52500 28.62500 38.40180 0.13199 13
0.84983 -0.10735 86.41498 0 3.22500 -27.50000 66.00655 0.13259 13
-0.28850 -0.05495 42.01676 0 1.65000 9.70000 40.37504 0.10495 13
-0.08452 -0.24046 18.35783 0 7.22500 4.72500 18.29617 0.10390 13
1.03719 -0.19684 9.06700 0 5.85000 -34.77500 6.35527 0.14637 13
0.05542 0.04371 14.80664 0 -1.27500 -2.80000 14.78403 0.10095 -13
-0.45463 -0.07781 99.35613 0 2.35000 13.87500 90.49404 0.11090 13
-0.02476 0.07418 88.72532 0 -2.22500 -0.12500 88.69828 0.10101 -13
-1.11496 -0.12942 92.58726 0 3.90000 30.00000 62.10435 0.15138 13
-1.56910 -0.18217 25.89133 0 5.45000 48.35000 14.07733 0.18823 13
-0.15386 -0.09533 17.19315 0 2.90000 5.22500 16.99498 0.10235 -13
0.34403 0.03655 18.89902 0 -1.12500 -8.20000 17.87236 0.10657 13
0.57760 -0.14358 58.66539 0 4.32500 -17.85000 50.92896 0.11718 13
-0.99122 0.01283 79.27030 0 -0.37500 31.32500 56.30124 0.14180 -13
1.00516 -0.09119 58.68306 0 2.75000 -32.90000 41.47425 0.14307 13
-0.57289 -0.23572 61.38806 0 7.10000 15.37500 53.61525 0.11845 13
0.71561 0.13981 27.00811 0 -4.20000 -20.45000 22.03527 0.12462 -13
0.73226 -0.25938 27.00811 0 7.85000 -20.97500 22.03527 0.12754 -13
-0.77826 -0.15260 70.24070 0 4.62500 21.87500 55.67138 0.12853 -13
0.45168 -0.00839 3.51116 0 0.40000 -10.90000 3.19984 0.11056 -13
0.30517 0.03537 14.42215 0 -1.02500 -8.72500 13.79483 0.10535 -13
-0.89847 -0.01757 34.12225 0 0.55000 26.65000 25.38417 0.13540 -13
-1.30258 0.07001 42.09517 0 -2.10000 36.80000 25.67270 0.16552 -13
-1.14507 -0.21870 91.18808 0 6.60000 37.02500 60.77358 0.15468 -13
-0.76523 -0.06532 45.87997 0 1.95000 22.07500 36.46410 0.12698 13
0.20455 -0.14394 50.06505 0 4.35000 -7.15000 49.06950 0.10381 -13
-0.87851 0.14642 63.78284 0 -4.42500 25.57500 48.13849 0.13486 13
-0.89651 -0.25250 63.78284 0 7.60000 26.10000 48.13849 0.13761 13
-0.23603 0.09455 30.41014 0 -2.82500 5.60000 29.60383 0.10390 -13
1.61265 0.03038 20.46788 0 -0.87500 -44.07500 10.78957 0.19111 -13
-0.33734 -0.09802 69.08292 0 2.95000 10.12500 65.49091 0.10673 13
-0.62896 -0.02239 98.09524 0 0.67500 18.75000 83.04242 0.11899 -13
0.64176 -0.15453 20.61930 0 4.62500 -17.20000 17.41216 0.12065 13
-0.33984 0.07123 98.47204 0 -2.15000 9.30000 93.25956 0.10660 13
1.54202 -0.11592 59.05076 0 3.50000 -45.67500 32.27988 0.18546 -13
-0.24080 0.05073 72.93962 0 -1.52500 6.97500 70.91776 0.10371 13
0.06178 0.13795 28.05024 0 -4.17500 -2.27500 27.99786 0.10185 13
0.06328 -0.26136 28.05024 0 7.87500 -2.32500 27.99786 0.10426 13
-0.18573 0.09249 93.07746 0 -2.80000 6.40000 91.52554 0.10285 13
0.29109 -0.14703 51.16737 0 4.42500 -10.60000 49.16886 0.10592 13
-0.80026 -0.19500 79.78353 0 5.87500 24.60000 62.74241 0.13046 13
-0.08547 0.06895 57.87017 0 -2.07500 4.22500 57.66091 0.10131 -13
0.24011 -0.06364 17.93333 0 1.95000 -5.85000 17.43951 0.10377 -13
0.80526 -0.09228 96.31360 0 2.77500 -23.97500 75.14046 0.12962 13
-0.67029 0.00201 13.57255 0 -0.10000 21.55000 11.27408 0.12124 13
1.79013 -0.14622 27.68297 0 4.37500 -52.85000 13.60923 0.20699 13
0.75945 -0.18449 39.88515 0 5.57500 -24.92500 31.95670 0.12782 -13
-0.43420 -0.17860 17.95532 0 5.42500 15.55000 16.51030 0.11127 -13
0.25374 -0.18978 82.06594 0 5.72500 -6.92500 79.62912 0.10564 -13
-1.06362 -0.10104 54.01860 0 3.02500 31.57500 37.10158 0.14736 13
1.28967 0.01527 28.87000 0 -0.42500 -39.17500 17.69211 0.16435 -13
-0.51039 -0.13232 11.14430 0 3.95000 15.02500 9.94390 0.11383 13
-0.59394 -0.07526 7.93640 0 2.35000 16.92500 6.82864 0.11740 -13
0.25551 0.08892 64.49256 0 -2.67500 -11.02500 62.50029 0.10432 -13
0.35215 0.11869 5.64939 0 -3.47500 -8.12500 5.33279 0.10741 -13
-1.54069 -0.00372 67.61109 0 0.12500 47.30000 36.81029 0.18497 -13
0.11829 0.00821 41.62888 0 -0.22500 -4.77500 41.34072 0.10141 -13
-0.18320 0.02244 2.45807 0 -0.87500 4.52500 2.41785 0.10251 13
0.23308 -0.24101 70.80614 0 7.27500 -4.92500 69.05553 0.10621 13
0.51158 -0.10374 24.43957 0 3.10000 -18.12500 21.78210 0.11359 13
-1.04174 -0.18379 70.20409 0 5.55000 29.22500 49.03579 0.14661 -13
1.35770 -0.20857 50.78770 0 6.27500 -42.20000 30.53492 0.17108 13
-0.30567 0.04371 57.05403 0 -1.30000 9.50000 54.56649 0.10539 -13
-0.09302 -0.03861 82.31103 0 1.15000 1.90000 81.95773 0.10122 13
-0.51729 -0.13691 75.86775 0 4.12500 14.97500 67.51663 0.11422 -13
0.15336 -0.06925 33.48771 0 2.10000 -2.30000 33.10255 0.10212 -13
-0.12132 -0.01634 12.82167 0 0.45000 3.42500 12.72837 0.10145 13
1.41489 -0.10014 46.02925 0 3.00000 -43.65000 26.65518 0.17476 13
0.54334 -0.10528 9.50638 0 3.22500 -18.40000 8.36335 0.11513 -13
0.52692 -0.13713 25.82027 0 4.12500 -17.02500 22.88927 0.11465 13
1.88968 -0.08668 69.76846 0 2.62500 -55.92500 32.72872 0.21549 -13
-0.19999 -0.20547 11.84784 0 6.25000 6.15000 11.62687 0.10479 -13
-0.15966 -0.06086 91.30750 0 1.82500 6.75000 90.16963 0.10216 13
0.24439 -0.13044 12.00527 0 3.97500 -9.67500 11.66773 0.10452 -13
0.12221 -0.09549 96.31815 0 2.87500 -4.52500 95.61311 0.10190 13
-0.09976 0.13174 94.47142 0 -3.97500 3.12500 94.01276 0.10207 13
-0.10239 -0.26787 94.47142 0 8.07500 3.22500 94.01276 0.10476 13
0.24877 0.08561 75.51159 0 -2.57500 -8.17500 73.29374 0.10413 -13
1.39890 -0.06575 37.99448 0 2.00000 -41.12500 22.12758 0.17330 -13
0.86293 -0.16906 34.73964 0 5.07500 -27.07500 26.45868 0.13408 13
1.17728 -0.07491 55.45537 0 2.25000 -35.85000 35.95967 0.15573 13
1.29221 0.00629 68.77341 0 -0.17500 -38.32500 42.09086 0.16454 -13
0.28991 0.09154 41.70424 0 -2.75000 -6.37500 40.06798 0.10525 -13
0.41997 -0.02633 41.78782 0 0.80000 -11.75000 38.52998 0.10926 -13
0.11847 0.13647 28.85692 0 -4.10000 -4.97500 28.66013 0.10233 -13
0.12143 -0.26288 28.85692 0 7.95000 -5.05000 28.66013 0.10486 -13
-1.97872 -0.13191 59.39435 0 3.95000 59.60000 26.97478 0.22364 13
0.30842 -0.13593 38.54164 0 4.12500 -8.35000 36.85870 0.10627 -13
-1.27733 -0.23179 69.23333 0 6.97500 40.30000 43.36921 0.16501 13
0.33622 -0.17434 16.33486 0 5.22500 -10.85000 15.50632 0.10767 13
-0.22823 -0.01280 62.12585 0 0.37500 7.00000 60.56869 0.10330 13
-1.43436 0.11002 92.06850 0 -3.30000 41.92500 52.86721 0.17643 -13
-0.73257 -0.19383 83.55208 0 5.85000 23.00000 67.83144 0.12634 13
-1.60928 -0.05224 99.53979 0 1.57500 46.65000 52.58899 0.19086 13
-0.35403 -0.01301 64.44435 0 0.37500 9.42500 60.75017 0.10684 13
-0.23912 0.08545 66.70972 0 -2.57500 8.45000 64.89329 0.10389 -13
1.10847 -0.11072 93.96299 0 3.35000 -32.40000 63.15197 0.15075 -13
-1.31499 0.05267 9.90567 0 -1.50000 40.25000 6.00141 0.16643 -13
0.17154 0.13015 6.79663 0 -4.00000 -5.00000 6.70035 0.10306 13
0.17614 -0.26957 6.79663 0 8.05000 -5.15000 6.70035 0.10574 13
-0.57892 -0.03221 89.77748 0 0.97500 16.57500 77.70673 0.11641 -13
-1.99866 -0.12852 20.79132 0 3.82500 58.97500 9.36427 0.22538 13
-0.61044 0.07692 20.15618 0 -2.30000 18.30000 17.21770 0.11823 -13
-0.58459 0.00125 21.59820 0 -0.00000 18.27500 18.64597 0.11665 -13
0.57363 0.06379 15.87893 0 -1.95000 -16.55000 13.78036 0.11629 13
1.06184 -0.11576 52.62269 0 3.47500 -32.57500 36.20459 0.14734 13
-1.05982 -0.05909 59.20632 0 1.77500 30.40000 40.66988 0.14685 13
-0.24065 -0.00964 52.02062 0 0.27500 5.50000 50.57674 0.10358 13
-0.48272 0.05136 56.34138 0 -1.55000 13.37500 50.75160 0.11195 13
0.95517 -0.18419 94.89044 0 5.55000 -28.15000 69.16156 0.14048 13
1.58590 -0.12392 47.09162 0 3.75000 -49.07500 25.25442 0.18924 -13
0.26022 -0.00514 59.49496 0 0.15000 -6.40000 57.57750 0.10406 13
-0.67515 -0.13459 34.62436 0 4.05000 19.12500 28.77662 0.12225 13
-0.28305 -0.20968 77.76272 0 6.32500 8.90000 74.94030 0.10677 -13
-0.03862 -0.05922 1.34339 0 1.45000 0.77500 1.34233 0.10121 13
1.85966 -0.17635 60.23211 0 5.35000 -58.05000 28.86559 0.21339 -13
-0.28241 0.10697 32.89125 0 -3.25000 8.22500 31.66648 0.10520 13
-0.28112 0.05513 68.79940 0 -1.65000 9.87500 66.23928 0.10475 -13
-1.10516 -0.02975 62.64893 0 0.87500 33.22500 42.04419 0.15012 13
0.11997 -0.21533 36.01606 0 6.47500 -0.60000 35.77086 0.10371 13
-0.28393 0.04402 31.39356 0 -1.30000 8.60000 30.20218 0.10478 -13
-0.69438 -0.14613 69.03306 0 4.40000 21.55000 56.89708 0.12348 13
0.71321 0.00592 35.99404 0 -0.20000 -21.00000 29.30462 0.12369 13
0.43720 -0.25147 4.32198 0 7.45000 -13.72500 3.97890 0.11271 13
1.17379 -0.13119 78.97005 0 3.97500 -33.92500 51.46483 0.15585 -13
1.20656 -0.02935 56.85921 0 0.87500 -38.75000 36.29245 0.15784 13
-0.80963 0.09600 86.71920 0 -2.87500 22.85000 67.52112 0.12992 -13
-1.75776 0.01503 12.54330 0 -0.37500 54.95000 6.20273 0.20368 -13
-0.26192 -0.06080 79.35084 0 1.82500 10.45000 76.77057 0.10428 13
0.37513 -0.06031 76.77455 0 1.82500 -12.35000 71.89916 0.10773 -13
-2.04862 -0.18865 53.84695 0 5.72500 62.05000 23.95632 0.23038 -13
1.10650 -0.23566 63.86088 0 7.12500 -30.85000 43.45289 0.15207 -13
0.92330 0.11167 39.73949 0 -3.37500 -25.45000 29.27995 0.13753 13
-0.67406 -0.00675 89.35730 0 0.20000 19.75000 74.09657 0.12145 13
0.58839 0.12073 95.90110 0 -3.65000 -17.30000 82.80801 0.11747 13
0.60653 -0.27952 95.90110 0 8.42500 -17.85000 82.80801 0.12109 13
-0.77926 0.13710 54.46782 0 -4.12500 21.42500 43.11339 0.12841 -13
-0.79816 -0.26221 54.46782 0 7.92500 21.97500 43.11339 0.13154 -13
-0.88197 0.13212 94.71639 0 -4.00000 25.20000 71.30420 0.13494 13
-0.90510 -0.26747 94.71639 0 8.05000 25.90000 71.30420 0.13846 13
0.84552 -0.22995 38.54607 0 6.92500 -25.62500 29.74734 0.13387 13
0.54674 -0.19483 21.60655 0 5.85000 -15.60000 19.03809 0.11642 13
0.34956 -0.03261 27.91310 0 0.97500 -8.90000 26.35114 0.10673 13
-1.55785 -0.22111 35.65625 0 6.70000 49.85000 19.58747 0.18778 -13
0.99527 -0.03430 38.30549 0 1.05000 -28.62500 27.15800 0.14212 -13
0.03514 -0.08763 11.18192 0 2.67500 -1.60000 11.17508 0.10117 -13
1.27323 0.07433 68.77284 0 -2.25000 -39.40000 42.55127 0.16322 13
1.74774 0.07773 54.99136 0 -2.32500 -52.00000 27.37217 0.20292 -13
-0.49725 -0.11361 6.66703 0 3.35000 13.55000 5.97701 0.11303 13
0.61061 -0.05029 81.42436 0 1.52500 -18.90000 69.51717 0.11810 -13
-0.43586 -0.20348 4.67721 0 6.02500 13.07500 4.30141 0.11169 13
-0.23034 0.08272 91.89864 0 -2.50000 7.85000 89.56884 0.10367 -13
0.32082 -0.08060 61.03617 0 2.45000 -10.95000 58.13578 0.10607 -13
2.00831 -0.23880 2.98825 0 6.82500 -58.65000 1.36111 0.22681 13
-1.82931 0.02710 33.88152 0 -0.85000 56.80000 16.25562 0.20997 13
0.98714 -0.16942 68.43585 0 5.12500 -28.15000 49.04283 0.14254 -13
-0.82206 -0.06504 80.50087 0 1.97500 24.25000 62.23862 0.13053 -13
0.02596 -0.24291 27.38032 0 7.30000 1.35000 27.37162 0.10365 13
-0.66420 -0.18056 12.20084 0 5.40000 19.85000 10.21211 0.12223 13
-1.53029 -0.12322 62.17154 0 3.72500 47.50000 34.18985 0.18451 -13
1.82776 0.05458 88.57490 0 -1.62500 -52.37500 42.56207 0.20988 -13
1.30324 -0.24545 68.42471 0 7.40000 -41.15000 42.41977 0.16724 13
0.05327 -0.17943 86.67122 0 5.40000 -2.10000 86.55229 0.10245 13
1.36117 0.05106 5.57108 0 -1.40000 -42.60000 3.30078 0.17018 -13
-0.29103 -0.22707 8.09033 0 6.77500 11.27500 7.78297 0.10730 13
-1.12999 -0.24546 30.59271 0 7.42500 31.17500 20.60508 0.15399 -13
-1.28785 -0.20331 49.86618 0 6.12500 41.75000 30.96905 0.16545 13
-0.81536 0.04018 62.18343 0 -1.20000 22.25000 48.20958 0.13000 -13
-0.33831 0.11206 66.49666 0 -3.40000 11.12500 63.02969 0.10691 13
-1.78546 0.00573 99.89229 0 -0.17500 54.22500 48.81330 0.20608 -13
1.01346 -0.00563 23.61120 0 0.15000 -31.95000 16.58389 0.14338 13
0.45419 0.06624 72.35163 0 -2.00000 -17.75000 65.89984 0.11081 13
-0.53078 -0.11186 36.31802 0 3.40000 14.40000 32.12266 0.11457 -13
-1.81558 0.13397 94.28314 0 -4.02500 54.27500 45.79790 0.20916 -13
-1.86181 -0.26548 94.28314 0 8.02500 55.67500 45.79790 0.21452 -13
1.36977 0.07033 10.81357 0 -2.05000 -42.42500 6.38642 0.17091 -13
-0.09557 -0.04507 4.59942 0 1.47500 2.62500 4.57862 0.10131 -13
0.91374 -0.17376 75.81287 0 5.22500 -29.87500 56.34375 0.13752 13
0.79040 -0.04856 63.38347 0 1.47500 -23.57500 49.74847 0.12846 -13
-0.07872 -0.08147 52.50046 0 2.47500 3.12500 52.33962 0.10135 -13
-1.68901 0.13961 61.51702 0 -4.22500 51.60000 31.56530 0.19817 13
-1.72827 -0.25961 61.51702 0 7.82500 52.75000 31.56530 0.20274 13
-0.78529 -0.13571 83.95783 0 4.07500 23.20000 66.25978 0.12877 13
-0.78802 0.03836 91.58697 0 -1.15000 21.95000 71.95614 0.12827 -13
-0.15380 -0.18431 86.17461 0 5.57500 2.92500 85.20522 0.10357 -13
-0.14115 0.08126 22.70743 0 -2.42500 3.45000 22.48603 0.10203 -13
1.46121 0.09701 90.95225 0 -2.92500 -44.45000 51.53124 0.17857 -13
-0.78739 0.12546 13.28476 0 -3.82500 27.25000 10.46916 0.12882 13
-0.81023 -0.27456 13.28476 0 8.22500 27.92500 10.46916 0.13247 13
-0.95898 -0.14347 93.99244 0 4.32500 28.75000 68.16931 0.14027 13
0.82897 -0.02735 65.66335 0 0.82500 -24.87500 50.55987 0.13084 -13
-0.49635 -0.22495 86.69327 0 6.77500 13.37500 78.02620 0.11468 13
1.50302 -0.09358 57.35808 0 2.82500 -43.55000 31.86863 0.18204 -13
-2.03014 -0.00428 37.34018 0 0.15000 60.82500 16.49974 0.22790 -13
0.01192 0.11423 69.44619 0 -3.45000 -0.55000 69.44132 0.10137 13
0.19226 0.06878 32.19117 0 -2.10000 -6.77500 31.61487 0.10278 13
0.02499 -0.10714 69.68455 0 3.22500 -2.12500 69.66304 0.10130 13
2.15209 -0.24808 84.10616 0 7.50000 -64.97500 36.31828 0.24009 -13
0.27076 0.13622 99.62190 0 -4.12500 -8.65000 96.21935 0.10523 13
0.27741 -0.26315 99.62190 0 7.92500 -8.85000 96.21935 0.10781 13
0.74887 -0.09218 61.88960 0 2.80000 -24.87500 49.61337 0.12616 -13
0.94041 -0.21050 36.39075 0 6.32500 -30.75000 26.77809 0.13984 13
-1.36337 0.10149 50.73334 0 -3.07500 37.97500 30.10586 0.17058 13
-0.85497 0.08565 75.63009 0 -2.60000 29.20000 57.57293 0.13277 13
0.12136 0.10935 59.32711 0 -3.30000 -6.62500 58.89995 0.10204 13
-0.19082 -0.14570 61.27323 0 4.40000 6.07500 60.20930 0.10357 -13
0.73106 0.00904 12.36228 0 -0.32500 -22.50000 9.98004 0.12475 13
-0.62696 -0.06162 14.06530 0 1.82500 19.07500 11.92316 0.11901 13
-0.54703 -0.12345 56.05778 0 3.72500 17.50000 49.26568 0.11545 13
-0.38107 -0.11913 67.83793 0 3.57500 10.80000 63.44742 0.10843 13
0.03764 0.05006 51.08245 0 -1.50000 -2.20000 51.04643 0.10090 -13
-0.15326 -0.02956 5.73616 0 0.80000 2.50000 5.66998 0.10193 13
0.46647 -0.03221 87.59744 0 0.97500 -12.55000 79.39290 0.11117 13
-0.78010 -0.03541 90.23509 0 1.07500 24.80000 71.16422 0.12777 -13
-1.95624 0.01045 68.99081 0 -0.32500 61.22500 31.40389 0.22125 13
0.43339 -0.24412 10.42358 0 7.42500 -13.37500 9.60684 0.11253 -13
0.42330 -0.23493 18.37476 0 7.05000 -11.77500 16.98893 0.11186 13
-0.51204 -0.15432 21.91373 0 4.62500 15.75000 19.55254 0.11419 13
0.16992 0.01547 30.76379 0 -0.47500 -6.00000 30.32919 0.10216 13
0.93325 -0.24831 69.60071 0 7.50000 -30.10000 51.58638 0.14001 -13
0.18726 -0.24926 24.41695 0 7.50000 -6.97500 24.02363 0.10547 13
-2.10399 0.12231 31.40067 0 -3.72500 61.80000 13.56059 0.23496 13
-2.16767 -0.27791 31.40067 0 8.35000 63.70000 13.56059 0.24194 13
-0.46078 -0.24387 44.51138 0 7.37500 16.50000 40.62667 0.11358 -13
0.05329 -0.18976 80.10222 0 5.72500 0.77500 79.99268 0.10264 13
1.15808 -0.20644 66.47408 0 6.25000 -36.10000 43.96235 0.15549 -13
-0.38878 0.64792 66.47408 0 6.15000 -35.95000 43.96235 0.15529 -13
0.31156 -0.90092 66.47408 0 7.15000 -34.72500 43.96235 0.16970 -13
0.47939 0.30606 66.47408 0 7.05000 -35.82500 43.96235 0.17654 -13
-0.70439 -0.62518 66.47408 0 8.00000 -38.32500 43.96235 0.19635 -13
0.65333 3.75119 66.47408 0 6.92500 -34.75000 43.96235 0.17083 -13
0.17699 -0.07132 66.47408 0 6.85000 -34.77500 43.96235 0.17083 -13
-0.20221 0.02509 96.26227 0 -0.75000 7.00000 94.35396 0.10277 13
1.73225 -0.05962 92.86756 0 1.80000 -52.50000 46.49118 0.20151 13
0.60093 -0.16650 60.84237 0 5.02500 -17.90000 52.33781 0.11868 -13
-0.94039 0.10304 30.21265 0 -3.07500 25.72500 22.06432 0.13861 -13
0.14779 0.07415 88.26880 0 -2.22500 -4.87500 87.32545 0.10207 -13
1.28179 -0.21557 7.79632 0 6.40000 -39.55000 4.86348 0.16504 13
-0.03029 -0.18617 92.76564 0 5.60000 1.02500 92.72451 0.10248 13
0.09053 -0.24791 12.12616 0 7.42500 -1.97500 12.07952 0.10411 13
0.26088 -0.23611 56.24231 0 7.12500 -7.40000 54.51248 0.10676 -13
1.31474 -0.08824 19.48585 0 2.62500 -41.50000 11.82541 0.16657 13
-0.07541 -0.23435 11.24485 0 7.12500 1.12500 11.21471 0.10375 -13
-0.72286 -0.13288 67.05107 0 4.00000 23.77500 54.50250 0.12497 13
0.67261 -0.09700 93.82534 0 2.92500 -21.97500 77.96655 0.12175 13
-0.35756 -0.01961 68.93678 0 0.57500 11.05000 64.91350 0.10697 13
-0.38846 -0.07473 7.84383 0 2.32500 13.90000 7.31441 0.10832 -13
-0.58327 -0.13057 90.26654 0 3.92500 18.67500 78.13869 0.11732 13
1.18150 -0.18420 30.08320 0 5.57500 -36.05000 19.62366 0.15700 -13
0.98775 -0.06992 51.85666 0 2.10000 -29.60000 36.93770 0.14172 13
1.97214 -0.13504 28.36633 0 4.10000 -59.20000 12.92054 0.22315 -13
-0.66042 -0.05525 42.15776 0 1.65000 17.62500 35.19506 0.12081 13
1.51964 -0.18142 11.65489 0 5.55000 -45.07500 6.47884 0.18420 -13
-1.23367 0.04239 23.23121 0 -1.25000 36.97500 14.63631 0.15997 -13
0.83527 0.13725 40.89654 0 -4.15000 -26.55000 31.50753 0.13194 13
0.85545 -0.26205 40.89654 0 7.90000 -27.15000 31.50753 0.13510 13
-0.14092 0.09571 54.66156 0 -2.90000 5.60000 54.13150 0.10216 13
1.89411 -0.12025 27.24307 0 3.60000 -55.57500 12.78995 0.21602 13
-0.79718 -0.18648 64.29068 0 5.62500 20.72500 50.60323 0.13013 13
-1.54728 -0.07653 47.60195 0 2.30000 46.90000 25.89251 0.18567 13
-1.45209 -0.17083 64.21130 0 5.15000 43.72500 36.77374 0.17837 13
0.20247 -0.20280 73.86253 0 6.12500 -7.82500 72.44996 0.10476 -13
1.07656 0.03883 19.67961 0 -1.12500 -33.67500 13.39909 0.14802 -13
-1.31068 -0.12509 51.19823 0 3.75000 40.62500 31.20811 0.16648 13
-0.67650 0.06780 39.97627 0 -2.02500 23.70000 33.13472 0.12177 -13
-1.18346 0.07221 4.50843 0 -2.00000 35.75000 2.91399 0.15619 -13
0.11312 0.05090 19.15545 0 -1.55000 -1.82500 19.03437 0.10148 13
0.04126 -0.18146 92.10174 0 5.47500 -0.87500 92.02591 0.10243 13
0.70984 -0.03712 71.06127 0 1.12500 -23.75000 57.96030 0.12355 -13
-1.30710 0.10015 7.39286 0 -2.92500 39.62500 4.50625 0.16600 -13
0.66489 -0.10804 46.48581 0 3.25000 -16.52500 38.77896 0.12142 13
-0.27220 0.07582 50.56114 0 -2.27500 9.05000 48.79571 0.10464 -13
-0.21479 0.12037 41.29072 0 -3.65000 4.20000 40.38277 0.10372 13
-0.22143 -0.27992 41.29072 0 8.42500 4.40000 40.38277 0.10692 13
0.67120 0.04446 60.71258 0 -1.35000 -19.92500 50.42559 0.12137 13
0.21797 -0.10898 3.21779 0 3.12500 -7.75000 3.14479 0.10365 13
-0.09292 0.01247 56.47522 0 -0.37500 5.17500 56.23305 0.10114 13
-0.65499 -0.18230 52.87338 0 5.50000 18.82500 44.44509 0.12176 13
-0.22604 -0.18614 82.78329 0 5.60000 3.72500 80.81198 0.10493 13
-0.53051 -0.03835 64.77319 0 1.17500 15.95000 57.22886 0.11406 -13
-0.69366 -0.14729 99.22054 0 4.42500 18.67500 81.80933 0.12345 13
1.52320 -0.20283 94.51009 0 6.10000 -47.05000 52.59977 0.18462 13
1.13336 -0.07924 66.13892 0 2.37500 -33.75000 43.83516 0.15241 13
0.45719 0.02400 89.61654 0 -0.72500 -15.60000 81.50646 0.11075 13
1.30900 0.08586 14.91378 0 -2.65000 -40.42500 9.07467 0.16614 13
-0.10497 0.04880 30.96650 0 -1.47500 1.90000 30.79770 0.10138 13
-1.33089 -0.11272 59.05870 0 3.37500 39.62500 35.61974 0.16802 13
-0.80102 -0.22994 49.04616 0 6.92500 25.30000 38.66087 0.13108 13
0.00070 -0.01876 9.77032 0 0.52500 0.05000 9.77032 0.10072 13
0.91271 0.13191 94.12322 0 -3.97500 -27.67500 69.79077 0.13699 -13
0.93674 -0.26768 94.12322 0 8.07500 -28.40000 69.79077 0.14061 -13
0.42774 -0.06846 30.87082 0 2.07500 -12.45000 28.39364 0.10975 -13
0.64867 0.11949 56.13124 0 -3.62500 -18.90000 47.19002 0.12064 13
0.66902 -0.28085 56.13124 0 8.45000 -19.50000 47.19002 0.12441 13
1.72362 -0.19221 91.99204 0 5.77500 -51.62500 46.79171 0.20159 13
-0.17780 -0.24064 77.64604 0 7.27500 5.12500 76.51131 0.10512 -13
1.32549 0.10942 37.65272 0 -3.27500 -40.55000 22.76318 0.16756 -13
-1.41673 0.02057 28.63637 0 -0.60000 41.02500 16.51608 0.17463 -13
0.41970 0.12148 39.07746 0 -3.65000 -12.37500 36.07210 0.10989 -13
0.43250 -0.27869 39.07746 0 8.42500 -12.75000 36.07210 0.11327 -13
-1.84957 -0.04386 55.74714 0 1.30000 54.37500 26.53325 0.21178 13
-0.37613 0.02960 14.13782 0 -0.92500 9.20000 13.23344 0.10764 13
1.62102 0.11867 13.18312 0 -3.65000 -48.77500 6.95696 0.19223 13
1.67267 -0.28176 13.18312 0 8.42500 -50.27500 6.95696 0.19813 13
0.68365 -0.12595 4.87616 0 3.67500 -21.12500 4.03528 0.12262 13
1.11479 -0.08477 78.61057 0 2.55000 -33.70000 52.59543 0.15105 13
0.06281 0.10130 54.21659 0 -3.05000 -4.70000 54.11102 0.10141 -13
-0.81419 -0.18449 98.17969 0 5.57500 26.10000 76.63994 0.13119 -13
0.70139 -0.02604 4.06678 0 0.65000 -19.37500 3.33017 0.12305 13
0.30938 0.09586 83.93947 0 -2.87500 -9.27500 80.22129 0.10585 -13
-0.29526 -0.13763 68.89938 0 4.15000 6.12500 66.12843 0.10592 -13
-0.71850 -0.21527 82.49289 0 6.50000 20.70000 67.50431 0.12589 -13
0.18166 -0.18564 14.08272 0 5.62500 -6.70000 13.86330 0.10407 -13
-0.26173 -0.23061 37.10377 0 6.95000 8.67500 35.95286 0.10665 13
1.87916 0.07572 41.96589 0 -2.25000 -56.75000 19.75777 0.21449 -13
-0.43575 0.09598 2.19793 0 -2.65000 11.25000 2.01636 0.11032 -13
0.08032 0.14358 17.22791 0 -4.35000 -1.25000 17.17376 0.10207 13
0.08207 -0.25544 17.22791 0 7.67500 -1.30000 17.17376 0.10424 13
-0.30776 -0.02297 32.34597 0 0.67500 9.47500 30.91572 0.10539 13
0.51125 -0.12016 39.72350 0 3.65000 -16.02500 35.42135 0.11375 -13
-0.17848 -0.19349 1.73656 0 6.15000 6.02500 1.71037 0.10454 -13
-1.89181 -0.06997 87.07683 0 2.10000 57.45000 40.77084 0.21560 13
-0.02330 0.09573 3.80597 0 -2.75000 -1.05000 3.80495 0.10119 -13
-0.21038 -0.18373 65.95056 0 5.55000 5.25000 64.58267 0.10456 -13
0.10774 0.11420 26.90947 0 -3.47500 -4.25000 26.75666 0.10194 13
-0.60644 0.12564 46.97081 0 -3.77500 21.82500 40.24668 0.11845 -13
-0.62392 -0.27430 46.97081 0 8.27500 22.35000 40.24668 0.12188 -13
-0.73534 0.09635 89.17894 0 -2.92500 19.55000 71.96161 0.12538 13
-1.89532 -0.09009 45.74139 0 2.75000 57.60000 21.41265 0.21601 -13
1.66895 -0.12720 66.54024 0 3.85000 -50.15000 34.40246 0.19636 -13
1.65669 0.06023 57.83574 0 -1.80000 -50.10000 29.92647 0.19497 -13
-0.73554 0.12673 93.70868 0 -3.82500 21.30000 75.69816 0.12566 -13
-0.75642 -0.27314 93.70868 0 8.25000 21.92500 75.69816 0.12924 -13
0.28555 -0.05997 15.14922 0 1.85000 -7.30000 14.56884 0.10491 -13
1.29351 -0.21458 1.04408 0 5.67500 -35.97500 0.64753 0.16609 13
0.06654 -0.11077 56.02903 0 3.32500 -2.20000 55.90693 0.10154 13
-0.51190 -0.02663 16.62302 0 0.82500 13.42500 14.79802 0.11316 -13
1.53818 -0.22188 51.12880 0 6.67500 -45.87500 28.33842 0.18608 13
0.05474 0.14307 59.70895 0 -4.30000 -1.97500 59.62153 0.10187 -13
0.05595 -0.25598 59.70895 0 7.72500 -2.02500 59.62153 0.10411 -13
0.84177 -0.23960 3.81856 0 7.05000 -25.60000 2.95490 0.13370 13
0.40880 -0.14231 67.03415 0 4.30000 -12.55000 62.13817 0.10973 -13
-0.22064 -0.09970 68.17100 0 3.02500 7.02500 66.58498 0.10362 -13
0.17438 -0.21546 36.02175 0 6.47500 -5.77500 35.50954 0.10449 13
0.15226 0.03049 80.42801 0 -0.92500 -3.75000 79.51247 0.10191 -13
-1.73553 0.07215 19.86361 0 -2.22500 52.37500 9.93694 0.20184 13
0.05503 -0.12144 91.67905 0 3.67500 -2.35000 91.54250 0.10160 -13
1.12719 -0.14474 2.72451 0 4.65000 -35.92500 1.81826 0.15279 -13
0.81221 -0.06066 72.90858 0 1.85000 -25.20000 56.63447 0.12988 -13
-1.02524 0.12395 44.85276 0 -3.75000 32.30000 31.44104 0.14477 13
-1.05554 -0.27612 44.85276 0 8.32500 33.20000 31.44104 0.14902 13
0.13247 0.04281 97.89671 0 -1.27500 -0.17500 97.05038 0.10167 -13
-0.24011 -0.15470 15.04085 0 4.70000 3.97500 14.63442 0.10475 -13
1.33213 0.05973 47.23432 0 -1.82500 -40.10000 28.38928 0.16785 13
-1.75638 -0.03806 85.96995 0 1.15000 54.77500 42.55945 0.20358 -13
-0.80447 -0.16691 17.04016 0 5.07500 22.95000 13.34804 0.13036 -13
-0.51571 -0.23421 49.99306 0 7.05000 15.27500 44.67691 0.11573 13
-0.63825 -0.23491 33.00153 0 7.07500 18.85000 28.03123 0.12177 13
-1.09939 -0.07925 62.76762 0 2.37500 34.82500 42.30667 0.14987 13
0.57492 -0.21061 60.46535 0 6.35000 -18.07500 52.69835 0.11807 13
1.71133 -0.22002 60.10945 0 6.65000 -48.40000 30.86272 0.20085 -13
1.14405 -0.10822 67.88515 0 3.27500 -34.60000 44.82401 0.15341 -13
0.21122 -0.22078 61.68737 0 6.65000 -7.27500 60.41564 0.10529 13
-0.90854 0.08637 8.98961 0 -2.67500 27.97500 6.66519 0.13637 13
0.80015 -0.04984 23.80689 0 1.47500 -24.22500 18.59739 0.12907 13
0.68344 0.00555 64.97986 0 -0.15000 -21.55000 53.64792 0.12198 -13
-0.55966 0.05533 91.82435 0 -1.65000 14.82500 80.15817 0.11553 -13
0.37417 -0.24040 53.44000 0 7.25000 -10.97500 50.21908 0.11022 -13
-0.46345 -0.14598 76.33142 0 4.40000 16.90000 69.38356 0.11197 -13
1.45798 -0.02298 55.22224 0 0.67500 -43.35000 31.24046 0.17806 13
0.12124 0.03608 53.01749 0 -1.07500 -7.85000 52.63257 0.10150 -13
1.53764 -0.05983 76.82830 0 1.82500 -45.57500 41.93824 0.18482 -13
0.97075 -0.04940 22.60072 0 1.45000 -28.32500 16.22614 0.14043 13
0.07579 0.02421 98.32397 0 -0.72500 -5.27500 98.04294 0.10101 -13
-0.44568 -0.05900 11.41882 0 1.82500 14.95000 10.43309 0.11042 -13
-0.02683 -0.06074 36.67083 0 1.82500 -0.22500 36.65770 0.10092 13
0.38425 -0.22568 84.91348 0 6.80000 -10.07500 79.51160 0.11024 13
-1.01203 -0.13468 51.03445 0 4.07500 31.57500 36.03350 0.14392 -13
0.11825 -0.10173 89.92015 0 3.07500 -3.45000 89.30429 0.10192 13
-1.09687 -0.02116 85.21424 0 0.65000 31.77500 57.41794 0.14949 -13
-0.30550 0.13184 71.15359 0 -3.97500 9.35000 68.09868 0.10613 -13
-0.31355 -0.26774 71.15359 0 8.07500 9.60000 68.09868 0.10894 -13
-1.01719 0.03344 37.54846 0 -1.02500 28.12500 26.33068 0.14369 13
-0.68824 -0.03375 96.87762 0 1.00000 17.62500 79.81822 0.12230 13
0.25249 0.05167 76.72456 0 -1.55000 -7.47500 74.39604 0.10399 -13
-0.02982 -0.22562 25.51751 0 6.82500 0.50000 25.50672 0.10329 -13
0.42359 -0.08401 68.78369 0 2.55000 -13.57500 63.36963 0.10969 -13
-0.43521 -0.02389 8.25202 0 0.77500 13.32500 7.56668 0.10987 -13
-0.58009 0.01153 95.06292 0 -0.35000 15.70000 82.23064 0.11643 13
0.26976 -0.18162 66.60707 0 5.47500 -9.30000 64.37796 0.10589 13
-1.99439 -0.16337 18.13613 0 4.97500 60.95000 8.21525 0.22533 -13
-0.23934 0.01895 69.79121 0 -0.57500 8.12500 67.87499 0.10356 -13
0.29286 0.14883 97.00650 0 -4.50000 -8.90000 93.17612 0.10600 13
0.29857 -0.24998 97.00650 0 7.52500 -9.05000 93.17612 0.10806 13
-0.00799 -0.16228 97.98316 0 4.90000 0.10000 97.98012 0.10202 13
1.81026 -0.04269 38.28644 0 1.27500 -53.60000 18.52567 0.20830 13
-0.07034 0.10195 79.76508 0 -3.07500 1.87500 79.57044 0.10148 -13
-0.02586 0.02259 67.92408 0 -0.67500 -0.27500 67.90139 0.10076 -13
-1.38099 -0.24153 26.56217 0 7.25000 41.57500 15.86809 0.17338 13
-1.05823 0.07790 42.97109 0 -2.37500 31.67500 29.56047 0.14684 13
-0.33199 -0.22465 65.86077 0 6.77500 12.02500 62.65573 0.10850 -13
0.52645 -0.09761 4.91224 0 2.82500 -13.60000 4.35095 0.11422 13
1.36501 -0.12271 47.09614 0 3.72500 -42.17500 27.96801 0.17086 -13
-0.82416 0.14908 19.58820 0 -4.47500 26.07500 15.18323 0.13134 -13
-0.84021 -0.24969 19.58820 0 7.57500 26.57500 15.18323 0.13394 -13
1.26962 0.05616 23.78609 0 -1.67500 -40.02500 14.73195 0.16284 -13
0.13872 0.06123 91.30496 0 -1.85000 -5.65000 90.44210 0.10185 -13
0.43258 -0.01228 87.07129 0 0.37500 -11.12500 79.91556 0.10973 13
-1.24606 -0.07831 97.67042 0 2.37500 38.12500 61.24519 0.16110 -13
1.17115 -0.02000 9.16435 0 0.52500 -33.65000 5.95164 0.15510 13
1.58200 -0.09061 83.70399 0 2.75000 -46.80000 44.85571 0.18869 -13
-0.15196 -0.05327 37.22668 0 1.62500 3.15000 36.80553 0.10200 -13
-0.40272 -0.03012 4.61542 0 0.80000 9.92500 4.28163 0.10862 13
-0.47230 0.08425 37.99211 0 -2.52500 13.72500 34.37531 0.11169 -13
-1.07805 0.02139 91.39913 0 -0.62500 35.67500 62.16506 0.14810 -13
-0.21899 -0.22273 93.88783 0 6.72500 8.00000 91.81370 0.10551 -13
0.08568 -0.20341 62.46737 0 6.12500 -2.80000 62.24836 0.10312 13
0.14572 -0.06032 46.01777 0 1.82500 -5.75000 45.53863 0.10195 -13
1.61353 -0.13144 25.41776 0 4.00000 -49.97500 13.47124 0.19167 -13
1.14183 -0.04228 27.41566 0 1.25000 -31.92500 18.07174 0.15290 13
0.51249 0.08865 94.91538 0 -2.67500 -16.62500 84.53753 0.11352 13
-0.03339 -0.14748 16.36050 0 4.47500 0.70000 16.35158 0.10187 -13
0.07415 0.02725 57.57176 0 -0.82500 1.22500 57.41425 0.10102 13
-0.70070 -0.05235 2.03094 0 1.30000 20.05000 1.66388 0.12320 13
-0.58024 0.14787 64.84334 0 -4.47500 16.12500 56.23776 0.11738 13
-0.59180 -0.25098 64.84334 0 7.57500 16.47500 56.23776 0.11971 13
-0.30399 0.03744 48.37502 0 -1.15000 8.00000 46.28636 0.10533 13
-0.47810 -0.00448 25.45337 0 0.15000 14.45000 22.96380 0.11162 -13
-0.11428 -0.17483 18.11018 0 5.25000 4.15000 17.99652 0.10286 13
-0.68611 -0.10141 29.16498 0 3.07500 21.90000 24.08821 0.12256 -13
-0.11998 0.11015 67.80115 0 -3.32500 0.97500 67.32400 0.10202 -13
0.61373 0.08352 67.94555 0 -2.52500 -20.37500 57.96403 0.11846 13
1.24113 -0.01396 27.80084 0 0.40000 -36.00000 17.44333 0.16052 13
0.45366 -0.19800 44.65536 0 5.95000 -14.10000 40.79782 0.11236 13
-1.75670 -0.00697 22.56431 0 0.17500 49.97500 11.16293 0.20356 13
0.91189 0.00778 25.43222 0 -0.20000 -24.65000 18.79230 0.13629 -13
-0.45827 -0.01902 9.79311 0 0.62500 11.32500 8.90288 0.11080 -13
0.63220 0.11530 29.01129 0 -3.50000 -19.37500 24.56754 0.11971 13
-0.37871 0.14822 42.85581 0 -4.47500 11.87500 40.13210 0.10872 13
-0.38621 -0.25063 42.85581 0 7.55000 12.10000 40.13210 0.11085 13
-1.01170 0.11592 61.07620 0 -3.47500 31.70000 43.07984 0.14372 -13
0.21874 -0.13842 32.75020 0 4.15000 -3.35000 32.00741 0.10401 13
-0.63952 -0.22194 1.60011 0 7.07500 16.75000 1.35734 0.12221 -13
1.51146 -0.02024 73.03223 0 0.60000 -45.72500 40.30306 0.18252 13
0.23242 0.03885 42.91480 0 -1.15000 -6.75000 41.80242 0.10346 -13
0.17951 0.00520 3.03699 0 -0.32500 -4.65000 2.98921 0.10238 13
0.22112 -0.20803 89.62242 0 6.27500 -6.67500 87.59332 0.10523 13
0.61437 -0.23477 90.20883 0 7.07500 -18.72500 77.41812 0.12053 13
0.96064 -0.00220 30.37382 0 0.05000 -28.75000 21.90445 0.13964 13
0.33622 -0.02415 43.74005 0 0.72500 -6.32500 41.46048 0.10627 13
1.43350 0.02367 80.74112 0 -0.70000 -43.35000 46.20312 0.17602 -13
-0.03384 -0.01383 18.10924 0 0.45000 0.40000 18.09887 0.10077 -13
-1.37483 -0.21350 68.41964 0 6.42500 40.95000 40.83138 0.17253 13
0.68770 -0.12641 41.87365 0 3.82500 -21.62500 34.58980 0.12289 -13
0.96148 0.10429 67.59318 0 -3.15000 -28.60000 48.85142 0.14010 13
0.20370 0.07426 48.19185 0 -2.25000 -7.00000 47.22721 0.10304 13
0.57758 0.02989 53.74421 0 -0.90000 -18.07500 46.54448 0.11633 -13
-0.86074 0.07230 94.10699 0 -2.20000 25.20000 71.40396 0.13307 13
1.46565 -0.05699 10.92232 0 1.65000 -45.60000 6.16232 0.17876 13
0.07364 0.11020 1.51797 0 -3.00000 -2.05000 1.51390 0.10172 -13
1.46187 -0.16783 49.04133 0 5.05000 -44.62500 27.95051 0.17914 13
-1.65101 0.03818 57.24962 0 -1.12500 48.52500 29.67571 0.19441 -13
0.95215 0.09585 87.18238 0 -2.90000 -27.22500 63.27612 0.13939 13
-1.16092 -0.04242 67.19656 0 1.27500 37.57500 43.87771 0.15436 13
0.25080 0.10430 28.60583 0 -3.12500 -6.05000 27.75529 0.10435 -13
-1.50229 0.05037 49.69888 0 -1.52500 44.62500 27.56295 0.18181 13
-1.52392 -0.04151 93.40487 0 1.25000 43.87500 51.27500 0.18360 -13
1.06928 -0.15728 13.34932 0 4.80000 -33.40000 9.17788 0.14832 -13
-0.15999 -0.25808 1.87334 0 7.50000 5.37500 1.85120 0.10518 13
-0.35626 0.08800 14.07197 0 -2.62500 10.22500 13.26208 0.10726 -13
-1.78382 -0.05920 88.80312 0 1.77500 56.65000 43.48236 0.20602 13
-0.20993 -0.07909 52.97411 0 2.40000 6.12500 51.85086 0.10321 -13
1.91745 -0.01581 79.93457 0 0.47500 -55.02500 36.96669 0.21778 13
-1.03081 0.04517 65.69795 0 -1.35000 32.85000 45.76955 0.14470 -13
0.39400 0.09580 83.59958 0 -2.87500 -11.52500 77.82764 0.10866 -13
1.55566 -0.12998 72.72077 0 3.90000 -48.92500 39.55609 0.18668 13
-2.09943 -0.20244 61.60129 0 6.12500 62.27500 26.92680 0.23508 -13
-1.47861 -0.02663 37.99486 0 0.82500 45.90000 21.29113 0.17978 -13
-0.89558 -0.23007 96.63125 0 6.92500 26.02500 72.80251 0.13715 13
0.23194 -0.02084 75.58940 0 0.62500 -8.70000 73.63560 0.10340 13
-0.86527 -0.01703 30.87550 0 0.52500 27.30000 23.34955 0.13318 -13
0.38444 -0.07453 53.02288 0 2.25000 -11.17500 49.50908 0.10814 13
