0.60057 -0.03961 54.67305 0 1.17500 -18.50000 46.87944 0.11754 13
-1.60907 -0.07790 88.42260 0 2.35000 47.70000 46.77568 0.19094 13
1.01543 -0.20965 92.07790 0 6.32500 -28.90000 65.30880 0.14507 -13
-0.87423 -0.02792 77.29224 0 0.82500 27.62500 58.20023 0.13379 13
-1.40718 -0.24520 28.47330 0 7.37500 43.50000 16.81364 0.17555 13
0.76855 -0.02606 17.57702 0 0.75000 -21.90000 13.93825 0.12704 13
-2.04864 0.11292 78.25839 0 -3.40000 61.70000 34.50534 0.22984 -13
-0.21085 0.01766 36.84934 0 -0.55000 4.97500 36.05680 0.10293 13
0.55065 -0.03546 57.16195 0 1.07500 -16.40000 50.08009 0.11502 -13
0.61352 0.12748 60.58154 0 -3.82500 -18.92500 51.75085 0.11884 -13
0.63077 -0.27234 60.58154 0 8.22500 -19.42500 51.75085 0.12220 -13
1.01248 0.07308 85.45803 0 -2.20000 -30.10000 60.13339 0.14350 13
-0.33703 -0.12767 98.52594 0 3.85000 10.35000 93.44218 0.10704 13
-0.55132 -0.00725 12.29988 0 0.27500 16.20000 10.77143 0.11500 -13
-0.74710 -0.07476 23.51951 0 2.27500 23.82500 18.86025 0.12594 -13
-2.02596 0.00710 10.12532 0 -0.32500 59.52500 4.48130 0.22756 13
-0.40722 0.08720 17.63639 0 -2.60000 13.05000 16.34278 0.10908 -13
-0.07476 0.00767 94.36573 0 -0.22500 1.82500 94.10313 0.10099 13
1.20150 0.09525 7.89710 0 -2.97500 -36.12500 5.06507 0.15778 13
0.05625 0.12614 22.72203 0 -3.77500 -1.02500 22.68675 0.10165 -13
0.05785 -0.27367 22.72203 0 8.27500 -1.07500 22.68675 0.10459 -13
1.02147 -0.03229 89.50651 0 0.97500 -30.02500 62.63136 0.14399 -13
-0.05178 -0.22197 70.48244 0 6.70000 1.97500 70.39255 0.10328 13
-0.16429 0.02395 41.16949 0 -0.72500 2.67500 40.62523 0.10208 13
1.35391 0.07198 6.23526 0 -2.05000 -40.20000 3.71036 0.16964 -13
1.19808 0.08994 95.71469 0 -2.70000 -36.10000 61.47926 0.15741 -13
0.24370 0.12093 73.53456 0 -3.65000 -3.90000 71.47254 0.10437 13
0.25119 -0.27931 73.53456 0 8.42500 -4.12500 71.47254 0.10757 13
0.49555 0.08203 25.25257 0 -2.45000 -13.15000 22.64147 0.11269 -13
-0.00819 -0.06794 32.71871 0 2.02500 0.87500 32.71762 0.10094 13
0.22975 0.10565 1.21793 0 -3.60000 -6.35000 1.18737 0.10443 13
0.23830 -0.29587 1.21793 0 8.47500 -6.55000 1.18737 0.10771 13
-1.61022 -0.24357 34.30348 0 7.32500 48.90000 18.47486 0.19240 13
-0.85406 -0.11776 68.53855 0 3.55000 25.32500 52.26836 0.13297 -13
0.22476 0.09663 12.12532 0 -2.87500 -8.35000 11.83282 0.10366 -13
-0.80385 -0.06834 95.12125 0 2.07500 21.47500 74.20547 0.12939 -13
1.62193 -0.23540 29.01883 0 7.12500 -46.90000 15.52737 0.19340 -13
-1.74149 -0.14522 80.59438 0 4.37500 50.72500 40.44821 0.20275 13
0.47421 -0.09171 71.01562 0 2.75000 -13.87500 64.21572 0.11183 13
0.72587 -0.03085 82.02043 0 0.92500 -22.50000 66.38799 0.12447 13
0.28652 0.12711 55.69972 0 -3.82500 -5.62500 53.57744 0.10553 -13
0.29462 -0.27273 55.69972 0 8.22500 -5.87500 53.57744 0.10853 -13
-0.53622 -0.08628 14.88847 0 2.57500 16.90000 13.13238 0.11458 13
-0.97160 -0.16255 44.13982 0 4.92500 31.77500 31.85792 0.14137 -13
0.29869 -0.13000 65.91555 0 3.92500 -10.15000 63.20165 0.10591 13
-1.48236 0.15219 8.71022 0 -4.50000 46.42500 4.90897 0.18067 -13
-1.50955 -0.24622 8.71022 0 7.52500 47.30000 4.90897 0.18419 -13
0.71587 -0.24634 80.27654 0 7.42500 -23.00000 65.91702 0.12630 13
-0.46190 -0.17886 63.90371 0 5.40000 13.25000 58.17259 0.11239 -13
1.73429 0.00472 58.42060 0 -0.12500 -50.45000 29.18236 0.20159 -13
-0.19745 0.11891 31.54658 0 -3.57500 6.75000 30.95727 0.10334 -13
-0.20371 -0.28143 31.54658 0 8.50000 6.95000 30.95727 0.10648 -13
0.45626 0.03717 35.46286 0 -1.12500 -14.85000 32.26716 0.11076 13
-1.22533 -0.16070 85.77987 0 4.85000 36.02500 54.65118 0.16010 -13
-1.71612 -0.02542 59.77283 0 0.77500 50.17500 30.10325 0.20002 -13
-1.65146 0.11667 99.63682 0 -3.50000 52.47500 51.86342 0.19477 -13
-0.99765 -0.10523 41.62897 0 3.20000 32.40000 29.55106 0.14265 -13
1.26695 -0.16351 6.58457 0 4.80000 -39.15000 4.11306 0.16327 13
1.00509 -0.23246 65.87370 0 7.00000 -31.62500 47.07075 0.14468 13
1.66883 -0.16895 69.07286 0 5.07500 -50.80000 35.87266 0.19664 13
-0.70775 -0.09218 88.03097 0 2.77500 20.47500 71.95621 0.12372 13
-0.13064 0.06138 45.03030 0 -1.85000 6.77500 44.65220 0.10175 -13
0.36064 -0.03301 92.12569 0 1.00000 -13.62500 86.66791 0.10710 13
0.71584 -0.04838 84.84574 0 1.45000 -21.40000 69.01824 0.12394 13
-0.67887 -0.23271 71.41131 0 7.00000 21.67500 59.56735 0.12394 13
0.38646 -0.19506 67.71740 0 5.90000 -12.07500 63.31551 0.10974 -13
0.51559 -0.12452 97.28053 0 3.77500 -13.27500 86.60330 0.11399 -13
0.51585 -0.21093 60.14651 0 6.37500 -15.82500 53.69414 0.11529 -13
0.33227 -0.00911 81.97486 0 0.27500 -10.60000 77.79325 0.10612 -13
0.19369 -0.03570 27.18523 0 1.10000 -5.32500 26.68982 0.10264 -13
0.51260 -0.09546 45.79260 0 2.87500 -14.40000 40.78863 0.11357 13
0.62497 -0.10830 1.88527 0 2.97500 -18.97500 1.60135 0.11932 13
-0.80653 -0.23749 45.24472 0 7.15000 24.05000 35.59420 0.13155 13
-0.55964 -0.16288 54.71489 0 4.92500 17.07500 47.89449 0.11656 -13
-0.63589 -0.11976 49.23917 0 3.62500 21.27500 41.63503 0.11995 -13
-0.44405 -0.07213 18.91005 0 2.20000 10.72500 17.28993 0.11044 -13
-0.94659 -0.21926 80.55490 0 6.62500 27.00000 59.14630 0.14042 -13
-1.03878 -0.09776 74.24254 0 2.95000 29.27500 51.61639 0.14554 -13
0.15386 -0.13875 37.27612 0 4.20000 -5.05000 36.85064 0.10285 -13
-1.30123 -0.04149 42.79331 0 1.22500 36.90000 26.09030 0.16531 13
-1.14166 -0.09206 84.56559 0 2.77500 34.42500 55.85297 0.15312 -13
0.92886 0.05981 72.74906 0 -1.80000 -29.27500 53.34619 0.13757 13
-1.34793 -0.12341 37.67931 0 3.70000 40.62500 22.55993 0.16946 13
0.14154 -0.11610 45.02353 0 3.50000 -2.22500 44.58495 0.10237 13
-1.97222 -0.02803 67.73597 0 0.82500 59.87500 30.64170 0.22270 13
-1.85391 0.13980 78.47847 0 -4.22500 53.92500 37.53633 0.21261 13
-1.89675 -0.25940 78.47847 0 7.80000 55.20000 37.53633 0.21749 13
-1.26613 0.12502 86.51776 0 -3.77500 38.52500 53.87946 0.16298 13
-1.30298 -0.27499 86.51776 0 8.27500 39.65000 53.87946 0.16770 13
0.22184 -0.04371 59.60227 0 1.32500 -6.17500 58.19032 0.10325 -13
-0.12370 -0.22465 94.88500 0 6.77500 4.55000 94.20137 0.10396 13
-0.79758 -0.19505 71.49615 0 5.87500 24.80000 56.29801 0.13029 13
-0.36119 -0.10495 16.00563 0 3.12500 11.27500 15.06324 0.10758 13
0.00484 0.07079 82.86799 0 -2.15000 1.95000 82.86702 0.10096 13
-0.68864 -0.20737 14.76063 0 6.30000 20.57500 12.23843 0.12408 -13
-1.50826 0.01122 85.90972 0 -0.35000 45.97500 47.47529 0.18224 13
0.13442 -0.06390 38.68980 0 1.92500 -1.87500 38.34632 0.10181 13
-2.02913 -0.07493 71.84585 0 2.25000 60.70000 31.83171 0.22792 13
-0.46521 -0.07030 56.19243 0 2.10000 14.35000 50.97134 0.11129 13
0.84785 -0.19970 95.83306 0 6.02500 -24.60000 73.68964 0.13354 13
-0.15213 -0.09676 55.01157 0 2.90000 5.30000 54.39158 0.10232 13
-0.62376 0.08825 55.80110 0 -2.65000 19.62500 47.39702 0.11901 -13
-1.09239 0.08226 30.20546 0 -2.45000 31.32500 20.43251 0.14936 -13
-0.51771 0.06637 83.23849 0 -2.00000 16.40000 73.95420 0.11359 13
0.17260 -0.07104 44.46512 0 2.12500 -4.90000 43.82042 0.10244 13
0.16207 -0.03154 23.34512 0 0.97500 -6.37500 23.04468 0.10207 -13
-1.03294 -0.23440 35.09425 0 7.05000 31.82500 24.74438 0.14667 13
2.10080 -0.09245 44.14746 0 2.82500 -62.32500 19.04152 0.23449 -13
-0.07312 -0.14711 87.73089 0 4.45000 3.47500 87.50226 0.10205 -13
-0.99875 -0.10066 46.68801 0 3.02500 33.62500 33.11693 0.14268 13
0.00409 -0.16154 11.60446 0 4.92500 -2.20000 11.60437 0.10204 -13
1.37835 -0.13053 46.23217 0 3.95000 -42.95000 27.29967 0.17200 -13
0.41383 0.02234 87.01003 0 -0.67500 -13.67500 80.40044 0.10901 -13
-0.43874 -0.11341 41.08564 0 3.40000 10.15000 37.66225 0.11055 13
0.13380 -0.09733 89.77249 0 2.92500 -4.40000 88.98693 0.10207 13
-0.80696 -0.15749 70.27170 0 4.75000 25.10000 54.94955 0.13038 -13
1.73009 -0.06580 88.73707 0 1.97500 -54.92500 44.47776 0.20134 13
-0.90108 0.00602 42.20316 0 -0.20000 25.05000 31.35273 0.13555 13
-0.32023 -0.04938 12.97011 0 1.52500 9.92500 12.35358 0.10587 -13
0.37933 -0.09991 88.64675 0 3.00000 -13.00000 82.93547 0.10805 13
0.37933 -0.09990 88.64675 0 3.00000 -13.00000 82.93547 0.10817 13
-0.17371 0.08145 72.45373 0 -2.47500 4.72500 71.39159 0.10254 13
0.01790 -0.03836 64.29247 0 1.15000 -1.02500 64.28219 0.10080 13
0.65719 -0.20436 77.11730 0 6.15000 -22.62500 64.83915 0.12224 13
-0.48346 -0.14600 58.88305 0 4.40000 11.57500 53.11790 0.11281 13
-0.93975 0.10204 70.16065 0 -3.10000 30.27500 51.25198 0.13858 13
-1.63031 -0.17364 6.06882 0 5.40000 51.95000 3.20696 0.19362 -13
-1.25044 -0.22834 61.26005 0 6.90000 36.87500 38.85237 0.16288 -13
1.27257 -0.24544 95.45980 0 7.40000 -37.10000 60.04584 0.16483 13
0.88417 0.12553 61.38674 0 -3.80000 -27.70000 46.14580 0.13502 13
0.90972 -0.27444 61.38674 0 8.27500 -28.47500 46.14580 0.13890 13
-0.55823 0.10106 25.69469 0 -3.07500 14.20000 22.46281 0.11579 13
0.13056 0.01926 33.01346 0 -0.57500 -5.20000 32.73571 0.10158 -13
-0.03478 -0.05264 3.98264 0 1.47500 1.87500 3.98025 0.10092 13
-0.87725 -0.09720 93.83791 0 2.95000 28.85000 70.68569 0.13432 -13
0.90636 0.04558 10.34635 0 -1.45000 -26.62500 7.66970 0.13600 13
0.21557 -0.20121 48.32239 0 6.05000 -7.72500 47.27805 0.10498 13
1.27358 -0.19760 8.66843 0 6.05000 -39.65000 5.41747 0.16435 -13
-0.80592 0.13809 66.55864 0 -4.15000 20.35000 52.01580 0.13007 -13
-0.82512 -0.26117 66.55864 0 7.87500 20.92500 52.01580 0.13318 -13
0.25888 0.10194 17.65600 0 -3.05000 -12.07500 17.09807 0.10452 -13
-0.49520 -0.17729 5.93978 0 5.25000 14.10000 5.33873 0.11374 13
-0.66531 -0.01089 45.87235 0 0.32500 19.65000 38.19268 0.12096 13
1.42722 -0.11742 81.71839 0 3.55000 -42.37500 47.10785 0.17590 -13
0.96576 -0.18048 56.23694 0 5.42500 -27.27500 40.76388 0.14116 13
-0.78161 0.02219 95.24157 0 -0.67500 23.05000 75.04618 0.12784 13
-1.32538 0.06445 55.67714 0 -1.95000 37.30000 33.57848 0.16733 13
-1.49587 0.11238 71.47789 0 -3.40000 45.45000 39.89642 0.18156 13
0.13906 0.02051 54.75703 0 -0.60000 -3.70000 54.23538 0.10169 -13
-1.67171 -0.08582 99.44695 0 2.57500 50.80000 51.18922 0.19635 13
0.01842 -0.04772 43.75550 0 1.42500 -0.62500 43.74809 0.10083 13
-1.13305 -0.00993 67.81658 0 0.30000 33.62500 44.87629 0.15219 13
0.98534 -0.12064 66.24811 0 3.65000 -31.77500 47.35660 0.14190 -13
0.89047 -0.21597 70.62136 0 6.52500 -27.12500 53.26956 0.13659 -13
-0.77346 -0.22557 45.35410 0 6.80000 23.32500 36.20539 0.12931 13
-1.38848 0.04681 83.68527 0 -1.42500 41.52500 48.94266 0.17238 13
-0.32486 -0.06852 72.05535 0 2.07500 8.00000 68.54516 0.10611 -13
-0.46347 0.09466 5.30050 0 -2.75000 14.20000 4.81259 0.11140 -13
0.07272 -0.15265 14.71538 0 4.65000 -2.95000 14.67750 0.10215 -13
-0.93170 0.06156 13.10378 0 -1.90000 28.52500 9.59599 0.13779 13
0.10828 0.07143 90.32116 0 -2.15000 -1.97500 89.79891 0.10155 -13
0.52961 0.04476 12.23859 0 -1.30000 -15.67500 10.81794 0.11404 -13
0.33655 -0.23965 15.75344 0 7.27500 -8.67500 14.97212 0.10899 -13
-0.23559 0.09482 45.16322 0 -2.85000 5.32500 43.97007 0.10389 -13
0.76405 -0.15006 62.36589 0 4.52500 -23.45000 49.75910 0.12762 13
-0.18023 -0.10613 92.30957 0 3.20000 5.42500 90.86174 0.10288 -13
1.30661 -0.00942 58.72733 0 0.27500 -40.40000 35.69240 0.16570 13
1.70527 0.04645 54.45966 0 -1.37500 -50.35000 27.57110 0.19912 -13
0.91456 -0.23088 95.47392 0 6.95000 -29.92500 71.27901 0.13843 13
0.25873 0.10022 44.43293 0 -3.02500 -8.20000 43.02980 0.10451 13
1.08745 -0.17107 48.02598 0 5.15000 -31.45000 32.76204 0.14976 13
-0.58706 0.03090 67.39827 0 -0.92500 15.37500 58.12987 0.11682 -13
-0.01423 0.10204 33.36622 0 -3.07500 -0.42500 33.36288 0.10123 -13
-0.53073 0.12178 91.65926 0 -3.67500 13.40000 81.09349 0.11467 13
-0.54687 -0.27840 91.65926 0 8.40000 13.87500 81.09349 0.11815 13
-0.83167 -0.11557 60.74537 0 3.50000 24.85000 46.83088 0.13150 -13
0.16972 -0.09284 15.27658 0 2.82500 -4.60000 15.06318 0.10258 -13
0.03075 -0.16157 87.65706 0 4.87500 -3.02500 87.61670 0.10205 13
-0.82504 -0.23637 51.88858 0 7.12500 26.65000 40.46054 0.13269 13
-0.23219 -0.01250 63.85851 0 0.37500 10.20000 62.20402 0.10339 -13
0.46615 0.01793 80.10986 0 -0.52500 -13.05000 72.61056 0.11112 -13
-0.29479 -0.14708 27.35546 0 4.42500 8.60000 26.26130 0.10602 13
-0.19379 -0.23044 36.64753 0 6.97500 5.15000 36.01107 0.10518 -13
-1.07736 -0.00560 99.16481 0 0.17500 33.70000 67.46250 0.14803 -13
-0.86476 -0.18991 62.92943 0 5.72500 24.67500 47.95896 0.13449 13
1.16525 0.12394 64.72966 0 -3.75000 -36.55000 42.33954 0.15514 13
1.19970 -0.27612 64.72966 0 8.32500 -37.57500 42.33954 0.15970 13
1.03216 0.04372 97.59391 0 -1.32500 -29.37500 67.94226 0.14479 13
1.12030 -0.11738 38.88250 0 3.52500 -32.77500 25.99059 0.15168 13
-0.91505 -0.08701 98.21727 0 2.62500 27.50000 72.58443 0.13678 13
0.46435 -0.00541 61.67414 0 0.17500 -13.75000 55.93769 0.11103 -13
-0.55117 -0.08297 35.56456 0 2.52500 17.67500 31.17147 0.11530 -13
0.23528 -0.17940 40.11561 0 5.40000 -7.15000 39.08131 0.10501 13
-2.10336 0.10793 36.27103 0 -3.30000 62.20000 15.64829 0.23480 13
-1.69609 -0.17610 74.22625 0 5.30000 51.60000 38.12733 0.19905 13
-1.24779 -0.15981 19.52788 0 4.85000 37.97500 12.30551 0.16187 -13
1.46253 -0.14821 2.08606 0 4.02500 -43.77500 1.18615 0.17891 13
0.69348 -0.14011 50.45524 0 4.25000 -21.47500 41.59144 0.12337 -13
-0.76519 0.04115 13.33896 0 -1.20000 23.55000 10.59661 0.12687 -13
-0.27311 0.02147 61.41282 0 -0.65000 4.72500 59.24394 0.10442 -13
1.09527 -0.04830 28.08509 0 1.42500 -33.07500 18.94862 0.14943 13
-2.10231 -0.02927 96.52309 0 0.87500 62.27500 41.47572 0.23446 13
-0.47358 -0.04540 34.07413 0 1.35000 13.25000 30.80122 0.11151 13
0.33632 0.02736 38.84088 0 -0.80000 -9.45000 36.81587 0.10628 -13
1.00910 -0.22162 50.28821 0 6.70000 -27.25000 35.82331 0.14481 -13
-0.85482 -0.17454 72.32332 0 5.25000 27.32500 55.32135 0.13364 13
1.98184 -0.07634 89.00639 0 2.32500 -62.22500 40.18833 0.22369 -13
-2.14615 0.09044 62.85587 0 -2.70000 64.70000 26.63657 0.23859 -13
-0.99287 0.00258 10.33676 0 -0.00000 29.50000 7.33526 0.14192 -13
0.57544 -0.02440 10.99948 0 0.77500 -19.10000 9.53461 0.11622 -13
0.32381 -0.03048 23.20675 0 0.95000 -12.77500 22.07909 0.10590 -13
0.59127 0.02748 81.87070 0 -0.82500 -18.45000 70.48021 0.11702 13
-0.35507 -0.10119 7.26552 0 3.12500 9.12500 6.85076 0.10738 -13
0.81046 -0.09762 58.25750 0 2.95000 -26.20000 45.34350 0.13000 -13
-0.54475 -0.20183 95.38012 0 6.07500 15.07500 84.13609 0.11646 13
-0.67097 -0.16754 89.79822 0 5.05000 20.97500 74.88639 0.12245 -13
-1.25620 0.05161 92.06461 0 -1.57500 38.32500 57.38526 0.16178 13
-0.68923 -0.00419 25.87602 0 0.15000 19.10000 21.30433 0.12232 -13
-0.70098 0.07479 78.59143 0 -2.27500 22.45000 64.41334 0.12321 13
-0.33362 -0.11300 83.21120 0 3.42500 8.35000 78.98386 0.10677 -13
-0.38295 -0.20417 40.81542 0 6.15000 9.82500 38.21411 0.10977 13
1.68798 0.06095 93.67847 0 -1.85000 -51.82500 47.81271 0.19768 13
-1.94478 0.11873 83.96533 0 -3.60000 58.82500 38.60943 0.22055 13
-2.00646 -0.28175 83.96533 0 8.47500 60.67500 38.60943 0.22750 13
0.90447 -0.11454 99.69295 0 3.45000 -26.85000 74.15308 0.13627 13
1.23561 -0.16638 67.97748 0 5.00000 -36.90000 43.11708 0.16094 13
-0.46448 -0.08110 10.81704 0 2.50000 16.15000 9.81627 0.11136 -13
-0.47918 0.14743 79.92196 0 -4.45000 14.87500 72.21822 0.11265 -13
-0.48881 -0.25141 79.92196 0 7.60000 15.17500 72.21822 0.11492 -13
2.01458 -0.18045 56.80604 0 5.42500 -59.90000 25.58268 0.22719 13
-1.97792 -0.04702 62.27867 0 1.42500 59.35000 28.12442 0.22326 -13
-0.72633 0.12949 33.74894 0 -3.87500 22.57500 27.38475 0.12513 -13
-0.74615 -0.27021 33.74894 0 8.17500 23.20000 27.38475 0.12858 -13
-1.72512 -0.07268 80.16363 0 2.17500 52.65000 40.28160 0.20091 13
0.74633 -0.22752 50.07288 0 6.85000 -24.67500 40.48727 0.12771 13
-1.67139 -0.06362 20.94931 0 1.95000 48.97500 10.77175 0.19627 -13
-0.81496 0.05490 66.89776 0 -1.67500 25.45000 51.88881 0.13003 13
0.53968 0.07603 33.95472 0 -2.30000 -15.75000 29.90015 0.11470 13
-0.88788 -0.17924 50.15611 0 5.42500 25.87500 37.76633 0.13588 -13
0.99348 -0.04451 2.40974 0 1.62500 -29.25000 1.71095 0.14218 -13
-0.53538 0.02874 47.11606 0 -0.87500 14.92500 41.54154 0.11427 13
-1.31596 0.15557 1.88611 0 -4.27500 39.90000 1.14961 0.16713 -13
-1.33859 -0.24252 1.88611 0 7.77500 40.80000 1.14961 0.17088 -13
0.50329 0.06399 2.96140 0 -2.12500 -15.22500 2.64656 0.11303 13
0.17137 -0.14721 56.14489 0 4.45000 -9.65000 55.35481 0.10325 -13
0.38274 0.14140 79.98102 0 -4.27500 -11.15000 74.79055 0.10877 13
0.39136 -0.25774 79.98102 0 7.77500 -11.40000 74.79055 0.11121 13
1.37193 0.02325 89.58563 0 -0.70000 -42.12500 52.77879 0.17097 -13
1.77137 -0.05914 33.33027 0 1.75000 -52.35000 16.40688 0.20492 13
-0.63700 -0.16673 43.21537 0 5.05000 17.47500 36.59211 0.12058 -13
0.06313 -0.16767 89.07627 0 5.05000 -2.55000 88.90409 0.10230 13
-0.41859 -0.16965 66.25375 0 5.10000 11.80000 61.24315 0.11049 13
-0.09308 -0.22933 18.70030 0 6.90000 3.37500 18.62380 0.10373 13
-1.55723 -0.07426 33.95579 0 2.22500 47.50000 18.38400 0.18651 13
0.69744 -0.24180 32.68767 0 7.27500 -21.10000 27.05640 0.12516 13
-0.06022 -0.20038 39.40861 0 6.05000 1.45000 39.34013 0.10289 -13
-1.80864 -0.18722 70.15965 0 5.65000 56.10000 34.39702 0.20898 -13
-0.59494 0.06459 70.58115 0 -1.95000 17.20000 60.69085 0.11735 -13
1.69340 0.06770 48.21411 0 -2.02500 -48.10000 24.55769 0.19815 -13
-2.05367 -0.24933 6.52111 0 7.32500 63.10000 2.92414 0.23115 13
0.83827 -0.10713 77.24518 0 3.25000 -25.75000 59.33634 0.13185 -13
-1.94538 0.07541 20.09781 0 -2.32500 59.82500 9.20889 0.22043 13
-1.91064 -0.07628 91.46949 0 2.30000 58.42500 42.51178 0.21731 -13
-0.18111 0.00151 31.10008 0 -0.02500 2.07500 30.60222 0.10234 -13
1.20446 0.02201 80.22203 0 -0.67500 -37.35000 51.25214 0.15766 13
-0.11976 -0.05627 9.47444 0 1.75000 5.42500 9.40743 0.10160 -13
-2.13645 -0.16014 31.32351 0 4.87500 64.85000 13.41740 0.23813 -13
-0.82326 0.12191 5.42255 0 -3.80000 25.25000 4.19888 0.13110 13
-0.84844 -0.27853 5.42255 0 8.27500 25.97500 4.19888 0.13487 13
0.66410 0.12081 46.28006 0 -3.62500 -19.45000 38.63830 0.12149 -13
0.68455 -0.27939 46.28006 0 8.45000 -20.07500 38.63830 0.12526 -13
-0.97031 0.10510 90.71362 0 -3.17500 32.02500 65.27616 0.14073 13
0.62202 -0.14395 15.64536 0 4.30000 -19.07500 13.32274 0.11946 13
-0.46463 -0.21600 64.32133 0 6.50000 17.95000 58.56424 0.11315 13
1.76657 -0.11159 19.98638 0 3.32500 -52.07500 9.89221 0.20469 13
-1.33452 -0.04398 35.28631 0 1.30000 37.85000 21.17269 0.16799 13
1.99438 -0.03159 88.44031 0 0.95000 -61.07500 39.65604 0.22470 13
-0.73316 0.02467 56.99075 0 -0.75000 21.47500 45.96619 0.12489 13
0.52844 0.12415 76.13005 0 -3.75000 -17.55000 67.42170 0.11459 13
0.54401 -0.27590 76.13005 0 8.32500 -18.00000 67.42170 0.11795 13
-1.06934 -0.12892 75.17138 0 3.87500 33.05000 51.57004 0.14800 13
1.98099 -0.07717 27.86092 0 2.37500 -61.07500 12.58392 0.22365 -13
0.49255 0.03462 79.05442 0 -1.05000 -13.67500 70.92701 0.11231 -13
-0.23045 0.04025 76.76376 0 -1.22500 4.92500 74.80642 0.10342 13
0.74299 -0.05245 93.52448 0 1.57500 -25.92500 75.10778 0.12557 13
1.50198 -0.06217 59.05467 0 1.85000 -45.10000 32.77154 0.18181 13
-0.37531 0.11689 34.30071 0 -3.50000 12.75000 32.13997 0.10820 -13
0.06833 0.02271 38.99671 0 -0.67500 -2.57500 38.90606 0.10096 -13
0.88624 -0.01188 29.84548 0 0.32500 -28.75000 22.33748 0.13456 13
1.56286 0.11287 55.15838 0 -3.40000 -49.60000 29.86220 0.18718 -13
0.20434 -0.16666 3.97262 0 4.90000 -7.12500 3.89436 0.10411 13
-0.30961 0.09017 25.46954 0 -2.70000 10.25000 24.33876 0.10580 -13
0.53155 0.01465 47.43539 0 -0.45000 -14.90000 41.88645 0.11406 13
-1.05530 0.05698 27.19132 0 -1.70000 34.22500 18.71925 0.14651 -13
1.57186 -0.08388 63.78812 0 2.55000 -46.72500 34.32559 0.18781 -13
-1.01958 0.13200 71.51153 0 -4.00000 29.72500 50.29392 0.14443 13
-1.04641 -0.26760 71.51153 0 8.05000 30.52500 50.29392 0.14821 13
-0.27519 -0.18297 56.73701 0 5.52500 7.82500 54.76610 0.10606 -13
-0.36412 -0.10155 6.28040 0 2.97500 10.22500 5.90496 0.10765 13
-0.73920 -0.08033 80.71006 0 2.42500 24.20000 64.97665 0.12549 -13
-0.58709 -0.15483 92.78350 0 4.67500 17.02500 80.25426 0.11781 13
-0.98181 0.05368 55.70385 0 -1.62500 28.42500 39.77586 0.14124 13
-0.40601 -0.17126 79.77534 0 5.17500 11.22500 74.06501 0.11005 -13
0.04856 0.00196 16.40427 0 -0.02500 -3.40000 16.38495 0.10083 -13
-2.16136 -0.00611 22.57869 0 0.12500 64.02500 9.48057 0.23983 13
0.06668 -0.18515 91.44178 0 5.60000 -2.25000 91.24588 0.10264 -13
-0.76052 -0.01848 11.39617 0 0.50000 23.77500 9.07147 0.12653 13
1.84622 -0.01697 24.94242 0 0.47500 -53.57500 11.88020 0.21146 13
-0.35764 -0.10446 18.76467 0 3.17500 12.35000 17.67950 0.10748 -13
0.43121 -0.17976 97.16281 0 5.42500 -12.40000 89.44061 0.11115 13
-0.23551 -0.09868 69.08639 0 2.97500 7.10000 67.26369 0.10393 13
-0.51788 0.03365 6.43533 0 -1.10000 14.32500 5.71531 0.11348 13
0.69745 -0.14257 96.31075 0 4.30000 -24.57500 79.25400 0.12362 -13
0.24215 -0.01674 45.03652 0 0.52500 -7.67500 43.77174 0.10363 -13
0.50187 0.09126 65.34188 0 -2.75000 -12.87500 58.44813 0.11305 -13
-0.22915 -0.03494 28.69425 0 1.07500 7.52500 27.97021 0.10338 -13
0.71789 -0.04839 38.92870 0 1.45000 -19.07500 31.63614 0.12406 13
-0.54054 0.03916 86.22340 0 -1.17500 15.77500 75.86431 0.11454 -13
0.45338 -0.01960 53.05578 0 0.60000 -13.25000 48.32295 0.11059 -13
-0.49123 0.00303 32.63134 0 -0.07500 13.97500 29.28853 0.11220 -13
-0.02677 0.11330 52.55632 0 -3.42500 -1.80000 52.53772 0.10139 13
-1.30418 -0.06253 30.32248 0 1.92500 40.82500 18.47325 0.16563 -13
-0.54290 0.01025 50.06123 0 -0.30000 16.37500 43.99631 0.11459 -13
0.32376 0.00539 4.00286 0 -0.30000 -11.75000 3.80818 0.10589 13
1.94359 -0.16078 72.65146 0 4.82500 -59.87500 33.57506 0.22069 13
0.76886 -0.00835 4.73874 0 0.12500 -21.82500 3.75676 0.12706 13
0.78023 0.06169 74.96207 0 -1.85000 -24.40000 59.14368 0.12788 -13
0.12929 -0.01983 73.47905 0 0.60000 -2.62500 72.87276 0.10156 -13
-0.46008 -0.11341 13.42654 0 3.37500 15.67500 12.21160 0.11142 13
1.02609 0.03200 53.82158 0 -0.97500 -32.02500 37.57437 0.14433 13
-1.68760 -0.09345 26.15233 0 2.85000 51.10000 13.37475 0.19779 -13
1.08158 0.04410 14.56888 0 -1.27500 -31.52500 9.89616 0.14840 -13
-1.20194 0.00806 34.69674 0 -0.22500 36.80000 22.19151 0.15746 -13
-1.08373 0.04913 87.23717 0 -1.50000 32.52500 59.19787 0.14859 13
0.82289 -0.22415 35.99178 0 6.75000 -25.95000 28.06426 0.13234 13
-0.67285 -0.04677 79.59715 0 1.40000 20.90000 66.06232 0.12147 13
-1.48193 -0.12119 64.81642 0 3.67500 44.37500 36.43716 0.18045 -13
-0.49911 -0.15410 36.80066 0 4.67500 14.00000 33.00363 0.11362 -13
-1.68772 -0.06589 21.29493 0 2.02500 52.45000 10.87334 0.19767 -13
-1.98378 -0.13049 68.60718 0 3.95000 58.02500 31.09024 0.22412 -13
0.51907 -0.23074 41.84348 0 6.97500 -16.57500 37.33925 0.11583 -13
-0.28307 -0.11291 87.71311 0 3.40000 10.70000 84.43600 0.10528 -13
-0.40969 -0.08016 26.81757 0 2.45000 12.27500 24.82723 0.10913 -13
-0.54899 -0.03838 34.77782 0 1.17500 16.55000 30.49108 0.11495 -13
1.62742 -0.08633 31.07999 0 2.57500 -47.62500 16.31498 0.19254 13
-1.50781 -0.07533 85.27449 0 2.27500 46.27500 47.22444 0.18237 -13
2.05673 0.11348 44.15635 0 -3.45000 -61.55000 19.40848 0.23059 13
-0.26923 0.01232 51.69350 0 -0.35000 6.82500 49.91636 0.10430 -13
-0.91097 0.10324 79.04165 0 -3.10000 26.32500 58.57167 0.13662 -13
-1.02840 -0.10568 55.91960 0 3.20000 31.75000 39.09520 0.14485 -13
-0.51475 -0.22052 91.61781 0 6.65000 12.87500 81.85778 0.11541 13
0.02902 -0.04146 24.92328 0 1.22500 -1.00000 24.91281 0.10084 13
0.70377 0.08308 14.25746 0 -2.55000 -19.75000 11.67251 0.12345 13
-1.11026 0.12940 98.81281 0 -3.90000 31.95000 66.43277 0.15103 -13
-1.14058 -0.27032 98.81281 0 8.15000 32.87500 66.43277 0.15518 -13
-1.18266 -0.01075 18.99211 0 0.37500 37.45000 12.26326 0.15597 -13
-1.28655 -0.15134 5.81793 0 4.70000 38.07500 3.59621 0.16491 -13
0.48705 -0.20031 1.81825 0 5.72500 -15.10000 1.64058 0.11380 13
0.28016 -0.15765 7.98805 0 4.70000 -8.25000 7.69860 0.10575 13
-0.37429 -0.22223 61.21180 0 6.70000 10.75000 57.49429 0.10982 13
-0.03001 -0.11054 56.05757 0 3.35000 3.20000 56.03263 0.10137 -13
1.54638 0.00485 8.85710 0 -0.05000 -45.85000 4.80937 0.18547 -13
1.30439 0.12924 30.42983 0 -3.87500 -41.60000 18.61048 0.16601 -13
1.34012 -0.27044 30.42983 0 8.17500 -42.67500 18.61048 0.17061 -13
0.40875 0.13776 51.84436 0 -4.15000 -10.52500 48.05452 0.10967 -13
0.41854 -0.26149 51.84436 0 7.90000 -10.82500 48.05452 0.11231 -13
-0.63066 -0.20744 45.59132 0 6.27500 19.92500 38.79120 0.12089 -13
0.76659 -0.23266 82.68757 0 7.00000 -22.07500 66.25680 0.12903 13
-1.22796 0.03198 62.48797 0 -0.97500 37.10000 39.47101 0.15951 13
-2.07202 -0.01290 99.68532 0 0.37500 60.85000 43.33126 0.23168 13
1.64776 -0.14842 71.84852 0 4.47500 -50.85000 37.57366 0.19465 13
0.67241 0.10527 76.10066 0 -3.17500 -19.62500 63.25994 0.12181 -13
-0.82807 0.12337 27.95566 0 -3.75000 26.12500 21.59739 0.13136 13
-0.85272 -0.27673 27.95566 0 8.32500 26.87500 21.59739 0.13523 13
-1.96579 0.14117 92.61671 0 -4.27500 58.47500 42.32301 0.22257 13
-2.01029 -0.25799 92.61671 0 7.77500 59.80000 42.32301 0.22757 13
0.29223 -0.24983 34.86126 0 7.52500 -9.07500 33.53941 0.10787 13
-0.20584 0.00091 6.88375 0 0.05000 6.15000 6.74249 0.10283 -13
-1.64929 -0.05984 64.44151 0 1.82500 52.00000 33.45403 0.19433 -13
1.82098 -0.08210 21.99066 0 2.42500 -54.65000 10.61219 0.20936 13
-0.39741 0.02341 66.99463 0 -0.72500 11.55000 62.26071 0.10839 13
0.33968 0.00236 14.35312 0 -0.10000 -10.30000 13.59043 0.10636 13
0.71336 -0.04009 18.31466 0 1.17500 -20.25000 14.91338 0.12377 13
-1.57489 0.05975 77.12568 0 -1.82500 47.20000 41.39416 0.18797 13
-1.02673 -0.05257 14.15096 0 1.62500 31.70000 9.88097 0.14444 -13
-0.92290 0.04143 40.89686 0 -1.22500 28.77500 30.06580 0.13710 -13
-0.52535 -0.07979 42.71185 0 2.42500 16.75000 37.83714 0.11404 -13
-1.73329 -0.03374 38.26001 0 1.00000 51.52500 19.12755 0.20155 13
-1.17200 -0.03237 34.41192 0 1.00000 36.80000 22.34270 0.15519 -13
-1.29186 -0.10070 26.40841 0 3.07500 38.10000 16.21637 0.16485 -13
-0.81967 0.10106 71.64518 0 -3.05000 24.20000 55.52279 0.13062 13
-0.71791 -0.13935 74.64336 0 4.20000 22.90000 60.83338 0.12476 -13
-0.16148 0.08301 76.60360 0 -2.50000 2.72500 75.63047 0.10235 13
-1.06690 0.01548 12.46152 0 -0.40000 32.22500 8.52254 0.14726 -13
-0.04056 0.02294 75.70202 0 -0.70000 0.00000 75.63992 0.10081 13
0.76291 0.12605 18.03823 0 -3.77500 -23.47500 14.38212 0.12729 -13
0.78478 -0.27375 18.03823 0 8.30000 -24.15000 14.38212 0.13100 -13
-1.67444 -0.19552 85.22970 0 5.90000 51.80000 44.30531 0.19740 -13
-1.58380 -0.19832 23.84557 0 5.95000 48.77500 12.90557 0.18965 13
1.30999 -0.11524 60.33502 0 3.50000 -40.97500 36.76257 0.16638 -13
0.17394 -0.15797 77.83748 0 4.77500 -4.17500 76.71344 0.10345 -13
0.01327 -0.03065 61.90144 0 0.92500 -1.07500 61.89599 0.10076 13
-1.09153 -0.21383 65.26863 0 6.45000 32.45000 44.62342 0.15064 -13
0.74625 -0.02685 70.15729 0 0.80000 -21.52500 56.23397 0.12569 13
-0.35177 -0.10179 8.16793 0 3.00000 10.50000 7.70930 0.10723 13
-1.03178 -0.04711 88.37773 0 1.42500 29.00000 61.54232 0.14478 -13
0.56622 -0.04784 53.43057 0 1.42500 -18.70000 46.50787 0.11582 13
0.42589 0.02744 87.30821 0 -0.82500 -14.10000 80.33158 0.10949 13
-0.24813 0.14609 27.99226 0 -4.42500 7.00000 27.18486 0.10480 13
-0.25325 -0.25286 27.99226 0 7.60000 7.15000 27.18486 0.10694 13
0.47060 0.05286 90.91021 0 -1.60000 -16.30000 82.27773 0.11142 -13
-0.55023 -0.07172 89.10659 0 2.15000 18.02500 78.11570 0.11517 13
-1.62749 -0.07903 10.31257 0 2.47500 47.75000 5.41090 0.19258 -13
-0.23550 -0.12014 58.62795 0 3.62500 7.90000 57.08807 0.10417 -13
0.52656 -0.00431 66.46553 0 0.12500 -18.95000 58.81071 0.11381 13
-0.16865 -0.15445 26.45892 0 4.67500 4.82500 26.09896 0.10331 -13
0.24394 -0.81820 26.45892 0 4.72500 4.75000 26.09896 0.10341 -13
-0.04439 0.88355 26.45892 0 5.57500 4.50000 26.09896 0.10722 -13
-0.60600 -0.00785 26.45892 0 4.77500 4.15000 26.09896 0.12064 -13
1.64444 -0.67274 26.45892 0 5.82500 5.47500 26.09896 0.13016 -13
1.53761 -1.11956 26.45892 0 6.32500 7.25000 26.09896 0.14526 -13
1.53600 -0.19552 74.61990 0 5.87500 -48.57500 41.25004 0.18560 13
-0.88994 -0.24934 42.93504 0 7.50000 26.60000 32.49632 0.13711 13
1.54983 0.07153 95.27671 0 -2.17500 -46.65000 51.74969 0.18588 13
0.65892 0.11186 79.82261 0 -3.37500 -22.10000 66.77885 0.12112 -13
-0.80270 0.02210 8.95975 0 -0.72500 24.60000 6.98787 0.12917 13
-0.22216 -0.01387 66.97312 0 0.42500 6.10000 65.37953 0.10317 -13
-0.85435 0.08441 45.13262 0 -2.52500 25.60000 34.36586 0.13271 -13
-0.46978 -0.09384 12.89446 0 2.80000 14.07500 11.68011 0.11165 13
0.38494 0.03979 1.43401 0 -0.82500 -12.35000 1.33865 0.10821 -13
1.72515 -0.22061 8.65945 0 6.52500 -50.85000 4.42032 0.20188 13
1.48701 -0.00237 95.04497 0 0.07500 -46.17500 53.03812 0.18046 -13
-0.13685 -0.12669 31.20533 0 3.80000 5.97500 30.92166 0.10243 13
-0.07078 0.05858 3.14293 0 -1.62500 1.85000 3.13514 0.10115 -13
0.02035 -0.04307 60.43201 0 1.30000 -2.12500 60.41953 0.10081 13
0.16460 -0.04634 7.28940 0 1.32500 -4.32500 7.19284 0.10216 13
1.31636 0.09530 74.63015 0 -2.87500 -39.47500 45.27464 0.16676 13
-0.57495 -0.06957 22.02129 0 2.07500 20.17500 19.10199 0.11637 13
0.92112 0.00853 3.76016 0 -0.07500 -27.50000 2.76561 0.13697 -13
-1.44211 0.13745 43.02905 0 -4.12500 44.80000 24.67409 0.17725 -13
-1.47673 -0.26186 43.02905 0 7.92500 45.87500 24.67409 0.18157 -13
0.29845 -0.05381 10.96848 0 1.57500 -8.70000 10.51151 0.10523 13
0.40511 -0.06379 3.07489 0 1.75000 -11.92500 2.85068 0.10887 13
-0.16952 -0.12228 80.73100 0 3.70000 5.57500 79.61174 0.10288 -13
0.21775 0.00244 31.25285 0 -0.05000 -6.37500 30.53726 0.10306 -13
0.35592 0.14859 30.47610 0 -4.50000 -11.55000 28.74671 0.10787 13
0.36291 -0.25025 30.47610 0 7.52500 -11.77500 28.74671 0.11004 13
-0.07722 -0.08684 27.70552 0 2.65000 1.20000 27.62385 0.10138 -13
1.32003 -0.13745 83.42165 0 4.12500 -38.02500 50.67328 0.16733 13
-0.28212 0.00622 23.59158 0 -0.17500 6.95000 22.70533 0.10464 -13
1.82558 -0.20180 68.13321 0 6.07500 -56.72500 33.23585 0.21059 13
0.27309 -0.01320 80.65179 0 0.40000 -7.37500 77.80347 0.10440 -13
1.82186 -0.04635 25.30693 0 1.42500 -55.92500 12.18746 0.20935 -13
-1.50771 -0.11517 85.66235 0 3.47500 43.65000 47.56549 0.18255 13
-0.37590 -0.12397 69.40745 0 3.72500 11.67500 65.02979 0.10830 13
0.00247 -0.13592 48.14692 0 4.10000 2.45000 48.14678 0.10162 13
0.74606 -0.14805 96.76794 0 4.47500 -24.12500 77.85970 0.12653 -13
0.54345 -0.01034 2.76179 0 0.50000 -18.45000 2.42657 0.11472 -13
-1.80889 -0.04448 3.19301 0 1.65000 56.00000 1.54573 0.20845 -13
0.06921 -0.20309 54.82369 0 6.12500 -4.87500 54.69801 0.10299 13
-1.05005 -0.24627 76.43039 0 7.42500 30.15000 53.51759 0.14810 13
-0.11379 0.10091 17.12214 0 -3.02500 4.52500 17.01347 0.10186 -13
0.24423 -0.10713 17.65929 0 3.20000 -6.97500 17.16057 0.10421 13
0.30081 -0.19899 4.27055 0 5.87500 -7.27500 4.09599 0.10701 13
-0.66966 -0.18385 82.48297 0 5.55000 19.67500 68.88453 0.12261 -13
-0.60287 -0.12088 2.81551 0 3.85000 18.60000 2.41600 0.11839 -13
-2.00763 -0.12489 43.91429 0 3.80000 56.97500 19.70069 0.22623 -13
-1.09992 0.12349 93.16773 0 -3.72500 33.42500 62.93344 0.15022 13
-1.13260 -0.27659 93.16773 0 8.32500 34.42500 62.93344 0.15467 13
-0.75705 -0.20261 19.31463 0 6.07500 19.62500 15.51100 0.12792 13
-0.23871 0.13631 43.15643 0 -4.10000 6.70000 41.99771 0.10444 -13
-0.24458 -0.26303 43.15643 0 7.95000 6.90000 41.99771 0.10702 -13
-0.39100 -0.23314 21.05180 0 7.00000 13.95000 19.67338 0.11063 13
2.11943 -0.20662 47.90425 0 6.25000 -63.10000 20.79227 0.23695 -13
-0.97373 0.05029 66.77616 0 -1.52500 28.60000 47.87133 0.14065 13
0.66474 -0.03966 83.02403 0 1.20000 -20.80000 69.15847 0.12099 13
-0.67275 -0.13712 34.74241 0 4.15000 19.20000 28.90972 0.12216 -13
-0.17010 -0.18357 8.55775 0 5.60000 3.15000 8.44046 0.10386 -13
-0.03555 -0.03888 24.96842 0 1.15000 1.05000 24.95270 0.10085 13
-1.14518 -0.21524 53.45736 0 6.50000 34.50000 35.61121 0.15465 -13
0.20473 -0.15147 47.11667 0 4.55000 -6.42500 46.18007 0.10391 13
-1.20459 0.08183 21.29673 0 -2.50000 33.25000 13.62972 0.15789 13
0.54823 0.13074 92.91178 0 -3.95000 -19.32500 81.63008 0.11560 13
0.56292 -0.26892 92.91178 0 8.10000 -19.77500 81.63008 0.11869 13
-0.13591 -0.08263 58.75487 0 2.50000 7.75000 58.22322 0.10197 -13
0.41625 -0.13545 42.52646 0 4.07500 -10.97500 39.31329 0.10992 13
1.03211 0.04814 1.42946 0 -1.95000 -32.57500 0.99575 0.14526 13
-0.17094 -0.06789 79.96589 0 2.05000 3.65000 78.82773 0.10239 13
1.94808 -0.21582 1.91398 0 5.97500 -57.40000 0.89070 0.22089 13
0.23121 -0.46936 1.91398 0 5.97500 -57.42500 0.89070 0.22091 13
-0.16542 0.65179 1.91398 0 7.60000 -57.90000 0.89070 0.22877 13
0.99792 -0.03522 1.91398 0 -4.20000 -57.32500 0.89070 0.23245 13
-0.86235 0.17689 1.91398 0 6.27500 -57.47500 0.89070 0.24203 13
0.34057 -0.81554 1.91398 0 7.07500 -56.60000 0.89070 0.25435 13
-0.80943 0.13276 58.36333 0 -4.00000 26.40000 45.52193 0.13024 -13
-0.83044 -0.26677 58.36333 0 8.05000 27.05000 45.52193 0.13364 -13
1.17107 -0.12778 36.70325 0 3.87500 -35.10000 23.94531 0.15562 -13
-1.64620 -0.05162 82.14088 0 1.55000 51.47500 42.68752 0.19403 13
1.86658 0.02228 58.53941 0 -0.65000 -54.07500 27.65015 0.21325 -13
-1.82690 -0.02385 6.15238 0 0.55000 56.15000 2.95452 0.20976 13
