-0.65292 -0.06320 84.88255 0 1.92500 19.05000 71.11658 0.12044 -13
-0.29336 0.11009 39.77725 0 -3.30000 6.05000 38.18706 0.10552 -13
0.22002 0.12138 79.00087 0 -3.67500 -5.55000 77.18131 0.10384 13
0.22675 -0.27883 79.00087 0 8.40000 -5.75000 77.18131 0.10700 13
-1.08442 -0.02686 56.35734 0 0.80000 32.32500 38.21265 0.14857 13
-0.15804 -0.19165 1.41127 0 5.42500 1.95000 1.39445 0.10384 13
-1.37999 -0.14604 63.77210 0 4.40000 39.15000 37.67944 0.17224 13
-0.10814 0.02471 78.13810 0 -0.75000 1.85000 77.68547 0.10132 -13
0.44984 -0.10500 60.01012 0 3.15000 -16.15000 54.77818 0.11092 13
2.02628 -0.16345 91.86562 0 4.92500 -61.07500 41.08770 0.22812 13
0.32123 -0.13965 2.68467 0 4.42500 -10.12500 2.55823 0.10689 -13
-0.46560 0.03041 62.55593 0 -0.92500 14.00000 56.71486 0.11113 13
-0.48750 -0.13473 65.59839 0 4.05000 14.60000 59.06613 0.11285 13
-0.39139 0.13248 20.20334 0 -3.97500 12.22500 18.83538 0.10895 -13
-0.40157 -0.26702 20.20334 0 8.07500 12.52500 18.83538 0.11183 -13
-0.47954 0.14084 35.12646 0 -4.27500 15.15000 31.73097 0.11259 13
-0.49040 -0.25835 35.12646 0 7.77500 15.47500 31.73097 0.11513 13
-0.30916 -0.09983 74.67070 0 3.02500 9.05000 71.36979 0.10588 -13
0.05109 -0.07444 55.60625 0 2.22500 -0.02500 55.53420 0.10111 13
-0.14545 -0.22616 42.80769 0 6.82500 3.52500 42.38329 0.10429 -13
0.33919 -0.12358 94.68617 0 3.72500 -10.07500 89.73828 0.10707 -13
-0.62119 -0.23627 10.72474 0 7.07500 18.05000 9.17800 0.12087 13
-0.19551 -0.21197 42.66013 0 6.40000 2.77500 41.90072 0.10482 -13
-0.37124 -0.04256 34.93834 0 1.30000 9.97500 32.75758 0.10751 -13
0.84617 -0.14990 26.07680 0 4.50000 -26.47500 19.99833 0.13276 13
0.64528 -0.11271 93.53577 0 3.40000 -19.37500 78.73875 0.12039 13
-0.19391 -0.04681 25.40274 0 1.42500 7.80000 24.93929 0.10269 -13
-0.38434 -0.08544 83.51722 0 2.57500 11.60000 77.99390 0.10822 13
0.42481 -0.01225 83.71792 0 0.37500 -12.25000 77.05447 0.10942 -13
0.44232 0.11266 71.59737 0 -3.40000 -13.30000 65.54528 0.11070 13
-0.70997 0.06223 85.95113 0 -1.87500 21.20000 70.12963 0.12366 -13
0.67985 0.06843 49.56224 0 -2.05000 -19.47500 41.01738 0.12196 -13
0.01084 0.14822 57.53801 0 -4.47500 1.32500 57.53471 0.10181 -13
0.01105 -0.25059 57.53801 0 7.57500 1.30000 57.53471 0.10383 -13
-0.16140 -0.18580 9.05949 0 5.65000 7.35000 8.94762 0.10375 -13
0.09124 0.00049 79.84027 0 -0.02500 -4.90000 79.50996 0.10112 13
0.09212 0.05634 25.44432 0 -1.67500 -4.85000 25.33738 0.10129 -13
-0.21482 -0.24462 85.42652 0 7.37500 7.87500 83.62531 0.10590 13
-0.00398 -0.01061 54.75972 0 0.30000 0.20000 54.75928 0.10071 13
-0.57693 0.12957 56.35538 0 -3.90000 18.82500 48.91485 0.11699 -13
-0.59264 -0.27014 56.35538 0 8.15000 19.30000 48.91485 0.12019 -13
1.46148 -0.14427 77.59825 0 4.37500 -45.40000 44.12654 0.17893 -13
1.81290 0.06469 78.66641 0 -1.95000 -53.47500 38.05696 0.20858 -13
1.71060 0.06645 51.82997 0 -2.02500 -51.77500 26.20049 0.19966 13
0.19815 -0.21684 82.55124 0 6.52500 -9.00000 81.04579 0.10495 13
0.70064 -0.07589 26.72555 0 2.30000 -23.10000 21.90912 0.12320 -13
-0.57940 -0.01585 29.88281 0 0.45000 16.72500 25.85712 0.11639 13
-0.65496 0.07667 97.15251 0 -2.30000 20.45000 81.34343 0.12062 -13
-1.20518 0.10859 16.27266 0 -3.22500 36.12500 10.42711 0.15806 -13
0.07188 -0.03012 13.63226 0 0.95000 -0.37500 13.59722 0.10101 -13
-0.41568 -0.15008 43.95076 0 4.55000 13.47500 40.65012 0.11010 -13
0.41081 -0.00155 71.93742 0 0.05000 -17.25000 66.54115 0.10887 13
0.99340 -0.02715 34.92566 0 0.85000 -29.52500 24.78233 0.14198 -13
0.75000 -0.13542 81.13721 0 4.07500 -22.90000 65.12106 0.12661 13
0.31570 -0.10689 8.51917 0 3.27500 -10.82500 8.12819 0.10618 -13
-0.02404 -0.09522 62.50032 0 2.87500 1.50000 62.48244 0.10119 -13
0.12980 -0.21177 10.94001 0 6.35000 -2.80000 10.85277 0.10373 13
-0.56110 -0.17438 87.76519 0 5.25000 18.37500 76.81149 0.11680 13
0.73229 0.09330 82.60536 0 -2.82500 -20.35000 66.74705 0.12517 13
-0.49093 -0.15057 10.57263 0 4.60000 15.90000 9.51119 0.11324 -13
-1.03829 -0.22983 2.64242 0 6.55000 33.30000 1.86072 0.14646 13
0.05015 -0.00182 37.55547 0 0.05000 -1.00000 37.50833 0.10083 13
-1.64711 -0.02340 33.32989 0 0.72500 49.62500 17.30006 0.19407 -13
-0.33847 -0.16847 39.99634 0 5.10000 13.05000 37.93891 0.10767 -13
0.42894 0.05819 47.79259 0 -1.77500 -13.30000 43.93378 0.10974 13
-0.58040 -0.05283 23.38589 0 1.57500 17.05000 20.23306 0.11655 13
1.83402 0.00751 30.88653 0 -0.25000 -54.77500 14.78642 0.21036 13
0.37815 -0.11366 58.60284 0 3.45000 -11.25000 54.85833 0.10827 -13
-0.99408 0.14103 89.16465 0 -4.25000 32.65000 63.54498 0.14270 -13
-1.01660 -0.25809 89.16465 0 7.80000 33.32500 63.54498 0.14595 -13
0.82195 0.12939 8.64471 0 -3.82500 -26.57500 6.70081 0.13097 -13
0.84436 -0.27020 8.64471 0 8.22500 -27.27500 6.70081 0.13468 -13
-1.06471 -0.16858 22.71619 0 5.05000 32.72500 15.66718 0.14804 13
-2.01549 0.03653 40.62336 0 -1.12500 57.17500 18.06490 0.22661 13
-1.55804 -0.12934 99.64825 0 3.90000 47.35000 54.14046 0.18690 -13
-1.96634 0.03436 48.54027 0 -1.05000 58.65000 22.01343 0.22219 13
-0.21490 0.02358 22.32448 0 -0.67500 6.85000 21.82641 0.10303 -13
1.05407 -0.24063 17.58710 0 7.22500 -32.42500 12.28321 0.14825 13
-1.01763 -0.23405 53.65884 0 7.05000 32.37500 38.11606 0.14559 13
0.06748 -0.06614 32.34242 0 1.97500 -1.05000 32.26936 0.10115 13
1.29858 0.02787 20.35488 0 -0.80000 -36.07500 12.42215 0.16507 -13
1.00714 -0.00437 60.98763 0 0.12500 -28.82500 42.97144 0.14292 13
-1.63244 0.12987 67.12859 0 -3.90000 45.80000 35.27845 0.19322 -13
-1.67674 -0.26982 67.12859 0 8.15000 47.15000 35.27845 0.19850 -13
-0.83122 -0.23762 67.08371 0 7.15000 25.67500 52.16165 0.13311 13
0.61794 0.09314 50.08232 0 -2.80000 -19.05000 42.65471 0.11875 -13
-0.63091 0.06992 18.02240 0 -2.07500 17.75000 15.25300 0.11927 -13
0.10759 -0.22495 2.87084 0 6.97500 -2.30000 2.85514 0.10399 -13
0.29742 0.14313 6.75304 0 -4.25000 -9.07500 6.47808 0.10602 -13
0.30391 -0.25590 6.75304 0 7.80000 -9.27500 6.47808 0.10844 -13
0.64362 -0.09082 56.16511 0 2.72500 -21.47500 47.28526 0.12010 13
-0.69785 -0.02868 86.04848 0 0.87500 19.60000 70.57469 0.12283 -13
-0.12684 -0.01994 45.40173 0 0.62500 3.32500 45.04103 0.10153 -13
0.09077 -0.22367 39.28053 0 6.72500 -3.10000 39.12734 0.10358 13
-0.32726 -0.23664 10.63534 0 7.20000 9.10000 10.13396 0.10865 -13
0.11733 -0.05824 89.02938 0 1.75000 -2.15000 88.42487 0.10156 13
0.15927 -0.12715 88.00362 0 3.82500 -6.67500 86.92539 0.10277 13
-0.41138 0.15346 3.59045 0 -4.47500 12.42500 3.32590 0.10995 -13
-0.41861 -0.24475 3.59045 0 7.55000 12.67500 3.32590 0.11211 -13
0.09268 0.00728 93.36909 0 -0.22500 -2.47500 92.97070 0.10114 13
1.35098 0.06839 31.22103 0 -2.02500 -38.75000 18.60243 0.16940 -13
0.02257 0.02504 52.27082 0 -0.77500 -0.97500 52.25752 0.10076 13
0.28659 -0.14549 63.19176 0 4.40000 -7.95000 60.79444 0.10578 -13
1.54990 -0.16136 91.87726 0 4.87500 -46.85000 50.26445 0.18647 -13
1.40766 -0.23928 72.94525 0 7.20000 -42.70000 43.02689 0.17553 13
0.27232 -0.11238 29.71244 0 3.37500 -8.70000 28.68098 0.10498 13
-1.29362 -0.14746 85.17263 0 4.45000 39.67500 52.44146 0.16532 13
-0.91119 0.11966 66.13045 0 -3.60000 27.57500 49.03930 0.13676 -13
-0.93968 -0.28063 66.13045 0 8.47500 28.45000 49.03930 0.14106 -13
-0.03169 -0.15355 52.56631 0 4.62500 0.60000 52.54054 0.10193 13
-0.57469 0.02140 73.38739 0 -0.65000 18.72500 63.63234 0.11617 -13
-0.77245 0.04486 87.52521 0 -1.35000 22.57500 69.29256 0.12733 -13
-0.91989 -0.05854 65.39194 0 1.77500 29.10000 48.16443 0.13696 -13
-0.52441 -0.17838 11.77409 0 5.32500 13.07500 10.46210 0.11510 13
-0.57818 -0.15696 28.70190 0 4.75000 17.37500 24.92315 0.11740 -13
-0.46686 0.02523 72.17657 0 -0.75000 14.90000 65.40449 0.11116 -13
1.43773 -0.03535 14.47513 0 1.00000 -44.72500 8.26898 0.17639 13
0.03228 0.09746 29.65601 0 -2.95000 -2.17500 29.64073 0.10124 13
0.31894 0.03268 66.54181 0 -1.00000 -11.90000 63.39868 0.10575 13
-0.19791 -0.04433 76.54776 0 1.35000 5.77500 75.09391 0.10275 -13
0.63476 0.14178 79.51962 0 -4.27500 -19.17500 67.32718 0.12013 13
0.64896 -0.25733 79.51962 0 7.75000 -19.60000 67.32718 0.12281 13
0.47416 -0.11950 30.85634 0 3.57500 -15.17500 27.91691 0.11209 13
1.25734 -0.18151 72.00703 0 5.47500 -38.20000 45.26676 0.16282 -13
0.61426 -0.13712 92.80261 0 4.12500 -17.87500 79.27664 0.11898 13
-0.15150 -0.24670 32.20826 0 7.42500 7.72500 31.86540 0.10483 13
1.48115 0.08285 68.36299 0 -2.50000 -45.77500 38.34268 0.18017 13
-0.44348 -0.10449 98.28743 0 3.15000 13.62500 89.92822 0.11066 13
-0.46996 -0.23974 31.02859 0 7.22500 16.15000 28.22128 0.11384 13
-0.71739 -0.15177 25.31417 0 4.55000 25.80000 20.64757 0.12486 13
1.38797 -0.16691 46.28988 0 5.02500 -44.25000 27.30317 0.17308 13
0.29566 0.09213 47.79258 0 -2.77500 -10.27500 45.84684 0.10541 -13
-0.04993 -0.10442 73.83312 0 3.15000 2.17500 73.74229 0.10138 -13
0.24860 -0.05774 57.37454 0 1.72500 -6.75000 55.68523 0.10393 13
-0.84264 -0.02105 85.07783 0 0.65000 25.12500 65.06582 0.13170 -13
0.67598 -0.08826 50.37220 0 2.67500 -21.12500 41.78247 0.12189 -13
-0.60398 0.07509 31.36758 0 -2.25000 21.02500 26.87019 0.11789 -13
-2.00536 -0.19801 94.99095 0 5.95000 60.15000 43.04617 0.22652 13
0.54628 -0.04188 10.24589 0 1.32500 -18.75000 8.99360 0.11484 -13
-0.69668 -0.20493 37.57780 0 6.17500 19.82500 31.03766 0.12444 13
-0.13090 -0.10666 53.74560 0 3.20000 4.87500 53.29599 0.10212 13
-0.23687 -0.09216 27.57726 0 2.80000 4.20000 26.84055 0.10391 -13
0.12602 -0.10446 11.77502 0 3.20000 -6.47500 11.68358 0.10207 -13
-1.57992 -0.23897 66.82933 0 7.20000 48.60000 36.45109 0.18982 13
-0.87046 0.07374 69.10975 0 -2.22500 24.60000 52.18843 0.13372 13
-0.97020 -0.19312 54.48207 0 5.82500 28.82500 39.44842 0.14164 13
0.17063 -0.03154 27.75124 0 0.97500 -3.27500 27.35628 0.10221 -13
-0.32964 -0.17403 16.40519 0 5.22500 12.87500 15.60303 0.10746 13
0.49647 0.11143 69.72953 0 -3.37500 -15.40000 62.53169 0.11299 13
-0.78656 -0.08059 30.09617 0 2.40000 22.15000 23.68492 0.12837 13
-0.11897 0.10168 44.99862 0 -3.05000 1.52500 44.68671 0.10192 -13
-0.70890 0.11370 69.39992 0 -3.42500 24.05000 56.73820 0.12397 -13
-0.07629 0.07633 45.69207 0 -2.30000 1.97500 45.56041 0.10129 -13
0.13881 0.13013 64.15688 0 -3.92500 -0.77500 63.55759 0.10250 -13
0.14256 -0.26954 64.15688 0 8.15000 -0.87500 63.55759 0.10529 -13
-0.54187 -0.09497 81.16028 0 2.85000 15.05000 71.43009 0.11493 13
-0.25909 0.10787 16.53533 0 -3.27500 7.82500 16.01261 0.10461 13
-0.24272 -0.06319 47.68718 0 1.90000 8.35000 46.34676 0.10382 13
0.10191 0.06197 99.20982 0 -1.87500 -2.75000 98.70050 0.10141 13
-0.47939 0.09640 5.68526 0 -2.80000 13.62500 5.13106 0.11208 -13
0.46306 -0.11405 57.30326 0 3.45000 -13.62500 52.05788 0.11157 -13
-0.23720 -0.18484 41.90112 0 5.60000 8.50000 40.80573 0.10517 -13
0.30295 0.12353 42.66130 0 -3.72500 -11.05000 40.85460 0.10596 13
0.31196 -0.27655 42.66130 0 8.32500 -11.30000 40.85460 0.10909 13
-0.66932 -0.10890 44.56079 0 3.30000 18.22500 37.09867 0.12169 -13
-0.29898 0.10811 71.00080 0 -3.25000 9.15000 68.05759 0.10567 -13
-0.42123 -0.16186 91.15275 0 4.90000 11.00000 84.16592 0.11049 -13
0.57141 -0.02135 71.81706 0 0.65000 -18.80000 62.35857 0.11600 -13
-1.14714 -0.07196 58.33962 0 2.17500 34.87500 38.39195 0.15343 -13
1.91506 0.08808 32.49798 0 -2.70000 -55.75000 15.08815 0.21776 13
-0.25927 -0.24502 87.98371 0 7.40000 6.20000 85.32017 0.10693 -13
0.23626 -0.07456 20.03491 0 2.27500 -7.85000 19.50090 0.10376 -13
0.77920 0.07268 29.65857 0 -2.20000 -25.52500 23.41825 0.12788 13
-0.65366 0.03778 19.10108 0 -1.17500 21.52500 15.99167 0.12038 13
-0.12305 -0.20615 99.23323 0 6.22500 -0.17500 98.52038 0.10356 13
1.25819 -0.15688 34.69695 0 4.75000 -38.05000 21.74928 0.16263 -13
0.33067 -0.13610 23.57996 0 4.07500 -9.65000 22.40798 0.10694 13
1.30214 -0.22443 76.64884 0 6.77500 -38.60000 47.40642 0.16688 -13
-0.17888 0.07628 6.13125 0 -2.22500 4.60000 6.03604 0.10258 -13
0.40192 0.09412 16.44669 0 -2.87500 -12.20000 15.26951 0.10896 13
-0.78127 -0.03765 9.83690 0 1.07500 24.25000 7.75372 0.12785 13
-1.00167 -0.15260 51.49749 0 4.60000 31.55000 36.59326 0.14335 13
-0.35686 -0.01752 51.43909 0 0.52500 11.60000 48.44749 0.10694 13
-0.49277 -0.16951 67.34161 0 5.10000 14.92500 60.57138 0.11355 13
-0.26986 -0.11198 68.55951 0 3.37500 9.30000 66.21934 0.10491 13
0.57925 -0.19954 76.62578 0 6.02500 -16.00000 66.62676 0.11809 13
2.09822 -0.20321 37.79997 0 6.15000 -63.22500 16.53072 0.23502 -13
0.84948 -0.19061 95.12777 0 5.75000 -24.85000 73.03878 0.13352 -13
0.49178 -0.14014 8.06189 0 4.15000 -13.55000 7.24878 0.11307 13
-0.62753 -0.09405 84.03507 0 2.85000 17.77500 71.26902 0.11927 -13
-0.60180 0.14253 7.68525 0 -4.37500 17.02500 6.60200 0.11846 13
-0.61512 -0.25668 7.68525 0 7.67500 17.40000 6.60200 0.12096 13
-0.66774 -0.16705 3.49512 0 4.87500 21.77500 2.91870 0.12221 13
-1.17813 0.14662 57.62869 0 -4.42500 34.60000 37.52326 0.15632 13
-1.20221 -0.25230 57.62869 0 7.60000 35.32500 37.52326 0.15949 13
0.61158 0.01528 35.46539 0 -0.47500 -19.50000 30.25660 0.11806 13
-0.66802 0.09056 26.85229 0 -2.70000 20.30000 22.35675 0.12144 -13
-1.33110 -0.10302 22.60199 0 3.15000 40.32500 13.62118 0.16801 -13
1.19133 -0.12143 97.50612 0 3.67500 -36.35000 62.95769 0.15711 -13
-0.63261 -0.04313 80.17751 0 1.30000 17.65000 67.77570 0.11924 -13
1.02401 0.01207 73.53787 0 -0.37500 -31.87500 51.38020 0.14414 13
-0.15378 -0.00846 92.08458 0 0.25000 5.30000 91.01484 0.10189 13
-1.01385 -0.05739 34.57218 0 1.70000 28.35000 24.29759 0.14352 13
-0.33576 -0.11997 89.73074 0 3.62500 10.87500 85.12525 0.10691 13
0.20321 0.07384 55.50653 0 -2.22500 -8.52500 54.40058 0.10303 -13
-0.34667 -0.10468 61.25709 0 3.15000 8.32500 57.91153 0.10710 13
0.23089 -0.00486 11.72086 0 0.10000 -7.82500 11.42035 0.10336 13
-1.08190 -0.08453 1.44533 0 2.07500 31.27500 0.98288 0.14884 13
0.61153 0.08002 41.05276 0 -2.40000 -17.65000 35.05195 0.11832 -13
1.93400 -0.03854 64.13171 0 1.17500 -58.15000 29.47330 0.21929 -13
1.57529 -0.10364 81.24823 0 3.12500 -46.22500 43.71007 0.18819 13
0.28018 0.10442 41.62389 0 -3.12500 -6.60000 40.09615 0.10510 -13
1.03294 -0.20917 75.64887 0 6.30000 -31.10000 53.19657 0.14630 13
0.22502 -0.21319 43.51390 0 6.42500 -6.42500 42.49679 0.10542 13
-0.68297 -0.22166 68.46387 0 6.67500 17.60000 56.96251 0.12397 13
0.86685 0.13502 86.17572 0 -4.07500 -26.90000 65.36794 0.13397 13
0.88862 -0.26444 86.17572 0 7.97500 -27.55000 65.36794 0.13731 13
0.08403 -0.01193 66.14421 0 0.37500 -3.00000 65.91194 0.10107 -13
0.93157 0.00747 35.52652 0 -0.20000 -26.65000 25.99496 0.13763 -13
-1.79576 0.05508 56.56705 0 -1.65000 54.97500 27.55306 0.20705 -13
0.20453 -0.05138 89.76618 0 1.55000 -6.67500 87.95025 0.10292 -13
-1.36237 -0.01547 19.87592 0 0.42500 39.32500 11.76189 0.17019 13
-0.17072 -0.06286 71.41713 0 1.90000 4.77500 70.40248 0.10236 -13
1.43771 0.02493 19.44304 0 -0.80000 -39.55000 11.10445 0.17639 13
0.71384 0.07432 32.37506 0 -2.22500 -21.25000 26.37497 0.12394 -13
-0.06527 -0.21867 26.57963 0 6.62500 5.02500 26.52580 0.10331 -13
-0.11788 -0.20207 53.80957 0 6.07500 2.12500 53.45389 0.10341 13
0.36737 -0.08632 52.33275 0 2.60000 -9.52500 49.14445 0.10763 13
0.90897 0.13451 68.67470 0 -4.07500 -27.05000 51.02380 0.13676 13
0.93194 -0.26494 68.67470 0 7.97500 -27.75000 51.02380 0.14020 13
0.71014 -0.01953 94.58099 0 0.57500 -22.50000 77.11931 0.12353 13
0.20034 -0.13957 77.04433 0 4.20000 -6.97500 75.57105 0.10366 13
-1.32987 0.12669 71.63592 0 -3.80000 37.40000 43.27224 0.16803 -13
-1.36766 -0.27317 71.63592 0 8.25000 38.55000 43.27224 0.17283 -13
1.41625 0.02968 77.74323 0 -0.87500 -42.80000 44.85549 0.17461 -13
1.12442 -0.03204 68.99846 0 0.97500 -34.82500 45.86605 0.15158 -13
-0.78512 -0.08044 89.85242 0 2.42500 22.57500 70.76016 0.12829 -13
-0.01676 0.03548 84.09650 0 -1.07500 -0.42500 84.08470 0.10078 13
-0.81019 -0.06377 72.82065 0 1.92500 26.10000 56.62614 0.12976 13
-1.75745 -0.22846 8.49303 0 7.00000 55.72500 4.28121 0.20511 -13
0.10635 0.09693 20.58658 0 -2.95000 -1.62500 20.47220 0.10175 13
1.11741 -0.15568 36.37966 0 4.67500 -33.95000 24.42198 0.15180 13
0.03993 0.00749 88.32540 0 -0.22500 -2.07500 88.25505 0.10079 13
-0.50316 -0.06285 56.30059 0 1.90000 16.50000 50.31275 0.11289 -13
9.96382 10.26700 56.30059 0 1.92500 16.50000 50.31275 0.11299 -13
3.56413 3.29925 56.30059 0 1.97500 16.60000 50.31275 0.11333 -13
1.35922 0.85520 56.30059 0 2.22500 16.97500 50.31275 0.11500 -13
-1.50059 -0.06468 56.30059 0 1.47500 16.47500 50.31275 0.12409 -13
-0.06844 0.02856 32.10599 0 -0.85000 2.25000 32.03109 0.10098 -13
-1.35612 -0.02863 18.34206 0 0.90000 42.80000 10.88862 0.16972 -13
1.13072 -0.17031 41.10495 0 5.12500 -31.67500 27.44898 0.15296 13
-0.43568 0.08373 35.95451 0 -2.55000 12.85000 32.98028 0.11017 13
-0.19780 0.06417 20.05682 0 -1.95000 4.62500 19.67733 0.10286 13
-0.85514 0.07839 69.54932 0 -2.35000 23.52500 52.92622 0.13274 -13
-0.26717 0.08519 22.04211 0 -2.60000 8.37500 21.30028 0.10460 13
0.19463 -0.09644 24.69683 0 2.90000 -7.27500 24.24611 0.10305 13
-0.57239 -0.16409 11.86879 0 4.90000 18.65000 10.33424 0.11718 13
1.02429 -0.12550 44.86683 0 3.80000 -31.82500 31.46810 0.14472 -13
-1.81484 -0.16613 88.28274 0 5.02500 53.65000 43.05088 0.20935 -13
-0.46245 -0.10059 44.86629 0 3.05000 12.95000 40.75886 0.11142 -13
-1.69205 -0.02468 2.10492 0 0.27500 49.87500 1.07132 0.19812 13
-1.01663 0.08742 10.79288 0 -2.70000 31.37500 7.58309 0.14391 13
0.45620 -0.11754 87.42411 0 3.55000 -13.20000 79.63188 0.11132 -13
-0.69212 0.10349 44.38060 0 -3.12500 21.75000 36.55531 0.12292 13
1.54782 -0.15007 13.47550 0 4.45000 -47.60000 7.37034 0.18613 13
0.55382 0.07265 16.65194 0 -2.22500 -17.95000 14.57612 0.11536 13
-0.34608 -0.20981 90.95512 0 6.32500 11.87500 86.14770 0.10864 -13
-0.53303 -0.24448 52.73637 0 7.37500 12.97500 46.83148 0.11673 13
-0.88712 0.02855 20.16101 0 -0.90000 25.10000 15.08447 0.13465 13
-1.01254 -0.05934 72.96353 0 1.80000 30.92500 51.31696 0.14344 -13
0.83392 0.13349 88.37440 0 -4.02500 -27.27500 68.11659 0.13181 -13
0.85533 -0.26600 88.37440 0 8.02500 -27.92500 68.11659 0.13521 -13
2.17309 0.10036 51.03088 0 -3.05000 -64.72500 21.42010 0.24113 13
0.63705 0.00021 14.05025 0 -0.05000 -15.42500 11.84998 0.11940 13
0.05585 0.08376 35.23867 0 -2.55000 -1.17500 35.18421 0.10121 13
0.15036 0.00019 84.31728 0 -0.00000 -4.72500 83.37997 0.10183 13
1.36750 -0.08984 80.42453 0 2.70000 -41.55000 47.59676 0.17084 13
2.00370 -0.21142 44.21540 0 6.35000 -62.30000 20.09071 0.22649 13
-0.26357 0.10373 29.70048 0 -3.15000 9.27500 28.72960 0.10467 13
-0.26802 0.01186 13.08900 0 -0.40000 6.90000 12.64280 0.10427 13
0.36108 0.14654 41.76939 0 -4.40000 -7.77500 39.33441 0.10807 -13
0.36847 -0.25235 41.76939 0 7.62500 -8.00000 39.33441 0.11030 -13
-0.07525 -0.20561 91.67453 0 6.20000 0.02500 91.42651 0.10309 13
-0.38553 -0.06467 70.65079 0 1.95000 11.60000 65.93920 0.10813 -13
-0.30752 -0.02664 65.31923 0 0.80000 12.07500 62.43572 0.10539 -13
-0.55969 -0.13578 53.72518 0 4.10000 16.27500 46.98329 0.11622 -13
1.50339 0.07466 49.13994 0 -2.27500 -44.92500 27.26815 0.18199 13
0.66015 0.11093 63.32944 0 -3.35000 -18.47500 52.94905 0.12118 -13
-0.19328 0.07393 32.48935 0 -2.25000 6.82500 31.90214 0.10284 13
1.29122 -0.16776 13.09005 0 5.00000 -42.80000 8.08433 0.16528 13
0.23045 0.03672 96.57690 0 -1.10000 -6.92500 94.11344 0.10341 13
-0.97669 0.11236 1.53470 0 -2.92500 28.15000 1.10036 0.14145 -13
0.62809 -0.06198 1.11813 0 1.37500 -20.55000 0.94743 0.11950 13
0.39524 0.04806 38.15823 0 -1.42500 -11.67500 35.49247 0.10839 -13
0.91597 -0.07212 65.14575 0 2.17500 -27.12500 48.09595 0.13675 13
-0.00455 -0.10737 46.52155 0 3.25000 -1.65000 46.52107 0.10128 -13
0.59036 0.01628 89.62458 0 -0.47500 -17.65000 77.18127 0.11695 -13
0.92127 0.05397 82.39755 0 -1.62500 -27.52500 60.64059 0.13703 -13
-0.71186 0.04112 54.00908 0 -1.25000 20.65000 44.01208 0.12369 13
-2.14685 0.01795 90.74926 0 -0.52500 64.57500 38.32315 0.23850 -13
0.10972 -0.17433 58.69554 0 5.27500 -0.97500 58.35561 0.10282 -13
0.89685 -0.02132 47.35927 0 0.62500 -25.90000 35.26005 0.13529 13
0.00558 -0.10198 63.84242 0 3.07500 -1.82500 63.84145 0.10123 -13
-1.41404 -0.08996 40.29426 0 2.70000 44.50000 23.32796 0.17463 13
-1.58612 -0.05222 21.50861 0 1.52500 49.65000 11.48232 0.18888 13
-0.05709 -0.18919 43.26151 0 5.70000 -0.05000 43.19362 0.10264 13
-0.01746 -0.04067 2.65059 0 1.40000 3.75000 2.65019 0.10091 -13
0.78045 -0.23111 8.53700 0 6.90000 -23.87500 6.79551 0.12978 13
-2.04140 -0.23961 58.38852 0 7.25000 60.35000 26.26733 0.23022 -13
-0.71429 0.10164 42.62921 0 -3.07500 18.45000 34.74856 0.12419 13
0.30107 -0.05392 77.62119 0 1.62500 -9.17500 74.33451 0.10531 13
0.69436 0.07561 51.18792 0 -2.30000 -20.05000 42.08521 0.12284 13
0.23161 0.03727 59.46522 0 -1.12500 -7.55000 57.93366 0.10343 13
0.98459 -0.10975 85.80180 0 3.30000 -30.57500 61.31975 0.14175 13
0.57697 -0.15881 80.39448 0 4.80000 -16.70000 69.84989 0.11736 -13
0.66814 -0.24430 24.01765 0 7.35000 -22.07500 20.14684 0.12356 13
1.30807 0.07065 76.45634 0 -2.12500 -39.35000 46.50805 0.16596 -13
0.28010 -0.11645 47.90051 0 3.50000 -8.47500 46.14773 0.10523 13
-1.25428 -0.18220 13.03809 0 5.55000 37.07500 8.20939 0.16263 -13
-1.05236 -0.23315 4.79510 0 6.87500 31.32500 3.34837 0.14795 13
0.20111 -0.24474 7.64911 0 7.30000 -4.85000 7.50710 0.10559 13
0.97509 0.06646 58.93824 0 -2.00000 -29.05000 42.24337 0.14080 -13
-0.26782 -0.24250 32.10180 0 7.32500 6.45000 31.06681 0.10708 -13
-0.04809 -0.20758 89.20759 0 6.25000 0.05000 89.10888 0.10296 13
0.07633 0.03846 39.70786 0 -1.17500 -3.27500 39.59284 0.10107 13
0.16733 -0.13147 90.87989 0 3.97500 -5.75000 89.65447 0.10296 -13
0.99673 0.03384 28.99465 0 -1.05000 -26.65000 20.54184 0.14223 13
-2.12979 0.03516 98.73006 0 -1.07500 63.55000 41.98320 0.23698 13
-0.32005 -0.22202 79.93351 0 6.70000 9.92500 76.29602 0.10808 -13
-0.48070 -0.11738 21.20523 0 3.57500 12.87500 19.13628 0.11237 -13
2.01510 -0.20553 71.64426 0 6.17500 -60.25000 32.37833 0.22746 13
-0.52853 0.10096 26.16716 0 -3.07500 16.20000 23.16020 0.11437 13
0.30582 0.11970 66.31946 0 -3.60000 -9.65000 63.45847 0.10599 -13
0.31540 -0.28056 66.31946 0 8.47500 -9.92500 63.45847 0.10931 -13
1.16220 -0.21431 7.81071 0 6.57500 -36.20000 5.16015 0.15603 -13
0.54563 -0.15665 22.53558 0 4.75000 -17.32500 19.83704 0.11581 -13
0.71002 -0.19969 76.94096 0 6.02500 -21.80000 63.14253 0.12512 13
1.14982 -0.11060 15.36927 0 3.37500 -35.67500 10.12033 0.15389 -13
0.91962 0.11150 99.75982 0 -3.35000 -29.72500 73.63732 0.13727 -13
1.08852 -0.24385 94.29203 0 7.35000 -33.35000 64.78474 0.15086 13
0.14164 0.01769 8.47795 0 -0.60000 -4.60000 8.39419 0.10173 13
1.75084 0.10366 80.01632 0 -3.15000 -54.77500 39.84510 0.20333 13
-0.90794 -0.02948 31.09089 0 0.87500 27.50000 23.02279 0.13605 13
-0.10350 -0.19257 94.13481 0 5.80000 5.12500 93.65238 0.10308 13
-0.25822 0.01155 61.55085 0 -0.35000 7.65000 59.59627 0.10401 13
-1.19050 -0.08956 83.73072 0 2.70000 37.32500 53.97999 0.15684 -13
-1.14648 -0.13290 93.21205 0 4.00000 36.67500 61.57476 0.15378 13
0.23633 0.13985 52.82265 0 -4.20000 -6.90000 51.43275 0.10443 -13
0.24178 -0.25931 52.82265 0 7.82500 -7.07500 51.43275 0.10685 -13
0.72858 -0.04553 6.83382 0 1.45000 -22.30000 5.52526 0.12471 -13
-1.08548 0.00933 36.83355 0 -0.27500 33.82500 24.95716 0.14863 -13
0.60515 -0.20897 4.87723 0 6.17500 -18.55000 4.19645 0.11950 13
2.03234 -0.24108 16.24073 0 7.35000 -61.62500 7.33326 0.22955 -13
-0.12340 0.08714 18.91071 0 -2.60000 4.00000 18.76946 0.10184 -13
-1.84718 -0.10289 92.52804 0 3.10000 56.92500 44.22993 0.21177 13
0.45482 -0.16158 72.40504 0 4.87500 -13.80000 66.05231 0.11182 13
1.02743 0.04471 2.32373 0 -1.05000 -34.05000 1.62156 0.14455 -13
1.05918 -0.00247 1.39896 0 -0.45000 -32.05000 0.96030 0.14715 13
0.76398 0.04381 87.40557 0 -1.32500 -21.05000 69.48044 0.12680 -13
0.93546 -0.01383 46.76282 0 0.42500 -27.45000 34.15139 0.13791 -13
1.56859 0.09105 11.04979 0 -2.67500 -43.77500 5.95800 0.18750 -13
0.33337 0.08321 50.14350 0 -2.52500 -10.12500 47.58616 0.10649 13
1.84063 0.05535 19.37517 0 -1.72500 -55.37500 9.26018 0.21105 13
0.15335 -0.14642 40.42490 0 4.40000 -4.80000 39.96745 0.10294 13
0.88874 -0.10597 92.02890 0 3.20000 -24.70000 68.95755 0.13515 13
0.50288 -0.05350 37.49758 0 1.62500 -15.07500 33.50980 0.11285 -13
0.86765 -0.10311 10.28535 0 3.17500 -27.92500 7.78636 0.13377 -13
0.84418 -0.11122 95.13103 0 3.35000 -24.55000 72.87765 0.13227 -13
0.57412 -0.05187 21.81730 0 1.55000 -17.77500 18.92707 0.11623 13
-0.21617 -0.19728 2.80646 0 6.15000 4.27500 2.74547 0.10513 -13
-0.83843 -0.15727 73.70005 0 4.75000 27.50000 56.75977 0.13237 -13
0.59828 -0.05105 79.82644 0 1.52500 -18.47500 68.52591 0.11746 13
1.78335 -0.00185 31.60084 0 0.02500 -55.37500 15.45591 0.20590 13
-0.15480 0.00775 70.07100 0 -0.25000 3.70000 69.24626 0.10191 13
0.63109 0.00878 79.84596 0 -0.27500 -17.70000 67.52456 0.11908 13
0.94658 -0.12401 67.34168 0 3.72500 -30.37500 49.08257 0.13922 13
0.72291 -0.01795 84.90043 0 0.52500 -23.62500 68.80845 0.12427 13
-1.07552 0.02082 85.89863 0 -0.62500 33.95000 58.49740 0.14791 13
-0.33709 -0.15633 36.38437 0 4.70000 7.77500 34.52018 0.10742 13
1.92993 -0.11799 74.11544 0 3.55000 -59.12500 34.28390 0.21920 13
-0.96709 -0.10522 62.64979 0 3.17500 29.77500 45.15468 0.14049 13
0.58517 -0.14232 33.01355 0 4.27500 -18.47500 28.56630 0.11754 13
-0.14824 -0.14357 58.05351 0 4.32500 2.95000 57.43840 0.10282 13
-0.88347 -0.09219 43.47318 0 2.80000 25.35000 32.64014 0.13470 -13
-1.07790 -0.19193 49.68749 0 5.77500 33.20000 34.12092 0.14931 13
0.18192 -0.01322 52.42049 0 0.40000 -5.25000 51.57416 0.10236 13
0.53457 0.07266 3.92612 0 -2.32500 -20.02500 3.46454 0.11450 13
-0.88827 -0.10603 85.32833 0 3.20000 29.85000 63.95182 0.13512 13
-2.19671 0.05759 34.89488 0 -1.70000 64.30000 14.47795 0.24311 -13
0.99286 -0.04221 60.54734 0 1.25000 -31.47500 42.98650 0.14197 13
-2.09841 0.08254 23.29213 0 -2.55000 64.95000 10.04834 0.23421 13
0.51770 -0.21696 80.22447 0 6.52500 -17.17500 71.58434 0.11548 13
-0.54496 0.08269 64.27111 0 -2.47500 15.05000 56.47880 0.11499 -13
-0.13504 -0.06675 83.82728 0 2.00000 2.62500 83.07652 0.10184 13
1.96958 -0.08726 89.14268 0 2.65000 -61.22500 40.47862 0.22262 -13
0.46282 0.05513 17.66004 0 -1.70000 -13.25000 16.03121 0.11111 13
0.50543 -0.03972 60.49289 0 1.20000 -14.82500 53.99825 0.11291 13
-0.73566 -0.21742 90.61058 0 6.57500 25.30000 73.57344 0.12693 -13
1.46618 -0.12562 14.39198 0 3.72500 -42.77500 8.15339 0.17911 13
0.76109 0.06343 82.56292 0 -1.90000 -22.50000 65.74734 0.12671 -13
-0.63055 -0.21056 95.39925 0 6.35000 19.02500 81.18798 0.12092 13
0.60975 0.12926 29.34803 0 -3.92500 -15.95000 25.11296 0.11857 13
0.62640 -0.27047 29.34803 0 8.15000 -16.45000 25.11296 0.12190 13
-1.21163 -0.21514 25.44180 0 6.52500 38.15000 16.41241 0.15971 -13
-0.17501 -0.02679 77.94763 0 0.80000 2.27500 76.78143 0.10227 13
-0.85714 -0.04066 47.40188 0 1.25000 24.47500 36.00240 0.13270 -13
1.70913 -0.04123 68.73705 0 1.22500 -54.10000 34.73377 0.19945 13
0.58646 -0.08762 42.56424 0 2.62500 -18.50000 36.75170 0.11707 13
-0.44626 -0.12723 70.69092 0 3.85000 14.05000 64.64027 0.11102 -13
0.62833 0.08009 16.17839 0 -2.37500 -19.50000 13.71095 0.11920 -13
-0.55426 -0.04209 87.83747 0 1.27500 16.72500 76.84210 0.11521 -13
-1.12326 0.09888 39.91179 0 -3.00000 33.52500 26.61066 0.15179 13
-0.26052 -0.20428 88.27309 0 6.17500 7.30000 85.53057 0.10608 -13
0.70757 0.06569 52.73285 0 -1.97500 -21.22500 43.07773 0.12354 -13
-0.66555 -0.21352 64.48963 0 6.45000 18.60000 54.04898 0.12287 -13
0.16574 0.05583 41.62930 0 -1.70000 -3.17500 41.07078 0.10223 13
-1.03143 -0.06571 57.47192 0 1.97500 34.05000 40.04932 0.14482 13
-0.74636 0.08573 99.68432 0 -2.60000 22.82500 79.99160 0.12596 13
-0.05056 0.09097 66.83597 0 -2.75000 3.40000 66.75139 0.10125 -13
0.33505 -0.13174 11.75616 0 4.02500 -13.10000 11.15678 0.10705 -13
-0.33718 -0.05136 74.31552 0 1.55000 9.15000 70.42965 0.10640 13
0.52864 0.07793 94.44970 0 -2.35000 -13.62500 83.55454 0.11418 13
1.60206 -0.05889 50.03758 0 1.80000 -49.07500 26.52823 0.19028 -13
1.17863 0.14319 7.77560 0 -4.42500 -36.47500 5.05993 0.15642 13
1.20433 -0.25598 7.77560 0 7.62500 -37.20000 5.05993 0.15963 13
0.35419 -0.09955 33.98079 0 3.02500 -8.15000 32.04870 0.10731 -13
-0.97111 0.02473 13.12445 0 -0.80000 29.22500 9.41697 0.14040 13
-2.13197 0.14863 42.95782 0 -4.45000 64.50000 18.40492 0.23759 -13
-0.18351 -0.17672 93.05737 0 5.32500 2.85000 91.57430 0.10392 13
-0.61656 -0.13215 18.59390 0 4.02500 18.15000 15.86436 0.11907 -13
1.24146 0.13532 87.06271 0 -4.10000 -37.80000 54.91523 0.16112 13
1.27243 -0.26411 87.06271 0 7.95000 -38.72500 54.91523 0.16512 13
-1.80779 0.11603 42.01030 0 -3.47500 54.50000 20.43909 0.20836 -13
0.82551 0.09417 97.66544 0 -2.82500 -25.50000 75.45158 0.13093 -13
1.04212 0.12776 59.60589 0 -3.85000 -30.55000 41.44351 0.14601 -13
1.07127 -0.27204 59.60589 0 8.22500 -31.42500 41.44351 0.15012 -13
-2.16879 -0.11209 49.32501 0 3.40000 63.70000 20.76025 0.24079 -13
-0.49661 -0.20331 74.75273 0 6.15000 16.82500 67.21574 0.11429 -13
0.29984 0.01037 85.24948 0 -0.32500 -11.25000 81.65816 0.10514 13
0.29623 -0.05316 24.57510 0 1.62500 -9.30000 23.56571 0.10517 -13
0.58290 -0.19069 55.47526 0 5.77500 -16.50000 48.14198 0.11814 -13
0.51327 0.04421 49.88825 0 -1.35000 -15.07500 44.39239 0.11328 13
0.02966 0.00185 99.41771 0 -0.05000 1.80000 99.37401 0.10075 13
0.25769 0.06273 83.84165 0 -1.90000 -10.57500 81.19926 0.10418 13
0.08167 0.13417 50.96246 0 -4.05000 -5.05000 50.79631 0.10194 13
0.08375 -0.26531 50.96246 0 8.00000 -5.10000 50.79631 0.10452 13
0.58810 0.00259 41.35965 0 -0.10000 -17.27500 35.65156 0.11683 13
0.46266 -0.00449 95.71026 0 0.15000 -12.65000 86.86396 0.11096 -13
0.96269 -0.17685 22.95369 0 5.37500 -30.20000 16.65816 0.14094 -13
0.69362 0.01110 85.91448 0 -0.32500 -21.82500 70.59612 0.12255 -13
0.63191 0.12960 19.86177 0 -3.95000 -19.72500 16.82985 0.11986 13
0.64918 -0.27016 19.86177 0 8.12500 -20.25000 16.82985 0.12308 13
0.79248 -0.24428 10.98382 0 7.30000 -23.70000 8.70401 0.13076 13
0.67764 0.14632 3.30536 0 -4.25000 -18.40000 2.74565 0.12248 -13
0.69143 -0.25231 3.30536 0 7.80000 -18.85000 2.74565 0.12528 -13
0.59969 -0.09064 81.64820 0 2.75000 -19.57500 70.09804 0.11778 -13
0.29902 0.01373 35.03175 0 -0.42500 -8.07500 33.56354 0.10512 13
-1.57401 0.05961 34.90341 0 -1.82500 47.75000 18.74024 0.18790 13
-2.04896 -0.06183 33.47416 0 1.82500 60.70000 14.70422 0.22968 13
1.33666 -0.14890 25.28212 0 4.52500 -38.92500 15.25157 0.16880 -13
0.59479 0.02210 89.56805 0 -0.67500 -14.45000 76.98528 0.11719 13
-1.46558 0.10240 33.87749 0 -3.12500 46.05000 19.16264 0.17898 13
-1.51628 0.04667 91.46389 0 -1.40000 45.22500 50.39417 0.18297 -13
-0.26258 -0.03276 98.72995 0 1.00000 8.45000 95.49604 0.10417 -13
0.74719 0.06173 43.97148 0 -1.85000 -21.32500 35.24892 0.12586 -13
0.54924 -0.23505 27.21653 0 7.10000 -17.55000 24.00099 0.11733 -13
-0.52385 -0.05524 35.77800 0 1.67500 15.72500 31.70316 0.11382 -13
-0.17541 0.14012 5.25151 0 -4.32500 2.75000 5.17394 0.10328 13
-0.17950 -0.25920 5.25151 0 7.72500 2.87500 5.17394 0.10552 13
0.19926 -0.21299 14.63373 0 6.45000 -6.27500 14.36353 0.10493 -13
1.17680 0.04342 74.02475 0 -1.30000 -33.55000 47.96069 0.15557 -13
0.53062 0.05845 36.38920 0 -1.77500 -16.80000 32.15616 0.11416 13
0.21359 -0.17058 61.64100 0 5.15000 -5.62500 60.31856 0.10440 -13
-0.51729 -0.22679 21.85375 0 6.82500 17.47500 19.51135 0.11563 13
-0.98080 -0.16914 68.71887 0 5.10000 29.55000 49.39875 0.14207 13
0.60524 0.10061 41.95483 0 -3.02500 -21.27500 35.94093 0.11814 -13
1.17904 0.12218 90.83378 0 -3.67500 -34.15000 59.00629 0.15616 -13
1.21471 -0.27796 90.83378 0 8.40000 -35.22500 59.00629 0.16091 -13
-0.82322 -0.07977 27.41288 0 2.42500 22.50000 21.19110 0.13069 -13
-1.81550 -0.12940 88.12379 0 3.92500 51.47500 42.78695 0.20915 -13
-1.32102 -0.04200 18.30084 0 1.32500 38.15000 11.05211 0.16692 -13
0.91688 -0.00228 54.62122 0 0.05000 -29.85000 40.25989 0.13663 13
0.85427 -0.21760 90.30950 0 6.57500 -21.57500 69.32973 0.13425 -13
-1.26503 -0.06833 87.24341 0 2.05000 38.82500 54.18017 0.16254 13
-0.70963 -0.12696 85.76958 0 3.82500 18.95000 70.13360 0.12414 13
-0.12670 0.04100 72.60478 0 -1.25000 4.90000 72.02989 0.10159 13
-0.51986 -0.09117 77.74826 0 2.75000 15.02500 69.04419 0.11387 13
-0.78594 -0.08334 71.94974 0 2.52500 22.02500 56.64328 0.12836 -13
-0.31387 -0.03853 35.22890 0 1.15000 8.82500 33.61444 0.10562 13
1.94656 -0.13780 76.56698 0 4.15000 -57.52500 35.24834 0.22081 13
0.40359 0.01058 77.71503 0 -0.32500 -13.17500 72.06754 0.10860 -13
0.86823 0.07711 62.41059 0 -2.32500 -25.65000 47.18666 0.13359 13
0.48050 -0.06309 7.09497 0 1.82500 -13.50000 6.39745 0.11190 13
-1.56372 -0.17116 87.55334 0 5.15000 47.12500 47.65334 0.18771 13
-2.13102 0.07692 25.35920 0 -2.37500 63.22500 10.79820 0.23722 13
-0.15369 -0.06778 38.57657 0 2.05000 6.00000 38.13082 0.10212 -13
0.88869 0.04432 56.39419 0 -1.32500 -24.42500 42.17215 0.13479 -13
1.10179 -0.12960 22.02724 0 3.87500 -31.47500 14.87156 0.15038 13
-0.31209 0.12695 7.02009 0 -3.75000 11.32500 6.70609 0.10624 -13
-0.32091 -0.27285 7.02009 0 8.30000 11.60000 6.70609 0.10936 -13
