0.19006 -0.13055 66.90436 0 3.92500 -6.95000 65.74700 0.10334 13
-0.86180 -0.20070 85.46170 0 6.05000 25.40000 65.27907 0.13446 13
-0.34195 -0.17469 90.56067 0 5.27500 9.17500 85.82259 0.10786 13
-0.21807 -0.04519 94.41065 0 1.35000 7.97500 92.24721 0.10317 13
-0.44207 -0.07848 62.30001 0 2.37500 10.82500 57.00903 0.11039 -13
-1.41405 -0.13031 7.51036 0 4.05000 41.90000 4.36070 0.17501 -13
-0.66455 -0.05113 42.32347 0 1.55000 20.55000 35.26373 0.12102 -13
-1.12782 0.11959 10.66096 0 -3.67500 35.02500 7.10098 0.15231 13
-1.16314 -0.28095 10.66096 0 8.40000 36.07500 7.10098 0.15694 13
0.02729 -0.14878 71.60831 0 4.47500 -1.02500 71.58226 0.10184 13
1.63962 -0.08788 32.02357 0 2.67500 -49.22500 16.72130 0.19362 -13
1.76850 -0.08963 36.51497 0 2.67500 -51.47500 18.02782 0.20477 13
-0.58064 0.03539 89.05060 0 -1.07500 17.12500 77.02232 0.11650 -13
1.70210 -0.15641 49.04666 0 4.72500 -53.15000 25.06799 0.19944 -13
-1.38040 -0.00486 45.89069 0 0.17500 40.40000 26.92216 0.17166 -13
-0.18412 0.07832 38.40724 0 -2.37500 5.72500 37.77601 0.10270 13
-0.31902 -0.11396 4.43745 0 3.32500 10.30000 4.23012 0.10631 13
0.31137 -0.13049 3.81113 0 3.80000 -8.70000 3.64154 0.10627 13
0.29437 -0.24678 97.99844 0 7.45000 -10.37500 94.22565 0.10787 13
-0.22615 -0.13467 24.68936 0 4.07500 10.60000 24.09166 0.10414 -13
-0.67244 0.11305 15.49416 0 -3.37500 19.75000 12.88298 0.12187 -13
0.03320 -0.16464 16.94870 0 5.00000 -1.82500 16.93961 0.10213 -13
-1.13352 0.10848 68.24425 0 -3.25000 32.82500 45.29614 0.15261 -13
-1.22044 -0.17178 13.64602 0 5.12500 37.97500 8.72396 0.15978 13
-0.30244 -0.03413 6.83610 0 1.10000 9.90000 6.54364 0.10528 -13
-1.82588 -0.18560 82.54979 0 5.60000 56.05000 40.17230 0.21048 -13
-0.37493 0.06473 23.31857 0 -1.97500 10.87500 21.83983 0.10775 13
-1.66739 0.02675 68.38246 0 -0.80000 47.95000 35.18041 0.19581 -13
-0.22883 0.13121 10.45054 0 -4.00000 6.52500 10.19157 0.10417 13
-0.23489 -0.26859 10.45054 0 8.05000 6.70000 10.19157 0.10688 13
0.55183 -0.04240 48.20381 0 1.27500 -16.35000 42.21283 0.11509 13
0.95181 -0.12367 5.32738 0 3.60000 -26.15000 3.87295 0.13954 13
0.63854 0.12335 1.54907 0 -3.35000 -17.20000 1.30870 0.12022 -13
1.30853 0.05784 64.80400 0 -1.75000 -39.05000 39.39096 0.16595 13
-1.92626 -0.13694 31.30347 0 4.10000 56.47500 14.52857 0.21896 13
0.96701 0.14834 62.85647 0 -4.47500 -27.22500 45.42231 0.14088 13
0.98611 -0.25048 62.85647 0 7.55000 -27.80000 45.42231 0.14364 13
1.99521 -0.14105 66.53122 0 4.25000 -60.05000 30.04663 0.22517 13
-0.03079 -0.01609 91.56850 0 0.50000 0.52500 91.52514 0.10076 -13
-0.87599 -0.01882 66.30779 0 0.55000 28.50000 49.88092 0.13389 13
-0.77874 -0.16242 34.70624 0 4.92500 22.27500 27.51661 0.12869 -13
-0.73292 -0.01831 29.45485 0 0.52500 20.92500 23.75852 0.12486 13
1.12942 -0.19825 40.04178 0 5.97500 -34.00000 26.82935 0.15320 13
0.43145 -0.04632 25.98415 0 1.42500 -13.02500 23.86231 0.10978 -13
1.56145 0.09692 67.93969 0 -2.90000 -46.02500 36.76210 0.18697 -13
-1.00358 -0.06675 20.78731 0 2.05000 31.80000 14.68900 0.14284 -13
-1.65469 -0.17097 86.03973 0 5.15000 49.97500 44.97108 0.19545 13
-0.34191 0.08916 23.58969 0 -2.67500 9.87500 22.33016 0.10680 -13
-0.56253 0.00215 25.02132 0 -0.05000 16.25000 21.80775 0.11554 -13
-0.05647 0.11945 39.15530 0 -3.62500 1.75000 39.09392 0.10158 13
-0.05823 -0.28090 39.15530 0 8.45000 1.80000 39.09392 0.10475 13
-2.06928 -0.19361 63.80657 0 5.82500 60.50000 28.17926 0.23223 13
1.60357 0.12512 63.85269 0 -3.75000 -47.42500 33.97677 0.19072 -13
1.65015 -0.27481 63.85269 0 8.30000 -48.82500 33.97677 0.19629 -13
1.11396 -0.24458 21.38794 0 7.42500 -34.25000 14.51611 0.15280 -13
0.63051 -0.05881 38.78420 0 1.80000 -19.87500 32.82355 0.11920 -13
0.17151 -0.17386 54.45108 0 5.22500 -6.15000 53.68983 0.10366 13
-1.10553 0.09439 77.41289 0 -2.85000 33.02500 52.05715 0.15042 13
-1.76038 0.03494 35.56347 0 -1.02500 53.70000 17.57386 0.20390 -13
0.25121 0.03370 53.05632 0 -1.00000 -10.90000 51.45912 0.10389 -13
-0.93583 0.08880 55.45168 0 -2.67500 28.70000 40.56200 0.13821 -13
2.07763 0.05875 36.75669 0 -1.80000 -61.52500 15.96347 0.23227 13
-0.39189 0.04778 55.43913 0 -1.42500 11.52500 51.62481 0.10827 -13
0.09500 -0.02797 4.53702 0 0.95000 -1.70000 4.51668 0.10124 -13
0.43901 0.06955 32.42399 0 -2.12500 -14.60000 29.70071 0.11020 13
2.17735 -0.08488 35.64957 0 2.52500 -64.95000 14.92299 0.24131 13
0.76797 -0.22086 90.96869 0 6.65000 -22.62500 72.77827 0.12890 13
-1.00407 0.00542 42.10346 0 -0.15000 30.07500 29.71123 0.14271 -13
-0.29958 0.07204 21.60676 0 -2.20000 11.75000 20.70219 0.10538 13
-1.90498 -0.15806 86.78793 0 4.75000 57.95000 40.72962 0.21723 13
-1.32198 -0.18032 72.40790 0 5.42500 41.25000 44.12753 0.16790 13
0.30252 0.09132 3.33067 0 -2.90000 -9.55000 3.18895 0.10572 13
0.50859 -0.01974 42.61696 0 0.60000 -12.30000 37.98803 0.11300 -13
-1.20651 -0.10605 26.80626 0 3.22500 38.02500 17.16301 0.15818 -13
0.56399 0.02354 34.51569 0 -0.70000 -17.25000 30.06621 0.11564 -13
1.37863 -0.14484 87.06473 0 4.37500 -39.75000 51.46740 0.17214 -13
0.21032 -0.12581 10.47813 0 3.85000 -6.75000 10.25737 0.10371 -13
1.07928 -0.15642 49.77096 0 4.72500 -33.75000 34.04623 0.14901 -13
-1.49995 0.04041 44.13539 0 -1.20000 46.35000 24.49695 0.18158 -13
-0.73364 0.05405 71.01102 0 -1.62500 20.90000 57.28451 0.12501 -13
0.23507 -0.16499 31.07334 0 5.00000 -7.72500 30.26993 0.10478 -13
0.11119 -0.03806 78.58718 0 1.15000 -3.22500 78.10657 0.10139 13
-0.06668 -0.18464 88.29318 0 5.57500 1.15000 88.10397 0.10263 -13
-0.75736 0.01319 55.85130 0 -0.40000 23.90000 44.52464 0.12634 13
-0.44778 -0.01058 77.70150 0 0.30000 11.47500 70.91699 0.11034 13
0.07264 -0.20117 59.01728 0 6.07500 -3.25000 58.86820 0.10299 -13
0.48895 -0.07141 87.29036 0 2.15000 -16.15000 78.45705 0.11232 13
-0.40345 -0.15387 87.94144 0 4.62500 15.10000 81.68656 0.10969 13
0.19043 -0.10004 90.88333 0 3.02500 -5.75000 89.29438 0.10301 -13
0.36374 -0.11921 28.58229 0 3.57500 -8.65000 26.88255 0.10782 13
-1.11822 -0.03043 97.29697 0 0.92500 35.30000 64.87527 0.15110 -13
-0.38333 -0.18183 7.07720 0 5.40000 12.02500 6.62182 0.10936 13
0.80159 0.02866 92.86107 0 -0.85000 -23.60000 72.46777 0.12910 -13
-0.22488 0.06611 46.68477 0 -2.00000 6.47500 45.55191 0.10344 13
0.88175 -0.01571 93.15076 0 0.47500 -24.95000 69.87258 0.13427 -13
0.42623 0.12302 38.61839 0 -3.70000 -13.40000 35.56676 0.11016 -13
0.43898 -0.27704 38.61839 0 8.37500 -13.77500 35.56676 0.11348 -13
0.92813 0.00221 79.56238 0 -0.07500 -26.67500 58.31574 0.13740 13
1.57508 -0.09082 70.47981 0 2.75000 -47.90000 37.88639 0.18812 -13
1.30784 -0.06033 78.93778 0 1.82500 -39.45000 48.00175 0.16591 -13
-0.20739 -0.03093 82.17961 0 0.95000 5.45000 80.46902 0.10289 -13
0.80832 -0.05681 62.91893 0 1.72500 -23.40000 48.96369 0.12962 -13
-0.21270 0.03360 93.71867 0 -1.02500 7.97500 91.67014 0.10301 13
0.37150 -0.10620 10.95833 0 3.25000 -9.67500 10.27955 0.10798 -13
-0.45899 -0.07018 6.09857 0 2.02500 12.67500 5.54527 0.11102 13
0.24953 -0.22690 74.74808 0 6.82500 -7.85000 72.62852 0.10628 13
1.03649 -0.06658 95.76690 0 2.02500 -29.72500 66.56946 0.14519 -13
-0.23823 0.09788 3.00438 0 -2.80000 7.17500 2.92332 0.10400 -13
0.03840 0.13719 34.54952 0 -4.12500 1.35000 34.52456 0.10171 -13
0.03932 -0.26210 34.54952 0 7.92500 1.32500 34.52456 0.10419 -13
-1.00766 0.05337 47.01106 0 -1.60000 30.30000 33.13834 0.14306 -13
-1.18602 -0.12657 83.71506 0 3.82500 35.22500 54.21381 0.15675 -13
-1.24962 -0.12845 95.63405 0 3.87500 36.50000 60.05067 0.16169 13
-1.52072 -0.20886 69.26558 0 6.32500 43.85000 38.62507 0.18450 -13
-0.09253 0.13561 32.66347 0 -4.07500 1.32500 32.52698 0.10205 -13
-0.09481 -0.26377 32.66347 0 7.97500 1.37500 32.52698 0.10460 -13
0.11152 0.12629 77.85828 0 -3.82500 -3.17500 77.38594 0.10213 13
0.11473 -0.27362 77.85828 0 8.25000 -3.27500 77.38594 0.10504 13
-1.48064 -0.04055 60.79232 0 1.22500 44.85000 34.04453 0.17997 -13
-1.33585 0.00474 72.78722 0 -0.15000 38.80000 43.61989 0.16804 13
-0.20656 -0.11792 90.65254 0 3.55000 5.25000 88.80316 0.10352 -13
-0.10655 0.06500 54.82274 0 -1.97500 3.52500 54.51543 0.10149 13
1.59155 -0.08676 80.71023 0 2.62500 -50.10000 43.05438 0.18949 -13
1.07974 -0.16664 40.27568 0 5.00000 -32.77500 27.56842 0.14913 13
0.78805 -0.23075 6.66451 0 6.87500 -24.45000 5.28581 0.13024 13
-0.09291 0.03913 78.65282 0 -1.17500 3.32500 78.31597 0.10121 13
0.96064 -0.21380 4.04117 0 6.27500 -28.05000 2.94526 0.14118 13
0.52369 -0.09410 6.98781 0 2.75000 -17.30000 6.19636 0.11405 13
-0.58248 0.03577 24.90879 0 -1.10000 17.05000 21.52707 0.11660 13
-1.43553 -0.14361 84.66809 0 4.35000 43.22500 48.72826 0.17679 -13
0.04295 0.06198 26.30643 0 -1.90000 -2.05000 26.28229 0.10099 13
-0.32536 0.12932 85.89092 0 -3.90000 10.95000 81.74095 0.10670 13
-0.33426 -0.27041 85.89092 0 8.15000 11.22500 81.74095 0.10961 13
-0.50204 -0.20369 56.52855 0 6.12500 14.35000 50.72351 0.11453 13
-1.38195 0.14074 66.41464 0 -4.22500 39.10000 39.18486 0.17235 -13
-1.41342 -0.25842 66.41464 0 7.80000 40.05000 39.18486 0.17631 -13
-0.38918 0.06425 23.07763 0 -1.92500 11.80000 21.51232 0.10825 -13
0.75588 -0.11697 92.71914 0 3.52500 -23.17500 74.14836 0.12679 -13
0.28944 0.06714 13.53149 0 -2.07500 -8.30000 13.00019 0.10507 13
0.13611 -0.23331 13.91429 0 7.07500 -6.12500 13.79352 0.10434 -13
1.18240 -0.00626 75.20501 0 0.17500 -36.67500 48.56473 0.15594 13
1.33896 -0.10846 10.28779 0 3.35000 -41.32500 6.17916 0.16870 -13
-2.06435 0.03192 30.97700 0 -0.92500 62.50000 13.50925 0.23101 -13
-0.54797 -0.20011 73.16687 0 6.02500 15.50000 64.45216 0.11658 13
0.72611 0.12158 98.13517 0 -3.67500 -21.80000 79.60971 0.12505 -13
0.74824 -0.27858 98.13517 0 8.40000 -22.47500 79.60971 0.12887 -13
-0.08947 -0.12992 49.52523 0 3.90000 3.70000 49.33144 0.10194 13
-0.05207 -0.21463 80.96337 0 6.47500 2.77500 80.85868 0.10313 13
1.27626 0.04544 66.93294 0 -1.37500 -41.37500 41.30818 0.16334 13
-0.05514 -0.17799 69.98373 0 5.37500 0.80000 69.88085 0.10244 -13
0.26501 -0.11682 29.20538 0 3.50000 -9.00000 28.24328 0.10483 13
1.43866 -0.04028 19.18119 0 1.17500 -41.42500 10.95294 0.17649 13
0.11561 -0.18832 71.20707 0 5.67500 -1.82500 70.75188 0.10313 13
-0.47145 -0.05731 68.75749 0 1.75000 12.65000 62.21076 0.11149 -13
0.34108 0.12884 2.32905 0 -4.12500 -8.02500 2.20614 0.10741 13
0.35018 -0.27113 2.32905 0 7.92500 -8.27500 2.20614 0.11004 13
-1.02482 0.13984 84.97103 0 -4.22500 31.90000 59.63599 0.14489 13
-1.04855 -0.25935 84.97103 0 7.82500 32.62500 59.63599 0.14822 13
1.66892 0.11186 58.26159 0 -3.35000 -52.17500 30.08326 0.19624 -13
-0.10045 -0.12320 40.82178 0 3.70000 3.02500 40.62043 0.10197 13
-0.97033 0.11479 20.64444 0 -3.50000 31.17500 14.86357 0.14081 13
0.00747 -0.16901 7.56006 0 5.17500 -1.60000 7.55985 0.10218 -13
1.97499 0.05987 96.75308 0 -1.82500 -57.32500 43.76818 0.22301 13
-0.72708 -0.10419 32.71402 0 3.15000 19.05000 26.50880 0.12496 -13
-0.26102 -0.15229 43.39164 0 4.57500 5.45000 42.01559 0.10519 13
-0.06502 -0.07791 85.55858 0 2.35000 0.62500 85.37934 0.10122 -13
-0.06980 0.00965 56.78946 0 -0.30000 4.62500 56.65167 0.10095 13
0.30156 -0.20392 18.09845 0 6.17500 -6.82500 17.35657 0.10720 -13
-0.08644 -0.13656 85.65100 0 4.12500 2.32500 85.33866 0.10201 13
-0.66798 0.02270 84.15798 0 -0.67500 19.52500 69.98683 0.12112 -13
0.22518 -0.06175 57.19772 0 1.87500 -7.77500 55.80553 0.10341 -13
0.13400 0.14945 15.44340 0 -4.47500 -3.82500 15.30953 0.10270 -13
0.13658 -0.24930 15.44340 0 7.55000 -3.90000 15.30953 0.10472 -13
-1.50731 -0.14585 61.15081 0 4.42500 45.57500 34.05286 0.18277 -13
-0.25100 -0.12326 99.88058 0 3.72500 8.20000 96.91856 0.10457 -13
-0.97850 0.01461 25.49923 0 -0.47500 29.92500 18.22638 0.14090 13
0.92217 0.00848 46.38622 0 -0.27500 -29.10000 34.10073 0.13699 13
-0.78443 0.00410 35.77296 0 -0.15000 20.72500 28.14717 0.12799 13
-0.59223 -0.24657 20.22703 0 7.40000 15.97500 17.53495 0.11962 13
-0.26862 -0.13313 17.95254 0 3.97500 9.02500 17.34799 0.10512 13
0.47820 -0.04115 11.29203 0 1.20000 -15.90000 10.18891 0.11170 13
-0.71964 0.12357 25.27547 0 -3.70000 20.95000 20.56845 0.12468 -13
-0.74102 -0.27644 25.27547 0 8.37500 21.60000 20.56845 0.12842 -13
0.42649 -0.00992 41.44495 0 0.30000 -14.75000 38.12293 0.10948 13
0.15652 -0.17112 36.81920 0 5.17500 -7.82500 36.38868 0.10338 -13
-0.43586 -0.14196 84.91575 0 4.27500 12.20000 77.96578 0.11077 13
-0.24690 0.04945 34.86122 0 -1.47500 5.92500 33.84724 0.10385 -13
0.72665 0.12438 21.70912 0 -3.77500 -23.32500 17.60862 0.12513 13
0.74799 -0.27569 21.70912 0 8.27500 -23.97500 17.60862 0.12875 13
-0.44248 -0.02888 95.30173 0 0.87500 11.60000 87.15699 0.11016 -13
-1.44923 -0.19178 79.50969 0 5.80000 41.37500 45.71000 0.17837 -13
-0.09216 0.01879 84.93066 0 -0.57500 2.05000 84.57240 0.10115 13
0.11168 -0.02136 88.45081 0 0.65000 -2.97500 87.90462 0.10136 -13
-0.91700 0.11814 3.28803 0 -3.35000 26.42500 2.43112 0.13711 -13
-0.50014 0.00504 48.73771 0 -0.15000 15.47500 43.59002 0.11259 -13
0.16936 -0.14808 75.11295 0 4.47500 -4.45000 74.08050 0.10322 -13
2.15778 -0.09967 58.95496 0 2.97500 -64.95000 24.89069 0.23969 13
-0.45016 0.13905 67.50515 0 -4.20000 11.72500 61.65425 0.11132 13
-0.46072 -0.26021 67.50515 0 7.85000 12.05000 61.65425 0.11392 13
-1.55440 -0.14541 17.48694 0 4.45000 46.52500 9.53107 0.18676 -13
-2.09767 -0.04741 84.60857 0 1.42500 64.65000 36.44270 0.23406 13
-0.18583 0.11193 75.85685 0 -3.37500 5.62500 74.59534 0.10304 -13
0.14868 -0.02417 82.92724 0 0.72500 -5.40000 82.02609 0.10184 13
-0.34837 -0.20508 60.28410 0 6.17500 11.05000 57.05307 0.10861 13
0.36738 -0.20612 42.80848 0 6.22500 -7.75000 40.28043 0.10928 -13
-2.04888 0.11258 39.88329 0 -3.37500 62.90000 17.58294 0.22985 -13
0.63896 -0.22217 26.58139 0 6.72500 -18.77500 22.55409 0.12160 -13
-0.28070 0.05561 57.15378 0 -1.67500 6.35000 55.03330 0.10474 -13
-0.01961 -0.11878 92.41025 0 3.57500 0.27500 92.39273 0.10143 -13
1.68553 -0.18090 15.24795 0 5.40000 -49.92500 7.87339 0.19812 13
-1.05075 -0.15441 55.02115 0 4.67500 30.77500 38.16558 0.14691 -13
-0.94958 -0.05962 49.63311 0 1.80000 28.77500 36.02155 0.13900 -13
-0.02702 -0.19504 13.75415 0 5.92500 1.32500 13.74931 0.10266 -13
0.52227 -0.02846 93.03435 0 0.87500 -15.75000 82.47206 0.11365 -13
-1.67849 0.13468 90.10734 0 -4.05000 53.10000 46.42548 0.19721 -13
-1.72082 -0.26476 90.10734 0 8.00000 54.40000 46.42548 0.20221 -13
-0.91947 -0.22427 2.24135 0 7.10000 26.42500 1.66874 0.13911 -13
0.51608 0.14271 69.33147 0 -4.30000 -14.50000 61.74037 0.11423 -13
0.52743 -0.25633 69.33147 0 7.75000 -14.85000 61.74037 0.11675 -13
0.69233 -0.24123 92.45048 0 7.27500 -22.47500 76.69769 0.12487 -13
0.07069 -0.03986 50.26914 0 1.22500 -3.32500 50.14418 0.10104 -13
1.31632 -0.17680 44.44453 0 5.35000 -40.37500 27.14830 0.16744 -13
-0.93578 0.05347 91.56847 0 -1.60000 29.15000 66.90389 0.13802 -13
0.03929 0.09651 79.60940 0 -2.92500 -0.15000 79.54858 0.10125 13
-1.47744 -0.00349 37.26954 0 0.07500 43.70000 20.89057 0.17966 13
-1.17739 -0.00818 36.24152 0 0.27500 33.17500 23.46183 0.15556 -13
-0.59012 0.10432 54.87633 0 -3.15000 17.32500 47.32722 0.11740 13
-0.07702 -0.04827 11.98550 0 1.42500 3.10000 11.95022 0.10111 13
1.10102 -0.05248 22.65081 0 1.55000 -32.45000 15.23989 0.14987 13
1.43729 0.09823 75.70484 0 -2.97500 -45.92500 43.37710 0.17660 13
-1.65936 -0.16746 69.41521 0 5.02500 48.52500 36.19310 0.19581 13
0.42393 0.11314 31.39075 0 -3.40000 -16.55000 28.92892 0.10996 -13
0.06124 -0.05887 8.51641 0 1.82500 -2.52500 8.50055 0.10108 -13
0.70502 0.12192 72.47231 0 -3.67500 -20.62500 59.37659 0.12382 -13
0.72643 -0.27823 72.47231 0 8.40000 -21.27500 59.37659 0.12759 -13
-0.01299 -0.18445 85.26212 0 5.57500 0.75000 85.25516 0.10241 -13
-0.13205 0.06234 23.52553 0 -1.90000 3.72500 23.32389 0.10178 13
-1.40790 -0.17181 30.86919 0 5.15000 44.12500 18.04817 0.17474 13
0.37270 0.04715 22.01450 0 -1.40000 -11.75000 20.63117 0.10757 -13
-1.25184 -0.05375 59.44601 0 1.60000 35.87500 37.13491 0.16143 13
0.29490 -0.13308 53.57757 0 4.02500 -6.75000 51.42521 0.10585 -13
0.82789 -0.22836 19.62611 0 6.92500 -26.87500 15.27232 0.13277 -13
-0.56327 -0.03196 30.78488 0 0.95000 16.47500 26.82563 0.11562 13
-0.23062 -0.05768 35.86212 0 1.72500 4.67500 34.94794 0.10351 13
-0.58255 -0.03393 21.33403 0 1.00000 20.95000 18.43680 0.11658 13
-0.13429 0.05192 91.93744 0 -1.57500 1.57500 91.12166 0.10174 13
0.55573 0.02619 60.54022 0 -0.77500 -18.70000 52.92196 0.11524 -13
-0.97190 -0.02341 7.26786 0 0.60000 28.85000 5.21250 0.14045 13
1.91991 -0.02267 59.44566 0 0.67500 -59.47500 27.46658 0.21800 13
-1.92850 -0.14168 95.32673 0 4.27500 55.30000 44.22657 0.21924 -13
0.97330 -0.01636 42.99653 0 0.47500 -29.90000 30.81377 0.14054 13
0.33321 0.13346 69.14801 0 -4.02500 -11.95000 65.65979 0.10700 13
0.34177 -0.26606 69.14801 0 8.02500 -12.20000 65.65979 0.10974 13
-0.55322 -0.06846 89.00005 0 2.07500 16.75000 77.91994 0.11529 -13
-0.00072 0.01804 28.83234 0 -0.52500 0.30000 28.83234 0.10072 -13
-0.27225 0.13741 40.46163 0 -4.15000 8.95000 39.06583 0.10529 13
-0.27882 -0.26193 40.46163 0 7.90000 9.15000 39.06583 0.10781 13
-0.54047 0.00381 61.63960 0 -0.10000 15.60000 54.22652 0.11447 -13
0.60112 0.01582 9.82811 0 -0.52500 -17.57500 8.42357 0.11752 13
-0.65814 0.14662 62.04792 0 -4.42500 17.90000 51.99583 0.12145 -13
-0.67157 -0.25225 62.04792 0 7.62500 18.32500 51.99583 0.12394 -13
-0.37700 -0.23824 71.82867 0 7.17500 12.80000 67.43660 0.11026 13
-0.00306 0.05573 53.16425 0 -1.70000 -0.92500 53.16400 0.10086 13
1.49534 -0.16597 89.11089 0 5.00000 -45.30000 50.00095 0.18191 13
-0.25266 0.14003 25.25429 0 -4.25000 5.10000 24.49891 0.10484 13
-0.25849 -0.25919 25.25429 0 7.80000 5.27500 24.49891 0.10723 13
-0.49720 -0.04123 85.26626 0 1.25000 14.20000 76.36286 0.11254 13
-0.18918 -0.23001 21.48792 0 6.97500 2.17500 21.13179 0.10509 -13
0.44317 -0.00014 64.20707 0 -0.00000 -13.67500 58.70078 0.11015 13
0.61071 -0.21649 12.09870 0 6.57500 -18.47500 10.38870 0.12004 -13
0.19687 -0.01362 60.20600 0 0.40000 -7.12500 59.07228 0.10264 13
0.23859 0.09470 16.66692 0 -2.82500 -8.22500 16.21594 0.10396 -13
-0.01905 0.05149 87.38117 0 -1.55000 -1.10000 87.36534 0.10086 13
-0.17401 0.07058 81.83949 0 -2.12500 7.15000 80.63379 0.10246 13
1.22301 0.05802 15.43870 0 -1.70000 -36.50000 9.78221 0.15919 -13
1.74987 -0.20150 62.71453 0 6.05000 -51.55000 31.58495 0.20395 13
0.50929 0.08789 97.59458 0 -2.65000 -14.35000 87.03451 0.11335 -13
0.21352 -0.01104 16.31238 0 0.30000 -7.47500 15.95275 0.10298 13
0.15870 -0.15232 96.60457 0 4.60000 -3.55000 95.43719 0.10311 13
0.50533 -0.01815 73.03399 0 0.55000 -16.30000 65.18623 0.11285 13
0.27995 -0.14970 67.60648 0 4.52500 -8.27500 65.15530 0.10566 -13
0.44597 0.03810 6.14334 0 -1.22500 -11.20000 5.61136 0.11036 13
-0.97029 -0.02877 69.41372 0 0.85000 28.07500 49.82728 0.14035 13
1.28660 -0.10452 62.40412 0 3.17500 -37.15000 38.42600 0.16445 -13
-0.60877 0.05054 43.22265 0 -1.50000 16.80000 36.93189 0.11800 -13
0.02142 -0.14279 41.15792 0 4.32500 -2.90000 41.14869 0.10176 -13
-0.07871 -0.01505 5.56210 0 0.55000 1.75000 5.54493 0.10105 -13
0.37232 -0.12907 60.79790 0 3.87500 -13.37500 57.03380 0.10823 13
-0.03668 0.10634 85.25238 0 -3.22500 1.72500 85.19571 0.10134 13
0.27040 -0.17390 31.00957 0 5.25000 -8.25000 29.96459 0.10579 -13
0.95236 -0.19070 51.76632 0 5.75000 -31.60000 37.80343 0.14037 13
-1.01106 -0.07235 16.23608 0 2.22500 32.20000 11.43248 0.14341 -13
-1.02606 -0.06513 95.14226 0 1.97500 29.55000 66.47658 0.14443 -13
-0.22659 -0.13779 7.64924 0 4.10000 7.07500 7.46331 0.10417 13
-1.59941 0.00549 41.41518 0 -0.20000 48.25000 21.95609 0.18995 13
-1.91688 -0.23282 7.72152 0 6.87500 59.82500 3.64528 0.21881 13
-1.05690 -0.00598 11.48633 0 0.25000 31.22500 7.89476 0.14653 -13
-0.35090 -0.15685 75.92509 0 4.72500 11.32500 71.73668 0.10789 -13
-0.19736 -0.17807 73.23982 0 5.37500 7.17500 71.89520 0.10421 -13
0.24593 -0.11431 33.66688 0 3.47500 -5.22500 32.70476 0.10435 -13
0.67816 -0.17473 26.34043 0 5.25000 -20.95000 21.90299 0.12293 13
-0.01836 -0.05125 57.47653 0 1.55000 0.82500 57.46688 0.10085 13
0.18620 -0.23840 68.14068 0 7.20000 -6.90000 67.04973 0.10522 -13
0.85433 -0.20732 83.55222 0 6.25000 -26.85000 64.08526 0.13408 13
0.25484 -0.21383 25.45854 0 6.42500 -7.52500 24.70294 0.10612 13
-0.06166 0.11614 69.14078 0 -3.50000 2.12500 69.01149 0.10157 13
-0.95283 0.10725 1.28797 0 -3.75000 30.02500 0.93566 0.14017 13
-0.98778 -0.29492 1.28797 0 8.32500 30.85000 0.93566 0.14429 13
1.12520 -0.21133 87.50160 0 6.37500 -33.82500 58.83425 0.15307 13
-1.00320 -0.20611 59.90137 0 6.20000 29.80000 42.72817 0.14413 13
1.17363 -0.09210 3.95212 0 2.97500 -34.52500 2.56950 0.15569 -13
0.22872 0.02778 56.31652 0 -0.85000 -6.47500 54.89995 0.10334 13
-0.72404 -0.18385 18.44589 0 5.50000 23.82500 15.02529 0.12567 13
-0.36386 0.01475 9.47355 0 -0.50000 14.07500 8.90262 0.10718 13
-0.29923 0.05238 37.34271 0 -1.57500 7.17500 35.77937 0.10524 -13
-1.72759 -0.11019 94.47479 0 3.32500 51.20000 47.54264 0.20131 13
0.23102 -0.10135 65.69701 0 3.05000 -5.37500 64.02749 0.10386 13
-1.81104 -0.10194 26.42072 0 3.12500 56.05000 12.82265 0.20860 -13
0.62902 -0.20428 53.81256 0 6.15000 -18.25000 45.81178 0.12073 13
2.04086 0.00476 8.01359 0 -0.00000 -63.02500 3.52587 0.22890 -13
0.00478 -0.12566 51.95130 0 3.80000 -1.62500 51.95071 0.10150 -13
-0.81442 0.13041 85.66000 0 -3.92500 29.57500 66.64171 0.13054 -13
-0.83635 -0.26926 85.66000 0 8.12500 30.22500 66.64171 0.13406 -13
0.68978 0.11156 87.29131 0 -3.37500 -22.50000 71.99787 0.12285 13
1.03703 0.08525 19.32689 0 -2.52500 -32.32500 13.44071 0.14532 -13
1.08342 -0.10891 66.55099 0 3.30000 -33.47500 45.28210 0.14888 -13
-1.64210 0.10686 9.46785 0 -3.12500 49.12500 4.94412 0.19389 -13
0.06874 0.06323 95.60058 0 -1.92500 -1.32500 95.37642 0.10114 13
-0.98118 -0.01392 43.84414 0 0.42500 30.80000 31.29754 0.14109 -13
0.25723 -0.08843 27.13012 0 2.65000 -6.97500 26.28122 0.10436 13
-0.10054 -0.05876 33.35029 0 1.80000 2.27500 33.18356 0.10139 -13
-0.17854 -0.14192 82.65347 0 4.27500 5.92500 81.39166 0.10329 -13
-1.89908 -0.15638 57.11475 0 4.72500 56.75000 26.86393 0.21672 -13
0.31410 0.12979 80.27641 0 -3.90000 -9.80000 76.64419 0.10635 -13
0.32264 -0.26991 80.27641 0 8.15000 -10.05000 76.64419 0.10925 -13
1.73036 0.01343 3.72565 0 -0.67500 -52.87500 1.86436 0.20138 13
-1.13432 -0.10191 26.27180 0 3.05000 34.75000 17.42375 0.15262 13
0.77100 -0.03965 37.76649 0 1.20000 -22.32500 29.91785 0.12722 -13
-1.71246 -0.21396 69.05068 0 6.45000 48.57500 35.40212 0.20085 13
0.00430 -0.19044 4.93438 0 5.85000 -2.17500 4.93434 0.10260 -13
-2.00126 -0.22066 13.24533 0 6.57500 64.52500 6.03285 0.22629 13
-0.05698 -0.24084 27.42592 0 7.27500 2.12500 27.38394 0.10376 -13
0.50311 -0.08563 73.82060 0 2.57500 -14.67500 65.99380 0.11306 13
1.36940 -0.02771 12.64088 0 0.90000 -44.32500 7.45649 0.17080 -13
-0.07128 0.05746 78.84153 0 -1.75000 2.12500 78.64262 0.10113 13
-1.11727 0.10504 12.82874 0 -3.22500 32.67500 8.58176 0.15140 13
0.47750 -0.02593 43.93210 0 0.77500 -12.25000 39.64672 0.11162 13
-1.77136 -0.21289 80.86710 0 6.42500 54.32500 40.42387 0.20599 -13
-0.20126 0.05230 83.59367 0 -1.57500 5.30000 81.95467 0.10286 13
1.77351 0.00193 49.02284 0 -0.05000 -52.57500 24.07763 0.20504 -13
1.01073 0.07390 93.87534 0 -2.25000 -29.87500 66.11548 0.14338 13
-0.45263 0.13511 4.96538 0 -3.97500 12.62500 4.53023 0.11135 -13
-0.46410 -0.26412 4.96538 0 8.07500 13.00000 4.53023 0.11425 -13
-0.46403 -0.26409 4.96538 0 8.07500 13.00000 4.53023 0.11430 -13
0.22881 0.02855 79.58440 0 -0.87500 -8.57500 77.58104 0.10335 13
1.03510 -0.00875 78.90568 0 0.25000 -32.37500 54.82516 0.14494 13
0.28843 0.00870 62.84527 0 -0.25000 -6.77500 60.38386 0.10481 -13
0.26485 -0.10447 91.97977 0 3.15000 -9.00000 88.94548 0.10470 13
-0.25755 -0.06853 47.83215 0 2.07500 6.42500 46.32755 0.10422 -13
1.17892 -0.10650 51.97681 0 3.22500 -35.72500 33.73314 0.15605 -13
4.33194 -3.41463 51.97681 0 3.12500 -35.90000 33.73314 0.15700 -13
-3.82564 -0.92661 51.97681 0 3.12500 -36.07500 33.73314 0.15776 -13
-5.41753 4.86625 51.97681 0 3.50000 -36.42500 33.73314 0.16063 -13
0.21889 0.05869 27.12925 0 -1.75000 -8.27500 26.50380 0.10325 -13
0.75588 0.05961 30.17649 0 -1.77500 -23.02500 24.08881 0.12637 -13
0.15485 0.10570 87.73246 0 -3.20000 -5.92500 86.71042 0.10246 13
-0.75555 0.11255 54.78048 0 -3.37500 25.20000 43.80763 0.12672 -13
1.64252 0.04520 49.28486 0 -1.35000 -49.05000 25.64857 0.19370 -13
-0.00592 -0.09479 62.22319 0 2.85000 -0.95000 62.22211 0.10115 13
0.43688 -0.12374 52.39806 0 3.75000 -13.62500 48.07358 0.11060 -13
1.20143 -0.12096 18.70973 0 3.70000 -35.45000 12.02195 0.15790 -13
-0.06679 -0.16301 57.98436 0 4.92500 1.10000 57.85878 0.10226 -13
-1.98528 0.04217 84.05577 0 -1.27500 59.90000 37.83973 0.22390 13
0.03464 0.01147 6.72757 0 -0.42500 -1.80000 6.72354 0.10079 13
-0.36566 -0.01610 53.25219 0 0.50000 11.25000 50.01433 0.10724 -13
-1.15800 -0.13685 11.09360 0 4.20000 32.50000 7.28995 0.15473 -13
-0.00594 -1.02689 11.09360 0 4.32500 32.40000 7.28995 0.15476 -13
0.60849 0.41730 11.09360 0 5.45000 32.52500 7.28995 0.16027 -13
1.57280 -0.20498 81.06673 0 6.17500 -45.17500 44.13473 0.18880 13
0.60935 -0.11133 1.57233 0 3.00000 -17.15000 1.34461 0.11862 13
-0.62083 -0.01380 11.54940 0 0.47500 14.57500 9.81268 0.11855 -13
-0.02540 0.01259 52.23815 0 -0.37500 0.20000 52.22131 0.10074 -13
1.83344 0.00045 79.93978 0 -0.02500 -58.32500 38.27773 0.21032 13
-0.40755 -0.00258 94.19849 0 0.07500 10.60000 87.23236 0.10875 13
-0.59415 -0.06667 68.19432 0 2.00000 18.70000 58.66048 0.11733 13
-0.19693 -0.15726 82.43959 0 4.75000 7.50000 80.92262 0.10385 -13
-0.13542 -0.06986 56.93831 0 2.10000 3.30000 56.42585 0.10187 13
0.74915 -0.07389 90.23384 0 2.22500 -23.87500 72.28743 0.12605 13
0.16176 0.05374 39.13080 0 -1.62500 -6.10000 38.63009 0.10216 13
-0.57216 -0.06790 57.11588 0 2.05000 19.07500 49.60292 0.11622 13
1.54521 -0.19492 21.32545 0 5.82500 -45.12500 11.73920 0.18633 13
-0.23466 -0.21650 78.12648 0 6.52500 5.85000 76.14939 0.10571 13
0.72902 -0.01982 66.59146 0 0.60000 -22.85000 53.81354 0.12464 13
-0.06935 -0.04413 82.34275 0 1.32500 3.10000 82.14583 0.10104 13
2.03736 -0.06580 1.80559 0 2.62500 -60.70000 0.79667 0.22950 -13
0.98592 0.03597 79.85038 0 -1.10000 -28.57500 56.88007 0.14147 13
0.38039 -0.06120 4.82108 0 1.95000 -11.00000 4.50700 0.10797 -13
-1.23204 -0.17722 84.18682 0 5.35000 35.22500 53.54754 0.16080 -13
-0.21183 0.09632 67.42155 0 -2.92500 6.90000 65.97100 0.10339 13
0.10345 0.14056 20.49424 0 -4.22500 -3.25000 20.38757 0.10222 -13
0.10580 -0.25858 20.49424 0 7.82500 -3.32500 20.38757 0.10458 -13
-0.30453 -0.01444 36.89071 0 0.42500 9.32500 35.29090 0.10528 13
-1.84135 0.14398 56.66152 0 -4.35000 54.00000 27.25619 0.21152 13
-1.88086 -0.25504 56.66152 0 7.67500 55.20000 27.25619 0.21602 13
-0.18133 -0.00792 94.74131 0 0.25000 6.00000 93.22125 0.10235 -13
0.78650 -0.23676 96.89175 0 7.15000 -23.42500 76.94310 0.13033 -13
0.70584 0.10752 54.47314 0 -3.25000 -23.20000 44.58838 0.12374 13
0.73481 -0.24717 10.86580 0 7.50000 -21.70000 8.84618 0.12747 -13
-0.30694 0.11661 9.89739 0 -3.47500 12.07500 9.46705 0.10598 -13
0.25391 -0.20200 34.07461 0 6.07500 -6.67500 33.06581 0.10586 13
-1.78852 0.07764 77.72944 0 -2.32500 52.77500 38.02048 0.20649 -13
-0.31564 -0.15421 48.26112 0 4.67500 11.47500 46.07132 0.10674 -13
1.90065 0.03350 42.14798 0 -0.97500 -57.47500 19.63369 0.21631 -13
-0.48201 -0.08132 44.56579 0 2.45000 16.80000 40.17052 0.11208 13
1.94279 -0.02536 88.61558 0 0.77500 -57.95000 40.56606 0.22006 -13
-0.30226 0.03772 76.73233 0 -1.12500 7.62500 73.45487 0.10527 -13
-0.35621 -0.20154 67.78591 0 6.07500 11.15000 63.99645 0.10882 -13
0.50589 0.11496 63.00240 0 -3.45000 -14.70000 56.29264 0.11344 -13
1.66453 0.07689 46.38731 0 -2.35000 -50.87500 23.94084 0.19571 13
1.29974 0.09445 95.91907 0 -2.85000 -38.67500 58.65360 0.16542 13
2.15596 -0.22068 65.22244 0 6.67500 -62.80000 27.98386 0.24039 -13
1.42870 -0.14641 62.30843 0 4.40000 -44.95000 35.98371 0.17622 13
-0.19737 0.00170 20.09089 0 -0.02500 5.25000 19.71076 0.10265 -13
0.55697 -0.08840 18.12525 0 2.70000 -16.87500 15.84938 0.11563 -13
-0.66326 0.10674 19.82111 0 -3.25000 20.47500 16.54652 0.12133 13
1.19537 -0.05084 85.86244 0 1.55000 -39.30000 55.13474 0.15703 -13
0.64494 -0.14599 19.79204 0 4.37500 -17.90000 16.68409 0.12071 13
0.32816 -0.22311 69.69361 0 6.72500 -9.00000 66.37247 0.10834 13
-0.72202 -0.03140 12.12381 0 1.00000 22.05000 9.83087 0.12426 -13
0.11181 0.14502 67.27520 0 -4.37500 -3.32500 66.86712 0.10238 13
0.11417 -0.25395 67.27520 0 7.65000 -3.40000 66.86712 0.10453 13
0.63689 -0.00570 90.03725 0 0.17500 -20.05000 75.94308 0.11939 -13
-1.73397 -0.18313 46.35844 0 5.55000 54.45000 23.44751 0.20243 -13
0.75876 0.00837 92.46247 0 -0.25000 -24.00000 73.65995 0.12641 13
-0.68794 -0.04352 85.69570 0 1.30000 21.85000 70.62363 0.12231 13
-1.77364 -0.13206 50.13115 0 4.00000 55.20000 24.78190 0.20550 -13
0.15518 -0.19472 73.67238 0 5.87500 -6.80000 72.83225 0.10378 -13
0.77932 0.08240 93.10095 0 -2.47500 -22.87500 73.52813 0.12794 -13
1.16770 -0.12112 49.75621 0 3.65000 -37.90000 32.49946 0.15529 13
0.30750 -0.05618 19.33970 0 1.72500 -9.87500 18.48780 0.10551 -13
0.04883 -0.14550 22.69360 0 4.40000 -1.32500 22.66714 0.10189 -13
1.61344 1.75691 22.69360 0 4.30000 -1.45000 22.66714 0.10219 -13
3.43568 -5.31435 22.69360 0 4.95000 -6.50000 22.66714 0.14097 -13
-7.44904 -0.56265 22.69360 0 5.50000 -4.50000 22.66714 0.14941 -13
1.74130 -0.26032 22.69360 0 6.42500 -2.50000 22.66714 0.15907 -13
0.38576 -0.07968 37.76207 0 2.42500 -11.25000 35.24603 0.10824 -13
0.41149 0.13758 96.00945 0 -4.15000 -14.55000 88.90582 0.10978 13
0.42138 -0.26173 96.00945 0 7.90000 -14.85000 88.90582 0.11241 13
0.29418 -0.19346 45.25423 0 5.82500 -9.07500 43.47696 0.10676 13
0.84322 -0.20851 60.82339 0 6.30000 -28.15000 46.90679 0.13340 -13
0.88844 -0.23241 63.03726 0 7.00000 -25.15000 47.66686 0.13671 13
-0.19767 0.03480 93.55432 0 -1.05000 4.90000 91.78056 0.10271 -13
-1.26827 -0.00387 2.26326 0 -0.22500 38.95000 1.40115 0.16284 13
0.86296 0.01641 64.91658 0 -0.47500 -23.72500 49.14954 0.13303 -13
-0.01914 0.11946 21.31056 0 -3.62500 -0.37500 21.30671 0.10145 13
-0.01980 -0.28094 21.31056 0 8.45000 -0.35000 21.30671 0.10460 13
0.56640 -0.13954 36.06664 0 4.22500 -17.02500 31.45567 0.11659 -13
-0.90867 0.03480 42.15329 0 -1.02500 26.52500 31.20577 0.13611 -13
-0.28031 -0.17780 27.54922 0 5.35000 6.12500 26.55641 0.10610 13
-0.49094 -0.20496 60.32448 0 6.20000 15.15000 54.36406 0.11407 -13
-1.43317 -0.16748 74.19250 0 5.05000 43.25000 42.85009 0.17678 13
-1.34956 -0.02312 5.60735 0 0.55000 40.62500 3.33882 0.16918 13
0.02165 -0.20974 69.79407 0 6.32500 -1.57500 69.77842 0.10291 13
0.31000 -0.16982 79.92162 0 5.12500 -8.82500 76.43185 0.10681 -13
0.32946 -0.20004 88.80344 0 6.05000 -8.35000 84.50362 0.10793 -13
0.26390 0.07532 29.48312 0 -2.25000 -7.45000 28.51236 0.10442 -13
-0.49405 -0.10742 85.94673 0 3.25000 14.97500 77.14176 0.11285 -13
-1.59207 -0.07949 57.14737 0 2.37500 48.32500 30.46598 0.18949 13
0.29200 -0.13668 14.60951 0 4.10000 -10.27500 14.03455 0.10579 13
1.47612 -0.03099 24.22254 0 0.90000 -43.82500 13.59012 0.17957 13
-0.18683 -0.07399 95.22231 0 2.22500 5.00000 93.61119 0.10271 13
-0.75094 -0.14563 10.45379 0 4.32500 21.90000 8.39043 0.12677 13
0.34495 -0.11123 62.44749 0 3.37500 -11.35000 59.07242 0.10712 -13
1.21164 -0.18950 6.13771 0 5.60000 -35.60000 3.94790 0.15925 13
0.22785 -0.01892 28.87636 0 0.60000 -6.05000 28.15498 0.10330 -13
-1.17731 0.05073 48.17495 0 -1.52500 33.47500 31.21041 0.15564 -13
-0.45358 -0.14920 71.51715 0 4.50000 17.02500 65.25194 0.11159 13
1.64535 -0.23885 36.58633 0 7.17500 -49.50000 19.38825 0.19534 13
-1.87083 0.13325 48.09861 0 -4.00000 53.50000 22.82890 0.21403 -13
-1.91905 -0.26622 48.09861 0 8.05000 54.97500 22.82890 0.21961 -13
-0.43119 0.02183 79.48060 0 -0.65000 14.22500 72.98758 0.10969 -13
-2.01113 0.03814 44.47498 0 -1.17500 60.32500 19.81297 0.22622 13
1.58511 -0.20233 37.23713 0 6.07500 -47.90000 20.15286 0.18981 13
1.86876 -0.14909 1.84959 0 3.90000 -57.20000 0.87992 0.21381 13
1.93447 0.07113 99.93054 0 -2.15000 -59.12500 45.98009 0.21943 13
-1.25532 -0.09024 7.31484 0 2.62500 41.80000 4.56878 0.16185 13
-1.91895 -0.16270 67.07217 0 4.92500 58.67500 31.31483 0.21855 -13
-0.12684 -0.00290 96.53179 0 0.10000 3.65000 95.76470 0.10151 -13
-0.33473 0.02216 51.63034 0 -0.65000 11.32500 48.96142 0.10622 -13
0.25970 -0.10754 15.23454 0 3.27500 -7.92500 14.75082 0.10462 -13
0.50310 0.05606 17.85619 0 -1.65000 -15.57500 15.95587 0.11287 -13
0.51006 -0.00152 17.61412 0 0.07500 -13.17500 15.69109 0.11304 -13
-0.81011 -0.07525 16.81515 0 2.22500 25.02500 13.08072 0.12981 13
0.20504 -0.06425 84.89165 0 1.92500 -9.57500 83.16827 0.10300 13
-0.22977 0.06403 23.18964 0 -1.95000 8.65000 22.60304 0.10353 13
-0.32807 -0.20247 8.90870 0 6.05000 8.77500 8.48111 0.10789 13
-1.84526 0.04741 59.23949 0 -1.45000 55.72500 28.24988 0.21142 13
-0.45812 -0.05617 48.69265 0 1.67500 13.70000 44.28027 0.11091 13
-0.83231 0.12959 35.43420 0 -3.90000 24.75000 27.32764 0.13166 -13
-0.85499 -0.27009 35.43420 0 8.17500 25.45000 27.32764 0.13528 -13
