-1.97870 0.01883 24.33870 0 -0.60000 61.65000 10.97887 0.22330 13
1.42254 -0.05880 55.87676 0 1.75000 -42.67500 32.17107 0.17520 13
0.39164 -0.21044 15.78399 0 6.37500 -12.40000 14.73858 0.11024 -13
-0.33155 0.01920 18.30849 0 -0.55000 9.17500 17.37845 0.10611 -13
-1.02103 0.01525 63.95629 0 -0.47500 30.90000 44.75359 0.14393 13
0.55008 -0.01039 7.48912 0 0.37500 -17.80000 6.56203 0.11495 -13
-1.26045 -0.24009 89.18311 0 7.25000 36.67500 56.38006 0.16383 -13
0.03899 -0.10276 24.85338 0 3.07500 -1.40000 24.83471 0.10130 13
-0.42935 -0.16536 39.54669 0 4.97500 14.10000 36.41466 0.11084 13
1.04919 -0.06072 74.54138 0 1.82500 -29.65000 51.47831 0.14609 13
1.30219 -0.10161 97.29300 0 3.05000 -39.25000 59.44910 0.16565 13
-0.21662 -0.09701 36.11537 0 2.90000 4.25000 35.30412 0.10350 13
0.03205 -0.10938 40.13829 0 3.27500 1.77500 40.11792 0.10135 13
1.86477 0.02684 55.38738 0 -0.82500 -56.22500 26.18337 0.21310 13
0.66779 0.01590 10.95014 0 -0.42500 -25.05000 9.10660 0.12111 -13
-0.15011 0.10465 47.28524 0 -3.15000 2.72500 46.76701 0.10237 -13
0.51156 -0.15001 54.21031 0 4.52500 -17.52500 48.37298 0.11411 13
0.37402 -0.16582 27.35134 0 5.02500 -11.50000 25.66058 0.10882 -13
1.64004 0.13407 24.65247 0 -4.07500 -48.10000 12.91767 0.19394 13
1.68178 -0.26548 24.65247 0 7.97500 -49.35000 12.91767 0.19877 13
-0.50333 -0.06584 76.16782 0 1.97500 16.52500 68.06582 0.11293 13
-0.07518 0.08333 47.21841 0 -2.50000 1.70000 47.08623 0.10133 -13
2.11583 -0.14493 10.40697 0 4.47500 -62.80000 4.48463 0.23627 -13
-0.07827 0.08240 77.93973 0 -2.50000 3.92500 77.70359 0.10135 13
-1.71514 -0.20966 88.16335 0 6.32500 52.50000 45.11981 0.20107 -13
0.68006 0.09108 40.66196 0 -2.72500 -18.05000 33.66685 0.12213 -13
0.26372 -0.02494 93.01001 0 0.75000 -6.42500 89.93693 0.10418 13
0.72050 -0.12602 46.06130 0 3.80000 -21.97500 37.47192 0.12476 13
-1.98954 0.13787 58.77202 0 -4.15000 58.22500 26.59212 0.22465 -13
-2.03704 -0.26140 58.77202 0 7.90000 59.67500 26.59212 0.23008 -13
0.09219 -0.12860 68.35425 0 3.87500 -2.95000 68.07029 0.10195 13
2.12939 -0.03866 49.16006 0 1.15000 -63.65000 20.91053 0.23692 13
-0.10922 -0.16294 70.32766 0 4.92500 2.80000 69.92259 0.10263 -13
-1.79411 0.11010 44.79659 0 -3.30000 55.80000 21.91026 0.20712 -13
-0.11149 -0.05231 37.46860 0 1.57500 2.55000 37.23851 0.10146 13
0.74772 -0.24240 10.63615 0 7.37500 -24.45000 8.60469 0.12814 -13
-1.35613 -0.03638 12.71376 0 1.02500 39.45000 7.54921 0.16970 13
0.66867 -0.10210 2.33541 0 3.32500 -21.25000 1.94440 0.12182 -13
1.14332 0.05254 82.16705 0 -1.57500 -35.17500 54.13671 0.15306 -13
1.30687 -0.01419 4.54872 0 0.25000 -38.97500 2.76426 0.16562 13
1.30693 -0.01420 4.54872 0 0.25000 -39.02500 2.76426 0.16577 13
1.04216 0.03054 36.91025 0 -0.95000 -36.00000 25.56149 0.14548 13
-0.01493 -0.14397 66.99245 0 4.32500 0.90000 66.98513 0.10175 13
-0.06675 -0.09619 70.13258 0 2.90000 2.30000 69.97830 0.10139 13
-0.65964 -0.10412 49.84819 0 3.12500 19.02500 41.67854 0.12109 13
0.42803 -0.18334 2.73361 0 5.70000 -14.12500 2.51890 0.11131 -13
-0.73400 -0.18143 97.07486 0 5.47500 20.90000 78.69724 0.12624 13
1.75204 -0.05668 36.07034 0 1.67500 -50.90000 17.90167 0.20322 13
-0.47818 0.03168 18.12106 0 -0.97500 12.17500 16.34961 0.11167 13
1.17466 0.12882 89.86576 0 -3.90000 -33.52500 58.53118 0.15589 13
1.20704 -0.27096 89.86576 0 8.17500 -34.50000 58.53118 0.16017 13
0.06377 0.08140 10.36310 0 -2.50000 -4.07500 10.34224 0.10126 13
1.26746 0.02676 72.01641 0 -0.80000 -37.05000 44.61723 0.16260 -13
0.00848 -0.24580 63.05707 0 7.42500 -1.72500 63.05493 0.10371 -13
0.89611 -0.03584 42.78472 0 1.07500 -28.42500 31.87248 0.13527 13
-0.00767 -0.12898 75.94171 0 3.87500 -0.82500 75.93950 0.10154 13
-0.24608 0.05923 75.94171 0 3.90000 -0.75000 75.93950 0.10171 13
0.28446 0.57718 75.94171 0 5.70000 -0.95000 75.93950 0.12008 13
0.73591 -0.28539 75.94171 0 5.92500 -1.92500 75.93950 0.13428 13
-0.24687 -0.35706 75.94171 0 6.95000 -2.62500 75.93950 0.14409 13
-0.46825 0.05942 75.94171 0 7.15000 -2.02500 75.93950 0.14873 13
-0.23614 0.08919 95.07998 0 -2.67500 8.92500 92.55411 0.10386 -13
0.44494 0.14010 71.76365 0 -4.22500 -10.82500 65.67088 0.11112 -13
0.45517 -0.25908 71.76365 0 7.82500 -11.12500 65.67088 0.11369 -13
0.49405 -0.05749 36.05191 0 1.72500 -11.97500 32.33306 0.11247 13
-1.72282 -0.18150 90.89114 0 5.47500 51.62500 46.18117 0.20142 13
1.43633 -0.23028 25.72989 0 6.90000 -43.22500 14.95772 0.17772 13
1.61857 0.02892 52.42659 0 -0.90000 -48.10000 27.56423 0.19162 13
0.06934 0.05258 21.58531 0 -1.57500 -2.37500 21.53371 0.10108 -13
-0.46232 0.09261 26.95991 0 -2.80000 14.30000 24.48956 0.11134 13
-0.12614 -0.06238 20.02169 0 1.90000 2.80000 19.86490 0.10170 -13
0.87140 -0.02705 38.71482 0 0.82500 -29.75000 29.19164 0.13361 -13
-1.51796 -0.17577 45.97918 0 5.27500 45.65000 25.56393 0.18388 13
-1.16136 -0.02263 65.06211 0 0.67500 34.85000 42.45962 0.15435 13
-0.03955 0.02013 29.94040 0 -0.62500 -1.42500 29.91703 0.10080 13
-0.58126 0.07413 39.87864 0 -2.25000 17.70000 34.50157 0.11672 13
-0.31215 -0.05593 82.32350 0 1.67500 9.37500 78.59499 0.10564 13
1.42691 -0.00446 40.15332 0 0.12500 -42.85000 23.04422 0.17548 13
-0.62178 0.11692 68.62720 0 -3.52500 17.52500 58.38986 0.11917 13
-0.54376 0.11280 83.24777 0 -3.40000 14.30000 73.24018 0.11519 13
0.69003 -0.18273 99.36633 0 5.52500 -19.70000 82.21459 0.12373 -13
0.57166 0.12501 85.94512 0 -3.77500 -18.47500 74.75532 0.11668 13
0.58829 -0.27496 85.94512 0 8.27500 -18.97500 74.75532 0.12006 13
-0.17677 -0.13870 41.93521 0 4.20000 5.05000 41.30686 0.10322 -13
1.82954 -0.21499 45.30355 0 6.50000 -55.80000 22.10768 0.21111 -13
0.74884 -0.22501 99.30025 0 6.77500 -21.97500 80.18231 0.12782 13
-0.41401 0.05708 24.33962 0 -1.75000 13.15000 22.49404 0.10915 13
0.05388 0.08108 10.48563 0 -2.50000 -0.12500 10.47054 0.10120 13
0.19336 0.08840 13.67558 0 -2.62500 -3.20000 13.42892 0.10295 -13
-0.09818 -0.10288 39.50809 0 3.12500 3.27500 39.32102 0.10172 -13
0.59709 -0.10109 98.94734 0 3.05000 -17.70000 85.06845 0.11773 -13
0.00686 -0.15542 21.14437 0 4.70000 2.47500 21.14389 0.10193 -13
1.09877 0.07498 87.11839 0 -2.25000 -34.85000 58.72814 0.14979 -13
-1.27376 0.08014 68.26907 0 -2.40000 38.05000 42.24079 0.16327 -13
-0.05259 -0.13428 45.77095 0 4.05000 3.15000 45.70893 0.10175 -13
0.34808 -0.09142 37.03989 0 2.75000 -8.15000 34.99689 0.10702 13
-0.02145 -0.15458 50.96801 0 4.67500 -0.80000 50.95657 0.10193 -13
0.42328 -0.14492 28.80935 0 4.35000 -14.07500 26.57222 0.11031 13
-1.06250 -0.18291 63.41384 0 5.50000 33.10000 43.83947 0.14807 13
-1.03947 0.09048 60.78492 0 -2.72500 31.17500 42.23108 0.14553 -13
-2.07870 -0.07885 63.21454 0 2.35000 63.35000 27.47349 0.23242 13
-1.48521 0.09810 47.92664 0 -2.97500 46.75000 26.85575 0.18059 13
0.44885 0.09421 24.40582 0 -2.87500 -14.72500 22.28242 0.11080 13
-2.00093 0.01424 14.35688 0 -0.35000 57.77500 6.41861 0.22528 -13
0.87043 -0.07318 36.36932 0 2.20000 -26.25000 27.46461 0.13370 13
0.31923 0.13463 26.73229 0 -4.05000 -13.00000 25.48698 0.10656 -13
0.32727 -0.26475 26.73229 0 8.00000 -13.22500 25.48698 0.10928 -13
0.78071 -0.12707 13.28835 0 3.87500 -23.10000 10.50619 0.12842 -13
0.91681 -0.06971 24.75559 0 2.12500 -28.57500 18.26776 0.13680 -13
-1.02194 -0.15464 79.03045 0 4.67500 31.62500 55.60608 0.14484 -13
1.24949 0.01549 73.10413 0 -0.47500 -37.95000 45.68225 0.16117 13
-0.63161 0.00355 69.85217 0 -0.10000 15.17500 59.05873 0.11911 -13
-1.87225 -0.22760 83.79580 0 6.85000 57.70000 40.25684 0.21496 13
1.88358 0.14357 19.15701 0 -4.27500 -56.37500 9.05469 0.21519 -13
1.92450 -0.25548 19.15701 0 7.77500 -57.65000 9.05469 0.22001 -13
0.69518 -0.08583 39.93561 0 2.60000 -17.90000 32.82979 0.12296 -13
-0.75758 0.00839 18.04359 0 -0.22500 24.52500 14.38238 0.12634 -13
0.86003 -0.20392 40.51801 0 6.12500 -26.42500 30.98381 0.13439 13
0.84057 -0.23347 65.75679 0 7.02500 -23.50000 50.88347 0.13363 13
2.03222 -0.22797 1.39438 0 6.07500 -61.12500 0.62877 0.22849 13
0.08876 0.14586 15.32655 0 -4.42500 -2.95000 15.26773 0.10218 13
0.09057 -0.25311 15.32655 0 7.60000 -3.00000 15.26773 0.10426 13
-0.07401 -0.12101 21.71791 0 3.62500 1.55000 21.65950 0.10170 13
-0.12128 0.05199 20.49141 0 -1.55000 1.55000 20.34272 0.10157 -13
-0.44484 0.02750 33.75277 0 -0.85000 12.12500 30.84096 0.11025 13
-0.17223 0.00755 17.21738 0 -0.25000 5.77500 16.96758 0.10219 13
-1.29878 -0.07712 31.05016 0 2.35000 37.80000 18.97809 0.16527 -13
0.02364 0.12423 62.55767 0 -3.75000 -0.35000 62.54046 0.10150 -13
0.02437 -0.27578 62.55767 0 8.32500 -0.37500 62.54046 0.10450 -13
-0.51701 0.14003 87.45845 0 -4.22500 15.85000 77.84741 0.11424 -13
-0.52893 -0.25915 87.45845 0 7.82500 16.22500 77.84741 0.11688 -13
-0.18481 -0.21286 49.73984 0 6.40000 5.12500 48.94655 0.10462 13
0.41098 -0.23311 50.14000 0 7.02500 -14.27500 46.54954 0.11137 13
0.05363 0.05288 24.40552 0 -1.57500 0.30000 24.37060 0.10099 -13
1.63169 0.10880 34.91535 0 -3.25000 -48.97500 18.32230 0.19302 -13
-0.96662 0.12271 49.58082 0 -3.72500 29.27500 35.77687 0.14061 13
-0.99566 -0.27742 49.58082 0 8.35000 30.15000 35.77687 0.14481 13
1.50118 -0.12827 73.24810 0 3.85000 -47.62500 40.83825 0.18209 13
-0.85278 0.03355 76.55245 0 -1.00000 24.85000 58.26179 0.13239 -13
-0.84616 -0.06140 90.82579 0 1.85000 25.00000 69.38913 0.13207 -13
-1.53256 0.03721 86.27050 0 -1.12500 45.52500 47.16679 0.18432 13
-0.78663 -0.20427 28.39925 0 6.17500 20.90000 22.49374 0.12979 -13
-0.11706 -0.03696 56.81564 0 1.12500 1.50000 56.43084 0.10146 -13
-0.19077 -0.08926 1.05417 0 2.22500 9.22500 1.03561 0.10330 13
-1.50350 0.10728 15.72981 0 -3.30000 45.07500 8.74654 0.18218 13
-0.23783 0.00161 24.10773 0 -0.02500 7.77500 23.45358 0.10351 -13
-1.85113 0.03164 78.17956 0 -0.97500 54.55000 37.17177 0.21191 13
-1.39962 0.13071 42.83340 0 -3.92500 43.02500 25.04100 0.17371 -13
-1.43703 -0.26886 42.83340 0 8.12500 44.15000 25.04100 0.17841 -13
0.58832 -0.01403 95.03237 0 0.42500 -18.97500 81.91062 0.11684 13
-0.23006 -0.15100 55.60056 0 4.57500 9.15000 54.21551 0.10445 -13
1.46248 0.13680 56.71445 0 -4.15000 -42.55000 32.21416 0.17897 13
1.49813 -0.26254 56.71445 0 7.90000 -43.60000 32.21416 0.18329 13
1.87888 0.08368 21.75651 0 -2.57500 -56.20000 10.24938 0.21455 13
-0.13308 -0.11010 12.13365 0 3.37500 5.12500 12.02886 0.10221 -13
0.60150 -0.20675 16.06648 0 6.27500 -18.10000 13.84315 0.11938 -13
-0.11615 -0.14909 24.25266 0 4.47500 2.07500 24.09409 0.10248 13
0.68759 -0.12544 49.36477 0 3.80000 -23.05000 40.77898 0.12286 -13
1.78700 -0.05348 59.79272 0 1.60000 -53.20000 29.23154 0.20628 13
1.45813 -0.05358 51.29894 0 1.60000 -44.45000 29.04201 0.17814 13
0.90091 -0.22015 78.20532 0 6.65000 -26.50000 58.71469 0.13735 -13
-0.25120 -0.09673 61.15988 0 2.92500 11.62500 59.33316 0.10429 -13
0.82310 -0.04113 24.09933 0 1.22500 -25.35000 18.61328 0.13049 13
-0.92818 -0.18301 53.65514 0 5.52500 26.60000 39.62442 0.13863 -13
-0.40294 -0.24549 55.54948 0 7.40000 11.07500 51.72962 0.11134 13
0.46553 0.06084 41.71099 0 -1.85000 -13.52500 37.82669 0.11125 13
-0.57198 -0.04849 66.66653 0 1.47500 16.35000 57.88593 0.11612 -13
0.75457 -0.09742 99.44421 0 2.92500 -22.25000 79.51644 0.12654 13
0.09177 -0.11844 23.35026 0 3.60000 -2.22500 23.25390 0.10184 -13
-0.77797 0.06834 76.81334 0 -2.05000 25.30000 60.68073 0.12777 -13
-1.60561 -0.08062 54.49742 0 2.45000 50.02500 28.87798 0.19067 -13
-0.18554 0.06699 32.30208 0 -2.02500 3.87500 31.76220 0.10265 13
-0.85946 -0.17463 92.30908 0 5.27500 24.87500 70.45056 0.13395 -13
1.73795 -0.02037 55.37941 0 0.62500 -53.55000 27.62327 0.20194 -13
-0.14777 -0.21454 13.75369 0 6.42500 3.47500 13.61231 0.10404 13
0.34739 -0.20991 41.04771 0 6.35000 -10.87500 38.86291 0.10869 -13
-0.22812 0.08119 19.95260 0 -2.42500 6.07500 19.45603 0.10361 -13
-1.20940 -0.18790 45.04010 0 5.67500 36.12500 28.99680 0.15917 -13
-2.13032 1.89684 45.04010 0 5.60000 36.07500 28.99680 0.15916 -13
-0.84883 0.06169 65.28156 0 -1.85000 26.57500 49.80876 0.13223 -13
1.39718 3.39068 65.28156 0 -1.15000 49.30000 49.80876 0.39885 -13
7.51784 -5.95710 65.28156 0 -0.57500 62.00000 49.80876 0.46390 -13
0.72790 -0.19084 56.30881 0 5.77500 -21.30000 45.80506 0.12604 -13
-1.53270 -0.09362 41.17944 0 2.85000 45.20000 22.57016 0.18455 -13
-0.05398 -0.21265 17.36021 0 6.45000 3.60000 17.33610 0.10312 -13
-0.25801 0.03974 48.16802 0 -1.20000 5.67500 46.64303 0.10408 13
-0.62604 -0.03694 69.96457 0 1.10000 19.70000 59.31344 0.11887 13
-0.67851 -0.06733 45.13480 0 2.05000 20.15000 37.37546 0.12189 -13
-1.51488 -0.06873 7.46405 0 2.20000 45.20000 4.11805 0.18303 -13
0.21560 -0.19649 52.34192 0 5.92500 -4.95000 51.20855 0.10489 13
-0.91090 -0.05912 43.64229 0 1.77500 27.20000 32.28893 0.13635 13
1.85706 0.06398 76.91605 0 -1.92500 -57.07500 36.52448 0.21249 -13
-0.45588 -0.17763 23.84449 0 5.32500 11.45000 21.75362 0.11210 13
-0.00335 -0.03561 80.79803 0 1.07500 -1.75000 80.79758 0.10077 13
0.61387 -0.01971 82.55268 0 0.57500 -18.82500 70.35768 0.11818 13
0.13358 0.12889 69.93827 0 -3.87500 -2.92500 69.33244 0.10242 -13
0.13726 -0.27084 69.93827 0 8.17500 -3.02500 69.33244 0.10525 -13
0.44753 -0.13999 26.88077 0 4.20000 -12.70000 24.57523 0.11122 13
-0.03409 -0.13859 46.49294 0 4.17500 -0.22500 46.46645 0.10172 13
-0.01028 -0.11693 15.24329 0 3.55000 -1.35000 15.24249 0.10141 -13
-0.50779 -0.18203 39.74652 0 5.47500 14.00000 35.55606 0.11441 13
-1.33966 0.01660 2.73046 0 -0.20000 40.57500 1.63349 0.16846 -13
-1.38735 0.09335 47.52006 0 -2.80000 40.47500 27.86594 0.17247 -13
-0.22203 -0.19606 90.86900 0 5.90000 9.72500 88.78610 0.10502 13
0.01589 0.13771 55.81928 0 -4.17500 -0.30000 55.81236 0.10167 13
0.01626 -0.26159 55.81928 0 7.87500 -0.30000 55.81236 0.10410 13
0.20798 -0.24132 18.52908 0 7.30000 -6.20000 18.16156 0.10572 -13
0.28902 0.10449 41.62027 0 -3.17500 -8.35000 40.00043 0.10535 13
0.30804 0.04501 19.45332 0 -1.32500 -10.27500 18.59285 0.10547 -13
-0.54481 0.12835 44.56104 0 -3.85000 15.77500 39.20341 0.11540 -13
-0.55994 -0.27141 44.56104 0 8.20000 16.22500 39.20341 0.11862 -13
1.09299 -0.14438 10.86649 0 4.42500 -33.10000 7.37777 0.14992 -13
1.17396 -0.06049 69.46158 0 1.82500 -35.12500 45.09008 0.15541 13
0.55147 0.14650 83.75786 0 -4.42500 -17.57500 73.52471 0.11595 13
0.56276 -0.25241 83.75786 0 7.60000 -17.92500 73.52471 0.11831 13
-1.58685 -0.05730 15.87860 0 1.67500 46.35000 8.47582 0.18895 13
-1.01718 0.10872 96.76212 0 -3.27500 29.52500 68.03826 0.14406 -13
1.51586 0.03631 26.51462 0 -1.05000 -46.37500 14.60728 0.18291 -13
-0.57446 -0.18684 54.22976 0 5.62500 16.02500 47.22080 0.11765 13
0.93192 0.13425 20.36833 0 -4.07500 -27.57500 14.96253 0.13834 13
0.95555 -0.26526 20.36833 0 7.97500 -28.27500 14.96253 0.14179 13
-0.21803 0.05621 67.98220 0 -1.70000 6.95000 66.42655 0.10322 13
0.49745 -0.18744 89.18237 0 5.65000 -13.35000 80.11856 0.11404 13
-0.15005 0.11920 81.50232 0 -3.60000 3.02500 80.61238 0.10254 13
-0.15478 -0.28115 81.50232 0 8.47500 3.17500 80.61238 0.10576 13
-1.66572 -0.02467 16.25108 0 0.80000 52.55000 8.36629 0.19568 -13
0.29903 -0.21649 22.46454 0 6.55000 -8.65000 21.56257 0.10737 -13
1.69423 -0.00420 81.46716 0 0.15000 -47.65000 41.40994 0.19813 -13
1.19440 -0.00156 21.45658 0 0.02500 -38.87500 13.77421 0.15687 13
0.25984 -0.00560 4.97849 0 0.07500 -8.67500 4.81847 0.10407 13
1.99658 0.06580 80.39764 0 -1.97500 -60.72500 36.06641 0.22496 -13
1.11984 0.14735 18.05416 0 -4.47500 -34.40000 12.09693 0.15195 13
1.14245 -0.25157 18.05416 0 7.55000 -35.05000 12.09693 0.15493 13
-1.93865 0.09517 4.52164 0 -2.65000 58.85000 2.08042 0.21978 -13
0.40323 -0.09461 96.64040 0 2.85000 -11.57500 89.68384 0.10900 -13
-1.40282 -0.13367 98.08502 0 4.05000 40.25000 57.26868 0.17402 -13
0.62583 -0.20420 66.53249 0 6.17500 -20.07500 56.71836 0.12057 -13
-1.12920 0.10757 56.73560 0 -3.22500 33.20000 37.73620 0.15227 -13
0.28444 -0.06644 7.73622 0 2.07500 -8.97500 7.44241 0.10494 -13
-1.13137 -0.09963 30.47122 0 3.02500 33.95000 20.23578 0.15240 -13
0.52170 -0.07643 61.11406 0 2.32500 -15.27500 54.21748 0.11384 -13
-0.34017 0.08716 46.95855 0 -2.65000 9.65000 44.47418 0.10673 13
0.17267 -0.02417 21.77039 0 0.70000 -5.70000 21.45315 0.10222 13
-0.00282 -0.11328 61.42957 0 3.42500 2.52500 61.42933 0.10135 -13
0.00480 -0.15094 32.10556 0 4.52500 -1.65000 32.10520 0.10184 13
0.13774 -0.03417 54.14930 0 1.05000 -3.20000 53.64339 0.10172 -13
0.98328 -0.22982 22.38574 0 6.90000 -30.10000 16.16290 0.14309 13
-1.07686 -0.12297 41.63709 0 3.72500 32.85000 28.44611 0.14852 -13
-1.80250 -0.04978 66.41514 0 1.47500 53.70000 32.25043 0.20764 13
0.00380 -0.10085 98.86160 0 3.05000 -1.37500 98.86088 0.10122 -13
-2.15853 -0.04443 23.71099 0 1.30000 62.72500 9.97587 0.23959 13
0.59483 0.04766 36.46419 0 -1.42500 -19.35000 31.34849 0.11726 -13
-0.85424 -0.23070 62.45221 0 6.97500 25.32500 47.99979 0.13448 -13
-0.57197 0.10529 5.59372 0 -3.07500 19.65000 4.86220 0.11647 -13
0.41226 -0.01820 54.84159 0 0.55000 -10.92500 50.70322 0.10894 13
-1.60352 -0.12148 79.75063 0 3.67500 49.55000 42.42328 0.19071 -13
-0.61437 0.01343 51.17106 0 -0.40000 18.10000 43.60120 0.11820 -13
0.00419 -0.15670 80.58092 0 4.72500 1.50000 80.58023 0.10193 -13
0.39640 -0.11302 64.48375 0 3.42500 -9.52500 59.99703 0.10892 -13
-0.37770 -0.07327 31.65051 0 2.20000 10.85000 29.61868 0.10789 13
-0.19595 0.12156 30.52533 0 -3.65000 7.47500 29.96367 0.10334 -13
-0.20192 -0.27861 30.52533 0 8.42500 7.67500 29.96367 0.10651 -13
0.05660 -0.10145 85.90679 0 3.05000 -2.22500 85.77092 0.10138 13
-0.69242 -0.00133 1.90935 0 -0.27500 21.07500 1.56980 0.12268 13
0.58953 0.00237 41.26383 0 -0.05000 -18.62500 35.54661 0.11690 -13
1.83301 -0.15372 34.50316 0 4.60000 -53.40000 16.67253 0.21082 13
0.84711 0.06680 46.34212 0 -2.00000 -24.57500 35.39228 0.13215 -13
-0.87145 -0.12438 88.42901 0 3.75000 27.42500 66.88691 0.13416 13
0.12651 0.02312 26.35670 0 -0.72500 -3.17500 26.14840 0.10154 13
-1.55619 -0.07671 92.78041 0 2.32500 46.27500 50.26216 0.18643 -13
1.54716 0.04319 54.28259 0 -1.27500 -47.35000 29.48535 0.18555 -13
1.55550 0.00596 63.53028 0 -0.20000 -45.52500 34.35605 0.18623 13
-0.46459 -0.02517 48.60934 0 0.77500 17.12500 44.08648 0.11107 -13
0.09788 0.90323 48.60934 0 -1.20000 29.00000 44.08648 0.28564 -13
0.65583 -0.27748 48.60934 0 -1.20000 29.00000 44.08648 0.28566 -13
0.38821 -0.09250 71.29011 0 2.80000 -13.57500 66.49464 0.10843 -13
0.88924 -0.24780 32.02698 0 7.50000 -25.62500 24.24486 0.13707 -13
0.02911 0.07317 46.49833 0 -2.22500 -1.22500 46.47875 0.10102 13
-0.47858 -0.00604 7.04772 0 0.10000 14.82500 6.35730 0.11166 13
0.71624 -0.07657 98.74443 0 2.30000 -18.10000 80.35671 0.12411 13
1.87091 -0.17117 46.40425 0 5.15000 -59.52500 22.12055 0.21429 13
0.26199 0.06980 26.46136 0 -2.07500 -7.15000 25.60152 0.10434 -13
0.01141 0.07221 41.01275 0 -2.17500 -1.05000 41.01009 0.10097 -13
-0.97606 -0.11357 74.38125 0 3.42500 27.45000 53.39512 0.14118 13
1.26186 -0.03517 80.09716 0 1.07500 -36.90000 49.76671 0.16218 -13
-0.09701 0.02308 16.33754 0 -0.72500 2.72500 16.26123 0.10120 13
0.65661 -0.09946 92.03588 0 3.00000 -16.87500 77.04675 0.12089 -13
-2.06919 -0.11056 60.81311 0 3.32500 61.22500 26.59112 0.23170 13
1.86513 -0.08236 75.92837 0 2.47500 -55.02500 35.97088 0.21327 13
-1.37236 0.13249 29.27835 0 -4.02500 42.07500 17.34010 0.17154 13
-1.40821 -0.26715 29.27835 0 8.02500 43.12500 17.34010 0.17595 13
-0.45508 -0.24366 26.93023 0 7.32500 16.80000 24.63009 0.11331 13
-1.42203 0.14447 30.11897 0 -4.37500 42.10000 17.44398 0.17570 13
-1.45237 -0.25455 30.11897 0 7.65000 43.00000 17.44398 0.17938 13
-2.00049 0.00435 62.54501 0 -0.12500 60.05000 27.96515 0.22523 -13
0.23488 0.10493 13.61176 0 -3.12500 -6.05000 13.25499 0.10397 -13
-0.38950 0.12141 61.52044 0 -3.67500 12.50000 57.38055 0.10876 13
-0.40142 -0.27880 61.52044 0 8.40000 12.87500 57.38055 0.11208 13
-0.67259 0.11975 75.55964 0 -3.62500 20.27500 62.83651 0.12196 13
-0.69359 -0.28057 75.55964 0 8.45000 20.90000 62.83651 0.12576 13
1.34338 -0.14119 4.55085 0 4.10000 -41.55000 2.73514 0.16914 13
-1.84171 0.11356 27.04843 0 -3.47500 56.97500 12.97047 0.21139 13
-0.75163 0.13145 76.03731 0 -3.97500 26.07500 60.96917 0.12668 13
-0.77156 -0.26818 76.03731 0 8.07500 26.67500 60.96917 0.13002 13
0.37941 -0.04515 74.82173 0 1.35000 -11.30000 69.96462 0.10780 13
-1.45275 -0.08912 52.55750 0 2.70000 42.15000 29.88145 0.17783 -13
0.06631 0.05706 24.36994 0 -1.75000 0.42500 24.31673 0.10109 13
0.89893 -0.21429 77.72340 0 6.47500 -26.15000 58.37708 0.13713 -13
-2.05555 -0.08173 93.89769 0 2.47500 61.30000 41.18882 0.23035 -13
-0.03340 -0.18126 82.11098 0 5.45000 2.37500 82.06667 0.10239 13
0.59960 0.11687 72.71764 0 -3.52500 -19.10000 62.47701 0.11801 -13
0.64374 0.04867 96.51965 0 -1.47500 -19.07500 81.18555 0.11987 13
-1.98815 0.08592 36.75075 0 -2.55000 63.27500 16.56304 0.22425 -13
-0.92156 -0.01254 47.80331 0 0.40000 25.62500 35.15403 0.13695 -13
-1.50638 -0.02555 7.36052 0 0.65000 48.42500 4.07210 0.18208 13
-0.89348 0.12527 27.11201 0 -3.80000 26.75000 20.28742 0.13564 13
-0.91943 -0.27475 27.11201 0 8.25000 27.52500 20.28742 0.13953 13
1.18094 0.11697 96.09728 0 -3.52500 -35.02500 62.34615 0.15628 13
-0.02347 0.13042 30.57429 0 -3.92500 -0.40000 30.56600 0.10158 -13
-0.02409 -0.26923 30.57429 0 8.15000 -0.40000 30.56600 0.10434 -13
0.94754 0.08899 59.29827 0 -2.67500 -31.37500 43.12390 0.13902 -13
1.07649 -0.17849 39.05816 0 5.40000 -30.30000 26.80645 0.14906 -13
-0.07433 -0.13633 26.34886 0 4.10000 0.30000 26.27770 0.10191 13
-1.15339 0.13551 25.61738 0 -4.12500 35.87500 16.86864 0.15435 13
-1.18208 -0.26395 25.61738 0 7.92500 36.72500 16.86864 0.15813 13
-1.23223 -0.01389 5.69138 0 0.55000 33.95000 3.58652 0.15986 -13
-0.80216 -0.03920 50.52928 0 1.20000 23.52500 39.42693 0.12916 -13
-0.35697 0.11431 11.81297 0 -3.50000 12.05000 11.13349 0.10756 13
0.00602 -0.14095 49.96067 0 4.25000 -5.20000 49.95978 0.10170 13
0.17461 0.11936 4.76639 0 -3.50000 -4.27500 4.69635 0.10292 -13
-1.65375 0.11539 91.57426 0 -3.50000 49.75000 47.61339 0.19497 13
0.78160 0.02309 89.65546 0 -0.70000 -24.32500 70.64577 0.12784 -13
-1.34505 -0.05961 26.93695 0 1.82500 41.80000 16.09037 0.16890 -13
-0.18931 -0.14184 6.03048 0 4.35000 5.32500 5.92726 0.10354 -13
-0.50187 -0.10751 98.27098 0 3.25000 16.62500 87.93148 0.11319 13
-0.76059 -0.14033 8.01335 0 4.15000 22.95000 6.40090 0.12728 13
0.21420 0.05116 76.84500 0 -1.55000 -8.42500 75.14472 0.10312 13
1.44196 -0.15839 85.30754 0 4.80000 -42.75000 49.02151 0.17744 -13
1.90738 0.14909 89.17386 0 -4.47500 -57.57500 41.76352 0.21739 -13
1.94445 -0.24965 89.17386 0 7.55000 -58.70000 41.76352 0.22165 -13
0.80699 -0.01543 33.64572 0 0.45000 -24.95000 26.18457 0.12941 13
-1.96004 0.07711 95.72673 0 -2.32500 58.57500 43.60611 0.22173 13
-1.27795 0.11054 9.20912 0 -3.42500 39.75000 5.69661 0.16385 13
-0.45275 -0.12776 38.33637 0 3.87500 15.60000 34.97152 0.11130 -13
0.29237 -0.24019 97.49833 0 7.25000 -7.22500 93.78211 0.10768 -13
0.00775 -0.18795 92.10842 0 5.67500 -1.30000 92.10574 0.10247 13
-1.19690 0.04064 44.94809 0 -1.20000 33.17500 28.83307 0.15711 -13
-0.15790 0.06257 69.47463 0 -1.90000 4.20000 68.62764 0.10215 13
-0.25520 0.11612 80.43571 0 -3.50000 8.25000 77.96954 0.10459 -13
-0.70605 -0.20151 98.74772 0 6.07500 25.05000 81.19588 0.12494 -13
0.00467 -0.15773 96.63052 0 4.77500 0.02500 96.62949 0.10195 -13
-1.26648 -0.01530 5.95653 0 0.32500 39.62500 3.69146 0.16252 13
-1.17473 -0.05397 51.05144 0 1.65000 36.67500 33.12026 0.15546 -13
-0.69906 -0.17243 2.91672 0 5.00000 22.37500 2.40169 0.12404 13
-0.47140 0.10283 31.51383 0 -3.07500 15.80000 28.53248 0.11181 -13
-0.54565 -0.20493 84.76199 0 6.17500 11.45000 74.75245 0.11655 13
-1.13240 0.08295 84.64489 0 -2.50000 35.02500 56.13690 0.15237 13
-0.92686 -0.25079 4.25646 0 7.40000 29.15000 3.16530 0.13948 13
0.57053 -0.15384 95.19317 0 4.65000 -18.15000 82.91860 0.11698 -13
0.10170 0.01228 60.75243 0 -0.37500 -0.27500 60.44071 0.10123 -13
-0.61357 -0.17255 20.27155 0 5.17500 17.07500 17.34769 0.11940 13
-0.05269 -0.04607 35.16197 0 1.37500 3.97500 35.11337 0.10094 13
1.08603 -0.22749 63.59044 0 6.87500 -31.92500 43.65970 0.15043 -13
-1.78379 -0.13347 23.70445 0 4.07500 52.27500 11.67026 0.20640 -13
-0.78944 -0.23781 4.09076 0 7.00000 25.65000 3.24445 0.13040 13
-0.25595 -0.00491 87.35820 0 0.15000 8.67500 84.63009 0.10395 -13
-0.44053 0.09297 71.59629 0 -2.80000 12.05000 65.56610 0.11044 13
0.52668 -0.18875 76.40429 0 5.70000 -15.02500 67.85543 0.11539 -13
1.12044 0.14793 64.56774 0 -4.47500 -35.32500 43.25142 0.15198 13
1.14277 -0.25092 64.56774 0 7.55000 -36.00000 43.25142 0.15498 13
-0.00130 -0.24297 46.67980 0 7.35000 -0.95000 46.67976 0.10364 -13
0.32354 0.07516 63.07959 0 -2.27500 -9.00000 60.03252 0.10612 13
0.40984 0.09445 39.62288 0 -2.85000 -12.32500 36.68677 0.10925 13
0.10386 -0.21762 46.32653 0 6.57500 -3.80000 46.08978 0.10360 -13
-0.49806 0.02297 70.56774 0 -0.67500 15.75000 63.16974 0.11253 -13
-0.79240 -0.10655 51.99940 0 3.20000 24.82500 40.84381 0.12893 13
0.40996 -0.17099 94.72177 0 5.15000 -11.65000 87.82216 0.11019 13
1.53976 0.06371 3.15445 0 -2.22500 -48.27500 1.71980 0.18532 13
0.00621 -0.13666 2.14136 0 4.35000 0.10000 2.14132 0.10187 -13
1.47348 -0.19498 42.35242 0 5.90000 -44.90000 24.08744 0.18042 -13
0.48047 -0.12410 26.74599 0 3.72500 -11.77500 24.14183 0.11241 13
0.14840 0.09331 42.54689 0 -2.82500 -2.25000 42.08997 0.10224 13
1.51159 -0.24034 56.50401 0 7.27500 -48.60000 31.78486 0.18414 -13
1.30533 0.09055 79.64819 0 -2.75000 -38.30000 48.56243 0.16584 13
0.64447 0.08765 60.79832 0 -2.62500 -19.00000 51.16204 0.12012 -13
0.71094 -0.15623 58.12236 0 4.70000 -23.12500 47.56205 0.12455 13
0.22427 -0.12423 90.79440 0 3.75000 -9.57500 88.62585 0.10397 -13
0.48818 -0.17436 66.92477 0 5.25000 -15.65000 60.31250 0.11342 13
0.43149 0.10703 36.57790 0 -3.22500 -11.47500 33.61443 0.11020 -13
0.13208 -0.11172 90.50963 0 3.37500 -8.35000 89.73985 0.10220 13
-0.20838 -0.06137 3.98380 0 1.72500 3.47500 3.90034 0.10306 13
0.57342 -0.21173 45.76162 0 6.37500 -16.50000 39.91038 0.11802 13
0.50257 0.01936 87.10381 0 -0.60000 -15.87500 77.83109 0.11272 13
0.29626 -0.11235 95.54068 0 3.40000 -9.62500 91.65138 0.10564 -13
-0.89233 -0.11019 20.99600 0 3.35000 28.37500 15.70725 0.13544 -13
0.17284 -0.13724 87.42674 0 4.15000 -3.72500 86.17266 0.10313 -13
-0.74212 -0.03407 27.45512 0 1.00000 21.00000 22.05147 0.12545 13
1.11834 -0.06842 22.39590 0 2.10000 -36.75000 14.94806 0.15124 -13
1.75150 -0.06214 99.66834 0 1.87500 -51.70000 49.48985 0.20321 -13
1.45734 0.04530 98.29798 0 -1.37500 -40.55000 55.65471 0.17805 13
0.00798 -0.14289 13.63374 0 4.27500 0.47500 13.63331 0.10171 13
0.53611 -0.17501 40.95317 0 5.30000 -14.67500 36.21391 0.11562 -13
0.18916 -0.11559 29.41905 0 3.50000 -4.65000 28.91296 0.10316 -13
-1.23145 0.13401 62.43224 0 -4.05000 38.20000 39.56725 0.16033 13
-1.26283 -0.26549 62.43224 0 8.00000 39.15000 39.56725 0.16439 13
1.22670 0.01558 64.04427 0 -0.47500 -38.80000 40.46942 0.15939 13
-2.16758 -0.05541 24.74426 0 1.72500 64.07500 10.37943 0.24046 -13
1.30204 -0.00197 40.65731 0 0.05000 -35.62500 24.76480 0.16533 13
-0.71252 -0.21132 49.39983 0 6.35000 20.92500 40.52452 0.12546 13
0.97260 -0.07692 67.15172 0 2.30000 -29.70000 48.20690 0.14070 13
0.51683 0.03125 52.93481 0 -0.92500 -15.95000 47.03064 0.11340 -13
-0.48857 -0.11570 24.50773 0 3.50000 15.57500 22.04835 0.11269 -13
-0.24726 -0.09954 54.74791 0 3.00000 6.20000 53.16221 0.10422 13
-1.65822 0.07071 29.60414 0 -2.10000 51.25000 15.31573 0.19512 -13
-0.43123 0.11671 43.58144 0 -3.50000 15.85000 40.06164 0.11029 -13
0.51084 0.10863 31.45532 0 -3.30000 -14.67500 28.04580 0.11362 13
0.08729 0.04984 93.99804 0 -1.50000 -1.82500 93.64280 0.10121 -13
0.57585 0.05349 43.23450 0 -1.62500 -15.37500 37.47954 0.11633 13
0.67893 0.05066 10.52746 0 -1.57500 -18.87500 8.71340 0.12184 13
-1.24670 -0.12144 46.99098 0 3.65000 38.05000 29.53351 0.16140 13
-1.21338 0.12837 58.26799 0 -3.85000 36.50000 37.23769 0.15886 -13
-1.24701 -0.27138 58.26799 0 8.20000 37.52500 37.23769 0.16330 -13
-0.75783 0.06158 4.43799 0 -1.72500 24.82500 3.53948 0.12651 -13
-1.37669 -0.23284 99.68486 0 7.02500 39.82500 59.59599 0.17294 13
0.56353 -0.15762 90.19126 0 4.75000 -18.25000 78.80443 0.11668 -13
-1.87279 -0.11206 56.27584 0 3.40000 57.05000 26.63554 0.21411 -13
-0.05938 -0.03376 78.44845 0 1.00000 0.97500 78.31067 0.10094 13
-0.01544 -0.19556 38.81489 0 5.87500 0.47500 38.81044 0.10261 13
1.11524 0.13201 97.12452 0 -3.97500 -32.92500 65.15057 0.15142 -13
1.14455 -0.26756 97.12452 0 8.07500 -33.80000 65.15057 0.15541 -13
-0.05775 0.00294 43.10376 0 -0.07500 -0.77500 43.03208 0.10087 -13
0.44907 -0.01788 87.80492 0 0.55000 -13.07500 80.10127 0.11041 -13
-0.94418 0.09206 22.65369 0 -2.75000 26.20000 16.50484 0.13879 -13
-0.01589 -0.17447 99.61305 0 5.25000 0.35000 99.60085 0.10223 13
0.50047 -0.21977 65.29727 0 6.62500 -14.70000 58.66377 0.11476 13
-0.57289 0.04677 63.84802 0 -1.42500 18.00000 55.41566 0.11616 13
-0.11514 -0.06648 60.15525 0 2.02500 2.92500 59.76214 0.10159 -13
-1.17889 -0.08831 54.18116 0 2.67500 35.62500 35.12788 0.15593 -13
0.45729 -0.07137 52.63763 0 2.15000 -11.30000 47.89083 0.11096 13
0.93277 -0.19871 89.56239 0 6.00000 -29.52500 66.07998 0.13917 -13
-1.15111 -0.00577 17.54896 0 0.12500 34.37500 11.50871 0.15356 13
0.76537 -0.19605 4.80003 0 6.05000 -23.80000 3.83765 0.12850 -13
-1.79145 -0.13894 15.93805 0 4.25000 54.47500 7.82470 0.20716 -13
1.60522 -0.04071 86.30424 0 1.22500 -50.62500 45.66092 0.19049 13
1.26279 -0.02928 94.98097 0 0.90000 -37.37500 58.98074 0.16224 -13
1.80668 -0.21937 93.50266 0 6.60000 -54.72500 46.09688 0.20910 13
0.23763 0.02375 17.42487 0 -0.70000 -3.10000 16.95307 0.10354 -13
0.10060 -0.01426 86.69057 0 0.42500 -4.30000 86.25526 0.10122 13
0.00517 0.03695 42.16576 0 -1.10000 -0.42500 42.16520 0.10077 -13
-1.60249 -0.06864 73.75253 0 2.05000 49.50000 39.11183 0.19033 13
-0.25767 -0.15611 68.67222 0 4.72500 6.87500 66.54953 0.10517 -13
0.09128 -0.17533 53.81299 0 5.27500 -1.67500 53.59676 0.10265 13
-1.90872 -0.02724 64.01119 0 0.80000 57.70000 29.71486 0.21701 13
2.00686 -0.10415 87.05169 0 3.15000 -59.50000 38.99281 0.22605 -13
-0.27018 -0.09755 65.70397 0 2.95000 7.35000 63.45008 0.10477 -13
0.00097 -0.09947 97.69616 0 3.00000 0.32500 97.69612 0.10120 -13
-1.10292 0.03890 94.19689 0 -1.17500 33.35000 63.29777 0.14998 13
-0.16319 -0.19960 97.71859 0 6.02500 3.55000 96.49070 0.10399 13
-0.08762 -0.23448 2.47505 0 6.87500 0.57500 2.46603 0.10375 13
0.53943 -0.12055 85.12322 0 3.62500 -17.15000 75.03976 0.11506 13
-0.89294 -0.15961 80.65088 0 4.82500 26.50000 60.49267 0.13597 -13
-1.08051 -0.11034 75.17012 0 3.32500 33.72500 51.22444 0.14867 13
0.98726 -0.22642 2.88742 0 6.57500 -27.62500 2.08021 0.14316 13
-0.28955 -0.03603 76.50799 0 1.07500 5.37500 73.49293 0.10490 13
1.12441 -0.15202 83.44045 0 4.57500 -36.25000 55.80369 0.15230 13
0.63172 -0.17249 74.39805 0 5.20000 -18.65000 63.15984 0.12038 -13
-0.71552 0.09063 51.01149 0 -2.72500 22.07500 41.54301 0.12416 -13
-0.17708 0.02312 25.44689 0 -0.72500 6.45000 25.05721 0.10230 13
-1.30859 -0.20407 91.01243 0 6.15000 39.50000 55.97233 0.16711 13
-0.15508 0.13609 54.89092 0 -4.12500 7.60000 54.25411 0.10283 13
-0.15890 -0.26329 54.89092 0 7.92500 7.70000 54.25411 0.10535 13
0.34827 0.00907 76.72894 0 -0.27500 -10.25000 72.46057 0.10664 13
1.88403 -0.07815 46.55297 0 2.37500 -60.62500 21.87722 0.21495 -13
0.91811 0.10909 30.71391 0 -3.30000 -25.62500 22.68534 0.13717 13
0.21727 0.10259 38.85663 0 -3.07500 -6.60000 37.97978 0.10357 -13
0.69839 -0.06361 49.57417 0 1.90000 -19.22500 40.66969 0.12300 13
-1.22841 -0.23605 75.73462 0 7.12500 40.00000 48.58948 0.16129 -13
0.00916 -0.23340 29.84356 0 7.02500 0.30000 29.84237 0.10340 13
-0.07919 0.01314 3.81028 0 -0.52500 -0.30000 3.79840 0.10107 13
0.21378 0.01490 9.76758 0 -0.50000 -6.95000 9.55186 0.10300 13
-0.09991 -0.07934 57.33954 0 2.40000 3.02500 57.05722 0.10152 -13
1.82876 0.00619 49.80458 0 -0.20000 -55.60000 23.89488 0.20989 13
-0.99423 -0.07391 2.57069 0 1.95000 29.90000 1.82532 0.14224 13
0.04755 0.12396 4.41474 0 -3.62500 0.42500 4.40986 0.10157 -13
0.04889 -0.27592 4.41474 0 8.45000 0.37500 4.40986 0.10472 -13
0.63709 -0.22261 53.45781 0 6.72500 -19.95000 45.39590 0.12150 -13
-0.02351 0.00236 5.51667 0 -0.15000 0.32500 5.51514 0.10075 13
-0.61656 -0.24301 63.60036 0 7.35000 18.07500 54.55806 0.12082 -13
-0.68530 -0.02363 28.17134 0 0.72500 22.10000 23.24044 0.12210 -13
-0.40960 -0.03135 54.65027 0 0.95000 11.20000 50.57593 0.10887 -13
-1.44648 -0.22930 16.68283 0 6.97500 42.85000 9.65199 0.17865 -13
0.12824 -0.08260 39.18264 0 2.47500 -5.97500 38.86633 0.10187 13
-0.36012 -0.00988 24.90750 0 0.32500 10.07500 23.43438 0.10704 -13
-0.05275 -0.12607 64.69365 0 3.80000 -0.95000 64.60523 0.10164 13
0.00762 0.08676 63.19162 0 -2.60000 -1.50000 63.18980 0.10108 -13
-0.84524 0.03778 46.96175 0 -1.12500 27.00000 35.87678 0.13191 -13
-0.09742 -0.21822 17.38225 0 6.55000 3.00000 17.30410 0.10352 13
-0.78983 -0.06856 81.84559 0 2.05000 25.10000 64.28601 0.12851 13
-1.04979 0.01202 29.32743 0 -0.35000 29.27500 20.22877 0.14601 -13
0.48335 0.03688 76.63881 0 -1.12500 -14.75000 69.00999 0.11191 13
