0.85878 -0.00205 59.51255 0 0.05000 -27.60000 45.14876 0.13274 13
1.04514 0.04742 3.57210 0 -1.62500 -32.97500 2.47070 0.14588 13
-1.13411 -0.11808 3.79955 0 3.75000 34.15000 2.52212 0.15294 -13
-0.80509 0.02622 66.93585 0 -0.77500 24.25000 52.14532 0.12931 -13
-0.47381 0.03204 88.49234 0 -0.95000 14.30000 79.97764 0.11148 -13
1.36337 -0.19306 27.59123 0 5.85000 -41.70000 16.51284 0.17141 -13
-1.33230 -0.06069 74.50406 0 1.85000 37.47500 44.77667 0.16787 -13
1.96348 0.07760 28.53419 0 -2.30000 -60.27500 12.98053 0.22201 -13
0.80545 0.03523 13.49599 0 -1.10000 -26.02500 10.51320 0.12937 13
-0.84952 -0.24224 59.53567 0 7.32500 25.90000 45.90953 0.13438 -13
0.02575 -0.06048 15.27801 0 1.80000 -1.85000 15.27296 0.10092 13
0.09130 -0.19286 30.55253 0 5.80000 -1.30000 30.43053 0.10296 13
1.05927 0.00145 22.82625 0 -0.07500 -31.92500 15.66941 0.14670 13
-0.58231 0.14481 5.81920 0 -4.27500 18.47500 5.04280 0.11739 -13
-0.59457 -0.25396 5.81920 0 7.77500 18.87500 5.04280 0.12003 -13
-1.28246 -0.08132 15.59123 0 2.50000 39.52500 9.60769 0.16398 -13
-0.99350 -0.06985 39.37593 0 2.10000 30.80000 27.96750 0.14212 13
-0.52997 0.06668 30.53999 0 -2.00000 16.77500 26.99788 0.11416 -13
0.99858 -0.04917 95.96212 0 1.47500 -29.92500 67.94460 0.14240 13
0.55251 0.00419 47.98817 0 -0.12500 -18.25000 42.00347 0.11506 -13
1.87571 -0.01125 60.57550 0 0.35000 -56.25000 28.49931 0.21406 -13
-0.85448 -0.21568 76.14982 0 6.50000 23.55000 58.44426 0.13422 13
0.00174 0.06329 51.99693 0 -1.90000 0.52500 51.99685 0.10090 -13
-1.42278 0.11279 62.25305 0 -3.42500 43.17500 35.94881 0.17550 13
1.61555 -0.22925 88.76482 0 6.92500 -49.92500 47.58516 0.19274 -13
0.58815 0.16490 1.20233 0 -4.50000 -16.52500 1.03961 0.11821 -13
0.59518 -0.23301 1.20233 0 7.52500 -16.87500 1.03961 0.12051 -13
0.13120 0.04794 7.67390 0 -1.50000 -4.70000 7.60886 0.10170 13
1.08478 -0.01380 22.30901 0 0.45000 -31.25000 15.12145 0.14859 -13
0.22900 0.00673 67.21144 0 -0.20000 -8.97500 65.51556 0.10331 13
-0.34984 0.13534 17.54504 0 -4.05000 8.52500 16.57721 0.10754 -13
-0.35858 -0.26398 17.54504 0 8.00000 8.80000 16.57721 0.11026 -13
0.55302 -0.20219 18.61860 0 6.12500 -15.90000 16.36849 0.11689 -13
-1.12193 0.13251 51.01633 0 -4.00000 34.25000 34.10927 0.15195 13
-1.15121 -0.26708 51.01633 0 8.05000 35.12500 34.10927 0.15588 13
-1.91656 0.11713 78.33787 0 -3.52500 55.82500 36.43267 0.21800 -13
1.06130 -0.24136 83.49598 0 7.30000 -32.47500 58.11285 0.14885 -13
0.25253 -0.01094 24.97191 0 0.35000 -5.22500 24.21202 0.10387 -13
0.01853 -0.13587 75.17799 0 4.10000 -1.40000 75.16533 0.10165 -13
1.63744 0.12448 42.51656 0 -3.72500 -48.90000 22.28340 0.19361 -13
1.68545 -0.27552 42.51656 0 8.32500 -50.35000 22.28340 0.19934 -13
1.71256 0.10473 29.50878 0 -3.12500 -50.55000 14.93985 0.19996 -13
-0.90753 -0.05768 43.89967 0 1.75000 29.22500 32.53283 0.13611 -13
-0.18794 0.04919 80.40923 0 -1.50000 5.27500 79.02892 0.10259 13
-0.02343 -0.16093 84.63217 0 4.85000 -0.55000 84.60952 0.10203 -13
-0.49887 -0.05909 50.37271 0 1.80000 13.82500 45.09043 0.11270 -13
2.02208 0.08626 13.78718 0 -2.52500 -61.27500 6.13012 0.22728 -13
-0.49893 0.07896 28.65662 0 -2.40000 14.15000 25.65780 0.11283 13
-0.32328 -0.23920 53.23968 0 7.22500 9.00000 50.78855 0.10855 -13
-0.35813 0.09280 57.64926 0 -2.80000 10.72500 54.30005 0.10737 -13
0.13402 0.13410 73.54660 0 -4.05000 -1.10000 72.90610 0.10250 13
0.13744 -0.26539 73.54660 0 8.00000 -1.20000 72.90610 0.10510 13
0.28991 -0.19644 45.65362 0 5.92500 -7.70000 43.91166 0.10671 -13
-0.50374 -0.00057 5.81220 0 -0.07500 17.57500 5.19102 0.11277 13
0.51424 -0.06890 94.54698 0 2.07500 -16.25000 84.12246 0.11345 13
-0.95219 0.03444 99.20963 0 -1.02500 28.70000 71.86826 0.13910 -13
0.62504 -0.16004 72.61500 0 4.82500 -18.95000 61.79275 0.11985 -13
-0.15190 -0.18045 78.80042 0 5.42500 5.82500 77.93454 0.10346 13
-1.03477 -0.22320 87.37109 0 6.72500 30.32500 61.47523 0.14664 13
1.49168 0.02418 18.26657 0 -0.77500 -45.70000 10.17351 0.18087 13
0.26733 0.11589 66.11443 0 -3.50000 -8.75000 63.89966 0.10489 13
2.11602 -0.01289 22.35881 0 0.45000 -64.87500 9.55423 0.23570 -13
-0.47468 -0.04507 90.77159 0 1.35000 15.22500 82.01720 0.11156 13
0.67392 -0.18538 48.13155 0 5.60000 -19.40000 40.12260 0.12287 -13
1.03217 0.09567 95.49604 0 -2.90000 -32.85000 66.60420 0.14505 13
0.18915 -0.09446 31.27790 0 2.87500 -6.27500 30.73766 0.10293 -13
1.09723 0.07605 49.11463 0 -2.27500 -32.77500 33.13526 0.14969 -13
0.26416 0.05129 39.75597 0 -1.52500 -6.45000 38.44082 0.10428 -13
-0.45698 -0.04380 85.70786 0 1.32500 13.85000 77.96685 0.11081 -13
-0.85910 -0.04725 84.66806 0 1.42500 26.42500 64.25310 0.13285 -13
-0.23708 -0.08099 89.24824 0 2.42500 6.92500 86.85622 0.10381 13
0.22344 -0.16078 3.48958 0 5.00000 -6.87500 3.40750 0.10458 -13
-0.77027 -0.21391 57.71762 0 6.45000 25.25000 46.10274 0.12892 13
-0.58694 0.04964 77.81576 0 -1.50000 16.30000 67.13111 0.11687 13
-0.32908 0.01637 92.39867 0 -0.50000 10.65000 87.76939 0.10603 -13
0.30851 0.11317 71.62914 0 -3.40000 -9.30000 68.48341 0.10600 -13
-1.18507 -0.22797 6.14757 0 6.75000 37.70000 4.02287 0.15773 13
-0.61162 -0.13593 51.37180 0 4.10000 19.12500 43.93307 0.11883 13
0.52155 -0.20540 2.37048 0 5.95000 -14.60000 2.11082 0.11538 13
0.18017 -0.06540 72.99858 0 1.97500 -6.60000 71.84670 0.10253 13
1.35514 0.12638 90.83395 0 -3.82500 -39.80000 54.21049 0.17009 13
1.39384 -0.27354 90.83395 0 8.25000 -40.97500 54.21049 0.17493 13
0.78020 0.09670 43.97288 0 -2.90000 -24.47500 34.73028 0.12810 -13
0.31494 -0.05906 5.96798 0 1.70000 -6.70000 5.69336 0.10575 13
-0.33953 0.11748 83.51641 0 -3.55000 11.10000 79.13779 0.10701 13
-1.56808 -0.20758 22.56629 0 6.30000 44.85000 12.31527 0.18852 -13
0.17426 0.12041 52.90260 0 -3.65000 -2.52500 52.12825 0.10294 13
0.17967 -0.27988 52.90260 0 8.42500 -2.70000 52.12825 0.10612 13
-1.70005 -0.01962 66.62224 0 0.60000 50.05000 33.78290 0.19863 -13
0.73774 -0.02965 69.75159 0 0.87500 -20.72500 56.13874 0.12518 13
-0.77336 0.11932 66.20452 0 -3.60000 23.00000 52.50854 0.12788 13
-0.79767 -0.28103 66.20452 0 8.47500 23.72500 52.50854 0.13188 13
0.68348 -0.22190 77.98895 0 6.70000 -19.70000 64.87405 0.12401 -13
-1.28729 0.14042 71.17532 0 -4.22500 39.65000 43.93014 0.16475 -13
-1.31677 -0.25873 71.17532 0 7.82500 40.55000 43.93014 0.16855 -13
-2.05107 0.06150 76.12828 0 -1.87500 61.32500 33.41384 0.22988 13
1.56516 -0.98535 76.12828 0 -1.97500 63.12500 33.41384 0.24442 13
1.37025 0.05351 79.92563 0 -1.60000 -41.10000 47.16076 0.17090 -13
0.88524 -0.09715 2.67931 0 3.20000 -30.35000 2.01021 0.13507 -13
0.59819 -0.18803 18.64008 0 5.65000 -19.22500 16.06916 0.11885 13
0.84325 -0.00341 9.60550 0 0.02500 -26.15000 7.34314 0.13174 13
0.38992 -0.20066 29.34258 0 6.02500 -12.70000 27.40817 0.10995 13
0.15912 -0.19643 9.81702 0 5.97500 -7.12500 9.69950 0.10391 -13
-0.30287 -0.05721 30.31211 0 1.70000 9.40000 29.01462 0.10538 13
-1.34996 -0.14563 39.04744 0 4.37500 39.35000 23.39969 0.16980 13
-0.95054 0.08875 42.65217 0 -2.67500 29.90000 30.97154 0.13923 -13
-0.07331 -0.09871 27.04270 0 2.95000 0.67500 26.97103 0.10146 13
-1.07444 -0.03015 22.03836 0 0.87500 32.77500 15.01810 0.14784 13
1.00383 -0.20886 88.98084 0 6.30000 -32.25000 63.46759 0.14424 -13
0.13171 -0.18209 39.65111 0 5.50000 -4.80000 39.32229 0.10322 -13
0.01665 0.09184 26.92796 0 -2.80000 1.75000 26.92425 0.10115 13
-2.07890 -0.18722 92.56568 0 5.65000 61.67500 40.68831 0.23309 -13
-0.11009 0.05974 91.71296 0 -1.80000 3.55000 91.16414 0.10149 -13
1.41182 0.15015 19.98899 0 -4.47500 -42.32500 11.63885 0.17486 -13
1.43868 -0.24858 19.98899 0 7.55000 -43.17500 11.63885 0.17828 -13
0.75733 -0.16427 52.46524 0 4.95000 -25.45000 42.02645 0.12739 13
-0.64380 -0.12134 74.04742 0 3.67500 20.10000 62.39345 0.12040 -13
0.37553 0.02281 13.45674 0 -0.72500 -12.77500 12.59842 0.10760 13
0.32342 -0.17441 2.78211 0 5.45000 -8.90000 2.65078 0.10749 -13
-0.11028 -0.15596 89.50482 0 4.70000 0.75000 88.97824 0.10252 13
0.09894 -0.06262 69.12033 0 1.90000 -4.25000 68.78585 0.10139 -13
0.58024 -0.13733 9.09833 0 4.07500 -19.95000 7.88792 0.11723 13
-1.14573 -0.05830 90.29191 0 1.75000 32.90000 59.43030 0.15326 13
-0.53841 -0.12915 91.76425 0 3.90000 15.25000 80.94648 0.11511 -13
1.30708 0.13642 92.18293 0 -4.12500 -36.30000 56.33897 0.16630 13
1.33910 -0.26296 92.18293 0 7.92500 -37.25000 56.33897 0.17036 13
0.63366 0.10968 10.31839 0 -3.37500 -19.15000 8.73116 0.11975 13
0.06860 -0.14456 92.94065 0 4.35000 -3.57500 92.72718 0.10198 13
0.42431 -0.00871 69.30413 0 0.25000 -14.25000 63.79905 0.10940 13
0.18346 -0.09305 18.94736 0 2.82500 -5.65000 18.63886 0.10283 -13
1.71990 -0.23235 38.53536 0 7.02500 -51.17500 19.75019 0.20175 -13
1.32524 -0.06209 56.29082 0 1.87500 -39.67500 33.94767 0.16718 -13
0.68747 -0.84890 56.29082 0 1.90000 -39.67500 33.94767 0.16727 -13
-0.94745 0.68343 56.29082 0 3.05000 -40.87500 33.94767 0.17371 -13
3.09963 -4.30422 56.29082 0 2.07500 -44.02500 33.94767 0.18774 -13
-0.11759 -0.08756 83.04917 0 2.65000 3.35000 82.48511 0.10178 -13
0.46498 -0.17779 66.32434 0 5.35000 -15.42500 60.30552 0.11249 13
-0.29728 -0.17079 85.84183 0 5.15000 7.95000 82.37778 0.10646 13
-0.17476 0.11294 90.83420 0 -3.40000 6.37500 89.49485 0.10287 13
0.71756 -0.24667 71.46067 0 7.45000 -18.97500 58.63383 0.12642 -13
-1.22046 -0.02291 4.12946 0 0.87500 36.90000 2.61778 0.15898 -13
-1.24710 0.06354 37.81574 0 -1.92500 37.77500 23.68598 0.16111 13
-0.41193 -0.18729 61.49588 0 5.65000 13.57500 57.00082 0.11054 -13
0.56039 0.04451 81.35558 0 -1.35000 -13.25000 70.98801 0.11553 13
-0.49568 -0.08141 48.81664 0 2.45000 16.32500 43.76657 0.11269 13
-0.50892 0.06453 4.38502 0 -2.07500 15.95000 3.90980 0.11324 13
0.60410 0.11259 66.78377 0 -3.40000 -18.00000 57.25907 0.11820 13
0.74598 -0.07178 15.98469 0 2.20000 -24.22500 12.82416 0.12587 -13
2.00196 -0.23047 53.79162 0 6.92500 -58.67500 24.53880 0.22650 13
1.38593 0.04658 42.24355 0 -1.42500 -42.47500 24.73551 0.17217 13
-1.68779 -0.17967 72.47705 0 5.40000 50.82500 37.37887 0.19837 13
0.51111 -0.14525 72.06084 0 4.40000 -15.47500 64.30329 0.11404 -13
2.07947 -0.19428 31.56195 0 5.82500 -64.37500 13.88497 0.23313 13
0.33085 -0.11219 30.06051 0 3.40000 -9.47500 28.55698 0.10668 -13
0.22673 -0.02238 39.24336 0 0.70000 -7.35000 38.27252 0.10328 -13
1.89151 -0.22867 32.09895 0 6.92500 -53.70000 15.30220 0.21675 -13
0.12797 -0.12171 63.65010 0 3.67500 -4.25000 63.14264 0.10226 13
-0.25517 0.14870 27.47068 0 -4.50000 5.40000 26.63542 0.10487 13
-0.26017 -0.25015 27.47068 0 7.52500 5.57500 26.63542 0.10705 13
1.00414 0.14641 18.88186 0 -4.37500 -29.80000 13.39459 0.14345 -13
1.02486 -0.25245 18.88186 0 7.65000 -30.45000 13.39459 0.14646 -13
-1.17677 -0.23587 80.71497 0 7.10000 35.82500 53.08524 0.15731 13
0.77245 -0.07570 75.71677 0 2.27500 -23.37500 59.98560 0.12748 13
1.20762 -0.05444 21.63310 0 1.60000 -37.80000 13.80951 0.15798 13
-0.31284 -0.18628 72.13193 0 5.62500 7.77500 68.94480 0.10717 -13
-0.72256 -0.22388 41.26445 0 6.77500 22.60000 33.72394 0.12628 -13
0.43984 0.10214 33.75860 0 -3.07500 -11.87500 30.92760 0.11049 -13
1.71311 0.12158 35.43096 0 -3.65000 -50.37500 17.96001 0.20011 -13
1.76530 -0.27852 35.43096 0 8.42500 -51.97500 17.96001 0.20628 -13
0.72769 -0.15002 25.40593 0 4.50000 -21.35000 20.62170 0.12544 13
0.77848 -0.00627 96.37295 0 0.20000 -21.75000 76.04631 0.12762 -13
0.31383 -0.17456 79.52788 0 5.25000 -9.35000 75.97990 0.10699 13
-0.92596 -0.12952 19.50546 0 3.95000 27.97500 14.36685 0.13789 -13
0.95981 0.05670 72.90797 0 -1.70000 -30.20000 52.64059 0.13970 -13
0.33757 0.03935 57.81871 0 -1.17500 -7.15000 54.78584 0.10636 -13
-0.27236 0.10602 49.96517 0 -3.17500 8.55000 48.22753 0.10491 -13
1.58312 -0.14855 84.88427 0 4.50000 -49.37500 45.68604 0.18916 -13
-1.01671 -0.00575 22.57948 0 0.15000 33.92500 15.83368 0.14361 13
-0.62872 -0.07079 5.10978 0 2.02500 18.17500 4.32874 0.11917 13
-1.66173 -0.06704 49.68954 0 2.00000 51.00000 25.66323 0.19541 13
1.50599 -0.09315 39.09720 0 2.77500 -46.87500 21.69212 0.18228 13
-1.68035 -0.12898 6.82708 0 3.75000 51.85000 3.51256 0.19725 13
-1.31098 -0.00706 7.47975 0 0.10000 41.57500 4.53662 0.16605 13
-0.72199 -0.10309 4.21986 0 3.25000 20.72500 3.42766 0.12474 -13
0.50023 0.12858 45.85998 0 -3.87500 -15.87500 41.08155 0.11334 -13
0.51403 -0.27115 45.85998 0 8.20000 -16.30000 41.08155 0.11649 -13
0.60797 0.00498 56.19994 0 -0.15000 -17.12500 48.02145 0.11785 -13
0.66420 -0.16010 81.31496 0 4.82500 -20.62500 67.99599 0.12197 -13
-1.25813 -0.07286 6.93581 0 2.07500 37.67500 4.32241 0.16199 13
0.70942 -0.23596 72.41716 0 7.10000 -22.02500 59.59284 0.12573 13
0.53266 -0.19131 70.25091 0 5.77500 -16.52500 62.24653 0.11572 -13
-0.66421 -0.09997 18.52562 0 3.05000 17.85000 15.45507 0.12133 -13
-1.06099 -0.20376 23.30840 0 6.17500 31.32500 16.15857 0.14828 -13
0.96604 0.02249 34.85163 0 -0.65000 -28.47500 25.06849 0.14004 -13
0.97197 -0.22502 8.81061 0 6.70000 -28.90000 6.39339 0.14217 13
1.55636 -0.04792 44.37044 0 1.42500 -45.07500 24.00482 0.18635 13
0.52306 -0.13293 88.00965 0 4.02500 -16.20000 78.13169 0.11444 -13
-0.97236 -0.21132 63.66263 0 6.37500 31.10000 46.12305 0.14208 -13
-0.87621 -0.10234 91.94642 0 3.07500 26.97500 69.31160 0.13428 13
0.05369 0.03159 74.37050 0 -0.95000 -2.65000 74.26366 0.10089 13
0.23500 0.01394 25.46300 0 -0.45000 -7.92500 24.78786 0.10346 13
0.05502 -0.01117 74.85229 0 0.32500 -1.55000 74.73924 0.10087 13
0.96921 -0.16437 67.57255 0 4.97500 -31.35000 48.83428 0.14122 -13
1.15591 0.04617 60.78244 0 -1.40000 -35.32500 39.79171 0.15399 13
-0.77623 0.12554 22.61846 0 -3.82500 22.12500 17.92000 0.12812 13
-0.79869 -0.27444 22.61846 0 8.25000 22.80000 17.92000 0.13178 13
1.16349 0.09648 77.93808 0 -2.90000 -33.95000 50.93649 0.15480 -13
-0.43433 0.00690 76.66665 0 -0.20000 14.62500 70.32055 0.10979 -13
0.48815 -0.07315 79.01079 0 2.20000 -14.12500 71.03905 0.11230 13
-1.47862 -0.18858 70.30181 0 5.67500 41.05000 39.85690 0.18074 13
0.81904 0.10783 53.36543 0 -3.27500 -24.27500 41.38090 0.13063 13
0.28722 0.04465 51.46247 0 -1.35000 -8.52500 49.46646 0.10488 13
0.10836 0.11374 18.87972 0 -3.45000 -2.82500 18.77124 0.10195 13
0.44538 -0.04506 63.23747 0 1.35000 -14.50000 57.77701 0.11033 13
0.88777 0.12866 94.83365 0 -3.90000 -24.45000 71.17514 0.13528 13
0.91230 -0.27112 94.83365 0 8.17500 -25.20000 71.17514 0.13901 13
1.27102 0.09247 90.32523 0 -2.80000 -37.57500 55.99778 0.16313 13
0.09199 -0.17822 11.57985 0 5.42500 -2.52500 11.53265 0.10274 -13
1.68961 -0.09006 42.74124 0 2.70000 -49.72500 21.83424 0.19791 13
-1.01141 -0.21447 27.49314 0 6.45000 29.27500 19.54859 0.14483 13
0.17244 -0.11639 40.44044 0 3.50000 -4.30000 39.86002 0.10285 13
-1.90267 -0.09819 38.43334 0 2.92500 57.27500 17.94744 0.21667 13
-0.61830 -0.05579 29.00317 0 1.67500 18.62500 24.67918 0.11852 13
-0.12837 0.06081 24.97671 0 -1.85000 3.50000 24.77422 0.10172 13
0.35651 -0.19986 58.93962 0 6.05000 -13.17500 55.63728 0.10880 -13
-1.31199 -0.01693 47.69636 0 0.52500 38.82500 28.91617 0.16613 -13
2.05631 0.12336 13.60209 0 -3.80000 -60.50000 5.98604 0.23064 13
2.11738 -0.27682 13.60209 0 8.27500 -62.30000 5.98604 0.23728 13
0.08298 0.11868 47.62811 0 -3.60000 -2.07500 47.46725 0.10176 13
0.08560 -0.28170 47.62811 0 8.47500 -2.15000 47.46725 0.10496 13
0.53916 0.06811 1.07940 0 -2.57500 -16.12500 0.95051 0.11533 13
-0.26290 -0.21624 19.88624 0 6.50000 9.00000 19.26036 0.10636 13
-0.16988 0.08775 19.72925 0 -2.67500 7.27500 19.45269 0.10254 13
-1.48903 0.10876 41.39045 0 -3.25000 44.17500 23.16926 0.18095 -13
-1.05832 -0.07510 76.64510 0 2.27500 30.07500 52.71797 0.14683 -13
0.56686 0.03479 42.13019 0 -1.07500 -15.02500 36.65655 0.11581 13
-1.69994 0.04777 41.09068 0 -1.42500 52.67500 20.85194 0.19866 -13
-0.59619 0.00416 85.03133 0 -0.12500 17.75000 73.03646 0.11724 13
0.39186 -0.15925 53.40991 0 4.80000 -12.42500 49.81034 0.10934 13
0.31253 0.07838 52.56009 0 -2.37500 -9.32500 50.18064 0.10581 13
-0.42800 -0.16992 54.01093 0 5.12500 13.12500 49.76270 0.11087 -13
1.77341 0.08905 63.60450 0 -2.70000 -54.80000 31.33449 0.20523 13
-1.76351 -0.07171 36.32937 0 2.12500 55.80000 17.95771 0.20425 13
0.26492 -0.11972 71.50499 0 3.60000 -8.30000 69.15276 0.10487 13
0.25329 -0.21619 9.90153 0 6.57500 -5.77500 9.61132 0.10619 -13
0.87431 -0.13407 25.61386 0 4.07500 -26.00000 19.35681 0.13447 -13
0.34003 -0.16435 34.36904 0 4.95000 -10.00000 32.58372 0.10764 13
-0.55159 -0.24454 80.40815 0 7.37500 18.15000 70.87546 0.11761 13
-0.87264 -0.22459 52.41666 0 6.77500 26.05000 39.91029 0.13556 -13
-0.33179 -0.09782 39.36708 0 2.95000 9.42500 37.38181 0.10655 13
-1.49993 -0.21882 7.49066 0 6.47500 45.37500 4.22375 0.18268 13
0.09048 -0.19841 77.96339 0 6.00000 -4.97500 77.65820 0.10307 -13
-0.54835 0.07643 94.50406 0 -2.30000 15.40000 82.91911 0.11511 -13
0.64996 0.08686 36.43238 0 -2.62500 -17.75000 30.58126 0.12043 13
-0.39186 -0.23630 37.57074 0 7.12500 12.72500 35.10447 0.11073 13
2.04078 -0.21312 55.97334 0 6.45000 -60.72500 25.07385 0.22987 -13
-1.07768 -0.05501 68.11164 0 1.65000 30.20000 46.36701 0.14815 13
1.22578 0.01857 60.37626 0 -0.55000 -35.25000 38.16996 0.15932 -13
-0.07669 -0.20769 13.68470 0 6.22500 3.07500 13.64635 0.10312 13
-1.91208 -0.23246 30.92653 0 6.97500 57.30000 14.63034 0.21850 13
-0.71476 -0.04524 23.77368 0 1.40000 23.37500 19.34761 0.12388 -13
0.35712 -0.18098 85.93322 0 5.47500 -9.27500 81.07317 0.10848 -13
-2.01035 0.03537 14.85039 0 -1.00000 60.37500 6.61761 0.22611 -13
-0.56955 -0.01254 1.59141 0 0.02500 15.37500 1.38289 0.11615 13
0.12663 -0.00595 27.42361 0 0.15000 -6.27500 27.20637 0.10151 13
-0.57225 -0.11104 49.31436 0 3.35000 20.60000 42.86597 0.11657 -13
-1.75663 0.00193 22.31305 0 -0.10000 54.45000 11.03980 0.20353 13
0.13345 -0.13967 29.08603 0 4.22500 -5.45000 28.83516 0.10257 -13
0.66572 -0.05103 96.07827 0 1.52500 -19.55000 80.00858 0.12109 13
1.90395 0.10724 57.24089 0 -3.25000 -55.75000 26.73638 0.21685 13
1.78298 -0.17981 87.35372 0 5.42500 -56.02500 43.24894 0.20664 13
-0.01051 0.11177 37.56804 0 -3.37500 1.60000 37.56600 0.10134 13
0.06601 0.09108 92.33702 0 -2.75000 -1.47500 92.13814 0.10133 -13
-1.62416 -0.12419 81.28513 0 3.72500 47.82500 42.85322 0.19248 13
0.46888 -0.21578 35.62905 0 6.52500 -16.15000 32.38934 0.11335 -13
0.37772 -0.15586 14.48091 0 4.75000 -11.15000 13.56690 0.10881 -13
-0.72311 -0.05725 96.27789 0 1.72500 22.10000 78.06154 0.12441 -13
1.18745 0.05131 17.95771 0 -1.60000 -35.27500 11.57631 0.15643 13
-0.29327 -0.04908 37.05628 0 1.47500 9.10000 35.56208 0.10506 13
-1.32929 0.04371 88.45738 0 -1.30000 43.25000 53.21148 0.16756 -13
-0.87512 -0.00486 80.57850 0 0.15000 29.50000 60.63815 0.13382 -13
-0.05433 -0.09839 2.97430 0 2.80000 0.22500 2.96997 0.10135 13
-0.96426 -0.21018 80.05722 0 6.32500 29.67500 58.22564 0.14148 13
-0.44220 0.13184 12.58996 0 -4.02500 14.55000 11.53052 0.11093 13
-0.45384 -0.26785 12.58996 0 8.02500 14.90000 11.53052 0.11379 13
-0.59951 0.07568 86.79873 0 -2.30000 15.75000 74.50159 0.11766 13
1.09866 -0.24153 35.87155 0 7.30000 -29.02500 24.51851 0.15159 -13
-0.84500 -0.16105 15.88822 0 4.82500 24.40000 12.20033 0.13281 13
1.34390 -0.20975 42.21127 0 6.30000 -43.42500 25.54771 0.16999 13
0.39442 -0.07240 9.83203 0 2.22500 -10.30000 9.14945 0.10852 -13
-0.91735 -0.04266 89.22268 0 1.27500 27.22500 65.77627 0.13672 13
-1.24507 0.04583 56.15262 0 -1.40000 38.97500 35.18541 0.16084 13
-1.24508 0.04583 56.15262 0 -1.40000 39.00000 35.18541 0.16089 13
1.17974 -0.10055 12.71856 0 2.97500 -33.60000 8.24854 0.15603 13
-1.35578 0.12231 63.29877 0 -3.70000 42.65000 37.75387 0.17011 13
-1.39673 -0.27784 63.29877 0 8.37500 43.87500 37.75387 0.17521 13
-0.43806 -0.17563 99.49350 0 5.30000 12.37500 91.35302 0.11136 -13
-0.32164 -0.24506 38.76715 0 7.37500 10.47500 37.00340 0.10861 13
-1.00303 0.14173 56.02732 0 -4.27500 29.60000 39.75436 0.14333 -13
-1.02547 -0.25737 56.02732 0 7.77500 30.27500 39.75436 0.14657 -13
0.64623 -0.24375 17.27114 0 7.32500 -19.35000 14.62737 0.12236 13
-0.41118 -0.14713 47.47575 0 4.45000 11.55000 43.97618 0.10989 -13
1.58323 -0.22830 7.19912 0 7.02500 -51.10000 3.91378 0.19021 -13
0.43087 -0.20547 99.06121 0 6.20000 -14.40000 91.26546 0.11159 -13
-1.68468 -0.10800 94.60308 0 3.27500 48.67500 48.49506 0.19760 -13
0.71000 -0.14697 16.02013 0 4.47500 -21.22500 13.10870 0.12442 -13
0.64652 0.01153 3.08021 0 -0.15000 -20.65000 2.58682 0.11998 -13
0.06106 -0.24328 30.38816 0 7.32500 -0.47500 30.33479 0.10381 13
0.87228 -0.24537 96.60358 0 7.40000 -25.47500 73.71008 0.13590 -13
0.50101 -0.24037 52.53925 0 7.25000 -17.27500 47.23293 0.11519 13
1.26235 -0.14723 42.23715 0 4.45000 -37.85000 26.39945 0.16287 -13
-1.37258 -0.09484 39.27762 0 2.85000 42.02500 23.19679 0.17126 13
-0.39308 -0.15703 10.32012 0 4.80000 12.42500 9.62029 0.10939 -13
-0.11996 0.12630 84.99461 0 -3.82500 2.40000 84.39903 0.10222 13
-0.12339 -0.27362 84.99461 0 8.25000 2.50000 84.39903 0.10514 13
-0.08405 -0.03783 54.61217 0 1.15000 1.07500 54.42058 0.10113 -13
-1.26726 -0.07720 71.66809 0 2.32500 36.32500 44.47738 0.16274 13
-0.13370 -0.09546 91.73950 0 2.87500 1.52500 90.93758 0.10206 -13
0.60785 0.12857 16.10049 0 -3.92500 -17.80000 13.78838 0.11858 13
0.62446 -0.27132 16.10049 0 8.15000 -18.30000 13.78838 0.12180 13
-0.14282 -0.05904 22.12324 0 1.75000 2.52500 21.90171 0.10189 13
0.26754 -0.18213 47.72022 0 5.47500 -7.57500 46.14832 0.10584 13
-1.28901 -0.17097 46.07501 0 5.15000 36.47500 28.49554 0.16518 13
-1.28515 -0.10736 66.37919 0 3.22500 40.55000 40.90911 0.16434 13
0.51380 0.05641 59.84909 0 -1.70000 -15.82500 53.25121 0.11336 13
-1.52836 -0.14001 34.94551 0 4.20000 49.15000 19.26359 0.18444 13
0.44629 0.12266 77.88714 0 -3.70000 -9.27500 71.21338 0.11096 -13
0.45969 -0.27744 77.88714 0 8.37500 -9.67500 71.21338 0.11431 -13
0.90957 0.11750 53.23855 0 -3.52500 -26.22500 39.50627 0.13663 -13
-0.12972 0.08431 64.91226 0 -2.55000 4.95000 64.37667 0.10191 13
-0.49407 0.05201 3.35219 0 -1.40000 13.10000 3.00628 0.11247 -13
1.00977 -0.19045 43.88144 0 5.75000 -31.75000 31.15373 0.14440 -13
0.12022 -0.06227 44.87906 0 1.90000 -3.32500 44.55938 0.10162 -13
0.28754 0.12254 71.30430 0 -3.70000 -8.57500 68.56637 0.10551 13
0.29620 -0.27760 71.30430 0 8.37500 -8.85000 68.56637 0.10868 13
0.81505 -0.21465 96.45474 0 6.47500 -23.77500 75.43233 0.13169 13
0.07691 -0.14696 24.35925 0 4.45000 -2.35000 24.28895 0.10209 -13
1.91517 -0.16878 21.55672 0 5.15000 -60.40000 10.08680 0.21832 -13
0.01575 -0.23371 47.21147 0 7.05000 -1.52500 47.20592 0.10344 -13
-0.90845 -0.18761 66.43054 0 5.65000 28.62500 49.55260 0.13735 13
1.87913 -0.02805 22.77504 0 0.80000 -56.67500 10.70123 0.21440 13
-0.54999 0.08336 37.14047 0 -2.50000 18.02500 32.56944 0.11523 -13
-1.36931 0.00414 19.91522 0 -0.07500 39.35000 11.74528 0.17076 -13
-0.79068 0.04204 72.94222 0 -1.27500 24.25000 57.23729 0.12845 13
-1.10959 -0.07743 61.40814 0 2.35000 34.30000 41.17888 0.15063 -13
-0.19214 0.12916 80.81920 0 -3.90000 5.85000 79.39070 0.10337 13
-0.19740 -0.27058 80.81920 0 8.15000 6.00000 79.39070 0.10620 13
-1.19153 -0.23280 31.82806 0 7.00000 34.57500 20.77677 0.15837 13
-0.68387 -0.01653 11.19677 0 0.55000 18.85000 9.24263 0.12203 -13
-0.85422 0.12142 30.05662 0 -3.65000 26.85000 22.92466 0.13299 -13
-0.88034 -0.27874 30.05662 0 8.42500 27.65000 22.92466 0.13709 -13
-1.69856 -0.24127 99.45085 0 7.30000 52.25000 51.51839 0.19999 -13
-0.27940 -0.03664 23.40956 0 1.07500 8.40000 22.54725 0.10462 13
-0.27656 0.10615 72.74835 0 -3.20000 9.30000 70.14395 0.10503 -13
1.19854 0.06390 5.65663 0 -1.80000 -37.92500 3.62815 0.15732 -13
1.53671 -0.06362 28.89545 0 1.95000 -46.40000 15.78290 0.18476 -13
-0.31789 -0.12727 66.98904 0 3.82500 10.10000 63.88690 0.10644 13
-1.13952 0.10422 13.17002 0 -3.20000 33.22500 8.71273 0.15308 13
0.97711 0.01834 84.36912 0 -0.55000 -29.47500 60.34986 0.14080 13
0.22561 0.01728 93.08127 0 -0.52500 -5.32500 90.79979 0.10325 -13
-0.01877 -0.01510 51.72564 0 0.47500 -1.25000 51.71652 0.10073 -13
-1.25081 -0.02968 77.22281 0 0.87500 37.02500 48.23485 0.16129 13
1.31124 -0.10715 35.12714 0 3.20000 -39.17500 21.37851 0.16640 13
-0.77262 0.00369 28.63496 0 -0.12500 24.85000 22.65962 0.12726 13
-1.05627 -0.19821 87.82535 0 5.97500 35.45000 60.99111 0.14784 -13
0.56896 0.13621 35.67870 0 -4.12500 -14.90000 31.07991 0.11668 13
0.58296 -0.26317 35.67870 0 7.92500 -15.32500 31.07991 0.11953 13
1.23541 0.00246 69.81224 0 -0.07500 -36.00000 43.92316 0.16006 -13
-0.22439 -0.20810 86.79023 0 6.27500 5.45000 84.76896 0.10532 -13
-0.06799 -0.20318 81.22257 0 6.12500 0.87500 81.04287 0.10298 13
-1.58647 -0.01745 80.59116 0 0.52500 50.30000 42.97867 0.18886 13
0.37666 -0.07016 33.43698 0 2.12500 -11.95000 31.30035 0.10785 -13
0.51878 -0.15862 81.65770 0 4.80000 -16.55000 72.67303 0.11457 -13
-0.24444 -0.08199 57.17506 0 2.47500 6.67500 55.55026 0.10400 -13
0.00615 -0.11420 6.99968 0 3.37500 1.42500 6.99955 0.10134 13
-1.97893 0.00159 62.64486 0 -0.02500 56.82500 28.25414 0.22328 -13
-1.48469 0.09616 16.31730 0 -2.95000 43.85000 9.14395 0.18057 13
-0.99090 0.00193 84.13981 0 -0.07500 29.22500 59.76705 0.14177 13
-0.09100 -0.16510 85.04138 0 4.97500 2.65000 84.70064 0.10247 13
1.02432 -0.13146 60.23260 0 3.95000 -30.30000 42.26019 0.14476 13
-2.06212 -0.22543 31.60497 0 6.85000 61.60000 14.06841 0.23198 -13
-0.32826 0.08285 85.53769 0 -2.50000 9.02500 81.29779 0.10632 13
1.35875 -0.12113 67.87586 0 3.65000 -41.72500 40.42236 0.17032 13
0.22216 -0.05902 38.18759 0 1.80000 -7.00000 37.28183 0.10333 -13
0.32205 -0.16110 3.42481 0 5.02500 -9.97500 3.26369 0.10718 -13
0.45712 -0.06365 21.83399 0 1.95000 -15.00000 19.86451 0.11092 -13
0.19581 0.00133 63.53812 0 -0.05000 -8.12500 62.35394 0.10262 13
-0.26975 -0.07792 24.13385 0 2.32500 9.22500 23.30588 0.10459 13
0.28915 0.06502 99.67707 0 -1.95000 -8.77500 95.77003 0.10503 -13
-0.81302 -0.07868 19.97328 0 2.35000 22.25000 15.51663 0.13002 13
-1.53878 -0.07501 67.55853 0 2.25000 49.15000 36.88588 0.18497 13
0.53867 0.13251 74.02292 0 -4.00000 -16.82500 65.29633 0.11516 13
0.55271 -0.26707 74.02292 0 8.05000 -17.25000 65.29633 0.11816 13
1.31238 0.07683 43.20064 0 -2.30000 -39.12500 26.23132 0.16633 -13
-1.78581 0.02930 27.00964 0 -0.92500 54.42500 13.20077 0.20614 13
0.03571 -0.15396 61.51816 0 4.62500 0.17500 61.47987 0.10195 13
0.28459 -0.22464 97.88870 0 6.77500 -9.22500 94.32008 0.10712 -13
-0.76951 -0.24568 9.88592 0 7.35000 23.95000 7.91922 0.12939 13
0.24158 0.68533 9.88592 0 -4.10000 24.35000 7.91922 0.13241 13
-1.94519 -0.23498 96.64962 0 7.10000 59.97500 45.13265 0.22154 -13
0.39909 -0.20496 19.04991 0 6.20000 -10.40000 17.74224 0.11039 -13
0.07201 -0.19720 7.53546 0 5.87500 -2.35000 7.51671 0.10286 13
0.48959 -0.08454 89.37406 0 2.55000 -14.15000 80.32531 0.11245 -13
0.66549 -0.13833 69.67441 0 4.17500 -20.02500 58.17200 0.12176 13
-0.11074 0.04389 8.90515 0 -1.27500 2.12500 8.85111 0.10142 -13
-1.26136 -0.23671 84.56035 0 7.12500 37.45000 53.40942 0.16383 13
0.66208 0.07142 26.13301 0 -2.12500 -20.65000 21.80683 0.12098 -13
-1.40576 -0.20920 64.59142 0 6.32500 37.57500 37.97362 0.17502 -13
-0.16953 -0.18432 85.89516 0 5.55000 3.37500 84.72571 0.10381 13
-0.10241 -0.09481 58.35792 0 2.87500 2.77500 58.05690 0.10169 -13
-0.74892 -0.21019 30.98015 0 6.35000 20.92500 24.98790 0.12759 -13
-0.16371 -0.04804 59.17688 0 1.45000 4.45000 58.40120 0.10216 13
1.80615 -0.10086 20.89239 0 3.00000 -52.30000 10.15846 0.20813 13
0.25344 -0.19867 30.87971 0 5.97500 -6.37500 29.96786 0.10578 13
0.05866 -0.17328 96.70454 0 5.22500 -0.57500 96.54344 0.10238 -13
2.08388 -0.03323 99.16614 0 1.00000 -61.82500 42.92126 0.23279 13
0.02668 -0.01253 33.02440 0 0.35000 0.05000 33.01265 0.10075 13
-0.18853 -0.18431 11.20844 0 5.52500 3.75000 11.02056 0.10412 13
-0.18822 -0.18674 59.44202 0 5.65000 4.05000 58.45001 0.10419 -13
1.15287 -0.01219 56.91500 0 0.37500 -33.52500 37.29494 0.15370 -13
0.20104 0.08893 89.90306 0 -2.67500 -6.10000 88.15307 0.10311 -13
-0.77848 -0.01059 97.51340 0 0.32500 24.32500 76.94770 0.12762 13
1.15544 -0.04638 97.74339 0 1.40000 -35.42500 64.00385 0.15396 -13
0.59917 -0.09530 99.24996 0 2.87500 -18.95000 85.23938 0.11778 13
0.27332 0.12251 81.95455 0 -3.70000 -5.15000 79.09556 0.10513 13
0.28155 -0.27764 81.95455 0 8.37500 -5.40000 79.09556 0.10829 13
0.01923 -0.20435 9.27201 0 6.22500 -0.95000 9.27036 0.10284 -13
-1.30729 -0.14398 99.97019 0 4.35000 40.32500 61.13152 0.16638 -13
0.51353 -0.22631 96.00645 0 6.82500 -14.77500 85.84098 0.11547 13
1.60465 0.01585 76.35700 0 -0.47500 -46.27500 40.38719 0.19041 -13
0.56530 -0.02376 63.64150 0 0.72500 -17.27500 55.40572 0.11571 -13
0.41489 -0.09665 1.92577 0 2.65000 -11.57500 1.78030 0.10952 13
0.58135 0.09539 84.95515 0 -2.87500 -18.22500 73.52960 0.11688 -13
-0.84105 -0.16751 3.81036 0 5.22500 25.35000 2.93305 0.13282 -13
-0.11458 -0.11363 4.81840 0 3.32500 2.65000 4.78752 0.10199 13
0.11807 0.14361 34.53516 0 -4.35000 -3.57500 34.30170 0.10244 13
0.12062 -0.25542 34.53516 0 7.70000 -3.65000 34.30170 0.10464 13
-0.23126 0.11696 91.67098 0 -3.52500 4.82500 89.34441 0.10403 -13
-0.25950 0.12025 16.14496 0 -3.65000 8.62500 15.63439 0.10476 13
-0.26753 -0.28008 16.14496 0 8.40000 8.87500 15.63439 0.10796 13
-0.51253 0.14316 40.15579 0 -4.30000 15.02500 35.81050 0.11406 -13
-0.52373 -0.25587 40.15579 0 7.72500 15.35000 35.81050 0.11657 -13
1.05466 0.00032 88.50965 0 -0.02500 -31.75000 60.89920 0.14636 13
-0.12726 -0.10289 87.38867 0 3.10000 3.75000 86.69668 0.10205 -13
-1.78552 0.07773 16.92418 0 -2.27500 55.40000 8.28918 0.20620 -13
1.09155 0.13012 40.00579 0 -3.90000 -31.62500 27.14693 0.14964 -13
1.12101 -0.26953 40.00579 0 8.15000 -32.52500 27.14693 0.15372 -13
-0.42087 -0.05195 28.41907 0 1.55000 14.40000 26.19895 0.10938 13
-0.31614 -0.05290 88.76885 0 1.60000 9.52500 84.65058 0.10575 -13
-0.00282 -0.15843 87.90420 0 4.77500 -0.20000 87.90386 0.10196 13
-0.03458 -0.05909 12.72683 0 1.75000 2.77500 12.71925 0.10093 13
0.32984 -0.19360 2.05726 0 6.10000 -10.57500 1.95715 0.10815 -13
-0.78034 0.04469 61.26366 0 -1.35000 21.45000 48.31715 0.12781 13
0.30056 -0.18912 71.41308 0 5.70000 -9.95000 68.48882 0.10687 -13
0.40449 0.05129 6.60390 0 -1.47500 -13.50000 6.12315 0.10875 -13
1.06194 0.07319 4.23058 0 -2.37500 -31.02500 2.90440 0.14718 13
0.01454 0.00603 26.33300 0 -0.17500 -2.42500 26.33022 0.10072 -13
-0.15933 0.10997 4.94847 0 -3.22500 6.37500 4.88755 0.10256 -13
0.45974 -0.00921 60.00308 0 0.27500 -14.15000 54.51810 0.11084 13
0.75647 -0.19215 47.24376 0 5.77500 -23.12500 37.92386 0.12774 13
1.74266 0.01549 43.28691 0 -0.50000 -52.72500 21.54588 0.20234 13
0.43479 -0.19897 86.37836 0 6.00000 -16.72500 79.45527 0.11162 13
1.17947 -0.18430 98.34018 0 5.55000 -35.87500 64.21225 0.15681 13
-1.51770 0.05771 87.16185 0 -1.75000 46.92500 48.01227 0.18312 13
1.70869 -0.16517 24.29415 0 5.02500 -51.00000 12.39462 0.20010 -13
-0.21324 -0.17778 72.33641 0 5.35000 6.22500 70.79276 0.10451 13
-0.20046 0.10697 28.80996 0 -3.20000 7.17500 28.25420 0.10326 -13
0.05576 0.03466 62.91978 0 -1.05000 -1.15000 62.82234 0.10092 13
0.96653 -0.17597 12.22968 0 5.25000 -26.30000 8.85819 0.14113 13
-0.18337 -0.22237 75.58136 0 6.72500 5.10000 74.39891 0.10481 -13
1.28543 -0.02067 6.52465 0 0.75000 -40.82500 4.00665 0.16406 -13
1.50144 0.04014 3.56070 0 -1.45000 -48.07500 1.97519 0.18184 13
0.33044 0.11759 47.24912 0 -3.55000 -11.57500 44.89370 0.10672 13
0.31474 -0.19463 39.62903 0 5.87500 -11.00000 37.86327 0.10739 -13
-0.30440 0.03316 75.34511 0 -1.00000 7.55000 72.08286 0.10532 -13
1.53530 -0.10147 29.42082 0 3.02500 -46.10000 16.11492 0.18478 13
0.77738 -0.24672 44.50885 0 7.45000 -24.82500 35.52605 0.12996 -13
0.05629 -0.19958 97.39197 0 6.02500 -2.37500 97.24389 0.10285 -13
0.32943 0.14094 87.52059 0 -4.25000 -10.05000 83.20560 0.10697 -13
0.33690 -0.25818 87.52059 0 7.80000 -10.27500 83.20560 0.10941 -13
-0.54418 -0.11735 25.68327 0 3.52500 15.65000 22.59433 0.11525 13
1.68618 0.03713 48.70189 0 -1.10000 -52.50000 24.85568 0.19745 -13
0.96368 0.01279 36.49407 0 -0.37500 -28.22500 26.27903 0.13985 -13
0.13195 -0.16581 60.84169 0 5.00000 -2.95000 60.33265 0.10293 13
-1.23070 0.03087 81.15454 0 -0.92500 39.72500 51.19194 0.15972 -13
-0.73656 -0.07093 12.82912 0 2.10000 20.10000 10.33838 0.12527 13
-1.39700 -0.06795 24.77195 0 2.02500 40.45000 14.44132 0.17313 13
-1.03937 0.02178 23.36795 0 -0.67500 32.92500 16.20357 0.14527 13
0.12104 -0.17064 64.33081 0 5.15000 -2.25000 63.87774 0.10288 13
0.72174 0.05527 14.23999 0 -1.62500 -21.42500 11.55270 0.12431 -13
1.17964 0.11191 20.22345 0 -3.35000 -33.45000 13.12416 0.15612 -13
-0.70121 -0.24307 92.96592 0 7.32500 24.10000 76.82748 0.12540 13
-0.17959 0.01834 11.63721 0 -0.60000 3.20000 11.45411 0.10234 13
-0.05013 -0.02658 92.71055 0 0.80000 -0.20000 92.59434 0.10087 -13
-0.25716 -0.16601 55.95744 0 5.00000 9.85000 54.23938 0.10531 13
0.24148 0.14786 52.36531 0 -4.47500 -10.10000 50.93216 0.10467 13
0.24630 -0.25100 52.36531 0 7.55000 -10.25000 50.93216 0.10674 13
-0.18091 0.08140 5.77819 0 -2.37500 3.42500 5.68643 0.10266 -13
0.26772 0.07156 59.23100 0 -2.15000 -8.30000 57.22567 0.10450 -13
-0.84923 -0.09786 17.22496 0 3.00000 27.10000 13.15529 0.13250 -13
