-0.70401 -0.03681 12.95749 0 1.07500 22.52500 10.59757 0.12321 13
-2.21197 -0.06005 58.63364 0 1.80000 64.22500 24.19068 0.24452 13
-0.27938 -0.06205 7.98414 0 1.80000 8.60000 7.69082 0.10474 13
-2.04816 -0.20859 72.90815 0 6.30000 61.17500 32.54134 0.23050 -13
-0.47344 -0.23614 30.61341 0 7.10000 12.25000 27.80386 0.11391 13
-0.74894 -0.03203 69.90668 0 0.97500 22.50000 55.96375 0.12586 -13
0.11563 0.10809 53.25880 0 -3.27500 -3.22500 52.91031 0.10196 13
-0.99955 -0.00746 47.46933 0 0.25000 27.72500 33.57387 0.14239 -13
1.56605 0.06549 18.83098 0 -1.92500 -50.80000 10.14926 0.18723 -13
0.59195 -0.06052 95.29954 0 1.82500 -15.67500 82.04725 0.11718 13
0.68298 0.13275 70.65876 0 -4.02500 -20.07500 58.51087 0.12269 13
0.70073 -0.26681 70.65876 0 8.05000 -20.60000 58.51087 0.12586 13
-0.22172 -0.20622 16.62342 0 6.25000 6.40000 16.24482 0.10524 -13
0.05066 0.01347 37.43434 0 -0.42500 -2.62500 37.38639 0.10084 13
1.12044 -0.16087 77.26940 0 4.85000 -35.10000 51.81654 0.15211 -13
-0.35889 0.13964 99.31251 0 -4.22500 11.30000 93.57716 0.10791 13
-0.36722 -0.25957 99.31251 0 7.82500 11.55000 93.57716 0.11041 13
-0.45401 -0.20045 95.51868 0 6.05000 13.50000 87.26255 0.11243 -13
-0.08872 0.10962 36.18169 0 -3.30000 4.02500 36.04171 0.10170 -13
-2.00622 -0.04229 86.88651 0 1.30000 59.82500 38.78827 0.22578 -13
1.39629 -0.14651 92.92401 0 4.40000 -42.22500 54.48611 0.17357 13
-0.90615 -0.01304 51.26412 0 0.40000 25.77500 37.98951 0.13590 -13
-0.41559 -0.03135 18.97057 0 0.92500 13.30000 17.51936 0.10910 13
-1.22909 0.08688 88.05696 0 -2.60000 34.60000 55.69879 0.15980 -13
-1.78084 -0.17509 12.46783 0 5.20000 55.40000 6.17446 0.20635 13
1.13775 -0.02895 21.00096 0 0.85000 -35.45000 13.86767 0.15257 13
-0.36812 -0.00351 17.58693 0 0.07500 8.95000 16.50419 0.10731 13
0.09978 0.13770 5.28041 0 -4.25000 -3.47500 5.25479 0.10221 13
0.10231 -0.26169 5.28041 0 7.80000 -3.55000 5.25479 0.10454 13
-1.42101 -0.09960 34.41796 0 2.97500 42.77500 19.87307 0.17526 13
-1.00516 0.02213 50.98212 0 -0.67500 29.45000 35.96131 0.14280 13
0.20125 0.08729 14.56303 0 -2.67500 -4.65000 14.27894 0.10311 13
-1.52763 -0.21070 23.57116 0 6.40000 48.12500 13.10658 0.18514 -13
1.10702 -0.17882 95.57755 0 5.40000 -31.75000 64.62233 0.15131 -13
-0.08900 -0.05055 10.61280 0 1.57500 3.47500 10.57110 0.10124 -13
-1.97771 0.01110 88.23960 0 -0.32500 61.15000 39.81877 0.22318 -13
-0.13186 -0.17306 43.14345 0 5.22500 2.32500 42.78391 0.10306 -13
-1.06585 -0.16353 28.21129 0 4.90000 33.40000 19.43802 0.14808 13
1.24551 -0.13254 48.53578 0 3.97500 -35.12500 30.54733 0.16139 13
0.18216 -0.23974 69.52684 0 7.25000 -4.37500 68.46117 0.10517 -13
0.16478 -0.00297 58.31159 0 0.07500 -4.97500 57.53574 0.10206 13
-1.74066 -0.07280 29.77080 0 2.17500 51.90000 14.85973 0.20228 13
-0.27018 -0.05304 47.51810 0 1.60000 6.10000 45.87755 0.10445 -13
-1.42552 -0.01982 89.33400 0 0.60000 39.77500 51.31003 0.17537 13
0.80871 0.10573 92.91028 0 -3.17500 -25.32500 72.40111 0.12995 -13
-0.41962 0.14410 83.84855 0 -4.35000 11.95000 77.43535 0.11017 -13
-0.42861 -0.25489 83.84855 0 7.70000 12.22500 77.43535 0.11254 -13
-0.42651 -0.14295 89.55788 0 4.32500 14.97500 82.50509 0.11043 -13
-1.81772 0.00142 7.96719 0 -0.17500 55.45000 3.84038 0.20894 13
-1.19257 -0.15252 94.24409 0 4.60000 35.65000 60.96298 0.15746 13
-2.13489 0.00328 26.85132 0 -0.05000 64.90000 11.39043 0.23738 -13
-1.72340 -0.09410 44.56652 0 2.85000 51.67500 22.44100 0.20089 -13
-0.18989 -0.03659 56.86598 0 1.12500 4.52500 55.86889 0.10257 -13
0.27875 0.03224 2.96154 0 -0.80000 -7.15000 2.85287 0.10464 -13
-0.34637 -0.12934 72.80571 0 3.90000 9.97500 68.85664 0.10737 13
-1.40904 -0.17416 63.15547 0 5.27500 43.37500 36.91521 0.17489 -13
-1.17200 -0.06658 69.00682 0 2.00000 35.67500 44.84795 0.15529 13
-2.07120 -0.04602 43.92000 0 1.42500 63.95000 19.11221 0.23167 -13
-0.65751 0.09839 98.46596 0 -2.97500 21.67500 82.39407 0.12093 13
0.38350 -0.05336 15.60752 0 1.65000 -9.72500 14.57529 0.10799 -13
-0.54665 -0.17683 30.80064 0 5.35000 16.85000 27.12109 0.11615 -13
0.07434 -0.02891 94.26057 0 0.87500 -3.02500 94.00141 0.10102 13
0.93443 -0.14537 47.23410 0 4.37500 -28.82500 34.67912 0.13859 13
0.69094 0.12906 44.18785 0 -3.90000 -22.37500 36.45075 0.12310 13
0.70993 -0.27070 44.18785 0 8.15000 -22.95000 36.45075 0.12646 13
-0.60325 -0.22549 90.68521 0 6.80000 18.50000 78.15635 0.11977 13
0.69506 -0.22241 42.31559 0 6.70000 -20.72500 35.01664 0.12466 13
-0.84850 -0.10883 77.66660 0 3.30000 26.25000 59.36679 0.13253 -13
0.27145 -0.05851 82.56027 0 1.75000 -9.32500 79.68603 0.10452 13
0.86997 0.13754 41.98685 0 -4.17500 -29.17500 31.80452 0.13421 13
0.89090 -0.26179 41.98685 0 7.87500 -29.80000 31.80452 0.13741 13
1.54651 0.07157 53.77936 0 -2.15000 -46.95000 29.25386 0.18559 -13
0.18838 0.12881 27.26727 0 -3.90000 -4.40000 26.80361 0.10330 13
0.19358 -0.27100 27.26727 0 8.15000 -4.55000 26.80361 0.10612 13
-0.04076 -0.07296 95.33650 0 2.20000 0.62500 95.25782 0.10105 -13
-1.86781 -0.07950 70.21490 0 2.37500 54.07500 33.22226 0.21350 13
0.24487 0.09733 66.73338 0 -2.92500 -7.80000 64.83564 0.10415 -13
-0.01273 -0.13647 76.70020 0 4.12500 -2.05000 76.69409 0.10165 -13
-0.50969 -0.01025 73.80900 0 0.30000 14.52500 65.76057 0.11303 13
1.34882 0.02376 63.13937 0 -0.72500 -41.42500 37.61028 0.16911 13
0.23700 -0.19555 43.54993 0 5.90000 -7.35000 42.41768 0.10534 13
0.43116 0.10653 51.90329 0 -3.22500 -13.65000 47.70342 0.11019 13
0.29727 -0.12461 14.88727 0 3.72500 -7.82500 14.27888 0.10579 13
-0.47523 0.01852 17.23016 0 -0.52500 18.25000 15.56281 0.11151 -13
0.57478 -0.07616 79.48761 0 2.30000 -17.70000 68.96439 0.11640 13
-0.36873 -0.11389 30.39301 0 3.42500 11.30000 28.53810 0.10794 13
-0.74450 -0.04123 84.03720 0 1.22500 22.57500 67.42772 0.12562 13
-0.30868 -0.00809 30.43740 0 0.25000 9.00000 29.08353 0.10539 -13
-1.73525 0.10916 25.30165 0 -3.25000 53.77500 12.68939 0.20198 -13
0.15668 0.11079 63.99997 0 -3.32500 -4.80000 63.23776 0.10254 -13
0.17830 0.07533 75.95272 0 -2.27500 -5.47500 74.77986 0.10257 -13
-0.84530 -0.01727 46.02982 0 0.50000 28.40000 35.15549 0.13187 13
0.30750 -0.21749 77.79217 0 6.57500 -7.65000 74.50185 0.10761 -13
0.46447 0.06352 53.38707 0 -1.92500 -13.40000 48.43651 0.11122 13
-0.08585 -0.21336 4.52480 0 6.55000 0.55000 4.50890 0.10344 -13
0.00225 -0.01177 63.55993 0 0.37500 -2.52500 63.55977 0.10071 -13
-0.11439 0.04717 65.15067 0 -1.42500 4.30000 64.72949 0.10147 -13
1.16423 -0.08197 11.96368 0 2.42500 -31.20000 7.81023 0.15476 13
-0.35238 -0.00983 50.62224 0 0.30000 10.00000 47.74483 0.10678 -13
-0.40477 -0.22167 26.88963 0 6.70000 13.90000 25.00782 0.11092 -13
0.47843 -0.20951 50.28940 0 6.30000 -14.65000 45.54315 0.11360 13
0.20401 -0.10428 69.21009 0 3.15000 -8.32500 67.82787 0.10331 13
-0.58396 -0.07845 32.64856 0 2.37500 15.95000 28.21540 0.11689 -13
-0.52937 -0.16791 37.84468 0 5.05000 15.17500 33.54821 0.11518 13
0.65049 -0.12617 31.58942 0 3.77500 -18.45000 26.54254 0.12079 13
1.51219 0.02664 67.52637 0 -0.80000 -45.27500 37.25565 0.18259 -13
0.55688 -0.08082 40.24720 0 2.45000 -17.75000 35.18929 0.11556 -13
-0.34277 0.14777 60.05580 0 -4.47500 10.07500 56.87488 0.10749 13
-0.34962 -0.25109 60.05580 0 7.57500 10.27500 56.87488 0.10963 13
-1.35256 -0.18207 60.10222 0 5.50000 40.55000 36.10804 0.17039 -13
-2.08519 0.01240 20.92488 0 -0.32500 61.77500 9.04844 0.23290 -13
-1.48105 -0.13777 65.79963 0 4.15000 43.92500 37.05876 0.18047 13
-0.08642 -0.13572 40.62549 0 4.10000 -0.97500 40.47736 0.10201 -13
-0.61302 -0.03937 90.80953 0 1.20000 18.30000 77.43671 0.11818 -13
-1.63526 0.06793 6.87958 0 -2.17500 50.07500 3.59541 0.19321 13
0.16434 0.03190 47.23837 0 -0.95000 -4.85000 46.61375 0.10211 -13
-0.37309 -0.00368 25.16887 0 0.10000 10.80000 23.58124 0.10748 13
0.24439 -0.06094 7.55858 0 1.90000 -9.75000 7.34323 0.10387 -13
-0.66546 -0.12544 63.69766 0 3.80000 21.62500 53.15584 0.12162 -13
0.55686 -0.15780 10.33526 0 4.70000 -15.95000 9.05572 0.11633 13
-1.84243 0.03945 60.60559 0 -1.20000 55.25000 28.92791 0.21114 13
1.23280 0.10228 38.85699 0 -3.10000 -34.37500 24.55564 0.16019 13
-0.58691 -0.11253 42.53536 0 3.37500 16.87500 36.74331 0.11731 13
0.00459 0.09148 74.60155 0 -2.77500 -2.32500 74.60077 0.10113 13
-0.60490 0.14461 6.53283 0 -4.45000 18.22500 5.60514 0.11866 13
-0.61755 -0.25444 6.53283 0 7.57500 18.57500 5.60514 0.12104 13
0.33629 -0.02177 42.86894 0 0.65000 -8.32500 40.63380 0.10627 13
-2.16557 -0.00222 78.63292 0 0.05000 64.65000 32.96531 0.24022 13
1.52687 -0.24333 28.93314 0 7.30000 -45.85000 16.17183 0.18539 13
1.01954 -0.12032 96.71491 0 3.62500 -29.50000 67.96999 0.14433 -13
0.77195 -0.00465 82.42880 0 0.15000 -23.62500 65.24914 0.12722 -13
0.98330 0.14893 48.58785 0 -4.47500 -27.25000 34.83153 0.14201 -13
1.00247 -0.24985 48.58785 0 7.55000 -27.85000 34.83153 0.14481 -13
1.02475 -0.08259 36.99535 0 2.47500 -29.00000 25.88295 0.14442 13
0.31253 -0.12538 80.25220 0 3.77500 -7.55000 76.65125 0.10626 13
-0.87860 0.12851 26.75269 0 -3.85000 25.40000 20.16900 0.13466 -13
-0.90297 -0.27122 26.75269 0 8.20000 26.15000 20.16900 0.13843 -13
0.31070 -0.04851 22.61142 0 1.45000 -10.57500 21.59541 0.10556 13
1.44940 -0.23097 10.12417 0 6.87500 -43.55000 5.85119 0.17874 13
1.76111 0.02045 40.21272 0 -0.65000 -53.92500 19.85910 0.20396 13
0.51604 -0.17465 45.25240 0 5.27500 -13.87500 40.33933 0.11469 -13
0.12182 -0.12282 21.82980 0 3.67500 -5.85000 21.67204 0.10219 13
0.28819 -0.11882 68.16506 0 3.60000 -9.92500 65.53525 0.10549 -13
2.05546 0.06159 6.06711 0 -2.05000 -61.95000 2.65914 0.23034 13
-0.38241 0.08493 93.76416 0 -2.55000 12.72500 87.61893 0.10815 -13
0.09431 -0.08384 39.92367 0 2.55000 -3.80000 39.74858 0.10151 -13
0.26229 -0.16988 90.31612 0 5.12500 -8.40000 87.44004 0.10551 -13
0.56473 0.07449 21.97443 0 -2.22500 -18.45000 19.14639 0.11590 -13
-1.90191 0.07662 43.26733 0 -2.32500 57.52500 20.18269 0.21653 13
-1.00911 -0.20133 11.07143 0 6.00000 30.92500 7.87112 0.14443 13
0.11878 -0.13920 95.65765 0 4.20000 -2.92500 95.00243 0.10237 13
-0.13990 0.06983 80.21975 0 -2.10000 4.20000 79.44979 0.10193 -13
-0.39520 0.10916 94.04841 0 -3.27500 12.17500 87.53526 0.10884 -13
-0.45385 -0.07296 52.74857 0 2.20000 15.37500 48.05496 0.11083 13
-0.14825 -0.01393 96.91267 0 0.42500 3.05000 95.86519 0.10181 -13
-2.00917 0.09407 44.40447 0 -2.87500 59.25000 19.85483 0.22623 13
0.77231 -0.00512 37.04322 0 0.12500 -24.30000 29.31760 0.12724 13
1.94601 -0.04755 12.60359 0 1.35000 -59.10000 5.76530 0.22036 13
-2.13566 -0.05719 84.50031 0 1.72500 64.25000 35.87976 0.23755 -13
1.45268 0.06878 31.24583 0 -2.10000 -44.55000 17.74534 0.17776 13
0.84059 0.01670 89.96957 0 -0.50000 -24.27500 68.87402 0.13157 -13
0.94665 -0.05969 68.62171 0 1.80000 -29.12500 49.87564 0.13879 13
1.70644 -0.18473 33.30120 0 5.60000 -51.27500 17.04822 0.20007 -13
0.37247 -0.18572 55.88367 0 5.60000 -10.27500 52.47561 0.10908 -13
-1.70687 -0.23922 73.01206 0 7.20000 50.52500 37.67515 0.20064 13
0.55244 0.13806 5.79092 0 -4.07500 -16.35000 5.08010 0.11585 -13
0.56544 -0.26104 5.79092 0 7.97500 -16.77500 5.08010 0.11875 -13
-0.37685 -0.18362 55.17933 0 5.52500 11.70000 51.73975 0.10919 13
-0.18915 0.10155 38.04217 0 -3.07500 6.27500 37.38585 0.10300 13
-1.31658 -0.06079 63.15256 0 1.82500 39.77500 38.24261 0.16660 13
0.52144 -0.05391 45.59844 0 1.65000 -14.77500 40.44441 0.11371 -13
0.16984 0.13171 27.22728 0 -4.00000 -3.05000 26.84917 0.10301 13
0.17431 -0.26794 27.22728 0 8.07500 -3.17500 26.84917 0.10571 13
0.12269 0.00728 54.46363 0 -0.22500 -3.50000 54.05829 0.10146 13
0.48070 -0.21551 16.12665 0 6.47500 -13.97500 14.59547 0.11380 13
-0.33261 -0.04672 35.87398 0 1.40000 7.95000 34.04405 0.10623 13
-2.13993 -0.10962 52.99950 0 3.32500 62.80000 22.54780 0.23814 -13
0.26469 -0.11951 1.53652 0 3.95000 -6.60000 1.48627 0.10524 -13
-1.85039 0.13238 48.35098 0 -3.97500 58.10000 23.14234 0.21221 -13
-1.89871 -0.26715 48.35098 0 8.07500 59.57500 23.14234 0.21781 -13
-0.22413 0.11049 83.25279 0 -3.32500 3.60000 81.26087 0.10380 -13
-0.57329 0.12357 50.67203 0 -3.72500 17.27500 44.04216 0.11675 13
-0.59030 -0.27650 50.67203 0 8.32500 17.77500 44.04216 0.12020 13
0.13673 0.02615 27.84136 0 -0.80000 -5.85000 27.58485 0.10168 13
-0.61655 0.03620 46.29970 0 -1.07500 17.17500 39.41717 0.11831 -13
-1.96768 -0.22474 26.22881 0 6.72500 55.82500 12.11594 0.22337 13
0.49674 -0.05360 25.81367 0 1.65000 -14.80000 23.12525 0.11258 -13
-0.32735 -0.07983 36.53308 0 2.40000 10.47500 34.73091 0.10626 13
0.23014 -0.21483 12.76485 0 6.45000 -6.12500 12.45345 0.10555 13
-0.34744 -0.18959 49.12025 0 5.70000 11.62500 46.48642 0.10830 13
-0.34388 -0.14876 58.13434 0 4.47500 11.22500 55.03769 0.10754 13
-1.26221 0.07155 4.05224 0 -2.35000 41.62500 2.52078 0.16243 13
0.32351 0.06155 1.20144 0 -2.30000 -8.50000 1.14343 0.10653 13
1.02833 0.08232 31.50959 0 -2.50000 -30.90000 22.00511 0.14470 13
0.42787 -0.21769 16.02425 0 6.52500 -14.07500 14.78454 0.11168 13
0.53612 -0.02977 66.39447 0 0.90000 -15.12500 58.52119 0.11430 13
-1.34374 0.10433 23.87215 0 -3.10000 38.67500 14.30158 0.16899 -13
0.60705 0.14142 96.42134 0 -4.25000 -18.02500 82.64190 0.11866 -13
0.62070 -0.25769 96.42134 0 7.77500 -18.45000 82.64190 0.12134 -13
-0.98089 -0.14105 66.51378 0 4.27500 29.75000 47.71145 0.14178 -13
-0.08883 -0.04335 76.23161 0 1.32500 1.55000 75.93316 0.10120 -13
0.82074 -0.07608 83.06952 0 2.30000 -26.17500 64.28614 0.13050 13
-1.94899 0.04584 88.85442 0 -1.37500 58.57500 40.59547 0.22064 -13
-1.51353 -0.00715 81.03440 0 0.20000 44.95000 44.67185 0.18268 13
-1.88393 -0.05924 24.29617 0 1.75000 54.97500 11.40687 0.21485 13
-0.43754 0.14554 44.17016 0 -4.37500 11.62500 40.53380 0.11089 -13
-0.44666 -0.25336 44.17016 0 7.65000 11.90000 40.53380 0.11322 -13
-1.61450 -0.18377 38.14469 0 5.52500 48.27500 20.32695 0.19211 13
0.71009 -0.05825 20.71089 0 1.72500 -23.67500 16.89627 0.12364 13
0.02947 0.01780 36.67213 0 -0.52500 -2.40000 36.65620 0.10076 -13
-1.18955 -0.00730 82.46333 0 0.20000 35.27500 53.06464 0.15649 13
-0.38522 0.09520 31.16189 0 -2.90000 8.95000 29.09588 0.10835 13
-0.45753 -0.18190 33.23385 0 5.47500 11.90000 30.30485 0.11224 13
1.31876 0.13458 39.12879 0 -4.05000 -39.80000 23.77663 0.16720 -13
1.35216 -0.26487 39.12879 0 8.00000 -40.82500 23.77663 0.17147 -13
0.41230 0.00094 35.88691 0 -0.05000 -9.42500 33.17775 0.10892 13
-0.45819 -0.03036 87.83170 0 0.92500 12.72500 79.85551 0.11081 -13
-0.07958 -0.04514 67.29058 0 1.35000 3.62500 67.07891 0.10112 13
-0.00875 -0.06250 29.45048 0 1.87500 1.00000 29.44936 0.10090 13
-0.08001 -0.01061 4.69729 0 0.22500 -0.60000 4.68232 0.10105 13
0.59080 -0.14522 20.15605 0 4.40000 -20.30000 17.40043 0.11789 -13
1.32549 -0.24761 29.73212 0 7.45000 -40.62500 18.24591 0.16902 13
-0.87304 -0.22511 92.71107 0 6.77500 25.62500 70.57958 0.13558 13
-0.48796 -0.10165 42.20697 0 3.07500 13.72500 37.96911 0.11253 -13
0.05176 0.10584 67.28122 0 -3.20000 -3.25000 67.19225 0.10140 13
1.10519 -0.19230 94.09909 0 5.80000 -32.85000 63.76262 0.15135 -13
0.80417 -0.04746 89.75312 0 1.45000 -27.47500 69.97366 0.12932 -13
-0.73847 0.04461 75.75958 0 -1.35000 22.20000 60.96448 0.12527 13
-0.57798 -0.06465 85.83054 0 1.95000 16.52500 74.35006 0.11649 -13
-1.77678 -0.00208 41.95046 0 0.07500 55.35000 20.57565 0.20532 -13
-0.01258 0.09521 52.32541 0 -2.87500 -0.30000 52.32131 0.10116 -13
-0.08106 -0.13932 96.97545 0 4.20000 1.32500 96.66437 0.10200 13
-0.79069 -0.19767 5.69151 0 6.07500 24.95000 4.49765 0.13002 -13
-1.02244 -0.18718 52.65051 0 5.65000 28.72500 37.13724 0.14527 -13
-0.27581 -0.12129 28.32014 0 3.65000 8.07500 27.31469 0.10517 13
-1.87835 0.08928 64.42795 0 -2.70000 54.45000 30.37121 0.21450 13
-1.53764 -0.23732 19.30290 0 7.12500 45.57500 10.72707 0.18619 13
-0.15323 -0.05130 64.26967 0 1.55000 2.82500 63.53009 0.10201 13
1.97823 0.13488 65.35617 0 -4.07500 -58.32500 29.69654 0.22365 13
2.02799 -0.26459 65.35617 0 7.97500 -59.80000 29.69654 0.22922 13
-0.37098 -0.10741 48.43732 0 3.22500 10.47500 45.44431 0.10795 13
-0.13045 -0.07592 73.29157 0 2.27500 4.30000 72.67939 0.10184 13
-0.27365 -0.15472 84.86604 0 4.67500 11.27500 81.92322 0.10556 -13
-1.00606 -0.11706 71.16062 0 3.55000 28.62500 50.33698 0.14334 -13
-1.12515 0.10974 91.11973 0 -3.32500 34.87500 60.73508 0.15199 13
2.06124 -0.16424 39.07569 0 4.92500 -62.70000 17.24054 0.23127 13
0.11600 0.08221 90.43771 0 -2.47500 -1.97500 89.83935 0.10172 13
0.32350 0.11518 91.15092 0 -3.47500 -8.05000 86.77991 0.10646 -13
1.15716 -0.05541 77.31629 0 1.65000 -34.80000 50.59778 0.15411 13
0.81770 -0.16299 80.54747 0 4.92500 -23.40000 62.68082 0.13112 -13
1.32086 -0.19182 65.39154 0 5.80000 -39.37500 39.92388 0.16796 -13
0.69830 0.05451 88.25113 0 -1.65000 -19.97500 72.39102 0.12295 13
0.33187 -0.21843 46.80834 0 6.57500 -10.92500 44.52651 0.10835 13
0.35238 -0.07243 90.23438 0 2.20000 -10.50000 85.12972 0.10702 -13
-1.56860 -0.09255 39.81380 0 2.77500 46.30000 21.46736 0.18756 13
-1.50344 -0.03373 78.04981 0 1.02500 48.57500 43.24251 0.18188 -13
-0.34868 0.04579 20.14532 0 -1.40000 10.00000 19.02427 0.10676 13
-0.42293 -0.19021 70.75557 0 5.72500 11.42500 65.34023 0.11100 13
-0.00373 -0.12219 91.20322 0 3.67500 0.52500 91.20260 0.10145 13
-0.95359 0.05133 53.49641 0 -1.52500 29.95000 38.73964 0.13924 -13
0.16349 -0.15002 98.07555 0 4.52500 -4.37500 96.81819 0.10315 13
-1.17409 0.00360 62.23473 0 -0.12500 33.22500 40.35373 0.15531 13
1.33989 0.02369 38.92023 0 -0.70000 -42.10000 23.28343 0.16838 -13
0.33361 -0.06796 29.63673 0 2.07500 -10.32500 28.11985 0.10638 -13
-0.31117 -0.19940 20.58652 0 6.05000 7.95000 19.69006 0.10738 -13
0.81886 -0.08087 54.09617 0 2.45000 -24.77500 41.90926 0.13042 -13
-0.74477 -0.18123 8.03280 0 5.55000 23.37500 6.47931 0.12695 -13
-1.66746 0.02739 36.14378 0 -0.85000 50.82500 18.59416 0.19583 13
-0.21528 -0.24275 9.60037 0 7.37500 4.57500 9.39697 0.10592 -13
0.30281 0.75925 9.60037 0 -3.65000 5.17500 9.39697 0.11064 -13
0.27780 0.60440 9.60037 0 -3.57500 5.90000 9.39697 0.13113 -13
-0.80293 1.16397 9.60037 0 -3.65000 2.90000 9.39697 0.14945 -13
1.24410 -0.04755 4.25783 0 1.62500 -38.15000 2.66922 0.16091 -13
-0.19395 -0.02204 24.59479 0 0.67500 4.42500 24.14498 0.10261 -13
0.41083 -0.07953 70.89233 0 2.40000 -10.57500 65.60402 0.10917 13
-0.11652 -0.11199 3.12333 0 3.57500 4.57500 3.10265 0.10214 -13
-0.64918 -0.14280 60.53023 0 4.32500 19.15000 50.92106 0.12092 -13
1.92820 -0.03574 46.31451 0 1.05000 -61.72500 21.33370 0.21876 13
-0.83362 -0.08473 39.69015 0 2.55000 23.77500 30.53058 0.13137 13
-0.74354 -0.16135 95.43245 0 4.87500 23.95000 76.93078 0.12654 -13
-1.33086 -0.24412 78.51806 0 7.37500 41.75000 48.03841 0.16944 -13
0.84144 -0.19303 46.96474 0 5.80000 -26.67500 36.20629 0.13302 13
-0.13329 -0.06038 46.68978 0 1.80000 2.15000 46.28193 0.10178 13
-0.14316 0.02885 46.15702 0 -0.85000 5.25000 45.69156 0.10177 -13
-1.53594 -0.02788 76.72017 0 0.85000 46.87500 41.87134 0.18459 -13
1.15198 0.00877 98.87803 0 -0.27500 -35.85000 64.81951 0.15362 13
0.40122 0.00423 48.36734 0 -0.15000 -11.10000 44.88907 0.10851 13
0.39469 -0.13257 21.00445 0 3.97500 -8.12500 19.56036 0.10907 13
-1.14091 0.12038 6.92340 0 -3.52500 33.22500 4.58201 0.15322 -13
1.69590 -0.11240 60.90106 0 3.37500 -54.57500 31.07841 0.19857 13
0.68728 -0.23033 82.92927 0 6.95000 -20.27500 68.90346 0.12439 -13
-1.52243 0.07786 80.29179 0 -2.32500 47.47500 44.17384 0.18359 -13
0.48191 0.14648 63.34007 0 -4.40000 -13.47500 57.17330 0.11275 -13
0.49178 -0.25240 63.34007 0 7.62500 -13.77500 57.17330 0.11507 -13
0.80228 -0.24845 58.37419 0 7.47500 -23.97500 46.05919 0.13150 13
0.61243 -0.05431 8.27914 0 1.70000 -18.30000 7.06292 0.11824 -13
1.11918 0.09918 86.65907 0 -3.00000 -31.85000 57.89625 0.15148 13
-0.02251 -0.03866 82.13258 0 1.17500 1.55000 82.11182 0.10081 -13
0.09234 -0.20771 50.42089 0 6.25000 -1.35000 50.21616 0.10327 13
0.12718 0.08764 13.85056 0 -2.60000 -3.12500 13.74073 0.10189 -13
-0.80214 -0.06450 43.32682 0 1.92500 23.80000 33.82471 0.12926 13
-0.19062 0.11542 63.94256 0 -3.50000 4.77500 62.82608 0.10317 13
1.26133 0.02320 10.65893 0 -0.77500 -40.67500 6.62262 0.16214 13
0.66995 0.10565 86.29329 0 -3.20000 -20.82500 71.81490 0.12168 13
0.02653 0.05421 12.05131 0 -1.67500 -0.95000 12.04708 0.10090 13
-0.15129 -0.07629 80.82404 0 2.30000 7.42500 79.91982 0.10214 13
-0.95060 -0.24441 33.88740 0 7.40000 27.60000 24.89552 0.14113 -13
1.18624 -0.20077 60.64085 0 6.07500 -38.25000 39.53554 0.15756 -13
-0.45388 0.02142 57.23651 0 -0.65000 14.60000 52.12134 0.11061 13
0.27688 0.02457 33.63366 0 -0.72500 -5.92500 32.41488 0.10452 -13
0.35629 -0.11047 12.70016 0 3.30000 -11.15000 11.97155 0.10747 13
0.98337 -0.13030 80.36817 0 3.92500 -26.95000 57.54001 0.14184 13
0.11287 -0.05071 30.90679 0 1.55000 -0.65000 30.71226 0.10147 -13
-0.85569 0.04982 34.91868 0 -1.47500 27.57500 26.54514 0.13263 -13
-1.08709 0.14126 96.50269 0 -4.27500 34.00000 65.68221 0.14943 13
-1.11162 -0.25787 96.50269 0 7.77500 34.75000 65.68221 0.15279 13
-0.78200 -0.20290 60.30212 0 6.10000 25.27500 47.86272 0.12945 13
2.12801 0.01431 28.61443 0 -0.40000 -63.15000 12.17030 0.23679 -13
1.33378 -0.21208 88.21984 0 6.40000 -41.20000 53.66471 0.16922 13
-1.34804 0.06913 66.83599 0 -2.07500 42.12500 39.88057 0.16917 -13
-0.75997 0.09660 58.62165 0 -2.92500 24.55000 46.75206 0.12686 13
1.43544 -0.09652 93.04884 0 2.92500 -43.15000 53.35451 0.17645 -13
-1.45893 -0.13910 57.97797 0 4.17500 42.12500 32.99260 0.17865 13
-0.38178 0.12916 68.19378 0 -3.90000 14.35000 63.77532 0.10858 13
-0.39223 -0.27059 68.19378 0 8.15000 14.67500 63.77532 0.11155 13
-0.30322 0.12190 9.79923 0 -3.72500 9.52500 9.38337 0.10597 13
-0.31239 -0.27825 9.79923 0 8.35000 9.80000 9.38337 0.10912 13
0.20747 -0.20416 47.52130 0 6.17500 -4.70000 46.56882 0.10489 -13
-0.94158 0.08098 37.65449 0 -2.42500 28.27500 27.45651 0.13855 -13
1.11303 -0.22050 57.43914 0 6.65000 -34.17500 38.89125 0.15229 13
0.04335 -0.04754 41.36490 0 1.42500 -1.70000 41.32619 0.10091 13
-0.69337 -0.06296 63.59756 0 1.90000 20.60000 52.29704 0.12271 -13
1.73246 -0.18258 68.32945 0 5.52500 -54.05000 34.57932 0.20231 -13
0.73954 -0.23309 46.65277 0 7.02500 -23.10000 37.85617 0.12742 13
1.65026 -0.20998 85.14300 0 6.35000 -49.95000 44.82227 0.19548 -13
-0.90390 0.05626 14.96357 0 -1.65000 27.00000 11.10873 0.13586 -13
1.72033 -0.11774 9.39628 0 3.65000 -54.92500 4.74668 0.20081 -13
0.61592 -0.20221 53.19830 0 6.10000 -19.05000 45.54255 0.12002 -13
-1.10402 0.11425 52.22838 0 -3.42500 31.75000 35.18718 0.15044 -13
0.33785 -0.17871 19.45185 0 5.37500 -11.65000 18.45833 0.10779 13
0.50036 -0.07923 48.19376 0 2.40000 -14.85000 43.12605 0.11289 -13
-1.22919 -0.11512 12.13692 0 3.55000 33.25000 7.69018 0.16003 -13
0.16679 -0.19878 47.63329 0 6.00000 -4.75000 47.00841 0.10405 -13
1.48433 0.01108 76.77504 0 -0.32500 -45.32500 42.89909 0.18023 -13
0.79923 0.12178 90.79751 0 -3.67500 -23.32500 71.13038 0.12950 13
0.82353 -0.27840 90.79751 0 8.40000 -24.05000 71.13038 0.13343 13
0.78801 0.00014 45.34788 0 -0.02500 -20.87500 35.61783 0.12821 13
0.76062 -0.13078 4.83412 0 3.82500 -21.82500 3.85964 0.12717 13
0.34432 0.01407 89.74129 0 -0.42500 -10.02500 84.85303 0.10652 13
-0.47124 -0.04796 67.10225 0 1.45000 12.92500 60.71260 0.11143 13
0.07740 0.04075 43.53372 0 -1.22500 -0.40000 43.40408 0.10109 -13
0.60859 -0.06977 63.16005 0 2.10000 -17.20000 53.98931 0.11810 13
-0.74971 -0.01959 87.15297 0 0.57500 21.50000 69.73697 0.12588 13
-0.63965 0.05406 19.33883 0 -1.60000 21.05000 16.29794 0.11966 -13
0.12468 0.06751 8.11911 0 -2.10000 -4.10000 8.05693 0.10174 13
-0.46149 0.14463 75.51692 0 -4.37500 13.45000 68.69098 0.11187 13
-0.47129 -0.25436 75.51692 0 7.67500 13.75000 68.69098 0.11423 13
-0.55414 0.05453 64.85956 0 -1.62500 15.62500 56.75129 0.11526 -13
0.86158 -0.08840 55.98043 0 2.65000 -26.25000 42.48116 0.13322 13
0.31595 -0.20305 17.27942 0 6.10000 -13.17500 16.50579 0.10755 13
0.71315 0.00767 66.61553 0 -0.22500 -22.35000 54.23711 0.12369 -13
-0.29173 -0.20887 25.82392 0 6.32500 11.17500 24.83159 0.10700 -13
0.04445 -0.18387 77.76667 0 5.55000 -3.10000 77.69246 0.10248 13
-1.60439 0.01690 26.92829 0 -0.47500 47.85000 14.24574 0.19037 -13
-0.71634 0.10561 54.52818 0 -3.17500 19.47500 44.41137 0.12432 -13
0.42963 0.11484 86.12258 0 -3.47500 -14.85000 79.20934 0.11021 13
-0.51375 0.06634 81.47696 0 -2.00000 15.12500 72.50556 0.11341 13
0.07081 0.02762 98.78970 0 -0.82500 -1.00000 98.54315 0.10099 -13
2.08256 -0.03523 55.43895 0 1.05000 -62.60000 24.00952 0.23266 13
-0.59620 -0.05358 37.01515 0 1.60000 20.00000 31.80580 0.11736 13
0.49360 -0.09045 52.46129 0 2.72500 -14.77500 47.07974 0.11267 13
-0.56432 -0.20200 46.97438 0 6.10000 16.32500 41.10480 0.11742 -13
-0.07683 -0.23555 14.42747 0 7.07500 1.62500 14.38729 0.10372 13
-1.00898 -0.01638 61.27370 0 0.50000 33.40000 43.13608 0.14306 -13
-0.16802 -0.05934 57.57004 0 1.80000 6.30000 56.77698 0.10229 -13
-0.05375 0.08668 68.30036 0 -2.62500 2.47500 68.20266 0.10122 13
-0.41891 -0.13461 49.02438 0 4.07500 14.77500 45.27745 0.11002 -13
-0.02215 -0.16548 32.20068 0 4.97500 0.42500 32.19300 0.10209 13
-1.24377 -0.00862 64.41765 0 0.27500 35.67500 40.36467 0.16072 -13
-0.83971 -0.02072 13.26010 0 0.67500 25.60000 10.15567 0.13152 -13
2.01354 0.04384 26.23068 0 -1.27500 -59.27500 11.67609 0.22644 -13
-0.56387 0.09432 84.69365 0 -2.85000 15.97500 73.85230 0.11600 13
1.27076 -0.00896 54.75444 0 0.25000 -39.55000 33.86150 0.16285 13
-0.29374 -0.12838 44.67593 0 3.87500 11.60000 42.89254 0.10576 -13
1.53480 0.08299 13.86476 0 -2.45000 -48.10000 7.58727 0.18463 -13
0.61481 -0.19618 2.00704 0 5.62500 -20.15000 1.71876 0.11979 13
-0.59868 0.06796 24.03661 0 -2.02500 18.37500 20.63582 0.11756 -13
-0.60165 -0.19214 68.96873 0 5.77500 15.75000 59.37909 0.11910 13
-0.20297 0.12004 6.91147 0 -3.70000 4.82500 6.77526 0.10351 13
-0.20935 -0.28042 6.91147 0 8.37500 5.00000 6.77526 0.10663 13
1.04433 0.04407 70.97929 0 -1.35000 -32.47500 49.11437 0.14568 13
-0.20362 0.07109 85.85422 0 -2.15000 8.40000 84.13644 0.10302 13
1.68377 -0.24392 40.21149 0 7.32500 -50.67500 20.97384 0.19871 13
0.44736 -0.05314 18.81625 0 1.57500 -12.60000 17.17989 0.11044 13
-1.91258 -0.24251 22.47394 0 7.27500 56.20000 10.64798 0.21865 13
-0.52680 -0.23547 28.93788 0 7.07500 15.32500 25.74985 0.11625 13
0.97045 0.09099 33.75385 0 -2.72500 -29.12500 24.27161 0.14061 -13
0.18690 0.03237 89.28554 0 -0.97500 -7.15000 87.76733 0.10250 13
-1.44684 0.06390 40.53639 0 -1.90000 41.52500 23.07963 0.17722 -13
-0.46148 -0.09370 64.38299 0 2.82500 12.92500 58.50330 0.11131 -13
-0.32018 0.13134 31.72726 0 -3.95000 9.32500 30.24037 0.10655 -13
-0.32870 -0.26823 31.72726 0 8.10000 9.57500 30.24037 0.10941 -13
-1.49356 -0.01952 8.98013 0 0.67500 43.30000 4.99696 0.18104 -13
0.14656 -0.16105 9.01252 0 4.92500 -2.80000 8.91959 0.10310 -13
-0.31770 0.14311 82.43301 0 -4.32500 7.72500 78.63562 0.10665 13
-0.32463 -0.25594 82.43301 0 7.72500 7.92500 78.63562 0.10897 13
0.62971 -0.15059 68.89894 0 4.55000 -20.72500 58.48695 0.11997 -13
-0.58881 -0.08719 14.33808 0 2.67500 18.95000 12.36711 0.11721 -13
0.49592 0.02429 73.55910 0 -0.75000 -15.20000 65.90418 0.11243 13
-1.77104 -0.17346 23.31895 0 5.27500 53.87500 11.59437 0.20562 -13
-0.23484 -0.20908 68.58058 0 6.32500 4.52500 66.83758 0.10557 -13
-1.49631 -0.07147 31.44266 0 2.17500 42.47500 17.50150 0.18139 -13
-0.01228 -0.12174 99.33510 0 3.67500 -0.02500 99.32772 0.10146 -13
-0.92943 0.01801 92.28686 0 -0.55000 29.07500 67.60389 0.13749 13
-1.82821 -0.11223 86.27149 0 3.40000 56.52500 41.59989 0.21017 -13
-1.50445 -0.02684 2.08143 0 0.37500 44.12500 1.15334 0.18198 13
-0.10985 0.08444 95.52881 0 -2.55000 3.70000 94.96172 0.10167 13
-0.10869 -0.23291 14.22878 0 7.05000 3.87500 14.14986 0.10401 -13
1.06118 0.06531 75.77475 0 -1.97500 -32.45000 52.02638 0.14699 13
-1.80878 -0.23239 94.75749 0 7.02500 55.85000 46.77413 0.20946 -13
0.97773 0.10377 82.29852 0 -3.15000 -31.02500 58.99948 0.14123 13
0.58315 -0.19866 76.15368 0 5.97500 -20.50000 66.10474 0.11827 13
-0.66439 -0.04345 84.61030 0 1.32500 19.85000 70.49420 0.12098 -13
-0.12389 -0.15721 48.63220 0 4.75000 1.02500 48.27209 0.10271 -13
0.78985 0.14023 91.64092 0 -4.22500 -21.90000 72.18231 0.12910 -13
0.80800 -0.25894 91.64092 0 7.82500 -22.45000 72.18231 0.13207 -13
-1.29271 -0.09207 79.23183 0 2.77500 38.95000 48.60716 0.16485 -13
0.25536 -0.17853 24.38591 0 5.35000 -3.60000 23.64699 0.10547 13
0.82536 -0.00709 87.90150 0 0.22500 -24.25000 67.79367 0.13057 -13
1.67002 -0.12132 34.92301 0 3.62500 -51.80000 18.03822 0.19637 13
0.16025 0.00304 11.98265 0 -0.05000 -5.67500 11.83168 0.10199 -13
-0.83668 -0.05483 5.94053 0 1.55000 24.32500 4.55925 0.13141 13
-0.59853 -0.19827 61.17733 0 5.97500 14.82500 52.75695 0.11904 13
1.08541 -0.08576 10.17122 0 2.65000 -33.80000 6.90506 0.14882 -13
1.93812 -1.04342 10.17122 0 2.67500 -33.85000 6.90506 0.14911 -13
-0.95058 0.16192 10.17122 0 4.47500 -35.97500 6.90506 0.16040 -13
2.58806 0.33630 10.17122 0 4.47500 -36.27500 6.90506 0.16164 -13
-1.54573 0.23118 10.17122 0 5.22500 -39.50000 6.90506 0.17397 -13
0.26559 -0.17720 10.17122 0 4.40000 -42.92500 6.90506 0.19125 -13
-0.18570 -0.03281 10.17122 0 6.07500 -43.67500 6.90506 0.20202 -13
-0.41310 0.01711 22.08107 0 -0.50000 10.70000 20.40860 0.10897 -13
-0.72371 0.04366 61.12652 0 -1.32500 25.02500 49.53517 0.12439 13
-0.00782 0.08699 56.47272 0 -2.62500 0.10000 56.47101 0.10109 -13
0.08530 -0.15442 11.74866 0 4.70000 -3.45000 11.70716 0.10228 -13
1.33174 -0.21278 99.13808 0 6.40000 -41.30000 60.37015 0.16906 13
-0.30084 -0.09936 63.30701 0 3.00000 10.47500 60.64757 0.10564 -13
-0.23125 -0.20323 10.99560 0 6.07500 5.60000 10.72371 0.10534 13
0.08414 -0.13333 3.10573 0 3.85000 -3.70000 3.09497 0.10193 13
-1.39916 -0.06441 69.02678 0 1.95000 40.02500 40.19155 0.17331 -13
0.46508 -0.15792 80.37222 0 4.75000 -12.87500 73.03429 0.11219 13
0.48403 0.04015 11.45567 0 -1.25000 -17.00000 10.31259 0.11197 13
0.13918 -0.20292 81.95181 0 6.12500 -1.47500 81.19988 0.10370 13
-0.32130 -0.17962 34.56263 0 5.40000 8.42500 32.95429 0.10730 13
0.49734 0.01384 5.21323 0 -0.52500 -14.82500 4.66795 0.11251 13
-0.81919 0.12611 43.10058 0 -3.80000 25.25000 33.44651 0.13080 -13
-0.84267 -0.27377 43.10058 0 8.27500 25.95000 33.44651 0.13457 -13
-0.70060 0.07329 76.55360 0 -2.20000 23.15000 62.75289 0.12318 -13
1.76673 0.03838 41.86802 0 -1.12500 -53.75000 20.63470 0.20448 -13
-0.00110 -0.08213 43.60915 0 2.50000 1.42500 43.60913 0.10104 -13
-0.72534 -0.16732 58.95294 0 5.02500 21.20000 47.94701 0.12553 13
-0.58225 -0.06691 92.48723 0 2.00000 16.52500 79.97123 0.11672 13
0.08424 -0.20693 41.41764 0 6.25000 -5.40000 41.27741 0.10319 -13
-0.74849 -0.21379 79.33062 0 6.45000 21.20000 64.01452 0.12763 -13
1.22746 0.12962 33.33565 0 -3.87500 -36.90000 21.16038 0.15996 -13
1.26084 -0.27004 33.33565 0 8.17500 -37.92500 21.16038 0.16437 -13
0.26511 -0.20852 93.56994 0 6.30000 -7.15000 90.56938 0.10628 -13
0.49931 -0.16342 59.34278 0 4.92500 -19.02500 53.23078 0.11375 13
0.20880 -0.19159 53.38227 0 5.77500 -5.17500 52.29403 0.10466 13
-0.22669 -0.02435 2.11012 0 0.97500 8.35000 2.05795 0.10344 -13
1.47339 0.00202 4.10605 0 0.15000 -42.92500 2.30619 0.17936 -13
0.00773 0.08261 26.05742 0 -2.50000 -1.77500 26.05665 0.10106 13
-0.10715 0.06505 5.71973 0 -2.05000 3.62500 5.68726 0.10153 13
-1.06203 -0.01629 29.59466 0 0.47500 34.47500 20.28962 0.14691 13
-0.00813 0.10096 66.40661 0 -3.02500 -0.65000 66.40444 0.10122 -13
-1.81513 0.14470 68.57870 0 -4.37500 53.07500 33.35538 0.20921 13
-1.85362 -0.25429 68.57870 0 7.65000 54.22500 33.35538 0.21360 13
-0.09624 0.01552 19.05317 0 -0.50000 5.12500 18.96557 0.10118 13
1.22265 0.11022 96.64560 0 -3.32500 -36.65000 61.40870 0.15944 -13
-0.55122 -0.06753 42.33923 0 2.05000 16.92500 37.09891 0.11519 -13
1.98047 -0.20915 93.37349 0 6.30000 -61.12500 42.80775 0.22440 13
-0.48880 0.06725 54.44711 0 -2.05000 15.77500 48.93729 0.11230 13
-0.10486 0.07267 26.84100 0 -2.22500 3.12500 26.69541 0.10152 13
0.42890 0.08860 24.17100 0 -2.65000 -14.00000 22.22743 0.10993 -13
-1.72421 0.14500 51.61989 0 -4.35000 52.30000 26.09994 0.20123 -13
-1.76056 -0.25394 51.61989 0 7.67500 53.40000 26.09994 0.20552 -13
-0.63782 -0.06207 35.94647 0 1.87500 17.82500 30.32370 0.11961 -13
-0.86511 -0.02906 11.62792 0 0.92500 25.97500 8.79549 0.13320 -13
0.74283 0.04077 2.04214 0 -0.92500 -22.40000 1.63971 0.12565 -13
-1.08340 -0.22460 47.87060 0 6.80000 32.90000 32.89820 0.15020 -13
0.80388 -0.19004 83.98794 0 5.72500 -24.35000 65.91180 0.13061 13
-1.25248 -0.09704 1.98854 0 3.32500 37.22500 1.24405 0.16218 -13
-1.17506 -0.08136 79.64718 0 2.47500 35.90000 51.71885 0.15560 -13
0.92533 -0.04041 73.45097 0 1.22500 -28.02500 53.93140 0.13726 -13
-0.08876 0.01736 57.15642 0 -0.52500 2.17500 56.93264 0.10112 13
-0.59170 0.01516 73.02193 0 -0.45000 18.25000 62.84663 0.11702 -13
0.09973 0.03301 5.39637 0 -1.07500 -2.65000 5.36977 0.10129 13
0.53319 -0.03848 80.25905 0 1.15000 -16.42500 70.83272 0.11419 13
1.50329 -0.20763 64.00987 0 6.27500 -44.42500 35.97173 0.18303 -13
0.39179 0.06020 94.25349 0 -1.80000 -10.67500 87.77932 0.10832 -13
-1.97540 -0.25001 42.26015 0 7.52500 60.22500 19.54982 0.22433 13
