0.71356 -0.02437 98.57511 0 0.72500 -21.72500 80.24939 0.12374 13
0.13160 -0.01498 6.29764 0 0.37500 -4.50000 6.24382 0.10159 13
1.02304 -0.23842 68.62247 0 7.20000 -31.10000 48.64170 0.14606 -13
0.61426 0.09418 21.14481 0 -2.82500 -17.37500 18.03930 0.11855 -13
0.77365 -0.06049 81.54931 0 1.82500 -25.90000 64.54366 0.12747 -13
-1.18744 -0.15269 32.25683 0 4.57500 33.95000 20.91843 0.15707 13
-1.44761 -0.16477 9.26635 0 4.87500 44.50000 5.31517 0.17785 13
-1.38987 -0.13790 78.95673 0 4.17500 42.22500 46.39946 0.17299 -13
-1.28235 -0.05048 45.68817 0 1.55000 40.00000 28.11783 0.16385 -13
1.24424 0.05378 91.05843 0 -1.60000 -37.65000 57.09343 0.16084 -13
-0.16356 -0.01212 58.52473 0 0.35000 4.55000 57.75745 0.10205 13
-1.11714 0.10267 15.11920 0 -3.05000 36.02500 10.11378 0.15131 -13
0.93335 -0.04099 79.58611 0 1.22500 -26.52500 58.20346 0.13781 13
0.75694 0.12162 10.91780 0 -3.72500 -23.27500 8.72914 0.12692 13
0.77998 -0.27868 10.91780 0 8.35000 -23.95000 8.72914 0.13069 13
0.99962 0.09683 82.84238 0 -2.92500 -27.27500 58.72645 0.14271 -13
1.33214 -0.13211 52.82181 0 4.00000 -40.97500 31.88659 0.16828 -13
0.72982 0.01629 83.22228 0 -0.47500 -22.37500 67.22642 0.12467 -13
0.77616 0.07011 90.49982 0 -2.12500 -23.15000 71.55825 0.12767 13
-1.66505 -0.12072 96.92170 0 3.62500 46.40000 50.16725 0.19595 13
1.82951 0.08263 63.55493 0 -2.47500 -57.00000 30.56163 0.21012 -13
0.51512 -0.03183 21.32647 0 0.92500 -16.32500 18.96091 0.11332 13
-1.34358 0.01096 61.39102 0 -0.32500 42.55000 36.65573 0.16867 -13
1.29247 -0.17163 30.63694 0 5.20000 -38.70000 18.91712 0.16550 -13
-0.65170 -0.24691 80.40195 0 7.45000 21.40000 67.94487 0.12275 -13
0.07720 -0.14964 8.88693 0 4.57500 -1.37500 8.86114 0.10215 -13
1.53435 -0.13223 16.15027 0 4.05000 -46.25000 8.87194 0.18497 -13
-1.33642 -0.02392 93.06290 0 0.72500 42.07500 55.76553 0.16811 -13
0.11714 0.02921 79.25477 0 -0.87500 -3.47500 78.71701 0.10144 13
-1.92718 -0.02280 87.42168 0 0.70000 58.02500 40.27234 0.21866 -13
-0.43378 -0.15604 6.62647 0 4.62500 12.02500 6.09072 0.11086 13
1.10069 -0.23675 13.31068 0 7.07500 -33.70000 9.08364 0.15158 13
0.05606 -0.04581 42.93519 0 1.40000 -2.20000 42.86804 0.10097 -13
1.37921 -0.16276 21.13440 0 4.87500 -42.55000 12.51255 0.17229 13
1.28833 0.01241 38.77536 0 -0.40000 -39.95000 23.77677 0.16424 13
0.15960 -0.19526 16.40723 0 5.92500 -7.55000 16.20956 0.10388 -13
-1.74059 -0.16523 60.40009 0 5.00000 51.17500 30.39329 0.20286 -13
-1.12543 -0.16204 79.54581 0 4.90000 34.17500 53.21760 0.15249 -13
-0.08397 0.05369 52.39825 0 -1.62500 -0.35000 52.21498 0.10120 13
-0.62930 -0.02730 68.29923 0 0.82500 20.60000 57.81173 0.11902 -13
-0.17245 -0.03573 19.15650 0 1.05000 4.17500 18.87819 0.10225 13
0.04340 0.00887 57.52107 0 -0.27500 -0.12500 57.46698 0.10080 13
-1.96546 -0.02017 9.92814 0 0.50000 58.87500 4.50198 0.22213 13
0.63295 -0.10106 28.90929 0 3.07500 -20.35000 24.46311 0.11962 -13
0.50617 -0.07568 54.36124 0 2.30000 -14.10000 48.53001 0.11313 -13
0.53639 -0.19046 38.58190 0 5.75000 -17.30000 34.13340 0.11588 -13
-0.79213 -0.22789 22.27190 0 6.85000 24.65000 17.62706 0.13047 13
1.12519 0.11488 40.15923 0 -3.45000 -32.57500 26.77589 0.15202 -13
0.30555 -0.23022 96.59675 0 6.95000 -8.65000 92.57968 0.10783 -13
0.53962 -0.01782 9.12846 0 0.47500 -17.57500 8.03369 0.11444 13
-1.63228 -0.01456 86.34704 0 0.42500 47.50000 45.11083 0.19278 13
0.24716 0.02097 23.50512 0 -0.60000 -5.00000 22.81877 0.10375 -13
-0.49263 -0.19447 67.07830 0 5.85000 14.15000 60.38844 0.11395 13
-0.45270 0.00280 31.62501 0 -0.07500 13.10000 28.81071 0.11054 -13
0.39744 0.06160 52.35124 0 -1.85000 -11.25000 48.66228 0.10854 -13
-0.13198 -0.00957 11.68341 0 0.32500 5.70000 11.58295 0.10159 -13
-0.85829 0.03103 43.26397 0 -0.95000 25.50000 32.83632 0.13274 13
-0.73634 0.13011 57.04748 0 -3.92500 21.10000 46.07290 0.12574 -13
-0.75626 -0.26955 57.04748 0 8.15000 21.70000 46.07290 0.12915 -13
-0.26107 0.07267 80.12034 0 -2.17500 9.05000 77.53514 0.10433 -13
-0.50776 0.08153 57.68130 0 -2.45000 14.42500 51.46605 0.11324 -13
-1.26429 -0.12271 25.48764 0 3.67500 36.90000 15.88447 0.16277 13
0.32244 0.06605 46.00177 0 -2.00000 -10.50000 43.79100 0.10602 13
0.21867 -0.18967 47.63497 0 5.70000 -7.60000 46.57217 0.10483 13
-1.10620 -0.07832 30.98165 0 2.35000 32.60000 20.81142 0.15037 13
-0.66008 -0.05092 95.12021 0 1.52500 21.82500 79.41646 0.12077 13
0.17759 0.13983 26.97458 0 -4.22500 -4.32500 26.56677 0.10325 13
0.18172 -0.25939 26.97458 0 7.80000 -4.45000 26.56677 0.10562 13
-0.28182 0.14749 39.95394 0 -4.42500 7.77500 38.48609 0.10567 -13
-0.28750 -0.25132 39.95394 0 7.60000 7.95000 38.48609 0.10781 -13
1.76165 -0.05292 9.02914 0 1.50000 -56.32500 4.46226 0.20403 13
1.63228 0.07463 23.69019 0 -2.30000 -50.45000 12.40048 0.19294 13
0.98464 -1.41324 23.69019 0 -1.82500 -50.65000 12.40048 0.19447 13
-0.66385 0.68145 23.69019 0 -0.62500 -51.65000 12.40048 0.20058 13
0.60860 -0.25098 23.69019 0 -2.45000 -52.52500 12.40048 0.21257 13
-0.70034 0.26728 23.69019 0 -1.17500 -54.15000 12.40048 0.22228 13
-0.56770 -1.20732 23.69019 0 -0.90000 -54.00000 12.40048 0.22855 13
-0.02519 0.90011 23.69019 0 -0.45000 -53.82500 12.40048 0.24254 13
-1.67668 0.01024 89.08231 0 -0.30000 49.15000 45.63249 0.19660 -13
0.22133 -0.13438 29.52056 0 4.07500 -9.62500 28.83490 0.10403 -13
-0.39455 -0.01806 58.27484 0 0.52500 11.07500 54.20919 0.10827 13
-0.16876 -0.07319 91.07209 0 2.20000 7.32500 89.80896 0.10239 13
-0.70717 0.05134 74.30853 0 -1.55000 19.37500 60.69776 0.12345 13
2.10382 0.13822 44.06650 0 -4.15000 -63.27500 19.06397 0.23496 -13
2.15384 -0.26100 44.06650 0 7.90000 -64.80000 19.06397 0.24063 -13
0.04258 -0.16201 34.28439 0 4.87500 -1.00000 34.25419 0.10210 13
-0.00140 0.00316 60.39235 0 -0.10000 0.22500 60.39229 0.10070 -13
-0.29542 -0.19231 54.78406 0 5.80000 5.95000 52.61473 0.10678 -13
-1.19702 -0.17709 77.29339 0 5.35000 34.95000 50.00450 0.15809 -13
0.97916 -0.05833 43.58005 0 1.75000 -29.60000 31.16437 0.14106 13
-1.06046 -0.09881 10.54578 0 3.05000 32.50000 7.25353 0.14716 -13
0.31101 -0.07055 92.94176 0 2.12500 -8.62500 88.76766 0.10570 -13
1.08806 0.10187 50.74048 0 -3.05000 -32.15000 34.43152 0.14916 -13
0.07135 -0.12689 62.07698 0 3.82500 -3.77500 61.92205 0.10176 13
-0.27938 0.09727 4.26997 0 -3.05000 8.42500 4.11385 0.10509 13
-1.92410 0.02485 54.09778 0 -0.72500 56.22500 24.95385 0.21838 -13
0.65771 0.05650 29.78451 0 -1.72500 -18.10000 24.89668 0.12067 13
1.70041 -0.14539 92.01778 0 4.40000 -51.32500 47.00848 0.19920 -13
-0.89933 0.00666 76.65794 0 -0.20000 24.10000 56.99874 0.13544 13
0.17052 0.05447 81.36731 0 -1.65000 -6.37500 80.21293 0.10230 13
-1.14615 0.13513 44.07075 0 -4.10000 35.47500 29.12181 0.15379 13
-1.17483 -0.26431 44.07075 0 7.95000 36.32500 29.12181 0.15761 13
0.16288 -0.16748 13.83739 0 5.02500 -2.97500 13.66219 0.10340 13
0.06248 -0.17159 29.52242 0 5.20000 -3.20000 29.46658 0.10238 -13
-0.97756 -0.14163 14.31919 0 4.22500 29.62500 10.28884 0.14152 13
-0.42237 0.09672 5.12279 0 -2.82500 11.47500 4.72246 0.10974 -13
0.17725 -0.11606 63.21991 0 3.50000 -6.87500 62.26234 0.10294 13
-1.77842 0.12176 29.45936 0 -3.65000 50.35000 14.51928 0.20580 -13
-1.83226 -0.27831 29.45936 0 8.42500 52.00000 14.51928 0.21215 -13
1.97912 0.00134 47.88980 0 -0.05000 -56.60000 21.59812 0.22329 13
-1.65185 0.12374 80.12871 0 -3.72500 50.07500 41.72755 0.19485 -13
-1.70078 -0.27629 80.12871 0 8.35000 51.57500 41.72755 0.20065 -13
0.55762 -0.22350 46.74589 0 6.72500 -16.10000 41.05980 0.11746 13
1.91905 0.07790 55.90399 0 -2.37500 -58.87500 25.89564 0.21807 13
0.23947 -0.19566 58.19193 0 5.90000 -6.87500 56.64851 0.10541 -13
-1.41821 -0.18742 96.61976 0 5.65000 41.90000 56.32033 0.17576 13
1.13523 -0.17136 7.81889 0 5.07500 -32.62500 5.20902 0.15329 13
-0.89119 0.07091 99.64255 0 -2.12500 28.37500 74.47183 0.13508 -13
0.97307 -0.13568 25.10483 0 4.07500 -28.90000 18.07137 0.14116 13
-0.72301 -0.13578 36.47319 0 4.12500 21.20000 29.64953 0.12503 -13
0.74596 0.00545 26.02798 0 -0.17500 -19.30000 20.86300 0.12564 13
-0.59601 -0.18695 96.54984 0 5.62500 17.17500 83.30617 0.11873 13
0.10191 0.06733 21.85034 0 -2.05000 -3.77500 21.73818 0.10146 13
1.11867 0.03408 34.65319 0 -1.00000 -34.30000 23.10217 0.15114 -13
-0.04011 -0.18411 31.05319 0 5.57500 5.32500 31.02905 0.10249 -13
0.38112 -0.13199 73.72692 0 4.00000 -11.12500 68.96788 0.10859 -13
-0.06667 0.06648 1.84965 0 -1.75000 0.62500 1.84560 0.10126 -13
-0.10880 0.04264 91.24149 0 -1.30000 2.30000 90.70714 0.10139 13
-1.34434 -0.16330 54.58355 0 4.90000 41.95000 32.85358 0.16952 13
-1.04678 -0.20576 95.64029 0 6.20000 31.35000 66.77803 0.14724 13
-0.04927 -0.00918 76.12232 0 0.27500 0.75000 76.03009 0.10083 -13
-0.05298 -0.11568 65.36895 0 3.47500 3.05000 65.27860 0.10151 13
-0.22502 0.04800 3.07178 0 -1.60000 4.35000 2.99685 0.10343 13
0.45660 -0.01890 95.12591 0 0.57500 -14.07500 86.53499 0.11072 13
-1.42407 0.03142 89.35658 0 -0.95000 42.17500 51.36829 0.17526 -13
-0.57791 -0.15636 22.04956 0 4.75000 16.55000 19.14807 0.11739 -13
0.49092 0.08758 87.87040 0 -2.62500 -15.72500 78.93624 0.11253 -13
0.61457 -0.09791 47.50944 0 2.95000 -20.40000 40.52903 0.11861 13
-0.67861 -0.06764 73.81883 0 2.05000 21.62500 61.12594 0.12189 -13
-0.22744 -0.11717 8.77487 0 3.60000 7.92500 8.55906 0.10398 -13
-0.68847 0.07589 2.72811 0 -2.07500 18.67500 2.24908 0.12253 -13
1.69476 0.14504 87.94714 0 -4.37500 -54.62500 45.03884 0.19871 13
1.73043 -0.25393 87.94714 0 7.65000 -55.70000 45.03884 0.20287 13
-0.51469 -0.16632 11.72796 0 4.97500 16.20000 10.45727 0.11447 13
-1.82736 0.11175 64.86610 0 -3.37500 51.32500 31.28841 0.21008 13
-0.45530 -0.21473 16.85318 0 6.50000 14.42500 15.39650 0.11277 -13
-0.25490 -0.15869 7.44044 0 4.85000 7.45000 7.21523 0.10520 -13
-0.19997 -0.00104 25.44791 0 -0.00000 6.40000 24.95388 0.10270 13
0.82736 -0.10239 51.77383 0 3.10000 -26.70000 39.97437 0.13112 -13
-0.46364 -0.22608 57.59963 0 6.80000 14.60000 52.48235 0.11330 13
-0.09294 -0.05996 39.54381 0 1.80000 2.70000 39.37470 0.10131 13
0.72388 -0.12801 70.93894 0 3.85000 -22.57500 57.62359 0.12498 13
1.12418 0.12446 67.34443 0 -3.75000 -31.72500 44.95137 0.15203 -13
1.15715 -0.27553 67.34443 0 8.32500 -32.72500 44.95137 0.15651 -13
0.74592 0.08766 13.42235 0 -2.70000 -22.55000 10.77379 0.12595 13
-0.95237 0.10264 50.69456 0 -3.07500 25.00000 36.80160 0.13944 -13
-0.11459 -0.20055 45.28075 0 6.05000 4.05000 44.99758 0.10336 -13
0.35075 0.08354 88.99373 0 -2.52500 -9.42500 84.00984 0.10704 -13
1.47186 -0.15800 2.45508 0 4.37500 -43.17500 1.39079 0.17981 13
1.06710 -0.00325 11.23690 0 0.15000 -29.90000 7.68302 0.14729 -13
0.71578 0.14012 70.58897 0 -4.22500 -21.17500 57.58795 0.12464 -13
0.73226 -0.25904 70.58897 0 7.82500 -21.67500 57.58795 0.12752 -13
1.99213 -0.06493 77.67713 0 1.97500 -63.00000 34.90619 0.22457 -13
0.78325 -0.01091 83.92635 0 0.32500 -25.07500 66.07331 0.12792 13
-0.37977 -0.09011 23.66330 0 2.70000 12.12500 22.13315 0.10810 13
0.29976 -0.19810 11.02781 0 6.02500 -9.32500 10.57988 0.10704 -13
0.51388 -0.14943 85.20332 0 4.50000 -15.52500 75.95632 0.11421 13
0.05450 -0.16815 27.34967 0 5.10000 -4.32500 27.31025 0.10228 -13
-1.20244 -0.22274 86.01407 0 6.72500 34.30000 55.78419 0.15910 -13
-0.99060 -0.24690 85.18081 0 7.45000 30.15000 61.39581 0.14392 -13
-0.23141 -0.23923 40.15037 0 7.22500 6.85000 39.17059 0.10614 -13
1.26407 0.12822 18.20118 0 -3.82500 -38.65000 11.34943 0.16280 -13
1.29929 -0.27142 18.20118 0 8.22500 -39.72500 11.34943 0.16741 -13
-0.87183 -0.03926 82.84410 0 1.20000 26.50000 62.46552 0.13366 -13
0.59847 -0.07594 98.46551 0 2.30000 -17.17500 84.55424 0.11762 -13
-0.22673 -0.14651 70.15335 0 4.40000 8.12500 68.45206 0.10430 13
-0.15884 0.13664 65.85951 0 -4.12500 5.37500 65.05879 0.10289 -13
-0.16273 -0.26269 65.85951 0 7.92500 5.50000 65.05879 0.10541 -13
0.89038 -0.03465 10.40842 0 1.10000 -26.52500 7.77562 0.13490 -13
-1.54858 0.01195 10.50435 0 -0.45000 46.65000 5.69868 0.18565 13
-0.46616 -0.08987 94.39747 0 2.72500 13.10000 85.61916 0.11148 -13
1.48228 -0.01085 8.41086 0 0.22500 -42.17500 4.70423 0.18007 13
0.92661 -0.24729 68.25068 0 7.47500 -27.07500 50.74302 0.13954 -13
-1.69228 0.01816 32.73981 0 -0.52500 49.25000 16.65835 0.19794 -13
0.44786 0.11659 12.01707 0 -3.55000 -15.00000 10.97974 0.11099 13
0.82608 -0.15867 22.26582 0 4.82500 -26.07500 17.25234 0.13162 -13
-0.13312 0.07978 62.65513 0 -2.42500 2.00000 62.11059 0.10191 13
-0.85420 0.04867 12.98228 0 -1.42500 25.17500 9.87597 0.13252 -13
-1.90063 -0.11559 78.50876 0 3.47500 56.30000 36.74533 0.21658 13
-0.70669 -0.24831 27.38723 0 7.52500 21.77500 22.58596 0.12584 -13
0.98501 -0.04485 64.72404 0 1.37500 -30.67500 46.13405 0.14143 -13
-0.92489 -0.09303 75.82568 0 2.82500 26.60000 55.77729 0.13750 -13
-2.00540 0.09319 87.11772 0 -2.82500 60.55000 39.01090 0.22588 13
-0.73692 -0.03874 27.21368 0 1.20000 21.17500 21.91321 0.12516 -13
-2.05187 0.07302 81.72896 0 -2.20000 62.40000 35.88204 0.22999 -13
0.62977 0.14479 39.74983 0 -4.37500 -17.57500 33.73378 0.11991 13
0.64308 -0.25419 39.74983 0 7.65000 -17.97500 33.73378 0.12242 13
1.60509 -0.05440 76.31857 0 1.62500 -48.02500 40.39951 0.19052 13
0.39161 -0.15748 82.87988 0 4.75000 -11.32500 77.29776 0.10931 -13
1.11084 -0.11073 66.83017 0 3.32500 -33.55000 44.86508 0.15092 13
-0.31692 0.12518 24.20904 0 -3.75000 9.12500 23.09408 0.10638 -13
-0.32609 -0.27473 24.20904 0 8.30000 9.40000 23.09408 0.10950 -13
1.29271 -0.14694 82.45899 0 4.42500 -38.75000 50.79012 0.16524 13
-1.45687 -0.07282 89.63140 0 2.17500 45.05000 50.81466 0.17809 13
-2.17778 -0.04806 39.99256 0 1.47500 64.17500 16.70443 0.24139 -13
-1.20690 0.00749 71.82924 0 -0.22500 38.62500 45.82913 0.15784 13
0.33459 -0.17741 55.60228 0 5.35000 -11.77500 52.81011 0.10769 -13
0.46451 0.07686 5.98885 0 -2.40000 -12.42500 5.43432 0.11135 13
0.68874 -0.10467 88.58155 0 3.15000 -20.65000 73.08030 0.12273 13
-0.61002 -0.08323 66.76447 0 2.52500 18.57500 57.05031 0.11826 -13
0.48043 -0.01257 3.44979 0 0.52500 -17.20000 3.10952 0.11180 -13
0.07234 -0.18593 53.53723 0 5.62500 -0.35000 53.40232 0.10270 -13
-0.38474 -0.15566 57.95610 0 4.70000 12.72500 54.17350 0.10904 -13
-0.63585 0.09832 4.06655 0 -3.10000 19.32500 3.43613 0.11984 13
-0.40101 -0.18056 35.52199 0 5.42500 9.70000 33.04454 0.10999 13
-0.28070 0.09116 53.87038 0 -2.75000 8.00000 51.88154 0.10499 -13
-1.81821 -0.23681 36.17849 0 7.17500 55.52500 17.80163 0.21037 -13
-0.87666 -0.21826 14.58271 0 6.62500 27.25000 11.07554 0.13576 -13
0.88827 -0.10673 70.29436 0 3.20000 -27.87500 52.68566 0.13512 13
-1.17474 -0.17260 84.34748 0 5.22500 35.40000 55.13826 0.15634 -13
0.04024 0.01800 67.93713 0 -0.52500 -1.35000 67.88222 0.10080 -13
-0.05123 -0.02889 4.14188 0 0.77500 0.17500 4.13659 0.10090 13
-0.59902 -0.21545 27.63502 0 6.47500 16.32500 23.84691 0.11937 13
0.35435 0.03350 90.52241 0 -1.00000 -10.27500 85.32940 0.10689 -13
1.00900 0.14607 53.23075 0 -4.40000 -33.05000 37.67003 0.14380 -13
1.02981 -0.25282 53.23075 0 7.65000 -33.67500 37.67003 0.14679 -13
2.06063 0.08995 49.47733 0 -2.70000 -62.52500 21.67216 0.23082 -13
-0.06768 -0.04196 36.00148 0 1.25000 2.45000 35.91946 0.10102 13
0.04201 -0.24570 19.40781 0 7.45000 -1.10000 19.39166 0.10381 -13
-1.93940 0.14578 82.62381 0 -4.37500 58.17500 38.18067 0.22021 -13
-1.97963 -0.25311 82.62381 0 7.65000 59.40000 38.18067 0.22482 -13
-0.55527 0.11061 26.23589 0 -3.35000 15.20000 22.96997 0.11573 13
1.93500 0.05436 81.72194 0 -1.62500 -61.15000 37.56394 0.21941 -13
-1.99243 0.09809 33.09739 0 -2.92500 61.12500 14.90349 0.22469 -13
0.16530 -0.10815 17.94421 0 3.25000 -4.92500 17.70674 0.10264 13
-0.29537 -0.15133 90.04614 0 4.57500 10.25000 86.43557 0.10611 -13
-0.83550 0.01458 72.46552 0 -0.42500 23.45000 55.61265 0.13124 -13
0.46985 0.08191 15.97624 0 -2.45000 -17.85000 14.46832 0.11157 -13
-0.45613 -0.19334 42.48443 0 5.85000 14.00000 38.77341 0.11240 -13
-0.03125 -0.15159 6.93843 0 4.65000 0.55000 6.93514 0.10195 -13
0.12027 -0.07528 84.98566 0 2.27500 -5.40000 84.38099 0.10171 13
-0.50464 -0.07348 2.29121 0 2.45000 11.75000 2.04666 0.11323 -13
0.03420 0.05479 31.51458 0 -1.67500 -1.40000 31.49622 0.10092 13
1.63125 0.01680 44.72787 0 -0.47500 -48.00000 23.37895 0.19268 -13
-2.12291 0.13731 36.55078 0 -4.10000 64.80000 15.69391 0.23670 -13
-0.15372 -0.20400 12.96080 0 6.12500 4.50000 12.81627 0.10392 13
1.91741 -0.22283 42.28560 0 6.70000 -56.37500 19.92709 0.21890 13
-0.00870 0.13878 29.77353 0 -4.20000 -1.57500 29.77242 0.10168 13
-0.00891 -0.26047 29.77353 0 7.85000 -1.57500 29.77242 0.10405 13
0.39508 -0.11644 43.99019 0 3.52500 -11.02500 40.94966 0.10892 -13
-0.24956 0.03278 72.57832 0 -0.97500 8.80000 70.42077 0.10384 -13
0.72387 -0.08037 20.53716 0 2.45000 -22.80000 16.65421 0.12460 -13
-1.09953 -0.11142 96.94789 0 3.37500 35.15000 65.44874 0.15010 -13
0.05700 -0.18724 23.10382 0 5.62500 -3.00000 23.06766 0.10260 13
-0.30172 -0.04648 92.80956 0 1.40000 10.75000 88.86130 0.10529 13
0.51135 -0.23783 89.47898 0 7.17500 -16.57500 80.11315 0.11561 13
0.63584 -0.04773 55.34154 0 1.42500 -18.15000 46.71563 0.11943 13
0.18109 0.09313 67.14919 0 -2.80000 -3.52500 66.08354 0.10277 -13
-0.20146 -0.19447 76.48391 0 5.85000 9.97500 75.03088 0.10457 13
0.07635 0.11441 18.42655 0 -3.47500 -5.05000 18.37376 0.10166 13
-0.55904 -0.11500 52.78799 0 3.47500 15.37500 46.14830 0.11595 -13
-0.29108 -0.05609 79.46096 0 1.67500 12.97500 76.30397 0.10503 13
-0.32361 -0.18210 72.08943 0 5.50000 11.92500 68.69218 0.10742 -13
0.53069 -0.07922 54.42204 0 2.40000 -16.57500 48.10457 0.11429 -13
-1.24205 0.08134 40.27253 0 -2.42500 38.77500 25.30691 0.16078 -13
0.25846 -0.01409 22.09120 0 0.45000 -7.65000 21.38850 0.10403 -13
0.07486 0.11301 3.29511 0 -3.27500 -2.77500 3.28601 0.10162 -13
0.04244 0.03920 66.50494 0 -1.20000 -0.25000 66.44523 0.10087 13
-0.72553 0.06736 72.82670 0 -2.02500 21.45000 58.99227 0.12459 -13
0.01434 -0.14925 78.39108 0 4.50000 -0.40000 78.38320 0.10183 -13
1.49621 -0.24938 79.16084 0 7.50000 -46.37500 44.90582 0.18294 13
0.32990 -0.01376 82.48010 0 0.42500 -12.50000 78.32859 0.10605 -13
-0.62035 -0.06823 36.28501 0 2.07500 16.20000 30.85381 0.11871 -13
-0.03694 0.09914 1.73266 0 -3.27500 1.35000 1.73148 0.10155 13
-0.89231 -0.06278 8.17522 0 1.97500 24.80000 6.10541 0.13514 -13
0.11704 -0.24193 47.66117 0 7.27500 -1.05000 47.35566 0.10427 13
0.26237 0.12367 10.64458 0 -3.67500 -9.37500 10.30103 0.10484 -13
0.27012 -0.27627 10.64458 0 8.37500 -9.60000 10.30103 0.10801 -13
-0.56350 -0.00814 40.57422 0 0.22500 16.07500 35.34880 0.11559 13
1.32508 -0.22513 63.89872 0 6.80000 -39.72500 39.09540 0.16873 -13
-0.32201 0.05259 2.96376 0 -1.42500 9.70000 2.82121 0.10598 -13
1.09227 -0.08234 67.34643 0 2.50000 -32.20000 45.56017 0.14936 -13
-1.46023 -0.23521 38.23144 0 7.07500 43.47500 21.99797 0.17977 13
-0.54807 -0.06913 53.15406 0 2.10000 18.07500 46.63803 0.11505 -13
0.54527 0.00930 73.79446 0 -0.30000 -16.32500 64.78944 0.11471 13
-0.90312 -0.11550 70.05543 0 3.50000 28.47500 52.14536 0.13619 -13
-0.22298 -0.12358 4.77632 0 3.62500 6.37500 4.66339 0.10391 13
1.42825 -0.12370 89.16496 0 3.75000 -41.05000 51.40194 0.17603 -13
-0.09009 -0.00687 41.25752 0 0.22500 1.32500 41.09109 0.10111 -13
0.15609 0.09632 83.76791 0 -2.90000 -3.25000 82.77469 0.10238 13
0.94876 -0.03443 57.90714 0 1.05000 -27.87500 42.02034 0.13886 -13
-1.04445 0.06089 85.45388 0 -1.85000 32.97500 59.15399 0.14575 13
-0.49304 0.08805 44.83952 0 -2.65000 15.40000 40.24733 0.11262 -13
0.05591 0.10182 11.51449 0 -3.12500 -2.47500 11.49672 0.10140 13
0.64278 -0.16960 86.81277 0 5.10000 -19.02500 73.32796 0.12092 13
-0.73571 -0.07816 22.71697 0 2.32500 21.42500 18.31787 0.12526 13
0.04846 0.14239 87.58302 0 -4.30000 -3.80000 87.48239 0.10183 -13
0.04954 -0.25667 87.58302 0 7.75000 -3.82500 87.48239 0.10409 -13
-0.45446 -0.06292 77.92613 0 1.90000 16.57500 70.96765 0.11080 -13
0.59480 -0.11007 1.08291 0 3.85000 -22.17500 0.93208 0.11851 -13
-0.61982 0.08803 69.85978 0 -2.67500 22.25000 59.44240 0.11881 13
-1.99359 -0.01689 86.40602 0 0.50000 57.57500 38.74585 0.22460 13
-0.55683 -0.00590 85.00685 0 0.17500 15.35000 74.26956 0.11526 -13
-0.75473 -0.05765 44.13673 0 1.75000 24.35000 35.25030 0.12631 -13
-0.43460 -0.04918 21.99583 0 1.45000 11.87500 20.17686 0.10991 13
-0.78850 -0.19001 74.18456 0 5.72500 22.25000 58.64665 0.12966 13
0.41530 -0.13236 49.20020 0 4.00000 -15.67500 45.49543 0.10986 -13
-1.47897 -0.02649 73.13082 0 0.80000 44.27500 40.97254 0.17981 -13
-0.28024 -0.13939 69.18408 0 4.20000 7.60000 66.66377 0.10552 13
0.12223 -0.21925 59.79384 0 6.62500 -5.17500 59.37217 0.10383 -13
0.04111 -0.20038 47.13745 0 6.05000 -2.65000 47.09921 0.10279 -13
-0.77855 0.06850 54.58012 0 -2.05000 22.82500 43.10493 0.12781 -13
2.07614 0.10166 18.47526 0 -3.12500 -63.22500 8.04965 0.23237 13
0.25478 -0.06588 19.44737 0 2.02500 -9.92500 18.84793 0.10414 -13
0.77308 -0.15641 46.33588 0 4.72500 -22.92500 36.82339 0.12827 -13
1.74313 -0.13764 42.81279 0 4.12500 -51.15000 21.45375 0.20283 13
0.60400 -0.06530 22.99667 0 1.95000 -18.67500 19.69616 0.11782 13
0.92861 0.11609 86.77207 0 -3.50000 -31.12500 63.78138 0.13792 13
1.07205 -0.24388 36.37060 0 7.32500 -32.72500 25.18947 0.14964 13
0.72822 0.05857 2.80197 0 -1.55000 -21.42500 2.26586 0.12478 -13
0.07482 0.04051 38.11134 0 -1.20000 -0.92500 38.00527 0.10107 -13
-0.53740 -0.21725 52.88407 0 6.55000 15.50000 46.82065 0.11639 13
1.72002 -0.08142 32.04401 0 2.42500 -51.87500 16.14628 0.20051 13
0.10358 0.02753 46.46136 0 -0.85000 -3.07500 46.21433 0.10128 13
-1.55077 -0.12543 84.63856 0 3.80000 47.65000 46.12126 0.18626 -13
1.33745 -0.03099 10.81390 0 1.00000 -40.60000 6.47784 0.16822 -13
0.84789 0.07446 39.72006 0 -2.25000 -26.50000 30.33071 0.13225 13
-0.12398 -0.17983 79.11427 0 5.42500 5.40000 78.53172 0.10308 -13
-1.07461 -0.11465 78.34507 0 3.47500 34.52500 53.55905 0.14828 -13
0.42893 -0.01555 63.45286 0 0.47500 -13.12500 58.31602 0.10959 -13
1.08497 0.03345 65.64242 0 -1.00000 -30.67500 44.50095 0.14863 -13
1.15256 -0.13970 47.61425 0 4.22500 -35.37500 31.37567 0.15432 -13
-0.95045 -0.13668 60.06764 0 4.10000 32.95000 43.73011 0.13961 13
0.83208 -0.22004 86.88002 0 6.65000 -26.77500 67.42397 0.13287 -13
-0.29433 0.07491 94.42052 0 -2.27500 8.70000 90.59874 0.10525 13
-0.60343 0.05993 7.93597 0 -1.87500 19.57500 6.79809 0.11780 13
-0.62309 -0.11801 94.75977 0 3.57500 20.62500 80.58025 0.11925 -13
0.96566 -0.15426 43.99908 0 4.67500 -30.55000 31.82957 0.14087 -13
1.76526 -0.15976 12.75461 0 4.90000 -52.22500 6.34681 0.20504 -13
-1.33504 -0.05729 70.10230 0 1.72500 40.50000 42.07099 0.16807 13
-0.48069 -0.14659 97.71850 0 4.42500 12.97500 88.24633 0.11270 -13
0.56728 0.13391 48.15249 0 -4.02500 -17.17500 41.97289 0.11655 -13
0.58174 -0.26556 48.15249 0 8.02500 -17.60000 41.97289 0.11955 -13
-1.31841 -0.09635 8.41036 0 3.00000 43.57500 5.09659 0.16700 -13
1.55709 -0.15869 81.57410 0 4.77500 -50.17500 44.46910 0.18703 13
0.50830 0.07401 83.56744 0 -2.22500 -14.80000 74.53763 0.11321 -13
0.81017 0.10544 86.03588 0 -3.17500 -24.15000 66.99611 0.13004 -13
-0.85577 -0.04342 32.10030 0 1.32500 24.80000 24.39846 0.13262 -13
-0.17440 -0.14840 91.16685 0 4.47500 1.60000 89.83999 0.10331 13
-1.52008 0.01938 72.21154 0 -0.60000 44.10000 39.69278 0.18324 13
0.25920 -0.11716 91.32831 0 3.55000 -6.52500 88.44441 0.10470 -13
-1.43272 -0.08910 2.31286 0 2.32500 40.30000 1.32785 0.17611 13
0.98108 -0.11940 75.70505 0 3.60000 -28.62500 54.22780 0.14158 13
-0.08771 -0.15060 78.05614 0 4.55000 2.87500 77.76426 0.10222 -13
-0.95690 -0.16859 52.72684 0 5.07500 27.22500 38.34983 0.14040 13
0.67981 -0.18295 68.72861 0 5.52500 -18.77500 57.13209 0.12316 -13
-0.15058 0.12613 68.72861 0 5.57500 -18.67500 57.13209 0.12318 -13
0.37837 -0.17334 68.72861 0 7.20000 -17.95000 57.13209 0.13443 -13
0.25774 -0.12718 68.72861 0 5.75000 -18.55000 57.13209 0.14775 -13
-0.36768 0.18180 68.72861 0 7.07500 -19.32500 57.13209 0.15628 -13
0.69460 0.22625 68.72861 0 7.17500 -19.82500 57.13209 0.16004 -13
-0.50931 -0.18747 27.36842 0 5.62500 14.37500 24.47305 0.11457 13
-1.11855 -0.19853 11.69370 0 5.92500 33.40000 7.87762 0.15234 13
0.73595 0.02163 84.97602 0 -0.65000 -23.35000 68.44516 0.12505 -13
0.73886 -0.02487 46.00276 0 0.77500 -23.67500 37.00349 0.12524 -13
0.63252 0.11398 26.41089 0 -3.42500 -21.90000 22.36207 0.11970 -13
-0.24463 0.11655 34.85957 0 -3.50000 9.72500 33.87370 0.10433 -13
-0.05186 -0.17405 10.19311 0 5.30000 0.30000 10.17985 0.10238 -13
0.44608 0.04039 34.23765 0 -1.20000 -14.25000 31.27202 0.11034 -13
-0.75444 0.04646 86.10770 0 -1.40000 22.00000 68.76579 0.12624 13
-0.35626 -0.10305 96.37605 0 3.10000 13.00000 90.84044 0.10740 13
-1.02520 0.12233 89.57349 0 -3.67500 30.27500 62.78247 0.14474 -13
-1.05614 -0.27780 89.57349 0 8.37500 31.22500 62.78247 0.14913 -13
-0.67146 -0.02251 17.65270 0 0.65000 19.10000 14.65638 0.12132 13
1.12439 0.07459 45.38542 0 -2.22500 -33.50000 30.20841 0.15171 -13
0.59168 -0.11538 29.40831 0 3.47500 -18.82500 25.35315 0.11758 13
-0.56690 -0.22341 8.27067 0 6.67500 17.45000 7.23715 0.11787 13
-0.17477 0.12884 9.57244 0 -3.92500 4.55000 9.43176 0.10308 13
-0.17954 -0.27099 9.57244 0 8.12500 4.70000 9.43176 0.10585 13
-0.54266 -0.10651 11.82827 0 3.25000 16.00000 10.40951 0.11510 -13
-0.88176 -0.17960 27.24334 0 5.40000 24.27500 20.57528 0.13546 13
1.70939 0.00232 12.29107 0 -0.15000 -50.77500 6.20622 0.19945 13
-0.20316 -0.09143 53.57904 0 2.75000 8.02500 52.51505 0.10316 13
-1.17811 -0.14634 26.27549 0 4.37500 37.30000 17.10893 0.15628 13
-0.07810 -0.03468 42.48609 0 1.02500 4.12500 42.35728 0.10107 13
-0.08497 -0.21601 43.15311 0 6.52500 0.65000 43.00499 0.10339 -13
-1.91484 0.00390 47.48694 0 -0.10000 59.05000 21.98263 0.21754 -13
0.05519 -0.03009 41.64906 0 0.92500 -1.02500 41.58585 0.10090 -13
0.44315 -0.12322 92.43628 0 3.70000 -15.87500 84.61403 0.11085 13
-0.83918 -0.21687 25.57601 0 6.52500 24.47500 19.77610 0.13324 13
1.22982 0.03099 3.65189 0 -1.15000 -38.60000 2.30546 0.15970 13
-0.37601 -0.08399 53.91759 0 2.52500 12.02500 50.48968 0.10791 13
-0.54588 -0.14350 62.71830 0 4.35000 17.20000 55.17815 0.11564 -13
-0.69016 0.05886 7.59216 0 -1.85000 17.27500 6.25194 0.12253 13
1.24889 0.09766 92.52839 0 -2.92500 -36.10000 58.00069 0.16141 -13
0.02386 -0.05572 68.73759 0 1.67500 -1.55000 68.71808 0.10089 13
-1.73699 -0.02811 95.94064 0 0.85000 50.17500 47.88244 0.20185 13
0.36527 -0.14809 70.54262 0 4.47500 -10.47500 66.34460 0.10825 -13
0.50163 -0.17337 49.58840 0 5.25000 -14.42500 44.45490 0.11402 -13
-0.26184 -0.02149 70.08241 0 0.65000 8.45000 67.79778 0.10412 -13
-0.92780 -0.24983 72.14695 0 7.52500 28.12500 53.62345 0.13964 13
-0.04807 -0.16846 83.58232 0 5.10000 2.22500 83.48860 0.10224 -13
0.25375 -0.09123 44.69390 0 2.75000 -6.05000 43.33174 0.10430 13
0.16938 0.08632 47.33463 0 -2.62500 -6.62500 46.67471 0.10251 13
-0.37596 -0.10512 23.42571 0 3.20000 14.32500 21.94210 0.10812 -13
1.65502 0.05501 6.91175 0 -1.52500 -49.67500 3.57881 0.19476 -13
0.07253 0.08104 59.96677 0 -2.42500 -4.82500 59.81072 0.10129 -13
0.63868 0.02327 62.23872 0 -0.70000 -20.82500 52.45747 0.11951 -13
-0.20350 -0.14806 30.18831 0 4.45000 4.62500 29.59470 0.10383 13
0.22030 -0.10433 79.96142 0 3.15000 -9.30000 78.10834 0.10365 -13
1.09147 -0.01602 9.30186 0 0.55000 -34.90000 6.28405 0.14910 -13
-0.52971 -0.04279 49.00424 0 1.27500 15.00000 43.31267 0.11404 13
0.62405 -0.14282 1.12160 0 3.77500 -20.67500 0.95377 0.11989 13
0.72196 -0.01986 9.18655 0 0.67500 -21.60000 7.44878 0.12423 -13
-2.02137 0.12334 16.35985 0 -3.77500 61.10000 7.29776 0.22752 13
-2.08192 -0.27695 16.35985 0 8.27500 62.85000 7.29776 0.23410 13
1.19011 -0.02662 74.36056 0 0.82500 -36.42500 47.84647 0.15657 -13
1.05362 -0.05232 44.69307 0 1.60000 -29.42500 30.78942 0.14638 -13
1.36896 0.09316 26.51957 0 -2.85000 -42.10000 15.68672 0.17100 13
-0.08225 0.10662 7.24460 0 -3.27500 3.02500 7.22046 0.10165 13
-1.75407 -0.13822 14.42039 0 4.22500 51.85000 7.19383 0.20385 -13
-0.62155 0.00396 21.50327 0 -0.10000 16.57500 18.26313 0.11857 -13
0.59897 -0.07914 34.50318 0 2.40000 -16.27500 29.62436 0.11766 -13
0.71817 -0.24818 42.51286 0 7.47500 -18.90000 34.87707 0.12646 13
-0.07240 -0.08663 67.19762 0 2.60000 0.40000 67.02351 0.10134 13
-0.34675 -0.10266 75.45041 0 3.10000 7.27500 71.32650 0.10709 13
-0.80096 0.03855 13.79609 0 -1.20000 23.50000 10.77118 0.12909 13
1.77857 -0.11328 41.69855 0 3.40000 -55.37500 20.53503 0.20577 13
-2.11407 0.03663 13.73873 0 -1.17500 63.72500 5.87805 0.23556 13
1.23211 -0.13858 89.83811 0 4.17500 -35.42500 56.93829 0.16041 13
0.31290 -0.14615 94.52323 0 4.40000 -8.97500 90.29429 0.10653 13
1.44780 0.10671 98.76559 0 -3.20000 -43.27500 56.34604 0.17752 -13
-0.31365 0.06461 47.71949 0 -1.95000 9.17500 45.54070 0.10574 -13
-0.08846 0.12530 71.06260 0 -3.77500 1.02500 70.79043 0.10188 -13
-0.09103 -0.27464 71.06260 0 8.30000 1.10000 70.79043 0.10484 -13
0.78476 -0.01212 87.35016 0 0.35000 -23.57500 68.71887 0.12802 13
0.28851 -0.08731 5.11426 0 2.52500 -8.75000 4.91533 0.10517 13
0.04431 -0.05921 85.02807 0 1.77500 -3.10000 84.94505 0.10098 13
0.01232 -0.18682 47.17645 0 5.65000 1.92500 47.17300 0.10246 -13
0.51517 -0.07435 54.01932 0 2.25000 -14.67500 48.04907 0.11354 -13
0.16824 -0.05760 20.44701 0 1.72500 -7.60000 20.16458 0.10228 13
2.05411 -0.19766 34.59916 0 6.00000 -61.85000 15.38058 0.23097 -13
1.50367 -0.02142 66.26651 0 0.65000 -46.60000 36.70205 0.18187 -13
-0.06209 0.14721 2.88012 0 -4.27500 0.47500 2.87467 0.10197 -13
-0.06309 -0.25140 2.88012 0 7.77500 0.52500 2.87467 0.10425 -13
0.24498 -0.14945 19.06336 0 4.52500 -7.15000 18.52730 0.10478 -13
-0.79338 -0.02413 31.89807 0 0.75000 25.40000 24.99112 0.12857 -13
-0.80642 0.01646 53.12753 0 -0.47500 24.62500 41.35779 0.12938 -13
-0.38828 0.06368 37.32820 0 -1.92500 11.65000 34.80639 0.10822 13
0.44473 -0.15732 92.42912 0 4.75000 -12.10000 84.62274 0.11135 -13
-0.11245 -0.16612 2.43610 0 4.80000 2.35000 2.42130 0.10269 13
-1.18296 -0.21562 96.73996 0 6.50000 34.30000 63.27823 0.15749 13
0.08410 -0.01234 22.43455 0 0.40000 -1.22500 22.35563 0.10107 -13
-0.25223 -0.02570 78.12654 0 0.77500 8.05000 75.75545 0.10389 -13
0.19733 0.07508 50.16597 0 -2.25000 -6.52500 49.22220 0.10292 -13
0.67474 0.11364 92.68926 0 -3.42500 -21.25000 76.98872 0.12202 -13
-1.02058 0.13767 38.42658 0 -4.17500 27.47500 27.02234 0.14456 13
-1.04506 -0.26166 38.42658 0 7.87500 28.20000 27.02234 0.14799 13
-0.48673 -0.03103 19.59810 0 0.97500 14.12500 17.62299 0.11205 -13
-0.57672 -0.18734 6.58547 0 5.57500 18.10000 5.72883 0.11773 13
-1.87175 -0.03835 93.07276 0 1.15000 58.50000 43.88319 0.21374 13
-1.73058 -0.21533 50.46997 0 6.47500 53.47500 25.68149 0.20242 13
-1.13882 -0.04083 51.81220 0 1.25000 34.57500 34.20301 0.15267 -13
-0.21736 -0.21066 81.77110 0 6.35000 7.45000 79.98188 0.10521 13
-1.95844 -0.08348 84.97266 0 2.52500 60.60000 38.74948 0.22161 -13
-0.32650 0.14858 79.32814 0 -4.47500 8.92500 75.48889 0.10698 -13
-0.33292 -0.25023 79.32814 0 7.55000 9.10000 75.48889 0.10909 -13
1.30301 -0.02375 93.63988 0 0.70000 -39.42500 57.02036 0.16542 13
0.04495 0.00268 59.10595 0 -0.10000 -2.05000 59.04633 0.10081 13
0.70753 -0.08313 22.62261 0 2.47500 -20.62500 18.48883 0.12363 13
-0.33264 -0.10515 98.08454 0 3.17500 10.15000 93.12143 0.10666 -13
0.82395 -0.06802 51.07460 0 2.05000 -23.77500 39.45465 0.13066 13
-1.08899 -0.00150 58.60022 0 0.05000 33.55000 39.63535 0.14889 -13
-0.76948 -0.06329 10.91631 0 1.97500 20.67500 8.65787 0.12725 -13
-0.28325 0.05863 96.00822 0 -1.77500 9.55000 92.38589 0.10483 13
0.52925 0.12184 73.55948 0 -3.67500 -17.35000 65.11943 0.11459 -13
0.54533 -0.27833 73.55948 0 8.40000 -17.85000 65.11943 0.11808 -13
-0.95917 -0.05775 40.77200 0 1.75000 30.90000 29.44817 0.13966 -13
1.54393 0.14077 1.09681 0 -3.47500 -46.37500 0.59922 0.18642 -13
0.95493 -0.23391 73.26561 0 7.05000 -28.87500 53.65382 0.14122 13
-0.61650 -0.12702 19.92482 0 3.80000 18.27500 16.99773 0.11898 13
-1.72319 -0.09165 77.54390 0 2.75000 55.22500 39.04411 0.20085 13
-1.91631 -0.12315 46.32915 0 3.72500 58.27500 21.56025 0.21804 -13
0.84978 0.10481 21.47324 0 -3.20000 -27.15000 16.40051 0.13259 13
0.29948 -0.09570 69.38261 0 2.90000 -10.85000 66.49075 0.10556 -13
1.45414 -0.19000 53.92665 0 5.72500 -45.02500 30.92509 0.17873 13
-0.13880 0.12518 86.49585 0 -3.77500 3.47500 85.68693 0.10244 -13
-0.14282 -0.27478 86.49585 0 8.30000 3.57500 85.68693 0.10542 -13
-2.09967 -0.07170 55.80626 0 2.17500 62.25000 24.04638 0.23432 -13
-1.55569 -0.10408 48.52494 0 3.15000 47.25000 26.33908 0.18654 -13
0.01200 -0.04858 8.72883 0 1.52500 -2.87500 8.72820 0.10085 -13
-0.24208 0.04059 76.12432 0 -1.22500 8.35000 73.99064 0.10369 -13
0.17109 -0.20188 3.37365 0 5.92500 -2.70000 3.32717 0.10412 13
-0.36292 0.04191 15.39743 0 -1.30000 11.47500 14.47518 0.10722 13
0.10620 -0.16962 54.61825 0 5.12500 -2.80000 54.32124 0.10271 -13
1.08186 -0.03357 79.05280 0 1.00000 -31.57500 53.67574 0.14840 13
-0.18427 -0.11269 19.33104 0 3.37500 6.45000 19.01487 0.10302 13
1.93080 -0.21533 36.77390 0 6.47500 -56.90000 17.21582 0.21999 13
-0.58130 -0.17386 8.03608 0 5.17500 14.80000 6.97363 0.11775 13
0.24590 -0.01207 90.47878 0 0.35000 -5.65000 87.86169 0.10371 13
