0.32951 -0.17956 46.95950 0 5.40000 -8.92500 44.66882 0.10755 13
0.15207 -0.08474 89.95629 0 2.57500 -4.32500 88.94108 0.10222 -13
-1.59897 -0.20875 32.84999 0 6.27500 49.22500 17.68659 0.19103 13
1.79901 -0.01763 33.34445 0 0.55000 -52.22500 16.20213 0.20729 -13
0.90441 0.11531 73.07262 0 -3.47500 -27.50000 54.35582 0.13628 13
-1.20553 -0.16745 40.03709 0 5.07500 37.95000 25.77120 0.15864 -13
-0.40914 -0.01563 58.56337 0 0.45000 9.95000 54.20311 0.10882 13
1.84358 0.04468 28.91392 0 -1.30000 -54.65000 13.79689 0.21125 -13
0.30281 -0.19615 55.98898 0 5.90000 -9.47500 53.66969 0.10705 13
-0.13801 0.01665 78.49247 0 -0.50000 4.30000 77.75557 0.10167 13
1.77639 0.14154 80.25243 0 -4.27500 -52.07500 39.66326 0.20580 13
1.81623 -0.25760 80.25243 0 7.75000 -53.27500 39.66326 0.21038 13
-0.74870 -0.13096 75.37679 0 3.95000 23.92500 60.52229 0.12649 13
0.39307 -0.21611 25.89259 0 6.50000 -12.85000 24.16977 0.11036 13
0.77163 0.14057 23.19131 0 -4.20000 -22.87500 18.42750 0.12797 -13
0.78921 -0.25857 23.19131 0 7.82500 -23.40000 18.42750 0.13094 -13
0.46414 0.08035 60.82585 0 -2.42500 -15.05000 55.20372 0.11131 -13
1.89005 -0.06585 34.86551 0 1.95000 -58.90000 16.33314 0.21543 13
-0.67230 0.11208 89.82896 0 -3.37500 19.92500 74.69244 0.12186 -13
-0.22354 0.00590 58.75219 0 -0.17500 9.10000 57.33707 0.10319 13
-1.33366 -0.01935 42.76112 0 0.57500 39.47500 25.65602 0.16787 13
1.76346 0.09228 76.65156 0 -2.80000 -52.37500 37.93236 0.20437 13
-0.65416 0.04815 17.61259 0 -1.42500 18.50000 14.74430 0.12043 -13
0.08428 -0.00382 93.36168 0 0.10000 -2.80000 93.03186 0.10106 13
0.52442 -0.24278 49.44797 0 7.32500 -14.22500 44.05659 0.11632 -13
1.65652 0.05238 43.93218 0 -1.55000 -49.75000 22.72679 0.19493 -13
-0.50693 0.06287 65.92338 0 -1.90000 13.57500 58.82347 0.11309 13
-0.00769 -0.20779 95.45634 0 6.27500 -0.27500 95.45363 0.10286 13
-1.43626 0.03231 24.22733 0 -0.95000 42.12500 13.84818 0.17627 -13
0.24834 -0.12890 55.80491 0 3.90000 -10.02500 54.18543 0.10457 -13
0.31075 -0.03344 26.01447 0 1.02500 -10.70000 24.84386 0.10551 -13
-0.35235 0.08635 58.36337 0 -2.62500 8.80000 55.06878 0.10713 13
-0.16134 -0.18282 72.61169 0 5.52500 4.25000 71.71407 0.10366 -13
1.35172 -0.16729 49.10494 0 5.05000 -38.85000 29.46506 0.17017 -13
-0.22818 -0.14465 49.27759 0 4.37500 11.02500 48.06708 0.10432 -13
-0.32870 0.09119 65.92432 0 -2.75000 10.20000 62.65316 0.10640 13
1.87622 -0.02533 96.87364 0 0.75000 -54.97500 45.57587 0.21411 13
0.19419 -0.09224 54.53001 0 2.80000 -5.90000 53.53826 0.10300 -13
1.69664 0.14560 22.60244 0 -4.35000 -50.72500 11.56725 0.19880 -13
1.73207 -0.25331 22.60244 0 7.70000 -51.82500 11.56725 0.20307 -13
1.77337 -0.04993 62.19895 0 1.50000 -54.60000 30.58076 0.20507 13
0.58633 0.01770 42.00372 0 -0.52500 -17.52500 36.23599 0.11675 -13
-0.78797 -0.24684 60.69567 0 7.45000 27.17500 48.20659 0.13061 -13
-1.55088 -0.21358 2.14573 0 6.90000 48.17500 1.18051 0.18801 -13
0.17543 0.06394 95.64987 0 -1.92500 -2.90000 94.21688 0.10244 13
-0.12168 0.11351 59.56571 0 -3.42500 3.22500 59.13511 0.10209 -13
0.93887 -0.06206 10.54810 0 1.80000 -27.85000 7.69665 0.13827 13
-0.68775 -0.24606 48.07615 0 7.42500 20.72500 39.98023 0.12472 -13
-0.12597 0.00563 47.59722 0 -0.17500 3.37500 47.22403 0.10150 13
-0.27186 -0.14683 7.28753 0 4.50000 6.32500 7.03734 0.10545 -13
-1.28131 0.07599 6.34639 0 -2.17500 40.07500 3.91107 0.16385 -13
0.63545 0.06398 13.07259 0 -1.97500 -23.20000 11.03997 0.11951 13
0.88532 0.06821 33.74577 0 -2.05000 -27.67500 25.29247 0.13466 -13
1.55952 -0.15673 32.28995 0 4.75000 -48.87500 17.58048 0.18725 -13
0.30391 0.08904 40.56462 0 -2.70000 -11.82500 38.82479 0.10564 13
0.58995 -0.02631 27.54147 0 0.77500 -17.65000 23.72333 0.11695 13
-1.63466 0.07591 8.95649 0 -2.40000 48.72500 4.68374 0.19319 13
-0.59301 0.10404 16.35608 0 -3.10000 19.75000 14.08801 0.11754 -13
0.21954 -0.20562 11.64813 0 6.25000 -5.85000 11.38785 0.10520 -13
-1.16381 -0.19494 63.15361 0 5.90000 34.40000 41.59829 0.15578 -13
0.03138 -0.08009 74.47279 0 2.40000 -2.40000 74.43638 0.10107 13
-0.20978 0.02681 25.64943 0 -0.82500 4.90000 25.10336 0.10293 13
-1.49761 0.04050 57.53171 0 -1.20000 44.92500 31.96607 0.18139 -13
0.38349 -0.06980 77.72679 0 2.10000 -9.20000 72.59571 0.10809 -13
-0.21201 -0.01263 70.29708 0 0.37500 7.27500 68.76877 0.10295 -13
1.84478 -0.23190 28.16911 0 7.02500 -53.52500 13.69686 0.21267 -13
-0.59821 -0.23883 81.10689 0 7.20000 18.02500 70.10337 0.11979 -13
-1.24510 -0.07312 5.48427 0 2.35000 38.85000 3.43968 0.16108 -13
-0.85264 -0.22465 75.68809 0 6.77500 26.35000 58.18593 0.13427 -13
0.56497 0.05753 94.17433 0 -1.75000 -20.87500 82.02619 0.11581 13
1.78021 -0.03715 99.79068 0 1.12500 -52.95000 48.89850 0.20566 -13
-0.85465 -0.16044 99.18680 0 4.85000 27.10000 75.80339 0.13346 -13
-0.40762 -0.19853 55.91232 0 5.97500 10.50000 51.91660 0.11056 13
1.38953 0.12507 91.76429 0 -3.77500 -40.57500 53.87557 0.17285 -13
1.42992 -0.27490 91.76429 0 8.30000 -41.80000 53.87557 0.17789 -13
1.36018 -0.03156 46.29550 0 0.97500 -42.77500 27.43143 0.17005 -13
-1.97062 0.05782 18.71763 0 -1.67500 58.60000 8.48174 0.22258 -13
0.86424 -0.07447 5.12332 0 2.12500 -25.27500 3.88077 0.13330 13
-0.27086 -0.08803 12.94095 0 2.70000 7.50000 12.49419 0.10472 -13
-0.49720 -0.22845 62.93740 0 6.90000 17.47500 56.63501 0.11480 -13
-0.74566 -0.15132 95.71968 0 4.57500 22.25000 77.04367 0.12654 -13
1.43958 0.07388 44.95349 0 -2.20000 -41.67500 25.69284 0.17667 -13
-0.30433 0.12225 35.71589 0 -3.70000 9.15000 34.18994 0.10599 13
-0.31351 -0.27792 35.71589 0 8.37500 9.42500 34.18994 0.10917 13
1.76543 -0.07843 62.47951 0 2.35000 -50.70000 30.86513 0.20447 13
1.60714 -0.14201 97.36621 0 4.30000 -46.77500 51.80909 0.19116 -13
-0.69589 0.09774 78.20344 0 -2.95000 21.05000 64.28936 0.12308 13
0.44568 -0.14705 82.92425 0 4.42500 -11.37500 75.87564 0.11124 13
0.84767 -0.17809 57.87296 0 5.37500 -26.07500 44.43291 0.13324 -13
1.14602 0.03960 26.46382 0 -1.17500 -34.22500 17.40711 0.15321 -13
-0.73953 0.06129 92.44322 0 -1.85000 22.22500 74.37579 0.12540 -13
-0.53228 0.09790 79.57433 0 -2.95000 15.45000 70.31670 0.11451 13
-1.01548 0.03359 50.36028 0 -1.00000 32.55000 35.34575 0.14356 -13
-0.90491 0.03967 50.17615 0 -1.17500 27.42500 37.21803 0.13587 -13
-0.38281 0.00652 57.52801 0 -0.20000 10.25000 53.72596 0.10783 13
1.67466 -0.18480 40.83438 0 5.55000 -49.70000 21.19497 0.19726 13
0.74157 0.07795 26.33290 0 -2.32500 -22.02500 21.17387 0.12561 -13
-0.65824 0.13552 14.06875 0 -4.12500 20.82500 11.78310 0.12136 13
-0.67455 -0.26395 14.06875 0 7.92500 21.30000 11.78310 0.12431 13
1.98462 -0.19805 70.70761 0 5.95000 -62.07500 32.30731 0.22466 13
0.29393 -0.05940 39.75606 0 1.77500 -7.65000 38.14795 0.10513 13
-0.23753 -0.01396 22.34500 0 0.40000 5.20000 21.74028 0.10351 13
0.93529 -0.01609 13.71815 0 0.42500 -32.60000 10.01963 0.13789 13
1.15997 -0.12845 55.99111 0 3.85000 -35.70000 36.73038 0.15477 13
0.36548 -0.16939 87.37989 0 5.10000 -12.32500 82.20561 0.10856 13
-0.37550 0.09809 44.31597 0 -2.95000 9.92500 41.51196 0.10802 -13
2.07210 -4.88786 44.31597 0 -2.27500 9.00000 41.51196 0.11082 -13
0.48837 0.19441 44.31597 0 -2.85000 9.90000 41.51196 0.12573 -13
-1.15569 -0.20011 44.95561 0 6.05000 36.10000 29.74579 0.15523 -13
-0.28866 0.12811 77.21442 0 -3.85000 9.07500 74.23165 0.10560 -13
-0.29670 -0.27168 77.21442 0 8.20000 9.32500 74.23165 0.10855 -13
1.56341 0.04330 81.21380 0 -1.30000 -46.75000 43.78954 0.18694 -13
-0.49070 -0.02246 14.00237 0 0.65000 15.12500 12.57112 0.11220 13
-0.20067 -0.02649 95.05632 0 0.80000 7.15000 93.19975 0.10274 13
1.15853 -0.14188 79.01669 0 4.27500 -37.25000 51.92524 0.15476 13
0.98354 -0.22312 40.85203 0 6.75000 -28.77500 29.47069 0.14304 -13
0.68619 0.03778 61.50574 0 -1.15000 -21.92500 50.72583 0.12219 13
0.41898 0.09024 86.04234 0 -2.72500 -11.70000 79.40597 0.10957 13
-0.48962 -0.21329 66.21488 0 6.42500 14.30000 59.72113 0.11416 13
0.40583 -0.22882 40.33587 0 6.92500 -12.75000 37.50742 0.11111 -13
0.19405 -0.15721 30.01865 0 4.75000 -5.32500 29.48187 0.10381 -13
0.48418 0.13419 27.79234 0 -4.07500 -15.75000 25.05646 0.11271 13
0.49646 -0.26532 27.79234 0 7.97500 -16.12500 25.05646 0.11554 13
-0.53143 -0.15030 62.33653 0 4.55000 15.07500 55.18060 0.11505 -13
0.95474 -0.22419 28.49536 0 6.80000 -30.17500 20.84980 0.14107 -13
1.52869 0.11013 14.18033 0 -3.25000 -46.32500 7.79555 0.18425 -13
-1.23173 -0.00276 45.65386 0 0.10000 37.10000 28.77560 0.15977 -13
-0.31613 0.14288 22.93330 0 -4.32500 7.60000 21.88669 0.10660 13
-0.32308 -0.25621 22.93330 0 7.70000 7.82500 21.88669 0.10890 13
-1.85196 -0.24263 36.73905 0 7.35000 54.57500 17.84455 0.21339 -13
-0.70311 0.03259 71.31176 0 -0.97500 20.30000 58.34571 0.12315 -13
-0.29914 -0.01304 69.30017 0 0.37500 10.60000 66.39361 0.10512 13
0.40937 0.08571 84.65936 0 -2.57500 -10.85000 78.38947 0.10915 -13
-0.80984 -0.00405 55.75712 0 0.12500 25.35000 43.32955 0.12959 -13
-0.38907 -0.07388 53.91719 0 2.22500 13.27500 50.26608 0.10831 13
0.70357 -0.10178 60.60753 0 3.05000 -22.85000 49.65304 0.12356 13
-0.44511 0.09705 78.70351 0 -2.92500 10.75000 71.95778 0.11066 -13
0.41621 -0.16796 2.49732 0 4.85000 -13.62500 2.30998 0.11037 13
-0.70100 -0.14443 2.44007 0 4.60000 20.47500 2.00466 0.12411 -13
0.25295 0.04492 97.50617 0 -1.35000 -6.50000 94.53451 0.10397 13
-1.02372 -0.18960 66.94639 0 5.72500 32.62500 47.20054 0.14539 -13
-0.33569 -0.20118 82.30404 0 6.07500 10.57500 78.17904 0.10814 -13
-0.09811 -0.02159 46.32169 0 0.65000 1.35000 46.10045 0.10121 13
-0.69393 0.11926 95.01653 0 -3.60000 22.20000 78.24097 0.12316 13
-0.71574 -0.28109 95.01653 0 8.47500 22.87500 78.24097 0.12702 13
-0.39787 0.09793 69.14870 0 -2.95000 11.35000 64.29179 0.10883 -13
-0.45435 -0.06885 38.79097 0 2.07500 12.47500 35.33059 0.11082 13
-1.43338 -0.00885 36.13052 0 0.25000 43.20000 20.67360 0.17599 13
-1.09315 -0.14458 60.24900 0 4.35000 33.42500 40.89497 0.14989 13
0.44217 -0.11868 3.92801 0 3.45000 -14.70000 3.59628 0.11075 13
1.54214 -0.01983 53.84246 0 0.57500 -44.57500 29.29812 0.18510 13
1.50919 -0.01040 48.73036 0 0.30000 -45.57500 26.91722 0.18232 13
-1.12338 -0.24182 49.46619 0 7.30000 35.47500 33.40908 0.15342 -13
0.70905 -0.22624 95.90673 0 6.82500 -22.82500 78.88089 0.12553 13
0.90063 -0.10448 8.33280 0 3.07500 -24.82500 6.20722 0.13590 13
1.50921 -0.04236 44.03760 0 1.30000 -43.45000 24.33946 0.18237 -13
-0.86980 0.03664 22.04361 0 -1.07500 26.25000 16.63685 0.13352 -13
-0.44178 -0.21453 51.26001 0 6.45000 13.52500 47.05738 0.11219 13
-0.28923 0.01839 95.44640 0 -0.55000 11.55000 91.68970 0.10485 13
-0.39345 -0.17247 23.00749 0 5.22500 10.75000 21.45148 0.10962 -13
-0.54526 -0.04359 62.23811 0 1.30000 19.02500 54.65462 0.11478 13
0.53996 -0.13330 44.68499 0 4.00000 -15.90000 39.39678 0.11523 13
-0.19880 -0.10249 12.97517 0 3.12500 4.55000 12.72865 0.10321 -13
-1.39390 -0.18557 61.59794 0 5.60000 41.90000 36.30782 0.17378 -13
0.79082 -0.06003 37.42074 0 1.80000 -23.25000 29.37225 0.12852 13
-0.17377 -0.22096 37.42076 0 6.67500 9.00000 36.89343 0.10462 -13
-0.78018 -0.04571 37.11428 0 1.40000 20.72500 29.27365 0.12781 -13
-0.37816 0.11848 38.79730 0 -3.55000 11.72500 36.32077 0.10832 -13
-1.03144 -0.04474 19.04727 0 1.40000 32.20000 13.26560 0.14475 -13
0.52868 -0.05846 53.43128 0 1.77500 -15.45000 47.25393 0.11406 -13
-1.22511 -0.01748 14.40189 0 0.47500 34.77500 9.10817 0.15926 13
-0.81396 -0.19633 19.42463 0 5.90000 22.95000 15.17761 0.13132 13
-1.02862 0.03147 13.02141 0 -1.00000 31.42500 9.07919 0.14451 13
0.15577 -0.20981 80.34208 0 6.32500 -1.05000 79.42440 0.10409 -13
-0.02762 -0.20971 36.41383 0 6.35000 0.15000 36.40054 0.10294 -13
-0.32975 0.03395 40.91652 0 -1.02500 8.70000 38.86061 0.10610 13
0.11625 -0.17708 16.61138 0 5.37500 -3.17500 16.50355 0.10295 -13
0.79241 0.14735 13.98591 0 -4.40000 -22.80000 11.00668 0.12932 -13
0.80840 -0.25150 13.98591 0 7.62500 -23.30000 11.00668 0.13200 -13
0.11897 0.13792 14.62651 0 -4.20000 -4.52500 14.52604 0.10238 13
0.12181 -0.26141 14.62651 0 7.85000 -4.60000 14.52604 0.10478 13
1.20603 -0.03361 67.73415 0 1.00000 -36.05000 43.24819 0.15781 13
-1.49217 -0.12904 37.49203 0 3.87500 43.17500 20.99162 0.18134 13
0.61195 -0.16558 67.06130 0 4.97500 -18.22500 57.40972 0.11923 13
-0.30095 -0.24957 5.49875 0 7.42500 8.70000 5.27833 0.10806 13
1.32620 0.05161 43.23344 0 -1.55000 -42.02500 26.05139 0.16733 -13
-0.43720 0.03433 39.49454 0 -1.02500 10.72500 36.19068 0.10996 -13
-0.25181 -0.00069 79.84462 0 0.02500 5.85000 77.42765 0.10385 13
-0.26686 -0.21635 35.72450 0 6.55000 7.17500 34.56826 0.10649 -13
-1.00962 -0.17814 25.58953 0 5.40000 28.90000 18.14938 0.14424 -13
0.03374 -0.02323 30.68322 0 0.72500 0.87500 30.66578 0.10079 -13
0.41741 -0.07367 92.55566 0 2.22500 -13.27500 85.44752 0.10938 -13
0.64805 -0.18664 11.83255 0 5.67500 -20.60000 9.97937 0.12150 -13
0.75825 0.02345 35.16845 0 -0.70000 -23.15000 28.02584 0.12640 -13
0.12146 0.09498 93.93122 0 -2.85000 -3.92500 93.25204 0.10189 -13
1.08925 0.11977 50.53647 0 -3.62500 -32.15000 34.30919 0.14940 13
1.12330 -0.28056 50.53647 0 8.45000 -33.17500 34.30919 0.15404 13
-0.42482 0.07307 25.31175 0 -2.17500 9.95000 23.30603 0.10965 -13
1.21628 0.11371 4.88650 0 -3.27500 -35.77500 3.11452 0.15897 -13
-1.32254 0.08952 53.91351 0 -2.67500 41.15000 32.59887 0.16721 -13
-0.40850 0.11539 4.10292 0 -3.60000 12.10000 3.80196 0.10949 13
-0.42210 -0.28563 4.10292 0 8.47500 12.50000 3.80196 0.11292 13
-0.97497 -0.01796 81.45907 0 0.52500 30.17500 58.33011 0.14065 13
-0.80546 -0.04117 35.64992 0 1.25000 23.67500 27.77321 0.12938 -13
-0.08265 0.12997 37.81032 0 -3.92500 3.45000 37.68394 0.10190 13
-0.08489 -0.26976 37.81032 0 8.12500 3.52500 37.68394 0.10464 13
-0.19702 -0.05331 24.23344 0 1.60000 5.62500 23.77764 0.10277 13
-2.08676 0.07773 83.90226 0 -2.35000 62.27500 36.34767 0.23316 13
1.37125 0.00791 87.70064 0 -0.25000 -39.10000 51.67639 0.17091 13
0.99921 -0.04909 95.00312 0 1.47500 -28.12500 67.24478 0.14245 -13
-0.45923 0.11873 20.29924 0 -3.55000 13.55000 18.46933 0.11145 -13
-0.10265 -0.01918 15.77549 0 0.60000 1.57500 15.69307 0.10125 -13
0.22491 -0.10638 95.62230 0 3.20000 -5.60000 93.31715 0.10377 13
0.23057 -0.23317 72.10552 0 7.02500 -6.05000 70.35381 0.10597 13
-0.73125 -0.24239 32.73836 0 7.30000 22.85000 26.68569 0.12710 13
-0.93651 -0.01444 58.03951 0 0.45000 28.90000 42.36480 0.13798 -13
-1.75293 0.01935 27.67161 0 -0.55000 53.00000 13.71366 0.20324 -13
-1.08093 -0.23203 98.22331 0 7.00000 31.97500 67.64000 0.15013 -13
-1.44476 -0.00971 99.72912 0 0.30000 42.25000 56.76018 0.17695 -13
0.05649 0.10088 23.74738 0 -3.05000 -1.72500 23.70996 0.10138 13
0.11724 0.09022 91.77043 0 -2.72500 -3.92500 91.15107 0.10180 -13
1.59161 -0.21653 66.99466 0 6.52500 -46.87500 36.22791 0.19052 13
-0.20765 0.06756 92.73707 0 -2.05000 6.45000 90.80864 0.10308 13
-0.56566 -0.22052 76.50830 0 6.65000 14.62500 66.97036 0.11780 13
-0.11330 -0.15571 73.64556 0 4.70000 2.80000 73.18842 0.10256 -13
1.37849 0.12958 69.79858 0 -3.92500 -46.05000 41.20795 0.17201 13
1.41600 -0.27018 69.79858 0 8.12500 -47.17500 41.20795 0.17667 13
1.08919 0.48559 69.79858 0 7.90000 -47.42500 41.20795 0.17764 13
0.88417 -1.18576 69.79858 0 8.07500 -52.07500 41.20795 0.20243 13
-0.51567 -0.61427 69.79858 0 -2.62500 -53.27500 41.20795 0.21355 13
-0.82516 0.01343 69.79858 0 -4.15000 -56.35000 41.20795 0.23899 13
1.46751 0.06588 29.84794 0 -1.95000 -43.80000 16.83280 0.17894 -13
0.12202 0.03930 3.28610 0 -1.05000 -8.35000 3.26189 0.10156 -13
0.15922 0.07927 74.51172 0 -2.37500 -4.77500 73.59054 0.10228 -13
-0.58288 -0.24031 88.59105 0 7.25000 16.87500 77.07349 0.11905 -13
0.60780 -0.24197 96.84654 0 7.30000 -15.55000 83.38334 0.12035 -13
1.55301 -0.08300 8.45268 0 2.60000 -47.42500 4.58597 0.18632 -13
0.85304 -0.01907 81.10170 0 0.57500 -25.27500 61.70654 0.13237 13
1.05722 -0.13446 70.80429 0 4.05000 -31.45000 48.88458 0.14717 13
0.99011 0.02561 45.02378 0 -0.80000 -32.05000 31.99971 0.14174 13
-0.61838 -0.20219 98.93644 0 6.10000 17.70000 84.60789 0.12014 -13
-2.22126 0.10096 89.59697 0 -3.05000 64.95000 36.93591 0.24553 13
0.17459 -0.07307 1.44319 0 1.85000 -5.50000 1.42188 0.10268 13
-0.60472 -0.09343 31.36387 0 2.80000 16.55000 26.86971 0.11805 13
-0.47141 -0.13513 62.49163 0 4.07500 14.42500 56.61867 0.11215 13
-0.42080 0.11346 17.02801 0 -3.45000 14.07500 15.71020 0.10986 13
-0.55728 -0.10754 82.74761 0 3.22500 19.30000 72.37871 0.11579 13
-0.64609 -0.15339 37.75129 0 4.65000 17.50000 31.81713 0.12089 -13
-0.25312 0.08640 14.99683 0 -2.57500 7.40000 14.54159 0.10424 -13
-0.13324 0.00477 29.88018 0 -0.12500 4.17500 29.61840 0.10159 -13
0.79410 0.14316 69.34626 0 -4.32500 -23.07500 54.51812 0.12940 13
0.81143 -0.25587 69.34626 0 7.70000 -23.60000 54.51812 0.13221 13
-0.28462 0.04900 78.71198 0 -1.47500 7.27500 75.71197 0.10482 13
1.38901 0.00174 53.00762 0 -0.02500 -40.60000 30.97085 0.17236 -13
0.65364 -0.11404 87.68624 0 3.42500 -19.25000 73.53852 0.12085 13
-1.38935 -0.20853 76.03143 0 6.30000 40.85000 45.03898 0.17367 -13
-0.81356 -0.06864 95.50207 0 2.07500 27.45000 74.15143 0.13001 -13
0.19757 -0.15328 25.01655 0 4.60000 -6.62500 24.55284 0.10380 13
0.47406 0.00261 62.77768 0 -0.07500 -12.40000 56.72622 0.11145 -13
1.70331 -0.13204 94.86933 0 3.97500 -52.85000 48.34026 0.19934 13
-0.26093 -0.15600 44.89806 0 4.70000 7.60000 43.47650 0.10525 13
-0.09450 0.02574 14.25800 0 -0.75000 2.42500 14.19481 0.10118 -13
0.57826 -0.20754 69.16599 0 6.27500 -17.92500 60.18825 0.11819 -13
-0.22195 -0.19502 78.18926 0 5.87500 7.30000 76.39730 0.10500 13
0.36512 -0.08074 60.75609 0 2.42500 -11.55000 57.09276 0.10751 13
-0.74968 0.05705 99.92879 0 -1.72500 24.95000 80.00259 0.12599 13
-0.47872 0.10749 30.43584 0 -3.25000 13.60000 27.48144 0.11218 13
0.21836 -0.18957 78.74005 0 5.72500 -7.60000 76.98810 0.10484 -13
0.53521 0.06954 27.34752 0 -2.07500 -16.92500 24.12462 0.11443 -13
-0.36810 -0.02541 86.08336 0 0.75000 8.97500 80.78718 0.10734 13
0.08159 -0.10457 97.75463 0 3.15000 -2.97500 97.43434 0.10158 13
-0.55355 -0.13699 69.80995 0 4.15000 16.82500 61.20966 0.11593 -13
-0.79290 0.04745 34.99435 0 -1.42500 24.05000 27.43269 0.12860 -13
0.34147 0.08931 13.89095 0 -2.65000 -11.70000 13.15023 0.10679 -13
-1.10703 0.02357 14.49938 0 -0.77500 34.22500 9.72084 0.15026 13
1.34855 0.05371 11.39849 0 -1.55000 -43.15000 6.79626 0.16913 -13
0.20185 -0.02162 63.38578 0 0.65000 -7.27500 62.13315 0.10276 13
1.31105 -0.10033 56.10900 0 3.00000 -41.55000 34.13616 0.16635 13
-0.61899 0.07050 15.74576 0 -2.10000 20.90000 13.39764 0.11864 -13
-1.22247 -0.20617 44.60225 0 6.22500 34.90000 28.59103 0.16042 -13
-2.03977 0.08681 58.30020 0 -2.62500 61.47500 25.74109 0.22895 13
-0.36904 0.06728 38.56093 0 -2.05000 12.67500 36.18570 0.10756 13
-1.66163 0.13869 98.05534 0 -4.17500 48.67500 50.91567 0.19579 -13
-1.70088 -0.26055 98.05534 0 7.87500 49.85000 50.91567 0.20043 -13
-1.22385 0.07736 12.92907 0 -2.27500 36.15000 8.19504 0.15933 -13
-0.06588 0.12849 77.77819 0 -3.87500 3.42500 77.61269 0.10175 13
-0.06770 -0.27130 77.77819 0 8.17500 3.47500 77.61269 0.10456 13
0.18426 -0.23648 12.59908 0 7.17500 -6.95000 12.40126 0.10517 -13
-1.54630 0.01230 44.62255 0 -0.40000 45.85000 24.23340 0.18545 13
-0.29006 -0.09115 95.36909 0 2.75000 6.62500 91.62289 0.10526 -13
0.55885 -0.14510 44.60014 0 4.37500 -18.37500 39.02894 0.11627 13
-0.32595 -0.04407 57.56511 0 1.32500 10.32500 54.73634 0.10601 13
0.74702 0.11917 57.62636 0 -3.57500 -21.05000 46.28278 0.12626 -13
0.77053 -0.28116 57.62636 0 8.50000 -21.75000 46.28278 0.13026 -13
0.64667 -0.02968 80.58925 0 0.90000 -18.05000 67.68099 0.11996 13
1.23655 0.15306 80.58925 0 0.92500 -18.10000 67.68099 0.12014 13
-1.44873 -0.65181 80.58925 0 2.05000 -22.57500 67.68099 0.13620 13
1.56919 -0.12575 15.44491 0 3.85000 -45.47500 8.34642 0.18787 -13
0.53580 -0.03299 91.75103 0 1.00000 -14.20000 80.88361 0.11430 13
0.28472 -0.06270 68.21405 0 1.87500 -8.77500 65.61627 0.10489 13
0.73029 -0.15954 25.79831 0 4.77500 -21.90000 20.92497 0.12571 13
-0.78809 -0.20610 27.24250 0 6.20000 24.67500 21.56576 0.12987 13
-0.24173 0.00752 6.99209 0 -0.15000 4.82500 6.79635 0.10362 -13
0.02534 -0.11962 11.86991 0 3.57500 -1.85000 11.86616 0.10144 13
1.88673 -0.19268 11.61721 0 5.72500 -55.45000 5.51905 0.21575 13
1.70302 -0.20809 91.16756 0 6.27500 -53.12500 46.89127 0.19997 13
1.39185 -0.07245 96.19783 0 2.20000 -43.32500 56.22656 0.17275 -13
-0.76400 -0.07620 80.89212 0 2.30000 23.62500 64.34731 0.12696 13
0.04542 0.06875 76.62257 0 -2.07500 0.00000 76.54406 0.10105 -13
-1.31405 -0.07728 37.37571 0 2.35000 39.37500 22.67743 0.16647 -13
-0.62170 -0.14226 83.32956 0 4.27500 19.20000 70.96422 0.11943 13
-0.53152 -0.01020 39.02983 0 0.32500 14.90000 34.46433 0.11405 -13
-0.35308 0.10166 50.44163 0 -3.05000 9.40000 47.59091 0.10728 -13
-1.39486 -0.13662 65.06880 0 4.10000 43.05000 38.14365 0.17338 13
0.05984 -0.19249 41.73412 0 5.80000 -0.80000 41.66224 0.10272 13
-1.06190 -0.05532 3.36039 0 1.87500 30.97500 2.30631 0.14709 -13
-0.40053 0.05151 67.52545 0 -1.55000 12.92500 62.69603 0.10860 -13
-0.39584 -0.10121 71.97546 0 3.05000 13.95000 66.96917 0.10879 -13
0.86460 -0.07750 13.17758 0 2.37500 -28.30000 9.98092 0.13338 -13
1.41299 0.14888 27.93531 0 -4.45000 -42.32500 16.25664 0.17493 -13
1.44064 -0.25000 27.93531 0 7.57500 -43.17500 16.25664 0.17841 -13
-1.03768 0.01746 22.03235 0 -0.55000 31.42500 15.29006 0.14513 13
0.01942 -0.05175 42.82553 0 1.55000 -1.10000 42.81747 0.10086 13
1.91607 0.07228 59.36338 0 -2.20000 -58.12500 27.52252 0.21778 13
-0.13726 -0.24291 37.68072 0 7.35000 5.95000 37.35000 0.10456 -13
-0.74089 -0.10280 89.46523 0 3.10000 19.92500 72.01863 0.12576 -13
1.34149 -0.05991 8.00440 0 1.90000 -42.35000 4.78908 0.16866 -13
0.25811 -0.06549 50.52742 0 1.97500 -7.50000 48.93054 0.10421 13
0.77059 -0.16355 92.79273 0 4.95000 -24.67500 73.86020 0.12820 -13
2.04553 -0.01435 7.89133 0 0.57500 -61.42500 3.46618 0.22933 -13
-0.68517 0.05785 99.59652 0 -1.75000 18.55000 82.20469 0.12222 13
-1.36303 0.13092 86.98553 0 -3.95000 41.82500 51.73874 0.17076 13
-1.39946 -0.26874 86.98553 0 8.10000 42.92500 51.73874 0.17530 13
0.04361 -0.20292 84.69515 0 6.12500 -2.47500 84.61790 0.10285 -13
0.54480 -0.09409 70.03382 0 2.85000 -16.12500 61.56149 0.11507 -13
0.56141 -0.09760 97.69734 0 2.95000 -20.30000 85.28662 0.11591 -13
-0.86137 0.04343 47.16422 0 -1.30000 25.57500 35.74920 0.13298 -13
0.93941 -0.10655 16.94026 0 3.17500 -25.95000 12.37890 0.13857 13
-0.79259 -0.12242 76.67224 0 3.70000 24.32500 60.25909 0.12909 -13
-0.98496 0.08429 64.12026 0 -2.55000 31.35000 45.76175 0.14161 13
-0.23974 0.12282 70.54495 0 -3.70000 6.15000 68.62885 0.10429 13
-0.24693 -0.27730 70.54495 0 8.35000 6.35000 68.62885 0.10741 13
-1.31738 -0.11920 92.78171 0 3.57500 41.12500 56.34830 0.16698 13
1.69997 0.14378 49.17959 0 -4.32500 -50.97500 25.12559 0.19912 -13
1.73661 -0.25522 49.17959 0 7.72500 -52.10000 25.12559 0.20347 -13
0.90465 -0.23665 42.80663 0 7.15000 -27.57500 32.13020 0.13789 -13
-1.81984 -0.08701 37.27364 0 2.60000 55.75000 18.00310 0.20928 13
-0.26037 -0.23139 49.20873 0 6.97500 8.37500 47.69797 0.10663 13
2.04258 0.00956 78.40819 0 -0.30000 -57.70000 34.47748 0.22903 13
-1.25425 0.14108 92.69672 0 -4.27500 36.85000 58.13537 0.16217 13
-1.28265 -0.25807 92.69672 0 7.77500 37.70000 58.13537 0.16582 13
-0.52510 -0.12655 95.64033 0 3.80000 16.77500 84.82103 0.11445 13
-0.45465 0.08028 12.18944 0 -2.47500 11.70000 11.10234 0.11094 13
0.20029 -0.13862 19.21015 0 4.15000 -6.45000 18.84287 0.10364 13
1.73715 -0.03373 80.65649 0 1.02500 -54.35000 40.25678 0.20188 -13
0.09596 -0.08099 32.63932 0 2.45000 -5.42500 32.49100 0.10150 -13
0.23812 -0.15338 54.41350 0 4.62500 -6.22500 52.96625 0.10466 13
0.44432 0.01587 7.61447 0 -0.40000 -11.82500 6.95862 0.11022 -13
1.62597 -0.15081 55.76985 0 4.57500 -49.40000 29.45561 0.19285 -13
1.35489 0.01150 24.58287 0 -0.37500 -41.77500 14.59854 0.16959 13
-1.08073 0.08630 42.64723 0 -2.62500 32.80000 29.02195 0.14854 13
0.08291 0.07477 80.09671 0 -2.25000 -0.80000 79.82438 0.10132 -13
1.75969 -0.24160 84.62066 0 7.30000 -53.52500 42.70837 0.20529 -13
-0.02629 0.11462 81.66402 0 -3.45000 1.77500 81.63619 0.10140 13
-1.02912 -0.16044 77.02527 0 4.82500 29.40000 54.02784 0.14540 13
-1.27540 0.04760 58.42934 0 -1.42500 37.67500 36.07764 0.16328 -13
-1.21408 0.14393 76.62738 0 -4.35000 34.35000 49.01467 0.15907 13
-1.24015 -0.25510 76.62738 0 7.67500 35.12500 49.01467 0.16246 13
-1.94224 0.11771 46.30370 0 -3.52500 58.75000 21.31188 0.22029 -13
0.96232 -0.20119 4.10184 0 6.22500 -29.05000 2.98369 0.14141 -13
-0.24543 0.12572 73.62332 0 -3.77500 7.85000 71.53298 0.10446 -13
-0.25249 -0.27421 73.62332 0 8.27500 8.07500 71.53298 0.10748 -13
-0.61989 0.10755 35.29922 0 -3.25000 17.70000 30.05022 0.11898 13
-0.71695 -0.13217 50.86723 0 3.97500 20.12500 41.46088 0.12462 13
0.66865 0.04826 53.58957 0 -1.45000 -19.32500 44.56410 0.12124 -13
-0.78604 0.03197 70.24913 0 -0.95000 22.42500 55.24008 0.12813 -13
0.59282 -0.19209 64.15258 0 5.80000 -16.52500 55.44121 0.11867 -13
2.16355 -0.11837 19.30769 0 3.62500 -62.80000 8.14718 0.24037 -13
-1.14915 -0.11010 42.78686 0 3.30000 32.82500 28.18357 0.15379 13
1.90552 -0.06932 37.90278 0 2.05000 -58.35000 17.64594 0.21683 13
2.03076 -0.10486 58.43275 0 3.17500 -60.85000 25.92778 0.22821 -13
-1.53506 0.02045 24.75549 0 -0.65000 46.12500 13.51472 0.18451 13
-1.17196 -0.03663 64.00998 0 1.12500 34.62500 41.56429 0.15520 -13
-1.14697 0.00691 22.08230 0 -0.17500 33.20000 14.51177 0.15324 -13
2.01072 -0.04332 65.65729 0 1.32500 -58.87500 29.26030 0.22619 -13
-0.37661 -0.09363 95.06507 0 2.82500 11.85000 89.01306 0.10802 13
-1.92215 -0.21060 61.59767 0 6.32500 60.17500 28.91630 0.21919 13
-1.23335 -0.00882 13.04817 0 0.32500 35.92500 8.21769 0.15991 -13
0.12884 -0.15318 40.10553 0 4.60000 -3.25000 39.78427 0.10269 13
0.93435 -0.06578 95.03581 0 1.97500 -29.67500 69.51083 0.13798 13
-0.09086 -0.14581 81.77272 0 4.40000 3.87500 81.44418 0.10217 13
-0.70221 0.13257 43.13744 0 -3.97500 20.55000 35.40368 0.12377 -13
-0.72050 -0.26696 43.13744 0 8.07500 21.10000 35.40368 0.12701 -13
1.10803 -0.18184 73.06467 0 5.47500 -33.20000 49.38996 0.15140 13
0.29923 -0.02835 35.20815 0 0.85000 -10.55000 33.73162 0.10515 13
1.19739 -0.07177 6.65110 0 2.27500 -36.92500 4.26949 0.15734 -13
0.02384 -0.10008 20.78438 0 3.05000 -3.62500 20.77854 0.10124 -13
0.03905 -0.10512 31.77267 0 3.20000 -0.77500 31.74873 0.10134 -13
-0.89980 -0.08808 40.04919 0 2.67500 29.07500 29.82244 0.13577 -13
-1.85937 0.03556 58.37531 0 -1.10000 54.10000 27.66294 0.21264 13
0.31920 -0.22971 43.23162 0 6.95000 -10.50000 41.28005 0.10822 -13
0.48535 -0.17297 66.86029 0 5.22500 -15.15000 60.31714 0.11329 -13
0.85518 -0.23657 75.48776 0 7.12500 -23.15000 58.02316 0.13462 13
1.61289 -0.05285 72.57012 0 1.60000 -46.55000 38.27933 0.19119 -13
-0.33799 -0.13962 37.85196 0 4.20000 10.25000 35.89431 0.10722 13
1.66499 -0.09003 5.57927 0 2.55000 -49.62500 2.88118 0.19574 13
0.10496 -0.11624 98.03508 0 3.50000 -5.05000 97.50653 0.10193 13
-1.04017 0.02996 49.96085 0 -0.92500 33.22500 34.63348 0.14534 13
-0.01760 0.12404 25.68114 0 -3.75000 1.95000 25.67723 0.10150 13
-0.01810 -0.27604 25.68114 0 8.30000 1.97500 25.67723 0.10447 13
0.49379 -0.20319 70.92864 0 6.12500 -14.65000 63.84649 0.11416 13
0.77060 -0.01323 57.38244 0 0.40000 -25.65000 45.45442 0.12715 -13
-0.52519 -0.04603 75.45127 0 1.37500 17.65000 66.81424 0.11384 13
-0.67775 0.11631 86.96374 0 -3.50000 18.47500 72.13956 0.12221 -13
-0.43485 -0.10222 73.42161 0 3.10000 8.70000 67.38656 0.11030 -13
-0.60382 0.10542 9.69045 0 -3.12500 18.15000 8.30715 0.11810 -13
0.94612 -0.08038 72.69315 0 2.42500 -31.27500 52.88545 0.13886 13
-0.99991 0.11667 78.80493 0 -3.52500 28.47500 55.91418 0.14290 13
0.23571 -0.01964 56.24888 0 0.57500 -7.10000 54.74911 0.10348 13
1.10378 -0.05998 36.16179 0 1.80000 -32.22500 24.30308 0.15011 13
0.46593 -0.14963 24.08081 0 4.52500 -12.57500 21.87043 0.11213 -13
-0.86720 -0.11582 62.14390 0 3.50000 27.02500 47.08275 0.13381 -13
0.19792 0.10287 9.77491 0 -3.15000 -5.45000 9.59074 0.10320 13
1.49979 -0.08514 26.23807 0 2.60000 -46.42500 14.59233 0.18176 -13
0.13417 -0.10785 87.05440 0 3.25000 -5.15000 86.28992 0.10218 13
0.10550 0.00361 96.83664 0 -0.10000 -5.12500 96.30214 0.10126 -13
-0.42526 -0.24545 65.05548 0 7.42500 15.32500 60.12898 0.11220 -13
-1.77034 -0.15901 41.93081 0 4.82500 53.35000 20.81889 0.20540 -13
2.14193 -0.18451 9.93114 0 5.67500 -64.70000 4.25977 0.23892 -13
-0.32906 -0.16289 18.42232 0 4.87500 6.85000 17.52143 0.10726 13
1.32840 -0.02084 25.48337 0 0.65000 -38.97500 15.32847 0.16729 -13
1.32828 -0.02080 25.48337 0 0.65000 -39.02500 15.32847 0.16746 -13
0.85517 0.02047 13.61926 0 -0.67500 -26.80000 10.35138 0.13253 13
-1.25571 0.11908 2.43173 0 -3.27500 40.62500 1.52088 0.16211 -13
-0.13712 0.08662 28.35267 0 -2.60000 2.02500 28.09158 0.10202 -13
-0.09306 0.07512 37.82895 0 -2.27500 3.37500 37.66708 0.10143 13
0.74522 -0.14004 27.70092 0 4.20000 -20.40000 22.28870 0.12637 13
-0.03732 -0.08139 3.55113 0 2.32500 3.15000 3.54867 0.10111 13
-1.08987 -0.17360 44.80631 0 5.22500 32.50000 30.53552 0.14996 13
0.29102 -0.23881 81.01771 0 7.20000 -7.52500 77.95481 0.10760 13
1.07460 0.04709 40.83514 0 -1.40000 -34.37500 27.83482 0.14790 -13
0.61278 -0.05575 32.08730 0 1.67500 -20.07500 27.37053 0.11824 13
1.06501 0.05706 52.87098 0 -1.70000 -30.97500 36.22160 0.14723 -13
1.70526 0.04745 47.08022 0 -1.45000 -49.90000 23.83544 0.19907 13
5.60136 -20.54032 47.08022 0 -1.05000 -48.77500 23.83544 0.20369 13
-0.63551 0.41934 47.08022 0 -0.75000 -47.22500 23.83544 0.21251 13
-13.28296 4.62462 47.08022 0 -0.25000 -43.40000 23.83544 0.27467 13
0.54438 -0.06460 60.27509 0 1.95000 -15.82500 52.96433 0.11484 -13
-0.81067 0.14370 98.08229 0 -4.35000 23.02500 76.49827 0.13045 13
-0.82818 -0.25533 98.08229 0 7.70000 23.55000 76.49827 0.13325 13
-0.60291 0.13241 9.91906 0 -4.05000 17.00000 8.51417 0.11838 13
-0.61870 -0.26725 9.91906 0 8.00000 17.45000 8.51417 0.12138 13
-0.10302 0.13567 47.34309 0 -4.10000 2.45000 47.09831 0.10216 13
-0.10557 -0.26375 47.34309 0 7.95000 2.52500 47.09831 0.10468 13
-0.70694 -0.20036 95.79025 0 6.02500 22.20000 78.72636 0.12496 13
0.03198 0.00385 87.13278 0 -0.12500 -1.60000 87.08828 0.10075 13
1.04882 0.04193 9.53132 0 -1.35000 -31.25000 6.58046 0.14602 13
-0.33314 0.10354 34.46823 0 -3.15000 6.90000 32.71868 0.10666 13
-0.03541 -0.16022 98.33914 0 4.85000 -2.55000 98.27909 0.10205 -13
-0.60319 -0.21107 68.50604 0 6.37500 19.32500 58.99728 0.11952 -13
-0.83854 -0.11952 37.51807 0 3.60000 22.27500 28.83200 0.13197 13
-0.27737 -0.01580 80.07241 0 0.47500 9.72500 77.15995 0.10452 13
0.95022 -0.14890 9.95292 0 4.42500 -30.67500 7.25233 0.13969 13
0.02100 0.14165 29.17672 0 -4.30000 -0.40000 29.17043 0.10174 13
0.02146 -0.25748 29.17672 0 7.75000 -0.40000 29.17043 0.10399 13
1.39698 0.14229 85.12640 0 -4.30000 -40.45000 49.87790 0.17361 13
1.42794 -0.25680 85.12640 0 7.72500 -41.37500 49.87790 0.17743 13
2.01067 -0.05141 21.80709 0 1.60000 -59.75000 9.72125 0.22623 -13
0.33049 -0.18039 28.83469 0 5.42500 -9.00000 27.42073 0.10760 13
0.02051 0.09886 60.21104 0 -3.00000 -1.17500 60.19851 0.10122 13
0.00462 -0.08723 85.89681 0 2.62500 -2.67500 85.89590 0.10108 13
-1.30860 -0.07910 23.54674 0 2.35000 41.10000 14.32508 0.16603 13
0.23681 -0.20717 92.85715 0 6.25000 -4.45000 90.45699 0.10557 -13
0.52928 -0.08994 46.63501 0 2.72500 -16.20000 41.25415 0.11430 -13
-1.16483 0.08682 59.23272 0 -2.60000 36.22500 38.66628 0.15484 -13
0.27272 0.11248 52.25739 0 -3.40000 -7.47500 50.43810 0.10500 13
0.31228 -0.14253 31.18422 0 4.27500 -9.92500 29.79239 0.10647 13
-0.22498 0.05696 55.78720 0 -1.70000 6.65000 54.43062 0.10338 -13
-1.65663 0.07977 23.22441 0 -2.45000 51.22500 12.03015 0.19504 13
-0.15105 0.12374 3.42939 0 -3.57500 4.75000 3.39145 0.10259 -13
-0.15574 -0.27607 3.42939 0 8.47500 4.90000 3.39145 0.10583 -13
-0.65714 0.03954 79.48490 0 -1.17500 20.92500 66.44176 0.12056 -13
0.80223 0.02148 74.75864 0 -0.65000 -24.82500 58.31869 0.12912 13
-0.86023 0.12587 18.55379 0 -3.82500 24.35000 14.11243 0.13346 13
-0.88498 -0.27414 18.55379 0 8.22500 25.10000 14.11243 0.13723 13
-0.81188 -0.05483 68.13274 0 1.67500 21.27500 52.92610 0.12983 -13
-0.75940 -0.24012 54.30946 0 7.25000 23.50000 43.68991 0.12875 -13
0.88995 -0.00825 54.30946 0 -4.27500 24.00000 43.68991 0.13232 -13
-0.71454 -1.40771 54.30946 0 6.37500 25.65000 43.68991 0.15668 -13
0.44549 2.06493 54.30946 0 6.45000 24.62500 43.68991 0.19443 -13
-0.23144 -0.12210 13.93819 0 3.65000 5.55000 13.58436 0.10407 13
-0.08763 -0.19435 63.77788 0 5.85000 2.15000 63.54322 0.10296 13
0.61984 -0.23109 18.62460 0 6.92500 -17.55000 15.94324 0.12071 13
2.15537 -0.01373 36.11585 0 0.45000 -63.22500 15.20157 0.23928 -13
-0.62311 -0.16783 38.83310 0 5.05000 15.40000 33.08531 0.11984 13
1.37615 -0.03997 94.54812 0 1.20000 -41.10000 55.60890 0.17135 13
-1.09032 -0.04932 52.81876 0 1.47500 34.02500 35.72494 0.14907 13
1.86734 0.01589 61.92387 0 -0.47500 -54.72500 29.23636 0.21332 -13
-0.31895 0.04925 50.61267 0 -1.47500 8.55000 48.22476 0.10582 -13
-0.52388 0.13517 78.03887 0 -4.07500 14.67500 69.26118 0.11450 13
