-0.70535 -0.06588 39.60781 0 1.97500 21.45000 32.38962 0.12341 13
-0.15780 -0.22327 24.03937 0 6.75000 5.45000 23.75925 0.10442 -13
0.15812 0.14082 51.59580 0 -4.25000 -5.37500 50.97476 0.10293 -13
0.16172 -0.25832 51.59580 0 7.80000 -5.47500 50.97476 0.10529 -13
-0.59187 -0.21301 59.37114 0 6.42500 17.72500 51.38297 0.11896 13
0.18215 0.03828 58.70744 0 -1.17500 -7.97500 57.75850 0.10244 13
1.67307 -0.07315 38.50701 0 2.17500 -52.22500 19.79463 0.19641 13
0.06999 0.03884 70.83267 0 -1.17500 -0.55000 70.66003 0.10102 -13
1.56937 0.03061 83.72761 0 -0.92500 -47.50000 45.00846 0.18743 13
-1.58595 -0.08568 94.72301 0 2.60000 47.40000 50.65455 0.18900 -13
1.50386 -0.00004 82.88477 0 -0.00000 -46.67500 45.89471 0.18187 -13
-0.76327 -0.21660 21.26006 0 6.50000 20.75000 17.04151 0.12852 13
0.95679 -0.08223 88.34170 0 2.50000 -30.60000 63.93370 0.13962 -13
0.06125 -0.17548 56.94989 0 5.27500 -2.65000 56.84657 0.10242 13
-1.43472 0.11943 7.49523 0 -3.47500 43.02500 4.30618 0.17647 -13
1.21178 -0.23234 22.10136 0 6.97500 -35.60000 14.28636 0.15990 13
-1.59720 -0.03426 34.27658 0 1.05000 47.27500 18.19739 0.18980 -13
-0.31598 -0.22195 39.57492 0 6.70000 9.37500 37.81658 0.10796 -13
1.01091 -0.08985 35.41233 0 2.70000 -30.90000 24.95525 0.14347 13
2.08161 0.06035 45.02427 0 -1.85000 -64.22500 19.52479 0.23266 13
-0.45225 0.06951 81.66520 0 -2.10000 11.67500 74.43983 0.11074 -13
0.29810 -0.11809 45.81415 0 3.55000 -9.40000 43.92936 0.10575 13
-0.81620 -0.11388 88.85102 0 3.42500 27.05000 69.01083 0.13049 13
-0.04771 0.05292 6.50194 0 -1.52500 1.07500 6.49456 0.10096 -13
0.01567 0.08824 43.20478 0 -2.65000 1.30000 43.19952 0.10110 -13
-0.26996 -0.12436 13.25112 0 3.70000 9.00000 12.79986 0.10505 13
1.09343 0.09925 17.31561 0 -2.95000 -33.55000 11.71735 0.14953 -13
0.52966 -0.00911 84.30879 0 0.27500 -16.15000 74.50404 0.11396 13
-0.44004 -0.20930 76.09875 0 6.32500 12.82500 69.89166 0.11203 -13
-1.04495 -0.17299 39.90463 0 5.20000 31.22500 27.80180 0.14667 13
-0.17946 -0.17256 30.24086 0 5.20000 4.20000 29.77888 0.10377 13
-2.20437 0.14167 96.29540 0 -4.25000 64.50000 40.11010 0.24417 -13
0.06817 -0.09958 93.50081 0 3.00000 -2.87500 93.28648 0.10144 -13
-0.99427 0.02344 63.45865 0 -0.72500 32.15000 45.00653 0.14203 13
0.85519 -0.08889 22.30238 0 2.65000 -25.52500 16.97783 0.13280 13
0.67879 0.12761 50.43896 0 -3.85000 -20.70000 41.83889 0.12239 13
0.69785 -0.27222 50.43896 0 8.20000 -21.25000 41.83889 0.12581 13
1.76455 -0.03398 9.32379 0 1.12500 -52.72500 4.59884 0.20433 -13
-0.44505 0.14738 11.75237 0 -4.40000 13.65000 10.75626 0.11120 -13
-0.45408 -0.25138 11.75237 0 7.62500 13.92500 10.75626 0.11350 -13
-2.11569 -0.14369 33.45411 0 4.37500 62.90000 14.41588 0.23614 -13
2.02413 -0.13502 61.74169 0 4.10000 -62.65000 27.54669 0.22777 -13
-0.26405 -0.07774 20.57893 0 2.32500 7.42500 19.90078 0.10444 13
-1.47578 -0.15713 27.09576 0 4.77500 46.25000 15.32642 0.18024 -13
0.21012 -0.18749 57.74179 0 5.65000 -6.10000 56.54842 0.10462 13
1.69960 0.13872 79.97272 0 -4.20000 -49.02500 40.84248 0.19909 13
1.73967 -0.26054 79.97272 0 7.85000 -50.22500 40.84248 0.20375 13
0.44593 0.13072 21.52778 0 -3.97500 -13.40000 19.68861 0.11106 13
0.45786 -0.26897 21.52778 0 8.07500 -13.75000 19.68861 0.11400 13
-0.20386 -0.08393 47.22460 0 2.52500 7.47500 46.27920 0.10312 13
-0.58707 0.05779 61.81432 0 -1.72500 15.05000 53.32996 0.11692 -13
-0.75367 -0.04948 54.23095 0 1.50000 22.70000 43.32779 0.12620 -13
1.70619 0.06443 89.03499 0 -1.95000 -52.35000 45.08984 0.19927 13
-0.63888 0.01534 96.53915 0 -0.45000 17.57500 81.35615 0.11951 -13
0.94746 -0.08241 7.79530 0 2.40000 -30.22500 5.66805 0.13895 13
-0.14823 -0.21980 49.23767 0 6.62500 4.00000 48.72960 0.10418 13
-0.86683 -0.09110 49.05511 0 2.72500 23.87500 37.13282 0.13358 13
-1.27335 -0.18206 97.21361 0 5.47500 40.32500 60.64751 0.16406 13
-0.29450 0.08003 24.81627 0 -2.42500 10.07500 23.81125 0.10529 13
1.66293 -0.22833 99.43712 0 6.87500 -51.30000 52.20360 0.19674 13
-0.41944 -0.21100 90.12887 0 6.37500 13.42500 83.38013 0.11126 -13
-0.47747 -0.15761 55.24518 0 4.75000 13.22500 49.96622 0.11271 13
1.39594 -0.01560 93.17742 0 0.45000 -43.25000 54.26675 0.17293 13
0.79162 0.08197 88.45344 0 -2.47500 -25.52500 69.44257 0.12870 13
-1.73959 -0.05478 23.64559 0 1.62500 50.67500 11.79774 0.20212 13
-0.78193 -0.08545 19.42499 0 2.60000 23.30000 15.32619 0.12811 -13
0.38318 -0.00896 50.32248 0 0.25000 -11.95000 46.99094 0.10785 13
0.41746 0.14457 65.75261 0 -4.37500 -12.92500 60.76950 0.11010 13
0.42633 -0.25442 65.75261 0 7.67500 -13.20000 60.76950 0.11243 13
0.05544 0.02418 89.89855 0 -0.72500 -1.05000 89.76075 0.10089 13
0.11488 0.06615 61.20935 0 -2.00000 -4.65000 60.81109 0.10158 -13
0.95527 0.10125 55.58161 0 -3.05000 -28.45000 40.28926 0.13963 -13
2.06266 0.06000 49.96011 0 -1.82500 -62.25000 21.82665 0.23094 13
0.86575 -0.16921 55.65398 0 5.12500 -22.30000 42.32963 0.13429 -13
-0.27213 -0.22018 15.79019 0 6.67500 7.45000 15.26047 0.10673 -13
-0.93663 0.07354 79.61651 0 -2.22500 26.20000 58.18103 0.13818 13
-0.30018 -0.24320 71.54361 0 7.35000 6.67500 68.68154 0.10797 -13
-0.65000 -0.12518 57.42755 0 3.77500 19.67500 48.26026 0.12077 13
1.75594 0.04811 98.14662 0 -1.45000 -53.57500 48.61225 0.20355 -13
-0.33895 -0.20035 10.70885 0 6.00000 8.70000 10.16260 0.10819 13
1.20399 -0.15736 49.05912 0 4.72500 -37.12500 31.57168 0.15839 13
-1.07620 -0.16993 22.04999 0 5.10000 31.02500 15.12365 0.14891 13
0.49959 -0.19854 42.80338 0 6.00000 -15.52500 38.43647 0.11434 -13
0.06530 -0.21299 52.94456 0 6.42500 -3.92500 52.83694 0.10317 -13
-0.80076 -0.18747 78.42356 0 5.65000 25.95000 61.62575 0.13038 13
0.75572 -0.11840 36.01986 0 3.55000 -24.17500 28.80932 0.12678 13
1.44634 -0.02222 75.36464 0 0.67500 -44.97500 42.86711 0.17709 -13
0.78769 -0.05815 72.62629 0 1.75000 -23.15000 57.08962 0.12833 -13
0.10562 0.02416 2.45449 0 -0.52500 -2.72500 2.44093 0.10137 -13
0.00607 -0.24596 73.30254 0 7.42500 -0.60000 73.30126 0.10371 -13
1.07610 0.09036 4.17609 0 -2.90000 -31.25000 2.84910 0.14833 13
-1.60583 -0.17853 20.40459 0 5.35000 46.62500 10.90814 0.19130 13
-1.73926 -0.01227 54.07876 0 0.40000 53.35000 26.95708 0.20203 -13
1.46431 -0.00066 23.35035 0 -0.02500 -45.72500 13.16894 0.17856 13
-0.06320 -0.06736 3.10547 0 1.87500 3.55000 3.09933 0.10116 13
-0.09013 -0.24008 63.69211 0 7.25000 1.87500 63.44889 0.10397 -13
-1.42286 0.07905 68.13426 0 -2.37500 41.47500 39.26029 0.17530 -13
0.21590 0.05096 91.55785 0 -1.55000 -8.57500 89.50098 0.10315 13
-1.24899 -0.12164 42.48370 0 3.65000 35.75000 26.67086 0.16157 13
-1.45268 -0.22038 70.96897 0 6.62500 41.70000 40.88874 0.17897 13
-1.33689 0.09380 61.97665 0 -2.82500 39.90000 37.22706 0.16839 -13
-0.03939 -0.11421 30.93590 0 3.45000 4.65000 30.91225 0.10144 -13
-0.20802 0.01440 57.69748 0 -0.45000 7.42500 56.48846 0.10287 13
0.60892 -0.03065 33.94939 0 0.95000 -18.30000 29.00013 0.11794 -13
-0.04113 -0.11241 44.55103 0 3.40000 0.90000 44.51387 0.10143 -13
0.70443 0.00894 1.21601 0 -0.75000 -21.15000 0.99389 0.12372 13
-0.20353 -0.02532 15.14774 0 0.72500 7.55000 14.84375 0.10280 13
-0.12748 0.15878 1.14682 0 -4.37500 3.82500 1.13792 0.10299 -13
-0.12877 -0.23922 1.14682 0 7.65000 3.90000 1.13792 0.10515 -13
-1.52471 -0.12761 40.58085 0 3.82500 47.67500 22.38093 0.18406 13
-0.58542 -0.09390 60.41126 0 2.82500 17.62500 52.19290 0.11706 13
-2.13628 0.13890 34.84055 0 -4.15000 63.62500 14.88624 0.23791 -13
1.70802 0.04705 61.10848 0 -1.42500 -53.30000 30.90052 0.19937 13
0.66544 0.10227 28.58078 0 -3.07500 -21.55000 23.83205 0.12139 -13
-1.11912 -0.03561 17.33470 0 1.12500 32.35000 11.55438 0.15119 -13
-1.42716 -0.24749 70.66382 0 7.45000 42.95000 41.35777 0.17724 13
0.00679 0.03271 22.11484 0 -0.97500 0.97500 22.11433 0.10076 -13
-0.65317 -0.23116 48.21097 0 6.97500 19.90000 40.67330 0.12252 -13
-0.55377 0.00371 53.31469 0 -0.12500 15.22500 46.64080 0.11511 13
-0.23037 -0.09828 52.44144 0 2.95000 6.52500 51.11533 0.10381 13
1.56840 0.00251 92.73658 0 -0.07500 -48.92500 49.85650 0.18732 -13
0.86660 0.10606 18.69734 0 -3.22500 -26.85000 14.16364 0.13370 13
1.67979 0.05494 5.79239 0 -1.50000 -50.75000 2.96628 0.19693 -13
0.42143 -0.02786 48.23011 0 0.82500 -14.47500 44.44717 0.10932 13
1.92823 -0.20142 81.13098 0 6.10000 -59.52500 37.93959 0.21969 -13
0.46547 0.04782 19.88954 0 -1.47500 -15.45000 18.03540 0.11119 13
-0.86849 -0.03111 35.55744 0 0.95000 24.17500 26.85164 0.13342 -13
0.55335 -0.21150 75.29631 0 6.40000 -18.37500 66.21581 0.11706 -13
-0.24946 -0.00241 95.33047 0 0.07500 7.85000 92.49579 0.10379 -13
1.82130 -0.00672 94.11134 0 0.22500 -57.50000 45.29514 0.20924 -13
1.64271 -0.01454 81.04397 0 0.45000 -50.07500 42.14492 0.19367 -13
0.09789 -0.14376 58.46679 0 4.35000 -2.07500 58.19419 0.10222 -13
-0.78398 0.01051 65.49651 0 -0.30000 22.82500 51.54541 0.12797 -13
-1.55094 -0.07626 42.84437 0 2.32500 45.77500 23.26480 0.18600 -13
0.32148 -0.08383 29.55232 0 2.55000 -9.12500 28.14336 0.10612 -13
-2.07633 0.12702 95.61785 0 -3.82500 57.62500 41.76004 0.23241 -13
-2.13504 -0.27281 95.61785 0 8.25000 59.40000 41.76004 0.23903 -13
-1.45936 -0.06143 4.22893 0 2.07500 44.15000 2.39350 0.17840 -13
0.19923 -0.08845 38.11628 0 2.65000 -4.65000 37.38717 0.10306 13
-0.84075 -0.08721 75.13870 0 2.65000 23.95000 57.60264 0.13186 -13
0.49487 -0.10809 72.55449 0 3.25000 -12.10000 65.10146 0.11288 13
0.63276 -0.00201 42.17360 0 0.07500 -17.50000 35.63821 0.11917 -13
-0.20740 0.09381 48.75363 0 -2.82500 3.97500 47.74632 0.10328 -13
-0.75544 -0.00432 9.83200 0 0.07500 20.80000 7.84515 0.12621 13
-1.03381 -0.21205 80.71076 0 6.40000 32.15000 56.74944 0.14640 13
0.56017 -0.09232 59.72217 0 2.80000 -15.40000 52.15685 0.11581 -13
-0.59092 0.12295 88.25480 0 -3.70000 15.85000 76.12759 0.11762 -13
-0.60860 -0.27714 88.25480 0 8.37500 16.40000 76.12759 0.12115 -13
-0.92562 0.03221 46.36349 0 -0.97500 28.67500 34.03299 0.13726 13
-0.16641 -0.00492 37.95665 0 0.12500 6.62500 37.44176 0.10209 13
-1.51769 0.00622 14.73319 0 -0.25000 46.30000 8.10620 0.18304 13
-1.43312 -0.13852 20.50461 0 4.22500 42.52500 11.80921 0.17656 -13
0.38610 0.07687 9.25059 0 -2.25000 -9.27500 8.63293 0.10821 -13
0.33250 -0.09382 65.58667 0 2.82500 -8.77500 62.26367 0.10655 -13
0.29971 0.00359 16.54328 0 -0.15000 -10.57500 15.84679 0.10514 13
-1.19520 0.04941 69.61575 0 -1.47500 33.92500 44.70445 0.15700 -13
1.52643 -0.10963 69.40689 0 3.32500 -45.10000 38.19374 0.18411 -13
-0.57421 -0.13509 71.38761 0 4.07500 15.77500 62.04551 0.11692 -13
-0.61153 0.00125 84.72335 0 -0.02500 18.22500 72.27942 0.11804 -13
-0.54218 -0.22274 92.31009 0 6.72500 16.40000 81.58946 0.11673 -13
-0.45950 0.11546 8.71517 0 -3.55000 12.92500 7.92844 0.11147 13
-1.27343 -0.21732 40.05167 0 6.52500 40.05000 25.08898 0.16449 13
1.80225 -0.15671 76.51358 0 4.75000 -53.80000 37.46864 0.20816 -13
0.54604 0.00939 78.75607 0 -0.30000 -14.50000 69.12292 0.11474 13
0.14447 -0.09675 19.14782 0 2.95000 -2.85000 18.95287 0.10222 -13
0.01086 -0.19177 33.36968 0 5.80000 -1.30000 33.36778 0.10256 -13
1.47903 0.00369 64.13337 0 -0.12500 -46.45000 35.92192 0.17979 13
-0.50672 0.09195 95.06721 0 -2.77500 13.27500 84.87423 0.11328 13
0.69586 -0.11574 57.17345 0 3.50000 -19.60000 47.03110 0.12324 -13
1.37581 0.01197 39.61053 0 -0.35000 -38.65000 23.28978 0.17128 -13
0.11227 -0.18580 5.65497 0 5.52500 -2.87500 5.62085 0.10301 13
-0.72729 0.03675 74.07202 0 -1.10000 19.60000 59.91860 0.12457 -13
-0.51173 -0.09873 40.31369 0 3.00000 16.75000 35.92424 0.11356 -13
-0.20950 -0.17209 50.48619 0 5.17500 6.80000 49.44333 0.10433 13
0.76926 0.06795 13.85173 0 -2.10000 -24.15000 10.98789 0.12726 13
-0.54670 0.06057 69.68987 0 -1.82500 15.42500 61.17387 0.11493 -13
0.65237 0.02031 46.86684 0 -0.62500 -20.75000 39.25492 0.12025 13
-0.07885 0.06640 40.20844 0 -2.00000 2.85000 40.08453 0.10123 -13
1.14676 -0.22339 10.79279 0 6.80000 -33.62500 7.19108 0.15496 -13
1.36951 0.04690 67.25486 0 -1.40000 -43.72500 39.68914 0.17083 -13
0.60876 -0.01353 11.43871 0 0.45000 -18.00000 9.77113 0.11791 -13
-0.28186 -0.02273 29.02091 0 0.70000 8.30000 27.93318 0.10465 -13
1.08741 0.08843 11.59887 0 -2.60000 -35.07500 7.86763 0.14903 -13
-1.71954 0.11110 59.25748 0 -3.37500 51.97500 29.92718 0.20064 13
0.60437 -0.17266 8.25352 0 5.27500 -18.40000 7.09092 0.11900 -13
0.19720 -0.19524 56.11131 0 5.87500 -6.90000 55.08901 0.10451 13
-0.05445 -0.09061 30.41029 0 2.75000 3.82500 30.36568 0.10127 -13
-1.50089 -0.01400 43.30401 0 0.40000 43.85000 24.01240 0.18163 13
1.10820 0.13569 2.37201 0 -4.40000 -32.37500 1.59694 0.15132 13
1.13636 -0.26404 2.37201 0 7.62500 -33.07500 1.59694 0.15445 13
1.39826 -0.01567 13.53335 0 0.52500 -41.77500 7.87323 0.17313 -13
-0.25742 0.08502 78.57396 0 -2.57500 7.30000 76.11015 0.10434 13
-0.64163 0.08234 40.89672 0 -2.47500 20.35000 34.45473 0.11993 -13
0.00319 0.08072 77.64007 0 -2.45000 0.07500 77.63968 0.10103 13
0.39520 -0.22016 28.42538 0 6.62500 -12.35000 26.51893 0.11051 13
1.23659 -0.20035 33.03171 0 6.07500 -38.05000 21.01661 0.16145 -13
0.12873 -0.04633 48.60357 0 1.37500 -0.95000 48.20663 0.10164 13
1.28070 -0.16097 90.68279 0 4.85000 -34.85000 56.25239 0.16442 13
-1.79232 0.10129 38.37373 0 -3.02500 53.52500 18.77093 0.20691 -13
-1.72596 -0.10098 18.01595 0 3.00000 50.82500 9.06574 0.20109 13
-0.83084 0.12535 20.37247 0 -3.75000 29.37500 15.71950 0.13152 -13
-0.85486 -0.27458 20.37247 0 8.32500 30.12500 15.71950 0.13538 -13
-0.81698 -0.06472 67.81285 0 1.95000 23.70000 52.55923 0.13021 -13
1.86101 0.13322 83.96783 0 -4.00000 -55.32500 40.01655 0.21317 -13
1.90892 -0.26627 83.96783 0 8.05000 -56.77500 40.01655 0.21870 -13
-1.09007 -0.09706 84.24847 0 2.92500 33.30000 57.09765 0.14929 -13
-0.88314 -0.15516 63.74384 0 4.67500 27.60000 48.02754 0.13525 13
0.14327 0.10757 12.67550 0 -3.27500 -3.02500 12.54879 0.10232 13
-0.25284 0.07317 7.28685 0 -2.12500 9.42500 7.06553 0.10413 -13
-0.36025 -0.24503 53.73998 0 7.37500 11.50000 50.72446 0.10984 13
1.97132 0.06798 80.74842 0 -2.02500 -59.00000 36.59721 0.22270 -13
-0.43929 -0.12709 99.60011 0 3.82500 12.47500 91.30688 0.11073 13
1.77639 -0.21877 99.05053 0 6.60000 -51.62500 49.45351 0.20648 -13
0.90841 -0.09108 16.40837 0 2.80000 -28.30000 12.16776 0.13639 -13
1.07884 -0.14752 21.70541 0 4.42500 -30.42500 14.84075 0.14886 13
0.11496 -0.10411 23.19658 0 3.12500 -3.77500 23.04651 0.10190 13
0.27201 0.11741 59.14347 0 -3.52500 -9.27500 57.09672 0.10503 -13
-0.09534 -0.20988 94.34439 0 6.32500 0.05000 93.93651 0.10334 13
-0.53954 -0.16181 66.88871 0 4.90000 17.00000 59.03713 0.11559 -13
-1.54529 -0.13688 39.84111 0 4.10000 44.12500 21.78701 0.18585 13
0.26808 0.13430 13.68363 0 -4.10000 -7.22500 13.22475 0.10516 13
0.27484 -0.26526 13.68363 0 7.95000 -7.42500 13.22475 0.10777 13
-1.05975 -0.24256 39.47264 0 7.32500 31.75000 27.49744 0.14878 -13
0.42836 -0.14520 4.79373 0 4.27500 -13.97500 4.41351 0.11050 13
1.29908 -0.09240 7.33121 0 2.90000 -41.02500 4.48355 0.16543 -13
-0.88425 0.08488 28.51684 0 -2.57500 26.20000 21.39609 0.13471 13
-0.32995 0.02430 28.80617 0 -0.72500 11.12500 27.35638 0.10607 -13
-1.51499 -0.19788 99.93429 0 5.95000 46.65000 55.78946 0.18387 13
-0.65144 -0.11923 39.45012 0 3.57500 19.90000 33.12420 0.12078 13
0.63595 -0.24111 11.54185 0 7.32500 -18.95000 9.81709 0.12185 -13
-0.95610 0.07987 20.30102 0 -2.45000 29.27500 14.69544 0.13957 13
-0.11120 -0.09696 41.57050 0 2.92500 2.65000 41.31824 0.10180 -13
0.14302 -0.00979 84.98691 0 0.30000 -2.85000 84.13090 0.10173 -13
-0.75403 -0.13819 65.55898 0 4.17500 24.32500 52.52427 0.12689 -13
-0.15691 -0.22630 98.73033 0 6.82500 6.67500 97.59403 0.10445 13
0.01829 0.09001 90.08226 0 -2.70000 -0.37500 90.06732 0.10113 -13
-0.82091 -0.13906 97.47705 0 4.20000 24.22500 75.63120 0.13103 13
0.44223 -0.02741 19.18166 0 0.80000 -16.27500 17.54380 0.11014 13
1.17683 -0.21995 45.04182 0 6.65000 -35.87500 29.56474 0.15710 -13
0.46642 -0.08414 45.59822 0 2.52500 -12.17500 41.35053 0.11144 13
0.57700 -0.06081 39.08434 0 1.82500 -17.37500 33.86892 0.11642 13
0.24094 -0.11737 7.15438 0 3.60000 -7.82500 6.95777 0.10430 -13
0.31647 0.00345 47.86855 0 -0.12500 -7.70000 45.63761 0.10562 13
-0.90199 -0.05291 8.45154 0 1.67500 28.27500 6.27942 0.13576 -13
0.11438 -0.17320 8.01517 0 5.27500 -2.35000 7.96482 0.10289 -13
-1.78813 -0.03017 31.82179 0 0.95000 55.15000 15.53743 0.20634 -13
1.66888 -0.08563 31.83789 0 2.55000 -51.27500 16.40826 0.19610 13
-0.97901 0.14744 45.39287 0 -4.42500 29.10000 32.60642 0.14170 -13
-0.99870 -0.25137 45.39287 0 7.60000 29.70000 32.60642 0.14457 -13
1.08379 -0.11265 60.88769 0 3.37500 -31.05000 41.42999 0.14893 13
-1.45926 0.06208 43.52546 0 -1.90000 42.75000 24.63599 0.17827 13
0.51983 -0.14491 22.21086 0 4.35000 -14.75000 19.75061 0.11442 13
-0.89080 -0.18900 14.21068 0 5.75000 27.67500 10.69307 0.13624 -13
-0.02362 0.10937 65.36885 0 -3.30000 1.82500 65.35084 0.10133 -13
-1.32891 0.03941 55.31694 0 -1.17500 39.75000 33.27764 0.16752 -13
0.08034 -0.03921 42.45144 0 1.20000 -1.72500 42.31531 0.10111 -13
-0.20177 -0.14655 21.88969 0 4.45000 4.77500 21.46611 0.10380 -13
1.05133 -0.09413 96.96796 0 2.85000 -35.80000 66.98527 0.14642 -13
-1.36280 0.07994 90.51464 0 -2.42500 43.90000 53.65851 0.17042 13
-1.83939 0.07199 62.00632 0 -2.20000 54.02500 29.67610 0.21097 13
-0.91168 0.02930 14.10476 0 -0.92500 26.27500 10.42498 0.13632 13
1.39182 -0.24087 59.56023 0 7.27500 -44.30000 35.39871 0.17430 -13
0.04854 -0.09159 53.78341 0 2.75000 0.00000 53.72068 0.10124 13
-0.80016 0.11253 63.29906 0 -3.40000 23.00000 49.54530 0.12947 13
-0.42042 -0.23797 29.84109 0 7.20000 12.85000 27.62027 0.11185 -13
0.07116 -0.17390 91.26372 0 5.25000 -2.52500 91.04028 0.10247 -13
-0.34696 -0.16085 58.60358 0 4.85000 10.90000 55.44104 0.10781 13
-0.58703 0.05831 88.99835 0 -1.77500 16.57500 76.78417 0.11692 13
-1.13204 0.08694 98.08068 0 -2.62500 33.42500 65.07083 0.15236 -13
-1.59684 -0.23772 98.33800 0 7.15000 49.15000 53.22563 0.19123 13
0.06475 0.14508 96.48531 0 -4.37500 -1.42500 96.28788 0.10197 13
0.06611 -0.25389 96.48531 0 7.65000 -1.45000 96.28788 0.10411 13
1.13429 0.12316 70.78569 0 -3.72500 -31.50000 47.01009 0.15279 13
1.16816 -0.27694 70.78569 0 8.35000 -32.52500 47.01009 0.15733 13
-0.48295 -0.03697 64.51549 0 1.10000 12.27500 58.10260 0.11189 13
0.63115 -0.08822 7.91154 0 2.72500 -18.92500 6.69782 0.11945 -13
0.86112 0.12568 16.35604 0 -3.75000 -25.20000 12.43539 0.13348 -13
0.88588 -0.27422 16.35604 0 8.30000 -25.97500 12.43539 0.13739 -13
0.35412 0.00727 16.35604 0 8.12500 -26.30000 12.43539 0.13884 -13
0.24318 -1.36520 16.35604 0 -4.00000 -24.05000 12.43539 0.15915 -13
21.86751 -10.37105 16.35604 0 -4.02500 -24.05000 12.43539 0.15975 -13
0.00884 -0.90094 16.35604 0 -4.00000 -24.00000 12.43539 0.16060 -13
1.92327 0.04289 68.23940 0 -1.27500 -56.87500 31.50320 0.21833 -13
0.40188 -0.16827 61.11200 0 5.07500 -10.10000 56.81300 0.10984 13
0.62942 -0.18307 92.39189 0 5.52500 -19.37500 78.55486 0.12041 13
-0.00367 -0.11394 4.90998 0 3.52500 1.20000 4.90995 0.10142 -13
-1.16909 -0.10157 97.73714 0 3.05000 36.90000 63.71851 0.15526 13
-0.09770 0.06041 80.45343 0 -1.82500 2.37500 80.07358 0.10136 13
-1.45163 -0.16473 41.40074 0 5.00000 45.97500 23.69920 0.17831 -13
-1.41215 0.04628 8.15462 0 -1.30000 42.47500 4.71584 0.17431 -13
-1.34710 -0.02061 66.34915 0 0.60000 42.67500 39.55316 0.16896 13
-0.97082 -0.20346 76.83492 0 6.12500 30.02500 55.66874 0.14183 13
-1.24437 -0.11256 22.61922 0 3.35000 36.62500 14.22288 0.16115 13
-0.60189 0.14470 55.22443 0 -4.35000 17.80000 47.44464 0.11843 -13
-0.61462 -0.25425 55.22443 0 7.67500 18.20000 47.44464 0.12096 -13
0.55033 -0.09630 25.33119 0 2.87500 -19.07500 22.21579 0.11535 13
-0.42840 0.05784 52.85725 0 -1.72500 10.52500 48.59894 0.10971 -13
-0.41302 0.02172 61.47761 0 -0.65000 12.47500 56.82409 0.10898 -13
0.77368 0.08687 55.07266 0 -2.60000 -23.47500 43.61925 0.12762 -13
-1.02590 0.03533 33.61900 0 -1.05000 27.92500 23.47407 0.14431 -13
-0.65299 -0.06074 19.26139 0 1.80000 18.90000 16.13624 0.12042 13
0.37044 0.10411 28.38130 0 -3.15000 -10.67500 26.63106 0.10791 13
1.99893 -0.04938 19.28912 0 1.42500 -60.00000 8.63847 0.22512 13
-1.98326 -0.19433 72.14114 0 5.87500 60.02500 32.96183 0.22455 -13
-0.44702 -0.18945 17.49756 0 5.75000 14.30000 16.02066 0.11197 -13
0.08262 -0.08992 49.03749 0 2.72500 -1.65000 48.87231 0.10145 -13
-1.13074 -0.23799 25.43738 0 7.15000 32.62500 17.11040 0.15386 13
-1.34940 0.14387 66.97397 0 -4.35000 39.60000 40.14039 0.16976 13
-1.37845 -0.25514 66.97397 0 7.67500 40.47500 40.14039 0.17339 13
0.83308 -0.23210 36.26563 0 7.02500 -25.40000 28.16005 0.13315 -13
-0.16717 0.03109 76.52058 0 -0.92500 5.30000 75.47431 0.10215 -13
0.48799 0.01185 37.36630 0 -0.37500 -17.02500 33.58170 0.11206 13
-1.00445 -0.05448 32.79759 0 1.62500 32.30000 23.15699 0.14283 13
-1.68318 0.08311 66.74890 0 -2.50000 51.77500 34.18023 0.19733 -13
-15.55907 -9.98058 66.74890 0 -2.25000 51.97500 34.18023 0.19787 -13
-1.59817 -2.07390 66.74890 0 -1.97500 52.30000 34.18023 0.19984 -13
0.28140 2.07740 66.74890 0 -1.47500 52.47500 34.18023 0.20195 -13
0.06161 -0.09758 66.74890 0 -2.32500 6.67500 34.18023 0.70392 -13
-0.00248 0.00118 66.74890 0 -1.10000 6.40000 34.18023 0.71154 -13
-0.06314 0.65317 66.74890 0 -2.05000 5.47500 34.18023 0.71971 -13
-0.06794 -0.47867 66.74890 0 -1.57500 5.37500 34.18023 0.72765 -13
-0.20939 -0.04256 25.32489 0 1.30000 6.80000 24.78824 0.10298 -13
1.67896 0.03999 92.47647 0 -1.20000 -52.20000 47.34981 0.19684 -13
0.75079 -0.23414 7.81125 0 7.15000 -23.80000 6.30540 0.12822 -13
-0.12660 0.00790 53.82748 0 -0.25000 6.62500 53.40129 0.10151 13
0.79674 0.10726 29.22713 0 -3.22500 -26.25000 22.90960 0.12920 -13
1.87160 0.09873 7.67213 0 -3.12500 -54.77500 3.62840 0.21410 13
-0.55795 -0.09731 81.88346 0 2.95000 15.97500 71.58606 0.11574 -13
0.37894 -0.21305 43.58169 0 6.45000 -11.17500 40.86530 0.10982 -13
0.03143 -0.16593 43.73563 0 5.00000 0.10000 43.71461 0.10212 13
-0.77137 -0.19440 15.07460 0 5.90000 21.95000 12.01790 0.12872 -13
1.35045 -0.04433 2.86274 0 1.62500 -36.17500 1.70500 0.16945 -13
-0.24885 0.01501 56.53353 0 -0.45000 6.95000 54.86072 0.10379 -13
0.38865 0.06621 82.07136 0 -2.00000 -12.97500 76.51881 0.10825 13
0.70077 -0.02431 98.78632 0 0.72500 -22.55000 80.90727 0.12299 13
1.68901 -0.00561 73.03220 0 0.15000 -52.67500 37.20767 0.19767 13
1.97687 0.13082 20.41508 0 -3.90000 -56.02500 9.27770 0.22344 -13
2.02974 -0.26879 20.41508 0 8.17500 -57.65000 9.27770 0.22958 -13
0.35978 0.13886 97.93380 0 -4.20000 -11.00000 92.25114 0.10793 13
0.36825 -0.26037 97.93380 0 7.85000 -11.25000 92.25114 0.11047 13
-0.19502 -0.22932 34.44724 0 6.90000 5.97500 33.84122 0.10516 13
-1.13975 0.12314 6.94299 0 -3.82500 34.60000 4.59842 0.15328 13
-1.17369 -0.27715 6.94299 0 8.25000 35.57500 4.59842 0.15765 13
-0.85079 0.09693 80.66831 0 -2.92500 25.77500 61.56114 0.13258 13
0.70189 -0.01629 82.63064 0 0.50000 -20.92500 67.63653 0.12304 -13
1.56499 -0.19843 92.26608 0 5.97500 -47.82500 50.36175 0.18808 13
0.33976 -0.14538 56.55463 0 4.40000 -7.85000 53.60572 0.10736 -13
-0.65472 -0.06517 92.67653 0 1.95000 17.70000 77.58550 0.12054 13
1.14682 0.12159 11.69897 0 -3.60000 -33.62500 7.72045 0.15369 -13
1.18171 -0.27835 11.69897 0 8.47500 -34.72500 7.72045 0.15850 -13
0.39750 -0.06761 62.53980 0 2.02500 -12.52500 58.13456 0.10858 13
-1.95927 -0.00277 93.53597 0 0.07500 59.77500 42.52108 0.22151 13
-0.01290 -0.04030 11.81221 0 1.17500 2.07500 11.81123 0.10079 13
0.47468 0.14536 45.28019 0 -4.40000 -14.02500 40.98358 0.11244 13
0.48462 -0.25360 45.28019 0 7.62500 -14.32500 40.98358 0.11477 13
-1.23468 -0.22018 8.80303 0 6.72500 37.80000 5.61937 0.16165 -13
-0.29068 -0.07913 25.48280 0 2.37500 9.10000 24.47583 0.10517 13
-0.44607 0.09305 96.03493 0 -2.80000 14.20000 87.76740 0.11067 -13
-0.64798 -0.23797 12.61804 0 7.22500 18.97500 10.67398 0.12242 -13
0.07576 -0.12283 18.63538 0 3.72500 -2.75000 18.58294 0.10176 -13
-1.46399 -0.12514 2.83586 0 3.47500 44.70000 1.60762 0.17894 13
-1.93357 -0.04346 66.63024 0 1.30000 59.17500 30.63207 0.21925 13
1.13246 -0.15659 97.64530 0 4.72500 -35.07500 65.07174 0.15296 -13
-0.82623 -0.02622 61.91661 0 0.77500 23.65000 47.73853 0.13066 13
-1.83990 -0.21879 64.03627 0 6.57500 55.05000 31.13271 0.21196 13
1.91298 3.46585 64.03627 0 6.97500 55.22500 31.13271 0.21323 13
-0.74344 -0.12225 44.83802 0 3.67500 22.42500 36.07825 0.12608 13
-0.77456 -0.04330 22.55482 0 1.27500 25.55000 17.83760 0.12745 13
-1.82770 0.06766 85.86883 0 -2.05000 56.72500 41.28937 0.20991 13
-0.82215 0.11755 71.34916 0 -3.52500 27.85000 55.26624 0.13090 -13
-0.39090 0.02160 25.02439 0 -0.67500 10.87500 23.30754 0.10815 13
0.57261 0.06038 63.40678 0 -1.82500 -17.55000 55.04934 0.11620 13
0.47611 -0.22541 15.39060 0 6.82500 -13.70000 13.95814 0.11386 -13
-0.97344 0.07027 90.12393 0 -2.10000 30.20000 64.65693 0.14071 -13
1.67177 -0.01444 40.67443 0 0.45000 -49.65000 20.88128 0.19619 -13
0.54123 -0.13681 10.24385 0 4.07500 -14.87500 9.02780 0.11531 13
1.73467 -0.18752 70.20635 0 5.67500 -51.15000 35.51789 0.20254 -13
-0.62009 -1.46711 70.20635 0 5.97500 -50.97500 35.51789 0.20382 -13
-0.12463 0.32242 70.20635 0 7.05000 -50.80000 35.51789 0.20909 -13
-1.04627 -1.43965 70.20635 0 4.17500 -53.37500 35.51789 0.21943 -13
-0.37341 0.09834 84.61876 0 -2.97500 13.15000 79.31856 0.10795 13
-0.03902 -0.03240 41.96882 0 1.00000 -0.37500 41.93694 0.10083 -13
-1.14702 -0.14651 7.74712 0 4.52500 36.00000 5.12206 0.15403 -13
-1.31127 0.05501 88.75144 0 -1.65000 39.42500 53.87013 0.16616 -13
1.99111 -0.00199 66.06107 0 0.07500 -58.42500 29.64857 0.22438 -13
-0.22004 -0.20253 84.67417 0 6.12500 8.55000 82.77121 0.10512 -13
-0.95891 0.02329 45.96574 0 -0.72500 29.75000 33.18163 0.13954 13
-0.62587 -0.14069 79.74456 0 4.22500 20.27500 67.78231 0.11963 13
1.29915 -0.20906 16.14780 0 6.35000 -38.07500 9.98209 0.16649 -13
1.11728 0.05938 30.79930 0 -1.82500 -36.82500 20.56058 0.15113 13
-0.45476 0.03530 49.23142 0 -1.05000 10.00000 44.81970 0.11069 -13
1.04271 -0.00417 26.15462 0 0.15000 -32.65000 18.10336 0.14549 -13
-0.38644 -0.19293 77.19309 0 5.82500 11.82500 72.17243 0.10969 13
1.45974 0.06674 98.07286 0 -2.02500 -44.82500 55.50997 0.17831 13
0.47730 -0.12383 6.79611 0 3.65000 -12.37500 6.14182 0.11226 13
-0.25946 -0.14586 10.27564 0 4.35000 6.97500 9.95292 0.10506 13
-0.17651 -0.00419 4.19312 0 -0.00000 7.12500 4.12922 0.10229 13
-0.54823 -0.07768 15.40346 0 2.30000 15.47500 13.51637 0.11510 13
0.90101 -0.09977 94.68326 0 3.02500 -28.42500 70.49781 0.13593 -13
-0.55762 0.75554 94.68326 0 3.10000 -28.42500 70.49781 0.13955 -13
-1.97204 0.04655 52.07378 0 -1.37500 57.95000 23.57202 0.22271 -13
0.51594 -0.21756 93.00569 0 6.55000 -14.07500 83.04886 0.11540 13
-2.02089 0.08621 15.00889 0 -2.52500 61.52500 6.67615 0.22719 -13
-0.08957 -0.04087 50.07121 0 1.25000 1.80000 49.87189 0.10119 -13
0.14665 -0.10720 35.55429 0 3.25000 -3.65000 35.18216 0.10236 -13
0.00557 0.10830 70.05623 0 -3.25000 -1.80000 70.05515 0.10129 -13
0.10045 0.00549 46.84276 0 -0.17500 -1.67500 46.60821 0.10121 13
-0.25579 -0.16827 55.31164 0 5.07500 8.77500 53.63177 0.10531 13
0.40948 -0.18571 87.10689 0 5.60000 -9.27500 80.80420 0.11042 -13
1.48573 0.02892 43.03474 0 -0.90000 -42.72500 24.03633 0.18038 13
1.20530 -0.01651 77.59470 0 0.47500 -36.77500 49.54980 0.15772 13
1.76857 -0.03510 16.62925 0 1.00000 -53.75000 8.18905 0.20462 13
-1.17077 -0.05631 39.49778 0 1.72500 33.97500 25.67681 0.15517 -13
0.37803 0.04796 57.35877 0 -1.45000 -10.95000 53.66070 0.10777 13
-1.59461 -0.02637 82.39617 0 0.80000 49.05000 43.78693 0.18957 -13
-1.59039 -0.24721 1.83199 0 6.97500 47.45000 0.99596 0.19044 13
1.28848 0.12514 43.57537 0 -3.75000 -40.52500 26.84670 0.16472 -13
1.32592 -0.27478 43.57537 0 8.30000 -41.65000 26.84670 0.16954 -13
0.90266 -0.16004 52.25986 0 4.85000 -26.32500 39.01245 0.13662 -13
-1.89954 -0.13414 29.29978 0 4.02500 56.37500 13.74498 0.21656 13
-0.69561 -0.02507 11.28313 0 0.80000 21.57500 9.26322 0.12271 -13
-0.00184 -0.11568 69.20150 0 3.50000 3.67500 69.20139 0.10138 -13
-0.20408 -0.07410 46.30177 0 2.25000 5.25000 45.37162 0.10305 -13
-0.73498 0.05397 34.30718 0 -1.60000 28.27500 27.65810 0.12509 -13
0.46570 0.03869 91.06733 0 -1.15000 -14.27500 82.56532 0.11115 -13
-1.33297 -0.00031 33.92168 0 -0.02500 41.22500 20.35616 0.16782 13
-0.79473 0.00630 88.01002 0 -0.17500 22.65000 68.90156 0.12864 -13
-0.04208 -0.10940 89.64221 0 3.30000 2.82500 89.56389 0.10139 13
0.58077 -0.12027 56.32713 0 3.65000 -18.72500 48.79599 0.11709 -13
1.10629 0.06208 72.56411 0 -1.87500 -32.12500 48.71104 0.15031 13
-0.05659 0.05195 44.59518 0 -1.57500 3.02500 44.52415 0.10100 13
0.05331 0.06565 47.99943 0 -2.00000 -2.80000 47.93167 0.10106 13
-0.26727 -0.10035 44.65407 0 3.05000 7.20000 43.15431 0.10472 -13
-1.71420 0.08391 84.38955 0 -2.52500 53.92500 42.63429 0.20002 -13
-0.11134 0.04436 73.01111 0 -1.32500 1.95000 72.56360 0.10142 -13
-0.79228 0.10529 93.37650 0 -3.17500 25.72500 73.34509 0.12891 -13
-1.40737 -0.14698 46.50143 0 4.45000 43.45000 27.12576 0.17450 -13
-0.11676 -0.18469 49.88002 0 5.55000 3.40000 49.55435 0.10307 13
0.44928 0.06328 2.77332 0 -2.10000 -15.65000 2.53078 0.11070 13
0.58406 -0.15030 36.55527 0 4.52500 -18.90000 31.65469 0.11759 13
0.46968 0.03457 81.84092 0 -1.02500 -15.22500 74.08465 0.11131 -13
1.89518 -0.10373 78.26729 0 3.15000 -57.87500 36.67739 0.21606 -13
-0.22495 0.02024 20.77141 0 -0.62500 7.27500 20.26519 0.10324 13
-0.45026 0.14516 48.77622 0 -4.40000 14.52500 44.55336 0.11141 13
-0.45973 -0.25381 48.77622 0 7.65000 14.82500 44.55336 0.11374 13
0.03680 -0.09958 86.67498 0 3.00000 -0.77500 86.61691 0.10127 -13
1.61764 -0.01595 47.19715 0 0.45000 -48.97500 24.81954 0.19152 13
0.68057 -0.12811 80.77546 0 3.87500 -20.52500 66.94913 0.12250 -13
0.01753 0.10418 69.90536 0 -3.12500 -2.95000 69.89473 0.10126 -13
0.03578 -0.23835 78.78760 0 7.17500 -2.25000 78.73990 0.10358 13
-1.44939 0.00627 53.81635 0 -0.20000 45.67500 30.56207 0.17733 13
0.20880 -0.21039 70.16839 0 6.35000 -7.37500 68.74798 0.10503 13
0.77556 0.01180 50.17173 0 -0.37500 -23.95000 39.64661 0.12745 13
0.14210 0.03365 89.84213 0 -1.02500 -3.00000 88.94956 0.10177 13
1.04098 -0.18374 73.41832 0 5.55000 -28.42500 51.29971 0.14655 -13
-0.93860 -0.00692 93.70520 0 0.20000 28.65000 68.32486 0.13811 13
-1.92906 -0.15687 73.39564 0 4.75000 57.55000 34.10351 0.21940 -13
-0.32878 -0.17273 45.34004 0 5.20000 11.97500 43.13297 0.10742 13
-0.07603 0.03600 88.68013 0 -1.10000 0.30000 88.42519 0.10106 13
-0.99174 0.00654 72.86565 0 -0.20000 28.82500 51.73777 0.14183 13
-0.94218 -0.12497 80.16255 0 3.75000 25.82500 58.55685 0.13893 13
2.08499 -0.23715 2.08138 0 6.60000 -62.45000 0.92091 0.23331 13
1.80058 -0.12637 8.66948 0 3.70000 -54.70000 4.23567 0.20767 13
-1.58665 0.06194 32.62875 0 -1.90000 48.22500 17.42136 0.18898 13
1.79617 -0.07792 92.05806 0 2.35000 -53.92500 44.88359 0.20717 13
-1.73932 0.01528 30.05005 0 -0.50000 54.40000 14.97944 0.20205 13
0.15145 0.06271 58.13292 0 -1.90000 -4.10000 57.47997 0.10205 13
0.56915 -0.04937 19.46971 0 1.45000 -19.17500 16.92573 0.11597 13
-0.38240 0.14256 97.20840 0 -4.30000 10.85000 90.91162 0.10877 13
-0.39082 -0.25651 97.20840 0 7.72500 11.10000 90.91162 0.11116 13
1.00857 -0.21225 13.66909 0 6.35000 -31.55000 9.73042 0.14457 13
0.45328 -0.16656 16.80233 0 5.00000 -13.57500 15.33883 0.11181 13
1.60844 0.12801 87.24156 0 -3.85000 -48.90000 46.33268 0.19116 -13
1.65328 -0.27177 87.24156 0 8.20000 -50.25000 46.33268 0.19652 -13
-0.06904 0.07937 71.51261 0 -2.40000 2.70000 71.34389 0.10126 13
0.37930 -0.24290 27.16334 0 7.35000 -10.35000 25.48702 0.11046 -13
1.42071 -0.16464 17.03237 0 5.02500 -43.85000 9.89098 0.17580 -13
-2.08035 -0.20607 71.11526 0 6.20000 63.72500 31.33338 0.23333 13
1.26017 -0.19070 13.41248 0 5.82500 -37.02500 8.42898 0.16320 -13
-1.06827 -0.19697 71.20367 0 5.95000 30.20000 49.15274 0.14869 -13
-0.28119 -0.13432 94.56162 0 4.05000 8.80000 91.09046 0.10548 13
-1.02254 0.11347 97.46239 0 -3.42500 30.72500 68.36703 0.14448 13
0.26361 -0.11369 5.08892 0 3.52500 -8.30000 4.92294 0.10483 -13
-0.35772 -0.04296 48.24265 0 1.27500 9.92500 45.42849 0.10704 13
-1.79463 -0.13557 19.62565 0 4.15000 55.10000 9.61975 0.20738 -13
-0.40097 0.06459 51.06855 0 -1.95000 11.75000 47.41372 0.10869 -13
1.33267 0.05116 40.46668 0 -1.52500 -40.22500 24.30828 0.16786 -13
-0.83267 -0.00366 63.85402 0 0.12500 27.07500 49.07043 0.13104 -13
2.02966 -0.04201 93.08205 0 1.25000 -58.95000 41.16722 0.22789 13
0.01497 -0.11825 49.34166 0 3.57500 1.90000 49.33624 0.10142 -13
1.00493 0.08336 30.14664 0 -2.52500 -32.35000 21.30192 0.14301 13
-0.59070 -0.05051 33.37281 0 1.55000 15.12500 28.74428 0.11707 -13
-0.10099 -0.06217 33.37281 0 1.52500 15.07500 28.74428 0.11702 -13
0.18866 0.53832 33.37281 0 3.05000 15.30000 28.74428 0.12511 -13
-1.46593 -0.19406 86.27676 0 5.87500 45.50000 49.23293 0.17978 -13
-0.43574 -0.02172 83.67705 0 0.65000 13.75000 76.71386 0.10987 -13
-0.66558 0.00412 4.99057 0 -0.25000 20.87500 4.15452 0.12100 13
-0.49052 -0.06177 88.71856 0 1.85000 15.30000 79.68142 0.11233 13
0.94582 0.14528 54.90247 0 -4.37500 -27.92500 40.08368 0.13937 -13
0.96562 -0.25367 54.90247 0 7.67500 -28.52500 40.08368 0.14232 -13
