-1.35575 0.04252 51.56541 0 -1.30000 39.60000 30.62683 0.16970 13
2.08192 -0.20852 17.04251 0 6.37500 -59.22500 7.50748 0.23364 -13
1.06491 -0.15460 52.47801 0 4.67500 -29.17500 36.14833 0.14794 -13
-2.06629 -0.00700 86.02495 0 0.22500 59.70000 37.47553 0.23116 -13
-1.86657 -0.01061 12.63077 0 0.40000 58.87500 5.96533 0.21326 -13
0.84884 -0.02022 14.93567 0 0.57500 -25.10000 11.38773 0.13211 13
0.82864 0.02514 87.38352 0 -0.75000 -23.87500 67.29326 0.13081 -13
-0.20723 -0.01279 82.18700 0 0.37500 7.15000 80.47724 0.10285 13
-0.76457 0.10164 35.28975 0 -3.05000 20.60000 28.08770 0.12717 -13
0.26378 0.01225 49.24290 0 -0.35000 -7.32500 47.61448 0.10416 -13
0.48156 0.05033 57.61789 0 -1.50000 -16.10000 51.92435 0.11188 -13
-1.06515 0.00786 86.39834 0 -0.22500 34.12500 59.13695 0.14713 -13
1.36251 0.01647 6.09302 0 -0.62500 -42.22500 3.60554 0.17024 13
0.19697 0.10290 70.91417 0 -3.10000 -3.35000 69.59093 0.10317 13
-1.64354 -0.03537 10.50140 0 0.97500 49.85000 5.46113 0.19376 13
1.47313 -0.08759 43.26352 0 2.62500 -44.05000 24.36224 0.17951 13
0.95958 0.04218 52.70682 0 -1.27500 -28.55000 38.04649 0.13963 13
-0.36977 -0.19321 68.10869 0 5.82500 10.00000 64.02025 0.10912 -13
1.67313 -0.03066 69.36743 0 0.95000 -50.57500 35.60020 0.19631 -13
-0.44937 -0.12476 71.79198 0 3.75000 12.97500 65.56889 0.11111 13
-1.31314 -0.02626 58.95006 0 0.77500 41.20000 35.72299 0.16623 13
-1.07277 0.06266 79.99041 0 -1.87500 34.47500 54.59944 0.14782 -13
1.46724 -0.21190 18.50787 0 6.35000 -45.82500 10.57961 0.18003 13
0.47380 0.05797 18.71075 0 -1.72500 -14.55000 16.91437 0.11158 -13
0.86051 -0.01567 32.98832 0 0.50000 -28.72500 25.00636 0.13287 -13
-0.90491 -0.15048 60.67336 0 4.52500 25.92500 45.21403 0.13665 13
1.22667 -0.15116 2.05723 0 4.95000 -38.97500 1.30719 0.16081 -13
-1.37724 -0.10276 67.50380 0 3.10000 42.87500 39.79850 0.17170 13
-0.34780 -0.19202 95.24139 0 5.77500 12.00000 90.12893 0.10836 13
0.38707 -0.10606 31.97538 0 3.17500 -12.17500 29.84090 0.10851 13
-0.56350 0.12056 74.53125 0 -3.65000 17.40000 65.04389 0.11623 13
-0.58093 -0.27970 74.53125 0 8.42500 17.92500 65.04389 0.11981 13
0.43133 0.08526 86.20289 0 -2.57500 -11.70000 79.19854 0.11001 13
-0.74154 0.13744 74.28119 0 -4.15000 21.92500 59.86335 0.12613 -13
-0.75940 -0.26185 74.28119 0 7.90000 22.47500 59.86335 0.12918 -13
0.23458 0.11285 47.27186 0 -3.42500 -7.55000 46.03773 0.10406 13
-0.56667 -0.21478 46.13316 0 6.47500 19.72500 40.35361 0.11774 13
-0.52020 0.09387 79.22530 0 -2.82500 13.72500 70.34967 0.11390 -13
-0.46146 -0.17149 44.63597 0 5.15000 12.70000 40.63076 0.11224 13
0.71406 -0.24668 73.58585 0 7.45000 -19.20000 60.47425 0.12622 -13
0.18953 0.03740 67.69153 0 -1.12500 -5.90000 66.50913 0.10257 -13
-0.84631 -0.24851 24.29941 0 7.47500 23.35000 18.77710 0.13426 13
-0.88957 -0.12790 16.93649 0 3.82500 27.77500 12.69917 0.13538 13
-0.95698 0.04088 19.49551 0 -1.27500 32.57500 14.09070 0.13946 13
0.39715 -0.22348 96.24437 0 6.75000 -11.82500 89.73977 0.11067 -13
0.75367 -0.09830 16.33377 0 3.00000 -23.40000 13.06652 0.12651 -13
0.03722 -0.03192 87.35714 0 0.97500 -0.67500 87.29676 0.10083 -13
-0.94045 -0.06182 70.81911 0 1.85000 28.67500 51.63552 0.13838 13
1.57916 -0.14937 99.64712 0 4.52500 -49.92500 53.73149 0.18883 -13
0.59992 -0.17369 83.14058 0 5.22500 -18.92500 71.57304 0.11872 13
0.20462 -0.01849 21.13811 0 0.52500 -4.57500 20.70921 0.10280 13
-1.27712 -0.20703 36.19300 0 6.22500 38.67500 22.60317 0.16464 13
-0.63347 0.05952 12.95907 0 -1.75000 19.80000 10.95299 0.11935 -13
-0.10000 0.03713 63.90357 0 -1.12500 5.45000 63.58682 0.10128 -13
-0.35992 0.09746 67.94097 0 -2.92500 11.92500 63.96096 0.10748 -13
1.67388 -0.18398 61.07028 0 5.52500 -50.25000 31.70603 0.19721 13
-1.83846 -0.12238 67.82793 0 3.70000 56.72500 32.59583 0.21113 -13
-0.72456 0.11483 59.50294 0 -3.47500 22.90000 48.29230 0.12490 13
1.29618 0.05041 9.86824 0 -1.42500 -38.42500 6.03309 0.16491 -13
1.46605 -0.08780 6.77001 0 2.77500 -45.57500 3.82412 0.17906 -13
0.40372 0.08532 47.77399 0 -2.57500 -13.97500 44.32233 0.10894 -13
0.91861 -0.15000 12.87922 0 4.47500 -30.92500 9.53294 0.13755 13
-0.18927 0.00334 14.65079 0 -0.12500 6.10000 14.39518 0.10249 13
0.38525 -0.06895 8.34664 0 2.02500 -14.07500 7.79108 0.10813 13
0.68178 -0.03763 11.30073 0 1.07500 -19.97500 9.33915 0.12194 13
-0.79648 0.11684 80.95363 0 -3.52500 26.12500 63.48882 0.12928 13
0.58430 0.07798 30.63379 0 -2.32500 -18.07500 26.47030 0.11690 -13
-0.25966 0.00671 45.80315 0 -0.22500 8.50000 44.33316 0.10405 13
-0.25355 0.12112 11.86564 0 -3.70000 8.95000 11.50671 0.10462 13
-0.26142 -0.27921 11.86564 0 8.37500 9.17500 11.50671 0.10777 13
1.20826 0.10220 39.85099 0 -3.07500 -35.77500 25.48655 0.15827 -13
0.35482 -0.03223 96.86152 0 0.97500 -9.77500 91.29094 0.10690 -13
-0.59298 0.02933 73.72532 0 -0.90000 17.10000 63.42160 0.11712 13
-0.64199 0.13327 35.76956 0 -4.02500 20.75000 30.17719 0.12043 13
-0.65860 -0.26627 35.76956 0 8.02500 21.25000 30.17719 0.12351 13
0.02169 0.10829 69.59997 0 -3.27500 -1.65000 69.58379 0.10132 13
0.53462 -0.22206 71.42668 0 6.70000 -15.70000 63.32130 0.11637 -13
1.37744 0.10973 27.70348 0 -3.35000 -41.40000 16.33996 0.17178 13
1.23813 -0.13692 9.42332 0 4.22500 -35.72500 5.95321 0.16095 -13
-0.30811 -0.05701 48.36420 0 1.70000 11.47500 46.22656 0.10547 13
-0.30505 -0.01708 46.65535 0 0.52500 12.30000 44.62575 0.10530 -13
-1.72849 -0.01119 38.32256 0 0.32500 50.62500 19.19164 0.20110 13
0.61668 0.12290 28.62535 0 -3.70000 -18.55000 24.41467 0.11895 -13
0.63516 -0.27715 28.62535 0 8.37500 -19.10000 24.41467 0.12254 -13
-0.41742 0.10996 70.82482 0 -3.32500 12.70000 65.41732 0.10969 13
-0.63435 -0.07725 59.26678 0 2.32500 19.42500 50.08941 0.11951 13
0.31758 -0.01440 77.37707 0 0.45000 -6.35000 73.74798 0.10567 -13
-0.49656 -0.00422 82.03328 0 0.12500 13.85000 73.47367 0.11243 -13
-0.55832 -0.04694 46.07211 0 1.42500 15.30000 40.23748 0.11544 -13
-1.44933 0.14563 49.86561 0 -4.37500 44.07500 28.52118 0.17791 -13
-1.47949 -0.25327 49.86561 0 7.65000 44.97500 28.52118 0.18165 -13
0.78405 -0.09427 63.91943 0 2.85000 -22.75000 50.38578 0.12832 -13
1.24908 0.14391 30.31606 0 -4.37500 -37.62500 19.06510 0.16180 13
1.27595 -0.25513 30.31606 0 7.67500 -38.42500 19.06510 0.16522 13
-0.86185 0.03414 36.30825 0 -1.00000 27.05000 27.50963 0.13299 -13
0.73160 0.06098 6.71436 0 -1.92500 -20.65000 5.42228 0.12497 13
0.61318 -0.01230 94.32976 0 0.37500 -18.80000 80.41726 0.11813 -13
-0.28780 -0.19280 63.54664 0 5.80000 8.70000 61.15173 0.10657 13
0.85687 -0.13436 61.72525 0 4.07500 -23.07500 47.04907 0.13331 -13
-0.24463 0.01299 73.01629 0 -0.40000 6.47500 70.92534 0.10368 13
-0.34007 0.05865 1.49333 0 -1.42500 7.40000 1.41404 0.10674 -13
0.10593 -0.20592 33.81844 0 6.20000 -2.80000 33.63789 0.10336 13
1.19058 0.07389 2.86430 0 -2.50000 -35.87500 1.84519 0.15697 13
1.24034 -0.13274 31.22892 0 3.97500 -37.67500 19.70483 0.16098 13
-1.85384 0.01483 82.78666 0 -0.45000 59.02500 39.30670 0.21212 13
-0.28148 0.14501 32.35244 0 -4.40000 8.92500 31.16596 0.10564 13
-0.28741 -0.25396 32.35244 0 7.65000 9.10000 31.16596 0.10784 13
-1.96267 -0.01909 13.78042 0 0.65000 61.25000 6.25720 0.22184 -13
0.15981 -0.12884 51.20488 0 3.90000 -6.55000 50.57365 0.10281 -13
-1.81043 -0.21042 50.03571 0 6.32500 51.72500 24.59626 0.20932 13
-0.36637 -0.06025 87.09789 0 1.80000 10.87500 81.79979 0.10742 13
-1.59719 0.00609 96.43073 0 -0.20000 50.05000 51.17359 0.18977 13
0.28430 -0.03327 19.04330 0 1.02500 -7.55000 18.31828 0.10475 -13
0.22555 -0.09856 60.77315 0 2.97500 -4.45000 59.29787 0.10371 -13
-0.34868 -0.18495 50.00259 0 5.57500 12.97500 47.29954 0.10826 13
-0.42706 0.03204 20.70291 0 -1.00000 13.95000 19.04058 0.10956 13
-1.02576 -0.07754 22.69577 0 2.37500 32.60000 15.86731 0.14449 -13
0.14925 0.01182 34.49286 0 -0.35000 -5.75000 34.11508 0.10183 -13
0.31377 0.13810 7.57227 0 -4.22500 -9.42500 7.23122 0.10650 13
0.32135 -0.26126 7.57227 0 7.80000 -9.62500 7.23122 0.10894 13
-1.77851 0.13479 4.29798 0 -4.30000 54.47500 2.12211 0.20609 13
-1.82280 -0.26451 4.29798 0 7.75000 55.65000 2.12211 0.21064 13
1.44322 -0.16453 96.54812 0 4.97500 -43.00000 55.48434 0.17760 -13
0.44437 -0.09347 12.33053 0 2.85000 -13.82500 11.27613 0.11062 -13
0.17644 -0.17598 70.43912 0 5.30000 -5.97500 69.39921 0.10378 13
-0.49833 -0.20082 20.16175 0 6.07500 13.90000 18.11493 0.11434 -13
-0.80500 -0.22852 48.86418 0 6.90000 22.75000 38.44017 0.13132 -13
0.52793 0.04144 79.15774 0 -1.25000 -17.60000 70.01456 0.11395 13
-0.98552 -0.04191 6.92018 0 1.17500 33.97500 4.93084 0.14145 13
-0.43799 -0.23841 57.06888 0 7.17500 13.32500 52.50229 0.11252 13
-1.00168 0.07459 34.62679 0 -2.27500 30.47500 24.49843 0.14274 13
-1.55566 -0.08895 41.22929 0 2.70000 48.95000 22.35619 0.18647 -13
-1.56246 -0.24726 36.34946 0 7.47500 47.15000 20.00766 0.18850 -13
0.88855 -0.12420 10.30755 0 3.67500 -29.27500 7.73109 0.13527 13
-0.33819 -0.11910 94.54960 0 3.60000 11.15000 89.63049 0.10698 13
-0.99573 -0.00540 46.66343 0 0.17500 30.92500 33.06695 0.14212 -13
0.60890 0.09037 83.25482 0 -2.72500 -18.47500 71.18802 0.11826 13
-0.40958 0.05630 19.41676 0 -1.72500 12.75000 17.97217 0.10898 13
-1.62119 -0.16634 87.54630 0 5.00000 47.07500 46.41659 0.19254 13
-0.27090 -0.15149 56.39243 0 4.55000 9.25000 54.47234 0.10543 13
1.97406 -0.21335 38.92228 0 6.47500 -59.55000 17.90165 0.22392 -13
0.09188 -0.24450 39.33374 0 7.40000 -1.72500 39.17795 0.10409 -13
-0.29782 -0.12849 56.81838 0 3.87500 7.25000 54.49100 0.10587 -13
1.71982 -0.20823 22.70264 0 6.22500 -51.97500 11.59187 0.20140 13
0.50266 0.13113 27.17197 0 -3.97500 -14.00000 24.31906 0.11349 13
0.51609 -0.26855 27.17197 0 8.07500 -14.40000 24.31906 0.11648 13
-1.23709 -0.02481 17.41240 0 0.80000 35.15000 10.94820 0.16022 -13
-0.38610 -0.18541 76.71034 0 5.60000 9.72500 71.71630 0.10955 -13
-0.98213 -0.10473 83.44911 0 3.15000 30.37500 59.69572 0.14154 13
1.15771 -0.22452 51.39017 0 6.80000 -31.75000 34.06408 0.15572 -13
-1.56913 0.13254 58.75745 0 -4.02500 46.40000 31.77516 0.18786 13
-1.61002 -0.26701 58.75745 0 8.05000 47.60000 31.77516 0.19272 13
0.17405 -0.10076 52.61077 0 3.05000 -6.97500 51.83932 0.10272 -13
-0.57445 0.03589 50.02095 0 -1.07500 18.10000 43.38087 0.11619 -13
-0.82771 0.12154 32.12454 0 -3.67500 24.00000 24.82056 0.13131 13
-0.85295 -0.27869 32.12454 0 8.37500 24.75000 24.82056 0.13528 13
0.03125 0.13711 62.95659 0 -4.15000 -0.32500 62.92641 0.10170 13
0.03200 -0.26223 62.95659 0 7.90000 -0.35000 62.92641 0.10415 13
-1.10449 -0.03971 74.48082 0 1.20000 33.10000 50.01162 0.15009 -13
-0.12463 -0.20775 78.86080 0 6.25000 1.52500 78.28017 0.10361 13
1.12262 -0.03401 92.50236 0 1.02500 -33.47500 61.54761 0.15143 13
0.76100 0.10996 75.57461 0 -3.32500 -22.37500 60.27335 0.12704 13
-0.72698 -0.07041 57.12360 0 2.12500 18.27500 46.24393 0.12470 13
1.58686 -0.20514 72.49689 0 6.17500 -49.50000 39.22003 0.19001 13
0.39139 0.05646 26.68271 0 -1.72500 -15.20000 24.85237 0.10830 13
0.07359 -0.02937 50.87099 0 0.90000 -1.37500 50.73392 0.10102 -13
0.32103 0.13722 87.00715 0 -4.15000 -7.22500 82.91456 0.10667 13
0.32879 -0.26211 87.00715 0 7.90000 -7.45000 82.91456 0.10924 13
0.87770 0.01598 48.17096 0 -0.47500 -24.35000 36.20618 0.13400 -13
-1.65090 0.13868 89.16513 0 -4.17500 50.90000 46.51799 0.19486 -13
-1.68983 -0.26054 89.16513 0 7.87500 52.07500 46.51799 0.19949 -13
0.69508 -0.05884 26.96754 0 1.80000 -21.00000 22.15590 0.12279 -13
0.94860 0.14516 33.34658 0 -4.35000 -28.15000 24.31195 0.13956 -13
0.96852 -0.25379 33.34658 0 7.67500 -28.77500 24.31195 0.14253 -13
-0.45078 0.08316 56.75146 0 -2.50000 9.60000 51.76771 0.11077 -13
-1.31948 -0.21462 27.88100 0 6.50000 40.47500 17.08131 0.16815 -13
0.06888 0.13947 34.17770 0 -4.22500 -1.67500 34.09838 0.10192 13
0.07051 -0.25978 34.17770 0 7.82500 -1.72500 34.09838 0.10427 13
0.66478 -0.06172 68.93711 0 1.87500 -19.50000 57.44235 0.12109 -13
1.82013 0.10203 75.41571 0 -3.10000 -54.62500 36.45815 0.20940 13
-0.16819 -0.20653 98.18208 0 6.22500 3.10000 96.87668 0.10421 13
-1.59744 -0.13835 23.46465 0 4.22500 49.77500 12.53589 0.19032 -13
-1.00179 0.02763 83.07138 0 -0.85000 29.40000 58.69901 0.14257 13
-0.30156 -0.11409 47.82155 0 3.42500 9.15000 45.80954 0.10580 13
-0.10693 -0.23843 74.29197 0 7.20000 3.20000 73.89322 0.10409 -13
0.06434 -0.15550 78.07845 0 4.67500 -1.45000 77.92113 0.10211 13
0.39268 0.08427 77.68531 0 -2.52500 -12.45000 72.34423 0.10852 -13
2.13996 0.00993 19.31686 0 -0.22500 -64.90000 8.17825 0.23787 -13
0.08908 -0.05387 97.24632 0 1.62500 -3.85000 96.86387 0.10125 -13
1.17026 0.02845 66.45085 0 -0.85000 -36.07500 43.17886 0.15504 -13
0.38545 -0.02331 53.70566 0 0.70000 -12.70000 50.11375 0.10795 -13
0.33912 0.06433 54.26756 0 -1.95000 -9.92500 51.40370 0.10654 13
1.56248 -0.10843 80.03808 0 3.27500 -46.95000 43.32422 0.18714 -13
-0.03815 0.00265 30.09225 0 -0.07500 1.95000 30.07038 0.10077 -13
-1.66930 0.10858 59.95088 0 -3.25000 53.40000 30.94180 0.19626 -13
0.63459 0.09284 36.47493 0 -2.82500 -18.65000 30.83500 0.11964 13
0.73280 -0.08090 44.66382 0 2.45000 -24.87500 36.06716 0.12512 -13
-1.25525 0.08180 6.46916 0 -2.35000 36.97500 4.03941 0.16179 -13
-0.05107 -0.20377 14.76230 0 6.17500 1.27500 14.74385 0.10293 -13
0.01743 -0.18173 20.81842 0 5.50000 1.95000 20.81535 0.10238 -13
0.36073 -0.22190 38.65394 0 6.67500 -9.62500 36.45907 0.10935 13
1.46525 -0.15168 98.68327 0 4.57500 -44.02500 56.05972 0.17929 13
0.40908 -0.09557 79.09443 0 2.90000 -10.37500 73.25349 0.10923 -13
0.66215 0.02499 86.88680 0 -0.75000 -21.75000 72.45163 0.12080 -13
1.08591 0.08468 55.55490 0 -2.57500 -33.60000 37.70616 0.14891 13
0.08653 -0.21055 94.98224 0 6.35000 0.20000 94.64354 0.10328 13
0.82061 -0.09298 90.80331 0 2.80000 -26.40000 70.31466 0.13060 13
0.45469 -0.04952 57.89898 0 1.50000 -10.82500 52.71760 0.11074 -13
-0.82820 -0.24219 30.45140 0 7.27500 24.70000 23.72104 0.13299 13
0.48777 0.14903 87.82842 0 -4.50000 -14.20000 79.10406 0.11294 13
0.49726 -0.24978 87.82842 0 7.52500 -14.50000 79.10406 0.11524 13
2.02046 0.10838 76.32239 0 -3.25000 -61.22500 34.01472 0.22727 -13
0.07969 -0.19951 1.16103 0 6.47500 -2.00000 1.15749 0.10374 -13
-0.46997 -0.24704 33.04856 0 7.47500 13.62500 30.06682 0.11403 -13
-0.69156 0.10498 83.34797 0 -3.15000 21.35000 68.67251 0.12289 -13
1.25281 0.07602 76.48632 0 -2.30000 -34.72500 47.79823 0.16161 13
1.33591 -0.01696 13.34730 0 0.57500 -40.40000 7.99902 0.16808 -13
1.61638 -0.02593 18.10344 0 0.72500 -49.57500 9.52772 0.19140 13
1.14855 -0.03354 47.38433 0 1.00000 -32.22500 31.12513 0.15339 13
-0.70383 -0.02651 93.06416 0 0.80000 22.47500 76.11279 0.12317 -13
-0.94445 -0.07047 91.55093 0 2.12500 25.47500 66.63606 0.13869 13
0.42786 0.10832 17.44520 0 -3.30000 -13.97500 16.05300 0.11009 13
0.78691 -0.16734 78.56162 0 5.05000 -25.25000 62.06271 0.12924 13
-1.15365 0.01909 66.81757 0 -0.57500 36.52500 43.76988 0.15376 13
0.09900 0.01643 89.52244 0 -0.50000 -1.22500 89.08703 0.10121 -13
0.17947 -0.16497 90.25643 0 4.97500 -3.00000 88.87385 0.10365 -13
0.47646 -0.03421 10.80437 0 1.07500 -14.82500 9.75494 0.11161 -13
1.05437 0.13766 73.94018 0 -4.17500 -30.45000 51.13288 0.14701 13
1.07968 -0.26166 73.94018 0 7.87500 -31.20000 51.13288 0.15052 13
0.43295 -0.20921 40.44487 0 6.32500 -10.42500 37.23911 0.11175 -13
1.01442 -0.17556 88.95328 0 5.30000 -31.00000 62.92676 0.14455 -13
-1.63705 0.02598 37.81501 0 -0.75000 48.42500 19.71800 0.19318 -13
-0.80367 -0.21269 15.42138 0 6.45000 22.52500 12.12353 0.13100 -13
-1.43067 -0.09875 61.72739 0 2.97500 43.87500 35.47786 0.17606 13
-0.26000 -0.01620 80.17716 0 0.50000 9.45000 77.59797 0.10406 -13
-0.41341 0.04419 60.98394 0 -1.35000 13.12500 56.36568 0.10906 13
0.97257 -0.19938 69.56584 0 6.02500 -28.17500 50.33990 0.14191 -13
0.87787 -0.10762 91.97569 0 3.25000 -28.35000 69.29315 0.13444 13
1.62493 -0.07054 78.12535 0 2.12500 -47.75000 41.02017 0.19227 13
-1.29814 -0.12569 25.62223 0 3.82500 39.50000 15.71342 0.16551 -13
0.91934 0.00890 19.58703 0 -0.30000 -28.87500 14.41963 0.13680 13
-0.51100 0.01702 70.91565 0 -0.50000 12.25000 63.15063 0.11311 -13
0.04044 -0.21976 5.86635 0 6.72500 -0.25000 5.86179 0.10327 -13
0.06877 -0.24716 34.86722 0 7.45000 -0.72500 34.78972 0.10395 13
0.20195 0.00400 93.30850 0 -0.12500 -8.20000 91.46211 0.10274 13
-0.08635 0.04199 62.45301 0 -1.25000 0.00000 62.22192 0.10116 -13
-0.34569 -0.10534 45.36704 0 3.17500 10.92500 42.90159 0.10705 -13
0.70209 -0.85401 45.36704 0 3.20000 10.92500 42.90159 0.10712 -13
-1.23602 1.03518 45.36704 0 4.30000 10.07500 42.90159 0.11300 -13
0.21326 -0.48824 45.36704 0 4.40000 9.90000 42.90159 0.11423 -13
1.26775 0.06136 90.93556 0 -1.85000 -37.10000 56.38276 0.16270 -13
0.54635 -0.18954 3.40166 0 5.90000 -21.22500 2.99713 0.11651 -13
0.44264 -0.22710 78.17263 0 6.85000 -14.22500 71.77223 0.11247 13
0.65970 0.12393 94.48857 0 -3.72500 -20.60000 79.05324 0.12128 -13
0.67918 -0.27610 94.48857 0 8.32500 -21.20000 79.05324 0.12487 -13
-1.81477 0.07178 78.69449 0 -2.17500 55.07500 38.05485 0.20879 13
1.60883 -0.01700 89.70096 0 0.52500 -47.75000 47.35823 0.19077 -13
0.02579 -0.15358 76.10181 0 4.62500 -1.42500 76.07709 0.10192 13
-0.14985 -0.24306 95.93078 0 7.32500 4.32500 94.92953 0.10472 13
-0.17317 0.00965 20.27307 0 -0.27500 6.57500 19.97584 0.10221 -13
-1.31408 -0.22271 35.22945 0 6.75000 40.40000 21.66070 0.16783 -13
-0.20423 -0.12407 82.57753 0 3.72500 4.02500 80.93197 0.10353 13
0.94886 -0.06513 39.44651 0 1.97500 -27.55000 28.64404 0.13898 -13
-0.56188 0.08245 23.50320 0 -2.45000 18.10000 20.50697 0.11580 -13
0.48860 -0.20362 7.33908 0 6.22500 -13.95000 6.61979 0.11401 -13
-0.14907 -0.15065 70.70158 0 4.55000 1.32500 69.94574 0.10293 13
0.36977 -0.10808 52.43964 0 3.25000 -9.65000 49.21921 0.10791 13
-0.01825 -0.13482 22.90200 0 4.05000 2.92500 22.89826 0.10162 13
0.22740 -0.17867 45.18996 0 5.40000 -7.00000 44.09858 0.10484 -13
1.11946 -0.15372 46.51578 0 4.65000 -32.97500 31.18933 0.15197 -13
1.57706 -0.22439 85.77085 0 6.75000 -47.60000 46.73624 0.18939 13
-0.18066 0.13879 64.12986 0 -4.20000 6.12500 63.12709 0.10329 13
-0.18491 -0.26046 64.12986 0 7.85000 6.25000 63.12709 0.10571 13
-0.67853 -0.23638 91.26895 0 7.15000 19.55000 76.16243 0.12402 -13
1.22298 0.07463 61.58646 0 -2.25000 -34.32500 39.04931 0.15926 -13
-1.55762 -0.03171 4.61563 0 1.15000 44.77500 2.49419 0.18654 -13
-0.34523 -0.00522 74.05777 0 0.17500 10.57500 70.00370 0.10654 -13
1.34683 -0.10707 30.90373 0 3.25000 -41.47500 18.49017 0.16929 -13
-1.50552 -0.21532 85.56684 0 6.47500 46.87500 48.08859 0.18328 13
-0.34157 -0.23511 85.56684 0 6.50000 46.80000 48.08859 0.18309 13
0.51688 0.05024 85.56684 0 8.42500 48.07500 48.08859 0.19462 13
-0.07820 -0.23971 85.56684 0 -3.45000 48.07500 48.08859 0.19833 13
-0.92490 0.45584 85.56684 0 -4.40000 49.05000 48.08859 0.20429 13
1.28736 -5.02089 85.56684 0 7.75000 48.72500 48.08859 0.21013 13
0.04911 -0.63058 85.56684 0 -3.60000 48.55000 48.08859 0.22095 13
1.46268 -0.04005 54.27615 0 1.22500 -43.80000 30.64916 0.17848 -13
0.66578 0.01688 52.51707 0 -0.50000 -19.62500 43.71687 0.12099 -13
-1.55897 -0.13864 50.84143 0 4.20000 47.62500 27.63519 0.18706 -13
1.34261 -0.22346 77.21369 0 6.75000 -39.57500 46.84529 0.17009 -13
-2.07136 0.04896 22.79973 0 -1.52500 64.27500 9.92233 0.23169 13
-0.12789 1.41698 22.79973 0 -1.75000 64.20000 9.92233 0.23194 13
-1.22808 -0.77189 22.79973 0 -0.72500 63.95000 9.92233 0.24367 13
1.25346 0.59890 22.79973 0 -0.77500 63.90000 9.92233 0.24404 13
0.17409 -0.47932 22.79973 0 0.07500 63.87500 9.92233 0.25363 13
0.75704 -0.21301 55.11311 0 6.45000 -20.20000 44.29307 0.12813 -13
0.65410 0.02588 78.47303 0 -0.80000 -19.60000 65.67803 0.12037 13
1.13943 -0.06335 74.16385 0 1.90000 -33.10000 48.97579 0.15280 13
-1.27182 -0.18601 90.83456 0 5.62500 35.00000 56.73409 0.16401 -13
-0.30299 -0.21775 58.79011 0 6.57500 9.07500 56.37166 0.10749 -13
-0.62328 -0.16664 17.28151 0 5.05000 19.75000 14.72138 0.11987 -13
-0.68762 -0.22756 92.76269 0 6.87500 19.37500 77.04755 0.12435 -13
1.11176 0.08176 83.00706 0 -2.45000 -33.55000 55.61291 0.15081 -13
-0.14646 -0.15465 98.28408 0 4.65000 2.60000 97.27051 0.10296 13
1.17126 -0.21302 64.41931 0 6.42500 -33.15000 42.36424 0.15655 13
-0.35086 0.04587 31.98259 0 -1.37500 10.97500 30.18237 0.10682 -13
-0.64306 0.01446 72.70622 0 -0.45000 20.52500 61.15512 0.11973 13
-1.43162 -0.14921 5.09625 0 4.32500 43.45000 2.93940 0.17643 13
-0.36651 0.07868 6.65974 0 -2.30000 10.65000 6.25534 0.10754 -13
-1.55508 0.14041 39.32571 0 -4.22500 47.02500 21.41763 0.18670 -13
-1.59067 -0.25875 39.32571 0 7.82500 48.12500 21.41763 0.19103 -13
-0.18168 -0.01141 22.05556 0 0.37500 5.70000 21.70038 0.10236 -13
-0.31602 -0.20959 13.01595 0 6.37500 11.02500 12.43467 0.10773 -13
0.55486 0.10297 7.87943 0 -3.17500 -17.45000 6.89837 0.11567 13
0.10484 -0.01844 80.70067 0 0.55000 -4.77500 80.26091 0.10127 -13
0.53172 0.10967 53.89936 0 -3.32500 -15.62500 47.65246 0.11459 13
-0.54680 0.12913 29.44944 0 -3.92500 17.52500 25.88755 0.11552 13
-0.56180 -0.27064 29.44944 0 8.15000 17.97500 25.88755 0.11866 13
-1.98919 -0.04731 40.59756 0 1.45000 60.85000 18.25280 0.22424 -13
1.12144 0.02227 79.63515 0 -0.67500 -36.12500 53.00800 0.15133 13
0.28692 0.00167 89.48544 0 -0.05000 -10.00000 86.01500 0.10476 13
0.21308 0.03511 32.70354 0 -1.07500 -5.12500 31.98634 0.10303 13
-0.99107 0.00663 33.17553 0 -0.22500 29.02500 23.56378 0.14178 13
-1.96360 0.08959 95.93435 0 -2.70000 55.62500 43.67307 0.22208 -13
-0.51257 -0.12169 9.22421 0 3.72500 15.07500 8.22132 0.11386 -13
-0.07620 -0.14881 72.28617 0 4.47500 2.75000 72.08173 0.10210 13
1.47215 -0.18537 77.77277 0 5.57500 -45.02500 44.20657 0.18018 13
0.35313 0.06374 13.17369 0 -1.97500 -8.72500 12.42468 0.10701 13
-0.82344 0.03618 84.64194 0 -1.10000 26.32500 65.35780 0.13050 13
-0.29860 -0.23148 7.79655 0 6.92500 9.80000 7.48620 0.10761 13
0.07369 -0.21534 91.13870 0 6.50000 -0.42500 90.90313 0.10327 13
1.12410 0.03306 58.23690 0 -1.00000 -31.97500 38.71908 0.15155 13
0.55426 -0.05106 31.71485 0 1.55000 -17.85000 27.74770 0.11525 -13
-0.15740 0.09999 84.01153 0 -3.00000 4.32500 82.99976 0.10243 -13
0.82999 -0.20837 32.02647 0 6.27500 -24.10000 24.85615 0.13252 13
0.78160 -0.14360 72.44214 0 4.35000 -23.05000 57.29719 0.12863 -13
-1.28416 0.14264 20.34318 0 -4.35000 40.12500 12.57709 0.16457 13
-1.31250 -0.25654 20.34318 0 7.70000 40.95000 12.57709 0.16810 13
0.46370 0.08284 57.51563 0 -2.50000 -9.15000 52.21023 0.11132 13
-0.73095 -0.01416 7.78433 0 0.50000 21.85000 6.28456 0.12476 -13
0.67099 0.06595 56.75651 0 -2.00000 -19.90000 47.16160 0.12146 13
1.23553 -0.13932 57.75575 0 4.20000 -39.45000 36.54662 0.16067 13
0.71599 0.14678 93.58051 0 -4.42500 -22.72500 76.36143 0.12474 -13
0.73058 -0.25209 93.58051 0 7.60000 -23.17500 76.36143 0.12729 -13
-6.16976 18.71599 93.58051 0 7.72500 -23.17500 76.36143 0.12750 -13
-0.26194 -0.11299 93.58051 0 -3.92500 -23.05000 76.36143 0.13165 -13
-0.92126 -0.15810 48.02972 0 4.75000 28.65000 35.52331 0.13784 13
0.98020 0.11162 22.39509 0 -3.40000 -30.95000 16.04142 0.14148 13
-1.84926 -0.12491 96.49716 0 3.77500 55.97500 46.17543 0.21209 -13
-0.50041 -0.04252 57.65752 0 1.27500 15.52500 51.57151 0.11269 13
0.39937 0.07765 22.25185 0 -2.32500 -11.87500 20.67344 0.10872 -13
-0.08028 -0.19298 52.14937 0 5.82500 2.15000 51.98810 0.10289 -13
-0.31944 -0.17319 99.30081 0 5.22500 11.70000 94.71971 0.10715 -13
-0.42158 -0.03241 21.48377 0 1.00000 13.20000 19.79818 0.10934 -13
-0.84976 0.05161 20.61725 0 -1.60000 26.35000 15.71938 0.13226 13
0.93246 -0.22115 1.07642 0 6.00000 -28.45000 0.79572 0.13958 13
0.96665 -0.21900 34.79032 0 6.62500 -29.00000 25.29513 0.14181 -13
0.41900 -0.01206 33.79804 0 0.35000 -13.15000 31.17271 0.10919 13
0.70820 -0.23794 6.71398 0 7.27500 -21.32500 5.52914 0.12580 -13
1.36688 -0.24091 24.05883 0 7.30000 -40.87500 14.46618 0.17232 -13
0.08239 -0.17240 6.64016 0 5.12500 -3.62500 6.61841 0.10249 13
0.73113 0.11816 35.27815 0 -3.55000 -23.02500 28.54678 0.12531 -13
-1.66419 -0.02403 67.59286 0 0.70000 50.17500 34.82223 0.19553 13
0.06163 0.01111 1.97560 0 -0.07500 -3.82500 1.97186 0.10104 -13
-0.69022 -0.05528 62.24046 0 1.67500 20.05000 51.24881 0.12249 -13
-0.81253 -0.16274 93.53756 0 4.90000 22.22500 72.97066 0.13078 13
1.67896 0.13427 63.80225 0 -4.02500 -52.00000 32.86441 0.19724 -13
1.72160 -0.26515 63.80225 0 8.02500 -53.30000 32.86441 0.20229 -13
2.18969 -0.07058 29.80673 0 2.17500 -64.32500 12.40828 0.24253 -13
-0.88987 0.09266 91.46391 0 -2.80000 29.22500 68.45657 0.13512 -13
0.24463 -0.03630 65.17838 0 1.10000 -6.47500 63.31388 0.10374 -13
-0.96546 0.10902 88.36228 0 -3.27500 28.52500 63.75063 0.14040 -13
0.52791 0.14331 29.64786 0 -4.30000 -17.42500 26.27661 0.11478 -13
0.53940 -0.25570 29.64786 0 7.72500 -17.77500 26.27661 0.11730 -13
0.42145 -0.04918 70.85742 0 1.47500 -13.42500 65.30740 0.10939 13
-0.28307 -0.07586 28.50141 0 2.30000 8.90000 27.42958 0.10494 -13
0.07645 -0.11739 62.51518 0 3.52500 0.75000 62.33576 0.10168 13
-1.53194 0.11374 42.80105 0 -3.40000 49.42500 23.50025 0.18458 -13
-0.11726 -0.15219 96.80685 0 4.60000 2.00000 96.16280 0.10255 -13
1.62962 -0.01687 60.10812 0 0.50000 -46.77500 31.44058 0.19255 13
-1.18848 0.08559 97.32054 0 -2.57500 39.17500 62.79173 0.15665 -13
0.72710 0.02600 57.97729 0 -0.80000 -19.97500 46.89771 0.12454 13
-0.83301 0.07147 23.14912 0 -2.12500 23.32500 17.80522 0.13126 -13
-0.07179 -0.18029 80.92337 0 5.42500 -0.07500 80.72213 0.10258 13
0.26417 -0.09520 14.80454 0 2.90000 -8.00000 14.31765 0.10462 -13
0.77306 -0.06282 21.14764 0 1.92500 -24.52500 16.74346 0.12745 -13
0.87321 0.01291 4.01413 0 -0.55000 -27.50000 3.02372 0.13376 13
1.37250 -0.16411 61.63257 0 4.97500 -41.70000 36.60941 0.17181 -13
1.13016 -0.00117 3.62088 0 -0.17500 -30.55000 2.39919 0.15205 13
0.34636 0.02618 62.73032 0 -0.77500 -12.25000 59.27747 0.10661 -13
-0.05107 -0.11420 66.22651 0 3.45000 3.52500 66.14140 0.10149 13
1.97257 -0.22857 14.15555 0 6.82500 -60.02500 6.53087 0.22379 13
-0.88755 -0.10688 23.45091 0 3.25000 26.22500 17.58323 0.13509 -13
1.63174 -0.10923 74.55563 0 3.30000 -47.72500 39.12529 0.19305 -13
-0.37395 0.09829 91.44947 0 -2.97500 9.70000 85.70669 0.10797 13
-0.46194 -0.04795 81.16611 0 1.45000 12.20000 73.69893 0.11103 13
1.48673 -0.00475 33.47401 0 0.17500 -43.10000 18.68243 0.18043 -13
1.98705 -0.12600 17.65461 0 3.75000 -60.62500 7.98632 0.22432 13
-2.05293 0.01355 85.23001 0 -0.42500 61.12500 37.32595 0.22997 13
-0.26258 -0.08501 54.86360 0 2.55000 7.50000 53.07689 0.10447 13
-1.47303 -0.06988 5.36559 0 2.27500 45.27500 3.01961 0.17948 -13
0.73733 0.02479 77.39696 0 -0.75000 -20.97500 62.30118 0.12514 13
-0.61636 -0.16818 81.53939 0 5.07500 19.45000 69.67768 0.11951 -13
-0.04352 -0.17583 76.99700 0 5.30000 2.65000 76.92636 0.10234 13
0.26698 -0.15290 12.63013 0 4.57500 -8.75000 12.21204 0.10534 13
0.79250 -0.03729 25.58095 0 1.15000 -22.67500 20.05392 0.12855 -13
0.50039 -0.23317 30.00098 0 7.05000 -15.32500 26.96917 0.11505 -13
0.48619 0.08895 86.43328 0 -2.67500 -14.57500 77.79101 0.11233 -13
1.36537 -0.17879 50.73366 0 5.40000 -40.77500 30.28398 0.17140 -13
1.44541 0.07325 52.41338 0 -2.22500 -43.00000 29.87578 0.17715 13
0.98649 0.07629 74.74961 0 -2.30000 -28.05000 53.29009 0.14166 -13
-0.58966 0.01438 80.64375 0 -0.45000 20.15000 69.46846 0.11692 13
0.00924 -0.16115 96.37098 0 4.85000 -1.90000 96.36697 0.10201 13
0.71253 -0.21867 80.46552 0 6.60000 -21.57500 66.04109 0.12560 -13
-0.19592 0.11067 13.33420 0 -3.37500 7.62500 13.08830 0.10324 13
0.49537 -0.02295 67.22321 0 0.67500 -14.25000 60.24043 0.11240 13
2.12528 -0.00136 38.71011 0 0.07500 -64.67500 16.48090 0.23654 -13
-1.09816 -0.10254 85.32871 0 3.10000 33.17500 57.61561 0.14993 -13
1.86590 -0.10669 3.43189 0 2.90000 -55.67500 1.62860 0.21330 13
0.16610 -0.09296 50.98710 0 2.80000 -6.50000 50.30383 0.10251 13
-0.24484 -0.13359 76.11846 0 4.02500 9.12500 73.97133 0.10454 13
0.77114 -0.05951 18.52477 0 1.75000 -24.57500 14.67926 0.12730 13
1.53580 0.10630 78.08653 0 -3.20000 -46.47500 42.77618 0.18486 -13
0.76684 -0.19968 32.84457 0 6.05000 -22.32500 26.25053 0.12851 -13
1.48918 0.13297 29.42281 0 -3.97500 -46.50000 16.50220 0.18111 -13
1.52773 -0.26650 29.42281 0 8.07500 -47.67500 16.50220 0.18587 -13
0.17625 -0.11449 40.50158 0 3.45000 -4.52500 39.89458 0.10290 13
1.31596 0.04672 50.89161 0 -1.42500 -41.65000 30.81237 0.16651 13
-0.98875 -0.12472 66.81591 0 3.75000 29.67500 47.69327 0.14216 13
0.44409 0.12043 10.52589 0 -3.57500 -12.77500 9.63163 0.11083 -13
0.45774 -0.27965 10.52589 0 8.50000 -13.20000 9.63163 0.11434 -13
-0.86823 -0.18772 13.38503 0 5.60000 27.30000 10.18180 0.13465 13
0.31936 -0.19930 82.95972 0 6.02500 -9.60000 79.16749 0.10761 -13
-0.68874 0.05446 53.89309 0 -1.62500 21.17500 44.40539 0.12240 -13
-0.17890 -0.15081 36.42981 0 4.52500 4.82500 35.87284 0.10342 13
0.02401 -0.02063 51.78336 0 0.62500 0.70000 51.76846 0.10075 13
0.35845 -0.19583 21.05181 0 5.92500 -10.32500 19.85904 0.10880 -13
-0.61868 -0.13175 25.12750 0 4.00000 17.72500 21.41922 0.11917 -13
0.69491 0.00213 58.03473 0 -0.05000 -19.00000 47.65770 0.12263 -13
-0.73044 -0.04619 87.66511 0 1.40000 22.15000 70.81766 0.12479 -13
2.05032 0.10544 6.88583 0 -3.02500 -58.05000 3.03266 0.22982 -13
0.15497 -0.16853 35.40108 0 5.07500 -5.70000 34.99482 0.10330 13
-0.31961 0.09062 75.97198 0 -2.72500 12.32500 72.39299 0.10611 -13
-1.07840 0.05829 32.43018 0 -1.72500 32.47500 22.07063 0.14822 -13
0.33135 -0.24731 60.11930 0 7.47500 -10.02500 57.23145 0.10898 -13
0.47232 -0.22664 94.61483 0 6.85000 -14.15000 85.93578 0.11369 -13
-0.14214 -0.20677 26.22697 0 6.22500 5.80000 25.97646 0.10382 13
0.63432 0.07707 92.84410 0 -2.32500 -18.57500 78.46762 0.11951 13
2.01496 -0.23207 15.64038 0 6.92500 -60.97500 7.09983 0.22762 13
-1.26715 -0.10702 2.83444 0 3.50000 38.67500 1.76241 0.16317 -13
1.03051 -0.10530 45.22891 0 3.20000 -32.20000 31.58695 0.14500 -13
-0.16047 -0.12727 38.01942 0 3.85000 6.67500 37.54671 0.10280 -13
-0.99668 0.05745 35.77969 0 -1.72500 30.40000 25.36272 0.14229 -13
1.20861 -0.16946 51.89573 0 5.12500 -36.25000 33.36015 0.15890 -13
-2.03618 -0.04043 66.06450 0 1.22500 61.57500 29.14204 0.22848 -13
-2.13165 -0.20276 24.17516 0 6.17500 62.02500 10.43877 0.23803 -13
-0.91008 0.03636 73.74209 0 -1.10000 26.37500 54.55434 0.13621 13
0.16111 -0.06946 37.87289 0 2.10000 -2.77500 37.39308 0.10224 -13
0.47222 -0.02055 89.96251 0 0.62500 -12.45000 81.35175 0.11139 13
0.35730 0.14988 10.16498 0 -4.47500 -10.50000 9.58425 0.10798 -13
0.36420 -0.24888 10.16498 0 7.55000 -10.72500 9.58425 0.11011 -13
-0.24366 -0.19824 41.95113 0 5.97500 6.20000 40.80196 0.10554 13
-0.97442 -0.16193 13.82413 0 4.82500 27.22500 9.96259 0.14152 13
-1.33452 -0.05437 48.60431 0 1.62500 41.40000 29.17328 0.16802 13
0.85007 0.11316 84.60028 0 -3.40000 -27.40000 64.63001 0.13265 -13
-1.03720 -0.03623 16.24989 0 1.12500 32.67500 11.28247 0.14515 -13
0.07874 0.05844 46.72849 0 -1.77500 -1.75000 46.58477 0.10119 13
-0.33719 -0.20930 41.26496 0 6.30000 10.25000 39.18600 0.10833 13
0.51102 0.13819 58.03327 0 -4.17500 -15.22500 51.77744 0.11395 13
0.52317 -0.26110 58.03327 0 7.87500 -15.60000 51.77744 0.11665 13
-0.70221 -0.14630 62.03195 0 4.42500 19.55000 50.94197 0.12394 -13
0.23255 -0.21102 31.96586 0 6.35000 -7.40000 31.16905 0.10554 13
-1.19095 -0.24643 68.12109 0 7.42500 34.85000 44.55996 0.15854 13
-1.11516 -0.23432 44.61910 0 7.05000 34.77500 30.22761 0.15265 13
-0.88614 0.04132 10.04084 0 -1.30000 25.42500 7.51799 0.13463 13
-0.50847 -0.00812 16.81600 0 0.27500 15.82500 14.98948 0.11298 -13
0.58015 0.05280 22.65281 0 -1.62500 -17.57500 19.60112 0.11655 13
0.24014 -0.19143 93.15170 0 5.77500 -7.22500 90.66412 0.10534 -13
0.50388 0.08002 11.81792 0 -2.37500 -15.22500 10.56092 0.11304 -13
-0.39236 0.04014 78.21928 0 -1.22500 8.30000 72.82289 0.10825 13
0.60420 -0.08478 48.92723 0 2.55000 -18.50000 41.91670 0.11796 13
-0.01699 -0.11919 6.59386 0 3.67500 -0.20000 6.59292 0.10148 -13
-0.39048 0.10576 49.84793 0 -3.20000 11.65000 46.46765 0.10863 13
0.93586 -0.20368 45.10507 0 6.15000 -25.60000 33.24336 0.13946 -13
0.87385 0.05505 37.37221 0 -1.67500 -25.92500 28.15950 0.13386 13
2.00151 -0.09204 46.19007 0 2.80000 -60.22500 20.71396 0.22552 -13
0.86296 0.08430 54.91318 0 -2.55000 -26.90000 41.63658 0.13329 13
-0.20385 0.06929 77.84289 0 -2.07500 7.92500 76.28135 0.10301 -13
0.71914 -0.18313 54.38438 0 5.52500 -21.82500 44.39895 0.12541 -13
0.75180 0.01021 4.65324 0 -0.17500 -24.72500 3.71939 0.12602 -13
0.44448 -0.21108 97.72459 0 6.37500 -12.05000 89.61647 0.11224 -13
-1.13564 -0.05523 19.39825 0 1.70000 35.52500 12.83075 0.15249 -13
-0.41504 0.01640 85.81603 0 -0.50000 11.07500 79.26232 0.10904 13
0.65632 0.09795 12.20068 0 -3.00000 -20.65000 10.21500 0.12088 13
0.43773 -0.04092 52.67828 0 1.25000 -12.30000 48.26386 0.11000 -13
1.34123 -0.04879 85.43591 0 1.47500 -39.42500 51.10648 0.16855 -13
0.21855 -0.15826 50.06220 0 4.77500 -6.10000 48.93499 0.10431 -13
-0.81272 0.09033 40.85137 0 -2.70000 22.95000 31.75338 0.13008 -13
1.44557 -0.04203 75.37384 0 1.25000 -44.77500 42.90655 0.17706 13
-1.34983 0.13982 15.07827 0 -4.27500 39.55000 9.03181 0.16980 13
-1.38116 -0.25938 15.07827 0 7.77500 40.47500 9.03181 0.17360 13
