0.82283 0.08402 23.62171 0 -2.50000 -23.45000 18.26680 0.13068 -13
-0.31443 -0.11179 32.77667 0 3.35000 6.92500 31.28489 0.10615 13
-1.03787 -0.18390 84.21622 0 5.55000 31.75000 58.93501 0.14632 -13
-0.15207 0.14864 27.16453 0 -4.47500 4.80000 26.86241 0.10294 -13
-0.15503 -0.25013 27.16453 0 7.57500 4.90000 26.86241 0.10499 -13
-0.16932 -0.10401 24.72971 0 3.12500 5.05000 24.38633 0.10266 13
0.68193 -0.19847 15.00008 0 5.95000 -21.05000 12.46849 0.12347 13
0.12879 -0.24011 16.06436 0 7.20000 -2.27500 15.93968 0.10435 13
2.02678 -0.04901 16.58796 0 1.42500 -62.35000 7.34628 0.22765 13
0.80627 0.07529 68.96364 0 -2.27500 -26.17500 53.74716 0.12958 13
-0.60834 -0.11600 41.79609 0 3.47500 17.05000 35.77190 0.11844 13
1.57641 0.05618 4.43260 0 -1.50000 -49.25000 2.37568 0.18818 -13
0.96172 -0.01305 18.36459 0 0.35000 -27.77500 13.23707 0.13972 13
1.22975 0.09937 29.30172 0 -2.97500 -33.90000 18.54108 0.15992 -13
-0.08352 -0.13113 57.67595 0 3.97500 1.27500 57.47924 0.10191 -13
0.57514 -0.12694 53.99088 0 3.82500 -15.72500 46.89474 0.11687 13
0.21288 0.10690 29.40537 0 -3.20000 -5.52500 28.76787 0.10352 -13
0.25667 -0.11838 3.60239 0 3.70000 -8.87500 3.49087 0.10475 -13
0.33647 -0.02282 62.69545 0 0.67500 -9.57500 59.42350 0.10627 13
0.72141 -0.15041 94.92763 0 4.52500 -23.35000 77.27035 0.12510 13
-0.49275 0.05704 52.89260 0 -1.72500 14.67500 47.46059 0.11241 13
0.46806 -0.03545 82.37578 0 1.05000 -13.60000 74.61592 0.11124 13
0.64396 0.04975 42.55756 0 -1.50000 -18.75000 35.79332 0.11988 -13
1.60956 -0.01496 16.81811 0 0.40000 -48.77500 8.87598 0.19082 13
-1.89209 -0.15541 97.73529 0 4.70000 57.10000 46.09512 0.21610 -13
-0.10333 -0.20123 86.04440 0 6.07500 4.45000 85.60626 0.10324 13
-1.78514 -0.00770 21.23924 0 0.27500 54.50000 10.38029 0.20606 -13
1.12651 0.13679 83.51117 0 -4.12500 -32.85000 55.72715 0.15231 -13
1.15390 -0.26255 83.51117 0 7.92500 -33.70000 55.72715 0.15604 -13
-0.65736 0.09518 43.15282 0 -2.87500 21.15000 36.10796 0.12090 13
0.35885 0.12069 53.15142 0 -3.62500 -7.82500 50.06867 0.10768 -13
0.36996 -0.27958 53.15142 0 8.45000 -8.15000 50.06867 0.11101 -13
-0.22364 -0.02641 75.85001 0 0.80000 5.35000 74.02282 0.10323 -13
0.47308 -0.14932 19.07421 0 4.47500 -14.80000 17.27657 0.11240 13
-1.01668 -0.06002 78.75025 0 1.82500 31.95000 55.27299 0.14374 -13
-0.56791 0.08775 86.34710 0 -2.65000 16.65000 75.15397 0.11615 13
-0.07908 0.06478 54.90667 0 -1.97500 5.65000 54.73645 0.10123 13
0.53377 -0.05912 85.77034 0 1.80000 -15.85000 75.69537 0.11431 -13
0.63228 0.11660 21.45776 0 -3.55000 -19.82500 18.17123 0.11974 13
-0.44979 0.05859 12.73479 0 -1.72500 14.82500 11.61751 0.11057 -13
-1.57244 -0.15848 29.78208 0 4.80000 50.07500 16.12228 0.18838 -13
1.53091 -0.16088 36.07004 0 4.87500 -46.22500 19.90277 0.18487 -13
-0.27889 -0.09635 36.58377 0 2.90000 8.67500 35.25078 0.10499 13
0.33942 -0.01189 28.63300 0 0.35000 -10.32500 27.11405 0.10635 13
-0.40235 -0.16460 70.94256 0 4.97500 12.10000 65.93629 0.10982 -13
-0.37061 0.04620 77.65109 0 -1.40000 13.12500 72.82091 0.10750 13
-0.43139 -0.22910 32.79424 0 6.92500 15.25000 30.23044 0.11209 -13
-0.96499 -0.16182 35.97630 0 4.85000 28.40000 26.04869 0.14088 13
-0.80989 -0.20562 42.34484 0 6.20000 27.07500 33.17366 0.13122 13
0.87760 -0.21028 45.98329 0 6.35000 -25.37500 34.88426 0.13566 -13
-0.30564 -0.20443 61.39759 0 6.15000 10.12500 58.81708 0.10729 13
-1.72640 0.02767 62.39963 0 -0.82500 50.27500 31.28525 0.20093 -13
-0.18200 -0.15839 25.07405 0 4.80000 4.52500 24.67843 0.10361 -13
-1.54962 0.06900 62.47074 0 -2.07500 47.10000 33.93004 0.18584 -13
0.17123 0.00247 64.82662 0 -0.07500 -0.82500 63.89666 0.10217 13
0.11319 -0.13913 90.30021 0 4.20000 -2.82500 89.73798 0.10231 13
1.64524 0.00054 54.66050 0 -0.02500 -50.00000 28.39095 0.19388 13
-0.65978 -0.19198 86.79698 0 5.77500 19.87500 72.84263 0.12218 13
-0.79531 -0.22812 56.41490 0 6.90000 22.55000 44.58313 0.13072 -13
0.13879 0.06607 48.66090 0 -1.97500 -3.67500 48.20086 0.10188 -13
-0.92012 -0.04032 42.44110 0 1.22500 31.07500 31.24361 0.13691 -13
-0.20893 0.12286 7.08549 0 -3.62500 9.05000 6.93788 0.10360 -13
-0.21511 -0.27707 7.08549 0 8.42500 9.25000 6.93788 0.10680 -13
0.33488 -0.07194 72.83192 0 2.17500 -7.47500 69.08029 0.10645 -13
-0.15721 0.02518 93.68284 0 -0.77500 6.35000 92.54676 0.10197 13
-1.51710 -0.13457 81.80991 0 4.05000 45.62500 45.30532 0.18348 13
0.54487 -0.16625 74.29497 0 5.00000 -16.37500 65.44089 0.11590 13
1.20564 0.13244 85.87437 0 -4.00000 -37.32500 55.10557 0.15831 13
1.23715 -0.26713 85.87437 0 8.05000 -38.27500 55.10557 0.16242 13
-0.67872 -0.20694 10.49926 0 6.30000 22.10000 8.74382 0.12354 -13
-1.52677 -0.12749 19.16382 0 3.80000 44.95000 10.55880 0.18422 13
0.28661 0.09284 61.62361 0 -2.80000 -7.67500 59.25770 0.10517 13
1.06410 1.22518 61.62361 0 -2.95000 -7.95000 59.25770 0.10624 13
9.66544 2.95269 61.62361 0 -2.25000 -9.90000 59.25770 0.11862 13
-0.69813 -0.49948 61.62361 0 -1.45000 -10.77500 59.25770 0.12610 13
0.46564 -0.11997 23.80204 0 3.65000 -16.22500 21.60487 0.11175 -13
-1.17773 0.13024 43.24319 0 -3.95000 33.82500 28.12565 0.15615 13
-1.20952 -0.26945 43.24319 0 8.10000 34.77500 28.12565 0.16032 13
-0.30518 0.09541 35.09071 0 -2.90000 9.62500 33.57542 0.10573 13
1.54306 -0.12187 88.36974 0 3.67500 -46.45000 48.30964 0.18557 13
0.46141 -0.00537 88.56638 0 0.17500 -17.12500 80.41885 0.11091 -13
0.28273 0.01540 48.80468 0 -0.47500 -7.30000 46.96412 0.10466 13
1.37167 -0.14390 32.57926 0 4.32500 -39.60000 19.32062 0.17154 13
-0.84237 -0.05782 88.22477 0 1.75000 24.57500 67.52228 0.13180 -13
0.71864 -0.08590 41.34022 0 2.60000 -22.05000 33.61276 0.12431 -13
0.19453 -0.02418 8.84964 0 0.77500 -4.25000 8.68688 0.10263 -13
-2.01209 -0.23877 61.40832 0 7.17500 60.70000 27.94183 0.22751 13
-0.87507 -0.20855 52.47152 0 6.30000 25.47500 39.84907 0.13546 -13
0.38946 0.07226 80.06984 0 -2.17500 -11.22500 74.63673 0.10831 -13
1.62080 -0.17368 61.73494 0 5.22500 -49.35000 32.76526 0.19257 13
0.89641 -0.19767 63.12647 0 5.97500 -26.37500 47.40346 0.13671 -13
-0.18565 -0.07267 58.18595 0 2.17500 5.42500 57.21340 0.10268 13
1.26374 -0.08598 26.08811 0 2.62500 -37.47500 16.22519 0.16253 -13
0.18799 -0.06754 99.50040 0 2.02500 -5.25000 97.79496 0.10270 13
0.49922 -0.02497 72.59013 0 0.75000 -12.92500 64.95071 0.11258 13
0.45649 0.00788 61.04386 0 -0.22500 -13.40000 55.53158 0.11071 -13
0.93777 -0.05398 24.28679 0 1.60000 -29.47500 17.72771 0.13816 13
0.17481 -0.02846 62.58157 0 0.87500 -5.75000 61.64742 0.10227 -13
0.91757 -0.10448 41.22336 0 3.17500 -27.27500 30.44914 0.13709 -13
1.67423 -0.05679 73.36978 0 1.70000 -50.97500 37.66675 0.19646 13
-0.03037 -0.10331 1.96056 0 3.37500 0.40000 1.95967 0.10153 -13
-0.48908 -0.00852 58.46338 0 0.25000 14.57500 52.51905 0.11210 13
-0.00996 -0.11684 4.89673 0 3.62500 2.27500 4.89650 0.10145 -13
0.90010 0.03154 90.87261 0 -0.95000 -25.95000 67.55643 0.13553 -13
0.67677 -0.14957 31.28144 0 4.50000 -21.22500 25.99642 0.12251 13
-0.93269 0.01447 38.20190 0 -0.45000 25.57500 27.93793 0.13772 13
-1.73580 -0.13052 54.34473 0 3.92500 54.50000 27.30012 0.20215 13
-1.34644 0.04342 12.09184 0 -1.37500 41.07500 7.21421 0.16897 13
-0.88656 -0.20605 23.50272 0 6.25000 25.77500 17.74578 0.13620 -13
-0.07338 0.04703 82.73702 0 -1.42500 1.00000 82.51567 0.10109 -13
1.25605 -0.13145 33.36344 0 3.95000 -38.05000 20.88857 0.16221 13
-0.12667 -0.24248 8.92353 0 7.37500 0.65000 8.85680 0.10446 -13
-0.09626 0.14141 82.28626 0 -4.27500 3.95000 81.91511 0.10217 13
-0.09842 -0.25772 82.28626 0 7.77500 4.00000 81.91511 0.10446 13
-0.36485 -0.21991 46.30222 0 6.65000 12.80000 43.61588 0.10947 -13
1.29132 -0.21595 81.09050 0 6.52500 -42.17500 50.35623 0.16592 -13
0.76969 -0.06159 9.98672 0 1.92500 -22.32500 7.91952 0.12725 -13
-0.24043 0.06364 54.52032 0 -1.90000 7.72500 53.01543 0.10377 -13
-0.30010 0.07039 57.36385 0 -2.12500 10.75000 54.95412 0.10538 -13
1.18785 0.03011 62.08713 0 -0.92500 -34.45000 39.99612 0.15640 13
-1.29876 -0.18564 92.79662 0 5.60000 39.42500 57.21423 0.16612 -13
1.94391 -0.08207 86.45492 0 2.50000 -59.92500 39.65399 0.22030 -13
0.11906 -0.03851 45.77054 0 1.15000 -4.17500 45.45007 0.10148 13
-1.52278 0.10539 22.07837 0 -3.15000 46.30000 12.16524 0.18375 -13
0.95711 0.06250 33.83775 0 -1.87500 -28.87500 24.46799 0.13954 -13
2.03499 0.11670 48.82856 0 -3.55000 -64.70000 21.65319 0.22864 13
-1.91693 0.04438 62.94371 0 -1.35000 59.55000 29.13449 0.21778 13
-0.44178 -0.18618 57.31922 0 5.60000 11.00000 52.57451 0.11168 13
0.30157 -0.10333 86.67320 0 3.12500 -10.95000 83.01846 0.10570 -13
-1.91154 -0.15387 10.92803 0 4.55000 57.27500 5.11278 0.21768 13
-1.49910 0.00284 9.01513 0 -0.17500 47.10000 5.00257 0.18149 13
1.77748 0.08658 74.35279 0 -2.62500 -52.22500 36.55952 0.20558 13
0.95020 -0.07768 19.42339 0 2.30000 -26.32500 14.10036 0.13913 13
0.17772 -0.01755 79.22205 0 0.52500 -8.20000 78.00019 0.10230 13
0.31410 -0.23700 74.84898 0 7.15000 -11.70000 71.58043 0.10823 -13
-1.82260 -0.17403 8.23805 0 5.37500 54.57500 4.00724 0.21031 -13
-0.64659 -0.06297 52.88030 0 1.90000 19.87500 44.43201 0.12009 -13
0.04445 0.02380 65.51236 0 -0.72500 -3.02500 65.44778 0.10083 13
1.89973 0.15438 1.08542 0 -3.72500 -59.90000 0.51040 0.21686 -13
1.91020 -0.23643 1.08542 0 8.30000 -61.57500 0.51040 0.22322 -13
1.43011 0.00838 1.89485 0 -0.70000 -41.35000 1.08592 0.17605 13
-0.16763 -0.07937 81.26385 0 2.40000 6.20000 80.15250 0.10242 13
-1.49039 -0.08573 36.27534 0 2.60000 42.95000 20.26214 0.18097 -13
1.80273 -0.00348 56.61515 0 0.12500 -55.22500 27.46346 0.20760 -13
0.43720 -0.05209 71.09070 0 1.57500 -11.07500 65.15179 0.11003 13
-1.14135 -0.13978 56.42080 0 4.22500 35.72500 37.38374 0.15347 -13
0.25893 0.04064 57.44461 0 -1.22500 -6.95000 55.61351 0.10411 13
0.57745 0.08701 77.84601 0 -2.62500 -17.80000 67.47671 0.11662 13
-1.89323 -0.23713 41.49109 0 7.12500 55.17500 19.79357 0.21690 13
-0.11841 0.14741 32.64700 0 -4.42500 3.82500 32.42527 0.10248 -13
-0.12076 -0.25144 32.64700 0 7.60000 3.90000 32.42527 0.10456 -13
-0.66822 0.06172 40.65801 0 -1.85000 18.00000 33.82546 0.12127 -13
-0.70540 0.04480 41.68787 0 -1.32500 19.70000 34.07684 0.12332 -13
-1.92330 -0.15686 8.60408 0 4.85000 56.62500 4.00699 0.21905 -13
1.26474 0.11884 28.07842 0 -3.62500 -38.00000 17.49012 0.16282 13
1.30478 -0.28160 28.07842 0 8.45000 -39.20000 17.49012 0.16790 13
-0.57371 -0.01628 81.35144 0 0.47500 17.70000 70.56556 0.11611 13
0.73484 -0.04948 69.19955 0 1.50000 -23.10000 55.78675 0.12507 -13
1.67910 -0.11496 44.59553 0 3.45000 -53.82500 22.92975 0.19712 13
0.98362 -0.00888 15.41259 0 0.22500 -27.10000 10.98806 0.14126 13
-0.04813 0.07470 51.81073 0 -2.27500 -0.35000 51.75118 0.10110 13
-0.50538 0.11301 82.38746 0 -3.40000 16.87500 73.62557 0.11340 -13
1.56301 -0.02366 31.12241 0 0.67500 -44.90000 16.77640 0.18687 13
0.25512 -0.11529 10.07399 0 3.42500 -7.45000 9.76526 0.10456 13
-0.07837 0.06062 9.06812 0 -1.77500 4.32500 9.04045 0.10119 -13
0.16628 0.06459 82.21084 0 -1.95000 -4.47500 81.10191 0.10229 -13
-0.25634 -0.16676 55.24802 0 5.05000 5.52500 53.56237 0.10531 -13
-0.47501 0.00168 40.34949 0 -0.05000 15.60000 36.44662 0.11148 13
0.32281 0.07784 81.27188 0 -2.35000 -12.60000 77.36402 0.10611 -13
-1.20482 0.04624 22.54850 0 -1.35000 35.57500 14.41003 0.15775 -13
0.50015 -0.17652 55.77434 0 5.32500 -15.12500 50.03499 0.11400 -13
-0.60168 -0.20170 3.13864 0 6.27500 19.22500 2.70323 0.11949 -13
-0.33878 -0.14475 5.27251 0 4.27500 10.05000 4.99905 0.10729 13
0.64289 -0.12295 76.67888 0 3.72500 -19.65000 64.64045 0.12036 -13
0.10853 -0.20563 61.80876 0 6.20000 -3.25000 61.46251 0.10339 -13
0.50807 -0.23935 13.68823 0 7.17500 -16.52500 12.27145 0.11547 13
-1.71092 -0.13263 86.02476 0 4.00000 48.50000 43.69128 0.20002 -13
-1.83179 -0.15303 93.77251 0 4.60000 54.57500 45.33338 0.21072 13
1.82277 -0.20019 10.53792 0 5.95000 -54.07500 5.14490 0.21025 13
0.00330 -0.16665 75.97557 0 5.02500 0.30000 75.97517 0.10210 -13
1.41727 -0.06627 45.87886 0 2.02500 -45.40000 26.48903 0.17481 -13
-0.33032 -0.07892 58.94192 0 2.40000 10.25000 55.98465 0.10636 -13
0.84110 -0.12860 20.82554 0 3.90000 -26.25000 15.99131 0.13225 -13
0.38423 -0.23124 89.61386 0 6.97500 -12.42500 83.92585 0.11037 -13
-0.90390 -0.14085 70.26315 0 4.25000 27.92500 52.35424 0.13649 -13
-1.48657 -0.12970 24.77026 0 3.95000 43.85000 13.90510 0.18092 -13
1.05291 -0.14314 92.08163 0 4.32500 -31.15000 63.75014 0.14694 -13
0.33581 -0.24081 48.97922 0 7.25000 -8.87500 46.56102 0.10895 13
0.19897 -0.18993 55.40047 0 5.75000 -7.02500 54.37133 0.10445 -13
-0.36180 0.12930 98.89839 0 -3.90000 9.25000 93.08728 0.10788 13
-0.37170 -0.27044 98.89839 0 8.15000 9.55000 93.08728 0.11083 13
1.11472 -0.23035 14.80231 0 6.90000 -31.25000 10.02542 0.15253 13
1.63274 0.14197 92.41810 0 -4.30000 -51.07500 48.62135 0.19334 13
1.66913 -0.25714 92.41810 0 7.75000 -52.15000 48.62135 0.19762 13
-0.30641 -0.04292 97.78729 0 1.30000 10.85000 93.50403 0.10541 13
1.34394 0.05690 84.83915 0 -1.72500 -40.82500 50.69853 0.16879 13
0.09314 0.13039 71.00503 0 -3.95000 -2.55000 70.70416 0.10199 13
0.09566 -0.26929 71.00503 0 8.12500 -2.62500 70.70416 0.10473 13
-0.72550 0.00588 88.27368 0 -0.17500 21.95000 71.45068 0.12441 13
1.54436 -0.04705 76.70798 0 1.40000 -46.37500 41.72473 0.18533 13
-2.06247 -0.16186 91.16151 0 4.90000 63.37500 40.18956 0.23141 -13
-0.37944 0.06734 37.86413 0 -2.02500 13.22500 35.41134 0.10792 -13
0.37418 -0.08867 55.33694 0 2.67500 -11.82500 51.85248 0.10789 -13
-1.03533 0.04314 28.15049 0 -1.32500 32.52500 19.56605 0.14503 13
0.16332 0.00132 35.52916 0 -0.05000 -5.60000 35.06467 0.10204 13
1.75428 0.13692 76.06344 0 -4.12500 -52.02500 37.93282 0.20380 -13
1.79684 -0.26235 76.06344 0 7.92500 -53.32500 37.93282 0.20878 -13
-0.41253 0.05685 3.62494 0 -1.57500 13.42500 3.35169 0.10910 -13
-1.03454 -0.07907 91.58119 0 2.37500 29.77500 63.75174 0.14511 13
0.09368 -0.19141 21.27092 0 5.75000 -5.57500 21.18147 0.10295 13
0.48471 -0.00526 15.77530 0 0.20000 -13.00000 14.19534 0.11186 -13
0.48471 -0.00526 15.77530 0 0.20000 -13.00000 14.19534 0.11191 -13
0.24139 -0.16086 69.52236 0 4.85000 -6.70000 67.62825 0.10486 -13
-1.38981 -0.19023 38.70283 0 5.75000 41.50000 22.86960 0.17351 -13
0.13152 0.01472 44.03433 0 -0.45000 -5.92500 43.65848 0.10158 13
0.25100 -0.05699 43.38178 0 1.72500 -9.72500 42.08072 0.10399 -13
-0.56712 0.06972 70.14155 0 -2.10000 16.07500 61.04830 0.11598 -13
-0.81643 0.01612 66.67500 0 -0.50000 26.47500 51.65047 0.13001 13
-1.89553 0.01781 96.97150 0 -0.55000 57.42500 45.25314 0.21583 13
0.43065 0.12740 10.33479 0 -3.80000 -13.20000 9.50388 0.11038 -13
0.44273 -0.27234 10.33479 0 8.27500 -13.57500 9.50388 0.11356 -13
-0.16048 0.05307 17.50828 0 -1.62500 4.45000 17.28771 0.10214 13
0.71103 0.05058 38.72001 0 -1.55000 -20.20000 31.56943 0.12368 13
-0.61262 -0.13126 91.85620 0 3.95000 18.37500 78.50803 0.11883 13
0.81759 -0.07983 6.62327 0 2.30000 -24.02500 5.13359 0.13032 13
0.96592 -0.21359 42.90467 0 6.42500 -28.75000 31.18972 0.14164 13
0.73646 -0.05681 71.06980 0 1.72500 -20.95000 57.25792 0.12520 -13
0.16425 -0.03368 84.58811 0 1.02500 -6.40000 83.47089 0.10211 -13
-0.51920 -0.20191 28.93146 0 6.07500 17.15000 25.78432 0.11526 13
0.96423 0.02057 97.19980 0 -0.62500 -29.32500 69.97742 0.13991 -13
-0.22020 -0.00561 96.59115 0 0.17500 6.87500 94.33147 0.10311 13
-0.49630 0.09535 32.04434 0 -2.90000 15.30000 28.72891 0.11284 13
0.20538 -0.14680 63.77712 0 4.42500 -5.97500 62.49984 0.10386 13
2.02716 -0.06290 83.05666 0 1.87500 -59.57500 36.80229 0.22773 13
1.45506 0.12176 25.23941 0 -3.70000 -42.37500 14.36673 0.17825 13
1.49921 -0.27857 25.23941 0 8.37500 -43.67500 14.36673 0.18359 13
-0.33123 0.01460 59.63417 0 -0.42500 10.05000 56.61012 0.10609 -13
0.20261 -0.16207 46.25120 0 4.87500 -7.95000 45.35302 0.10404 13
-0.30136 -0.07863 61.88424 0 2.37500 10.42500 59.26750 0.10547 13
0.96054 -0.00552 55.48197 0 0.17500 -30.42500 40.01365 0.13963 -13
0.28399 0.14040 51.30342 0 -4.25000 -10.75000 49.38776 0.10564 13
0.29051 -0.25878 51.30342 0 7.80000 -10.95000 49.38776 0.10805 13
0.45894 -0.16908 84.45098 0 5.10000 -15.47500 76.94002 0.11210 -13
1.56051 -0.07234 9.60679 0 2.27500 -48.17500 5.19269 0.18685 -13
1.06862 -0.03605 78.93637 0 1.07500 -33.42500 53.95411 0.14742 13
0.31797 0.08876 72.07724 0 -2.67500 -11.80000 68.71323 0.10605 13
-1.14078 0.10693 44.99333 0 -3.25000 34.35000 29.75415 0.15315 13
0.32919 0.08291 49.95508 0 -2.50000 -11.12500 47.46595 0.10635 13
0.45981 0.02999 78.77381 0 -0.90000 -13.27500 71.57595 0.11088 -13
0.97361 -0.22410 77.35204 0 6.75000 -29.60000 56.07889 0.14234 13
0.49163 0.07073 50.84853 0 -2.12500 -16.32500 45.65432 0.11244 -13
0.93790 0.11090 42.04315 0 -3.32500 -27.05000 30.75320 0.13851 -13
-0.90098 -0.01147 22.16423 0 0.37500 26.95000 16.46726 0.13556 -13
0.30722 0.10389 93.05639 0 -3.15000 -9.07500 88.99445 0.10587 13
0.20370 0.07790 73.28923 0 -2.35000 -6.52500 71.82300 0.10307 -13
-1.37898 0.08490 96.56088 0 -2.55000 40.87500 56.82160 0.17174 -13
0.71753 0.12276 76.02181 0 -3.70000 -22.25000 61.92305 0.12456 13
0.73908 -0.27737 76.02181 0 8.35000 -22.90000 61.92305 0.12829 13
-1.83032 0.14946 75.11372 0 -4.50000 56.37500 36.32052 0.21056 -13
-1.86565 -0.24930 75.11372 0 7.52500 57.45000 36.32052 0.21466 -13
-0.81728 0.05607 81.98198 0 -1.67500 26.20000 63.51836 0.13017 -13
1.13874 0.13153 98.32320 0 -3.95000 -32.72500 65.19013 0.15318 -13
1.16888 -0.26805 98.32320 0 8.10000 -33.65000 65.19013 0.15725 -13
-1.39743 -0.13051 85.69974 0 3.92500 42.15000 50.15169 0.17354 13
0.83691 -0.18081 37.18956 0 5.47500 -25.60000 28.70649 0.13259 -13
-0.64374 -0.12480 61.06381 0 3.77500 23.25000 51.46087 0.12043 -13
0.19549 -0.22847 74.98536 0 6.90000 -5.75000 73.65964 0.10516 -13
-0.12250 -0.20145 77.77363 0 6.07500 2.82500 77.21875 0.10346 13
-1.50326 -0.18030 23.70707 0 5.47500 41.75000 13.27719 0.18275 -13
-0.79947 -0.21231 44.18961 0 6.42500 24.52500 34.80908 0.13070 -13
0.74246 -0.10664 93.34997 0 3.20000 -21.37500 75.10031 0.12589 13
-0.86692 -0.01011 16.11260 0 0.35000 28.60000 12.17477 0.13329 -13
0.06985 -0.08643 19.57147 0 2.57500 -3.60000 19.52421 0.10132 13
-1.66882 0.10470 92.38409 0 -3.17500 50.82500 47.67685 0.19621 13
-0.17181 0.12870 68.77636 0 -3.87500 5.22500 67.79895 0.10299 -13
-0.17656 -0.27106 68.77636 0 8.17500 5.37500 67.79895 0.10585 -13
-0.47671 -0.15714 98.73888 0 4.75000 11.90000 89.32920 0.11268 -13
0.23102 -0.12871 63.52273 0 3.87500 -7.07500 61.91814 0.10416 13
1.72400 -0.13357 73.83644 0 4.02500 -50.75000 37.29516 0.20113 13
-1.88058 0.02713 52.08244 0 -0.80000 58.15000 24.45842 0.21452 -13
-0.51283 0.11104 64.70582 0 -3.35000 15.57500 57.64934 0.11373 13
1.38367 -0.07228 87.86646 0 2.17500 -41.90000 51.55601 0.17207 13
0.76295 -0.16586 69.09923 0 5.00000 -21.42500 55.20856 0.12775 13
-1.11261 -0.20096 69.39251 0 6.05000 32.05000 46.89306 0.15199 13
1.28433 0.06999 94.27711 0 -2.12500 -39.60000 58.00783 0.16407 13
-0.25096 -0.13186 75.86972 0 3.97500 4.22500 73.62509 0.10468 -13
-1.25651 -0.03214 59.88243 0 0.97500 41.20000 37.30181 0.16174 -13
-0.14713 0.12418 8.93661 0 -3.80000 2.97500 8.84289 0.10258 13
-0.15146 -0.27594 8.93661 0 8.27500 3.10000 8.84289 0.10553 13
-1.04992 -0.02788 64.23773 0 0.85000 32.25000 44.31287 0.14604 -13
-1.76900 -0.11760 65.18019 0 3.52500 52.67500 32.24248 0.20497 13
-0.51353 -0.09501 54.81641 0 2.87500 14.67500 48.80793 0.11362 -13
1.52535 0.02336 54.96086 0 -0.70000 -47.17500 30.13899 0.18369 -13
0.82979 -0.01649 84.61674 0 0.50000 -24.65000 65.12131 0.13087 -13
-0.48136 -0.10350 51.42529 0 3.12500 16.20000 46.38268 0.11225 -13
0.83886 -0.17645 48.83192 0 5.30000 -26.02500 37.64758 0.13263 13
-0.25338 -0.08465 11.94080 0 2.50000 4.80000 11.57742 0.10422 13
0.15147 -0.21407 92.44151 0 6.45000 -5.47500 91.44392 0.10410 13
1.65627 0.14744 24.50341 0 -4.40000 -48.72500 12.76506 0.19536 -13
1.68968 -0.25135 24.50341 0 7.62500 -49.75000 12.76506 0.19939 -13
1.95270 0.13265 82.71778 0 -4.02500 -61.27500 37.96525 0.22134 13
2.00354 -0.26695 82.71778 0 8.05000 -62.80000 37.96525 0.22707 13
0.48856 -0.15674 45.39280 0 4.75000 -18.60000 40.87979 0.11319 -13
-0.20743 -0.21174 79.83981 0 6.40000 6.50000 78.24495 0.10504 -13
0.01693 -0.20275 98.78613 0 6.10000 1.10000 98.77254 0.10276 13
0.46108 0.13588 18.83184 0 -4.12500 -14.12500 17.12873 0.11175 13
0.47246 -0.26352 18.83184 0 7.92500 -14.47500 17.12873 0.11447 13
0.03318 0.13141 75.66118 0 -3.95000 -3.27500 75.62028 0.10162 -13
0.03406 -0.26818 75.66118 0 8.10000 -3.30000 75.62028 0.10432 -13
-1.84970 -0.12353 46.88704 0 3.70000 59.20000 22.42900 0.21209 13
-0.10660 0.00769 38.39294 0 -0.22500 4.07500 38.17664 0.10127 -13
0.09412 -0.22818 23.85059 0 6.85000 -4.10000 23.75080 0.10371 13
-0.43035 -0.23334 86.60684 0 7.05000 11.95000 79.87595 0.11213 -13
1.03323 -0.11198 9.31745 0 3.30000 -29.87500 6.50083 0.14521 13
0.93396 -0.20959 80.94828 0 6.32500 -27.42500 59.74767 0.13941 -13
0.35732 -0.13342 36.44349 0 4.00000 -11.02500 34.35237 0.10777 13
-1.68968 -0.12061 54.86167 0 3.62500 50.87500 28.09208 0.19808 13
0.53262 -0.18443 99.92268 0 5.57500 -15.15000 88.51579 0.11560 -13
1.24108 -0.11492 15.01053 0 3.52500 -38.37500 9.45536 0.16096 -13
-2.06188 0.04117 42.97426 0 -1.22500 59.62500 18.76642 0.23079 -13
-0.43544 0.05473 36.18869 0 -1.67500 12.05000 33.18746 0.10998 13
-0.64223 0.09713 35.81735 0 -2.92500 19.57500 30.17845 0.12008 -13
0.66135 -0.07989 60.01195 0 2.42500 -18.95000 50.10416 0.12100 -13
-0.12333 -0.01376 70.32802 0 0.40000 4.47500 69.79924 0.10147 13
2.05156 0.11588 47.51489 0 -3.47500 -60.70000 20.93123 0.23012 -13
-2.13752 -2.17840 47.51489 0 -2.52500 -60.67500 20.93123 0.23354 -13
0.26997 -0.13233 47.51489 0 -3.22500 -61.02500 20.93123 0.25709 -13
-0.11845 0.11874 47.51489 0 -1.55000 -61.45000 20.93123 0.26649 -13
0.41480 -0.62387 47.51489 0 -2.77500 -62.40000 20.93123 0.27997 -13
-1.47658 1.72512 47.51489 0 -1.65000 -63.35000 20.93123 0.28690 -13
-17.83335 33.94648 47.51489 0 -1.60000 -63.40000 20.93123 0.28729 -13
-11.59335 26.66517 47.51489 0 -1.55000 -63.40000 20.93123 0.28745 -13
-3.46918 3.98775 47.51489 0 -2.17500 -63.60000 20.93123 0.29291 -13
1.08845 0.07229 53.87289 0 -2.17500 -30.87500 36.49969 0.14902 -13
-0.22391 -0.20166 26.48068 0 6.10000 8.00000 25.86470 0.10519 -13
0.70289 -0.15008 28.67364 0 4.55000 -18.55000 23.54447 0.12403 -13
0.47318 0.14613 8.37514 0 -4.35000 -13.72500 7.58480 0.11235 -13
0.48284 -0.25269 8.37514 0 7.70000 -14.02500 7.58480 0.11476 -13
0.49525 0.03985 86.22181 0 -1.20000 -14.10000 77.27751 0.11245 -13
-1.11637 0.07993 47.84782 0 -2.40000 34.90000 31.98165 0.15114 -13
0.28557 -0.18517 64.96200 0 5.60000 -7.30000 62.54303 0.10639 -13
0.61332 -0.19034 49.16528 0 5.75000 -18.10000 42.11218 0.11969 -13
-0.03637 -0.22390 32.17200 0 6.77500 -0.37500 32.15177 0.10327 -13
-0.07912 0.12445 1.92232 0 -3.50000 3.45000 1.91641 0.10185 -13
0.11299 -0.11638 9.41166 0 3.45000 -4.90000 9.35291 0.10201 13
-0.23489 -0.14125 50.39324 0 4.27500 4.57500 49.08313 0.10442 -13
1.15166 0.08150 82.13317 0 -2.45000 -34.72500 53.95144 0.15381 -13
0.29795 -0.10136 49.43091 0 3.05000 -8.82500 47.39251 0.10557 13
1.68984 -0.22965 66.87064 0 6.95000 -50.15000 34.70496 0.19911 -13
-1.14239 -0.08146 63.78282 0 2.45000 33.70000 42.08923 0.15311 13
0.12245 -0.04522 27.12188 0 1.35000 -2.10000 26.92127 0.10155 13
-0.15054 0.06425 6.67481 0 -2.02500 4.15000 6.60067 0.10207 13
-1.21039 0.12614 24.29950 0 -3.82500 36.37500 15.54905 0.15864 13
-1.24501 -0.27382 24.29950 0 8.22500 37.40000 15.54905 0.16312 13
-0.59864 -0.22410 23.82403 0 6.72500 16.12500 20.57160 0.11950 13
-0.00245 0.10707 10.09788 0 -3.27500 -0.82500 10.09785 0.10130 13
-0.13773 0.11398 56.24045 0 -3.45000 2.37500 55.72115 0.10230 13
-0.26158 0.04434 16.75506 0 -1.37500 7.55000 16.21044 0.10420 13
1.67452 -0.22393 59.90580 0 6.77500 -52.17500 31.26972 0.19772 -13
1.60410 -0.11119 80.53165 0 3.35000 -48.65000 42.79072 0.19069 13
1.22435 0.05142 53.97793 0 -1.57500 -36.47500 34.17188 0.15929 13
-0.66836 -0.04164 95.35597 0 1.25000 20.02500 79.29994 0.12120 -13
-0.26462 -0.04522 58.22632 0 1.37500 6.27500 56.29275 0.10427 -13
-0.37738 -0.21644 24.69060 0 6.55000 9.72500 23.16493 0.10984 -13
-0.06994 -0.14282 12.13096 0 4.35000 2.30000 12.10197 0.10199 -13
-1.36406 0.11837 23.42972 0 -3.52500 44.57500 13.91477 0.17072 -13
1.67122 0.03159 78.86344 0 -0.95000 -53.65000 40.50831 0.19615 -13
2.04806 0.09572 85.18111 0 -2.90000 -62.37500 37.51191 0.22973 13
0.76965 -0.00543 41.28449 0 0.15000 -23.30000 32.71638 0.12708 13
0.10436 -0.04095 78.61618 0 1.22500 -3.52500 78.19228 0.10133 13
-0.40569 -0.15292 98.23124 0 4.62500 14.30000 91.17300 0.10976 -13
-0.87191 0.08341 31.85718 0 -2.50000 27.02500 24.04845 0.13386 -13
0.70895 0.12255 25.54611 0 -3.67500 -22.40000 20.89209 0.12405 -13
0.73036 -0.27771 25.54611 0 8.40000 -23.05000 20.89209 0.12781 -13
-0.54004 -0.08793 25.86620 0 2.67500 16.97500 22.77869 0.11481 -13
0.25089 -0.23742 43.25199 0 7.15000 -8.15000 42.01825 0.10653 13
0.13820 -0.08768 24.38126 0 2.67500 -6.02500 24.15337 0.10205 -13
-1.04128 -0.20875 35.89635 0 6.32500 30.05000 25.13829 0.14691 -13
0.80673 -0.13691 76.10725 0 4.12500 -28.15000 59.45110 0.13011 13
-0.78711 -0.07680 23.39753 0 2.35000 24.57500 18.40626 0.12840 -13
-0.09504 0.09552 37.98655 0 -2.90000 1.70000 37.81767 0.10162 13
-0.07885 -0.10913 70.95439 0 3.27500 3.12500 70.73748 0.10161 13
-1.33649 -0.02400 79.52946 0 0.72500 41.80000 47.65456 0.16811 13
1.36341 -0.12754 85.40095 0 3.85000 -38.45000 50.77378 0.17075 13
0.28900 0.12711 54.83547 0 -3.85000 -9.27500 52.71196 0.10561 13
0.29716 -0.27275 54.83547 0 8.22500 -9.52500 52.71196 0.10858 13
0.29111 -0.11550 77.37501 0 3.47500 -6.57500 74.32954 0.10552 13
-0.91138 0.14182 83.71399 0 -4.27500 29.82500 62.15179 0.13699 -13
-0.93174 -0.25725 83.71399 0 7.77500 30.45000 62.15179 0.14006 -13
-0.48494 0.05475 30.87919 0 -1.62500 14.42500 27.79271 0.11205 -13
0.51514 0.05443 60.34509 0 -1.65000 -16.35000 53.66187 0.11342 13
0.48267 -0.01116 99.21615 0 0.35000 -15.45000 89.35359 0.11182 -13
0.00899 -0.00277 53.00793 0 0.07500 1.97500 53.00579 0.10071 13
-0.54716 -0.01226 36.39409 0 0.35000 15.57500 31.92785 0.11480 13
-0.28291 -0.14066 81.40954 0 4.25000 10.47500 78.39138 0.10561 -13
-0.22805 0.02325 53.84437 0 -0.70000 7.95000 52.49727 0.10332 -13
-0.82514 -0.13318 48.05936 0 4.02500 23.50000 37.20080 0.13125 -13
1.81089 0.10683 62.41978 0 -3.20000 -51.15000 30.30569 0.20858 -13
0.66079 -0.02930 11.52099 0 0.92500 -19.30000 9.61310 0.12075 -13
-0.51091 0.10103 11.82198 0 -3.00000 16.72500 10.53862 0.11353 -13
0.39744 0.08294 85.60422 0 -2.50000 -13.22500 79.58860 0.10868 -13
0.96328 -0.12251 29.88974 0 3.72500 -30.65000 21.60382 0.14038 -13
-1.71016 -0.05472 87.32079 0 1.65000 52.92500 44.12683 0.19958 -13
0.15695 -0.22961 55.43816 0 6.92500 -5.27500 54.80068 0.10452 13
0.61878 0.02687 15.36132 0 -0.77500 -17.20000 13.06401 0.11845 -13
-1.38994 0.03546 83.42580 0 -1.05000 41.15000 48.74186 0.17247 -13
1.61046 -0.20266 27.11529 0 6.15000 -49.25000 14.51250 0.19203 -13
-0.20148 0.02798 22.23487 0 -0.87500 6.57500 21.79719 0.10277 13
-0.91459 -0.24757 22.00427 0 7.42500 27.55000 16.45488 0.13870 13
1.10680 0.08827 45.81607 0 -2.67500 -34.37500 30.78117 0.15048 13
0.82642 0.14820 89.31712 0 -4.47500 -21.90000 69.15088 0.13149 -13
0.84278 -0.25062 89.31712 0 7.57500 -22.40000 69.15088 0.13410 -13
0.96467 0.02645 53.67295 0 -0.80000 -31.70000 38.63532 0.13994 13
-0.37922 -0.00339 86.23435 0 0.10000 13.12500 80.63131 0.10770 -13
1.86787 -0.10839 55.05325 0 3.30000 -53.87500 26.10286 0.21366 -13
-0.79904 0.11528 99.68237 0 -3.47500 24.92500 78.07522 0.12943 13
-0.89283 0.02633 72.09150 0 -0.80000 30.15000 53.78499 0.13503 13
0.20483 -0.01804 24.39450 0 0.52500 -4.35000 23.89854 0.10281 13
-1.27127 -0.22761 76.26199 0 6.87500 38.52500 47.88386 0.16450 -13
0.49184 -0.10764 47.51123 0 3.25000 -14.72500 42.68101 0.11275 -13
0.89822 0.07009 34.38917 0 -2.12500 -28.67500 25.61169 0.13555 13
2.02853 -0.04620 2.46669 0 1.82500 -61.67500 1.09221 0.22806 -13
-2.11298 0.12739 4.18787 0 -4.05000 63.97500 1.80426 0.23592 13
1.54345 0.14985 3.90431 0 -4.30000 -47.97500 2.13953 0.18570 -13
1.57333 -0.24885 3.90431 0 7.75000 -49.02500 2.13953 0.18980 -13
-0.45079 -0.22349 14.68602 0 6.70000 16.20000 13.44262 0.11271 13
-1.30594 0.03964 22.76725 0 -1.15000 41.57500 13.84803 0.16569 -13
0.48478 0.04533 37.24173 0 -1.35000 -14.17500 33.51808 0.11200 -13
-1.01971 -0.08805 76.50962 0 2.65000 31.90000 53.67535 0.14410 13
1.62103 -0.19860 28.83681 0 5.95000 -48.97500 15.35261 0.19280 13
0.16194 0.00833 71.62449 0 -0.25000 -2.95000 70.70347 0.10202 -13
-0.21899 0.02768 37.37071 0 -0.82500 6.07500 36.50623 0.10313 -13
0.35128 -0.10892 62.95390 0 3.30000 -11.02500 59.43378 0.10730 -13
-0.79971 0.07293 12.09646 0 -2.15000 23.45000 9.45674 0.12915 -13
0.04203 -0.06472 31.41220 0 1.97500 -0.82500 31.38460 0.10100 -13
-1.31159 -0.08500 93.64055 0 2.55000 38.87500 56.90383 0.16631 13
-1.99130 0.11735 83.78422 0 -3.52500 61.30000 37.80580 0.22470 -13
0.50816 -0.11810 51.27558 0 3.57500 -14.77500 45.77675 0.11359 -13
0.82798 0.00623 95.76546 0 -0.20000 -24.05000 73.76343 0.13074 13
1.01694 0.06326 21.33968 0 -1.95000 -29.87500 14.97748 0.14378 13
0.37972 0.01820 1.85638 0 -0.27500 -9.50000 1.73556 0.10790 -13
-1.42888 -0.15303 40.76966 0 4.62500 45.50000 23.55807 0.17633 -13
0.53744 0.05110 81.46805 0 -1.52500 -16.40000 71.78179 0.11444 -13
0.49794 0.11364 71.38456 0 -3.42500 -14.65000 63.98197 0.11308 13
-0.08501 -0.05936 53.11406 0 1.80000 2.10000 52.92383 0.10125 -13
0.91242 0.02887 82.73752 0 -0.87500 -25.87500 61.13098 0.13635 13
0.62792 -0.10310 60.47020 0 3.10000 -17.47500 51.28719 0.11936 13
-1.51720 -0.12545 38.01927 0 3.80000 44.90000 21.03672 0.18344 -13
-1.44548 0.09329 46.25309 0 -2.82500 43.32500 26.39234 0.17726 13
-0.28041 -0.02764 57.16656 0 0.82500 10.82500 55.04495 0.10462 13
-1.11603 0.05164 82.76288 0 -1.55000 34.00000 55.27042 0.15099 -13
0.26378 -0.22225 33.24159 0 6.72500 -9.72500 32.19130 0.10654 -13
0.49804 -0.22569 90.75655 0 6.80000 -15.92500 81.63282 0.11477 13
1.34583 0.00744 79.77418 0 -0.22500 -40.20000 47.57946 0.16885 13
-0.93405 0.04308 59.31513 0 -1.30000 30.07500 43.36614 0.13786 -13
-0.05260 -0.12422 66.79448 0 3.75000 1.52500 66.70367 0.10161 13
0.88256 0.13431 86.59286 0 -4.05000 -24.70000 65.17753 0.13499 -13
0.90492 -0.26514 86.59286 0 8.00000 -25.37500 65.17753 0.13842 -13
1.28720 0.06683 25.18286 0 -2.05000 -38.77500 15.47129 0.16429 13
-0.11549 -0.17017 95.89132 0 5.15000 6.12500 95.27578 0.10281 -13
-0.05303 -0.08602 28.34067 0 2.60000 0.20000 28.30124 0.10122 -13
-1.16318 0.03354 1.93397 0 -1.40000 35.65000 1.26141 0.15480 13
-0.32102 -0.19574 78.62305 0 5.90000 10.10000 74.98963 0.10758 13
0.76529 -0.03299 68.88871 0 0.97500 -22.72500 54.71759 0.12685 13
0.96354 0.09020 85.52174 0 -2.72500 -29.92500 61.70449 0.14014 -13
-0.17338 0.10898 43.78467 0 -3.27500 6.25000 43.14846 0.10279 -13
-0.32594 -0.21579 43.01853 0 6.52500 7.65000 40.98863 0.10813 -13
0.45439 0.07245 57.83096 0 -2.17500 -14.25000 52.67403 0.11085 -13
-0.44321 -0.22513 88.06888 0 6.77500 15.22500 80.83591 0.11246 13
-1.28021 -0.08387 31.10430 0 2.50000 37.75000 19.18895 0.16380 13
1.52588 -0.01573 62.02170 0 0.50000 -45.20000 33.99904 0.18373 -13
-0.37377 0.02727 23.22581 0 -0.85000 10.47500 21.75674 0.10755 13
1.87510 0.02223 54.81984 0 -0.65000 -56.20000 25.80086 0.21401 -13
0.55088 0.01881 66.40190 0 -0.55000 -18.17500 58.16341 0.11498 -13
0.02100 -0.04604 56.25044 0 1.37500 -0.40000 56.23807 0.10082 13
0.17779 -0.03432 10.62928 0 1.00000 -6.82500 10.46535 0.10234 13
-1.12293 -0.08110 12.96741 0 2.50000 32.35000 8.63758 0.15171 -13
0.31946 -0.13826 58.51980 0 4.17500 -11.70000 55.79300 0.10663 -13
-1.24989 -0.00586 64.98761 0 0.20000 37.92500 40.59989 0.16119 -13
-0.36411 0.04140 43.22101 0 -1.25000 12.62500 40.61681 0.10726 13
-2.09580 -0.21696 70.36416 0 6.52500 62.22500 30.87289 0.23483 13
0.08443 -0.24538 83.63976 0 7.40000 -1.05000 83.35999 0.10404 -13
0.21880 -0.22832 72.87928 0 6.87500 -5.75000 71.27571 0.10562 13
-0.20819 -0.15643 70.87125 0 4.72500 4.70000 69.41827 0.10406 -13
-0.27509 -0.14278 77.00884 0 4.30000 5.50000 74.30311 0.10543 -13
-0.04784 -0.24147 21.56465 0 7.25000 3.87500 21.54136 0.10369 13
0.44705 0.03337 78.88296 0 -1.00000 -12.75000 72.02095 0.11036 13
0.90222 0.10868 95.92448 0 -3.27500 -29.20000 71.40864 0.13607 13
1.37104 0.00623 91.16463 0 -0.20000 -42.05000 53.72223 0.17090 13
0.78204 -0.02072 88.83483 0 0.62500 -25.20000 69.98279 0.12786 13
-0.24710 -0.22802 36.78115 0 6.90000 8.37500 35.75802 0.10625 -13
0.33720 -0.23183 14.51774 0 7.02500 -9.40000 13.79243 0.10884 -13
-2.11644 0.09681 91.12947 0 -2.92500 63.35000 39.07974 0.23593 13
-0.84054 -0.18443 5.00714 0 5.42500 25.92500 3.85958 0.13277 13
0.39789 -0.08141 90.57514 0 2.45000 -10.50000 84.19601 0.10869 -13
1.17084 -0.09288 91.14061 0 2.80000 -34.27500 59.33853 0.15534 -13
0.24222 0.06149 58.38909 0 -1.85000 -7.00000 56.75408 0.10380 -13
-1.17781 0.09093 84.57042 0 -2.72500 35.67500 54.86669 0.15586 -13
-0.20672 -0.23526 69.42610 0 7.10000 6.37500 68.06186 0.10553 -13
-0.04391 -0.01341 1.52171 0 0.10000 1.02500 1.52023 0.10105 13
