-0.23239 -0.07257 95.97053 0 2.17500 3.77500 93.49226 0.10364 13
-0.49078 0.01259 3.25634 0 -0.55000 13.15000 2.92331 0.11225 13
-1.49756 0.13485 86.59344 0 -4.07500 45.55000 48.38719 0.18186 13
-1.53520 -0.26461 86.59344 0 7.97500 46.67500 48.38719 0.18640 13
0.08874 -0.05941 98.14821 0 1.80000 -1.45000 97.76538 0.10127 -13
-0.55221 -0.13205 78.45790 0 4.00000 16.57500 68.81982 0.11581 -13
-0.27314 -0.17818 67.09228 0 5.37500 6.57500 64.79057 0.10592 13
1.57314 0.11092 55.89479 0 -3.32500 -50.70000 30.11526 0.18805 -13
0.02382 -0.12755 57.53209 0 3.85000 -0.22500 57.51604 0.10155 13
0.21214 -0.17046 70.16503 0 5.15000 -5.85000 68.67935 0.10437 -13
0.00883 -0.21440 3.05774 0 6.62500 0.82500 3.05763 0.10318 -13
0.19849 -0.16987 85.22326 0 5.12500 -8.50000 83.63696 0.10408 13
-0.31286 0.11915 30.22289 0 -3.57500 8.25000 28.86216 0.10619 -13
-0.32275 -0.28117 30.22289 0 8.50000 8.55000 28.86216 0.10948 -13
-0.45986 -0.21723 10.53203 0 6.50000 15.32500 9.60658 0.11294 13
1.81525 0.05114 32.81328 0 -1.57500 -52.87500 15.84844 0.20879 13
-0.25676 0.00345 34.28821 0 -0.10000 7.47500 33.21096 0.10397 -13
-1.31836 0.07345 64.13185 0 -2.22500 39.12500 38.82430 0.16680 13
-0.94314 -0.11261 39.10677 0 3.37500 29.12500 28.53373 0.13888 13
-0.37185 0.14278 63.57280 0 -4.30000 10.47500 59.65882 0.10839 -13
-0.38001 -0.25627 63.57280 0 7.75000 10.72500 59.65882 0.11079 -13
-1.58713 0.07499 1.41880 0 -1.62500 46.07500 0.75844 0.18919 -13
0.97966 0.14165 38.80563 0 -4.25000 -33.15000 27.85447 0.14169 -13
1.00163 -0.25744 38.80563 0 7.77500 -33.82500 27.85447 0.14489 -13
-0.48576 -0.18220 71.47155 0 5.50000 13.82500 64.48600 0.11345 -13
-1.92211 -0.06985 21.41199 0 2.05000 61.92500 9.90172 0.21828 13
-0.20345 0.02822 92.30521 0 -0.85000 6.02500 90.45364 0.10280 -13
-0.26457 0.02609 58.70750 0 -0.80000 8.15000 56.75586 0.10420 13
0.04247 -0.09776 61.41780 0 2.95000 -1.07500 61.36300 0.10127 13
0.56948 0.09711 64.00070 0 -2.95000 -17.32500 55.67858 0.11630 13
1.98660 -0.22499 15.30258 0 6.87500 -59.57500 7.01702 0.22523 -13
1.70942 -0.09884 48.98943 0 2.95000 -54.67500 24.82681 0.19967 13
0.57210 0.07691 2.81541 0 -2.12500 -18.30000 2.44526 0.11632 -13
1.31335 0.11116 24.07122 0 -3.32500 -38.92500 14.63903 0.16659 -13
-1.05700 -0.18175 33.97410 0 5.50000 32.50000 23.54882 0.14768 -13
0.49465 -0.15043 66.45412 0 4.52500 -16.75000 59.69531 0.11336 13
-0.49714 -0.05571 77.97464 0 1.67500 16.07500 69.84375 0.11260 13
0.33394 -0.04222 15.69682 0 1.25000 -10.05000 14.89001 0.10625 13
0.90395 -0.23598 78.13366 0 7.12500 -27.22500 58.66228 0.13782 -13
-0.16032 0.04691 50.90379 0 -1.42500 8.57500 50.26340 0.10210 13
1.77543 0.07787 90.06002 0 -2.32500 -53.27500 44.29915 0.20534 -13
-1.27482 0.11666 17.07698 0 -3.57500 37.35000 10.58389 0.16362 13
0.38452 0.06583 12.92413 0 -2.02500 -12.32500 12.06630 0.10811 13
-0.61251 0.05357 15.88176 0 -1.65000 19.82500 13.54876 0.11822 13
-1.76873 -0.23527 42.02419 0 7.07500 54.92500 21.10664 0.20595 13
-0.13967 -0.04035 61.64090 0 1.20000 2.80000 61.04930 0.10176 13
-0.50817 0.02055 15.52684 0 -0.65000 13.82500 13.84268 0.11299 13
1.27390 0.03168 96.06668 0 -0.97500 -38.72500 59.33633 0.16313 13
0.50292 0.12462 96.22580 0 -3.77500 -13.57500 86.09927 0.11342 13
0.51762 -0.27539 96.22580 0 8.30000 -14.00000 86.09927 0.11673 13
0.45849 -0.20822 67.03160 0 6.30000 -15.87500 61.15367 0.11276 -13
0.63859 -0.16234 31.58581 0 4.92500 -19.37500 26.72092 0.12061 -13
0.64115 0.11509 78.60492 0 -3.47500 -20.10000 66.29838 0.12018 -13
0.59766 0.12089 15.82829 0 -3.62500 -16.47500 13.61250 0.11793 -13
0.61605 -0.27921 15.82829 0 8.45000 -17.02500 13.61250 0.12161 -13
-0.92880 -0.14434 22.63530 0 4.32500 28.02500 16.66436 0.13818 13
2.06738 0.07104 46.52459 0 -2.17500 -62.07500 20.29976 0.23141 13
-1.05192 0.04201 37.43091 0 -1.25000 33.02500 25.80149 0.14622 -13
-2.02501 0.11133 69.17555 0 -3.37500 60.10000 30.78211 0.22771 13
-0.77708 0.07517 75.62138 0 -2.25000 19.87500 59.77549 0.12776 -13
0.21550 -0.17406 56.99922 0 5.25000 -5.02500 55.75680 0.10449 13
-1.18812 -0.08452 57.06533 0 2.52500 34.07500 36.82289 0.15661 13
1.92468 0.08480 35.91636 0 -2.52500 -56.02500 16.60627 0.21857 -13
0.44996 0.04140 20.32338 0 -1.22500 -13.47500 18.53634 0.11050 -13
-0.69839 -0.09334 77.37846 0 2.82500 21.20000 63.52874 0.12319 -13
-0.68683 -0.06565 87.74770 0 2.00000 21.50000 72.38071 0.12235 -13
-1.88826 -0.07456 50.74833 0 2.27500 56.72500 23.80408 0.21529 -13
0.79666 0.05716 57.97623 0 -1.72500 -21.57500 45.37446 0.12888 13
-0.00630 0.14182 88.53351 0 -4.27500 1.85000 88.53180 0.10171 13
-0.00644 -0.25729 88.53351 0 7.75000 1.87500 88.53180 0.10398 13
-0.58741 0.14299 99.60203 0 -4.32500 20.17500 86.10295 0.11767 13
-0.60025 -0.25607 99.60203 0 7.72500 20.55000 86.10295 0.12024 13
0.39034 -0.04091 53.20132 0 1.25000 -13.50000 49.56518 0.10818 -13
0.61105 -0.15797 88.48921 0 4.77500 -17.27500 75.75931 0.11909 -13
-0.12801 -0.05813 95.15791 0 1.75000 1.40000 94.39027 0.10169 13
-0.83844 0.11882 3.65533 0 -3.40000 24.20000 2.80946 0.13191 -13
-0.91928 0.00845 37.86578 0 -0.27500 27.55000 27.87691 0.13679 13
-2.13014 0.03842 56.97384 0 -1.15000 61.20000 24.22620 0.23700 -13
-1.30550 0.02373 39.11167 0 -0.72500 40.92500 23.78745 0.16563 13
0.22885 -0.02446 57.68115 0 0.75000 -5.70000 56.22825 0.10334 -13
0.08504 0.10845 20.22494 0 -3.30000 0.40000 20.15302 0.10167 13
-1.41506 -0.01925 2.37583 0 0.22500 41.45000 1.37129 0.17466 13
-0.24858 -0.01145 84.80266 0 0.35000 6.27500 82.29850 0.10377 -13
-0.26867 -0.08807 89.54627 0 2.65000 8.70000 86.50178 0.10465 -13
-0.23090 -0.06348 65.43670 0 1.90000 7.90000 63.76570 0.10355 13
-1.21918 0.11346 10.29741 0 -3.35000 35.40000 6.55533 0.15917 -13
-0.20268 -0.04567 41.53252 0 1.40000 6.97500 40.70651 0.10285 -13
0.50204 0.01135 60.68834 0 -0.35000 -14.55000 54.23753 0.11269 13
-1.16205 0.05403 23.20445 0 -1.60000 35.40000 15.14884 0.15447 -13
0.97869 -0.14916 17.34511 0 4.55000 -30.77500 12.46330 0.14173 -13
-0.06216 0.07914 55.42353 0 -2.40000 3.10000 55.31746 0.10121 13
-1.84830 0.02757 79.65251 0 -0.85000 56.55000 37.91461 0.21164 13
-0.18363 0.05523 17.64113 0 -1.70000 4.57500 17.35180 0.10255 13
-0.52648 0.08973 38.05051 0 -2.72500 15.50000 33.69876 0.11417 13
0.02197 -0.06867 74.24423 0 2.07500 -1.92500 74.22640 0.10096 13
-0.18540 -0.06364 23.05993 0 1.95000 5.92500 22.67504 0.10263 -13
-1.07703 -0.17845 3.67600 0 5.17500 31.97500 2.52209 0.14899 13
0.09379 -0.01969 53.03160 0 0.60000 -2.52500 52.79996 0.10117 -13
0.13914 -0.14102 39.51234 0 4.25000 -3.45000 39.14263 0.10265 13
0.07545 -0.22400 50.89261 0 6.77500 -1.07500 50.75524 0.10348 -13
-1.84452 0.04071 63.98866 0 -1.20000 56.82500 30.51677 0.21132 -13
-0.81686 -0.01063 59.85464 0 0.30000 22.42500 46.35579 0.13004 13
-0.83959 -0.02332 37.44989 0 0.72500 22.77500 28.68448 0.13151 -13
0.26246 0.01227 26.70967 0 -0.40000 -6.97500 25.83473 0.10412 13
0.39089 -0.13627 86.53256 0 4.10000 -11.85000 80.69192 0.10899 13
1.47805 -0.09011 7.60398 0 2.82500 -47.15000 4.27264 0.18003 -13
2.16583 -0.17417 74.62013 0 5.27500 -64.30000 31.66671 0.24090 -13
-0.66367 -0.00476 92.01129 0 0.12500 21.97500 76.66386 0.12086 13
-0.00523 0.05225 63.69480 0 -1.57500 0.42500 63.69393 0.10084 -13
16.54962 1.85225 63.69480 0 -0.72500 1.17500 63.69393 0.10394 -13
-1.25944 0.01026 63.69480 0 -0.50000 4.57500 63.69393 0.12488 -13
1.09909 -0.45054 63.69480 0 0.55000 7.85000 63.69393 0.13879 -13
-0.73575 0.42848 63.69480 0 0.27500 8.25000 63.69393 0.15750 -13
0.37438 0.00592 75.13646 0 -0.17500 -11.87500 70.36696 0.10753 13
-0.53247 0.14949 49.06800 0 -4.50000 17.42500 43.41602 0.11502 -13
-0.54272 -0.24928 49.06800 0 7.52500 17.72500 43.41602 0.11731 -13
-0.04114 0.08380 82.02235 0 -2.52500 1.92500 81.95351 0.10113 -13
0.51966 -0.05871 54.45524 0 1.77500 -13.77500 48.33789 0.11364 -13
0.67316 0.03529 86.65523 0 -1.05000 -15.72500 71.89917 0.12145 -13
0.02498 -0.03093 20.08928 0 0.90000 -4.37500 20.08302 0.10079 13
0.73867 0.05680 49.56077 0 -1.70000 -18.37500 39.88689 0.12533 -13
2.10601 -0.20885 43.32283 0 6.27500 -63.35000 18.90724 0.23568 13
0.94443 -0.23700 89.80635 0 7.15000 -30.52500 66.12434 0.14056 -13
0.28214 -0.12889 13.02460 0 3.92500 -9.60000 12.54282 0.10546 -13
0.09206 -0.24172 32.74252 0 7.27500 -0.55000 32.61222 0.10400 13
0.46591 -0.04527 73.73450 0 1.37500 -17.17500 66.84860 0.11119 -13
1.90330 -0.22584 68.81352 0 6.80000 -59.72500 32.63180 0.21769 13
-0.28560 -0.21154 79.62218 0 6.37500 6.65000 76.68301 0.10687 13
-0.51350 -0.14690 87.68525 0 4.42500 12.57500 78.17488 0.11416 13
0.00008 -0.24089 91.67469 0 7.27500 1.82500 91.67469 0.10359 -13
0.43009 -0.16150 56.03629 0 4.87500 -13.27500 51.57947 0.11082 13
0.65062 0.00096 81.60721 0 -0.02500 -18.32500 68.40369 0.12014 13
0.08773 0.00609 15.07987 0 -0.22500 -1.37500 15.02218 0.10110 13
1.73630 -0.23894 15.70010 0 7.27500 -52.57500 7.99972 0.20330 -13
0.54101 -0.22626 66.94885 0 6.82500 -15.75000 59.21118 0.11675 -13
-0.53604 -0.20615 40.73080 0 6.20000 16.25000 36.06281 0.11612 13
0.63158 -0.17134 74.55150 0 5.15000 -20.50000 63.29022 0.12034 13
-0.27973 -0.08236 43.05729 0 2.47500 7.57500 41.47565 0.10489 13
-0.92176 -0.04982 97.88469 0 1.50000 25.62500 72.01393 0.13705 -13
-0.51435 -0.08116 85.68015 0 2.45000 14.65000 76.24444 0.11354 -13
-0.81329 -0.17798 97.02807 0 5.37500 25.05000 75.73970 0.13104 -13
0.91718 0.06923 44.44604 0 -2.10000 -24.60000 32.79068 0.13683 13
0.05811 0.00222 70.10035 0 -0.05000 -2.65000 69.98227 0.10087 -13
1.87996 -0.18800 3.09546 0 5.32500 -58.22500 1.47332 0.21498 13
0.97960 -0.00506 20.92340 0 0.17500 -26.70000 14.94666 0.14097 -13
-0.57482 -0.10734 31.83521 0 3.22500 16.02500 27.63967 0.11664 13
0.47822 -0.20115 86.03940 0 6.05000 -13.50000 77.90282 0.11344 13
0.70315 -0.09160 82.22363 0 2.77500 -21.12500 67.35399 0.12345 -13
-1.06003 -0.11111 11.54190 0 3.40000 31.12500 7.94634 0.14721 -13
0.45252 0.02590 49.38116 0 -0.80000 -12.60000 44.99189 0.11056 13
-0.53362 0.09480 19.59969 0 -2.82500 15.72500 17.30894 0.11453 -13
-0.97644 0.07629 47.97176 0 -2.32500 30.22500 34.37177 0.14096 13
-1.14349 0.06371 11.47610 0 -1.85000 34.90000 7.56333 0.15310 -13
0.74577 0.06011 26.63205 0 -1.82500 -23.62500 21.36247 0.12578 13
2.09213 0.00197 41.43228 0 -0.02500 -61.95000 17.86747 0.23351 -13
1.75316 -0.12707 89.92910 0 3.85000 -52.27500 44.82607 0.20366 -13
0.57388 -0.20530 53.89661 0 6.17500 -19.12500 46.98168 0.11793 13
-0.20950 -0.03397 5.88453 0 1.10000 9.20000 5.75960 0.10297 -13
-1.72263 -0.23889 54.94696 0 7.20000 51.17500 28.16056 0.20199 13
1.43312 -0.22656 1.15778 0 6.02500 -43.25000 0.67346 0.17730 13
1.56855 0.04852 43.92246 0 -1.45000 -46.25000 23.63114 0.18739 -13
-0.81256 0.05340 89.49359 0 -1.62500 25.05000 69.49425 0.12987 13
0.51153 -0.23556 46.21552 0 7.12500 -14.47500 41.37140 0.11559 -13
-0.31902 0.08196 29.98005 0 -2.50000 8.25000 28.57074 0.10603 13
1.08417 -0.13705 12.73915 0 4.07500 -33.92500 8.68055 0.14914 13
-0.62637 0.13366 25.10950 0 -4.05000 18.70000 21.33258 0.11960 13
-0.64238 -0.26588 25.10950 0 8.00000 19.17500 21.33258 0.12263 13
0.86357 0.12015 77.36632 0 -3.62500 -26.35000 58.73346 0.13360 -13
0.89039 -0.28010 77.36632 0 8.45000 -27.17500 58.73346 0.13776 -13
0.10431 -0.17743 32.13452 0 5.35000 -3.97500 31.96634 0.10281 13
-0.33672 -0.03097 80.59635 0 0.95000 13.12500 76.38621 0.10630 -13
0.47483 0.13875 29.78204 0 -4.17500 -11.55000 26.94991 0.11235 -13
0.48600 -0.26045 29.78204 0 7.87500 -11.90000 26.94991 0.11502 -13
0.33126 -0.03406 77.33565 0 1.02500 -7.62500 73.41685 0.10614 13
0.69334 -0.00586 43.33085 0 0.17500 -20.45000 35.60932 0.12254 13
-0.02335 -0.03834 31.73341 0 1.15000 -0.57500 31.72477 0.10080 13
-0.46156 -0.01288 11.31673 0 0.42500 14.52500 10.27527 0.11093 -13
-0.88515 -0.10164 51.50098 0 3.07500 26.07500 38.65096 0.13488 -13
-0.08212 -0.23177 71.09190 0 6.97500 1.02500 70.86554 0.10370 13
-0.32709 -0.22564 18.81580 0 6.82500 11.05000 17.92563 0.10839 -13
0.83620 -0.08087 6.40852 0 2.55000 -23.92500 4.92342 0.13156 -13
1.30953 -0.05921 89.62919 0 1.77500 -40.92500 54.45741 0.16603 13
-0.11607 -0.16370 40.94777 0 4.95000 3.60000 40.68174 0.10272 -13
-0.66848 -0.01163 19.30285 0 0.37500 20.42500 16.04799 0.12114 -13
1.35161 0.06328 37.64734 0 -1.92500 -41.87500 22.41995 0.16944 13
-1.32539 0.00479 50.40321 0 -0.12500 39.92500 30.35791 0.16720 -13
-1.19212 0.10354 97.47161 0 -3.12500 34.72500 62.83857 0.15704 -13
0.16144 0.01469 2.84693 0 -0.60000 -4.90000 2.81054 0.10210 13
1.80565 0.14085 9.67651 0 -4.35000 -57.12500 4.72304 0.20848 13
1.84677 -0.25853 9.67651 0 7.67500 -58.30000 4.72304 0.21293 13
-0.65702 -0.07616 41.00776 0 2.32500 18.80000 34.30218 0.12074 -13
-1.09423 -0.16681 72.54604 0 5.05000 33.15000 49.30517 0.15023 -13
-1.22971 -0.15959 60.66667 0 4.80000 39.27500 38.56548 0.16041 13
-1.35884 0.06039 62.28155 0 -1.80000 42.72500 36.95950 0.17000 -13
-0.32150 -0.07005 83.09550 0 2.10000 9.45000 79.12548 0.10602 13
-0.82273 -0.02733 38.81897 0 0.80000 25.75000 29.98180 0.13043 13
0.43129 0.04046 42.37761 0 -1.22500 -15.92500 38.91774 0.10975 13
1.36240 -0.18210 44.78659 0 5.50000 -42.52500 26.78195 0.17119 -13
0.42650 -0.05639 90.97880 0 1.70000 -13.77500 83.70574 0.10963 -13
-0.72287 -0.13079 71.84819 0 3.95000 20.45000 58.39657 0.12496 -13
1.27199 0.01160 52.86861 0 -0.37500 -37.95000 32.67634 0.16295 13
1.41275 -0.20805 55.00688 0 6.30000 -43.45000 32.22909 0.17557 -13
0.01181 -0.04109 25.44480 0 1.25000 1.75000 25.44303 0.10080 -13
-0.34234 -0.13981 24.27263 0 4.25000 8.60000 22.98738 0.10738 -13
0.35455 0.04199 81.23533 0 -1.25000 -9.02500 76.57275 0.10693 -13
0.56038 -0.03884 9.11434 0 1.22500 -17.15000 7.95255 0.11552 -13
1.58841 -0.21553 55.23421 0 6.52500 -46.95000 29.90613 0.19028 -13
0.87126 -0.19046 83.87500 0 5.72500 -26.65000 63.72275 0.13492 13
-0.71661 0.03084 39.89032 0 -0.92500 23.32500 32.42960 0.12393 -13
0.46250 0.08498 70.87761 0 -2.57500 -11.65000 64.37146 0.11128 13
-0.89491 0.14249 84.01410 0 -4.30000 26.27500 62.88370 0.13590 13
-0.91467 -0.25658 84.01410 0 7.72500 26.87500 62.88370 0.13889 13
-2.11423 -0.24554 60.27388 0 7.42500 64.00000 26.39185 0.23685 -13
1.82150 0.02369 55.67995 0 -0.72500 -53.00000 26.80205 0.20926 13
-1.66875 -0.13373 6.50342 0 4.17500 50.80000 3.36499 0.19651 -13
1.29436 -0.12748 35.89555 0 3.82500 -39.57500 22.05625 0.16521 13
-0.09077 0.03890 1.34612 0 -0.80000 1.45000 1.34062 0.10146 -13
-0.41047 -0.20829 84.83298 0 6.27500 11.20000 78.71542 0.11085 13
-0.95040 -0.08017 76.19238 0 2.40000 31.80000 55.31207 0.13916 13
0.60806 0.07787 78.34665 0 -2.35000 -18.12500 66.99713 0.11811 -13
0.75721 -0.07930 94.61754 0 2.37500 -20.02500 75.51807 0.12657 13
-0.88131 0.09882 57.80673 0 -3.00000 26.12500 43.46012 0.13460 13
-0.45485 0.00748 1.72850 0 0.07500 10.62500 1.57330 0.11085 -13
-0.99322 -0.06804 4.01167 0 1.90000 30.62500 2.84945 0.14210 13
0.85911 -0.06987 79.75276 0 2.12500 -26.32500 60.55597 0.13296 -13
-1.35643 -0.02547 87.46862 0 0.75000 39.70000 51.91495 0.16973 13
1.87217 -0.18519 18.11929 0 5.52500 -57.47500 8.64858 0.21449 13
0.17801 -0.14412 24.27584 0 4.32500 -6.15000 23.90761 0.10330 13
-1.47550 0.02973 37.91069 0 -0.92500 46.02500 21.27527 0.17953 13
0.13180 -0.14092 8.66155 0 4.32500 -2.47500 8.58874 0.10260 -13
-3.05195 16.20522 8.66155 0 5.20000 -2.75000 8.58874 0.10460 -13
0.16708 -0.47246 8.66155 0 4.05000 -3.82500 8.58874 0.12593 -13
-0.19817 0.21735 8.66155 0 5.92500 -4.35000 8.58874 0.13483 -13
-0.09942 -0.15615 8.66155 0 4.02500 -3.97500 8.58874 0.14614 -13
-0.03173 0.39126 8.66155 0 5.82500 -4.05000 8.58874 0.15530 -13
-0.40536 -0.28662 8.66155 0 4.37500 -4.35000 8.58874 0.16844 -13
0.99955 0.48540 8.66155 0 5.37500 -2.90000 8.58874 0.17612 -13
1.16605 -0.06377 9.42430 0 2.00000 -33.72500 6.14132 0.15489 -13
-0.24478 -0.02513 65.53850 0 0.75000 8.35000 63.66033 0.10371 13
0.31741 0.12035 6.78300 0 -3.55000 -10.50000 6.46936 0.10633 -13
0.24321 -0.09789 67.01624 0 2.95000 -7.45000 65.13522 0.10411 -13
-0.33872 -0.24333 47.09175 0 7.35000 6.70000 44.73157 0.10912 -13
1.05196 -0.18829 68.04494 0 5.67500 -31.72500 47.30938 0.14738 13
-1.77460 -0.13658 61.41749 0 4.10000 54.25000 30.36250 0.20558 13
-1.08115 -0.07848 97.06825 0 2.35000 32.27500 66.02024 0.14852 13
1.89124 -0.06189 39.33516 0 1.90000 -57.80000 18.41374 0.21556 -13
-1.13666 -0.05211 54.02607 0 1.55000 34.27500 35.71318 0.15255 13
-0.60829 -0.17301 24.09858 0 5.25000 18.00000 20.67011 0.11917 -13
-0.99419 0.12129 11.02071 0 -3.72500 32.12500 7.84374 0.14257 13
-1.02464 -0.27899 11.02071 0 8.35000 33.00000 7.84374 0.14682 13
1.12337 -0.19107 37.73558 0 5.75000 -32.52500 25.34088 0.15265 13
-0.53486 0.06092 39.56178 0 -1.82500 13.97500 34.89975 0.11437 -13
-0.12848 -0.16565 57.92930 0 4.97500 4.97500 57.46946 0.10288 13
1.47494 -0.15173 32.82591 0 4.60000 -43.25000 18.56453 0.18013 -13
1.88401 -0.09286 48.48996 0 2.82500 -55.15000 22.81008 0.21501 -13
0.51761 -0.11127 22.49336 0 3.37500 -16.70000 20.00162 0.11396 -13
0.24082 -0.15968 74.42135 0 4.80000 -6.82500 72.40236 0.10482 13
-0.09711 -0.20526 82.98106 0 6.17500 3.52500 82.60812 0.10326 13
-0.96598 -0.23916 25.32379 0 7.25000 31.75000 18.45627 0.14211 -13
-0.58884 -0.11051 61.78965 0 3.32500 19.62500 53.32735 0.11739 13
-0.42547 -0.08410 36.39668 0 2.52500 13.85000 33.50935 0.10976 13
-0.16672 -0.15251 49.60062 0 4.60000 0.90000 48.94032 0.10325 -13
-1.01813 -0.12050 65.69429 0 3.62500 32.15000 46.20192 0.14422 13
0.98681 -0.20051 54.46407 0 6.02500 -27.20000 39.14177 0.14290 13
-0.33684 0.11179 78.89209 0 -3.37500 8.47500 74.81168 0.10685 -13
1.89407 0.07808 5.84551 0 -2.17500 -56.87500 2.73574 0.21577 -13
-1.85445 -0.02556 24.29425 0 0.80000 55.97500 11.53393 0.21220 -13
1.62612 0.06839 80.32734 0 -2.05000 -51.17500 42.14929 0.19236 -13
0.21314 -0.03941 10.55963 0 1.22500 -5.95000 10.32797 0.10305 -13
1.26245 -0.06871 86.60958 0 2.07500 -38.90000 53.85531 0.16233 13
0.54669 0.04314 35.74211 0 -1.32500 -15.02500 31.36866 0.11485 13
-1.96049 -0.03687 25.96306 0 1.15000 56.22500 11.80415 0.22166 -13
-1.65766 0.08153 22.88119 0 -2.42500 50.85000 11.84719 0.19512 -13
-0.28497 0.05031 46.36428 0 -1.50000 8.52500 44.59341 0.10483 -13
-0.08175 0.07937 83.19339 0 -2.40000 0.37500 82.91851 0.10135 13
-1.28702 -0.18610 58.79476 0 5.60000 43.32500 36.45596 0.16519 13
0.45547 0.03662 94.59824 0 -1.10000 -13.92500 86.09905 0.11072 -13
-0.28913 -0.24118 44.56002 0 7.30000 10.15000 42.89780 0.10762 -13
-0.94022 -0.21561 18.21124 0 6.45000 27.60000 13.40853 0.13988 13
-0.48134 0.05770 25.39465 0 -1.75000 15.25000 22.88895 0.11192 13
0.56476 0.14652 63.26534 0 -4.42500 -19.77500 55.22796 0.11659 13
0.57630 -0.25239 63.26534 0 7.60000 -20.12500 55.22796 0.11897 13
-1.36451 -0.07749 11.89431 0 2.27500 38.32500 7.04383 0.17053 13
-0.71073 -0.02180 57.38560 0 0.65000 21.57500 46.77880 0.12357 13
-1.88288 -0.04091 18.18956 0 1.30000 52.72500 8.53792 0.21475 -13
-1.84508 0.14125 78.88117 0 -4.25000 54.50000 37.87406 0.21181 -13
-1.88677 -0.25785 78.88117 0 7.80000 55.77500 37.87406 0.21662 -13
2.02014 0.07665 55.54964 0 -2.32500 -59.05000 24.70209 0.22713 13
0.77978 -0.21230 36.58916 0 6.42500 -22.92500 29.09169 0.12950 -13
-0.16796 0.05877 37.03679 0 -1.77500 2.70000 36.52682 0.10229 13
-0.81339 -0.14015 45.65235 0 4.22500 24.75000 35.55256 0.13057 13
0.65175 -0.16770 79.76983 0 5.07500 -20.20000 67.10323 0.12139 -13
-1.33153 -0.11461 87.11157 0 3.47500 38.47500 52.53156 0.16809 -13
0.42883 0.14329 6.25265 0 -4.22500 -14.70000 5.75602 0.11048 -13
0.43804 -0.25564 6.25265 0 7.80000 -15.00000 5.75602 0.11300 -13
-0.58090 -0.12086 43.01776 0 3.65000 15.57500 37.26500 0.11710 -13
-1.33896 -0.04840 39.65455 0 1.47500 40.07500 23.74578 0.16837 -13
-0.38722 0.08111 73.47181 0 -2.45000 10.80000 68.54375 0.10830 13
1.49066 -0.00307 95.42214 0 0.07500 -44.97500 53.15933 0.18076 13
-0.15700 0.04624 67.37467 0 -1.40000 6.50000 66.56106 0.10204 13
0.57745 0.09785 47.00523 0 -2.97500 -18.00000 40.75451 0.11671 13
-1.20619 -0.15713 38.66092 0 4.72500 37.90000 24.85278 0.15856 13
1.76039 0.10433 65.92036 0 -3.12500 -53.95000 32.69347 0.20414 -13
1.57626 0.12849 91.54410 0 -3.87500 -45.40000 49.32737 0.18842 -13
1.61992 -0.27127 91.54410 0 8.20000 -46.72500 49.32737 0.19366 -13
-1.69997 -0.22653 39.38026 0 6.80000 50.85000 20.33961 0.19988 13
0.43391 -0.21068 97.02843 0 6.35000 -12.50000 89.31175 0.11180 13
-1.76603 0.10206 36.79965 0 -3.05000 51.92500 18.20446 0.20461 -13
-0.77208 -0.03260 71.68225 0 1.00000 24.25000 56.75002 0.12727 -13
-0.64356 0.01323 28.13010 0 -0.37500 18.80000 23.65544 0.11976 -13
-0.88335 -0.03727 3.94624 0 0.95000 28.15000 2.95829 0.13445 13
-0.47326 -0.12416 80.82663 0 3.75000 12.32500 73.15980 0.11211 -13
0.16835 0.03312 92.14353 0 -1.00000 -2.22500 90.86629 0.10217 -13
-1.09722 0.05937 55.32742 0 -1.80000 35.30000 37.30491 0.14962 13
0.12052 -0.10802 3.72251 0 3.40000 -4.30000 3.69610 0.10210 -13
0.55628 -0.06916 49.13622 0 2.10000 -16.57500 42.96358 0.11545 -13
-1.78403 0.06281 86.34144 0 -1.90000 50.02500 42.27973 0.20606 13
-0.33057 -0.23860 21.32153 0 7.22500 10.67500 20.29813 0.10877 -13
-0.67130 -0.24733 75.20824 0 7.47500 19.97500 63.00989 0.12383 -13
-0.85254 0.08324 66.13461 0 -2.52500 25.62500 50.40104 0.13260 13
0.08338 -0.33895 66.13461 0 -2.47500 25.50000 50.40104 0.13251 13
0.18437 -0.04156 66.13461 0 -0.85000 25.92500 50.40104 0.14114 13
0.13608 0.40994 66.13461 0 -2.32500 25.57500 50.40104 0.15011 13
-0.29623 -0.52996 66.13461 0 -1.22500 25.42500 50.40104 0.16135 13
-0.78455 0.71116 66.13461 0 -2.05000 25.27500 50.40104 0.17032 13
0.22041 0.11502 30.51286 0 -3.47500 -6.20000 29.80658 0.10378 13
-0.64291 0.04768 85.57301 0 -1.42500 20.05000 72.00414 0.11982 -13
0.72396 -0.21959 62.80414 0 6.62500 -20.17500 51.27944 0.12628 -13
-0.59172 0.10519 21.44436 0 -3.20000 18.25000 18.48189 0.11750 13
0.52259 -0.21024 9.33995 0 6.40000 -13.82500 8.31606 0.11563 -13
-1.17210 -0.14918 70.33609 0 4.50000 35.10000 45.94148 0.15590 -13
-0.10144 -0.18830 20.87956 0 5.70000 4.17500 20.77657 0.10300 -13
0.47461 0.06804 42.05438 0 -2.05000 -14.37500 38.00866 0.11168 -13
0.09569 0.14108 79.25570 0 -4.25000 -4.50000 78.90226 0.10215 -13
0.09784 -0.25804 79.25570 0 7.80000 -4.55000 78.90226 0.10447 -13
-0.88292 -0.00093 90.94549 0 0.02500 27.02500 68.17509 0.13433 -13
0.77947 -0.14091 13.08734 0 4.30000 -22.42500 10.36025 0.12850 -13
1.50932 -0.13324 12.31746 0 4.10000 -45.20000 6.84473 0.18289 -13
-0.23613 -0.22084 90.97789 0 6.67500 9.50000 88.65170 0.10584 -13
0.66952 0.09335 95.19561 0 -2.82500 -21.07500 79.20938 0.12156 13
0.06554 0.11327 80.72528 0 -3.42500 -3.25000 80.55465 0.10157 13
1.30450 -0.04103 79.24996 0 1.22500 -36.87500 48.24007 0.16558 13
-0.26854 -0.09697 39.15157 0 2.92500 8.42500 37.82374 0.10472 13
-0.76638 -0.13571 33.54613 0 4.07500 24.05000 26.71562 0.12760 13
-1.02266 0.01562 75.62500 0 -0.47500 30.05000 52.87555 0.14405 13
1.69182 0.09604 97.02081 0 -2.90000 -50.02500 49.53693 0.19815 -13
-0.75783 0.08264 2.42803 0 -2.25000 19.32500 1.93798 0.12664 -13
-0.21932 -0.02305 25.65888 0 0.67500 7.05000 25.06344 0.10312 13
1.97471 -0.05241 16.74317 0 1.52500 -59.15000 7.57310 0.22293 13
-0.99407 -0.18275 42.40272 0 5.52500 28.60000 30.31710 0.14320 -13
0.24246 -0.08028 65.33707 0 2.42500 -6.40000 63.50848 0.10394 -13
-0.18998 0.07253 33.45621 0 -2.20000 5.52500 32.87134 0.10277 13
1.97328 0.05785 32.12757 0 -1.77500 -59.17500 14.54253 0.22286 13
-0.06292 -0.13103 61.35798 0 3.95000 3.40000 61.23891 0.10177 -13
0.37261 -0.03365 60.76802 0 1.00000 -9.65000 56.94736 0.10752 13
-0.17303 0.06044 28.39583 0 -1.85000 4.70000 27.98164 0.10238 13
0.34159 0.05488 91.13563 0 -1.65000 -11.20000 86.25635 0.10655 -13
-1.62764 0.11367 1.61006 0 -4.05000 50.20000 0.84768 0.19341 13
-1.68596 -0.28769 1.61006 0 8.02500 51.45000 0.84768 0.19835 13
-0.04095 0.03808 77.60833 0 -1.15000 4.45000 77.54342 0.10086 13
-0.50108 -0.24548 11.31937 0 7.35000 15.75000 10.17853 0.11528 13
0.64665 -0.16338 28.39843 0 4.90000 -17.55000 23.93884 0.12103 13
-1.07099 -0.02027 66.95306 0 0.62500 34.02500 45.69814 0.14757 -13
0.29078 -0.12995 43.54416 0 3.90000 -9.12500 41.83931 0.10568 13
-0.56451 -0.17007 61.05953 0 5.15000 17.67500 53.35322 0.11691 -13
-0.57688 -0.02872 67.66264 0 0.87500 17.87500 58.61559 0.11630 -13
0.18926 -0.01372 47.57533 0 0.40000 -5.32500 46.74568 0.10250 13
-0.18662 -0.03096 97.37256 0 0.92500 4.22500 95.72153 0.10249 13
-0.93830 -0.19480 26.78429 0 5.90000 27.57500 19.70119 0.13951 -13
0.45317 -0.08631 30.87839 0 2.60000 -12.75000 28.14300 0.11090 13
-0.28484 0.00580 35.76547 0 -0.20000 7.02500 34.39739 0.10471 13
-0.54138 -0.18448 62.75292 0 5.57500 17.07500 55.39184 0.11602 -13
0.40471 0.01851 10.77296 0 -0.60000 -12.90000 9.98639 0.10866 13
-1.33074 -0.01071 78.33327 0 0.32500 39.85000 47.05984 0.16764 -13
-0.95046 0.01391 93.34632 0 -0.42500 27.12500 67.66364 0.13894 13
2.08930 -0.20468 15.49744 0 6.25000 -63.97500 6.80233 0.23430 -13
-1.26324 -0.08979 11.36387 0 2.65000 40.27500 7.07066 0.16248 13
-0.86742 -0.24354 24.77424 0 7.32500 28.02500 18.94389 0.13552 13
1.36534 -0.01264 33.05988 0 0.40000 -39.50000 19.53540 0.17045 -13
-0.97922 0.11255 74.01191 0 -3.37500 28.80000 53.04339 0.14139 -13
0.04093 -0.17971 61.42778 0 5.42500 -1.82500 61.37800 0.10241 -13
-1.00787 0.13889 91.19718 0 -4.20000 30.90000 64.54079 0.14366 13
-1.03155 -0.26036 91.19718 0 7.85000 31.62500 64.54079 0.14703 13
0.81194 0.14288 9.66107 0 -4.37500 -23.87500 7.53023 0.13056 13
0.82989 -0.25624 9.66107 0 7.65000 -24.37500 7.53023 0.13331 13
0.36862 -0.10109 27.43243 0 3.07500 -13.05000 25.75538 0.10781 -13
-1.78883 -0.11925 13.12404 0 3.67500 53.35000 6.43869 0.20679 -13
-0.47051 0.03605 66.01159 0 -1.07500 15.92500 59.73719 0.11135 -13
0.56423 -0.08903 40.01627 0 2.67500 -16.62500 34.88444 0.11597 13
-0.94198 -0.03585 93.86906 0 1.07500 28.40000 68.34878 0.13839 13
-1.45767 -0.18529 32.34911 0 5.57500 42.22500 18.50925 0.17897 13
-0.87693 -0.02912 1.94674 0 1.20000 27.37500 1.46377 0.13424 -13
0.62433 -0.03789 97.73262 0 1.15000 -19.97500 82.91894 0.11878 -13
-0.01918 -0.05105 4.09974 0 1.42500 0.85000 4.09899 0.10087 13
0.31518 0.08762 24.80142 0 -2.62500 -9.02500 23.66250 0.10595 -13
0.49472 -0.20647 33.83020 0 6.25000 -15.97500 30.44461 0.11428 -13
-0.23827 -0.21621 79.25777 0 6.52500 4.07500 77.19217 0.10579 -13
-1.29648 -0.14746 64.84488 0 4.45000 39.77500 39.87166 0.16556 -13
2.09537 -0.08503 65.11024 0 2.55000 -61.62500 28.12675 0.23395 13
-0.18675 -0.09043 73.87393 0 2.72500 5.47500 72.62842 0.10285 13
-0.87717 -0.21767 16.27657 0 6.52500 26.77500 12.35853 0.13570 13
0.96740 0.01813 25.25956 0 -0.52500 -29.07500 18.15612 0.14012 -13
-1.60901 -0.09899 81.77090 0 2.97500 47.85000 43.31476 0.19103 13
0.37624 -0.06749 67.93436 0 2.05000 -11.65000 63.60067 0.10781 -13
-0.27107 -0.09669 79.20494 0 2.92500 8.25000 76.47053 0.10479 -13
-0.90934 -0.19265 7.18760 0 5.90000 30.17500 5.36119 0.13759 -13
-0.85984 0.13920 94.81505 0 -4.20000 25.97500 72.18547 0.13354 -13
-0.87993 -0.26001 94.81505 0 7.85000 26.57500 72.18547 0.13668 -13
-1.15072 -0.07949 30.72087 0 2.42500 34.22500 20.18803 0.15374 -13
0.25058 -0.16773 36.37598 0 5.07500 -7.87500 35.31369 0.10519 -13
0.81944 -0.02363 51.85004 0 0.70000 -24.50000 40.10932 0.13022 13
-0.43457 0.08198 66.21740 0 -2.47500 15.82500 60.76340 0.11011 13
0.40923 -0.02393 51.74936 0 0.72500 -11.15000 47.89607 0.10884 -13
0.13926 -0.15392 66.07540 0 4.62500 -5.15000 65.45829 0.10285 13
-0.51430 -0.13644 8.54493 0 4.05000 13.67500 7.61323 0.11405 13
-0.96703 -0.12498 48.66205 0 3.75000 27.97500 35.11156 0.14064 13
0.31759 -0.15193 44.79887 0 4.60000 -8.35000 42.74148 0.10676 -13
-0.56216 -0.24289 67.68534 0 7.32500 14.75000 59.40014 0.11809 -13
-1.26675 0.00781 68.18111 0 -0.25000 38.12500 42.24694 0.16253 13
-1.05379 1.44022 68.18111 0 -1.22500 37.77500 42.24694 0.16397 13
-0.14703 -0.48097 68.18111 0 -1.02500 37.47500 42.24694 0.18525 13
0.27991 -0.74263 68.18111 0 -2.27500 37.55000 42.24694 0.19242 13
-1.08800 0.62780 68.18111 0 -1.97500 37.32500 42.24694 0.19430 13
2.07006 -1.93753 68.18111 0 -1.95000 37.20000 42.24694 0.19542 13
0.60866 0.00445 12.71300 0 -0.17500 -19.15000 10.85967 0.11790 13
0.37935 0.06160 97.14454 0 -1.87500 -11.20000 90.85031 0.10788 13
-0.22595 -0.18690 95.19879 0 5.65000 5.75000 92.93417 0.10495 -13
-1.48348 0.10442 78.47617 0 -3.15000 44.20000 44.02408 0.18049 13
0.31012 -0.08968 29.13554 0 2.67500 -9.00000 27.83783 0.10581 13
-0.60869 -0.16377 44.08296 0 4.92500 18.42500 37.78969 0.11903 13
-0.34666 0.05180 70.70548 0 -1.57500 7.90000 66.81491 0.10671 13
-0.34961 0.13783 28.08487 0 -4.17500 8.97500 26.53846 0.10759 13
-0.35795 -0.26147 28.08487 0 7.87500 9.22500 26.53846 0.11014 13
0.10025 -0.21298 34.85251 0 6.40000 -4.27500 34.68614 0.10345 13
0.80719 -0.08987 38.91897 0 2.72500 -21.32500 30.33158 0.12973 -13
0.82091 0.06948 77.40402 0 -2.07500 -23.77500 59.88500 0.13048 -13
0.31267 -0.03858 58.88817 0 1.15000 -9.67500 56.20851 0.10558 13
-1.97014 0.09688 98.74117 0 -2.90000 57.72500 44.85807 0.22270 -13
-1.27368 -0.22934 85.49590 0 6.90000 41.65000 53.63279 0.16469 13
0.20556 -0.11997 63.43573 0 3.60000 -5.57500 62.15427 0.10351 13
-1.28559 -0.14020 85.93746 0 4.22500 38.70000 53.08346 0.16462 13
1.32543 0.05858 93.44367 0 -1.75000 -40.30000 56.34060 0.16731 -13
0.47395 0.11413 86.21376 0 -3.42500 -15.75000 77.99865 0.11203 -13
-0.97853 0.13785 36.07652 0 -4.15000 28.92500 25.90318 0.14157 -13
-1.00192 -0.26141 36.07652 0 7.90000 29.62500 25.90318 0.14499 -13
1.39010 -0.21546 85.59981 0 6.50000 -44.50000 50.73512 0.17382 -13
0.05079 -0.08195 20.00168 0 2.45000 -1.85000 19.97611 0.10117 13
-1.91385 -0.08963 93.09133 0 2.72500 57.57500 43.24633 0.21765 -13
0.52441 -0.06367 18.92573 0 1.90000 -14.72500 16.76822 0.11388 13
-1.19189 -0.10822 78.74751 0 3.27500 36.87500 50.78698 0.15706 -13
0.03361 0.02450 95.35374 0 -0.72500 -0.50000 95.29996 0.10078 -13
-0.31885 0.00982 80.19376 0 -0.30000 11.17500 76.40442 0.10570 -13
0.86156 -0.07282 99.39714 0 2.20000 -25.97500 75.38781 0.13313 -13
-0.34327 -0.06803 35.38462 0 2.05000 10.85000 33.47592 0.10669 13
-0.80367 0.03463 35.59167 0 -1.05000 24.97500 27.74916 0.12924 13
-0.58169 -0.13062 33.08268 0 3.95000 18.55000 28.65746 0.11725 -13
-0.12819 -0.22679 92.67955 0 6.82500 6.72500 91.96365 0.10406 13
0.96871 0.00166 88.42609 0 -0.05000 -29.27500 63.51235 0.14021 13
0.79305 0.03090 46.41479 0 -0.92500 -23.22500 36.37357 0.12856 -13
-1.49701 -0.12533 23.19207 0 3.82500 43.30000 12.95208 0.18176 -13
0.05497 -0.23200 26.88093 0 7.02500 -3.02500 26.84243 0.10354 -13
-0.81352 0.09119 87.48434 0 -2.75000 25.30000 67.97526 0.13014 -13
0.69766 0.12501 36.80725 0 -3.75000 -19.95000 30.26310 0.12342 -13
0.71799 -0.27495 36.80725 0 8.30000 -20.57500 30.26310 0.12704 -13
-1.20810 -0.02172 48.94492 0 0.65000 36.67500 31.21373 0.15795 13
-1.49427 -0.17177 1.10303 0 4.37500 45.60000 0.61903 0.18216 13
-0.42378 -0.15337 36.20119 0 4.65000 12.65000 33.39012 0.11046 -13
-0.31871 -0.11352 72.75265 0 3.42500 12.50000 69.35801 0.10631 13
-1.17218 -0.00445 65.73572 0 0.15000 36.47500 42.66392 0.15516 -13
0.24841 0.00152 48.08649 0 -0.02500 -8.32500 46.66806 0.10377 -13
0.67380 -0.24732 63.29083 0 7.47500 -22.10000 52.96694 0.12396 -13
-0.80926 0.04381 98.91296 0 -1.32500 24.22500 76.91860 0.12962 13
0.01557 0.08041 43.62884 0 -2.42500 -2.05000 43.62358 0.10104 -13
-0.38546 0.11876 56.21709 0 -3.60000 11.02500 52.50220 0.10859 13
-0.39767 -0.28164 56.21709 0 8.47500 11.40000 52.50220 0.11201 13
-0.20016 0.07879 30.96251 0 -2.40000 4.65000 30.36383 0.10301 13
0.32435 -0.06264 49.04572 0 1.87500 -10.62500 46.66170 0.10606 13
-0.09529 -0.22980 33.92191 0 6.92500 2.45000 33.77661 0.10375 13
1.67783 -0.05954 49.94794 0 1.77500 -49.17500 25.60582 0.19679 13
0.12510 -0.19860 74.33481 0 5.97500 -3.90000 73.78138 0.10344 13
-1.17325 -0.09589 62.58287 0 2.90000 37.97500 40.70334 0.15555 -13
0.93401 -0.13813 18.27228 0 4.20000 -31.27500 13.41197 0.13852 -13
0.99684 -0.17548 34.11935 0 5.32500 -31.05000 24.34629 0.14330 -13
-0.00969 -0.14775 83.15528 0 4.45000 -1.42500 83.15147 0.10180 13
-1.54172 -0.18970 45.30249 0 5.75000 47.47500 24.96063 0.18606 -13
-0.38336 -0.15688 41.91214 0 4.75000 8.00000 39.19528 0.10901 -13
0.48406 -0.00015 66.91761 0 -0.00000 -14.80000 60.23203 0.11188 -13
1.42110 0.00635 63.79302 0 -0.17500 -44.17500 36.71402 0.17498 -13
0.10603 -0.23389 98.38204 0 7.05000 -4.72500 97.86180 0.10397 13
-0.58362 0.10858 5.93941 0 -3.37500 16.40000 5.13746 0.11717 13
-0.01999 -0.17517 88.15361 0 5.30000 -1.12500 88.13654 0.10226 -13
-0.97072 0.14498 19.54092 0 -4.40000 28.52500 14.09192 0.14113 13
-0.99117 -0.25400 19.54092 0 7.62500 29.12500 14.09192 0.14403 13
0.14390 -0.10679 61.66179 0 3.22500 -6.62500 61.04004 0.10230 13
1.84681 -0.15971 23.21580 0 4.85000 -55.65000 11.16260 0.21213 -13
-0.74365 0.07052 8.31681 0 -2.20000 24.65000 6.67950 0.12573 13
-0.39102 0.02666 29.42680 0 -0.82500 13.32500 27.40759 0.10816 13
-0.86318 -0.05908 42.60930 0 1.77500 24.25000 32.27910 0.13316 13
1.88353 -0.18781 72.71567 0 5.65000 -55.95000 34.56149 0.21556 13
-1.16609 -0.03821 39.20545 0 1.12500 35.17500 25.53254 0.15474 13
