0.04338 0.00042 75.04904 0 -0.00000 0.35000 74.97851 0.10080 -13
0.66570 -0.22319 8.50114 0 6.65000 -20.42500 7.12869 0.12299 13
0.88112 -0.04053 90.59956 0 1.22500 -27.22500 68.00066 0.13429 -13
1.12591 0.07176 29.24089 0 -2.15000 -32.57500 19.44610 0.15181 -13
-0.52295 -0.15983 50.42288 0 4.82500 15.62500 44.80224 0.11478 -13
-0.64779 0.09296 69.90925 0 -2.82500 19.47500 58.74829 0.12035 13
-0.25660 -0.15531 72.27966 0 4.70000 7.92500 70.06254 0.10514 -13
-0.09983 0.01637 12.19057 0 -0.45000 0.85000 12.13029 0.10122 -13
-0.30300 0.06773 10.66499 0 -2.00000 8.82500 10.20874 0.10543 -13
0.13108 -0.20157 74.64102 0 6.07500 -4.72500 74.03232 0.10358 -13
0.49502 -0.09493 14.76675 0 2.90000 -14.65000 13.24581 0.11278 -13
1.99314 0.02084 21.21396 0 -0.57500 -59.55000 9.51537 0.22456 -13
-0.28940 -0.06850 69.52561 0 2.07500 6.97500 66.79711 0.10506 -13
-0.21585 0.00194 39.62107 0 -0.05000 5.00000 38.72910 0.10302 -13
1.11205 0.00601 12.92217 0 -0.22500 -34.77500 8.64047 0.15062 13
-1.11964 -0.06640 46.30862 0 2.02500 31.52500 30.88482 0.15133 -13
1.77835 -0.06910 57.74596 0 2.10000 -53.45000 28.35468 0.20558 -13
-1.68390 0.08025 38.31106 0 -2.40000 50.77500 19.60779 0.19738 -13
-1.11949 0.00893 20.28131 0 -0.30000 33.45000 13.51120 0.15117 13
-0.01600 0.08102 95.67421 0 -2.45000 0.62500 95.66204 0.10104 13
0.19995 0.02388 45.69613 0 -0.72500 -4.07500 44.80972 0.10272 13
-1.37444 -0.20823 95.72927 0 6.27500 37.15000 57.10165 0.17244 13
-1.26155 -0.07613 51.45576 0 2.30000 36.22500 32.02015 0.16230 -13
-0.48216 -0.12390 20.10143 0 3.77500 15.27500 18.13257 0.11250 -13
1.08454 -0.06817 81.85650 0 2.07500 -33.97500 55.55782 0.14872 -13
-0.71032 -0.16832 15.68586 0 5.02500 23.70000 12.84769 0.12465 13
-0.85627 -0.02750 8.72796 0 0.90000 27.22500 6.63091 0.13262 -13
0.57896 -0.09288 28.51866 0 2.82500 -15.40000 24.70732 0.11674 -13
1.43574 -0.01947 40.56802 0 0.57500 -45.52500 23.18886 0.17621 13
1.03352 -0.01586 13.80427 0 0.52500 -33.30000 9.59953 0.14484 -13
-1.40081 -0.07880 66.11079 0 2.40000 42.55000 38.48989 0.17351 -13
0.64753 -0.17095 86.57178 0 5.17500 -19.65000 72.97433 0.12121 -13
0.27173 0.12316 25.09116 0 -3.72500 -6.17500 24.22570 0.10510 13
0.27984 -0.27697 25.09116 0 8.32500 -6.42500 24.22570 0.10821 13
-0.19600 -0.03534 37.25306 0 1.07500 4.85000 36.55840 0.10268 -13
-1.63565 0.05247 58.76639 0 -1.57500 50.40000 30.68378 0.19313 -13
1.91232 0.04333 32.65887 0 -1.27500 -58.80000 15.14488 0.21735 -13
-0.42016 -0.15183 86.85718 0 4.57500 11.80000 80.21200 0.11030 -13
-0.55294 -0.11494 30.85606 0 3.47500 17.22500 27.04413 0.11566 -13
0.09402 -0.16547 53.69056 0 5.00000 -3.02500 53.46109 0.10252 -13
-0.61331 -0.20577 61.07212 0 6.22500 18.37500 52.35228 0.11994 -13
-1.35321 -0.24204 74.90254 0 7.30000 40.55000 45.33384 0.17117 13
-2.06144 -0.18273 24.76900 0 5.55000 63.77500 10.95468 0.23153 -13
-1.85870 -0.00931 72.65406 0 0.30000 54.85000 34.42345 0.21255 -13
0.97809 -0.17189 26.87999 0 5.15000 -30.92500 19.35243 0.14190 13
-1.31265 0.05796 55.74804 0 -1.75000 39.30000 33.81901 0.16628 13
1.21343 0.00062 32.09352 0 -0.05000 -38.97500 20.41059 0.15825 13
1.21344 0.00063 32.09352 0 -0.05000 -39.00000 20.41059 0.15834 13
-0.33993 0.14683 58.76459 0 -4.42500 11.40000 55.69875 0.10738 -13
-0.34683 -0.25204 58.76459 0 7.60000 11.60000 55.69875 0.10958 -13
0.97483 0.08829 13.16149 0 -2.60000 -30.37500 9.44251 0.14089 -13
-1.18722 -0.12729 54.04224 0 3.82500 37.37500 34.97864 0.15683 13
-1.74501 -0.19530 22.90472 0 5.85000 49.47500 11.55038 0.20342 13
0.17225 -0.01008 89.44106 0 0.30000 -5.40000 88.14307 0.10219 -13
-1.71016 0.05631 5.62404 0 -1.52500 52.20000 2.84304 0.19950 -13
-0.38573 -0.10427 28.86844 0 3.17500 9.10000 26.95305 0.10845 -13
0.09306 -0.05279 69.89690 0 1.60000 -1.12500 69.59700 0.10128 -13
0.66620 -0.12759 54.93044 0 3.85000 -20.47500 45.82754 0.12168 13
-0.96267 -0.01748 88.96636 0 0.52500 30.87500 64.09847 0.13979 13
-0.04952 -0.13320 24.67820 0 4.05000 1.05000 24.64850 0.10172 -13
1.05057 -0.08945 77.77933 0 2.70000 -33.27500 53.73729 0.14635 -13
-0.81546 -0.21325 67.48996 0 6.45000 24.20000 52.76450 0.13171 -13
-0.55281 -0.06991 68.44425 0 2.10000 17.62500 59.93468 0.11528 13
-0.96811 0.14377 84.36961 0 -4.35000 31.37500 60.91612 0.14092 13
-0.98897 -0.25527 84.36961 0 7.70000 32.00000 60.91612 0.14394 13
0.56622 -0.21348 52.49530 0 6.45000 -17.00000 45.92466 0.11771 -13
0.10710 -0.05225 60.34446 0 1.57500 -2.32500 60.00219 0.10141 13
-0.75718 -0.00446 25.96585 0 0.10000 24.72500 20.70137 0.12631 13
-1.60859 0.09128 48.27423 0 -2.77500 45.60000 25.56322 0.19097 13
-0.96001 0.10384 26.67238 0 -3.10000 25.32500 19.29065 0.13997 -13
0.40012 -0.19702 99.30449 0 5.95000 -11.35000 92.43655 0.11026 13
-0.39137 -0.23365 49.72953 0 7.05000 14.80000 46.46931 0.11068 -13
0.08022 -0.01338 30.23176 0 0.37500 -2.77500 30.13498 0.10104 13
0.93461 -0.03067 12.13213 0 0.97500 -27.60000 8.86553 0.13789 -13
0.69870 -0.16443 7.06664 0 5.05000 -22.12500 5.81757 0.12404 -13
0.28979 0.09061 36.29194 0 -2.72500 -10.25000 34.86882 0.10524 -13
-1.70450 -0.17194 47.02257 0 5.17500 53.05000 24.05277 0.19975 13
-2.08630 0.11135 84.41818 0 -3.37500 63.60000 36.67126 0.23327 13
-1.10387 0.02321 31.36648 0 -0.72500 35.15000 21.06183 0.15001 13
-1.45840 0.11710 79.93486 0 -3.52500 44.05000 45.41369 0.17846 -13
0.30583 -0.21179 40.36755 0 6.40000 -8.92500 38.67363 0.10745 -13
0.56123 -0.14125 54.52702 0 4.27500 -20.90000 47.66208 0.11636 -13
-0.19201 0.14364 59.67639 0 -4.35000 7.42500 58.62697 0.10357 13
-0.19616 -0.25539 59.67639 0 7.70000 7.55000 58.62697 0.10579 13
1.00961 0.13342 86.33069 0 -4.02500 -31.37500 61.02280 0.14374 13
1.03558 -0.26612 86.33069 0 8.02500 -32.15000 61.02280 0.14742 13
0.50609 -0.03007 59.39730 0 0.90000 -14.00000 53.00167 0.11290 13
0.68901 0.13611 62.93957 0 -4.10000 -20.95000 51.98098 0.12306 -13
0.70598 -0.26324 62.93957 0 7.95000 -21.47500 51.98098 0.12610 -13
1.02632 0.01868 74.35612 0 -0.57500 -29.80000 51.89498 0.14431 13
0.75270 -0.06772 93.38936 0 2.02500 -23.22500 74.67621 0.12623 13
0.15356 -0.10527 19.23631 0 3.15000 -2.12500 19.01593 0.10243 13
-2.22214 -0.08218 37.88845 0 2.50000 64.95000 15.59160 0.24557 -13
0.16430 0.01649 32.69493 0 -0.52500 -6.60000 32.26247 0.10206 13
0.55340 0.05469 52.98365 0 -1.65000 -17.15000 46.37464 0.11523 -13
1.46528 0.12983 25.53328 0 -3.95000 -46.95000 14.47469 0.17916 13
1.50500 -0.26988 25.53328 0 8.10000 -48.15000 14.47469 0.18394 13
0.50733 -0.02297 65.36238 0 0.67500 -14.57500 58.29311 0.11294 13
-1.95477 0.04915 44.41490 0 -1.45000 58.92500 20.24619 0.22117 -13
2.06379 -0.13932 38.40271 0 4.17500 -63.22500 16.87678 0.23133 13
-0.40656 -0.10954 82.53810 0 3.30000 13.07500 76.52449 0.10927 13
0.17449 0.02940 90.80446 0 -0.90000 -5.80000 89.45405 0.10227 13
-0.20120 0.06111 3.90009 0 -1.97500 6.32500 3.82375 0.10297 13
-0.42472 0.02550 64.84569 0 -0.77500 13.15000 59.68833 0.10944 13
-0.15201 -0.10033 85.28905 0 3.02500 2.72500 84.33000 0.10236 -13
-0.44054 0.10478 89.28351 0 -3.15000 14.37500 81.77823 0.11055 -13
0.73092 0.08635 44.40249 0 -2.60000 -24.50000 35.89402 0.12503 -13
0.66447 -0.10816 81.02287 0 3.25000 -21.07500 67.60311 0.12139 13
0.55827 0.03414 26.20088 0 -1.05000 -18.05000 22.88008 0.11539 13
1.62300 0.07754 13.25833 0 -2.27500 -50.40000 6.97050 0.19208 -13
-1.01201 -0.12398 12.88005 0 3.67500 30.20000 9.08762 0.14379 13
-0.63055 -0.10549 27.39123 0 3.20000 19.92500 23.20625 0.11953 -13
-0.65278 0.09326 98.43588 0 -2.82500 17.80000 82.53433 0.12063 13
1.53545 0.04263 74.69666 0 -1.27500 -43.70000 40.79073 0.18457 -13
-0.77964 -0.12565 3.90688 0 3.62500 24.52500 3.08939 0.12832 13
-1.16543 -0.12811 35.92857 0 3.87500 34.57500 23.50593 0.15519 -13
-0.12486 -0.15629 99.60885 0 4.70000 4.77500 98.85944 0.10269 13
-0.56274 -0.24551 41.29752 0 7.40000 16.87500 36.23889 0.11816 13
-1.36798 -0.05460 13.11490 0 1.57500 40.37500 7.74735 0.17072 13
-0.05862 -0.15972 13.23941 0 4.77500 3.07500 13.21731 0.10213 13
0.84373 0.13759 30.35844 0 -4.12500 -24.97500 23.29329 0.13247 -13
0.86401 -0.26166 30.35844 0 7.92500 -25.60000 23.29329 0.13569 -13
0.81005 0.08637 38.77745 0 -2.60000 -24.85000 30.17638 0.12988 -13
0.06126 -0.05900 33.93840 0 1.77500 -2.65000 33.87511 0.10106 13
-1.76238 0.13116 28.93809 0 -3.92500 54.67500 14.37239 0.20447 -13
-1.80882 -0.26844 28.93809 0 8.12500 56.10000 14.37239 0.21000 -13
1.35454 -0.03459 65.54338 0 1.05000 -39.00000 38.94387 0.16938 -13
1.35453 -0.03459 65.54338 0 1.05000 -39.02500 38.94387 0.16959 -13
-0.32753 -0.21321 81.95316 0 6.45000 9.05000 78.04689 0.10812 -13
-0.39885 -0.01142 96.02872 0 0.35000 13.35000 89.19650 0.10842 -13
-0.84974 -0.13400 28.19668 0 4.07500 28.15000 21.56724 0.13285 -13
1.47040 -0.13733 59.40814 0 4.12500 -44.32500 33.62182 0.17960 13
0.31338 -0.01835 51.50545 0 0.55000 -11.40000 49.14933 0.10555 13
0.37930 0.01795 39.68376 0 -0.55000 -9.87500 37.10508 0.10772 13
0.63836 0.00795 79.12089 0 -0.25000 -18.27500 66.69130 0.11948 13
-0.14753 -0.24147 75.83849 0 7.30000 5.82500 75.07048 0.10466 -13
0.01507 -0.05161 50.33289 0 1.57500 -0.80000 50.32719 0.10085 -13
0.39080 -0.18982 89.90757 0 5.72500 -11.27500 83.93361 0.10980 -13
1.46173 -0.24166 89.36711 0 7.27500 -44.77500 51.43524 0.17999 13
-0.52978 -0.19495 8.75398 0 5.82500 15.62500 7.76638 0.11561 13
0.66923 -0.20835 10.30013 0 6.35000 -20.10000 8.61560 0.12303 -13
-0.01972 0.10896 53.32429 0 -3.27500 0.27500 53.31405 0.10131 -13
-0.20460 -0.23607 70.12044 0 7.12500 5.42500 68.77027 0.10550 13
0.43133 -0.20054 11.31980 0 6.00000 -15.60000 10.42569 0.11149 13
-0.47077 -0.11184 42.95741 0 3.35000 10.05000 38.90969 0.11187 13
0.39747 -0.24512 44.69859 0 7.37500 -10.50000 41.69912 0.11113 13
-0.37699 -0.09347 6.09925 0 2.90000 10.57500 5.71029 0.10808 -13
-1.19686 -0.14122 28.75809 0 4.22500 37.40000 18.54622 0.15769 13
-0.37777 -0.01365 69.43874 0 0.42500 12.95000 64.95892 0.10766 -13
-0.04224 0.12801 64.51844 0 -3.87500 -0.47500 64.46190 0.10161 13
-0.04343 -0.27179 64.51844 0 8.20000 -0.42500 64.46190 0.10444 13
-0.59523 -0.14002 36.01097 0 4.25000 19.67500 31.02215 0.11805 -13
-0.38950 -0.07230 7.10234 0 2.10000 10.65000 6.62037 0.10831 13
-0.83135 -0.00274 55.60244 0 0.07500 25.22500 42.75679 0.13096 13
1.47986 -0.07794 50.19654 0 2.37500 -47.57500 28.16285 0.18003 -13
-1.56056 -0.14797 51.06450 0 4.47500 48.75000 27.76003 0.18728 -13
0.87484 -0.12666 78.01816 0 3.80000 -29.62500 58.92169 0.13440 13
-0.22642 0.00934 91.01214 0 -0.27500 8.27500 88.76550 0.10326 13
0.03725 0.10840 88.28299 0 -3.27500 0.72500 88.22251 0.10136 -13
-1.13188 -0.10151 47.81298 0 3.05000 32.85000 31.74794 0.15243 13
-0.59456 -0.11207 31.60966 0 3.37500 18.10000 27.21411 0.11769 13
0.18176 0.11490 2.32712 0 -3.67500 -6.10000 2.29013 0.10319 13
0.18772 -0.28617 2.32712 0 8.40000 -6.25000 2.29013 0.10633 13
-0.66670 -0.03350 84.95431 0 1.02500 21.02500 70.69734 0.12108 -13
-0.66527 -0.01233 73.93014 0 0.37500 17.50000 61.55496 0.12096 13
-1.15442 -0.20672 62.25934 0 6.25000 37.80000 41.24986 0.15522 -13
0.74234 -0.00948 31.95995 0 0.30000 -22.97500 25.66237 0.12542 -13
-1.55946 0.10380 69.81951 0 -3.12500 44.20000 37.83180 0.18683 -13
-1.41276 0.14191 83.77729 0 -4.27500 41.10000 48.72373 0.17487 -13
-1.44424 -0.25718 83.77729 0 7.77500 42.05000 48.72373 0.17880 -13
0.31206 0.06619 20.56586 0 -1.97500 -7.92500 19.63608 0.10570 -13
0.63551 -0.16263 69.92563 0 4.92500 -17.70000 59.23653 0.12044 -13
-0.44981 -0.02880 84.29120 0 0.87500 14.20000 76.87780 0.11046 13
-1.41941 0.04782 75.16301 0 -1.42500 44.55000 43.32261 0.17492 -13
1.63840 -0.11048 42.69160 0 3.30000 -51.92500 22.34014 0.19361 13
-1.43140 0.02373 20.23510 0 -0.67500 43.90000 11.59074 0.17585 -13
-0.75931 0.14010 39.17133 0 -4.20000 19.07500 31.30760 0.12722 -13
-0.77682 -0.25906 39.17133 0 7.82500 19.62500 31.30760 0.13018 -13
-1.16072 -0.15818 88.01858 0 4.77500 34.80000 57.85743 0.15510 13
0.59913 -0.03894 42.17079 0 1.15000 -18.75000 36.18184 0.11746 13
0.45092 -0.15804 77.34911 0 4.75000 -12.55000 70.65767 0.11160 13
0.36890 0.09999 58.97219 0 -3.00000 -8.27500 55.36043 0.10781 -13
0.60570 -0.04169 91.00590 0 1.27500 -19.50000 77.85881 0.11781 -13
0.94199 -0.00945 18.16084 0 0.32500 -27.92500 13.21945 0.13836 -13
1.16259 0.11392 55.05191 0 -3.45000 -33.20000 36.03182 0.15487 13
0.20446 -0.08255 6.43881 0 2.57500 -3.60000 6.30907 0.10316 -13
1.22005 -0.03000 86.96932 0 0.92500 -35.25000 55.14545 0.15889 -13
-0.96548 -0.03504 94.21528 0 1.07500 26.60000 67.80008 0.14003 -13
-1.53175 0.04614 77.44683 0 -1.40000 45.52500 42.36846 0.18428 13
-0.34989 -0.24634 27.56140 0 7.45000 9.90000 26.09650 0.10955 -13
-1.02624 -0.03476 53.56073 0 1.02500 33.62500 37.39065 0.14434 13
-0.05972 0.02889 40.62767 0 -0.85000 0.90000 40.55550 0.10092 -13
0.53774 -0.09644 73.88223 0 2.92500 -18.55000 65.13782 0.11476 -13
0.76890 0.12674 38.89727 0 -3.80000 -24.42500 30.92633 0.12766 -13
0.79073 -0.27309 38.89727 0 8.25000 -25.07500 30.92633 0.13132 -13
-1.88365 -0.22748 8.97114 0 6.97500 53.92500 4.28948 0.21619 -13
0.13858 0.10621 78.35131 0 -3.20000 -4.12500 77.61771 0.10223 13
-0.28149 -0.18832 75.46040 0 5.70000 10.20000 72.72887 0.10633 -13
1.36940 -0.00652 45.67585 0 0.17500 -40.42500 26.93719 0.17075 13
0.98501 -0.03012 39.47576 0 0.92500 -29.65000 28.13018 0.14139 -13
0.35198 -0.04164 18.58284 0 1.22500 -11.80000 17.53036 0.10684 13
-0.14175 0.02017 6.87827 0 -0.67500 2.77500 6.81024 0.10174 13
-1.19480 -0.15931 88.46172 0 4.80000 35.52500 57.19518 0.15771 13
-0.29983 -0.23404 24.89505 0 7.07500 9.12500 23.89756 0.10776 -13
1.82757 -0.06836 94.52074 0 2.07500 -53.97500 45.45315 0.20991 -13
-0.84961 0.07251 87.97610 0 -2.20000 24.17500 67.11862 0.13235 13
0.55308 -0.14728 72.42729 0 4.42500 -15.52500 63.53760 0.11603 13
0.83050 -0.18553 1.32342 0 6.07500 -24.62500 1.02503 0.13307 -13
0.45390 -0.06252 74.55125 0 1.87500 -12.50000 67.90800 0.11077 13
-0.56282 0.11428 76.03473 0 -3.45000 19.30000 66.36396 0.11612 -13
-1.75593 0.04815 50.99750 0 -1.47500 52.22500 25.25899 0.20356 13
-0.85289 -0.16045 96.51119 0 4.85000 26.77500 73.82192 0.13334 -13
-1.70513 0.11159 13.13435 0 -3.45000 51.75000 6.67587 0.19942 13
-0.26954 0.02052 32.10717 0 -0.60000 6.02500 31.00127 0.10432 -13
1.75779 -0.11452 97.69696 0 3.47500 -51.72500 48.54661 0.20399 -13
0.03905 -0.12057 18.74010 0 3.67500 0.27500 18.72602 0.10152 -13
0.23392 0.01508 93.63085 0 -0.45000 -7.35000 91.17026 0.10343 13
-0.09975 0.11721 52.66265 0 -3.55000 3.65000 52.40610 0.10189 13
0.14762 0.07509 78.02595 0 -2.25000 -4.52500 77.19398 0.10207 -13
-0.67982 -0.13582 74.36305 0 4.10000 20.35000 61.67464 0.12253 13
0.15893 0.32652 74.36305 0 4.02500 20.32500 61.67464 0.12256 13
-0.19713 -0.43727 74.36305 0 6.25000 18.87500 61.67464 0.14033 13
1.82827 0.01258 74.36305 0 4.30000 17.17500 61.67464 0.15147 13
-2.87538 0.26547 74.36305 0 4.95000 14.95000 61.67464 0.16014 13
0.45221 -0.78460 74.36305 0 3.87500 13.10000 61.67464 0.16906 13
-0.53665 0.07935 74.36305 0 5.12500 12.07500 61.67464 0.17725 13
0.42866 -0.18275 74.36305 0 5.07500 11.92500 61.67464 0.17828 13
0.08856 0.51349 74.36305 0 6.15000 12.02500 61.67464 0.18452 13
-0.69742 0.09904 77.64807 0 -2.97500 23.50000 63.78990 0.12318 -13
-0.64754 -0.12196 19.87531 0 3.70000 22.17500 16.71967 0.12061 -13
0.90083 -0.23510 89.26247 0 7.07500 -26.92500 67.11340 0.13759 13
-0.87382 0.03915 70.30739 0 -1.17500 24.90000 52.96019 0.13378 -13
-0.68994 -0.22307 73.86453 0 6.75000 17.92500 61.26799 0.12440 -13
0.99014 -0.00500 8.41554 0 0.07500 -28.82500 5.98033 0.14172 13
-0.80057 -0.01395 31.69452 0 0.45000 24.52500 24.74329 0.12901 -13
0.33907 0.03868 82.66480 0 -1.15000 -8.90000 78.29301 0.10640 -13
-1.44061 0.11679 35.21862 0 -3.50000 45.35000 20.17401 0.17698 -13
-0.34500 0.10113 52.28872 0 -3.05000 13.15000 49.45640 0.10701 -13
-1.62302 -0.09717 39.89001 0 2.95000 46.75000 20.99573 0.19225 -13
-0.78013 -0.16491 20.04943 0 5.00000 24.60000 15.88832 0.12882 -13
0.26861 -0.08879 68.72192 0 2.67500 -7.55000 66.38668 0.10466 -13
0.75102 -0.08288 25.34217 0 2.47500 -22.62500 20.28871 0.12621 13
1.20186 -0.11454 32.16009 0 3.42500 -36.25000 20.64813 0.15786 13
0.82951 0.01297 34.63860 0 -0.40000 -26.35000 26.66096 0.13085 13
0.18008 0.08529 84.65851 0 -2.57500 -3.55000 83.32781 0.10268 -13
-0.54306 0.06092 63.85949 0 -1.82500 15.97500 56.14216 0.11476 -13
-0.80484 -0.21686 1.56345 0 6.97500 23.12500 1.22930 0.13174 -13
1.79750 0.11626 39.55729 0 -3.47500 -53.90000 19.33009 0.20744 -13
0.29214 0.01080 62.50321 0 -0.32500 -8.42500 59.99574 0.10492 13
-1.24829 -0.18001 56.46009 0 5.45000 38.80000 35.64267 0.16210 -13
1.43653 0.09721 60.43120 0 -2.92500 -43.57500 34.63413 0.17653 -13
-0.50918 -0.13202 31.29172 0 4.00000 13.87500 27.93445 0.11380 -13
-0.48600 -0.15320 81.89617 0 4.62500 13.87500 73.81994 0.11302 -13
0.09865 0.06899 90.49636 0 -2.07500 -0.70000 90.06122 0.10143 -13
-1.07055 -0.01008 9.24717 0 0.22500 33.52500 6.31259 0.14753 13
-0.00575 0.09209 13.61090 0 -2.75000 -0.97500 13.61067 0.10112 -13
0.46121 0.12863 65.30570 0 -3.90000 -12.92500 59.38710 0.11165 13
0.47397 -0.27115 65.30570 0 8.17500 -13.30000 59.38710 0.11473 13
0.97116 -0.10144 46.74790 0 3.07500 -27.40000 33.61900 0.14076 -13
1.67877 -0.05232 74.50559 0 1.57500 -51.45000 38.16750 0.19684 13
1.44247 -0.20852 84.15459 0 6.27500 -44.60000 48.63548 0.17799 13
-0.58554 -0.05824 18.03316 0 1.80000 18.70000 15.56831 0.11685 -13
-0.70291 -0.23046 13.20421 0 7.00000 20.10000 10.89379 0.12530 -13
-1.55620 0.01200 4.21517 0 -0.57500 49.22500 2.27928 0.18633 13
-1.77257 -0.23014 75.67922 0 6.92500 52.47500 37.91561 0.20624 13
0.08272 0.04650 18.22350 0 -1.37500 -4.67500 18.16163 0.10115 -13
1.03589 -0.10725 43.24098 0 3.22500 -29.77500 30.12101 0.14539 13
-0.84468 -0.01395 9.39153 0 0.35000 28.07500 7.17476 0.13183 13
0.07657 0.04771 69.87507 0 -1.45000 1.05000 69.67158 0.10111 13
0.56668 -0.18548 13.28294 0 5.55000 -17.20000 11.60377 0.11721 13
0.66306 -0.04117 79.60251 0 1.22500 -21.15000 66.36075 0.12090 13
-0.77021 -0.11627 64.30315 0 3.50000 22.95000 51.07109 0.12764 13
-1.12419 0.03209 87.72240 0 -0.97500 32.87500 58.31971 0.15155 13
-1.96077 -0.07286 86.22758 0 2.20000 57.02500 39.25860 0.22178 -13
-1.24135 -0.07407 58.54303 0 2.25000 37.75000 36.78694 0.16071 -13
0.97266 0.03762 12.08237 0 -1.20000 -27.85000 8.66383 0.14056 13
-0.00306 -0.08582 3.95704 0 2.70000 0.87500 3.95702 0.10115 -13
1.02657 -0.20180 8.49965 0 6.17500 -32.37500 5.99200 0.14582 -13
0.32404 -0.24448 9.49257 0 7.32500 -11.22500 9.05473 0.10864 13
-0.85885 0.09191 19.31743 0 -2.80000 26.45000 14.68077 0.13308 13
0.28814 0.12417 29.01971 0 -3.77500 -8.80000 27.90139 0.10555 13
0.29661 -0.27592 29.01971 0 8.30000 -9.05000 27.90139 0.10863 13
-0.53995 0.13330 32.48446 0 -4.00000 17.52500 28.64045 0.11522 -13
-0.55388 -0.26619 32.48446 0 8.05000 17.95000 28.64045 0.11822 -13
0.56839 0.08282 65.72492 0 -2.50000 -18.70000 57.18720 0.11614 13
-0.67159 0.10006 24.05333 0 -3.05000 21.75000 19.99882 0.12173 13
-0.52738 -0.00198 55.09819 0 0.05000 16.47500 48.73599 0.11384 13
-1.82546 -0.23400 65.85628 0 7.05000 57.92500 32.29165 0.21090 13
0.01780 0.11307 37.01696 0 -3.40000 -2.05000 37.01118 0.10136 -13
0.20651 -0.06031 68.82170 0 1.82500 -5.72500 67.40438 0.10301 -13
0.04956 -0.11803 68.30572 0 3.55000 -2.00000 68.22314 0.10152 13
0.18210 0.04171 95.91005 0 -1.25000 -2.82500 94.36092 0.10245 -13
-0.28691 -0.07672 20.04733 0 2.30000 6.62500 19.27417 0.10504 13
1.14309 0.12714 93.49053 0 -3.82500 -33.32500 61.83623 0.15347 -13
1.17536 -0.27269 93.49053 0 8.22500 -34.30000 61.83623 0.15782 -13
-0.44752 -0.11871 7.77216 0 3.52500 12.12500 7.10242 0.11096 13
1.74244 0.09039 91.32047 0 -2.72500 -51.72500 45.59535 0.20251 -13
-0.83338 -0.06365 68.77128 0 1.92500 25.00000 52.87415 0.13125 -13
0.46633 0.12386 3.51754 0 -3.57500 -12.12500 3.19240 0.11179 -13
0.47996 -0.27569 3.51754 0 8.50000 -12.57500 3.19240 0.11532 -13
0.75375 0.13027 75.43166 0 -3.92500 -22.07500 60.41962 0.12678 -13
0.77411 -0.26940 75.43166 0 8.12500 -22.70000 60.41962 0.13021 -13
1.17930 0.06976 25.12820 0 -2.07500 -32.47500 16.27512 0.15585 -13
-1.16369 -0.13515 88.94544 0 4.07500 32.67500 58.27134 0.15512 -13
-1.07475 -0.06526 74.44377 0 1.95000 30.12500 50.76805 0.14798 13
1.28358 -0.18228 74.38748 0 5.50000 -38.45000 46.18129 0.16487 13
-1.03448 -0.17823 57.21706 0 5.37500 31.00000 40.08786 0.14599 13
-0.72476 -0.19036 17.34727 0 5.70000 20.72500 14.13162 0.12581 13
-0.05010 -0.09097 33.77243 0 2.72500 1.85000 33.73048 0.10124 13
0.44847 -0.10617 84.60028 0 3.20000 -10.02500 77.26528 0.11088 13
0.24054 -0.17867 4.98407 0 5.50000 -5.42500 4.84977 0.10522 -13
-1.26264 0.13107 76.56886 0 -3.95000 36.12500 47.78746 0.16273 -13
-1.29627 -0.26856 76.56886 0 8.10000 37.15000 47.78746 0.16709 -13
-0.37871 0.05522 89.17575 0 -1.65000 11.40000 83.41181 0.10783 -13
1.76869 -0.14090 52.41886 0 4.27500 -52.80000 25.99181 0.20512 -13
-12.20436 -4.11627 52.41886 0 3.27500 -50.25000 25.99181 0.22066 -13
-1.04386 -0.05957 90.60228 0 1.80000 31.67500 62.73490 0.14569 13
0.26061 -0.14751 67.59324 0 4.45000 -8.45000 65.45280 0.10512 13
1.58845 -0.10798 31.56596 0 3.27500 -49.17500 16.88703 0.18935 -13
-0.20629 -0.01599 46.63982 0 0.47500 8.02500 45.67828 0.10284 13
0.32455 -0.10710 56.85888 0 3.22500 -9.20000 54.11128 0.10642 13
1.08446 0.01719 40.99188 0 -0.52500 -30.97500 27.79056 0.14856 13
1.90419 0.06270 27.04711 0 -1.85000 -55.37500 12.59502 0.21667 -13
1.61577 -0.00062 7.38256 0 0.15000 -48.30000 3.88551 0.19136 -13
0.20634 0.11124 51.17476 0 -3.37500 -4.25000 50.13150 0.10344 13
-1.00508 -0.01887 56.64355 0 0.55000 31.55000 39.95513 0.14279 13
-0.84736 0.07100 36.15800 0 -2.15000 25.27500 27.61498 0.13219 13
0.79430 -0.17666 98.22124 0 5.32500 -24.10000 77.36562 0.12983 -13
-1.65493 -0.09546 95.43991 0 2.90000 48.40000 49.52316 0.19496 -13
-0.32688 -0.15499 98.04054 0 4.67500 10.12500 93.29392 0.10709 -13
-0.93037 -0.03657 10.04868 0 1.17500 28.22500 7.35937 0.13761 -13
0.93689 -0.24809 82.70117 0 7.50000 -28.22500 61.18642 0.14025 -13
-0.14677 -0.12953 24.14068 0 3.92500 6.27500 23.88899 0.10262 -13
0.55826 -0.18933 65.36650 0 5.72500 -14.90000 57.31107 0.11691 -13
-0.38033 -0.10732 19.13389 0 3.27500 9.47500 17.89725 0.10829 -13
-1.92607 -0.13001 73.15243 0 3.92500 59.67500 33.93123 0.21895 -13
-0.33470 -0.16825 44.13077 0 5.07500 7.30000 41.90703 0.10753 13
-0.84456 -0.17286 60.08192 0 5.22500 24.67500 46.18150 0.13297 -13
-0.28214 -0.21658 14.86229 0 6.50000 10.52500 14.32763 0.10686 13
-1.52317 0.11911 90.60188 0 -3.60000 45.45000 49.96846 0.18389 13
-1.57115 -0.28125 90.60188 0 8.47500 46.90000 49.96846 0.18966 13
-0.39113 0.06575 3.22461 0 -1.82500 13.40000 3.00388 0.10836 -13
1.32302 -0.11949 92.77464 0 3.62500 -41.17500 56.19429 0.16744 -13
-0.04778 -0.09986 3.75257 0 2.90000 1.45000 3.74834 0.10132 13
-1.13540 -0.05755 6.72975 0 1.85000 32.32500 4.45201 0.15253 -13
-0.75842 -0.07622 39.26716 0 2.27500 24.02500 31.31992 0.12662 13
0.69289 -0.05098 65.57854 0 1.52500 -19.35000 53.92617 0.12261 13
0.33256 -0.13182 31.07705 0 4.00000 -10.52500 29.51407 0.10696 -13
-0.61162 -0.21508 7.93745 0 6.42500 18.02500 6.81225 0.11997 13
-2.00547 0.10379 29.17390 0 -3.17500 58.65000 13.07459 0.22594 13
-0.39594 0.07889 61.11158 0 -2.40000 9.80000 56.84402 0.10860 13
-0.76364 -0.13015 34.88994 0 3.90000 24.67500 27.81491 0.12738 13
2.06331 -0.09691 42.86195 0 2.90000 -62.80000 18.76433 0.23109 13
-0.24743 -0.11042 25.31833 0 3.30000 10.05000 24.58573 0.10433 13
0.85649 -0.10346 35.52338 0 3.15000 -24.20000 27.04108 0.13301 -13
-1.42995 -0.06988 23.92262 0 2.15000 39.80000 13.73207 0.17588 -13
-1.01837 -0.12990 97.28426 0 3.90000 31.55000 68.45137 0.14432 13
2.05852 -0.16502 34.54575 0 4.95000 -64.52500 15.25902 0.23103 13
0.33698 0.03079 61.78491 0 -0.92500 -10.75000 58.55282 0.10631 13
-1.24085 0.02563 9.14663 0 -0.85000 39.27500 5.74026 0.16053 13
0.12496 0.07738 87.04875 0 -2.32500 -2.02500 86.38102 0.10178 -13
1.37500 0.06491 46.54612 0 -1.97500 -40.50000 27.41485 0.17135 13
-0.61447 -0.25898 46.54612 0 -2.20000 -60.82500 27.41485 0.41027 13
0.44673 -0.02763 77.57477 0 0.85000 -12.82500 70.83298 0.11034 -13
-1.10672 -0.02371 9.61840 0 0.80000 35.55000 6.44959 0.15024 -13
-0.00161 -0.10591 37.70645 0 3.20000 1.32500 37.70640 0.10127 -13
0.10273 0.13645 40.37268 0 -4.12500 -2.20000 40.16519 0.10216 13
0.10524 -0.26293 40.37268 0 7.92500 -2.27500 40.16519 0.10465 13
-1.15868 -0.17383 44.45780 0 5.25000 34.55000 29.29472 0.15513 -13
-0.36582 0.06219 49.24682 0 -1.87500 11.05000 46.26002 0.10741 -13
-1.28705 -0.20925 29.88650 0 6.27500 38.22500 18.58148 0.16545 13
-0.04477 -0.09326 94.07424 0 2.82500 0.50000 93.98091 0.10124 -13
0.59231 -0.22807 23.10511 0 6.85000 -17.45000 20.00841 0.11925 13
1.08646 -0.12678 88.45422 0 3.82500 -31.65000 60.16185 0.14925 -13
-0.05289 0.10226 35.65792 0 -3.07500 2.47500 35.60867 0.10136 -13
0.18384 -0.15864 74.27497 0 4.77500 -6.82500 73.07997 0.10362 13
-1.61146 -0.16240 77.73303 0 4.90000 46.85000 41.37286 0.19170 -13
-0.91329 -0.17280 45.36615 0 5.20000 28.55000 33.72245 0.13747 13
-0.28731 0.09182 15.66330 0 -2.75000 8.20000 15.05927 0.10518 -13
-0.95389 0.06886 31.90605 0 -2.10000 26.17500 23.11302 0.13935 13
-0.12764 -0.23919 33.30525 0 7.20000 4.65000 33.05156 0.10432 13
0.90633 -0.07056 96.65397 0 2.12500 -22.22500 71.69622 0.13610 -13
-1.11921 0.12567 24.18158 0 -3.75000 30.65000 16.18142 0.15166 -13
-1.15153 -0.27425 24.18158 0 8.30000 31.62500 16.18142 0.15609 -13
-1.13774 0.14632 70.76380 0 -4.42500 32.92500 46.99524 0.15326 13
-1.16109 -0.25259 70.76380 0 7.60000 33.62500 46.99524 0.15638 13
-0.26125 -0.10189 7.07830 0 3.00000 7.35000 6.85077 0.10457 13
-0.84005 -0.14284 21.51215 0 4.27500 21.97500 16.54015 0.13229 13
-0.34372 -0.09986 64.23090 0 3.02500 12.37500 60.77460 0.10697 -13
-0.50007 -0.11742 26.13826 0 3.52500 18.00000 23.41009 0.11320 13
-0.17869 -0.20068 83.60643 0 6.05000 4.20000 82.35199 0.10428 -13
0.06742 -0.04707 92.76642 0 1.42500 -1.55000 92.55676 0.10104 13
-0.28114 -0.16898 91.20257 0 5.10000 6.67500 87.88809 0.10599 -13
-1.19071 0.07324 24.76945 0 -2.25000 35.70000 15.95482 0.15678 13
-1.42753 -0.08925 88.45086 0 2.70000 46.27500 50.88292 0.17575 -13
1.34043 -0.14130 21.04504 0 4.30000 -39.75000 12.66330 0.16905 -13
0.16559 -0.11406 62.11559 0 3.42500 -5.77500 61.29156 0.10272 13
-0.03445 0.07606 85.59268 0 -2.30000 1.72500 85.54222 0.10105 -13
-0.23212 -0.17705 26.07558 0 5.35000 7.07500 25.42000 0.10492 -13
-1.09689 -0.08508 67.14086 0 2.55000 33.52500 45.32255 0.14972 13
0.59815 0.12832 50.44884 0 -3.87500 -18.45000 43.38731 0.11806 13
0.61475 -0.27148 50.44884 0 8.17500 -18.95000 43.38731 0.12132 13
0.99243 -0.18939 69.81268 0 5.70000 -31.57500 49.98341 0.14314 13
-1.15660 -0.13544 47.60261 0 4.10000 34.52500 31.29499 0.15459 -13
-0.46602 -0.09534 81.21340 0 2.87500 13.35000 73.67141 0.11151 13
0.24768 -0.06927 4.40369 0 2.20000 -7.17500 4.27516 0.10404 -13
-1.77622 -0.09467 89.83527 0 2.85000 51.40000 44.22212 0.20548 13
0.36466 0.00326 81.78895 0 -0.10000 -9.85000 76.83944 0.10719 13
-0.60395 -0.02629 59.24755 0 0.77500 19.62500 50.72080 0.11767 13
-2.11524 0.04503 22.19360 0 -1.30000 63.35000 9.49097 0.23570 -13
-0.51617 -0.02355 45.51125 0 0.70000 14.27500 40.44397 0.11335 13
-1.40793 -0.15225 69.11739 0 4.57500 41.57500 40.32753 0.17457 13
0.70031 0.04085 32.38413 0 -1.22500 -20.80000 26.53342 0.12301 -13
0.64793 -0.09630 12.74426 0 2.85000 -20.35000 10.70966 0.12038 13
-0.80088 0.08919 4.89180 0 -2.57500 24.50000 3.82406 0.12931 -13
-0.59687 -0.09313 50.39157 0 2.80000 17.00000 43.31896 0.11765 13
-0.41640 -0.18356 44.10624 0 5.55000 10.50000 40.81572 0.11062 -13
-0.39931 0.10695 5.53368 0 -3.12500 10.87500 5.14319 0.10894 -13
0.70993 0.07584 39.87748 0 -2.27500 -22.35000 32.54755 0.12373 -13
-0.75342 -0.02903 82.85869 0 0.87500 23.50000 66.18874 0.12612 13
-0.46629 -0.08742 23.78646 0 2.62500 13.32500 21.57263 0.11145 13
0.10548 0.01836 35.76375 0 -0.55000 -3.67500 35.56652 0.10128 -13
-0.18400 0.11238 89.36467 0 -3.37500 3.47500 87.90724 0.10302 -13
0.06366 0.14747 59.78848 0 -4.45000 -4.62500 59.67028 0.10199 -13
0.06493 -0.25138 59.78848 0 7.60000 -4.67500 59.67028 0.10404 -13
1.36070 -0.08055 63.88599 0 2.42500 -43.40000 37.91186 0.17024 13
-1.34329 0.09856 68.29094 0 -2.97500 40.37500 40.90606 0.16894 13
-0.02431 -0.24600 12.35622 0 7.47500 3.05000 12.35278 0.10377 -13
2.02558 0.08581 35.39985 0 -2.62500 -61.92500 15.71690 0.22767 13
0.01508 0.01403 81.92986 0 -0.42500 -0.57500 81.92054 0.10072 -13
0.40425 -0.17756 67.30692 0 5.37500 -11.52500 62.53539 0.11009 -13
0.28725 -0.18223 84.68564 0 5.50000 -8.92500 81.49391 0.10637 -13
-0.75207 -0.02741 64.12831 0 0.82500 22.95000 51.25876 0.12603 -13
0.40081 -0.18769 67.23456 0 5.65000 -12.25000 62.55570 0.11012 13
0.53469 0.02097 23.05154 0 -0.60000 -16.00000 20.32916 0.11421 -13
-0.45291 -0.00602 1.33509 0 -0.22500 14.65000 1.21609 0.11091 13
-1.34209 -0.17836 74.83287 0 5.37500 41.37500 45.16188 0.16949 13
0.71989 -0.20346 14.83481 0 6.17500 -22.07500 12.12200 0.12581 -13
-1.42970 -0.04045 52.34246 0 1.20000 44.65000 30.01686 0.17574 13
-0.70871 -0.05451 37.99048 0 1.65000 20.87500 31.01061 0.12355 -13
1.80442 -0.09354 72.80343 0 2.82500 -53.20000 35.40781 0.20798 -13
0.13117 0.14234 32.72114 0 -4.30000 -6.00000 32.44867 0.10257 13
0.13406 -0.25675 32.72114 0 7.72500 -6.10000 32.44867 0.10482 13
0.40076 -0.04570 98.90729 0 1.37500 -14.12500 91.82250 0.10859 -13
-0.80309 -0.13778 31.42086 0 4.17500 26.40000 24.58828 0.12991 -13
-1.29811 0.08723 20.84480 0 -2.67500 37.40000 12.75162 0.16527 13
0.58284 -0.19922 39.28699 0 6.00000 -14.92500 34.10846 0.11826 13
-1.20034 -0.12353 60.62404 0 3.75000 36.85000 38.97750 0.15783 -13
-1.02185 -0.12380 94.22244 0 3.72500 30.45000 66.15687 0.14452 13
-0.42704 -0.19031 31.43407 0 5.75000 12.70000 28.98662 0.11117 -13
-0.76220 -0.00541 32.84221 0 0.15000 25.07500 26.12006 0.12662 13
0.36799 0.05842 66.23936 0 -1.77500 -11.67500 62.17650 0.10747 13
-1.64457 0.05274 59.88479 0 -1.60000 49.30000 31.14467 0.19391 13
-2.12057 -0.18305 11.20720 0 5.40000 63.55000 4.84364 0.23674 13
2.05926 -0.07497 46.46143 0 2.25000 -59.57500 20.34148 0.23065 13
0.93104 -0.13388 57.46848 0 4.02500 -30.07500 42.23381 0.13824 13
0.54638 -0.06452 74.68557 0 1.95000 -17.67500 65.57167 0.11494 13
0.05423 -0.08473 95.86203 0 2.55000 -3.82500 95.72235 0.10121 13
1.01455 -0.19877 76.06653 0 6.00000 -30.40000 53.92047 0.14484 13
-0.19530 -0.18873 23.49262 0 5.67500 6.00000 23.07164 0.10434 13
0.21829 -0.00433 71.97241 0 0.12500 -6.45000 70.31659 0.10308 13
1.85866 -0.06161 3.87332 0 1.60000 -58.12500 1.83864 0.21252 13
-0.33886 -0.13313 21.05597 0 4.00000 11.77500 19.96015 0.10716 13
-0.43399 -0.01298 88.66388 0 0.37500 14.70000 81.33566 0.10979 13
-1.36243 0.08991 15.13373 0 -2.65000 38.97500 8.97845 0.17032 -13
-1.36243 0.08990 15.13373 0 -2.65000 39.00000 8.97845 0.17041 -13
-2.00810 -0.11286 20.27392 0 3.35000 62.57500 9.08327 0.22615 13
-1.58817 -0.20315 15.14608 0 6.07500 48.02500 8.18692 0.19004 13
2.07222 -0.11721 62.28849 0 3.52500 -60.87500 27.22064 0.23199 13
0.83981 -0.01034 89.35270 0 0.32500 -27.20000 68.42576 0.13151 -13
-1.85517 -0.13194 36.67729 0 4.00000 57.10000 17.51896 0.21268 -13
-0.22569 -0.24270 88.67136 0 7.32500 7.67500 86.61272 0.10608 13
0.60376 -0.03073 6.64656 0 1.00000 -17.37500 5.69075 0.11770 -13
-0.73301 -0.10193 59.44658 0 3.07500 25.97500 48.03215 0.12528 13
1.78957 0.03405 78.14563 0 -1.05000 -54.42500 38.13625 0.20647 13
0.16381 0.07821 64.35897 0 -2.35000 -5.60000 63.51752 0.10235 -13
1.90661 -0.15813 94.45844 0 4.75000 -57.97500 44.29998 0.21738 13
-0.37965 -0.09257 70.22583 0 2.80000 13.82500 65.68844 0.10811 -13
2.02062 -0.12373 81.63622 0 3.75000 -62.30000 36.43166 0.22739 -13
1.86455 0.03755 86.72620 0 -1.12500 -56.15000 41.01292 0.21310 -13
-0.16982 -0.07639 59.81057 0 2.30000 4.57500 58.97119 0.10244 -13
0.25443 -0.23079 1.44236 0 7.35000 -5.02500 1.40015 0.10707 -13
-1.13576 0.09493 49.93505 0 -2.85000 33.30000 33.08203 0.15268 -13
0.89431 0.04696 61.41889 0 -1.42500 -28.10000 45.80394 0.13507 13
2.61077 -0.12769 61.41889 0 -1.50000 -28.40000 45.80394 0.13585 13
-1.39600 0.56316 61.41889 0 -0.20000 -30.35000 45.80394 0.14659 13
3.07922 2.08666 61.41889 0 -0.52500 -30.87500 45.80394 0.14952 13
-0.25213 -0.70650 61.41889 0 -0.07500 -32.07500 45.80394 0.16338 13
5.72186 -2.88998 61.41889 0 -0.32500 -32.37500 45.80394 0.16703 13
-0.34829 -0.17807 77.81480 0 5.37500 10.62500 73.60784 0.10814 -13
0.31678 0.01228 14.60757 0 -0.40000 -9.45000 13.92570 0.10565 13
-1.67033 0.10162 87.04095 0 -3.07500 50.12500 44.87853 0.19633 13
1.26883 -0.17045 22.15146 0 5.17500 -38.12500 13.83224 0.16363 -13
-0.68568 0.12613 94.62976 0 -3.80000 23.32500 78.24162 0.12276 13
-0.70533 -0.27380 94.62976 0 8.25000 23.92500 78.24162 0.12627 13
-0.14804 0.05702 61.18464 0 -1.72500 5.70000 60.52725 0.10196 -13
-0.91967 0.05426 59.39685 0 -1.65000 29.75000 43.74845 0.13692 13
-0.38170 -0.01257 62.41077 0 0.37500 10.90000 58.30812 0.10780 -13
-0.52097 0.04682 52.07542 0 -1.42500 15.50000 46.19473 0.11365 13
-0.24189 -0.11968 34.97385 0 3.62500 8.82500 34.00674 0.10432 -13
