0.31463 -0.08686 33.75546 0 2.60000 -7.67500 32.21010 0.10593 13
2.05870 0.02863 29.43921 0 -0.82500 -60.12500 12.86693 0.23049 -13
0.28339 0.01729 40.31514 0 -0.52500 -10.57500 38.78819 0.10468 13
-0.33442 0.04367 63.51765 0 -1.32500 10.62500 60.24405 0.10628 13
0.18039 0.05385 37.65358 0 -1.62500 -6.32500 37.05719 0.10248 13
-0.01891 -0.07955 22.49971 0 2.42500 0.17500 22.49572 0.10105 -13
-0.48646 0.01987 55.48955 0 -0.60000 12.67500 49.90066 0.11200 -13
-1.04867 -0.14054 54.93101 0 4.25000 32.07500 38.10199 0.14661 -13
-0.21554 -0.02415 8.14266 0 0.80000 4.60000 7.95992 0.10306 -13
1.67513 -0.03051 48.21874 0 0.90000 -50.02500 24.72448 0.19648 13
1.13359 -0.12886 29.71720 0 3.90000 -30.60000 19.74974 0.15280 -13
0.83955 0.14808 18.72691 0 -4.50000 -22.57500 14.40672 0.13224 13
0.85632 -0.25079 18.72691 0 7.52500 -23.10000 14.40672 0.13492 13
1.71788 0.13525 28.13601 0 -4.12500 -53.45000 14.25088 0.20066 13
1.76068 -0.26424 28.13601 0 7.92500 -54.72500 14.25088 0.20558 13
-0.09124 0.00370 94.53266 0 -0.10000 3.87500 94.14165 0.10112 -13
-0.34844 0.13776 89.35241 0 -4.15000 9.45000 84.46231 0.10755 13
-0.35679 -0.26153 89.35241 0 7.87500 9.70000 84.46231 0.11011 13
-0.03203 -0.17986 85.53949 0 5.42500 -1.57500 85.49701 0.10237 -13
-0.55652 -0.18343 83.83353 0 5.52500 17.07500 73.53775 0.11671 13
0.08114 0.01923 92.51770 0 -0.57500 -1.77500 92.21470 0.10105 -13
2.12086 -0.09888 89.95497 0 3.00000 -63.90000 38.51714 0.23634 -13
0.40994 -0.05490 88.80609 0 1.65000 -10.52500 82.18760 0.10898 -13
0.50842 -0.23441 37.52731 0 7.07500 -15.20000 33.63285 0.11543 -13
-1.10187 0.05842 83.95330 0 -1.77500 32.20000 56.47271 0.14996 13
1.88104 -0.03282 29.67260 0 0.95000 -55.17500 13.93428 0.21455 13
-0.95153 -0.21819 50.60818 0 6.57500 29.00000 37.06598 0.14072 13
1.39512 -0.20699 47.73018 0 6.27500 -44.52500 28.19281 0.17412 -13
-1.55570 -0.20732 13.01336 0 6.32500 47.32500 7.14095 0.18752 -13
-0.28012 0.03574 55.54337 0 -1.10000 8.80000 53.48714 0.10465 13
1.40530 -0.20803 80.92136 0 6.27500 -41.67500 47.57670 0.17495 13
1.95012 -0.19047 26.16334 0 5.77500 -58.40000 12.10644 0.22161 -13
0.71471 -0.02072 44.55530 0 0.65000 -21.50000 36.25186 0.12380 -13
-1.09300 0.06594 73.44515 0 -1.97500 28.52500 49.63505 0.14933 -13
-0.38002 -0.07791 63.17159 0 2.35000 10.20000 59.07379 0.10801 13
0.39092 -0.04480 71.06276 0 1.35000 -12.57500 66.19399 0.10822 13
0.86205 -0.08129 20.79246 0 2.42500 -25.47500 15.77054 0.13319 13
-0.96772 -0.17089 82.49908 0 5.15000 27.35000 59.69552 0.14118 13
-0.05701 -0.18441 86.76070 0 5.57500 3.52500 86.62462 0.10257 -13
-1.67298 -0.13686 51.31241 0 4.15000 51.75000 26.50672 0.19678 -13
0.22964 0.08004 72.45699 0 -2.42500 -6.00000 70.63019 0.10364 13
1.53571 -0.23484 5.06480 0 6.90000 -43.67500 2.81634 0.18582 13
0.68043 -0.09039 33.22944 0 2.70000 -19.60000 27.50808 0.12214 13
0.03082 -0.20369 29.73899 0 6.12500 0.72500 29.72542 0.10281 13
-1.35642 -0.16209 81.02208 0 4.90000 41.90000 48.48243 0.17050 -13
-1.16767 0.10936 84.71278 0 -3.30000 32.32500 55.29124 0.15520 -13
-0.22642 -0.13794 72.43434 0 4.15000 7.87500 70.67844 0.10418 13
-0.69962 -0.15551 60.56114 0 4.70000 19.82500 49.81628 0.12390 -13
1.11741 0.02318 75.80703 0 -0.70000 -32.37500 50.56118 0.15103 13
-0.76139 -0.18621 78.23844 0 5.62500 23.92500 62.63520 0.12796 -13
0.01520 0.02059 48.92529 0 -0.62500 0.15000 48.91963 0.10073 13
0.29028 -0.15602 19.32114 0 4.67500 -7.97500 18.57214 0.10602 13
-1.09428 -0.18400 8.09411 0 5.45000 34.35000 5.50899 0.15037 13
-0.31860 0.10868 85.48160 0 -3.27500 10.25000 81.49151 0.10625 -13
1.23857 -0.07841 6.62717 0 2.25000 -37.60000 4.17052 0.16049 13
1.89913 -0.23700 40.37547 0 7.12500 -58.22500 19.21495 0.21742 13
-0.63042 -0.17302 4.73187 0 5.32500 17.32500 4.02006 0.12039 -13
0.42749 -0.05355 48.87155 0 1.62500 -8.50000 44.94742 0.10966 -13
0.63941 -0.22057 77.08259 0 6.65000 -18.37500 65.38344 0.12157 13
1.50944 -0.24699 68.28658 0 7.47500 -46.22500 38.49098 0.18405 -13
1.01300 -0.11357 73.82859 0 3.42500 -29.90000 52.03452 0.14381 -13
-0.57962 -0.08601 28.38680 0 2.57500 17.75000 24.58222 0.11671 13
0.14001 0.07449 7.55028 0 -2.30000 -2.97500 7.47781 0.10199 13
-0.04820 -0.23470 82.40831 0 7.07500 1.05000 82.31774 0.10356 -13
0.41469 -0.11284 76.94229 0 3.40000 -12.35000 71.13939 0.10960 13
1.83668 -0.23793 98.31192 0 7.20000 -56.27500 48.01264 0.21198 -13
-0.69249 -0.08645 39.02451 0 2.60000 22.35000 32.12108 0.12280 13
1.13405 -0.23214 72.70892 0 7.02500 -33.42500 48.79630 0.15405 -13
-0.23505 0.11489 3.02478 0 -3.62500 7.65000 2.94565 0.10422 13
-0.24274 -0.28597 3.02478 0 8.45000 7.87500 2.94565 0.10745 13
0.10196 -0.19699 77.02021 0 5.95000 -3.20000 76.63761 0.10316 -13
0.53742 -0.01209 91.53093 0 0.35000 -18.20000 80.62666 0.11433 13
0.13628 0.13029 79.91489 0 -3.92500 -6.10000 79.19512 0.10248 -13
0.13995 -0.26938 79.91489 0 8.12500 -6.22500 79.19512 0.10525 -13
0.46297 -0.04542 24.56985 0 1.35000 -15.02500 22.30042 0.11106 13
-1.03793 -0.00477 12.41246 0 0.20000 29.82500 8.61215 0.14515 -13
0.02941 -0.07939 49.25694 0 2.37500 -1.52500 49.23579 0.10106 13
-0.45352 -0.24379 42.08264 0 7.35000 11.47500 38.50989 0.11326 13
0.04259 -0.08444 35.88215 0 2.52500 -1.97500 35.84992 0.10115 13
0.02643 -0.07254 28.30133 0 2.20000 0.15000 28.29150 0.10100 -13
0.82152 -0.07567 50.47169 0 2.27500 -19.55000 39.04371 0.13054 13
0.86894 -0.22765 40.59780 0 6.87500 -27.05000 30.97463 0.13538 -13
-0.48844 0.09854 12.48792 0 -2.92500 15.15000 11.23155 0.11250 -13
-0.73637 0.01072 23.79617 0 -0.30000 24.62500 19.16188 0.12506 -13
1.92448 -0.10138 16.99765 0 3.00000 -59.30000 7.86897 0.21860 13
0.17386 -0.23410 60.39981 0 7.05000 -4.45000 59.55318 0.10489 13
0.75510 0.06706 76.67897 0 -2.02500 -23.40000 61.24303 0.12637 13
1.65592 -0.23210 37.83737 0 6.97500 -47.75000 19.93624 0.19618 13
0.65274 0.08991 34.14029 0 -2.72500 -18.15000 28.62271 0.12061 13
-0.52702 0.14012 84.78184 0 -4.22500 12.35000 75.16069 0.11471 13
-0.53917 -0.25907 84.78184 0 7.80000 12.70000 75.16069 0.11734 13
1.23098 0.07754 78.83147 0 -2.32500 -36.27500 49.79556 0.15990 -13
0.79481 -0.23958 8.86418 0 7.15000 -21.57500 7.01334 0.13082 13
0.99906 0.14804 68.19676 0 -4.47500 -28.42500 48.50509 0.14314 13
1.01887 -0.25080 68.19676 0 7.55000 -29.02500 48.50509 0.14596 13
-1.93675 -0.19097 55.19758 0 5.77500 59.45000 25.68382 0.22035 -13
-1.28780 -0.17050 39.32690 0 5.17500 39.55000 24.33594 0.16511 -13
-0.00359 -0.02857 73.22337 0 0.87500 0.80000 73.22290 0.10074 -13
-0.14041 -0.23647 35.92283 0 7.12500 3.62500 35.59204 0.10443 13
-1.32896 -0.23176 72.80971 0 6.97500 41.80000 44.50832 0.16909 13
-0.59466 -0.01211 97.13396 0 0.35000 19.40000 83.48938 0.11717 13
0.51722 -0.12991 8.44051 0 3.97500 -15.82500 7.51009 0.11417 -13
1.18290 0.13271 75.71124 0 -4.00000 -38.12500 49.12731 0.15654 -13
1.21364 -0.26682 75.71124 0 8.05000 -39.07500 49.12731 0.16063 -13
0.16476 -0.24006 22.46544 0 7.27500 -3.30000 22.18261 0.10491 -13
-0.53536 0.00514 71.92130 0 -0.17500 16.07500 63.40658 0.11423 13
-0.71961 -0.21776 80.92998 0 6.57500 22.97500 66.20267 0.12599 13
-0.88767 -0.17173 22.68862 0 5.15000 25.90000 17.07589 0.13574 13
0.51777 -0.23130 38.80230 0 7.00000 -13.25000 34.64398 0.11578 -13
-0.40833 -0.20885 70.18012 0 6.30000 12.80000 65.16717 0.11078 13
1.73683 -0.22937 53.98203 0 6.90000 -54.45000 27.45592 0.20312 13
0.10223 0.06580 86.13345 0 -1.97500 -2.05000 85.68875 0.10144 -13
0.70854 -0.14922 7.92531 0 4.57500 -21.80000 6.48988 0.12439 -13
0.85646 -0.17855 99.76519 0 5.37500 -27.05000 76.27269 0.13380 13
0.40706 0.06482 15.04646 0 -2.00000 -12.42500 13.93958 0.10893 13
0.28611 0.06655 46.44720 0 -2.00000 -9.05000 44.66296 0.10496 -13
-0.46044 0.05228 10.88621 0 -1.52500 15.50000 9.89073 0.11099 -13
0.37485 -0.05299 6.68654 0 1.67500 -11.97500 6.26227 0.10770 -13
0.97959 -0.19055 77.51367 0 5.75000 -30.62500 55.85328 0.14228 -13
1.03745 0.04675 86.26799 0 -1.40000 -31.40000 59.90360 0.14518 -13
0.33154 -0.19703 22.83719 0 5.92500 -7.35000 21.71725 0.10792 13
1.70806 -0.23851 88.41832 0 7.17500 -52.82500 45.59614 0.20074 13
-0.50009 -0.21102 55.78471 0 6.37500 11.60000 50.10764 0.11459 -13
-0.10721 -0.01987 38.19292 0 0.62500 3.47500 37.97537 0.10130 -13
0.20879 0.11626 47.02272 0 -3.52500 -5.95000 46.04288 0.10354 13
0.33213 0.01931 16.93442 0 -0.60000 -9.12500 16.07157 0.10614 13
-1.57147 -0.01802 22.20391 0 0.50000 46.42500 11.92189 0.18758 13
-0.13865 -0.13656 22.90333 0 4.15000 4.47500 22.69019 0.10260 -13
-0.33270 -0.02927 38.72726 0 0.90000 8.25000 36.74847 0.10617 -13
1.60238 -0.05178 59.17711 0 1.57500 -47.57500 31.36015 0.19029 -13
-0.21276 0.01358 78.27079 0 -0.40000 7.52500 76.55752 0.10297 -13
1.79702 0.14275 25.90470 0 -4.35000 -54.95000 12.69327 0.20764 13
1.83664 -0.25632 25.90470 0 7.70000 -56.10000 12.69327 0.21210 13
0.97620 0.02667 85.93033 0 -0.80000 -29.17500 61.49981 0.14076 -13
-1.03841 -0.10734 41.88975 0 3.22500 32.32500 29.14406 0.14557 13
-0.22667 -0.06965 94.07641 0 2.10000 5.32500 91.75965 0.10349 -13
0.10414 -0.01831 68.88958 0 0.55000 -3.92500 68.51914 0.10126 -13
-0.46442 0.13202 6.98711 0 -3.90000 13.02500 6.34667 0.11180 -13
-0.47651 -0.26747 6.98711 0 8.15000 13.40000 6.34667 0.11486 -13
0.24477 0.11349 70.87659 0 -3.42500 -7.65000 68.86906 0.10430 -13
-1.45066 -0.05806 81.61170 0 1.75000 42.80000 46.37206 0.17752 13
-1.24460 -0.24673 95.66802 0 7.45000 36.32500 60.99422 0.16270 -13
0.08295 -0.21810 8.62382 0 6.52500 -3.05000 8.59563 0.10338 13
-0.59078 -0.01878 11.74830 0 0.52500 17.72500 10.11556 0.11698 13
-0.37263 0.04665 42.66830 0 -1.42500 10.75000 39.98797 0.10757 13
0.41516 -0.13659 59.24844 0 4.12500 -13.17500 54.79364 0.10991 -13
-1.04621 -0.13177 79.90395 0 3.97500 32.05000 55.45864 0.14635 -13
0.85289 -0.06851 95.33631 0 2.07500 -25.85000 72.60789 0.13254 -13
-0.58248 -0.09223 64.66286 0 2.80000 15.00000 55.93495 0.11691 -13
-0.01311 -0.01142 24.62119 0 0.32500 -0.55000 24.61907 0.10072 13
0.07383 0.05153 43.70569 0 -1.55000 -3.50000 43.58736 0.10111 -13
0.30615 -0.11312 51.23455 0 3.40000 -9.87500 49.01647 0.10592 13
-0.08903 -0.01007 63.88964 0 0.30000 3.87500 63.63796 0.10111 -13
-1.89013 -0.00767 94.38266 0 0.25000 57.87500 44.13866 0.21534 -13
0.09745 -0.03399 97.44306 0 1.02500 -4.02500 96.98413 0.10124 -13
-0.69610 -0.16226 53.09875 0 4.87500 23.90000 43.76318 0.12378 13
-0.88398 -0.05742 53.50445 0 1.72500 29.32500 40.11578 0.13453 13
0.91802 -0.13163 53.35661 0 3.95000 -27.80000 39.45955 0.13733 13
-0.54041 0.12852 63.12318 0 -3.87500 15.90000 55.63517 0.11520 13
-0.55538 -0.27127 63.12318 0 8.17500 16.35000 55.63517 0.11838 13
0.37185 -0.05620 97.56769 0 1.70000 -12.77500 91.46737 0.10759 -13
2.02867 -0.12083 4.61176 0 3.42500 -62.30000 2.05054 0.22800 13
-0.01513 0.11267 44.40311 0 -3.40000 0.40000 44.39809 0.10135 13
0.14890 -0.23646 86.33401 0 7.15000 -5.02500 85.44171 0.10457 -13
-0.30130 0.10029 21.07321 0 -3.05000 9.67500 20.18559 0.10567 13
-0.99439 0.13851 17.52335 0 -4.15000 30.25000 12.48418 0.14268 -13
-1.01787 -0.26072 17.52335 0 7.90000 30.97500 12.48418 0.14613 -13
-0.95661 0.05785 32.10773 0 -1.72500 28.30000 23.22022 0.13948 -13
0.52137 0.06844 50.85588 0 -2.07500 -13.95000 45.11733 0.11378 13
-1.27006 -0.19398 83.10303 0 5.85000 40.70000 51.99432 0.16394 13
-0.07367 -0.19823 8.21785 0 6.05000 1.62500 8.19651 0.10298 -13
-0.41594 0.14146 90.56366 0 -4.25000 11.77500 83.74029 0.10999 -13
-0.42529 -0.25765 90.56366 0 7.77500 12.05000 83.74029 0.11247 -13
-0.37481 -0.02054 82.28727 0 0.62500 11.70000 77.05475 0.10757 -13
-1.40033 0.01919 95.94234 0 -0.57500 42.10000 55.76299 0.17329 -13
-0.07364 0.11732 6.20564 0 -3.45000 2.62500 6.18911 0.10165 -13
0.45609 -0.02728 83.88838 0 0.82500 -15.77500 76.32942 0.11071 13
-0.02074 0.05001 20.16133 0 -1.47500 1.30000 20.15700 0.10085 -13
1.43537 -0.23719 5.20228 0 6.97500 -45.67500 3.02884 0.17757 13
-1.86860 0.02285 83.69171 0 -0.70000 59.17500 39.49759 0.21343 13
0.40388 -0.01885 32.51193 0 0.55000 -12.12500 30.14695 0.10862 13
-0.14508 0.13692 8.45675 0 -4.20000 5.12500 8.37066 0.10272 13
-0.14868 -0.26248 8.45675 0 7.85000 5.22500 8.37066 0.10514 13
1.97630 -0.01239 42.37172 0 0.35000 -57.22500 19.13143 0.22306 13
-0.40878 -0.01980 91.62851 0 0.60000 13.80000 84.81816 0.10881 13
-0.83716 0.09548 33.77623 0 -2.90000 26.22500 25.94708 0.13169 13
-1.70572 0.10764 79.17327 0 -3.25000 54.25000 40.21390 0.19942 13
0.10517 -0.24212 26.83609 0 7.27500 -3.60000 26.69690 0.10414 13
-0.50049 -0.11183 53.21106 0 3.37500 15.80000 47.64284 0.11317 13
0.18080 -0.19071 60.37922 0 5.75000 -6.92500 59.44896 0.10413 -13
1.53261 -0.03199 23.85361 0 0.92500 -46.52500 13.03921 0.18431 13
0.55043 -0.01667 18.96000 0 0.52500 -17.40000 16.61058 0.11497 -13
0.03966 -0.01705 41.60547 0 0.52500 -1.02500 41.57281 0.10080 -13
-0.03708 -0.23973 20.48421 0 7.20000 1.80000 20.47089 0.10360 13
0.61887 0.09896 53.61685 0 -3.00000 -19.27500 45.65338 0.11885 13
2.05716 0.00980 28.25418 0 -0.25000 -62.17500 12.35268 0.23035 -13
-0.12786 0.06445 55.37418 0 -1.95000 5.92500 54.92888 0.10174 13
-0.91077 0.07417 88.15302 0 -2.22500 27.50000 65.25451 0.13641 -13
0.90434 0.00674 87.61694 0 -0.20000 -27.87500 64.98523 0.13578 13
0.96981 0.02053 5.28416 0 -0.50000 -28.45000 3.79354 0.14032 -13
-0.59333 -0.10862 44.70443 0 3.27500 19.37500 38.50487 0.11760 13
0.09281 -0.13895 99.06543 0 4.17500 0.62500 98.64949 0.10210 13
-0.36796 0.07285 68.63391 0 -2.20000 12.95000 64.43194 0.10756 13
-1.36388 -0.01640 37.34319 0 0.47500 39.37500 22.08296 0.17031 13
0.95371 0.03404 24.51988 0 -1.05000 -29.17500 17.74914 0.13920 13
-0.25709 0.11470 13.32321 0 -3.42500 4.82500 12.90878 0.10461 -13
1.90599 0.08474 73.17680 0 -2.57500 -59.55000 34.09324 0.21693 13
1.47875 -0.10418 74.82569 0 3.15000 -47.30000 42.07110 0.18008 -13
-1.15954 -0.15506 71.47640 0 4.67500 35.25000 46.99828 0.15499 -13
1.13288 -0.02408 93.00515 0 0.72500 -35.37500 61.55848 0.15219 -13
-1.14855 0.11893 8.47494 0 -3.50000 33.30000 5.58649 0.15380 -13
-0.16307 -0.04562 7.98702 0 1.45000 4.85000 7.88307 0.10216 -13
1.60634 -0.09984 85.58072 0 3.00000 -48.62500 45.39006 0.19081 13
-0.76502 -0.04553 87.71957 0 1.37500 20.07500 69.69652 0.12688 -13
1.00733 0.06654 63.99871 0 -2.00000 -29.82500 45.13862 0.14309 -13
-0.76716 0.14612 43.83935 0 -4.42500 20.00000 34.91870 0.12778 13
-0.78298 -0.25282 43.83935 0 7.60000 20.47500 34.91870 0.13039 13
-1.13935 0.02364 35.06904 0 -0.72500 33.42500 23.13688 0.15268 13
1.28013 -0.23782 34.84928 0 7.15000 -40.55000 21.81929 0.16530 13
1.18250 -0.08495 72.03191 0 2.55000 -34.70000 46.61023 0.15618 13
0.33011 -0.21626 65.93326 0 6.52500 -8.47500 62.74780 0.10827 -13
1.50680 -0.15039 54.23376 0 4.55000 -45.20000 30.22182 0.18276 -13
-0.25555 0.08194 65.62731 0 -2.47500 6.25000 63.59718 0.10426 -13
0.22767 -0.13928 81.70184 0 4.20000 -6.37500 79.70062 0.10423 -13
0.06491 -0.10251 33.28553 0 3.07500 -1.80000 33.21638 0.10144 13
0.54705 -0.14716 14.72519 0 4.40000 -17.27500 12.95006 0.11572 13
0.04419 0.00185 37.36709 0 -0.07500 -2.27500 37.33068 0.10081 13
-0.48256 -0.00673 41.72353 0 0.20000 15.10000 37.57726 0.11182 13
1.65780 0.01979 90.29411 0 -0.57500 -48.80000 46.64517 0.19498 -13
-0.85370 -0.20029 61.05826 0 6.02500 25.77500 46.81991 0.13393 13
0.75753 -0.03003 29.17701 0 0.92500 -22.95000 23.26115 0.12638 -13
-0.41697 0.12543 60.03695 0 -3.80000 11.92500 55.47645 0.10984 13
-0.42904 -0.27456 60.03695 0 8.27500 12.30000 55.47645 0.11300 13
0.06803 0.12325 61.93704 0 -3.72500 -1.47500 61.79636 0.10170 13
0.07005 -0.27685 61.93704 0 8.35000 -1.55000 61.79636 0.10472 13
0.26709 -0.04865 35.83386 0 1.45000 -6.42500 34.62312 0.10435 13
1.64323 -0.16382 41.02667 0 4.92500 -50.05000 21.53560 0.19438 13
-0.37105 0.05663 30.89639 0 -1.70000 10.82500 28.97255 0.10756 -13
-0.37384 0.09024 72.92039 0 -2.72500 11.87500 68.33746 0.10789 -13
0.75155 -0.23581 52.79528 0 7.10000 -21.25000 42.61207 0.12818 13
0.37202 -0.07271 24.39768 0 2.20000 -9.70000 22.87426 0.10770 -13
-0.35695 -0.22344 54.68605 0 6.72500 14.67500 51.64238 0.10926 13
-0.88693 0.12703 39.12715 0 -3.85000 25.35000 29.37526 0.13523 13
-0.91205 -0.27287 39.12715 0 8.22500 26.10000 29.37526 0.13902 13
-0.40781 0.00178 72.18545 0 -0.05000 10.92500 66.84086 0.10876 13
-0.11310 0.04790 72.61958 0 -1.45000 3.62500 72.16058 0.10146 -13
-1.28342 -0.20208 29.12614 0 6.07500 39.05000 18.12373 0.16507 13
1.24813 0.10643 55.61524 0 -3.20000 -37.15000 34.89376 0.16140 -13
-0.41778 -0.23181 3.32991 0 6.82500 13.07500 3.08395 0.11154 13
0.35928 0.13774 56.23543 0 -4.17500 -10.87500 52.97979 0.10791 13
0.36790 -0.26157 56.23543 0 7.87500 -11.12500 52.97979 0.11048 13
1.79758 -0.16996 15.50273 0 5.07500 -55.60000 7.61961 0.20776 13
0.57724 -0.07772 2.93944 0 2.55000 -17.55000 2.54766 0.11668 -13
-1.68542 -0.06629 91.92601 0 2.00000 52.25000 46.98207 0.19747 13
-0.43661 -0.06092 12.15572 0 1.80000 11.55000 11.14351 0.11005 13
1.64858 -0.01551 48.58143 0 0.47500 -50.05000 25.19771 0.19418 -13
0.82023 0.00534 30.09465 0 -0.17500 -25.87500 23.26862 0.13025 13
-2.07215 -0.23320 16.24397 0 7.10000 63.22500 7.21201 0.23304 -13
-0.80588 0.07970 59.43690 0 -2.40000 23.65000 46.33687 0.12958 -13
-1.12138 -0.07688 3.88025 0 2.12500 35.75000 2.58716 0.15146 13
0.72738 0.04393 75.07531 0 -1.32500 -22.70000 60.73328 0.12460 13
1.09111 -0.10765 57.81251 0 3.25000 -32.12500 39.18292 0.14945 -13
0.71698 0.04001 23.53298 0 -1.22500 -22.22500 19.13077 0.12398 13
-0.10143 -0.24140 85.54640 0 7.27500 4.22500 85.13352 0.10410 13
-1.42274 -0.01790 14.94599 0 0.60000 44.82500 8.59524 0.17515 -13
-0.25222 0.11716 79.23923 0 -3.52500 7.00000 76.86418 0.10452 -13
0.18536 0.03724 37.90407 0 -1.12500 -5.35000 37.27012 0.10249 13
-0.27354 -0.06399 1.71496 0 2.25000 8.12500 1.65440 0.10488 -13
-0.33614 -0.16213 44.56038 0 4.87500 9.37500 42.29310 0.10748 13
-1.07398 -0.03917 79.73146 0 1.17500 34.40000 54.35524 0.14783 13
0.80602 0.03806 33.25385 0 -1.12500 -24.30000 25.89800 0.12939 -13
0.22473 -0.13085 94.43562 0 3.95000 -4.47500 92.17507 0.10405 -13
0.23378 -0.15171 7.11270 0 4.65000 -4.65000 6.93008 0.10459 -13
0.49874 0.02361 57.52429 0 -0.70000 -17.17500 51.48021 0.11255 -13
-0.90113 -0.23639 95.00066 0 7.15000 25.75000 71.42597 0.13764 -13
-0.84991 -0.10437 47.81945 0 3.12500 26.17500 36.51957 0.13258 13
-1.01238 0.06416 60.29338 0 -1.95000 34.92500 42.41478 0.14345 13
0.51978 -0.17458 75.86290 0 5.25000 -14.85000 67.52553 0.11484 13
-1.41655 0.14815 72.60519 0 -4.47500 44.27500 42.17606 0.17526 13
-1.44462 -0.25067 72.60519 0 7.55000 45.10000 42.17606 0.17871 13
-1.14267 0.00831 86.78781 0 -0.25000 33.67500 57.15673 0.15292 13
-0.74426 -0.10531 22.60656 0 3.15000 27.15000 18.17059 0.12597 13
-1.25447 -0.22405 57.93705 0 6.77500 39.55000 36.65384 0.16314 -13
-1.85472 -0.16415 81.03297 0 4.97500 53.77500 38.85314 0.21285 -13
0.39634 0.02831 16.12366 0 -0.82500 -12.92500 14.99022 0.10836 -13
0.26914 0.14404 74.58858 0 -4.35000 -9.75000 72.07490 0.10529 13
0.27491 -0.25497 74.58858 0 7.67500 -9.92500 72.07490 0.10754 13
-0.67586 -0.15303 93.83074 0 4.60000 22.00000 78.02058 0.12252 13
0.10322 -0.17835 39.65280 0 5.40000 -3.47500 39.44961 0.10283 -13
0.43718 -0.01445 7.59078 0 0.37500 -13.37500 6.95513 0.10993 13
0.33731 -0.22684 31.48420 0 6.82500 -9.47500 29.90761 0.10869 13
-1.25540 -0.10103 96.39348 0 3.05000 37.22500 60.24418 0.16195 -13
0.12886 -0.22510 48.55251 0 6.80000 -5.72500 48.17320 0.10405 -13
0.33369 -0.06604 51.98820 0 2.00000 -10.65000 49.32582 0.10638 -13
0.01469 -0.19791 65.31853 0 5.97500 0.80000 65.31177 0.10267 -13
1.35623 -0.17148 9.98357 0 5.25000 -41.17500 5.98035 0.17067 -13
-0.66580 -0.01825 65.40827 0 0.55000 20.22500 54.44751 0.12100 -13
-2.03254 0.01787 1.81348 0 -1.12500 60.75000 0.80044 0.22872 13
0.49020 -0.07313 76.16113 0 2.20000 -15.50000 68.42179 0.11239 13
0.25168 0.00119 95.26409 0 -0.02500 -7.57500 92.38319 0.10384 -13
-0.25166 -0.00954 19.73535 0 0.32500 7.92500 19.13876 0.10385 -13
-1.41422 0.08662 80.97619 0 -2.60000 41.10000 46.86795 0.17463 -13
0.57635 0.04002 89.01520 0 -1.22500 -15.87500 77.13811 0.11630 13
-1.68151 -0.02511 25.28582 0 0.72500 51.87500 12.92783 0.19702 13
0.97602 -0.15116 32.12968 0 4.55000 -27.50000 23.11964 0.14152 13
-1.19141 -0.02136 55.18530 0 0.65000 34.82500 35.48286 0.15665 -13
1.58419 -0.24864 45.89827 0 7.47500 -47.35000 25.02322 0.19029 13
-0.40063 -0.02817 60.06259 0 0.85000 13.72500 55.75777 0.10852 -13
-0.75641 -0.05662 98.06291 0 1.72500 25.35000 78.25488 0.12640 -13
0.04695 0.03174 23.28030 0 -0.97500 -1.60000 23.25472 0.10087 13
0.60302 0.11419 16.73139 0 -3.47500 -18.02500 14.35254 0.11817 13
0.92565 -0.08291 9.27281 0 2.57500 -28.60000 6.81532 0.13752 -13
-0.06247 0.01304 24.76619 0 -0.37500 2.75000 24.71801 0.10091 -13
-1.51437 -0.14482 26.85258 0 4.40000 47.47500 14.90567 0.18334 -13
-0.23668 0.14379 91.06636 0 -4.35000 9.45000 88.66577 0.10449 13
-0.24178 -0.25523 91.06636 0 7.70000 9.60000 88.66577 0.10674 13
0.47623 -0.13278 80.82943 0 4.00000 -15.72500 73.09357 0.11234 -13
-0.43797 -0.21647 55.53362 0 6.52500 11.90000 51.05283 0.11207 13
1.09330 0.05527 66.35371 0 -1.65000 -34.30000 44.82021 0.14931 -13
1.50111 -0.03392 92.82625 0 1.02500 -46.52500 51.48535 0.18167 -13
1.37521 -0.11538 75.19525 0 3.47500 -42.07500 44.41420 0.17162 13
-1.37778 -0.06443 94.27554 0 1.92500 43.05000 55.45169 0.17156 13
-0.28206 -0.08233 41.43651 0 2.50000 8.12500 39.89016 0.10497 -13
-0.46788 -0.08092 91.13381 0 2.45000 12.90000 82.59369 0.11148 -13
-2.05132 -0.13029 69.96364 0 3.92500 62.32500 30.86712 0.23017 13
-0.85408 -0.17113 27.90026 0 5.17500 25.67500 21.34433 0.13357 -13
-0.84924 0.13308 91.56572 0 -4.00000 23.47500 70.05039 0.13279 -13
-0.87118 -0.26643 91.56572 0 8.05000 24.15000 70.05039 0.13623 -13
-0.03230 0.08359 14.01521 0 -2.47500 0.20000 14.00794 0.10110 -13
1.66346 -0.02372 17.61367 0 0.77500 -51.42500 9.07654 0.19549 -13
0.39353 0.02497 32.59810 0 -0.77500 -10.85000 30.33518 0.10826 13
-1.08119 0.10819 1.75290 0 -2.85000 29.22500 1.19409 0.14876 -13
-1.20923 -0.03385 5.96117 0 0.90000 34.37500 3.80011 0.15807 13
0.09444 -0.19517 22.55091 0 5.87500 -3.25000 22.45467 0.10303 13
-1.45883 -0.08971 93.16039 0 2.72500 45.27500 52.81661 0.17834 -13
0.58649 -0.18103 38.21147 0 5.45000 -18.40000 33.09584 0.11815 13
-0.66184 0.12995 86.83374 0 -3.92500 19.47500 72.59477 0.12147 13
-0.67978 -0.26976 86.83374 0 8.12500 20.00000 72.59477 0.12475 13
-0.26375 0.11049 28.60187 0 -3.35000 7.65000 27.66687 0.10474 13
-0.23691 -0.13708 19.21742 0 4.17500 6.85000 18.70891 0.10442 -13
0.09981 -0.15962 38.04625 0 4.82500 -2.75000 37.86283 0.10248 -13
-1.02084 0.10974 80.53943 0 -3.30000 28.25000 56.53139 0.14433 -13
1.69118 0.02575 81.34044 0 -0.77500 -52.07500 41.41097 0.19787 -13
-0.16441 -0.12394 74.35086 0 3.75000 4.87500 73.38064 0.10282 -13
-0.58366 0.12469 17.32740 0 -3.80000 15.57500 14.99384 0.11729 13
-0.60074 -0.27537 17.32740 0 8.27500 16.07500 14.99384 0.12067 13
-1.04392 -0.13320 47.97061 0 4.00000 32.55000 33.33571 0.14619 13
-0.14902 -0.04352 61.42704 0 1.32500 5.07500 60.75740 0.10191 -13
-0.54725 0.07904 49.84566 0 -2.37500 15.77500 43.75707 0.11507 -13
1.59927 0.14158 75.34437 0 -4.25000 -48.75000 40.22968 0.19047 -13
1.63516 -0.25750 75.34437 0 7.77500 -49.85000 40.22968 0.19477 -13
-0.10211 0.11375 65.18768 0 -3.42500 3.25000 64.85472 0.10187 -13
0.62964 -0.13356 55.12034 0 4.05000 -17.50000 46.76092 0.11977 -13
1.29725 -0.18698 43.03948 0 5.65000 -37.80000 26.55865 0.16604 -13
-0.87391 -0.04287 45.91527 0 1.27500 25.57500 34.58713 0.13381 13
1.40714 -0.19538 87.40480 0 5.87500 -42.77500 51.26190 0.17495 13
-0.86242 -0.18729 91.75429 0 5.65000 26.77500 69.99110 0.13432 -13
-0.76996 -0.14321 83.30207 0 4.30000 24.82500 66.25257 0.12790 13
0.37506 -0.22648 63.55750 0 6.85000 -14.12500 59.68924 0.10995 -13
0.44974 -0.00179 8.57766 0 -0.00000 -12.22500 7.82300 0.11043 13
0.21005 0.03882 27.91356 0 -1.20000 -6.90000 27.31830 0.10298 13
0.10929 0.05770 54.24609 0 -1.75000 -3.65000 53.92602 0.10147 13
1.84583 0.12656 43.10374 0 -3.85000 -54.37500 20.65903 0.21181 13
1.89846 -0.27341 43.10374 0 8.22500 -55.92500 20.65903 0.21777 13
0.51209 0.03880 83.97755 0 -1.17500 -13.87500 74.75848 0.11320 13
-0.85190 0.03825 64.98448 0 -1.17500 25.82500 49.48271 0.13235 13
-1.07191 -0.15057 66.45689 0 4.55000 31.07500 45.60470 0.14841 -13
-1.39355 -0.23268 30.58234 0 7.00000 44.22500 18.14014 0.17427 13
-0.92713 -0.01574 95.84159 0 0.47500 27.25000 70.28645 0.13733 -13
-0.25767 -0.06573 59.00673 0 2.00000 5.95000 57.14801 0.10420 -13
1.78947 -0.00055 3.08651 0 -0.30000 -54.07500 1.50564 0.20657 13
-0.51080 0.00887 90.37273 0 -0.25000 15.30000 80.48141 0.11309 -13
-1.03854 -0.13921 57.17413 0 4.20000 34.37500 39.85347 0.14587 -13
-0.49482 0.14327 39.20519 0 -4.32500 15.47500 35.20827 0.11329 13
-0.50555 -0.25577 39.20519 0 7.70000 15.80000 35.20827 0.11574 13
0.32230 -0.06966 14.98010 0 2.07500 -9.55000 14.26134 0.10603 13
-1.76957 -0.13615 85.04884 0 4.12500 51.25000 42.13499 0.20515 -13
1.25427 -0.07388 61.87966 0 2.22500 -37.40000 38.63981 0.16170 13
0.71734 -0.16804 73.74325 0 5.07500 -21.65000 60.20248 0.12509 -13
-0.62212 -0.02606 34.90415 0 0.80000 20.80000 29.63969 0.11863 -13
2.00069 -0.19423 28.08652 0 5.90000 -59.42500 12.74369 0.22615 -13
-1.08136 -0.03483 9.34109 0 0.97500 33.82500 6.34449 0.14835 13
-1.11294 0.09415 24.76169 0 -2.87500 31.92500 16.58959 0.15099 13
1.97069 0.05252 30.56411 0 -1.55000 -59.37500 13.84553 0.22260 -13
0.84674 -0.13653 4.59604 0 3.97500 -26.70000 3.52078 0.13263 13
0.53694 0.10591 10.91101 0 -3.15000 -15.32500 9.62469 0.11479 -13
-0.48716 0.12667 74.86931 0 -3.82500 14.82500 67.40943 0.11274 13
-0.50102 -0.27324 74.86931 0 8.22500 15.25000 67.40943 0.11594 13
1.03062 -0.09285 24.78401 0 2.77500 -30.72500 17.29685 0.14490 13
-1.25559 0.04056 46.02420 0 -1.25000 37.45000 28.68721 0.16170 13
0.02673 -0.22879 74.36453 0 6.90000 -0.42500 74.33932 0.10334 -13
0.32988 -0.09953 4.40133 0 2.87500 -10.72500 4.18174 0.10651 13
0.86166 -0.04790 3.04484 0 1.22500 -24.60000 2.30759 0.13307 13
0.89840 -0.16016 66.62916 0 4.85000 -24.62500 49.84351 0.13634 -13
0.17511 0.14884 41.20229 0 -4.50000 -7.65000 40.59792 0.10321 13
0.17855 -0.24998 41.20229 0 7.52500 -7.75000 40.59792 0.10534 13
-1.73050 -0.18053 45.13316 0 5.47500 51.50000 22.85320 0.20212 -13
0.05471 -0.00073 15.66233 0 0.05000 0.37500 15.63895 0.10086 -13
0.21783 0.09157 14.58745 0 -2.72500 -7.25000 14.25584 0.10347 -13
-0.22180 -0.20959 54.89709 0 6.32500 6.77500 53.64767 0.10529 -13
0.58473 -0.06352 15.56193 0 1.95000 -16.85000 13.44068 0.11684 -13
-1.35555 -0.24815 66.04721 0 7.50000 40.30000 39.96702 0.17148 -13
-0.12219 -0.19442 50.04737 0 5.85000 3.22500 49.69119 0.10332 13
0.42739 -0.10742 82.36271 0 3.25000 -12.47500 75.80244 0.11005 -13
-1.29783 -0.24186 58.05268 0 7.30000 36.30000 36.06333 0.16680 -13
-0.97016 0.06676 87.98776 0 -2.02500 28.75000 63.21897 0.14048 13
-0.44539 0.03014 6.74151 0 -0.82500 13.35000 6.15876 0.11028 -13
0.19286 -0.21597 69.62333 0 6.52500 -6.65000 68.41815 0.10484 -13
0.55976 -0.23778 95.49271 0 7.17500 -15.90000 83.86364 0.11787 -13
1.71493 -0.18418 21.94603 0 5.50000 -51.40000 11.19278 0.20072 13
0.99245 -0.10672 72.53031 0 3.22500 -31.42500 51.62548 0.14229 -13
-1.14380 0.12921 88.24648 0 -3.90000 32.37500 58.35627 0.15355 13
-1.17514 -0.27054 88.24648 0 8.15000 33.30000 58.35627 0.15774 13
1.76049 -0.17023 31.03127 0 5.17500 -54.85000 15.49188 0.20465 -13
-0.44663 -0.20881 89.55669 0 6.30000 16.42500 82.05702 0.11227 13
0.45040 -0.17673 48.95164 0 5.32500 -13.07500 44.74756 0.11187 13
0.25294 0.28673 48.95164 0 5.25000 -13.47500 44.74756 0.11397 13
0.14801 0.13345 48.95164 0 5.92500 -13.47500 44.74756 0.11996 13
0.04672 -0.08412 48.95164 0 5.92500 -13.47500 44.74756 0.12045 13
1.84634 -0.11472 15.69914 0 3.52500 -53.67500 7.51448 0.21182 -13
0.31809 0.10133 17.96956 0 -3.02500 -8.72500 17.13216 0.10616 -13
-1.06201 0.02754 47.26231 0 -0.82500 30.45000 32.40628 0.14692 -13
-0.18834 -0.02185 28.41026 0 0.67500 5.75000 27.91952 0.10250 -13
-1.79348 0.07467 91.98711 0 -2.25000 54.05000 44.89233 0.20692 -13
-0.64291 -0.23042 56.30490 0 6.95000 18.30000 47.71417 0.12194 13
0.54486 0.13110 62.62805 0 -3.97500 -14.25000 55.10162 0.11544 13
0.55937 -0.26855 62.62805 0 8.10000 -14.67500 55.10162 0.11851 13
0.70248 -0.23057 87.10974 0 6.95000 -23.57500 71.88211 0.12524 -13
-0.65564 -0.23904 68.64290 0 7.20000 19.55000 57.87711 0.12279 13
0.98314 -0.03712 6.54965 0 1.02500 -30.47500 4.67216 0.14127 13
-1.12231 -0.20733 82.23725 0 6.27500 34.47500 55.34851 0.15281 -13
-0.21130 0.13904 58.61701 0 -4.20000 3.95000 57.37398 0.10388 13
-0.21628 -0.26021 58.61701 0 7.85000 4.10000 57.37398 0.10631 13
0.86653 0.11907 87.02650 0 -3.60000 -27.85000 65.96755 0.13379 13
0.89381 -0.28128 87.02650 0 8.47500 -28.67500 65.96755 0.13800 13
0.76732 -0.03777 85.67279 0 1.15000 -22.42500 67.98698 0.12699 -13
0.07419 -0.01721 95.93597 0 0.52500 -0.27500 95.67310 0.10099 -13
0.20633 -0.08327 8.92648 0 2.45000 -7.60000 8.74348 0.10316 13
0.93396 -0.15957 69.82703 0 4.80000 -27.42500 51.32980 0.13872 13
-0.30702 0.03292 47.49937 0 -1.00000 9.25000 45.40957 0.10540 13
0.21710 0.00329 51.87439 0 -0.10000 -2.65000 50.69347 0.10305 -13
-0.11323 -0.09447 67.14710 0 2.85000 2.37500 66.72449 0.10179 13
0.41966 -0.21315 6.41957 0 6.35000 -13.12500 5.93911 0.11124 13
-1.02150 0.10403 49.36706 0 -3.12500 31.97500 34.62970 0.14433 -13
0.24454 -0.00037 77.32569 0 0.02500 -7.35000 75.11240 0.10367 -13
-1.16777 0.07289 33.05102 0 -2.17500 34.45000 21.53051 0.15499 -13
1.25810 0.10721 94.10819 0 -3.25000 -36.70000 58.76283 0.16221 13
-0.60019 -0.17623 59.36865 0 5.30000 14.82500 51.10832 0.11877 13
0.56277 0.14601 88.57202 0 -4.40000 -18.25000 77.38306 0.11648 -13
0.57440 -0.25289 88.57202 0 7.62500 -18.60000 77.38306 0.11890 -13
-0.39424 0.01486 56.57742 0 -0.45000 14.22500 52.63555 0.10826 13
1.39848 0.09848 10.51981 0 -2.90000 -42.72500 6.13829 0.17339 -13
0.06146 0.05145 2.09941 0 -1.32500 -0.57500 2.09546 0.10112 -13
-1.84778 0.14353 63.14425 0 -4.35000 55.27500 30.29165 0.21209 13
-1.88778 -0.25551 63.14425 0 7.70000 56.47500 30.29165 0.21663 13
-1.85405 -0.23411 16.86074 0 7.12500 57.02500 8.17045 0.21355 -13
1.02113 0.08146 8.91917 0 -2.37500 -31.22500 6.25116 0.14414 -13
0.65349 0.06705 34.28658 0 -2.05000 -21.87500 28.72116 0.12049 13
-0.43343 -0.23956 52.51453 0 7.25000 12.72500 48.39174 0.11239 -13
-0.83537 -0.18108 35.94163 0 5.45000 23.35000 27.76542 0.13247 13
-0.17365 -0.17956 73.21041 0 5.40000 5.90000 72.16390 0.10380 13
-1.01346 -0.13462 60.47302 0 4.05000 29.60000 42.66773 0.14400 13
0.41061 -0.67823 60.47302 0 4.07500 29.45000 42.66773 0.14388 13
-0.21834 0.31075 60.47302 0 5.65000 28.77500 42.66773 0.15081 13
-0.32574 -0.07752 60.47302 0 3.62500 28.32500 42.66773 0.16542 13
0.31593 0.09184 60.47302 0 5.50000 29.22500 42.66773 0.17665 13
-0.39144 0.22827 60.47302 0 3.82500 29.77500 42.66773 0.18526 13
0.19237 -0.23322 60.47302 0 5.37500 30.52500 42.66773 0.19626 13
0.28598 -0.01992 60.47302 0 4.50000 31.35000 42.66773 0.20248 13
-0.43264 -0.27284 60.47302 0 5.55000 30.75000 42.66773 0.21047 13
-0.52287 -0.13978 49.21548 0 4.22500 15.62500 43.70337 0.11452 -13
-0.54994 0.12647 29.72663 0 -3.80000 14.85000 26.09591 0.11562 -13
-0.56562 -0.27337 29.72663 0 8.27500 15.32500 26.09591 0.11894 -13
1.73672 -0.11299 45.64710 0 3.42500 -55.00000 22.88681 0.20214 -13
0.16484 0.11641 26.34031 0 -3.52500 -2.25000 25.99411 0.10274 13
1.04204 -0.15608 2.83413 0 4.97500 -31.32500 1.97474 0.14657 -13
-0.41803 -0.03315 39.50029 0 0.97500 15.02500 36.44704 0.10920 13
0.62624 0.13824 29.19632 0 -4.15000 -18.30000 24.81009 0.11962 -13
0.64112 -0.26094 29.19632 0 7.90000 -18.77500 24.81009 0.12250 -13
0.98592 0.01466 68.90431 0 -0.45000 -30.50000 49.06933 0.14143 13
-1.70722 0.08244 75.28556 0 -2.47500 49.52500 38.14818 0.19940 -13
-0.20302 -0.03545 63.62655 0 1.07500 6.00000 62.35601 0.10282 -13
-0.64576 -0.02351 8.91486 0 0.65000 19.17500 7.48941 0.11991 13
-1.00469 -0.13395 82.37554 0 4.05000 28.40000 58.37070 0.14339 -13
-1.18527 -0.02624 51.19368 0 0.80000 37.60000 33.01858 0.15619 -13
-1.99670 -0.02379 79.60538 0 0.70000 59.97500 35.65616 0.22489 13
-0.94650 -0.06030 23.85977 0 1.80000 29.40000 17.34379 0.13878 13
-0.52201 -0.06418 69.19470 0 1.95000 17.72500 61.36739 0.11378 -13
-0.34722 -0.22296 92.52231 0 6.72500 12.45000 87.62678 0.10894 13
-1.47445 0.09569 98.60973 0 -2.87500 44.97500 55.52243 0.17966 -13
0.56441 -0.15117 84.93659 0 4.55000 -16.92500 74.16857 0.11663 13
-0.57426 -0.23078 14.13386 0 7.00000 18.92500 12.33454 0.11847 -13
0.91211 -0.20454 80.33084 0 6.15000 -29.70000 59.89936 0.13784 13
-0.97636 0.06769 30.56849 0 -2.07500 31.50000 21.89716 0.14090 13
-0.43168 -0.16377 99.93519 0 4.95000 12.82500 91.94005 0.11092 -13
-0.35107 0.13927 30.35560 0 -4.22500 8.35000 28.67149 0.10766 13
-0.35924 -0.25998 30.35560 0 7.82500 8.60000 28.67149 0.11015 13
0.06603 0.07071 70.53329 0 -2.12500 -3.80000 70.38081 0.10117 -13
0.17598 0.10522 79.44113 0 -3.17500 -6.07500 78.25182 0.10280 13
0.64978 -0.06255 6.12647 0 1.77500 -22.05000 5.14039 0.12025 13
