-2.12287 -0.17708 58.56430 0 5.35000 64.10000 25.27384 0.23701 -13
-0.76491 -0.14888 42.59456 0 4.47500 22.65000 33.96819 0.12766 13
0.06281 -0.02159 43.57179 0 0.65000 -0.70000 43.48614 0.10093 13
1.44300 0.07896 67.95575 0 -2.37500 -41.70000 38.78901 0.17697 -13
-0.21782 0.13112 38.59375 0 -3.97500 7.67500 37.72398 0.10391 13
-0.22361 -0.26854 38.59375 0 8.07500 7.85000 37.72398 0.10666 13
-1.23333 0.02826 38.64081 0 -0.87500 37.72500 24.34204 0.15992 13
-0.51500 -0.03629 69.99683 0 1.10000 18.75000 62.23795 0.11334 -13
-1.26185 0.09905 85.24938 0 -3.00000 37.75000 53.10719 0.16244 13
0.59816 -0.08053 72.88758 0 2.42500 -19.17500 62.60425 0.11764 -13
-0.46933 -0.05345 18.35721 0 1.57500 12.40000 16.62215 0.11136 13
-0.73438 -0.01708 82.26757 0 0.50000 19.02500 66.31085 0.12495 13
-0.03534 -0.15102 99.15127 0 4.55000 0.92500 99.09081 0.10191 -13
0.44166 -0.05920 74.33798 0 1.80000 -13.35000 68.02043 0.11025 -13
-0.67862 0.14761 37.55238 0 -4.47500 20.32500 31.17799 0.12262 13
-0.69218 -0.25122 37.55238 0 7.57500 20.72500 31.17799 0.12505 13
-0.14930 -0.24974 19.58054 0 7.50000 3.32500 19.37824 0.10486 13
-0.09541 -0.21850 17.19528 0 6.55000 2.60000 17.12117 0.10351 13
0.49276 0.06545 72.07229 0 -1.97500 -14.65000 64.67659 0.11246 13
-0.34846 -0.09128 89.01233 0 2.75000 8.40000 84.09241 0.10704 13
0.55139 0.02008 59.50259 0 -0.60000 -17.10000 52.10887 0.11501 -13
-0.12595 -0.01702 43.10245 0 0.50000 2.47500 42.76469 0.10151 13
1.40956 -0.09105 50.30987 0 2.77500 -45.47500 29.19061 0.17429 -13
-0.08596 0.13194 26.84190 0 -3.95000 4.97500 26.74499 0.10194 -13
-0.08821 -0.26760 26.84190 0 8.10000 5.05000 26.74499 0.10464 -13
1.81384 0.07106 50.57309 0 -2.12500 -54.27500 24.46379 0.20870 -13
0.17269 -0.02101 84.75948 0 0.65000 -4.15000 83.52385 0.10221 -13
-1.13331 -0.23392 3.93784 0 6.85000 34.05000 2.64369 0.15388 13
0.10064 0.01079 52.96288 0 -0.32500 -0.77500 52.69675 0.10122 -13
-0.00091 -0.21508 33.94002 0 6.50000 0.17500 33.94001 0.10301 -13
0.75992 -0.01817 95.73502 0 0.55000 -26.72500 76.22859 0.12649 13
-1.84561 -0.01127 14.51225 0 0.40000 54.82500 6.91420 0.21140 -13
-1.65640 -0.14318 3.34648 0 4.05000 53.65000 1.74162 0.19534 13
0.36110 0.12458 7.59164 0 -3.82500 -9.85000 7.14660 0.10784 13
0.37164 -0.27559 7.59164 0 8.25000 -10.15000 7.14660 0.11090 13
1.39045 -0.22789 10.01405 0 6.80000 -42.37500 5.94486 0.17389 13
-1.03610 -0.15826 95.57656 0 4.77500 33.72500 66.79807 0.14589 -13
0.33519 0.10841 89.78468 0 -3.27500 -10.05000 85.17968 0.10677 -13
-1.66487 -0.20304 40.76555 0 6.15000 49.52500 21.30218 0.19667 -13
0.13594 0.06406 18.25118 0 -1.95000 -4.67500 18.08552 0.10184 13
1.47688 -0.14006 93.05892 0 4.22500 -44.30000 52.52302 0.18017 -13
0.30222 0.06890 34.27141 0 -2.10000 -11.65000 32.81252 0.10543 13
-1.51214 -0.06581 64.92467 0 1.97500 47.22500 35.86665 0.18268 13
0.48690 -0.20663 88.38363 0 6.22500 -13.57500 79.77864 0.11392 13
0.84770 0.10223 39.91167 0 -3.07500 -27.47500 30.51031 0.13242 -13
-1.80932 0.03473 63.37677 0 -1.07500 52.62500 30.67054 0.20822 13
0.91980 0.09366 21.53537 0 -2.85000 -28.57500 15.88193 0.13716 13
-0.47279 0.01863 53.89051 0 -0.55000 13.90000 48.72129 0.11141 -13
-1.59088 0.07346 53.33877 0 -2.20000 48.55000 28.43993 0.18937 -13
-0.10207 0.08828 40.67554 0 -2.65000 1.22500 40.46664 0.10161 -13
-1.00702 -0.21135 15.01488 0 6.42500 28.30000 10.69557 0.14455 -13
0.97678 0.02852 43.41533 0 -0.87500 -29.52500 31.06382 0.14081 13
0.61523 0.09108 66.04888 0 -2.75000 -18.27500 56.31859 0.11859 13
-0.94611 -0.09899 37.13590 0 2.97500 27.85000 27.03779 0.13898 13
0.24303 -0.16992 12.62163 0 5.07500 -7.25000 12.27423 0.10502 13
-0.27670 -0.14514 91.43635 0 4.37500 7.80000 88.18993 0.10551 -13
0.08132 0.09114 70.77829 0 -2.75000 -1.52500 70.54731 0.10145 13
1.80793 -0.00140 98.79630 0 0.02500 -54.50000 47.81840 0.20806 13
-1.66843 -0.20589 33.04705 0 6.17500 50.75000 17.24873 0.19695 13
-0.74791 -0.14727 75.43775 0 4.42500 23.97500 60.64201 0.12662 13
1.64140 -0.08311 7.61157 0 2.62500 -50.62500 3.97055 0.19380 -13
0.72583 -0.09541 31.09346 0 2.90000 -23.52500 25.20302 0.12481 -13
0.42329 -0.12086 94.61022 0 3.65000 -11.95000 87.22169 0.11003 13
0.35181 0.00107 32.61617 0 -0.05000 -8.70000 30.76760 0.10675 13
1.16990 0.06648 24.73153 0 -2.02500 -34.92500 16.09026 0.15514 13
-1.09575 -0.04155 39.57546 0 1.22500 33.60000 26.68988 0.14945 13
0.44068 -0.10823 12.25178 0 3.30000 -10.00000 11.22205 0.11060 -13
-0.01513 -0.24128 13.75602 0 7.25000 -0.02500 13.75453 0.10358 13
0.94616 0.03790 71.08023 0 -1.15000 -30.55000 51.64940 0.13869 13
-1.25336 -0.01394 43.84110 0 0.45000 36.80000 27.34424 0.16148 -13
-0.56700 0.04966 15.99415 0 -1.45000 16.05000 13.91739 0.11586 -13
0.54868 0.09025 71.49591 0 -2.72500 -17.50000 62.73973 0.11522 -13
-0.81008 -0.11475 76.53300 0 3.47500 25.02500 59.62221 0.13012 -13
0.45358 0.08956 24.37322 0 -2.72500 -10.62500 22.21157 0.11095 13
0.56762 -0.13617 75.01055 0 4.12500 -17.87500 65.37934 0.11661 -13
-0.54144 -0.10239 27.64583 0 3.07500 17.90000 24.33968 0.11497 13
0.66447 0.01083 65.68269 0 -0.32500 -19.37500 54.70836 0.12091 -13
-0.66195 0.10359 38.60256 0 -3.10000 17.17500 32.24112 0.12121 -13
1.17865 -0.03945 24.60707 0 1.15000 -37.22500 15.92656 0.15571 13
0.77568 -0.24359 79.20746 0 7.35000 -22.47500 63.25492 0.12979 -13
0.82978 -0.14559 82.48092 0 4.40000 -24.35000 63.74444 0.13167 -13
-0.72138 -0.17570 17.26832 0 5.27500 21.52500 14.07655 0.12541 13
-1.70489 -0.23265 84.23139 0 7.00000 51.40000 43.45367 0.20041 13
-0.69638 -0.22060 6.29470 0 6.75000 18.10000 5.20532 0.12481 -13
-0.29284 0.00333 58.67303 0 -0.10000 9.62500 56.30828 0.10493 -13
-1.13801 -0.17579 6.69496 0 5.42500 33.32500 4.45617 0.15374 -13
-0.62445 -0.06553 33.67128 0 2.00000 17.77500 28.57721 0.11891 -13
1.31818 -0.04664 77.79576 0 1.42500 -40.85000 47.05093 0.16669 -13
1.15090 -0.06916 85.93027 0 2.10000 -33.32500 56.43726 0.15370 -13
0.72854 0.14766 79.83313 0 -4.45000 -19.75000 64.76489 0.12548 -13
0.74312 -0.25118 79.83313 0 7.57500 -20.17500 64.76489 0.12800 -13
0.70558 -0.02680 74.69792 0 0.80000 -21.65000 61.04150 0.12328 13
0.76999 -0.23796 78.84747 0 7.17500 -22.62500 63.10541 0.12934 -13
1.67501 -0.24495 91.25395 0 7.37500 -50.55000 47.78548 0.19798 13
0.56179 -0.00354 2.08995 0 0.37500 -17.70000 1.82214 0.11566 -13
0.61217 0.11547 92.84139 0 -3.50000 -18.80000 79.32345 0.11865 13
0.46622 0.07306 98.93641 0 -2.20000 -12.85000 89.71211 0.11135 13
0.11486 -0.21792 69.83097 0 6.57500 -1.37500 69.39534 0.10372 -13
0.52524 -0.17427 73.35422 0 5.25000 -15.27500 65.14956 0.11509 13
0.59186 -0.11813 25.09422 0 3.55000 -15.95000 21.63416 0.11761 13
0.17652 0.08423 51.22338 0 -2.55000 -4.27500 50.44893 0.10262 13
-1.27473 0.02022 37.84133 0 -0.62500 36.10000 23.35942 0.16317 13
-0.92386 0.03581 82.73292 0 -1.10000 26.67500 60.78633 0.13715 13
-0.86016 -0.13159 29.07245 0 3.95000 25.17500 22.12090 0.13348 13
0.37778 -0.16309 34.32568 0 4.92500 -10.82500 32.16300 0.10890 -13
1.58794 -0.12962 13.61342 0 3.85000 -49.57500 7.29810 0.18937 13
-1.15627 -0.14511 2.69611 0 4.10000 36.27500 1.77373 0.15460 13
-0.31481 0.10430 32.93057 0 -3.12500 8.80000 31.42605 0.10609 -13
-1.42418 -0.04239 29.52433 0 1.25000 40.80000 16.97636 0.17529 13
-0.85232 0.05130 39.18742 0 -1.57500 27.60000 29.83994 0.13243 13
0.30349 0.03509 56.71257 0 -1.05000 -9.45000 54.27127 0.10530 -13
0.44058 -0.20585 26.14853 0 6.22500 -12.90000 24.00845 0.11200 -13
0.91124 -0.20454 83.61759 0 6.17500 -29.45000 62.37707 0.13780 -13
-0.87929 -0.07981 12.15413 0 2.35000 24.82500 9.14020 0.13432 13
2.06087 0.12109 1.49677 0 -4.37500 -63.47500 0.65861 0.23185 13
2.12847 -0.28049 1.49677 0 7.67500 -64.80000 0.65861 0.23681 13
-0.44290 0.02489 93.78577 0 -0.75000 13.40000 85.75595 0.11017 13
-1.36751 -0.18957 22.36776 0 5.67500 42.45000 13.35457 0.17164 13
0.83712 0.04608 74.85100 0 -1.40000 -27.25000 57.42026 0.13141 13
-0.51476 0.14100 82.84052 0 -4.25000 14.15000 73.80562 0.11415 13
-0.52644 -0.25817 82.84052 0 7.77500 14.50000 73.80562 0.11673 13
1.12399 -0.17709 28.71702 0 5.32500 -31.75000 19.25286 0.15252 13
-1.05470 -0.10419 81.27650 0 3.12500 31.40000 56.08036 0.14673 13
-0.43595 -0.00666 72.21631 0 0.20000 13.87500 66.19958 0.10986 13
1.52375 0.07179 43.27205 0 -2.17500 -46.97500 23.78467 0.18370 13
0.21768 0.10711 6.33872 0 -3.15000 -7.00000 6.19535 0.10361 -13
0.06473 0.10089 80.38656 0 -3.05000 -3.67500 80.22037 0.10142 -13
-0.54183 0.00617 9.32810 0 -0.25000 16.37500 8.20156 0.11454 13
-1.56067 0.14866 63.49003 0 -4.47500 46.30000 34.51936 0.18725 -13
-1.59125 -0.25014 63.49003 0 7.55000 47.22500 34.51936 0.19095 -13
0.19155 -0.08199 63.08132 0 2.47500 -5.00000 61.96224 0.10286 13
-0.94919 -0.03165 47.83806 0 0.95000 26.87500 34.70471 0.13888 13
-1.70323 0.07588 1.84138 0 -1.75000 48.12500 0.93378 0.19925 -13
0.30356 -0.01129 74.21275 0 0.35000 -9.70000 71.01338 0.10525 -13
0.11327 -0.01215 71.99037 0 0.37500 -5.70000 71.53301 0.10136 -13
0.02591 -0.06951 58.69971 0 2.10000 -0.30000 58.68011 0.10098 -13
-0.04091 -0.12410 84.18482 0 3.75000 -1.00000 84.11553 0.10156 13
-0.49844 -0.21892 30.56862 0 6.62500 12.40000 27.48410 0.11467 -13
1.05222 0.05745 50.46125 0 -1.72500 -31.22500 34.79239 0.14630 -13
-0.07845 -0.08325 96.18806 0 2.50000 3.07500 95.89547 0.10135 13
-0.13127 0.04705 52.57718 0 -1.40000 2.30000 52.13092 0.10168 -13
0.58017 -0.02574 79.71866 0 0.77500 -16.80000 68.95952 0.11645 -13
1.45661 -0.10269 72.51265 0 3.10000 -44.10000 41.18723 0.17823 -13
-1.55445 0.12488 75.95177 0 -3.77500 46.97500 41.31655 0.18658 13
-1.59979 -0.27512 75.95177 0 8.27500 48.32500 41.31655 0.19199 13
-0.14263 0.13707 76.88426 0 -4.15000 3.50000 76.12788 0.10266 13
-0.14608 -0.26227 76.88426 0 7.90000 3.60000 76.12788 0.10514 13
2.19384 -0.16430 17.84517 0 5.02500 -60.65000 7.48367 0.24344 -13
-0.51060 0.14235 30.31600 0 -4.30000 19.22500 27.05552 0.11398 13
-0.52189 -0.25676 30.31600 0 7.72500 19.55000 27.05552 0.11648 13
0.35017 -0.22761 27.63716 0 6.85000 -9.00000 26.15528 0.10911 13
-1.48980 0.00306 61.03905 0 -0.07500 43.52500 34.01837 0.18069 -13
1.46725 0.04398 6.97904 0 -1.45000 -45.20000 3.93238 0.17895 13
1.29019 -0.05730 68.17454 0 1.72500 -40.20000 41.80719 0.16449 13
-0.30174 0.09537 70.78857 0 -2.87500 8.42500 67.79619 0.10562 13
-0.14939 -0.20741 26.47957 0 6.27500 7.77500 26.20079 0.10396 -13
0.15620 -0.22201 26.52533 0 6.72500 -3.77500 26.22223 0.10436 -13
-0.27618 0.00596 92.23562 0 -0.17500 9.90000 88.90737 0.10447 13
0.54330 -0.11309 67.34677 0 3.42500 -16.95000 59.26256 0.11517 -13
0.51708 0.05287 98.30094 0 -1.60000 -15.50000 87.34401 0.11349 13
0.54584 -0.09185 50.03424 0 2.75000 -17.02500 43.95985 0.11510 13
-0.16372 -0.24252 50.01292 0 7.32500 4.67500 49.39160 0.10493 -13
0.09805 0.07408 75.99026 0 -2.25000 -4.32500 75.62951 0.10146 13
1.57137 -0.22889 30.39829 0 6.92500 -48.45000 16.61760 0.18902 -13
-0.79283 -0.17517 55.19537 0 5.27500 25.85000 43.50205 0.12971 13
1.39331 0.04370 46.54528 0 -1.32500 -42.15000 27.15674 0.17277 13
-0.93698 -0.06220 88.70900 0 1.87500 25.87500 64.79201 0.13814 -13
1.99609 -0.14055 78.23975 0 4.25000 -58.92500 35.31972 0.22528 -13
0.54124 -0.20187 49.68157 0 6.07500 -18.37500 43.88799 0.11629 13
0.33536 -0.02567 19.71568 0 0.75000 -9.57500 18.69316 0.10625 13
-0.07604 0.09386 12.95380 0 -2.87500 1.87500 12.91686 0.10145 13
0.89115 -0.03248 94.31626 0 0.97500 -29.37500 70.43022 0.13493 13
0.93002 -0.21075 39.93471 0 6.37500 -25.95000 29.53565 0.13917 -13
-1.60630 -0.23364 20.84089 0 7.00000 49.80000 11.22654 0.19192 13
1.01798 -0.00463 19.01966 0 0.10000 -29.85000 13.32827 0.14371 13
-1.72117 -0.18070 27.57909 0 5.42500 52.85000 14.02189 0.20124 13
-0.13383 -0.07608 37.35755 0 2.30000 5.10000 37.02927 0.10189 -13
-0.06653 0.06882 56.06341 0 -2.07500 3.52500 55.94031 0.10117 13
-0.45361 -0.11052 42.75722 0 3.35000 13.92500 38.97849 0.11114 -13
2.03029 -0.04569 18.25836 0 1.32500 -60.52500 8.07456 0.22793 13
-0.37101 0.03009 68.99060 0 -0.90000 10.60000 64.68577 0.10745 -13
-0.24370 0.12151 10.51192 0 -3.62500 9.30000 10.21728 0.10436 -13
-0.25118 -0.27851 10.51192 0 8.45000 9.52500 10.21728 0.10761 -13
-0.24515 0.11687 91.32166 0 -3.52500 6.15000 88.72928 0.10435 -13
1.87271 -0.07905 26.06673 0 2.35000 -52.00000 12.30833 0.21392 13
-0.72259 -0.19375 72.20193 0 5.85000 21.57500 58.88888 0.12577 -13
-1.01685 0.10256 7.81798 0 -3.00000 32.47500 5.49591 0.14397 -13
-0.34598 -0.20896 2.13781 0 6.55000 11.95000 2.02485 0.10893 -13
0.76548 -0.18758 37.46662 0 5.67500 -20.07500 29.93889 0.12823 -13
0.21925 -0.18100 69.99175 0 5.45000 -5.47500 68.41748 0.10469 13
0.01355 -0.19238 43.25796 0 5.82500 0.45000 43.25413 0.10257 -13
-0.66305 -0.04304 13.83658 0 1.25000 22.02500 11.53506 0.12091 13
-1.07396 -0.07556 85.11977 0 2.27500 36.85000 58.09408 0.14797 13
0.00636 -0.19107 98.66728 0 5.75000 1.90000 98.66535 0.10252 13
-1.04722 -0.01946 39.38706 0 0.57500 30.07500 27.20397 0.14583 13
-0.99253 -0.00139 25.24923 0 0.07500 27.50000 17.92078 0.14189 -13
2.08862 -0.15868 43.03731 0 4.82500 -61.65000 18.77409 0.23377 -13
0.76116 0.13148 46.06354 0 -3.95000 -21.30000 36.76849 0.12724 -13
0.78132 -0.26807 46.06354 0 8.10000 -21.90000 36.76849 0.13063 -13
0.30683 -0.11364 87.80970 0 3.42500 -9.97500 83.99309 0.10596 -13
-0.62076 0.09681 57.37405 0 -2.90000 19.45000 48.80891 0.11892 -13
0.57215 -0.17307 20.39017 0 5.25000 -18.45000 17.76031 0.11735 -13
1.52578 -0.18836 6.00858 0 5.85000 -44.62500 3.33416 0.18488 -13
0.84787 0.11347 73.52115 0 -3.42500 -26.87500 56.22705 0.13252 -13
0.06896 0.14058 33.12358 0 -4.22500 -0.20000 33.04664 0.10192 -13
0.07055 -0.25857 33.12358 0 7.82500 -0.25000 33.04664 0.10427 -13
-0.25101 -0.01408 91.62599 0 0.42500 7.40000 88.86973 0.10383 -13
0.14834 -0.15428 46.48711 0 4.65000 -4.57500 45.99540 0.10298 13
-0.18192 0.14275 5.86804 0 -4.37500 4.80000 5.77498 0.10342 13
-0.18592 -0.25627 5.86804 0 7.65000 4.92500 5.77498 0.10559 13
-0.22551 0.01600 96.70476 0 -0.47500 8.20000 94.33653 0.10325 -13
-0.63976 -0.10963 15.81290 0 3.35000 18.72500 13.34319 0.12009 -13
-0.80097 -0.06164 57.01975 0 1.85000 23.97500 44.53698 0.12917 13
-0.20981 -0.11607 94.01487 0 3.50000 8.70000 92.03742 0.10356 -13
1.01155 -0.17870 58.03366 0 5.40000 -30.65000 41.12274 0.14438 -13
-0.88434 -0.01359 33.98464 0 0.42500 26.97500 25.45907 0.13444 -13
-0.20666 -0.04902 24.07931 0 1.50000 5.80000 23.58217 0.10295 -13
-0.80804 -0.11712 54.50197 0 3.55000 27.70000 42.50629 0.13001 -13
0.48737 -0.20941 42.47049 0 6.32500 -14.65000 38.33224 0.11400 -13
0.73538 0.11711 52.12250 0 -3.55000 -22.42500 42.09151 0.12556 13
0.32666 -0.24339 28.22330 0 7.32500 -9.55000 26.90095 0.10872 13
-1.36277 0.03942 69.13366 0 -1.20000 42.05000 40.92060 0.17027 13
0.16114 -0.22943 71.81429 0 6.92500 -7.20000 70.94487 0.10458 13
-0.92706 -0.19928 62.19356 0 6.02500 28.17500 46.01711 0.13880 -13
-0.08979 -0.03162 2.04467 0 0.72500 1.75000 2.03648 0.10127 13
2.07677 0.02296 68.53203 0 -0.67500 -63.12500 29.73808 0.23213 -13
1.33979 -0.02041 83.50890 0 0.62500 -41.42500 49.95763 0.16838 -13
0.22053 -0.17290 24.73897 0 5.22500 -8.30000 24.17481 0.10460 -13
0.62934 -0.21140 35.09005 0 6.40000 -19.10000 29.87977 0.12089 -13
1.89750 -0.14821 13.28594 0 4.55000 -55.42500 6.24735 0.21659 -13
-0.63492 0.00609 54.94240 0 -0.17500 19.17500 46.38323 0.11928 -13
0.68305 -0.16501 50.93657 0 5.00000 -20.15000 42.23966 0.12309 -13
-2.05914 0.09973 39.75501 0 -3.02500 61.00000 17.43663 0.23077 13
-0.21556 0.02403 75.63794 0 -0.72500 8.25000 73.94060 0.10304 -13
-0.38377 0.10046 94.79920 0 -3.02500 11.35000 88.56245 0.10834 13
-0.61010 -0.15064 55.06176 0 4.52500 17.70000 47.14656 0.11893 13
-0.30098 0.14593 6.81623 0 -4.32500 10.00000 6.53269 0.10616 -13
-0.30716 -0.25292 6.81623 0 7.70000 10.20000 6.53269 0.10847 -13
-0.99017 0.06401 29.78370 0 -1.95000 30.07500 21.18546 0.14187 13
-0.65920 -0.13968 22.53487 0 4.20000 20.40000 18.86962 0.12141 13
1.71076 0.08744 29.58831 0 -2.67500 -49.50000 14.97370 0.19977 13
1.26226 -0.01418 62.87394 0 0.45000 -37.30000 39.04385 0.16219 -13
1.54613 -0.03847 41.57221 0 1.15000 -44.70000 22.58874 0.18547 13
0.66227 0.02635 21.13426 0 -0.82500 -21.87500 17.62217 0.12082 13
-0.68981 -0.09155 61.55869 0 2.77500 17.60000 50.73988 0.12269 -13
-1.72200 -0.13029 81.94866 0 3.92500 52.27500 41.41260 0.20095 13
1.73324 -0.20206 75.03476 0 6.10000 -55.05000 38.06145 0.20255 -13
0.58177 -0.01789 83.13535 0 0.52500 -16.02500 71.86253 0.11652 13
-0.42266 -0.11842 97.26396 0 3.57500 13.70000 89.68437 0.10998 13
0.98660 -0.14912 46.83932 0 4.47500 -29.80000 33.52395 0.14225 13
1.93727 -0.24024 71.42623 0 7.25000 -57.45000 33.49071 0.22091 -13
-0.29236 0.02539 74.39686 0 -0.77500 9.07500 71.40949 0.10495 13
0.59862 0.12403 38.22868 0 -3.72500 -19.25000 32.86647 0.11802 -13
0.61626 -0.27598 38.22868 0 8.35000 -19.77500 32.86647 0.12153 -13
0.34917 -0.04012 39.28983 0 1.22500 -9.52500 37.09693 0.10675 -13
0.90832 0.00512 44.55162 0 -0.17500 -28.15000 32.97848 0.13605 13
0.36520 -0.12523 49.22927 0 3.80000 -12.87500 46.28406 0.10795 -13
0.59103 0.00310 10.63954 0 -0.15000 -17.12500 9.15949 0.11698 13
-0.66654 0.06135 10.38664 0 -1.80000 19.40000 8.64776 0.12117 -13
1.12859 -0.18766 67.15745 0 5.65000 -34.05000 44.96771 0.15302 13
-0.01367 0.01928 19.48703 0 -0.60000 -1.75000 19.48521 0.10073 13
-0.97931 0.07344 90.74225 0 -2.20000 30.85000 64.91704 0.14114 -13
1.33264 0.13653 10.05985 0 -4.02500 -39.00000 6.07491 0.16803 -13
1.33261 0.13652 10.05985 0 -4.02500 -39.02500 6.07491 0.16826 -13
1.36517 -0.26280 10.05985 0 8.00000 -40.05000 6.07491 0.17255 -13
1.74054 -0.21068 42.68720 0 6.37500 -53.67500 21.61363 0.20328 -13
-0.12345 -0.24288 87.19394 0 7.32500 5.67500 86.57323 0.10437 13
-0.17290 -0.19581 26.96550 0 5.90000 4.32500 26.58552 0.10407 13
1.08358 0.08285 45.52957 0 -2.47500 -31.85000 30.93451 0.14871 -13
-0.29851 0.07386 42.13194 0 -2.22500 6.55000 40.38053 0.10536 -13
0.29814 0.08906 20.19359 0 -2.72500 -8.92500 19.35818 0.10547 13
0.75855 0.14477 49.48850 0 -4.37500 -23.17500 39.57729 0.12724 13
0.77459 -0.25422 49.48850 0 7.65000 -23.65000 39.57729 0.12991 13
-0.44149 0.12797 50.13801 0 -3.85000 14.55000 45.92736 0.11082 -13
-0.45382 -0.27182 50.13801 0 8.20000 14.90000 45.92736 0.11393 -13
0.72702 0.10455 43.62412 0 -3.15000 -19.47500 35.35102 0.12495 -13
-0.28834 0.04219 51.44496 0 -1.27500 10.17500 49.43453 0.10489 -13
-0.49996 -0.07241 69.62357 0 2.20000 13.27500 62.30629 0.11283 -13
-0.99868 -0.21002 69.60062 0 6.35000 29.97500 49.77586 0.14389 -13
-0.05909 0.11148 4.84101 0 -3.27500 1.92500 4.83266 0.10149 -13
-0.06009 -0.07498 49.41574 0 2.25000 1.25000 49.32722 0.10116 13
0.36159 -0.09197 17.46112 0 2.80000 -10.65000 16.42875 0.10750 -13
0.18338 -0.13205 5.38128 0 4.07500 -3.75000 5.29450 0.10330 -13
-1.65338 0.00567 55.11189 0 -0.15000 51.07500 28.52233 0.19458 -13
0.60006 -0.03729 76.00202 0 1.12500 -19.07500 65.18159 0.11750 13
0.53651 0.13450 95.28062 0 -4.05000 -14.60000 84.12711 0.11508 13
0.55008 -0.26497 95.28062 0 8.00000 -15.00000 84.12711 0.11799 13
0.94538 0.06774 41.80502 0 -2.02500 -27.87500 30.41102 0.13875 -13
0.03723 -0.14996 33.58934 0 4.50000 0.10000 33.56661 0.10190 13
0.55208 -0.05966 55.27418 0 1.80000 -14.47500 48.40977 0.11518 13
-0.72549 -0.05586 21.90113 0 1.65000 23.30000 17.73636 0.12454 13
-0.49663 0.14726 99.20775 0 -4.45000 15.40000 89.04067 0.11341 13
-0.50664 -0.25162 99.20775 0 7.57500 15.70000 89.04067 0.11569 13
-0.23712 0.04075 93.97480 0 -1.22500 6.82500 91.44328 0.10358 13
-0.46719 0.05902 23.18385 0 -1.75000 15.00000 21.01114 0.11130 -13
-0.82325 0.06666 70.62805 0 -2.00000 25.75000 54.57659 0.13061 -13
0.23017 -0.16750 60.36165 0 5.05000 -6.82500 58.86390 0.10471 -13
0.48731 -0.20201 78.78263 0 6.07500 -13.85000 71.08929 0.11385 13
-0.85453 0.09904 87.06313 0 -3.00000 24.85000 66.32524 0.13284 13
-2.05274 -0.13527 4.11261 0 4.32500 60.27500 1.81638 0.23042 -13
1.54620 0.14061 10.37935 0 -4.17500 -45.95000 5.67623 0.18591 -13
1.58190 -0.25851 10.37935 0 7.87500 -47.05000 5.67623 0.19033 -13
-0.04183 -0.16732 74.71216 0 5.05000 4.70000 74.64868 0.10219 -13
0.34516 0.10310 30.74116 0 -3.10000 -11.42500 29.07512 0.10703 -13
0.15415 -0.06308 49.29244 0 1.92500 -6.97500 48.71929 0.10209 -13
0.08519 -0.04323 72.91333 0 1.30000 -3.17500 72.65063 0.10116 -13
1.01162 -0.18428 46.70963 0 5.57500 -30.92500 33.11316 0.14446 -13
-0.98109 -0.18370 16.20178 0 5.57500 28.42500 11.65881 0.14232 -13
-0.25572 -0.13032 18.00165 0 3.90000 5.72500 17.44940 0.10476 13
-1.97687 -0.22692 11.11912 0 6.95000 60.75000 5.11986 0.22444 -13
0.82383 0.01559 93.48067 0 -0.47500 -23.15000 72.15376 0.13048 -13
0.48365 0.01100 4.23603 0 -0.45000 -13.22500 3.81363 0.11191 13
-1.31888 -0.00048 55.98630 0 0.02500 38.75000 33.82586 0.16667 -13
-0.86960 0.11924 6.38426 0 -3.50000 28.30000 4.83160 0.13398 -13
-0.01164 0.05608 13.43812 0 -1.72500 0.95000 13.43721 0.10087 13
0.82312 -0.18650 55.29514 0 5.65000 -23.62500 42.98552 0.13178 -13
0.80581 -0.23182 38.22381 0 7.00000 -23.32500 30.06662 0.13144 -13
0.93964 -0.09076 81.44303 0 2.72500 -30.75000 59.46613 0.13848 13
-0.17588 0.13956 41.66833 0 -4.22500 5.90000 41.05018 0.10322 13
-0.17998 -0.25966 41.66833 0 7.82500 6.02500 41.05018 0.10560 13
-1.11002 0.12566 52.92494 0 -3.77500 31.42500 35.57738 0.15097 -13
-1.14203 -0.27426 52.92494 0 8.30000 32.40000 35.57738 0.15536 -13
-0.57909 0.07458 41.32079 0 -2.22500 16.82500 35.78288 0.11661 -13
0.42646 0.14617 59.39980 0 -4.42500 -12.82500 54.72705 0.11047 13
0.43524 -0.25276 59.39980 0 7.62500 -13.10000 54.72705 0.11274 13
0.90968 -0.13252 96.70940 0 4.00000 -26.97500 71.81942 0.13679 -13
-0.90247 -0.03407 52.45779 0 1.02500 26.55000 38.95415 0.13569 13
1.76347 -0.07977 96.01282 0 2.40000 -54.85000 47.47426 0.20430 13
-0.87238 0.06647 52.52938 0 -2.02500 24.87500 39.62153 0.13381 13
-1.75849 0.05086 90.48619 0 -1.52500 52.30000 44.77417 0.20378 -13
1.72010 -0.19832 88.25885 0 6.00000 -51.27500 44.99937 0.20137 -13
-0.73225 -0.20214 12.98043 0 6.05000 26.05000 10.54518 0.12643 13
-0.72401 -0.20734 8.26355 0 6.17500 23.77500 6.74155 0.12601 13
0.52862 -0.02370 28.43060 0 0.72500 -16.42500 25.13638 0.11393 -13
-0.58856 -0.05672 91.02812 0 1.70000 17.55000 78.48137 0.11699 13
0.35079 -0.22056 89.99687 0 6.65000 -10.95000 85.14009 0.10901 -13
-1.05998 -0.09409 63.74133 0 2.85000 32.45000 43.84254 0.14707 -13
0.33635 -0.21712 85.61038 0 6.55000 -11.15000 81.32951 0.10848 -13
-0.23787 -0.17972 10.84591 0 5.37500 5.35000 10.56037 0.10506 13
0.17428 -0.17496 78.70134 0 5.27500 -5.15000 77.56673 0.10373 -13
-0.48835 -0.06593 32.60893 0 2.00000 16.57500 29.31400 0.11227 -13
0.07590 0.00202 26.24027 0 -0.07500 -1.40000 26.16503 0.10100 13
-0.40773 0.12894 83.65371 0 -3.87500 12.97500 77.55273 0.10952 -13
-0.41894 -0.27079 83.65371 0 8.17500 13.32500 77.55273 0.11254 -13
-1.07609 0.09244 51.26177 0 -2.77500 30.70000 34.97484 0.14822 -13
-1.77053 0.00479 7.53521 0 -0.27500 53.60000 3.70606 0.20478 13
-0.74326 -0.00332 83.45512 0 0.10000 22.50000 66.98014 0.12547 13
-0.36842 -0.20477 20.48488 0 6.20000 10.37500 19.26825 0.10931 -13
0.12376 -0.18718 81.66611 0 5.65000 -4.05000 81.06847 0.10320 13
1.99781 -0.03695 16.47163 0 1.05000 -62.10000 7.37711 0.22499 13
-0.17538 -0.22751 75.01455 0 6.87500 5.37500 73.94121 0.10478 -13
-0.38223 -0.03599 20.98720 0 1.05000 11.75000 19.60553 0.10787 13
0.79904 -0.11781 14.89526 0 3.50000 -25.17500 11.66796 0.12943 13
-0.77439 -0.08110 12.96352 0 2.40000 20.65000 10.26212 0.12762 13
0.28016 -0.13965 65.00039 0 4.22500 -7.62500 62.63456 0.10553 -13
1.30927 -0.19667 62.68413 0 5.95000 -38.00000 38.50440 0.16710 -13
0.83599 -0.10124 89.04366 0 3.05000 -25.10000 68.45871 0.13165 13
0.54751 0.09707 21.88197 0 -2.95000 -18.17500 19.21399 0.11523 13
0.26478 -0.03124 70.87776 0 0.92500 -7.92500 68.51878 0.10423 13
-0.37266 -0.02184 71.10662 0 0.65000 8.70000 66.63213 0.10749 13
0.51397 -0.11643 5.45813 0 3.40000 -14.92500 4.86098 0.11382 13
0.51724 0.07662 30.02151 0 -2.32500 -16.22500 26.68248 0.11364 13
0.57191 -0.20905 80.44252 0 6.30000 -14.62500 70.19243 0.11790 13
0.16454 0.00869 43.46953 0 -0.27500 -5.62500 42.89285 0.10206 13
0.19667 -0.03505 49.39136 0 1.07500 -6.15000 48.46410 0.10269 -13
0.35346 0.01825 87.54723 0 -0.55000 -10.97500 82.54424 0.10682 13
0.79925 -0.18701 80.97733 0 5.65000 -23.70000 63.67675 0.13029 -13
-0.03470 0.08677 1.81474 0 -2.35000 -0.12500 1.81367 0.10124 -13
0.48655 -0.15479 78.39974 0 4.67500 -16.05000 70.65636 0.11307 -13
-0.04298 -0.10217 14.98231 0 3.05000 3.30000 14.96862 0.10131 13
1.24903 -0.17988 6.67390 0 5.55000 -36.42500 4.21171 0.16227 -13
-0.01613 0.10107 92.78895 0 -3.05000 0.75000 92.77701 0.10123 13
-0.39432 -0.05916 66.35443 0 1.80000 12.97500 61.74344 0.10841 -13
-0.66544 -0.02597 69.25900 0 0.77500 20.90000 57.66526 0.12099 13
0.05289 -0.04547 81.39724 0 1.37500 -2.05000 81.28385 0.10095 13
-0.09019 -0.20456 88.71173 0 6.17500 2.87500 88.36747 0.10319 13
0.45614 -0.01097 36.80256 0 0.32500 -13.75000 33.48408 0.11069 13
-0.11882 -0.24660 32.93678 0 7.42500 5.20000 32.71972 0.10440 13
-2.19714 0.11348 58.32524 0 -3.45000 63.25000 24.28905 0.24339 13
-0.03679 0.08952 86.51491 0 -2.70000 0.02500 86.45687 0.10118 13
0.07573 -0.15813 74.18604 0 4.77500 -3.45000 73.97936 0.10224 13
-0.48397 0.14410 8.42344 0 -4.27500 16.67500 7.59671 0.11279 -13
-0.49417 -0.25478 8.42344 0 7.75000 17.00000 7.59671 0.11530 -13
1.37139 -0.14126 64.87738 0 4.25000 -39.47500 38.47236 0.17149 13
-0.73725 -0.04764 27.75455 0 1.45000 20.70000 22.34874 0.12520 -13
0.24562 -0.15800 35.91996 0 4.77500 -8.40000 34.90722 0.10492 -13
1.61315 -0.10859 76.74511 0 3.27500 -50.17500 40.60720 0.19145 -13
-1.09834 0.14921 51.21495 0 -4.47500 34.42500 34.68367 0.15034 -13
-1.11969 -0.24964 51.21495 0 7.55000 35.07500 34.68367 0.15328 -13
-2.16355 0.09056 76.31650 0 -2.72500 61.95000 32.12768 0.24018 -13
-0.15253 -0.04190 65.34860 0 1.25000 1.92500 64.60267 0.10195 13
0.12253 -0.21200 26.96723 0 6.42500 -2.07500 26.77561 0.10369 -13
-0.86552 -0.03540 95.99166 0 1.05000 27.80000 72.60061 0.13323 13
-1.48280 -0.07621 13.39883 0 2.22500 45.55000 7.50628 0.18025 13
-0.28806 0.06855 52.91008 0 -2.05000 8.05000 50.85182 0.10502 -13
-0.05565 0.06165 21.44693 0 -1.85000 1.50000 21.41392 0.10104 -13
0.70383 -0.03185 89.56615 0 0.95000 -21.45000 73.25532 0.12319 13
-0.40920 0.02848 70.38043 0 -0.85000 12.07500 65.14175 0.10885 -13
-0.76646 -0.07840 83.03185 0 2.35000 21.17500 65.97562 0.12712 13
-1.16090 0.04812 88.00582 0 -1.45000 35.87500 57.47501 0.15437 13
-0.50158 -0.08865 22.10697 0 2.65000 13.65000 19.77639 0.11300 13
-0.05588 -0.12115 15.42780 0 3.67500 1.85000 15.40413 0.10161 -13
-0.29437 -0.16640 54.39186 0 5.02500 8.65000 52.23439 0.10631 -13
0.15313 -0.24724 85.95065 0 7.47500 -3.35000 85.01642 0.10488 -13
0.20513 -0.17858 18.77408 0 5.35000 -6.62500 18.40243 0.10435 13
0.02861 0.08645 75.33758 0 -2.60000 -0.15000 75.30700 0.10112 -13
-0.45290 0.11598 78.78667 0 -3.50000 12.02500 71.85036 0.11116 -13
1.19747 0.13732 88.11550 0 -4.15000 -36.92500 56.79059 0.15772 13
1.22641 -0.26202 88.11550 0 7.90000 -37.80000 56.79059 0.16151 13
0.13637 -0.13488 34.58472 0 4.07500 -0.62500 34.27339 0.10254 -13
-0.35463 0.09939 81.53325 0 -3.00000 10.97500 76.88604 0.10731 -13
-0.52106 -0.20178 9.44680 0 6.02500 15.00000 8.41280 0.11532 13
0.15506 0.14696 32.83194 0 -4.45000 -4.30000 32.45237 0.10298 13
0.15820 -0.25193 32.83194 0 7.57500 -4.40000 32.45237 0.10505 13
0.39956 0.03744 9.35297 0 -1.07500 -11.70000 8.68616 0.10851 -13
0.29103 -0.21709 38.64175 0 6.52500 -11.75000 37.16790 0.10713 13
-1.68348 -0.13322 43.71944 0 4.00000 50.97500 22.47316 0.19762 13
0.92264 -0.04655 5.69308 0 1.30000 -28.87500 4.18619 0.13710 13
-0.37729 -0.07194 88.89814 0 2.17500 8.90000 83.20179 0.10788 -13
-0.07442 0.13918 96.07802 0 -4.20000 4.75000 95.81805 0.10195 13
-0.07617 -0.26004 96.07802 0 7.85000 4.80000 95.81805 0.10433 13
0.05209 -0.22538 30.62088 0 6.77500 -3.90000 30.58139 0.10335 13
-1.24840 -0.06307 57.48653 0 1.92500 38.55000 35.98276 0.16121 -13
0.59970 0.08301 11.92421 0 -2.55000 -18.12500 10.23544 0.11774 13
-1.56416 0.08466 84.07930 0 -2.55000 48.57500 45.40441 0.18714 -13
-0.29545 -0.03334 45.10831 0 1.00000 7.67500 43.26163 0.10506 13
0.40404 -0.20348 97.21542 0 6.15000 -14.30000 90.38872 0.11053 -13
1.30765 -0.21643 44.89331 0 6.50000 -40.62500 27.66319 0.16718 13
0.18362 -0.04389 1.92185 0 1.57500 -3.27500 1.89032 0.10268 -13
0.42179 -0.09227 57.88348 0 2.80000 -13.47500 53.36768 0.10969 -13
-0.06269 -0.02918 44.04308 0 0.90000 1.22500 43.95684 0.10094 -13
-0.29800 -0.07741 60.02059 0 2.32500 10.12500 57.53470 0.10537 13
1.11052 0.13688 74.43862 0 -4.15000 -33.87500 50.06638 0.15112 13
1.13751 -0.26244 74.43862 0 7.90000 -34.67500 50.06638 0.15478 13
0.77573 -0.04119 53.75142 0 1.25000 -22.05000 42.48466 0.12751 -13
-1.84535 -0.07532 31.15904 0 2.30000 55.65000 14.87812 0.21152 -13
1.13125 0.12540 51.22739 0 -3.80000 -34.60000 34.07639 0.15258 13
1.16399 -0.27459 51.22739 0 8.27500 -35.60000 34.07639 0.15697 13
-1.64705 -0.10579 34.13979 0 3.17500 48.12500 17.79103 0.19430 13
1.49018 0.09762 84.43728 0 -2.92500 -43.00000 47.20421 0.18099 -13
-1.45904 -0.20548 67.32116 0 6.17500 42.27500 38.59499 0.17931 13
-1.59310 -0.18047 56.30980 0 5.45000 51.62500 30.28097 0.19031 -13
0.07430 0.00619 88.26695 0 -0.17500 -4.15000 88.02428 0.10098 -13
-0.63226 0.06545 65.29245 0 -1.97500 19.50000 55.22103 0.11933 13
0.03522 -0.19647 49.45880 0 5.92500 -2.80000 49.42928 0.10268 13
0.77375 0.06695 61.51250 0 -2.02500 -21.32500 48.69050 0.12751 13
0.02885 0.05449 81.77513 0 -1.65000 -1.80000 81.74121 0.10089 -13
-0.82864 0.01721 83.66533 0 -0.52500 25.57500 64.42586 0.13080 13
-0.25703 0.00455 18.51339 0 -0.17500 8.52500 17.93055 0.10398 13
-0.71733 -0.11291 73.41764 0 3.40000 22.05000 59.78495 0.12445 13
1.71610 -0.19204 47.18087 0 5.82500 -49.70000 24.07572 0.20098 -13
-0.05977 -0.16843 38.11639 0 5.10000 2.70000 38.05037 0.10231 -13
1.00618 0.02486 72.75376 0 -0.75000 -30.20000 51.29400 0.14288 -13
-0.61722 -0.23168 48.94398 0 6.97500 18.25000 41.94494 0.12061 13
1.33091 -0.01421 50.73352 0 0.45000 -40.65000 30.47764 0.16765 -13
-0.47151 0.03726 38.24858 0 -1.15000 11.70000 34.60018 0.11140 13
0.63209 -0.21564 43.35590 0 6.52500 -19.35000 36.88334 0.12111 -13
0.78137 -0.06194 36.47619 0 1.87500 -23.82500 28.76374 0.12796 -13
1.55510 -0.12940 81.62302 0 3.90000 -47.20000 44.40678 0.18663 13
-0.06083 -0.21001 25.27968 0 6.30000 2.65000 25.23501 0.10306 13
-1.63947 -0.06164 29.42175 0 1.90000 47.95000 15.34129 0.19351 -13
-0.65403 -0.22308 90.32134 0 6.72500 19.50000 76.13259 0.12240 13
-0.03928 0.12570 28.33344 0 -3.80000 -0.12500 28.31197 0.10158 13
-0.04042 -0.27430 28.33344 0 8.25000 -0.10000 28.31197 0.10449 13
0.50021 -0.10654 29.68211 0 3.22500 -11.17500 26.57600 0.11312 -13
1.35883 -0.13371 89.44156 0 4.05000 -41.92500 53.31856 0.17043 -13
-0.38438 -0.06403 18.62717 0 1.95000 11.12500 17.39146 0.10809 -13
-1.76292 0.03133 36.75655 0 -0.97500 51.17500 18.14223 0.20413 13
1.78464 -0.23934 49.10057 0 7.20000 -52.90000 24.51213 0.20738 13
0.83439 -0.16966 69.32869 0 5.12500 -24.72500 53.54098 0.13226 -13
1.45991 -0.21408 90.31513 0 6.45000 -43.15000 51.81711 0.17948 13
-0.16587 0.10821 91.77940 0 -3.27500 5.72500 90.55622 0.10266 13
0.10104 0.09697 30.11655 0 -2.95000 -2.05000 29.96543 0.10169 13
-0.41616 -0.08751 16.15071 0 2.60000 12.67500 14.91995 0.10942 13
-1.14551 0.08943 1.68283 0 -2.27500 34.75000 1.10910 0.15353 -13
0.25095 0.07099 71.53201 0 -2.12500 -8.97500 69.39142 0.10407 -13
0.27601 -0.11290 23.02354 0 3.42500 -8.35000 22.20342 0.10510 -13
-0.61820 -0.03524 36.41016 0 1.05000 18.55000 30.97501 0.11844 13
0.55785 -0.14392 22.96714 0 4.32500 -15.35000 20.10577 0.11621 13
0.35480 -0.05650 90.21280 0 1.70000 -13.15000 85.03516 0.10700 -13
-0.29571 -0.16890 47.63662 0 5.07500 8.10000 45.73234 0.10638 13
0.75729 -0.11426 27.37268 0 3.42500 -23.25000 21.87270 0.12683 13
-0.34417 -0.15572 95.84658 0 4.70000 11.00000 90.74260 0.10765 13
-0.20243 0.10504 25.06545 0 -3.20000 6.10000 24.57246 0.10330 13
-0.19063 -0.12732 72.56376 0 3.82500 8.12500 71.30010 0.10331 13
0.43421 -0.12516 85.55267 0 3.77500 -12.25000 78.57012 0.11051 13
-1.81003 -0.08026 64.17816 0 2.45000 52.27500 31.11165 0.20841 -13
-0.41904 0.01574 30.41353 0 -0.45000 13.10000 28.05096 0.10920 -13
0.50029 -0.13178 83.86462 0 3.97500 -15.55000 75.13034 0.11338 13
-0.32753 0.11873 83.37269 0 -3.57500 10.37500 79.28446 0.10664 -13
-0.33790 -0.28161 83.37269 0 8.50000 10.67500 79.28446 0.10990 -13
-0.16486 0.01688 79.54394 0 -0.50000 6.10000 78.48483 0.10207 -13
-0.68495 -0.12575 9.68438 0 3.85000 20.82500 8.01021 0.12275 -13
0.03939 -0.12240 29.71321 0 3.70000 0.12500 29.69056 0.10154 -13
-0.79584 0.07240 51.19473 0 -2.20000 26.47500 40.09790 0.12891 13
1.34738 0.06409 77.37188 0 -1.95000 -38.27500 46.17295 0.16910 13
-1.27433 -0.18095 13.44921 0 5.40000 35.67500 8.38578 0.16408 13
-1.30511 -0.16332 36.00816 0 4.90000 36.62500 22.08211 0.16637 13
0.66828 -0.10492 82.14850 0 3.17500 -19.15000 68.41632 0.12158 -13
-0.79107 0.07334 99.46017 0 -2.20000 25.52500 78.08480 0.12861 -13
