0.49607 -0.27250 56.80712 0 8.20000 -14.00000 51.24055 0.11570 13
-0.89408 -0.15388 99.25821 0 4.65000 27.70000 74.37910 0.13597 -13
-0.08705 0.06966 75.95102 0 -2.10000 3.45000 75.66618 0.10133 13
0.23590 -0.08070 60.33948 0 2.42500 -4.77500 58.73778 0.10378 13
1.76648 -0.00384 63.64519 0 0.12500 -53.50000 31.35409 0.20442 -13
0.02975 0.03801 98.27784 0 -1.15000 -3.10000 98.23444 0.10082 -13
0.02978 0.00133 77.83858 0 -0.02500 -2.40000 77.80409 0.10075 -13
0.66147 -0.14296 39.66367 0 4.30000 -19.37500 33.18299 0.12159 13
1.02493 -0.05175 82.81458 0 1.57500 -31.50000 57.87292 0.14430 -13
0.29741 -0.12431 44.01202 0 3.75000 -7.67500 42.21176 0.10580 13
1.74712 -0.03668 97.22468 0 1.10000 -53.85000 48.32090 0.20276 13
0.41116 0.03891 12.86597 0 -1.22500 -14.22500 11.90082 0.10896 13
-0.17287 0.01576 20.89009 0 -0.50000 5.17500 20.58482 0.10221 13
0.64272 0.01162 90.15353 0 -0.35000 -22.20000 75.84143 0.11971 13
-0.35748 -0.06250 1.52340 0 1.55000 10.77500 1.43490 0.10731 13
0.11293 -0.00624 63.82223 0 0.17500 -1.77500 63.41909 0.10134 13
-0.55471 -0.13913 93.13870 0 4.20000 16.12500 81.62957 0.11600 13
1.44527 0.08379 82.52807 0 -2.52500 -44.05000 47.06879 0.17720 -13
0.02491 -0.12042 60.73917 0 3.65000 -1.55000 60.72058 0.10146 -13
-0.22445 -0.22775 98.39939 0 6.87500 7.87500 96.12433 0.10573 -13
-0.45636 0.04136 40.52823 0 -1.22500 10.80000 36.87584 0.11077 -13
0.01662 0.11997 68.27232 0 -3.62500 1.37500 68.26303 0.10144 13
0.01715 -0.28032 68.27232 0 8.45000 1.35000 68.26303 0.10459 13
-0.26392 -0.19205 35.33708 0 5.80000 7.12500 34.20673 0.10594 -13
1.61440 -0.09303 41.77834 0 2.77500 -48.72500 22.06782 0.19146 13
0.73351 -0.18422 35.23543 0 5.57500 -21.50000 28.57610 0.12627 -13
-0.57010 0.04350 38.96741 0 -1.32500 19.97500 33.86052 0.11600 13
-0.43545 -0.07305 61.27413 0 2.22500 14.85000 56.20257 0.11009 -13
1.03444 -0.16494 73.59276 0 4.97500 -32.10000 51.50314 0.14585 -13
0.72243 -0.24502 28.92334 0 7.42500 -22.05000 23.67622 0.12668 -13
0.73512 -0.01133 59.88800 0 0.35000 -21.50000 48.25380 0.12499 -13
-1.97266 0.02742 29.32982 0 -0.87500 60.72500 13.26538 0.22275 13
-0.60563 -0.13319 33.99073 0 4.00000 18.80000 29.14261 0.11848 13
-1.44469 0.03088 20.02915 0 -0.90000 43.25000 11.40332 0.17696 -13
-0.73120 -0.01594 17.29903 0 0.52500 22.12500 13.96478 0.12477 -13
-0.22932 -0.20061 7.33326 0 5.97500 7.40000 7.15480 0.10523 13
0.85234 -0.24671 85.83184 0 7.45000 -26.62500 66.12652 0.13463 -13
0.32245 -0.05871 51.26085 0 1.77500 -8.70000 48.79524 0.10598 -13
-0.21540 0.00876 71.82722 0 -0.27500 8.52500 70.21693 0.10301 13
0.11614 -0.21022 28.31305 0 6.35000 -4.70000 28.13195 0.10358 -13
0.05899 -0.08705 58.30403 0 2.62500 -2.30000 58.20356 0.10126 -13
1.49353 -0.10901 33.70811 0 3.32500 -44.32500 18.83023 0.18135 -13
-0.58413 -0.14003 78.46942 0 4.22500 18.95000 67.92339 0.11748 -13
-1.02003 -0.01584 11.69932 0 0.52500 29.75000 8.19060 0.14387 -13
-0.69074 -0.08056 62.21977 0 2.45000 18.65000 51.24760 0.12266 -13
-0.32426 -0.02582 22.22932 0 0.80000 6.70000 21.14605 0.10590 -13
-0.84232 -0.06613 52.82154 0 1.97500 26.97500 40.43611 0.13183 13
-1.22142 -0.09738 68.87758 0 2.95000 36.65000 43.75615 0.15928 -13
0.88725 -0.15355 62.63628 0 4.65000 -26.97500 47.09290 0.13552 -13
-0.31884 -0.11880 14.21784 0 3.55000 7.77500 13.55462 0.10636 13
1.98491 -0.08660 25.17483 0 2.65000 -58.95000 11.36133 0.22401 -13
-0.79647 0.05278 18.60725 0 -1.55000 23.92500 14.56293 0.12885 -13
-0.65479 0.10964 28.52107 0 -3.27500 18.00000 23.90353 0.12087 -13
-0.11618 0.03077 25.51485 0 -0.90000 3.02500 25.34451 0.10143 -13
1.65349 -0.11863 44.64074 0 3.60000 -48.72500 23.21981 0.19498 -13
0.51988 0.12519 30.05098 0 -3.80000 -17.25000 26.70659 0.11421 13
0.53495 -0.27479 30.05098 0 8.27500 -17.70000 26.70659 0.11750 13
-0.04979 0.07195 38.94182 0 -2.15000 -0.92500 38.89389 0.10108 -13
0.52322 -0.16209 97.37199 0 4.90000 -15.75000 86.51480 0.11482 -13
-0.30721 -0.23277 96.47518 0 7.02500 9.25000 92.42639 0.10792 13
1.92982 -0.23618 78.74490 0 7.10000 -60.55000 37.00781 0.22014 13
-0.15933 -0.17761 73.21327 0 5.37500 4.35000 72.32854 0.10353 -13
0.17025 0.11314 20.06454 0 -3.45000 -7.80000 19.78345 0.10280 13
2.02150 0.08548 2.66077 0 -3.00000 -59.32500 1.18301 0.22779 13
-0.18605 -0.01680 24.56376 0 0.52500 4.52500 24.14947 0.10245 -13
0.55647 -0.08133 90.76661 0 2.45000 -15.45000 79.37513 0.11554 -13
0.04324 -0.05199 20.90733 0 1.60000 -2.87500 20.88786 0.10094 -13
1.14148 -0.12359 36.14842 0 3.75000 -30.85000 23.92219 0.15334 -13
0.60326 -0.01558 6.89589 0 0.55000 -17.77500 5.90515 0.11763 -13
0.10208 -0.23514 13.07871 0 7.12500 -3.57500 13.01464 0.10399 -13
-0.82248 0.05808 35.23650 0 -1.77500 24.15000 27.23230 0.13053 13
-0.85111 -0.02887 69.79662 0 0.87500 25.95000 53.16109 0.13227 -13
-1.13967 0.13233 23.09699 0 -3.95000 35.00000 15.30828 0.15325 -13
-1.16950 -0.26717 23.09699 0 8.10000 35.90000 15.30828 0.15731 -13
-0.15443 -0.01321 56.87619 0 0.40000 4.55000 56.20995 0.10191 13
-2.16289 0.14447 41.63655 0 -4.32500 63.45000 17.62289 0.24035 -13
-2.20895 -0.25452 41.63655 0 7.70000 64.87500 17.62289 0.24556 -13
-0.37398 0.14136 67.74598 0 -4.25000 12.90000 63.53006 0.10845 -13
-0.38240 -0.25773 67.74598 0 7.77500 13.15000 63.53006 0.11090 -13
0.72967 0.10922 47.06369 0 -3.30000 -23.42500 38.09638 0.12515 13
0.79642 -0.06936 79.99312 0 2.07500 -24.50000 62.63192 0.12892 13
-0.59057 -0.07078 53.74825 0 2.12500 15.85000 46.30994 0.11717 13
-0.47185 0.09086 17.87991 0 -2.70000 15.12500 16.18209 0.11172 -13
0.10342 0.13679 34.63203 0 -4.10000 -2.40000 34.45172 0.10217 -13
0.10593 -0.26252 34.63203 0 7.92500 -2.47500 34.45172 0.10467 -13
-0.31682 -0.10416 20.07258 0 3.17500 10.67500 19.14465 0.10616 -13
1.62006 -0.08285 2.34010 0 2.90000 -47.75000 1.23203 0.19235 -13
0.04566 -0.21898 64.50573 0 6.62500 0.35000 64.44166 0.10320 -13
-0.03605 -0.05647 15.08574 0 1.72500 0.90000 15.07597 0.10094 -13
1.62630 0.00880 32.84859 0 -0.30000 -49.50000 17.20662 0.19226 13
2.12607 0.02073 96.07636 0 -0.65000 -61.50000 40.90003 0.23661 13
-1.56568 -0.16636 8.34066 0 5.12500 49.15000 4.53351 0.18794 -13
-1.81651 -0.22248 40.74418 0 6.75000 53.87500 20.01491 0.21005 -13
0.37077 -0.01992 23.39059 0 0.62500 -10.25000 21.93207 0.10742 -13
0.26003 0.11036 24.02839 0 -3.30000 -6.90000 23.26394 0.10463 -13
-0.86911 -0.02761 40.93731 0 0.82500 28.00000 30.90371 0.13345 13
-0.24480 -0.07957 51.91322 0 2.40000 8.70000 50.43334 0.10398 13
-0.52194 -0.24222 71.55679 0 7.32500 16.17500 63.81571 0.11619 -13
-2.04386 -0.13354 90.79607 0 4.02500 60.90000 40.18915 0.22952 13
-1.67703 0.05866 90.03254 0 -1.75000 53.77500 46.16836 0.19671 -13
-0.93710 -0.20716 12.60371 0 6.20000 26.12500 9.28636 0.13953 13
-0.51640 -0.15787 5.63490 0 4.85000 17.67500 5.01949 0.11453 -13
-0.58352 -0.16733 44.49498 0 5.05000 17.85000 38.56481 0.11781 -13
-1.11283 -0.17024 55.06834 0 5.15000 34.55000 37.09841 0.15165 -13
-0.66209 0.13419 7.07768 0 -3.97500 20.45000 5.91751 0.12150 -13
-0.67894 -0.26515 7.07768 0 8.07500 20.97500 5.91751 0.12472 -13
-0.38402 0.08426 36.42796 0 -2.52500 11.95000 34.02222 0.10820 -13
0.30831 0.06785 69.95252 0 -2.05000 -6.95000 66.86086 0.10560 -13
0.50111 -0.03390 70.72359 0 1.02500 -15.67500 63.23617 0.11269 -13
-0.38606 0.11938 66.85883 0 -3.60000 11.70000 62.42893 0.10861 -13
-0.39817 -0.28092 66.85883 0 8.47500 12.05000 62.42893 0.11203 -13
1.82748 -0.11656 38.90534 0 3.50000 -55.32500 18.77361 0.21009 13
-1.57413 -0.23318 9.15352 0 6.92500 49.07500 5.00124 0.18911 13
0.11993 -0.03984 37.85096 0 1.22500 -2.30000 37.58197 0.10151 -13
-1.64749 -0.20625 18.81455 0 6.17500 48.80000 9.91061 0.19514 13
-0.83571 -0.12949 79.18455 0 3.90000 26.50000 60.96703 0.13188 13
-1.98368 -0.04508 40.60538 0 1.32500 61.35000 18.29330 0.22375 13
-0.14993 0.03942 56.32361 0 -1.17500 2.95000 55.70206 0.10191 -13
-0.61939 0.04691 82.08203 0 -1.42500 16.87500 69.80202 0.11855 13
0.04327 0.14459 20.15433 0 -4.32500 1.30000 20.13588 0.10183 -13
0.04421 -0.25439 20.15433 0 7.70000 1.25000 20.13588 0.10403 -13
0.84213 0.09647 13.87027 0 -2.95000 -25.32500 10.63042 0.13203 13
0.26156 -0.14212 76.30503 0 4.27500 -9.20000 73.86846 0.10507 13
0.73574 0.04028 18.54984 0 -1.17500 -22.47500 14.94580 0.12508 -13
1.62410 0.04945 43.06865 0 -1.47500 -47.27500 22.60136 0.19213 -13
-0.89104 -0.03513 9.03866 0 1.12500 24.95000 6.75026 0.13495 -13
-0.70575 0.13072 82.31451 0 -3.92500 21.97500 67.44112 0.12395 -13
-0.72462 -0.26888 82.31451 0 8.12500 22.55000 67.44112 0.12729 -13
0.38098 -0.15499 34.68783 0 4.65000 -8.07500 32.46298 0.10889 13
-0.41209 -0.03437 52.91310 0 1.05000 11.55000 48.92607 0.10898 -13
-0.45195 0.05308 21.17013 0 -1.62500 10.57500 19.29608 0.11064 13
1.40495 -0.10535 91.85952 0 3.17500 -41.85000 53.46234 0.17399 -13
0.09391 0.04557 62.31282 0 -1.37500 -2.22500 62.04040 0.10126 13
-0.78026 -0.09518 53.69740 0 2.85000 23.42500 42.40715 0.12809 13
-0.62181 0.04154 22.17007 0 -1.27500 18.57500 18.83124 0.11867 13
0.41765 0.05741 1.45361 0 -2.07500 -11.55000 1.34173 0.10964 13
0.46417 -0.21671 35.55585 0 6.52500 -14.05000 32.37980 0.11314 13
1.44444 0.02535 93.53797 0 -0.77500 -42.10000 53.25399 0.17694 13
0.39059 -0.13878 60.32823 0 4.17500 -12.75000 56.26415 0.10901 13
-0.28579 -0.17615 6.23320 0 5.22500 8.42500 6.00015 0.10619 13
-1.29240 -0.13975 30.20681 0 4.20000 39.52500 18.59669 0.16515 13
0.81693 0.06942 58.02053 0 -2.07500 -24.85000 44.97617 0.13022 -13
-0.76057 -0.05508 98.27798 0 1.65000 22.72500 78.26697 0.12664 13
1.33217 0.03625 83.54873 0 -1.10000 -42.80000 50.17826 0.16778 13
0.62124 -0.14518 86.51813 0 4.37500 -19.42500 73.70293 0.11945 13
0.74426 -0.01541 90.23976 0 0.47500 -22.20000 72.39365 0.12554 -13
0.30153 -0.24020 36.95126 0 7.22500 -11.67500 35.45879 0.10792 13
0.18004 0.03766 87.53012 0 -1.12500 -6.32500 86.14690 0.10239 -13
0.19693 0.01226 63.01566 0 -0.37500 -8.20000 61.82842 0.10265 13
-0.20596 -0.23061 76.36555 0 6.95000 5.60000 74.87261 0.10541 -13
1.30079 -0.23723 31.45399 0 7.12500 -39.12500 19.50003 0.16691 13
-1.10584 0.07043 11.78167 0 -2.07500 32.77500 7.91224 0.15031 -13
-0.95215 -0.05965 74.51575 0 1.80000 25.05000 54.01157 0.13918 -13
0.35611 0.10238 49.25502 0 -3.07500 -7.90000 46.42780 0.10739 -13
0.28582 -0.04535 35.08418 0 1.37500 -10.17500 33.73613 0.10484 -13
0.65396 0.02436 14.79314 0 -0.70000 -18.82500 12.38195 0.12035 -13
-0.45799 -0.07777 72.36319 0 2.35000 12.85000 65.82561 0.11104 -13
-0.16779 0.11225 19.56357 0 -3.35000 5.22500 19.29723 0.10273 -13
2.05419 -0.06539 96.84702 0 1.97500 -62.17500 42.46397 0.23016 -13
0.97016 0.08134 88.40251 0 -2.45000 -28.40000 63.55086 0.14055 13
-0.49390 -0.24298 66.02986 0 7.32500 14.55000 59.52941 0.11494 13
-1.60970 0.03118 37.64952 0 -0.97500 47.52500 19.87411 0.19087 13
-1.12502 -0.10146 31.02991 0 3.07500 33.37500 20.67458 0.15193 -13
-0.50793 -0.19971 86.11688 0 6.02500 17.52500 77.08398 0.11472 13
-0.12383 0.00821 22.49158 0 -0.27500 5.25000 22.32116 0.10148 13
-1.13443 0.02751 28.05810 0 -0.85000 34.40000 18.55734 0.15232 13
-0.69017 -0.24002 1.54989 0 6.85000 22.77500 1.28690 0.12466 13
-0.40687 0.02521 63.52019 0 -0.75000 11.40000 58.83934 0.10875 -13
0.64680 -0.05064 2.22593 0 1.80000 -19.92500 1.86948 0.12025 -13
0.71540 0.03212 82.50768 0 -0.95000 -20.97500 67.11540 0.12386 -13
0.70192 -0.13715 56.44656 0 4.15000 -21.67500 46.34240 0.12381 -13
1.91210 -0.12765 50.87930 0 3.82500 -55.62500 23.72788 0.21767 13
0.82555 0.02858 33.46821 0 -0.87500 -23.40000 25.81379 0.13062 13
-0.04494 0.11197 62.45009 0 -3.37500 0.70000 62.38792 0.10144 13
0.22958 -0.21526 43.18654 0 6.50000 -3.75000 42.13819 0.10558 -13
-0.02995 -0.01417 14.61598 0 0.45000 1.20000 14.60942 0.10076 -13
0.48706 -0.03133 17.19602 0 0.92500 -13.52500 15.46123 0.11206 13
0.47489 -0.06079 63.21865 0 1.85000 -16.45000 57.12560 0.11165 -13
-0.32371 -0.01577 75.24263 0 0.47500 10.55000 71.58612 0.10586 13
1.08165 -0.12106 23.82274 0 3.62500 -30.60000 16.23544 0.14883 13
-0.08593 -0.11802 24.32572 0 3.57500 5.00000 24.23760 0.10177 -13
-0.84304 0.05655 22.27318 0 -1.67500 27.27500 17.04052 0.13183 -13
0.59989 -0.17948 37.36931 0 5.40000 -17.20000 32.17898 0.11880 13
-0.97974 -0.24399 44.49415 0 7.35000 29.07500 32.22844 0.14309 13
-0.42204 0.10871 13.82883 0 -3.32500 11.45000 12.75179 0.10987 13
1.18131 -0.02600 1.16799 0 1.42500 -33.50000 0.75499 0.15661 -13
-0.89673 -0.17886 19.96744 0 5.42500 26.57500 14.96957 0.13649 -13
-1.08658 0.07161 36.69004 0 -2.15000 31.37500 24.87989 0.14888 -13
-1.13023 0.14637 30.30014 0 -4.40000 33.95000 20.19724 0.15267 -13
-1.15340 -0.25248 30.30014 0 7.65000 34.67500 20.19724 0.15585 -13
0.18659 -0.09825 95.42113 0 2.97500 -6.17500 93.81650 0.10292 -13
-0.61460 -0.15750 68.16730 0 4.75000 16.82500 58.26908 0.11926 13
1.20697 -0.04470 56.93541 0 1.35000 -35.87500 36.34567 0.15791 -13
-0.25114 -0.07837 82.19017 0 2.35000 5.82500 79.72926 0.10413 13
-1.85369 -0.14745 3.32919 0 4.75000 56.52500 1.59349 0.21310 -13
0.17889 -0.10408 79.66431 0 3.12500 -4.52500 78.43254 0.10283 13
0.21904 -0.00864 20.35032 0 0.27500 -7.67500 19.87900 0.10310 -13
1.46450 -0.22948 35.78093 0 6.90000 -42.27500 20.53068 0.18003 13
0.83848 -0.23620 59.84127 0 7.12500 -23.77500 46.36376 0.13354 13
-1.08165 -0.16760 85.03384 0 5.07500 34.75000 58.15519 0.14931 -13
0.21107 -0.04731 8.67233 0 1.37500 -9.37500 8.48574 0.10303 13
0.65541 -0.22656 75.06235 0 6.85000 -20.80000 63.24586 0.12255 -13
-1.78969 -0.02641 20.78811 0 0.75000 52.87500 10.14221 0.20647 13
-1.51128 0.01220 39.64499 0 -0.35000 47.05000 21.87857 0.18249 -13
-0.38781 0.00637 38.59071 0 -0.17500 11.82500 35.97993 0.10801 -13
-0.91504 0.00550 1.35840 0 0.32500 28.97500 1.00207 0.13694 -13
0.97412 -0.01986 39.44959 0 0.62500 -27.17500 28.26125 0.14060 -13
-1.13819 -0.02777 11.19767 0 0.77500 35.12500 7.39255 0.15259 13
0.27426 -0.16376 14.18472 0 4.97500 -7.72500 13.69208 0.10574 -13
-0.46362 -0.10552 52.52068 0 3.17500 17.37500 47.69537 0.11150 13
0.64323 0.05646 58.84219 0 -1.72500 -20.35000 49.51163 0.11987 13
1.82021 -0.23825 37.68659 0 7.15000 -54.10000 18.53199 0.21047 13
-0.29851 0.06212 20.24063 0 -1.85000 7.72500 19.39807 0.10527 -13
-0.59679 -0.23086 36.08427 0 6.95000 17.50000 31.19384 0.11954 13
1.68887 0.14585 85.52002 0 -4.40000 -55.02500 43.91182 0.19821 13
1.72393 -0.25313 85.52002 0 7.62500 -56.07500 43.91182 0.20229 13
-1.17759 -0.07422 16.21949 0 2.20000 36.20000 10.51515 0.15575 13
0.31761 0.11477 21.06441 0 -3.42500 -9.27500 20.08810 0.10628 -13
0.26936 -0.10814 3.50698 0 3.40000 -9.00000 3.38763 0.10496 -13
-0.17536 0.05739 20.97491 0 -1.70000 3.55000 20.66067 0.10240 -13
-0.07921 -0.09109 65.78405 0 2.75000 2.80000 65.58033 0.10144 -13
-2.00210 0.03189 99.87248 0 -0.95000 60.72500 44.64525 0.22539 -13
0.99558 0.00355 46.66257 0 -0.12500 -31.07500 33.06825 0.14210 13
1.08396 -0.03311 86.06203 0 1.00000 -29.92500 58.37609 0.14854 13
-0.47910 0.01130 68.82798 0 -0.35000 16.35000 62.07240 0.11167 13
0.04300 -0.22707 92.25356 0 6.85000 -1.62500 92.17253 0.10335 13
-0.17987 -0.08512 37.34716 0 2.55000 4.37500 36.76135 0.10267 13
0.69817 0.08371 98.31573 0 -2.52500 -22.85000 80.70525 0.12311 13
1.18327 -0.05347 4.24401 0 1.42500 -35.90000 2.74191 0.15609 13
-2.01400 0.05363 72.11325 0 -1.60000 62.65000 32.10748 0.22649 -13
0.02239 -0.23119 99.67622 0 6.97500 -0.12500 99.65251 0.10339 -13
-0.53922 0.10139 40.75049 0 -3.07500 14.90000 35.90947 0.11487 13
1.53409 0.00585 96.16517 0 -0.17500 -45.15000 52.51434 0.18442 13
0.82515 -0.04242 15.80636 0 1.32500 -26.00000 12.19619 0.13064 -13
-0.57207 -0.04911 95.05578 0 1.50000 20.35000 82.53292 0.11612 -13
-0.19192 -0.06979 71.64805 0 2.10000 6.67500 70.37009 0.10278 13
-0.29959 -0.08214 88.70201 0 2.47500 11.05000 84.99412 0.10545 -13
-0.17920 -0.14664 31.94401 0 4.40000 10.50000 31.45339 0.10336 13
0.31160 -0.16607 56.42679 0 5.00000 -10.65000 53.93591 0.10679 13
0.30690 0.10406 14.09314 0 -3.17500 -7.85000 13.47921 0.10587 13
0.88107 -0.06271 66.40659 0 1.90000 -28.67500 49.86828 0.13436 -13
-0.87427 -0.18658 61.35169 0 5.65000 25.62500 46.53003 0.13508 -13
-1.87266 0.06507 8.79983 0 -2.07500 55.77500 4.15157 0.21397 13
2.06564 -0.19274 25.94717 0 5.85000 -64.82500 11.47339 0.23200 -13
-2.11361 0.06395 69.48712 0 -1.95000 64.35000 29.76713 0.23557 13
-1.22820 0.04783 79.56655 0 -1.42500 35.12500 50.27144 0.15957 -13
-1.09508 -0.05222 55.67837 0 1.55000 31.50000 37.57294 0.14943 13
0.65529 -0.20162 49.84667 0 6.07500 -18.75000 41.93925 0.12209 13
0.75762 -0.15666 7.97782 0 4.65000 -26.37500 6.38647 0.12729 13
-0.93533 -0.04166 96.71205 0 1.25000 27.52500 70.66003 0.13795 13
-1.14656 -0.04651 30.45912 0 1.37500 33.00000 20.03307 0.15328 13
0.14822 -0.01693 7.12001 0 0.57500 -6.45000 7.04302 0.10183 -13
0.32691 -0.18505 59.38558 0 5.57500 -9.05000 56.53648 0.10757 13
-1.11032 0.09036 34.41273 0 -2.75000 34.00000 23.08214 0.15076 13
0.97898 0.01374 79.87885 0 -0.42500 -30.55000 57.08221 0.14093 13
-1.13373 -0.01443 3.44264 0 0.22500 33.37500 2.27785 0.15228 13
0.98166 -0.19051 64.12692 0 5.72500 -29.80000 46.16076 0.14241 13
1.40331 0.05905 93.98075 0 -1.77500 -39.20000 54.60205 0.17363 -13
-0.52624 0.04754 85.99657 0 -1.42500 20.07500 76.12061 0.11390 -13
-2.08163 -0.02544 82.79830 0 0.75000 64.55000 35.86286 0.23257 13
0.49118 0.14109 50.15587 0 -4.25000 -17.00000 45.10389 0.11309 -13
0.50229 -0.25802 50.15587 0 7.80000 -17.32500 45.10389 0.11566 -13
0.57466 -0.19066 58.30326 0 5.75000 -19.00000 50.77232 0.11773 -13
0.29770 -0.08519 78.33633 0 2.57500 -9.67500 75.10187 0.10542 13
0.30938 0.12318 21.16661 0 -3.75000 -8.35000 20.23427 0.10616 13
0.31863 -0.27694 21.16661 0 8.32500 -8.62500 20.23427 0.10929 13
1.07384 -0.24046 91.57105 0 7.25000 -30.00000 63.33923 0.14973 13
-0.22111 -0.20313 39.85402 0 6.12500 5.22500 38.95011 0.10513 13
1.34818 -0.21529 93.21711 0 6.50000 -40.65000 56.34457 0.17043 -13
0.43419 -0.13103 33.69974 0 3.92500 -11.82500 30.95304 0.11057 13
-1.34832 0.08888 41.96719 0 -2.70000 44.67500 25.06314 0.16930 13
0.08182 -0.08146 58.66356 0 2.47500 -4.32500 58.46946 0.10138 -13
1.77810 0.14003 9.64549 0 -4.32500 -52.77500 4.76316 0.20604 13
1.81912 -0.25922 9.64549 0 7.70000 -53.92500 4.76316 0.21050 13
-1.31538 0.04475 64.67265 0 -1.32500 39.55000 39.16512 0.16646 -13
0.66072 -0.10450 38.08217 0 3.17500 -20.12500 31.82570 0.12116 -13
-0.63994 -0.09672 53.18740 0 2.92500 19.00000 44.86005 0.11996 -13
-1.42977 -0.00614 9.72528 0 0.27500 42.00000 5.57413 0.17572 -13
0.61937 -0.02221 86.43475 0 0.65000 -17.52500 73.48706 0.11848 13
0.16347 -0.19381 87.59610 0 5.85000 -5.42500 86.48938 0.10389 13
-0.19676 -0.05861 39.21151 0 1.75000 4.87500 38.47628 0.10280 13
-0.73820 0.00391 57.41786 0 -0.10000 19.25000 46.19462 0.12517 -13
-1.03897 -0.05045 70.17322 0 1.52500 31.05000 48.69493 0.14530 -13
-1.36616 0.03003 63.70333 0 -0.90000 38.40000 37.63749 0.17051 -13
0.82602 0.13278 5.72902 0 -4.12500 -28.52500 4.43239 0.13139 13
0.84763 -0.26712 5.72902 0 7.92500 -29.12500 4.43239 0.13461 13
-0.17784 -0.11861 47.94742 0 3.57500 5.90000 47.21682 0.10297 13
0.17298 0.08834 83.16789 0 -2.67500 -2.07500 81.96009 0.10259 13
-0.67096 -0.14878 96.58424 0 4.47500 18.32500 80.47447 0.12219 13
-0.44006 -0.04284 36.02450 0 1.27500 9.62500 32.97777 0.11011 13
-1.21299 0.03807 21.41925 0 -1.12500 36.12500 13.63095 0.15834 -13
-0.27203 0.09657 3.03574 0 -2.75000 7.90000 2.93038 0.10482 -13
0.87002 0.10547 3.70702 0 -3.35000 -26.85000 2.80356 0.13403 13
-0.62384 -0.06629 99.67307 0 2.00000 18.12500 84.61851 0.11888 -13
1.09978 -0.13042 99.10491 0 3.92500 -35.75000 66.98027 0.15026 13
0.35311 -0.02198 45.84272 0 0.65000 -8.72500 43.22812 0.10682 13
0.54412 -0.23194 49.61891 0 7.00000 -17.27500 43.84079 0.11701 -13
0.72824 -0.06557 65.22457 0 1.97500 -22.35000 52.76450 0.12475 13
1.17159 -0.16355 28.91193 0 4.95000 -36.15000 18.91358 0.15601 -13
-0.27870 0.09223 59.15014 0 -2.77500 8.30000 56.99607 0.10495 -13
0.47549 -0.17703 84.06447 0 5.35000 -14.17500 76.13253 0.11293 -13
0.47296 -0.16604 30.44534 0 5.00000 -15.67500 27.58996 0.11264 13
-0.54995 -0.20172 96.33772 0 6.10000 17.67500 84.79920 0.11671 -13
-0.71467 0.06304 23.11095 0 -1.92500 21.85000 18.81499 0.12395 13
-1.01663 -0.10433 23.79147 0 3.12500 28.97500 16.72945 0.14398 13
-0.25673 -0.20709 50.25264 0 6.22500 7.80000 48.73621 0.10603 13
-1.15592 -0.19833 59.77359 0 6.00000 31.70000 39.53786 0.15522 -13
-0.62812 -0.21542 97.63840 0 6.50000 20.27500 83.20406 0.12089 -13
-0.28606 -0.02230 76.82874 0 0.67500 8.35000 73.86742 0.10476 -13
1.33574 -0.04513 45.02308 0 1.35000 -42.85000 26.99983 0.16809 13
0.81488 -0.17927 52.55796 0 5.40000 -23.32500 40.99872 0.13114 13
-0.22870 0.00645 55.98575 0 -0.17500 9.47500 54.57674 0.10331 -13
0.69473 -0.23854 86.04129 0 7.20000 -22.50000 71.28919 0.12496 -13
0.07737 -0.19126 61.67590 0 5.75000 -1.92500 61.49858 0.10282 13
-0.31443 -0.08181 48.63002 0 2.47500 8.85000 46.40451 0.10588 -13
1.47014 1.94806 48.63002 0 2.82500 11.25000 46.40451 0.17420 -13
-0.39604 -0.07860 10.18596 0 2.42500 14.67500 9.47397 0.10862 -13
0.86511 -0.18574 38.15183 0 5.57500 -26.60000 29.06106 0.13444 13
-2.05425 -0.13269 54.84167 0 3.97500 61.87500 24.17397 0.23044 13
0.89389 0.04083 68.38283 0 -1.25000 -25.67500 51.00199 0.13514 13
0.50042 -0.05231 47.12093 0 1.57500 -14.67500 42.15066 0.11273 13
-0.01309 -0.11701 77.04019 0 3.52500 -2.02500 77.03369 0.10140 -13
0.35817 -0.20699 75.57827 0 6.22500 -11.05000 71.31872 0.10898 13
0.45717 0.13799 60.18096 0 -4.17500 -12.65000 54.82100 0.11160 13
0.46809 -0.26130 60.18096 0 7.87500 -12.97500 54.82100 0.11425 13
1.00561 0.09976 81.39316 0 -3.02500 -30.35000 57.53473 0.14317 13
0.95990 0.06003 48.54029 0 -1.82500 -28.65000 35.04837 0.13973 13
-0.65486 0.08749 77.89091 0 -2.65000 21.27500 65.23617 0.12070 13
1.61028 0.05102 63.50897 0 -1.52500 -50.20000 33.53590 0.19095 -13
0.90017 -1.12092 63.50897 0 -1.47500 -50.15000 33.53590 0.19078 -13
-2.73633 2.04584 63.50897 0 -0.80000 -50.72500 33.53590 0.19434 -13
0.48787 -0.60714 63.50897 0 -0.67500 -50.75000 33.53590 0.19721 -13
-0.95082 -0.00685 58.17326 0 0.20000 30.70000 42.15897 0.13896 13
-1.81421 -0.08579 20.80582 0 2.62500 54.35000 10.07198 0.20882 -13
0.21381 -0.10774 38.29305 0 3.27500 -4.57500 37.45601 0.10355 -13
-1.32492 -0.20878 10.42011 0 6.22500 38.82500 6.36234 0.16840 13
-0.39239 0.12267 9.71607 0 -3.65000 10.67500 9.05350 0.10886 -13
-0.40414 -0.27719 9.71607 0 8.42500 11.05000 9.05350 0.11222 -13
-0.06937 0.03187 12.46926 0 -1.00000 4.50000 12.43940 0.10100 13
-0.56679 0.03784 46.30582 0 -1.12500 18.05000 40.29197 0.11582 -13
0.49960 -0.10529 10.60592 0 3.12500 -13.62500 9.49842 0.11305 13
-1.91099 -0.20242 30.66028 0 6.15000 57.95000 14.43967 0.21822 -13
-0.19907 0.06308 27.19923 0 -1.87500 6.95000 26.67796 0.10287 -13
0.59028 -0.14642 31.94018 0 4.40000 -15.40000 27.58093 0.11785 13
0.56661 0.04994 63.24945 0 -1.52500 -16.87500 55.04632 0.11586 13
-0.31545 -0.07209 70.45099 0 2.17500 10.22500 67.20322 0.10585 -13
0.64636 0.08057 56.11469 0 -2.45000 -22.35000 47.17241 0.12018 13
-0.71058 0.14498 99.43915 0 -4.37500 21.45000 81.34056 0.12440 13
-0.72557 -0.25399 99.43915 0 7.65000 21.90000 81.34056 0.12702 13
1.51213 -0.07364 56.56089 0 2.20000 -46.02500 31.25725 0.18272 13
-0.49088 -0.06877 40.37588 0 2.10000 19.15000 36.26128 0.11240 -13
0.99209 -0.09597 87.52065 0 2.90000 -29.82500 62.27214 0.14218 13
-0.29794 0.01645 53.79503 0 -0.50000 8.12500 51.55605 0.10510 13
-0.22180 -0.03381 45.13847 0 1.02500 7.27500 44.06872 0.10321 -13
0.90008 -0.03024 41.23611 0 0.92500 -25.47500 30.65571 0.13552 -13
-0.42464 0.01517 97.75175 0 -0.47500 10.70000 89.97712 0.10942 13
-0.34381 0.06700 11.06176 0 -2.07500 9.80000 10.46316 0.10672 13
1.14846 -0.04578 84.16978 0 1.40000 -35.75000 55.30546 0.15343 -13
-0.55627 -0.17478 39.93752 0 5.25000 16.75000 35.02415 0.11657 13
0.22580 -0.15360 20.83178 0 4.60000 -10.02500 20.33174 0.10438 13
0.58851 -0.24357 70.54142 0 7.35000 -18.95000 61.23752 0.11940 -13
-1.02006 -0.13502 66.57972 0 4.05000 32.57500 46.82391 0.14449 13
0.94541 0.07551 43.38661 0 -2.25000 -27.70000 31.56972 0.13879 -13
-0.33161 0.11546 64.00088 0 -3.50000 10.50000 60.78771 0.10673 13
-0.59342 -0.16834 6.64855 0 5.00000 16.37500 5.73793 0.11829 13
0.34724 -0.10664 22.15325 0 3.25000 -9.72500 20.93986 0.10715 -13
-0.78401 0.08280 79.70357 0 -2.50000 22.60000 62.80606 0.12824 13
-0.42505 -0.10916 78.95111 0 3.30000 15.82500 72.72548 0.10998 -13
-1.63556 -0.12860 35.96719 0 3.90000 49.20000 18.87320 0.19352 -13
-0.50919 -0.14297 35.96719 0 3.02500 52.25000 18.87320 0.21103 -13
0.24050 -0.19778 35.96719 0 4.27500 52.90000 18.87320 0.21904 -13
-0.21204 -0.08308 12.15846 0 2.55000 6.67500 11.89566 0.10330 -13
-0.25915 -0.05664 52.17268 0 1.72500 7.60000 50.50943 0.10419 -13
0.43744 0.03081 18.76181 0 -0.95000 -14.05000 17.19031 0.10997 13
0.30860 0.04965 89.59162 0 -1.50000 -7.80000 85.61700 0.10551 13
-0.07795 -0.19430 86.92648 0 5.85000 0.30000 86.67310 0.10288 13
1.46184 0.13790 17.86490 0 -4.10000 -41.90000 10.15076 0.17887 -13
1.49665 -0.26132 17.86490 0 7.95000 -43.00000 10.15076 0.18327 -13
-0.52466 -0.15344 10.33358 0 4.57500 16.65000 9.17352 0.11474 13
-0.01378 0.06039 45.32495 0 -1.82500 -0.60000 45.32066 0.10090 13
2.03750 -0.02571 20.41289 0 0.72500 -63.92500 8.99643 0.22856 13
0.60389 -0.19067 7.11809 0 5.67500 -19.15000 6.12210 0.11915 13
-0.28546 -0.22339 64.44374 0 6.75000 8.65000 62.07946 0.10712 -13
0.40966 -0.14544 82.20702 0 4.37500 -11.95000 76.18462 0.10980 13
1.77290 -0.09410 23.53770 0 2.87500 -51.17500 11.60258 0.20522 -13
1.21292 0.08380 35.18643 0 -2.50000 -35.62500 22.43044 0.15852 -13
1.42840 -0.16093 51.19710 0 4.82500 -42.67500 29.61377 0.17631 13
-2.08638 0.14699 82.29940 0 -4.42500 61.25000 35.88084 0.23345 -13
-2.12871 -0.25188 82.29940 0 7.60000 62.52500 35.88084 0.23822 -13
0.63517 -0.15247 29.01527 0 4.57500 -18.37500 24.57312 0.12027 13
1.09409 -0.01548 14.05046 0 0.52500 -32.77500 9.47998 0.14928 -13
1.32014 0.00685 81.87356 0 -0.22500 -40.75000 49.43734 0.16678 13
0.19279 -0.22218 7.58469 0 6.62500 -6.10000 7.45383 0.10493 13
0.92666 -0.05949 78.61902 0 1.77500 -30.10000 57.71331 0.13741 13
-0.06838 1.32012 78.61902 0 3.40000 -30.50000 57.71331 0.14399 13
0.70279 -0.88497 78.61902 0 1.90000 -31.50000 57.71331 0.16374 13
-0.63257 0.90162 78.61902 0 3.45000 -32.67500 57.71331 0.17170 13
-1.57376 -1.24908 78.61902 0 3.70000 -32.55000 57.71331 0.17277 13
3.72938 4.37953 78.61902 0 4.57500 -31.87500 57.71331 0.17720 13
5.03468 8.61598 78.61902 0 4.75000 -31.77500 57.71331 0.17784 13
0.06147 0.02919 78.61902 0 3.57500 -31.57500 57.71331 0.18799 13
-0.34658 -0.47655 78.61902 0 4.75000 -31.67500 57.71331 0.19773 13
2.03313 -0.24712 83.07076 0 7.47500 -62.10000 37.54386 0.22954 -13
0.11545 0.08305 94.00226 0 -2.50000 -3.12500 93.38625 0.10171 -13
-0.20953 -0.09578 49.41170 0 2.87500 8.30000 48.37075 0.10334 13
-0.05829 -0.06194 2.58991 0 2.05000 1.32500 2.58558 0.10119 -13
-0.73645 -0.08542 15.36562 0 2.52500 24.35000 12.38850 0.12535 13
-0.36276 -0.20136 46.47544 0 6.07500 10.10000 43.78895 0.10902 13
-0.66061 0.02049 16.04781 0 -0.65000 23.07500 13.39041 0.12072 13
-2.01570 -0.04626 61.82433 0 1.42500 59.15000 27.49955 0.22665 -13
-0.03517 0.00713 10.10592 0 -0.17500 1.15000 10.09967 0.10077 -13
-0.53630 -0.05093 65.23173 0 1.52500 15.55000 57.50293 0.11438 13
-1.77078 0.13754 44.14805 0 -4.17500 54.22500 21.86336 0.20528 13
-1.81334 -0.26179 44.14805 0 7.87500 55.50000 21.86336 0.21016 13
-0.28840 -0.07422 72.33996 0 2.22500 7.52500 69.52167 0.10507 13
0.98625 -0.11169 83.10452 0 3.35000 -30.05000 59.34912 0.14188 13
0.75168 -0.02481 65.90912 0 0.75000 -21.90000 52.69087 0.12600 13
0.92670 -0.11553 93.97259 0 3.47500 -28.52500 69.13751 0.13778 13
-0.79651 0.08519 48.83241 0 -2.57500 24.35000 38.25018 0.12903 13
-0.55257 0.02493 40.75827 0 -0.77500 15.77500 35.67679 0.11508 13
0.28973 -0.19968 9.87697 0 5.97500 -8.70000 9.50070 0.10673 13
1.35016 0.05532 57.81211 0 -1.67500 -40.45000 34.44186 0.16930 13
2.04636 0.11264 32.52034 0 -3.35000 -63.97500 14.35112 0.22961 -13
0.27135 -0.12256 24.67141 0 3.67500 -9.62500 23.82245 0.10506 13
0.49806 -0.00895 69.30464 0 0.27500 -15.60000 62.03649 0.11250 -13
0.94560 -0.09201 76.46160 0 2.77500 -29.40000 55.66718 0.13890 13
-1.07620 -0.23936 33.39435 0 7.20000 32.42500 23.06956 0.14986 13
-1.14010 -0.21000 32.04034 0 6.35000 34.22500 21.38373 0.15420 -13
0.00744 -0.10755 76.50500 0 3.25000 0.30000 76.50290 0.10129 -13
-0.73423 -0.21316 97.33147 0 6.42500 22.42500 79.05939 0.12677 -13
-0.28117 -0.06685 41.44709 0 2.02500 9.47500 39.90637 0.10483 -13
0.48495 0.07775 78.80336 0 -2.35000 -14.95000 70.94607 0.11220 13
2.00443 -0.04429 32.86318 0 1.30000 -59.47500 14.68239 0.22561 13
1.26110 0.01652 18.15938 0 -0.45000 -36.87500 11.28375 0.16209 -13
0.75018 -0.03576 25.31024 0 1.10000 -23.57500 20.25103 0.12594 -13
0.33284 0.09561 8.08856 0 -2.95000 -9.32500 7.67805 0.10660 13
-0.33720 -0.16724 79.42072 0 5.05000 9.75000 75.36185 0.10759 13
1.48940 0.09487 44.14500 0 -2.85000 -48.80000 24.68272 0.18090 -13
-0.95439 0.01853 67.88074 0 -0.55000 29.10000 49.11011 0.13922 -13
0.91834 0.04704 69.08660 0 -1.42500 -26.67500 50.91057 0.13681 13
-0.34750 -0.02251 83.34345 0 0.67500 12.10000 78.72771 0.10663 13
-0.48024 -0.15347 25.00300 0 4.60000 15.32500 22.58708 0.11277 13
-0.18397 -0.10149 17.01743 0 3.02500 6.25000 16.73938 0.10289 13
-1.51661 -0.12128 81.32615 0 3.65000 43.90000 44.99552 0.18334 13
0.61052 -0.20338 7.30821 0 6.22500 -17.50000 6.27181 0.11982 -13
0.42166 -0.03865 63.86629 0 1.17500 -12.62500 58.85517 0.10936 -13
0.04857 -0.08102 42.43680 0 2.42500 -0.25000 42.38718 0.10116 13
-0.85240 -0.12030 20.52908 0 3.65000 23.32500 15.67043 0.13289 -13
1.86826 -0.06968 24.08683 0 2.15000 -56.85000 11.38813 0.21353 -13
1.16849 -0.07937 28.64275 0 2.42500 -35.65000 18.65744 0.15510 -13
0.29514 -0.21241 86.79659 0 6.40000 -7.72500 83.39096 0.10715 13
0.22343 -0.05359 88.40877 0 1.62500 -3.95000 86.28743 0.10333 -13
1.97656 0.03624 51.98233 0 -1.07500 -58.82500 23.47915 0.22310 -13
0.94202 -0.13072 86.47979 0 3.92500 -27.85000 63.19822 0.13897 13
-0.29252 0.03449 81.42230 0 -1.05000 6.20000 78.15112 0.10498 13
0.99752 0.06662 76.03081 0 -2.02500 -30.25000 53.88778 0.14240 13
0.78133 -0.05561 81.20033 0 1.67500 -23.35000 64.02256 0.12793 -13
-2.27856 -0.24405 79.25709 0 7.37500 64.80000 32.62910 0.25183 -13
0.19443 0.02806 44.35262 0 -0.85000 -7.50000 43.53802 0.10263 13
0.21549 0.00696 28.09090 0 -0.22500 -7.80000 27.46054 0.10302 13
0.05142 -0.02320 13.80511 0 0.72500 -2.07500 13.78693 0.10087 -13
-0.76252 0.10270 26.35836 0 -3.07500 21.50000 21.00053 0.12705 -13
-1.85215 -0.07579 82.87225 0 2.30000 54.97500 39.45943 0.21211 -13
-0.41683 -0.20607 97.77145 0 6.22500 10.32500 90.51844 0.11106 -13
1.73496 -0.14751 60.74769 0 4.47500 -52.87500 30.58062 0.20222 -13
0.52312 0.13141 21.78367 0 -3.95000 -17.80000 19.33699 0.11441 -13
0.53702 -0.26816 21.78367 0 8.12500 -18.22500 19.33699 0.11748 -13
1.21176 0.10314 89.92030 0 -3.10000 -36.85000 57.41400 0.15855 -13
-1.36951 0.02664 66.22590 0 -0.80000 41.25000 39.06352 0.17079 -13
0.86597 -0.21319 69.59337 0 6.42500 -28.20000 53.10596 0.13493 13
-2.14829 -0.16124 37.56975 0 4.90000 64.42500 16.02230 0.23923 -13
1.91964 -0.18337 22.34607 0 5.57500 -59.65000 10.45913 0.21881 -13
-0.03460 -0.21233 55.92027 0 6.40000 0.75000 55.88829 0.10300 13
0.71045 -0.00907 83.11934 0 0.27500 -19.40000 67.76045 0.12353 13
-1.07921 -0.00164 42.51631 0 0.02500 32.07500 28.89753 0.14816 13
1.65553 0.06994 63.44070 0 -2.12500 -49.65000 32.85913 0.19491 13
-1.15837 0.12213 6.94065 0 -3.80000 35.47500 4.55445 0.15469 13
-1.19363 -0.27844 6.94065 0 8.27500 36.50000 4.55445 0.15916 13
-1.29931 0.14934 11.68229 0 -4.42500 40.82500 7.17468 0.16575 -13
-1.32458 -0.24948 11.68229 0 7.60000 41.60000 7.17468 0.16910 -13
0.37378 0.12655 57.16325 0 -3.82500 -13.42500 53.59673 0.10827 13
0.38442 -0.27336 57.16325 0 8.22500 -13.75000 53.59673 0.11134 13
0.28420 0.05349 94.64016 0 -1.60000 -6.60000 91.04503 0.10483 -13
-0.63928 -0.18468 95.96459 0 5.57500 18.90000 81.24414 0.12096 -13
1.47238 -0.21821 94.91210 0 6.60000 -45.40000 54.17466 0.18059 -13
-1.33606 -0.16177 10.63677 0 4.95000 42.65000 6.42650 0.16892 -13
-0.84888 -0.16960 55.03211 0 5.12500 24.67500 42.20250 0.13320 -13
-1.63310 0.09068 14.44050 0 -2.80000 49.00000 7.56316 0.19311 13
0.13658 -0.11934 82.29002 0 3.60000 -4.45000 81.54366 0.10234 13
-0.30159 0.04900 16.90840 0 -1.45000 10.50000 16.18990 0.10530 -13
-0.25341 0.07917 25.08315 0 -2.40000 6.67500 24.31931 0.10420 13
1.22053 -0.15182 69.81111 0 4.60000 -36.15000 44.54461 0.15964 -13
-1.17216 -0.17900 76.41453 0 5.40000 32.85000 50.04655 0.15620 13
-1.32619 0.04949 90.91585 0 -1.47500 37.15000 54.77959 0.16734 -13
-0.37126 -0.24555 6.74549 0 7.32500 8.70000 6.34545 0.11018 13
-0.91837 0.01714 46.66546 0 -0.50000 28.42500 34.37250 0.13674 -13
-0.27728 0.01208 64.52200 0 -0.35000 9.60000 62.17637 0.10451 -13
1.95668 -0.04635 75.52473 0 1.37500 -58.82500 34.39931 0.22134 13
-0.27923 0.08430 80.98937 0 -2.55000 8.85000 78.02547 0.10490 13
0.67336 -0.21556 76.37044 0 6.50000 -19.97500 63.79054 0.12332 13
