0.19441 -0.24215 35.56875 0 7.32500 -6.10000 34.95024 0.10546 -13
-0.50096 0.12178 5.28935 0 -3.57500 14.65000 4.73617 0.11328 -13
-0.51609 -0.27811 5.28935 0 8.50000 15.10000 4.73617 0.11671 -13
1.68709 -0.14201 42.15431 0 4.30000 -52.00000 21.65317 0.19804 -13
-0.20109 -0.01988 42.90586 0 0.60000 6.77500 42.06410 0.10274 -13
-0.83476 -0.13093 72.43089 0 3.95000 25.35000 55.79680 0.13184 -13
-0.21156 -0.24403 48.09963 0 7.35000 8.85000 47.11481 0.10582 13
1.61365 0.11229 48.06252 0 -3.37500 -51.50000 25.43287 0.19148 -13
-1.20745 0.05766 99.07385 0 -1.75000 37.12500 63.25609 0.15799 13
-0.82801 0.03723 38.51369 0 -1.10000 23.52500 29.67306 0.13080 -13
-0.39190 -0.08761 25.87766 0 2.62500 11.62500 24.10588 0.10851 13
-0.84245 -0.10860 26.52280 0 3.30000 27.20000 20.33361 0.13214 -13
0.32011 -0.09489 48.24088 0 2.85000 -8.37500 45.96343 0.10616 13
0.67634 -0.19734 10.84158 0 5.90000 -21.50000 9.03380 0.12314 13
0.90875 -0.11811 8.15557 0 3.65000 -25.67500 6.05410 0.13666 -13
1.51945 -0.15818 60.68324 0 4.77500 -48.50000 33.64829 0.18388 -13
1.44817 -0.07368 86.35495 0 2.22500 -44.72500 49.15792 0.17739 -13
0.31682 -0.11715 35.73431 0 3.55000 -10.02500 34.08663 0.10630 -13
0.57003 -0.00736 25.36133 0 0.25000 -18.50000 22.03328 0.11592 -13
0.58422 0.04741 24.27138 0 -1.45000 -17.40000 20.96298 0.11673 13
-0.21242 0.02408 47.86954 0 -0.72500 7.35000 46.82525 0.10298 -13
-0.51021 0.10658 4.03153 0 -3.07500 16.97500 3.59529 0.11355 -13
-0.97579 -0.08597 23.41810 0 2.57500 33.47500 16.79118 0.14096 13
-0.63969 -0.05649 92.03803 0 1.70000 19.67500 77.56779 0.11968 13
1.86865 -0.08732 55.13924 0 2.62500 -54.07500 26.09340 0.21360 13
1.14392 -0.20910 54.79033 0 6.32500 -34.95000 36.49654 0.15447 -13
0.59663 -0.05130 11.19228 0 1.60000 -16.90000 9.61456 0.11740 -13
-0.56289 -0.24854 61.11953 0 7.50000 18.60000 53.63804 0.11825 -13
1.30888 -0.18612 56.22196 0 5.62500 -40.77500 34.49874 0.16695 -13
-1.13053 0.01515 16.28498 0 -0.40000 32.32500 10.78998 0.15201 -13
-0.27931 -0.09611 56.37326 0 2.90000 10.77500 54.31304 0.10501 -13
-0.60356 -0.24143 85.90466 0 7.30000 19.25000 74.09384 0.12012 -13
0.13336 0.05796 81.07009 0 -1.75000 -2.35000 80.36097 0.10176 13
-1.63804 0.00178 62.08165 0 -0.07500 49.57500 32.34833 0.19327 13
-1.05515 0.03412 25.33682 0 -1.00000 33.77500 17.43434 0.14644 -13
-0.17073 -0.19822 65.80673 0 5.97500 7.67500 64.90303 0.10409 13
-1.22048 -0.12822 32.87378 0 3.85000 37.00000 20.93618 0.15940 13
0.46680 -0.11972 82.22625 0 3.60000 -14.45000 74.60218 0.11178 13
0.55040 -0.04437 36.12919 0 1.35000 -18.92500 31.65896 0.11503 -13
0.10359 0.11551 46.60604 0 -3.50000 -4.27500 46.36123 0.10192 13
-1.15145 -0.18841 39.50011 0 5.67500 34.15000 26.15721 0.15473 13
0.18520 -0.24152 13.21675 0 7.32500 -4.27500 13.00769 0.10530 -13
0.89031 -0.10836 52.24956 0 3.27500 -27.27500 39.12465 0.13528 -13
1.54207 -0.14031 12.14889 0 4.30000 -46.25000 6.65539 0.18569 -13
0.57090 -0.09139 54.15380 0 2.75000 -15.12500 47.07727 0.11632 13
0.39306 0.12933 29.42714 0 -3.92500 -10.97500 27.41748 0.10899 13
0.40384 -0.27041 29.42714 0 8.15000 -11.30000 27.41748 0.11195 13
-0.51430 -0.00015 71.09833 0 0.02500 16.10000 63.22628 0.11324 -13
1.89403 -0.05117 14.55050 0 1.62500 -57.12500 6.79963 0.21581 -13
0.49684 -0.19148 56.56963 0 5.77500 -16.12500 50.84003 0.11409 -13
0.11895 -0.10494 27.03635 0 3.15000 -3.80000 26.84917 0.10196 13
1.50735 0.06469 27.03009 0 -1.92500 -43.80000 14.96429 0.18227 -13
0.21651 -0.20969 17.04295 0 6.35000 -6.55000 16.67269 0.10521 -13
-1.73231 -0.12801 92.47926 0 3.85000 54.65000 46.51610 0.20183 13
0.57080 0.11967 71.20293 0 -3.60000 -15.95000 61.94578 0.11658 -13
0.58865 -0.28062 71.20293 0 8.47500 -16.47500 61.94578 0.12023 -13
0.22933 -0.19726 4.98581 0 5.85000 -4.12500 4.86425 0.10516 13
1.12109 0.02606 53.69213 0 -0.80000 -34.45000 35.74680 0.15131 13
-17.30868 1.26294 53.69213 0 -0.85000 -34.50000 35.74680 0.15149 13
-1.14511 0.53348 53.69213 0 -2.27500 -36.97500 35.74680 0.16762 13
0.30816 -0.70871 53.69213 0 -1.00000 -34.45000 35.74680 0.18209 13
0.24730 -0.94690 53.69213 0 -1.42500 -35.92500 35.74680 0.19214 13
-0.63270 -0.14163 32.21496 0 4.25000 19.57500 27.30029 0.12001 13
1.85843 -0.17775 9.90085 0 5.25000 -55.52500 4.74869 0.21314 13
-0.39283 0.06746 60.86545 0 -2.02500 12.77500 56.66823 0.10841 -13
-1.53439 -0.05330 45.70540 0 1.60000 44.00000 24.97984 0.18451 13
2.09504 -0.19189 77.32052 0 5.77500 -64.07500 33.79920 0.23456 13
2.14486 0.05527 51.96028 0 -1.70000 -64.67500 21.98334 0.23839 13
0.70148 -0.01341 95.66980 0 0.40000 -23.25000 78.32385 0.12302 13
-0.35456 -0.04194 43.60595 0 1.27500 10.85000 41.10316 0.10693 -13
-0.21163 -0.07143 25.60894 0 2.12500 4.20000 25.05685 0.10318 13
-1.31634 -0.20397 69.03208 0 6.17500 41.50000 42.29431 0.16776 -13
0.13569 0.13419 53.35354 0 -4.05000 -4.57500 52.87746 0.10252 -13
0.13913 -0.26527 53.35354 0 8.00000 -4.70000 52.87746 0.10513 -13
-0.67886 -0.00127 34.53434 0 0.02500 16.80000 28.57260 0.12172 13
-0.32636 -0.15512 18.47135 0 4.70000 10.72500 17.57981 0.10708 -13
-0.63435 -0.24788 53.67413 0 7.50000 16.87500 45.70522 0.12185 -13
0.04155 0.00711 51.16663 0 -0.22500 0.87500 51.12253 0.10079 13
1.71382 0.09049 58.27744 0 -2.72500 -51.37500 29.46003 0.20001 -13
-1.26960 0.03889 8.58980 0 -1.07500 35.60000 5.31738 0.16279 -13
-1.17900 0.07394 45.32554 0 -2.25000 34.35000 29.36496 0.15587 13
2.04136 0.01481 78.59244 0 -0.42500 -59.45000 34.57755 0.22892 -13
0.06413 0.14755 29.96186 0 -4.42500 -0.20000 29.90179 0.10199 -13
0.06542 -0.25128 29.96186 0 7.60000 -0.25000 29.90179 0.10405 -13
-0.93789 -0.08554 48.52074 0 2.57500 26.47500 35.45145 0.13833 13
-0.55456 -0.16259 12.32331 0 4.95000 16.90000 10.80979 0.11634 -13
-0.54592 0.02693 53.67214 0 -0.82500 18.47500 47.11313 0.11477 13
0.61070 -0.20635 42.05152 0 6.25000 -15.85000 36.08892 0.11982 -13
-0.07800 -0.18856 27.11196 0 5.67500 0.05000 27.03264 0.10277 13
-1.78557 0.10550 33.38904 0 -3.15000 53.45000 16.38460 0.20634 -13
1.20662 -0.18779 70.42170 0 5.67500 -34.87500 45.39714 0.15895 -13
0.30493 0.03894 35.97546 0 -1.15000 -8.95000 34.41334 0.10535 -13
-0.95496 -0.13468 4.43082 0 4.22500 28.90000 3.21786 0.14005 -13
0.31977 -0.04427 87.64829 0 1.35000 -8.92500 83.49148 0.10582 -13
0.62322 -0.05360 59.51425 0 1.62500 -18.17500 50.52871 0.11878 -13
0.03035 0.02900 51.98828 0 -0.87500 1.25000 51.96438 0.10079 -13
-0.63008 -0.18698 62.70554 0 5.62500 18.37500 53.30894 0.12050 13
-1.27393 -0.08780 1.14417 0 1.95000 39.20000 0.70822 0.16374 13
-0.35872 -0.18663 99.48003 0 5.62500 11.07500 93.81825 0.10862 13
1.83286 0.11174 69.42036 0 -3.35000 -55.47500 33.40812 0.21055 -13
0.27719 0.06163 19.79684 0 -1.87500 -8.82500 19.07999 0.10469 13
0.05609 -0.01122 93.82054 0 0.32500 -3.92500 93.67334 0.10087 13
-0.25078 -0.05713 49.41300 0 1.72500 9.55000 47.93329 0.10398 -13
-0.99851 -0.16370 41.80076 0 4.92500 29.42500 29.77407 0.14325 13
-1.08344 -0.04158 55.94026 0 1.25000 33.85000 37.95847 0.14854 13
-0.77108 0.06484 73.23519 0 -1.97500 25.27500 58.04090 0.12733 13
-0.85241 -0.15860 79.27861 0 4.80000 26.15000 60.64784 0.13329 -13
-0.20605 -0.05727 92.45930 0 1.72500 4.30000 90.56298 0.10298 -13
0.40058 -0.21262 9.27942 0 6.35000 -9.80000 8.63973 0.11055 13
-0.41676 -0.22331 53.29790 0 6.72500 13.32500 49.37020 0.11138 13
0.02847 -0.02160 67.12277 0 0.65000 -1.37500 67.09558 0.10077 13
0.17185 0.11356 97.90113 0 -3.42500 -4.02500 96.50434 0.10281 -13
-0.07323 -0.15758 19.11538 0 4.72500 -1.45000 19.06561 0.10220 13
0.36745 -0.19257 76.46845 0 5.80000 -13.60000 71.92967 0.10902 13
0.32642 -0.06404 22.75417 0 1.90000 -9.62500 21.63514 0.10612 13
0.07428 -0.15670 32.77652 0 4.75000 -3.20000 32.68861 0.10221 -13
0.23559 -0.11585 89.69636 0 3.50000 -6.67500 87.33660 0.10412 -13
0.64960 -0.22385 47.24878 0 6.77500 -23.75000 39.90621 0.12219 -13
0.18138 -0.21356 45.10959 0 6.42500 -5.65000 44.41591 0.10458 13
-1.36633 0.06518 91.75701 0 -1.95000 40.42500 54.26658 0.17063 -13
1.90767 -0.06411 37.07463 0 1.95000 -58.20000 17.24006 0.21702 -13
0.07825 0.00992 63.39826 0 -0.30000 -2.65000 63.20507 0.10102 13
-0.23675 -0.14735 82.39408 0 4.45000 5.72500 80.22298 0.10455 -13
-1.05980 0.08097 78.03191 0 -2.45000 33.65000 53.64470 0.14697 13
-0.12997 0.02132 30.25864 0 -0.62500 1.12500 30.00639 0.10157 -13
1.56066 -0.13501 18.28271 0 4.02500 -45.85000 9.92661 0.18712 13
-0.73883 -0.05901 47.77280 0 1.80000 22.15000 38.44654 0.12535 -13
0.95338 -0.01843 10.68565 0 0.62500 -28.00000 7.73472 0.13916 -13
0.80263 -0.08757 65.35559 0 2.65000 -22.15000 51.04418 0.12943 -13
-0.12133 -0.19527 43.86462 0 5.87500 4.97500 43.55689 0.10332 13
1.60334 -0.23029 65.04966 0 6.95000 -45.80000 35.06667 0.19172 -13
-0.48540 -0.23185 63.50140 0 7.00000 18.65000 57.40671 0.11435 -13
-0.02851 0.00708 29.21060 0 -0.20000 1.55000 29.19874 0.10075 -13
-1.13242 -0.11842 39.79667 0 3.60000 36.25000 26.44517 0.15261 -13
-1.41927 -0.23275 61.94396 0 7.00000 42.42500 36.30668 0.17639 13
1.15076 -0.17514 63.27827 0 5.27500 -34.45000 41.86268 0.15453 13
-0.09214 -0.01024 31.75790 0 0.30000 1.85000 31.62397 0.10113 13
-0.43409 -0.07116 68.19124 0 2.15000 13.77500 62.57731 0.11001 13
-0.72175 0.10596 27.14888 0 -3.22500 23.05000 22.05572 0.12467 13
-0.86618 0.01368 35.33976 0 -0.40000 23.97500 26.71354 0.13323 -13
0.51106 0.01198 73.77747 0 -0.35000 -16.25000 65.69635 0.11310 -13
-0.57550 -0.20540 28.52219 0 6.17500 19.42500 24.84611 0.11800 13
0.68547 0.04521 23.07441 0 -1.35000 -19.60000 19.03832 0.12218 -13
-1.40668 -0.03137 20.56956 0 0.90000 41.12500 11.92204 0.17383 13
-0.90543 -0.09391 29.15563 0 2.82500 27.42500 21.65554 0.13617 13
-0.22040 -0.15833 65.81167 0 4.77500 6.87500 64.30557 0.10435 -13
-1.84930 0.00806 40.15250 0 -0.22500 56.57500 19.09888 0.21172 -13
-0.82060 0.09427 17.55127 0 -2.80000 23.35000 13.59175 0.13060 -13
-0.55790 -0.00460 77.16398 0 0.15000 17.87500 67.38640 0.11532 -13
-0.35128 -0.10811 68.43857 0 3.27500 10.20000 64.61134 0.10729 -13
0.66120 -0.18429 80.43019 0 5.55000 -20.50000 67.42861 0.12214 13
1.76801 0.02925 72.11378 0 -0.87500 -53.92500 35.51720 0.20455 -13
-1.24307 -0.09376 54.82637 0 2.82500 35.90000 34.45723 0.16093 13
-0.52174 -0.04366 68.85524 0 1.30000 13.52500 61.05854 0.11367 13
-1.91204 -0.03202 62.69589 0 0.95000 56.87500 29.06931 0.21730 13
0.41712 0.09702 76.54854 0 -2.92500 -12.15000 70.69776 0.10955 -13
-0.47681 0.02493 84.90802 0 -0.75000 15.67500 76.64612 0.11159 -13
-0.83771 -0.21281 8.59035 0 6.32500 27.95000 6.64474 0.13304 13
0.98326 -0.15054 79.34116 0 4.52500 -31.52500 56.88538 0.14203 13
0.16410 0.12563 32.36212 0 -3.77500 -3.30000 31.94148 0.10282 -13
0.16884 -0.27425 32.36212 0 8.30000 -3.45000 31.94148 0.10581 -13
1.98734 0.11254 21.89660 0 -3.35000 -60.07500 9.89096 0.22431 -13
-0.48815 0.01896 73.78022 0 -0.57500 14.80000 66.30463 0.11208 13
0.62510 -0.08160 67.42821 0 2.47500 -17.67500 57.22988 0.11905 -13
0.50544 0.04092 56.62528 0 -1.25000 -13.97500 50.54539 0.11292 13
0.40017 -0.11709 75.51652 0 3.52500 -9.40000 70.17691 0.10911 13
0.68299 -0.10007 92.73686 0 3.02500 -21.62500 76.70087 0.12236 13
1.38701 -0.02541 21.97126 0 0.80000 -42.57500 12.85187 0.17222 -13
1.19465 -0.11636 33.03118 0 3.52500 -33.10000 21.28564 0.15734 -13
-1.18982 -0.00788 87.35862 0 0.25000 36.87500 56.20753 0.15652 -13
0.55837 0.02506 52.66483 0 -0.77500 -16.95000 45.98582 0.11537 13
-0.28489 -0.01009 87.27690 0 0.30000 6.77500 83.93746 0.10472 13
-0.44347 -0.02907 28.57646 0 0.90000 11.82500 26.12469 0.11020 -13
-0.02575 -0.15255 6.19997 0 4.52500 2.37500 6.19795 0.10187 13
0.50292 0.02412 6.81754 0 -0.65000 -15.77500 6.09109 0.11275 -13
-0.71893 -0.19037 74.43957 0 5.75000 22.05000 60.80413 0.12551 -13
-1.06596 -0.11864 73.03061 0 3.60000 29.25000 50.15155 0.14768 -13
-0.28309 -0.13243 39.86187 0 3.97500 10.15000 38.37920 0.10550 13
1.40297 0.09338 29.70922 0 -2.77500 -44.67500 17.29392 0.17374 -13
-1.00264 -0.16477 90.01589 0 4.97500 29.47500 63.99277 0.14357 -13
-1.46879 -0.05279 43.64634 0 1.60000 43.50000 24.58678 0.17902 -13
-1.29795 0.01335 90.88741 0 -0.40000 38.70000 55.47336 0.16501 13
1.14802 0.03950 41.06193 0 -1.20000 -36.02500 26.98252 0.15337 13
0.32785 0.05712 18.91878 0 -1.75000 -11.52500 17.98007 0.10615 13
-0.11717 -0.03573 1.47310 0 0.75000 4.32500 1.46307 0.10169 13
-0.56269 -0.13618 88.34829 0 4.10000 18.30000 77.16486 0.11636 13
0.96507 0.10170 86.66203 0 -3.07500 -28.17500 62.51291 0.14033 13
0.15072 -0.21975 66.53087 0 6.62500 -3.40000 65.82151 0.10422 -13
-0.14070 -0.03249 92.94071 0 0.97500 7.30000 92.03510 0.10175 -13
-0.16617 -0.22290 56.99187 0 6.72500 5.32500 56.25672 0.10453 -13
-1.09082 -0.16950 85.30564 0 5.10000 30.85000 58.08847 0.14999 13
1.25755 -0.22764 61.61195 0 6.85000 -34.15000 38.93891 0.16340 13
-0.41965 -0.19429 91.97920 0 5.87500 11.60000 85.04542 0.11095 -13
-0.49832 -0.24758 63.57382 0 7.47500 14.80000 57.23044 0.11525 -13
1.03706 0.08848 35.56895 0 -2.70000 -31.42500 24.73914 0.14536 13
0.25049 -0.03537 61.78349 0 1.05000 -9.17500 59.93411 0.10387 13
-1.49446 -0.12497 12.70969 0 3.85000 45.17500 7.10553 0.18158 -13
-0.37393 0.11378 5.76779 0 -3.52500 9.17500 5.40609 0.10819 13
-1.64588 -0.23301 26.21719 0 7.07500 52.25000 13.87703 0.19541 -13
-0.74019 0.08099 44.17667 0 -2.45000 24.70000 35.54948 0.12556 13
-0.22590 -0.12860 16.06369 0 3.90000 5.67500 15.67487 0.10407 -13
-0.44854 -0.15302 73.76581 0 4.62500 12.00000 67.43447 0.11145 -13
0.15666 0.01432 97.75681 0 -0.42500 -4.65000 96.57896 0.10194 13
0.08118 0.13149 15.39394 0 -3.92500 -3.42500 15.34436 0.10189 -13
0.08334 -0.26805 15.39394 0 8.12500 -3.50000 15.34436 0.10463 -13
0.45517 0.05571 26.62164 0 -1.65000 -15.30000 24.23610 0.11078 -13
1.21247 -0.21169 2.98247 0 6.12500 -37.20000 1.92316 0.15946 13
-0.92498 -0.06672 52.07346 0 2.00000 27.25000 38.26592 0.13735 13
0.36731 -0.21676 85.53047 0 6.55000 -10.30000 80.50121 0.10948 -13
-0.37216 -0.00028 67.79959 0 -0.00000 9.30000 63.54190 0.10745 13
-1.96399 -0.03933 18.23063 0 1.25000 56.82500 8.27757 0.22199 -13
-1.76077 0.08027 76.09632 0 -2.42500 54.25000 37.67058 0.20409 13
0.80648 -0.13763 24.75538 0 4.12500 -24.10000 19.34061 0.13010 13
1.61399 -0.10272 41.89235 0 3.12500 -45.67500 22.14804 0.19150 -13
0.08195 0.09651 64.99379 0 -2.90000 -1.20000 64.77861 0.10151 -13
-0.54444 -0.18246 4.56046 0 5.62500 12.35000 4.02033 0.11624 -13
1.77866 -0.07684 34.35567 0 2.30000 -55.35000 16.87437 0.20562 13
0.51246 -0.04292 34.88326 0 1.30000 -17.87500 31.05028 0.11324 -13
0.73067 0.09596 78.94243 0 -2.90000 -23.17500 63.84163 0.12509 -13
0.56068 0.13973 81.69047 0 -4.20000 -17.37500 71.41873 0.11630 -13
0.57363 -0.25943 81.69047 0 7.82500 -17.77500 71.41873 0.11900 -13
-0.32669 -0.07185 87.55771 0 2.15000 7.70000 83.24955 0.10619 13
0.10675 0.03577 91.21346 0 -1.07500 -2.85000 90.69877 0.10134 -13
0.14035 0.11121 80.67754 0 -3.35000 -2.25000 79.90393 0.10230 -13
0.15610 0.14886 71.89935 0 -4.47500 -2.97500 71.05734 0.10302 -13
0.15916 -0.24994 71.89935 0 7.55000 -3.07500 71.05734 0.10504 -13
-1.69396 -0.20415 90.50155 0 6.15000 50.85000 46.70574 0.19914 13
-0.05722 0.02966 22.53907 0 -0.87500 -0.25000 22.50229 0.10091 -13
0.73582 0.03027 29.83798 0 -0.92500 -23.82500 24.03768 0.12506 13
-0.76717 0.04274 51.21395 0 -1.30000 23.60000 40.64729 0.12700 13
-0.47517 -0.22556 63.22096 0 6.80000 16.07500 57.35857 0.11378 13
-0.47542 -0.10021 41.72108 0 3.02500 16.27500 37.71410 0.11196 -13
0.65778 -0.12038 39.36728 0 3.65000 -20.10000 32.96125 0.12114 -13
-1.00166 -0.12466 33.33819 0 3.77500 31.20000 23.64530 0.14309 -13
0.27896 -0.22021 5.55856 0 6.55000 -9.72500 5.36303 0.10682 13
-1.79082 -0.04097 56.17208 0 1.25000 51.70000 27.40355 0.20661 -13
-0.36943 0.08364 21.82033 0 -2.50000 9.97500 20.47683 0.10768 -13
-0.54485 -0.04381 12.30362 0 1.37500 14.87500 10.80650 0.11478 -13
-0.08797 0.08024 22.02301 0 -2.45000 6.22500 21.93879 0.10142 13
-0.86243 0.08441 86.05863 0 -2.55000 25.25000 65.26901 0.13325 13
1.10292 -0.02227 48.16247 0 0.65000 -34.45000 32.35480 0.14994 13
-1.22803 -0.14342 5.31623 0 4.47500 38.40000 3.37797 0.16026 -13
1.34109 -0.09617 28.96773 0 2.92500 -39.65000 17.36719 0.16875 -13
0.52152 0.11509 89.80980 0 -3.47500 -12.85000 79.74147 0.11416 -13
-0.10294 0.11018 85.54897 0 -3.32500 3.20000 85.10462 0.10185 13
0.68008 -0.13554 21.86720 0 4.12500 -21.62500 18.13331 0.12257 -13
-0.15689 -0.18052 93.20880 0 5.45000 1.22500 92.11733 0.10354 13
0.46446 0.03899 27.21840 0 -1.20000 -14.17500 24.68918 0.11111 13
-0.99862 0.11401 50.44568 0 -3.42500 33.00000 35.81004 0.14278 -13
-0.67862 0.00306 86.09267 0 -0.07500 19.60000 71.23786 0.12170 -13
-0.52090 -0.19722 21.91081 0 5.92500 16.77500 19.51082 0.11525 13
0.19575 0.07253 5.64229 0 -2.27500 -6.50000 5.53768 0.10292 13
-0.42327 -0.01041 42.25119 0 0.30000 12.35000 38.90970 0.10936 13
0.16170 -0.03296 58.35952 0 0.97500 -4.82500 57.61195 0.10207 13
-1.59236 -0.08904 28.49580 0 2.72500 44.90000 15.19764 0.18959 -13
0.04230 0.07805 17.52003 0 -2.32500 -2.65000 17.50450 0.10109 -13
-0.27499 0.04864 58.65585 0 -1.45000 8.50000 56.56107 0.10456 -13
0.00040 -0.00132 57.55756 0 0.05000 -0.77500 57.55755 0.10070 -13
0.87860 -0.09947 84.56292 0 3.00000 -24.77500 63.66292 0.13443 -13
-0.69132 -0.01686 53.51400 0 0.52500 21.80000 44.02120 0.12244 -13
-0.10663 -0.07729 22.86414 0 2.30000 2.92500 22.73601 0.10157 13
-0.25001 -0.24132 82.87838 0 7.27500 7.32500 80.53421 0.10660 13
-1.57431 -0.19504 10.50736 0 5.97500 49.60000 5.70955 0.18894 -13
-0.01573 -0.10393 71.94917 0 3.12500 0.22500 71.94037 0.10126 13
-1.53162 0.02769 57.94933 0 -0.85000 46.40000 31.68940 0.18422 13
0.47814 -0.20045 90.56135 0 6.05000 -16.42500 81.99777 0.11343 13
-0.22295 0.01223 49.08311 0 -0.35000 7.67500 47.90714 0.10318 -13
-0.73993 0.13211 59.86895 0 -3.97500 22.30000 48.27346 0.12597 -13
-0.75937 -0.26745 59.86895 0 8.07500 22.90000 48.27346 0.12929 -13
0.32942 -0.02027 63.63763 0 0.62500 -10.75000 60.44367 0.10605 -13
-0.43441 0.04761 40.34699 0 -1.45000 11.15000 37.01334 0.10990 13
-1.00777 -0.09401 83.84692 0 2.85000 32.97500 59.19119 0.14329 -13
0.91710 -0.11228 70.92069 0 3.37500 -28.22500 52.41761 0.13710 13
0.71757 -0.06855 44.61856 0 2.07500 -17.42500 36.28022 0.12414 -13
1.43629 -0.00586 57.14449 0 0.20000 -45.37500 32.65231 0.17624 -13
0.14425 -0.24073 4.60128 0 7.37500 -5.65000 4.55669 0.10471 -13
0.31423 0.03559 16.45026 0 -1.10000 -10.60000 15.69470 0.10562 13
0.63587 -0.12925 21.24053 0 3.87500 -17.70000 17.96646 0.12003 13
0.70682 0.03352 87.80730 0 -1.00000 -20.67500 71.71758 0.12337 -13
0.12143 -0.24672 88.37897 0 7.45000 -4.82500 87.77105 0.10444 -13
1.03435 0.12051 67.13848 0 -3.65000 -32.17500 46.83981 0.14539 13
1.06638 -0.27978 67.13848 0 8.42500 -33.12500 46.83981 0.14987 13
-0.66950 0.05095 94.68184 0 -1.52500 19.60000 78.70785 0.12129 -13
1.07473 -0.19642 43.41654 0 5.95000 -32.37500 29.87474 0.14916 -13
-0.27698 -0.20340 9.44246 0 6.07500 8.75000 9.11276 0.10645 13
-0.55629 -0.11607 91.45977 0 3.50000 17.30000 80.05082 0.11583 13
1.13684 -0.23813 43.79910 0 7.20000 -33.47500 29.37571 0.15437 -13
-0.50724 0.14604 15.19300 0 -4.45000 12.97500 13.57856 0.11389 13
-0.51779 -0.25293 15.19300 0 7.60000 13.27500 13.57856 0.11618 13
0.61884 -0.22667 60.96336 0 6.85000 -18.85000 52.19454 0.12062 -13
1.23157 -0.13251 36.69133 0 4.02500 -36.20000 23.24996 0.16033 -13
-1.16245 -0.20418 53.66152 0 6.15000 32.50000 35.40450 0.15577 13
-1.75453 0.12901 18.39888 0 -3.85000 54.87500 9.16762 0.20374 -13
-1.80250 -0.27064 18.39888 0 8.22500 56.37500 9.16762 0.20948 -13
-0.95236 0.05496 94.17355 0 -1.65000 28.07500 68.24386 0.13917 -13
0.57820 0.14438 5.86799 0 -4.25000 -19.47500 5.09291 0.11720 -13
0.59070 -0.25460 5.86799 0 7.77500 -19.85000 5.09291 0.11984 -13
0.76617 -0.14714 1.80175 0 4.80000 -22.97500 1.43580 0.12817 -13
1.09525 -0.05690 20.07791 0 1.67500 -35.10000 13.54978 0.14945 13
1.21147 -0.16623 48.17533 0 5.00000 -36.97500 30.91574 0.15907 13
-0.30504 -0.18834 65.47998 0 5.67500 8.00000 62.72250 0.10697 13
-1.08470 0.03061 2.68448 0 -1.20000 36.25000 1.82045 0.14873 13
0.35676 -0.22888 49.04812 0 6.90000 -13.77500 46.32673 0.10937 13
-2.12702 -0.21398 54.20348 0 6.42500 61.70000 23.48665 0.23763 13
-1.30946 -0.20225 2.26527 0 5.72500 39.57500 1.39235 0.16697 13
-0.57316 0.14214 24.28261 0 -4.27500 18.07500 21.11924 0.11694 -13
-0.58589 -0.25690 24.28261 0 7.77500 18.47500 21.11924 0.11957 -13
0.29054 -0.00128 72.13049 0 0.02500 -8.82500 69.26615 0.10487 13
0.01647 -0.16787 88.34078 0 5.05000 -0.27500 88.32913 0.10212 13
-1.54427 -0.24357 34.55735 0 7.32500 43.20000 19.16539 0.18685 13
0.12435 -0.17989 81.04579 0 5.42500 -2.12500 80.44556 0.10309 -13
-0.41739 0.01881 3.59069 0 -0.72500 13.95000 3.31373 0.10920 13
-0.03700 0.08178 11.46778 0 -2.42500 0.22500 11.45996 0.10110 -13
-0.14182 -0.09080 8.20540 0 2.67500 3.72500 8.12479 0.10211 13
-0.86300 0.02514 87.16556 0 -0.77500 27.37500 65.99861 0.13304 13
-1.12922 0.08160 9.02391 0 -2.37500 33.77500 5.99379 0.15209 -13
-0.97810 -0.24294 29.42711 0 7.30000 33.27500 21.32972 0.14295 13
-0.59348 -0.03354 28.00026 0 1.02500 20.22500 24.08243 0.11716 -13
0.08610 -0.00486 75.34811 0 0.15000 -1.85000 75.07040 0.10108 13
0.61571 0.10550 48.88901 0 -3.20000 -17.90000 41.69373 0.11874 13
-1.66280 0.11967 80.15179 0 -3.60000 49.25000 41.52453 0.19577 -13
-1.71476 -0.28062 80.15179 0 8.47500 50.82500 41.52453 0.20192 -13
1.64001 0.05591 10.71749 0 -1.77500 -49.82500 5.58577 0.19356 13
-0.07407 -0.22212 85.40732 0 6.70000 0.55000 85.18490 0.10343 -13
0.43731 -0.14494 56.84650 0 4.37500 -12.62500 52.17029 0.11088 -13
0.34959 -0.07165 75.05398 0 2.15000 -13.57500 70.86921 0.10692 13
-1.67185 -0.06417 69.25211 0 1.95000 52.65000 35.60252 0.19629 -13
0.11269 0.05704 70.43361 0 -1.72500 -3.65000 69.99204 0.10150 13
0.76911 -0.00107 45.36230 0 0.02500 -23.10000 35.95755 0.12704 13
1.10224 -0.08387 57.99167 0 2.52500 -34.72500 39.04190 0.15010 13
-0.88002 -0.06736 14.40843 0 2.00000 28.10000 10.82704 0.13431 13
0.19731 0.05120 33.13360 0 -1.52500 -7.82500 32.50838 0.10277 -13
-1.98886 0.12587 58.95749 0 -3.82500 61.12500 26.65142 0.22455 13
-2.04607 -0.27409 58.95749 0 8.25000 62.82500 26.65142 0.23095 13
-1.79412 -0.12605 25.03940 0 3.85000 53.82500 12.26466 0.20725 -13
-0.85515 -0.17608 58.75376 0 5.32500 26.90000 44.93847 0.13370 -13
1.47642 -0.04714 31.80939 0 1.45000 -45.87500 17.85193 0.17964 -13
1.17724 -0.13787 26.30742 0 4.17500 -35.17500 17.12456 0.15619 -13
0.90195 0.01797 73.31197 0 -0.55000 -27.42500 54.44349 0.13562 13
-0.49115 0.01481 96.23777 0 -0.45000 15.35000 86.38318 0.11220 13
0.62920 -0.22299 58.31493 0 6.72500 -20.55000 49.69266 0.12109 -13
0.99321 -0.06939 57.34716 0 2.10000 -29.47500 40.73660 0.14211 -13
-1.78637 -0.16062 86.13095 0 4.82500 55.77500 42.48067 0.20679 13
0.75075 -0.23107 58.35668 0 6.97500 -23.02500 47.10084 0.12806 -13
2.21393 -0.14812 27.71725 0 4.42500 -64.95000 11.51213 0.24496 13
-1.49701 0.03382 78.24954 0 -1.00000 45.57500 43.48194 0.18132 -13
0.73395 -0.03900 22.22183 0 1.15000 -20.00000 17.91924 0.12498 13
0.34940 0.03853 5.53084 0 -1.07500 -8.75000 5.22162 0.10676 -13
-0.12570 -0.04526 5.28675 0 1.45000 3.60000 5.24554 0.10164 -13
-0.18982 -0.14992 92.39844 0 4.52500 7.35000 90.81204 0.10361 -13
0.21734 -0.21792 9.12000 0 6.52500 -5.37500 8.92114 0.10533 13
-0.25686 0.02999 80.92294 0 -0.90000 8.35000 78.38090 0.10401 -13
-0.64926 0.08738 87.71095 0 -2.62500 17.00000 73.64808 0.12039 -13
-0.58672 0.09501 12.39221 0 -2.82500 19.65000 10.70027 0.11714 -13
-0.68588 -0.10686 88.34854 0 3.22500 23.32500 72.98990 0.12259 -13
1.16015 -0.17820 56.02013 0 5.40000 -33.85000 36.90241 0.15529 -13
1.30007 -0.21187 67.56497 0 6.37500 -39.20000 41.76117 0.16653 13
0.46896 0.04615 36.46422 0 -1.40000 -15.82500 33.02064 0.11133 13
-0.89204 -0.21777 63.41838 0 6.55000 26.87500 47.80881 0.13670 13
-0.41814 -0.09167 16.80732 0 2.72500 12.82500 15.51595 0.10953 13
0.16883 -0.06218 81.28233 0 1.87500 -7.52500 80.15234 0.10232 13
1.68231 -0.21368 15.73845 0 6.37500 -48.05000 8.17336 0.19821 13
0.19371 0.09791 46.12565 0 -2.97500 -4.10000 45.29160 0.10305 13
0.27576 -0.08806 86.05298 0 2.65000 -4.25000 82.97893 0.10484 -13
0.80809 -0.12404 43.21924 0 3.72500 -26.15000 33.71639 0.13007 13
0.45400 -0.01767 34.48733 0 0.55000 -13.27500 31.40329 0.11061 -13
0.26944 -0.11080 51.74525 0 3.32500 -7.22500 49.98375 0.10488 13
-1.66776 -0.09413 71.62197 0 2.82500 50.07500 36.95108 0.19605 13
-1.13372 0.01807 38.01705 0 -0.52500 33.75000 25.15041 0.15224 -13
1.91921 -0.03575 43.62618 0 1.05000 -57.30000 20.16891 0.21796 13
-1.60777 0.04339 27.11593 0 -1.27500 47.40000 14.33128 0.19071 -13
-0.19827 0.13984 56.62451 0 -4.20000 7.05000 55.56356 0.10362 -13
-0.20286 -0.25933 56.62451 0 7.82500 7.20000 55.56356 0.10603 -13
0.25593 0.14702 58.64156 0 -4.42500 -6.97500 56.84745 0.10499 -13
0.26111 -0.25183 58.64156 0 7.60000 -7.12500 56.84745 0.10713 -13
-0.91108 0.11001 48.20620 0 -3.30000 29.60000 35.73090 0.13668 -13
-0.02723 -0.20257 69.17368 0 6.12500 1.00000 69.14906 0.10279 -13
1.01404 -0.07112 22.99912 0 2.17500 -33.37500 16.16951 0.14361 -13
0.19860 -0.08969 59.19667 0 2.70000 -8.75000 58.07155 0.10306 13
1.77780 -0.07750 89.45613 0 2.35000 -52.87500 43.95608 0.20556 -13
1.81259 -0.22213 51.62813 0 6.72500 -55.05000 25.40116 0.20969 -13
0.08264 -0.01204 57.15475 0 0.37500 -3.90000 56.96059 0.10106 -13
-0.12334 0.09195 91.26766 0 -2.77500 4.15000 90.58693 0.10189 -13
-1.48441 -0.02579 53.66877 0 0.80000 45.07500 29.99218 0.18026 -13
1.31301 0.13362 92.16999 0 -4.05000 -40.27500 56.15729 0.16676 13
1.34669 -0.26589 92.16999 0 8.00000 -41.30000 56.15729 0.17101 13
0.98524 -0.10306 4.15787 0 3.27500 -29.27500 2.96958 0.14188 -13
0.27220 -0.23066 48.68557 0 6.95000 -7.30000 47.05854 0.10691 13
-0.97090 -0.18926 21.13464 0 5.67500 30.25000 15.29271 0.14162 13
1.22313 0.08906 6.54796 0 -2.57500 -36.75000 4.15440 0.15932 -13
0.96380 -0.22878 10.96301 0 6.97500 -30.50000 7.98996 0.14181 -13
-1.28847 -0.24767 52.09900 0 7.45000 39.60000 32.53560 0.16611 13
0.09904 0.02725 63.12448 0 -0.82500 -4.00000 62.81737 0.10123 13
0.59905 -0.12305 78.28665 0 3.70000 -19.55000 67.29097 0.11804 13
0.41704 0.11077 50.34003 0 -3.35000 -9.97500 46.50344 0.10969 13
-0.66613 -0.20442 1.62425 0 5.77500 21.07500 1.36042 0.12268 13
-0.59190 0.02290 70.60682 0 -0.70000 18.17500 60.76494 0.11704 13
-0.68782 0.00308 89.05579 0 -0.07500 22.82500 73.37468 0.12222 -13
0.58357 0.06080 81.29697 0 -1.82500 -18.75000 70.24780 0.11676 -13
-0.24097 -0.10742 75.70122 0 3.22500 5.37500 73.61766 0.10415 13
-0.73168 0.10162 53.98886 0 -3.07500 22.15000 43.64864 0.12520 13
-0.07563 -0.18339 27.50572 0 5.55000 2.92500 27.42995 0.10268 -13
0.94362 -0.14832 18.51636 0 4.50000 -30.35000 13.53637 0.13929 -13
-0.82320 -0.01931 50.66926 0 0.60000 23.77500 39.12201 0.13045 -13
1.67380 -0.13002 94.10732 0 3.92500 -48.87500 48.56463 0.19678 13
0.06836 -0.02759 25.52582 0 0.82500 -3.67500 25.46648 0.10098 13
-1.45390 -0.10081 11.75627 0 2.97500 42.45000 6.68520 0.17796 13
0.92624 -0.22505 87.08804 0 6.80000 -28.22500 64.61476 0.13913 -13
-0.05863 0.01944 11.48423 0 -0.55000 1.90000 11.46453 0.10090 -13
-1.19577 -0.05585 48.08358 0 1.67500 36.95000 30.87474 0.15707 13
0.58777 0.00642 44.74124 0 -0.20000 -17.40000 38.57214 0.11681 13
-1.59599 -0.09362 66.15677 0 2.85000 47.47500 35.23603 0.18991 -13
1.12810 0.11623 72.33462 0 -3.50000 -33.10000 48.16293 0.15226 -13
0.00457 0.14053 15.07803 0 -4.27500 0.12500 15.07788 0.10171 13
0.00467 -0.25865 15.07803 0 7.77500 0.10000 15.07788 0.10399 13
-0.28277 -0.06441 7.16745 0 1.87500 9.57500 6.89814 0.10485 13
1.35045 0.07732 51.48170 0 -2.35000 -41.67500 30.69549 0.16940 13
0.54028 -0.09003 83.77514 0 2.72500 -17.55000 73.77214 0.11483 -13
-0.31165 0.03292 15.46797 0 -1.02500 8.35000 14.76813 0.10554 13
-0.51128 -0.01985 4.36329 0 0.72500 17.00000 3.88484 0.11317 -13
0.13715 -0.01662 94.18479 0 0.50000 -1.50000 93.31146 0.10166 13
0.22764 0.05574 95.31565 0 -1.67500 -8.45000 92.94505 0.10343 -13
1.29098 -0.05469 38.98583 0 1.62500 -39.50000 23.89670 0.16453 13
-0.24179 0.12362 7.57242 0 -3.65000 6.20000 7.36345 0.10433 -13
-0.24894 -0.27625 7.57242 0 8.40000 6.40000 7.36345 0.10752 -13
-0.21364 0.12535 71.69970 0 -3.77500 9.10000 70.14110 0.10374 -13
-0.21983 -0.27460 71.69970 0 8.30000 9.30000 70.14110 0.10676 -13
0.17677 -0.02842 60.12308 0 0.85000 -6.92500 59.20593 0.10231 13
0.57640 -0.10851 57.14771 0 3.27500 -15.02500 49.58374 0.11675 13
1.33770 -0.12162 69.23225 0 3.67500 -42.47500 41.64759 0.16864 -13
-1.63544 -0.19941 29.15625 0 6.05000 49.82500 15.42612 0.19412 -13
-1.65227 -0.03893 82.88097 0 1.17500 53.20000 42.93796 0.19453 13
0.06635 -0.10323 53.29499 0 3.12500 -1.92500 53.17932 0.10146 -13
0.86283 -0.08199 51.80474 0 2.47500 -25.00000 39.27880 0.13327 -13
-0.65352 -0.03860 11.92010 0 1.22500 17.62500 9.98058 0.12037 -13
2.03725 -0.23580 74.64326 0 7.12500 -63.72500 33.61174 0.22980 -13
-0.22723 0.02528 36.82892 0 -0.75000 6.05000 35.91408 0.10330 -13
1.62446 -0.07297 77.91018 0 2.20000 -50.65000 40.92050 0.19223 13
0.21710 0.06841 37.67878 0 -2.05000 -6.92500 36.82489 0.10327 -13
1.10555 -0.23707 41.76215 0 7.12500 -34.32500 28.43483 0.15198 13
2.02928 -0.04343 93.93882 0 1.30000 -61.52500 41.55520 0.22786 13
0.29370 0.14272 61.09071 0 -4.30000 -8.40000 58.66164 0.10593 -13
0.30014 -0.25632 61.09071 0 7.75000 -8.57500 58.66164 0.10827 -13
-1.14355 -0.04886 88.19815 0 1.47500 32.95000 58.09791 0.15306 -13
0.47933 -0.22409 4.66273 0 6.62500 -12.92500 4.22345 0.11386 13
-1.33027 -0.05214 42.67518 0 1.60000 41.07500 25.66467 0.16768 -13
1.37713 -0.04115 56.89733 0 1.25000 -41.80000 33.45027 0.17144 -13
0.73475 0.02793 79.00449 0 -0.82500 -20.62500 63.67513 0.12499 -13
0.30989 0.05821 58.72657 0 -1.77500 -9.25000 56.10328 0.10559 13
-0.72230 -0.24921 57.55777 0 7.50000 24.17500 47.13371 0.12673 13
0.10777 0.00545 58.90401 0 -0.17500 -3.35000 58.56489 0.10129 13
1.11083 -0.13708 44.95351 0 4.12500 -34.70000 30.23072 0.15114 13
-1.36901 0.14843 35.50953 0 -4.50000 41.95000 21.09535 0.17119 13
-1.39593 -0.25040 35.50953 0 7.52500 42.77500 21.09535 0.17471 13
-0.04464 -0.04039 68.65679 0 1.22500 0.32500 68.58863 0.10089 -13
-0.60177 0.03010 47.13912 0 -0.90000 20.85000 40.39477 0.11757 -13
-0.66846 -0.07015 25.90695 0 2.10000 20.52500 21.55443 0.12133 13
0.80919 0.00443 73.10958 0 -0.15000 -26.25000 56.83335 0.12954 13
-1.08937 -0.02599 38.14664 0 0.77500 32.87500 25.79983 0.14894 13
0.73128 0.12426 41.28454 0 -3.72500 -20.32500 33.41367 0.12537 -13
0.75277 -0.27571 41.28454 0 8.32500 -20.97500 33.41367 0.12908 -13
0.63391 -0.04288 85.37689 0 1.30000 -19.85000 72.12822 0.11931 13
0.91360 -0.23301 72.49516 0 7.02500 -27.17500 54.15953 0.13840 13
0.42171 -0.08444 36.88099 0 2.52500 -13.50000 34.00113 0.10962 13
-1.59777 0.07959 93.90860 0 -2.42500 49.30000 49.93423 0.18999 13
-0.32737 -0.05616 48.54924 0 1.70000 9.47500 46.14672 0.10612 -13
1.01145 0.12566 58.65357 0 -3.80000 -30.50000 41.40133 0.14379 13
1.04066 -0.27430 58.65357 0 8.27500 -31.37500 41.40133 0.14792 13
-1.03038 -0.13208 79.27681 0 4.00000 29.45000 55.45731 0.14521 -13
0.52658 0.05345 52.71845 0 -1.62500 -15.27500 46.66079 0.11395 13
-0.37205 0.12525 69.05579 0 -3.77500 10.77500 64.78194 0.10818 -13
-0.38284 -0.27469 69.05579 0 8.30000 11.10000 64.78194 0.11133 -13
1.37357 -0.10920 77.97846 0 3.30000 -41.62500 46.07410 0.17145 -13
-1.09328 -0.20233 18.14479 0 6.05000 32.25000 12.37938 0.15055 13
0.21317 0.09157 61.78047 0 -2.75000 -5.32500 60.43404 0.10338 -13
-0.03045 -0.11172 96.72708 0 3.37500 3.90000 96.68280 0.10138 -13
1.01077 -0.17336 35.66972 0 5.20000 -29.87500 25.27381 0.14423 13
-0.81868 -0.18680 14.38346 0 5.67500 24.12500 11.20520 0.13154 -13
-0.55497 0.01421 86.05900 0 -0.42500 16.57500 75.24979 0.11518 13
-0.75944 -0.19955 45.25939 0 6.00000 22.47500 36.29882 0.12803 13
0.80093 -0.09469 53.44853 0 2.85000 -23.60000 41.78964 0.12937 13
-0.70812 0.03674 37.01627 0 -1.10000 20.80000 30.21623 0.12344 -13
0.23367 0.04024 97.59664 0 -1.22500 -10.55000 95.04050 0.10349 13
-1.02403 -0.15212 95.49588 0 4.60000 31.27500 67.10855 0.14495 -13
-1.35321 -0.09234 90.43591 0 2.80000 37.25000 53.89453 0.16970 -13
1.52977 0.12211 4.71434 0 -3.50000 -47.25000 2.59253 0.18439 -13
-1.05231 0.05865 65.51438 0 -1.77500 33.35000 45.17111 0.14631 13
0.15149 -0.23535 77.14447 0 7.10000 -3.92500 76.31849 0.10457 13
0.49450 0.12205 22.07721 0 -3.70000 -14.15000 19.81862 0.11302 13
0.50954 -0.27796 22.07721 0 8.37500 -14.60000 19.81862 0.11641 13
-0.20830 -0.06474 82.08839 0 1.95000 7.40000 80.37042 0.10307 -13
0.65178 -0.23760 51.05773 0 7.15000 -20.20000 43.11918 0.12256 13
0.22782 -0.11688 85.18668 0 3.52500 -5.67500 83.08606 0.10395 -13
-0.63576 0.11942 43.27426 0 -3.60000 19.95000 36.59255 0.11993 -13
-0.65571 -0.28086 43.27426 0 8.47500 20.55000 36.59255 0.12371 -13
0.89231 0.12598 51.51479 0 -3.80000 -27.65000 38.57129 0.13557 13
0.91795 -0.27397 51.51479 0 8.25000 -28.42500 38.57129 0.13944 13
-0.58469 -0.08267 79.14155 0 2.50000 19.95000 68.37959 0.11696 -13
1.09801 0.11704 21.97020 0 -3.55000 -32.25000 14.84830 0.15005 13
0.35897 -0.21859 82.73739 0 6.57500 -9.87500 78.07540 0.10923 13
