0.76995 0.05884 34.49107 0 -1.75000 -22.17500 27.34664 0.12723 -13
-2.01485 -0.15612 51.26593 0 4.70000 60.92500 23.01246 0.22703 13
0.33156 0.11521 17.34216 0 -3.45000 -8.45000 16.47145 0.10672 -13
-0.16256 0.07476 48.77502 0 -2.25000 4.15000 48.14651 0.10230 -13
1.02835 0.09007 49.87238 0 -2.72500 -30.20000 34.84069 0.14474 13
-0.16893 0.08542 71.87982 0 -2.57500 7.05000 70.88269 0.10249 13
-0.01408 -0.07643 1.27626 0 2.70000 0.82500 1.27614 0.10146 -13
-0.30859 0.14321 2.73147 0 -4.12500 10.97500 2.61213 0.10636 -13
-0.31511 -0.25561 2.73147 0 7.92500 11.20000 2.61213 0.10895 -13
0.39837 -0.01253 15.00465 0 0.35000 -12.55000 13.93943 0.10841 13
1.28776 -0.18224 60.69310 0 5.50000 -37.52500 37.60426 0.16523 -13
0.56473 0.09998 99.84718 0 -3.00000 -12.50000 87.04557 0.11609 -13
-0.86158 -0.21384 44.50230 0 6.42500 27.05000 34.03328 0.13465 13
1.25568 -0.18774 37.54650 0 5.67500 -41.90000 23.63745 0.16278 -13
-0.35417 0.05468 45.54630 0 -1.65000 12.30000 42.94040 0.10697 -13
-1.35826 -0.19843 34.56846 0 6.00000 42.75000 20.75187 0.17105 -13
0.15126 -0.15912 63.48959 0 4.80000 -4.25000 62.79286 0.10310 13
-0.91351 0.12884 77.25363 0 -3.90000 28.50000 57.25021 0.13702 13
-0.93870 -0.27093 77.25363 0 8.17500 29.25000 57.25021 0.14078 13
-0.08702 -0.09563 81.30303 0 2.87500 -0.62500 80.99968 0.10154 13
-1.40806 0.03064 94.22152 0 -0.92500 44.37500 54.57434 0.17394 -13
-0.77169 -0.03326 68.81458 0 1.00000 23.47500 54.49029 0.12724 -13
0.87367 -0.07637 3.43221 0 2.12500 -26.37500 2.58823 0.13393 13
-0.95357 -0.20389 11.42463 0 6.20000 30.72500 8.34803 0.14071 -13
1.14259 -0.00663 77.62656 0 0.20000 -36.17500 51.12479 0.15291 13
-1.66057 -0.09108 93.61685 0 2.75000 49.60000 48.44186 0.19543 -13
-0.07389 -0.20953 97.17012 0 6.32500 3.05000 96.91706 0.10316 13
-0.91776 0.00072 79.11390 0 -0.02500 30.27500 58.28743 0.13668 13
0.93499 -0.22889 24.86689 0 6.92500 -30.12500 18.37935 0.13980 -13
2.05600 -0.09078 3.29972 0 2.40000 -61.57500 1.44867 0.23022 13
-0.94383 0.03498 89.86552 0 -1.05000 26.57500 65.37185 0.13852 -13
-0.71307 -0.08966 54.89635 0 2.72500 24.22500 44.75698 0.12402 -13
0.54804 -0.01215 73.61999 0 0.35000 -17.92500 64.56144 0.11484 13
-1.27546 0.09767 80.18318 0 -2.95000 42.02500 49.61780 0.16351 -13
0.60902 -0.12538 64.23817 0 3.80000 -16.77500 54.97924 0.11859 -13
-0.14091 0.07687 40.70350 0 -2.30000 4.30000 40.30758 0.10199 -13
-1.40229 -0.17140 50.38290 0 5.15000 41.65000 29.53372 0.17429 13
0.68643 -0.21745 55.41745 0 6.55000 -20.02500 46.02316 0.12408 13
0.73641 0.09969 18.96306 0 -2.97500 -23.52500 15.29615 0.12545 -13
0.68452 -0.08439 95.26279 0 2.55000 -19.80000 78.69863 0.12233 13
0.17019 0.06358 71.01201 0 -1.92500 -9.45000 70.00949 0.10235 13
-0.47812 0.09736 47.83748 0 -2.92500 14.25000 43.19629 0.11205 -13
0.68649 -0.05469 93.29035 0 1.65000 -20.42500 76.94813 0.12227 13
-0.52083 -0.02586 5.42835 0 0.87500 17.77500 4.81476 0.11361 -13
-1.89815 -0.10866 67.41879 0 3.30000 58.37500 31.56719 0.21635 -13
-1.16958 1.21689 67.41879 0 2.97500 58.47500 31.56719 0.21730 -13
0.67291 -0.88460 67.41879 0 3.77500 64.35000 31.56719 0.25722 -13
0.51579 -0.21949 43.47556 0 6.60000 -12.62500 38.82649 0.11543 13
0.23953 -0.09038 98.86891 0 2.72500 -7.52500 96.16992 0.10395 13
-1.58250 -0.02480 97.07537 0 0.75000 47.50000 51.86829 0.18853 -13
-0.86836 0.02245 92.85562 0 -0.67500 24.27500 70.11865 0.13339 -13
0.21526 -0.00143 28.40216 0 0.02500 -6.90000 27.76624 0.10301 13
0.77768 -0.24519 58.97675 0 7.37500 -25.05000 47.06085 0.12993 13
-0.86871 -0.04558 22.96534 0 1.35000 25.00000 17.34522 0.13346 13
-0.30823 -0.06333 42.43644 0 1.90000 11.17500 40.56078 0.10557 13
1.69732 0.11920 13.36179 0 -3.52500 -50.75000 6.81537 0.19878 -13
-0.73140 -0.03985 90.12676 0 1.20000 23.85000 72.76549 0.12484 -13
1.52601 0.00576 85.27943 0 -0.17500 -45.15000 46.74211 0.18374 -13
-0.91824 -0.06459 95.17527 0 1.95000 27.77500 70.17110 0.13687 13
-0.28925 -0.20313 34.98063 0 6.15000 8.17500 33.65499 0.10682 -13
-0.58319 -0.10537 25.33997 0 3.15000 18.57500 21.92116 0.11704 13
1.14933 -0.02520 54.27169 0 0.75000 -36.20000 35.62992 0.15344 13
0.26881 0.10954 25.00699 0 -3.27500 -9.25000 24.15939 0.10485 -13
-0.88232 -0.00830 67.04875 0 0.25000 26.85000 50.27716 0.13430 -13
0.14796 0.05430 73.99856 0 -1.65000 -6.80000 73.20395 0.10195 13
0.12411 -0.09114 85.76621 0 2.75000 -1.20000 85.11852 0.10189 -13
1.75768 -0.23580 23.32399 0 7.17500 -55.00000 11.76986 0.20514 -13
1.24999 -0.07020 41.10916 0 2.12500 -39.75000 25.71909 0.16137 -13
0.41752 0.06617 47.80755 0 -2.00000 -11.55000 44.13084 0.10933 13
-0.85968 0.09698 80.97547 0 -2.92500 27.35000 61.52590 0.13316 13
0.46771 -0.18034 22.97391 0 5.42500 -13.32500 20.86925 0.11263 13
0.76700 0.11512 15.65115 0 -3.50000 -24.42500 12.44867 0.12746 13
0.61311 -0.14736 23.70911 0 4.42500 -18.30000 20.27165 0.11904 13
0.13486 -0.00816 59.09349 0 0.25000 -2.57500 58.56337 0.10162 -13
0.13479 0.01649 71.75016 0 -0.50000 -2.32500 71.10738 0.10162 -13
0.22260 -0.10069 74.86684 0 3.02500 -7.20000 73.09564 0.10366 13
-0.61594 0.06315 21.68573 0 -1.87500 19.32500 18.47434 0.11844 -13
-0.21430 0.03840 57.20643 0 -1.15000 7.67500 55.93822 0.10306 -13
-0.94509 0.13414 65.41324 0 -4.02500 27.85000 47.74076 0.13921 -13
-0.96910 -0.26531 65.41324 0 8.02500 28.57500 47.74076 0.14276 -13
-0.58546 -0.11854 98.97268 0 3.57500 17.60000 85.56297 0.11730 13
-0.18097 -0.05022 18.77635 0 1.55000 5.17500 18.47692 0.10247 -13
0.03625 0.04680 99.74217 0 -1.42500 -2.80000 99.67682 0.10088 13
0.10145 -0.14487 33.49193 0 4.37500 -2.97500 33.32441 0.10227 -13
-1.30057 -0.24326 2.11634 0 6.95000 38.92500 1.31264 0.16683 13
0.24150 -0.13502 27.10001 0 4.10000 -10.37500 26.35578 0.10449 -13
-1.95383 -0.15095 38.53542 0 4.52500 58.32500 17.71375 0.22153 13
0.80144 0.01881 69.39219 0 -0.57500 -24.87500 54.15191 0.12907 13
-1.23270 -0.18034 4.24821 0 5.62500 36.47500 2.70184 0.16112 -13
-0.26610 -0.16545 2.16358 0 4.75000 6.87500 2.09282 0.10552 13
0.32218 -0.10610 85.82800 0 3.20000 -9.55000 81.73536 0.10634 -13
-0.55493 -0.03990 29.64250 0 1.22500 17.20000 25.92400 0.11524 -13
-1.06660 0.01062 7.55746 0 -0.22500 32.72500 5.16920 0.14725 -13
-1.06349 0.12430 86.71647 0 -3.75000 32.87500 59.64397 0.14755 13
-1.09476 -0.27573 86.71647 0 8.30000 33.82500 59.64397 0.15187 13
0.03602 0.03539 21.19830 0 -1.05000 0.30000 21.18458 0.10083 -13
0.61944 0.01934 95.61551 0 -0.60000 -20.92500 81.28849 0.11848 13
0.24048 0.08915 87.49969 0 -2.67500 -6.45000 85.09278 0.10396 -13
-2.12535 -0.08442 1.88545 0 3.17500 62.25000 0.80361 0.23796 -13
0.33781 0.06394 66.72660 0 -1.92500 -9.95000 63.23000 0.10648 -13
0.00036 -0.12259 18.92623 0 3.72500 0.45000 18.92623 0.10147 -13
0.84021 0.00325 19.63875 0 -0.07500 -24.70000 15.03599 0.13153 -13
0.48789 -0.07494 89.51925 0 2.25000 -14.77500 80.49750 0.11230 13
-1.37132 0.04259 19.51570 0 -1.25000 40.42500 11.50567 0.17095 -13
-0.13325 0.06639 6.04392 0 -2.07500 4.10000 5.99117 0.10184 13
-0.84456 -0.24625 5.31286 0 7.30000 24.20000 4.10782 0.13403 13
0.69066 -0.11800 75.81936 0 3.55000 -20.10000 62.52517 0.12295 13
1.22357 -0.10400 1.22400 0 2.50000 -36.95000 0.77668 0.15985 13
-1.38476 -0.11508 25.30882 0 3.50000 42.40000 14.88106 0.17242 -13
-0.05023 -0.15040 61.80743 0 4.55000 2.47500 61.73131 0.10197 -13
0.00928 0.07251 11.77583 0 -2.15000 -0.25000 11.77532 0.10096 -13
-0.04224 -0.03310 69.55319 0 1.00000 3.90000 69.49130 0.10085 -13
0.88089 0.06262 6.61827 0 -2.00000 -27.85000 4.97096 0.13439 13
-1.26979 0.11205 3.06463 0 -3.12500 37.40000 1.90310 0.16313 -13
1.26778 -0.04377 31.48344 0 1.30000 -34.35000 19.50985 0.16265 13
-0.43659 -0.15768 71.50742 0 4.77500 11.52500 65.66182 0.11103 -13
1.89757 0.00077 27.02279 0 0.02500 -57.22500 12.59837 0.21600 -13
-0.57131 -0.04109 92.80681 0 1.22500 16.92500 80.59959 0.11605 13
0.05609 0.08760 83.15119 0 -2.65000 -4.77500 83.02170 0.10125 13
-0.81171 -0.13316 66.30492 0 4.00000 25.47500 51.65845 0.13039 13
0.20335 -0.10949 91.75054 0 3.30000 -6.35000 89.93158 0.10336 13
1.10902 -0.00721 61.23211 0 0.20000 -34.87500 41.00521 0.15038 13
0.07790 -0.04184 54.02164 0 1.27500 -0.80000 53.85876 0.10110 -13
0.25020 -0.05779 51.89566 0 1.72500 -5.32500 50.34878 0.10396 13
-0.00907 -0.17154 66.46304 0 5.17500 0.57500 66.46039 0.10218 -13
-0.23090 0.07220 82.70617 0 -2.17500 8.67500 80.59657 0.10361 -13
0.18033 -0.07372 19.94797 0 2.20000 -4.57500 19.63312 0.10259 13
-0.93980 -0.08652 63.54227 0 2.62500 26.65000 46.38391 0.13848 -13
0.68258 -0.11269 18.34764 0 3.37500 -20.75000 15.18427 0.12244 13
-1.91221 -0.13612 23.67670 0 4.15000 56.95000 11.05111 0.21778 -13
0.23599 0.14067 48.42664 0 -4.22500 -8.62500 47.15610 0.10443 -13
0.24140 -0.25848 48.42664 0 7.80000 -8.80000 47.15610 0.10682 -13
-0.00819 -0.03588 10.05557 0 1.02500 -0.07500 10.05523 0.10077 13
-0.49350 -0.07169 54.10836 0 2.17500 16.17500 48.54586 0.11253 -13
1.15333 -0.11130 30.15467 0 3.37500 -38.82500 19.82406 0.15415 -13
-0.67812 -0.09907 12.00939 0 3.02500 20.27500 9.95472 0.12211 -13
-0.64798 -0.05675 22.18101 0 1.72500 19.25000 18.62364 0.12014 -13
0.40645 -0.13698 7.56468 0 4.07500 -13.30000 7.01695 0.10956 13
0.58203 -0.12204 52.78404 0 3.67500 -17.20000 45.70451 0.11715 13
0.26696 0.01522 50.38163 0 -0.47500 -7.37500 48.67729 0.10425 13
-1.25883 -0.13218 43.06854 0 3.97500 38.70000 26.92808 0.16245 13
0.67675 -0.24010 21.11357 0 7.20000 -23.20000 17.63626 0.12395 13
0.21044 -0.10828 48.81375 0 3.27500 -6.97500 47.77938 0.10349 -13
-1.29852 -0.08086 63.16950 0 2.42500 40.27500 38.62137 0.16523 13
0.27507 0.05948 69.11255 0 -1.77500 -9.07500 66.64577 0.10461 -13
-1.69650 0.01690 82.94043 0 -0.50000 50.72500 42.12217 0.19832 -13
1.88018 -0.18618 92.29719 0 5.62500 -55.97500 43.91762 0.21529 -13
-0.50595 0.14682 45.41821 0 -4.45000 11.77500 40.61339 0.11383 13
-0.51623 -0.25206 45.41821 0 7.60000 12.10000 40.61339 0.11613 13
0.39403 -0.13696 5.26390 0 4.22500 -12.02500 4.90327 0.10919 -13
0.64893 0.05433 17.89718 0 -1.60000 -19.17500 15.01987 0.12017 -13
0.26019 -0.06862 24.76398 0 2.05000 -6.75000 23.96949 0.10428 13
-1.22464 -0.20223 85.90660 0 6.10000 37.17500 54.98708 0.16052 -13
-2.02078 -0.13490 58.18895 0 4.05000 61.00000 25.99542 0.22744 13
0.74420 -0.16233 54.00629 0 4.90000 -24.40000 43.52482 0.12660 -13
-1.96727 0.09832 83.76020 0 -2.95000 60.72500 38.10008 0.22245 -13
-0.20783 -0.23081 19.95036 0 6.92500 5.67500 19.55356 0.10543 13
-1.12220 0.00341 36.94872 0 -0.12500 33.92500 24.58160 0.15137 13
-0.16999 -0.09225 35.19878 0 2.80000 5.25000 34.70533 0.10257 -13
-1.21547 0.05346 53.17190 0 -1.60000 34.70000 33.81138 0.15859 -13
-0.34849 0.09607 73.64673 0 -2.90000 13.90000 69.57909 0.10708 -13
0.00520 0.11396 71.47448 0 -3.45000 2.55000 71.47353 0.10136 13
0.14466 0.09370 61.57908 0 -2.82500 -4.65000 60.95012 0.10219 -13
-0.61769 -0.10939 13.92044 0 3.25000 16.82500 11.86244 0.11887 13
1.93049 0.05025 31.94734 0 -1.55000 -59.00000 14.70942 0.21901 13
0.84914 -0.23281 7.49870 0 7.12500 -23.85000 5.77852 0.13428 -13
1.70535 0.14199 13.04364 0 -4.35000 -50.87500 6.64669 0.19969 13
1.74408 -0.25751 13.04364 0 7.67500 -51.97500 6.64669 0.20393 13
1.29853 -0.10797 21.88804 0 3.30000 -36.92500 13.40400 0.16543 -13
0.26018 0.06860 30.81204 0 -2.05000 -9.22500 29.82375 0.10428 -13
1.32358 -0.20811 38.05811 0 6.30000 -41.50000 23.25071 0.16839 -13
0.72826 -0.18570 94.96179 0 5.60000 -23.95000 77.21062 0.12597 13
0.25302 -0.01752 23.63902 0 0.50000 -7.75000 22.91718 0.10389 13
-0.43770 -0.00826 30.94546 0 0.22500 12.45000 28.34891 0.10993 13
1.96982 -0.17820 1.21836 0 6.35000 -63.10000 0.55882 0.22524 -13
-0.61345 0.08555 15.97476 0 -2.62500 20.57500 13.63014 0.11847 13
0.41176 0.12135 32.98466 0 -3.67500 -12.15000 30.53200 0.10960 13
0.42438 -0.27887 32.98466 0 8.40000 -12.52500 30.53200 0.11293 13
1.43270 -0.13152 44.98783 0 3.97500 -43.25000 25.89726 0.17646 -13
0.69611 -0.21547 96.16056 0 6.50000 -21.80000 79.49886 0.12460 -13
0.50823 -0.05224 14.80097 0 1.55000 -16.55000 13.19859 0.11308 13
0.66704 -0.01938 68.61917 0 0.60000 -20.60000 57.08828 0.12107 -13
-1.14183 -0.12912 53.64260 0 3.87500 36.32500 35.50736 0.15339 13
-1.00621 -0.06751 8.75314 0 2.12500 28.92500 6.17695 0.14307 -13
0.66065 -0.07402 47.02465 0 2.25000 -16.60000 39.26785 0.12093 -13
-0.63334 -0.19907 93.99652 0 6.00000 18.10000 79.84688 0.12087 13
-2.07283 -0.12020 84.78138 0 3.65000 61.65000 37.05246 0.23208 -13
0.30529 -0.03916 56.62529 0 1.17500 -9.95000 54.16116 0.10536 13
-0.26734 0.11644 21.60689 0 -3.50000 8.15000 20.88315 0.10489 -13
1.28540 -0.21389 72.56089 0 6.45000 -38.62500 45.17405 0.16540 13
-1.69037 0.09827 27.90117 0 -2.92500 50.90000 14.25700 0.19801 -13
2.06977 0.03707 71.75245 0 -1.10000 -62.07500 31.23195 0.23151 -13
0.08442 0.02604 77.20399 0 -0.77500 -2.17500 76.93054 0.10110 -13
-1.93285 -0.20531 53.17920 0 6.17500 58.95000 24.83591 0.22009 13
-0.56133 -0.22507 81.58411 0 6.77500 16.30000 71.55683 0.11768 13
0.53441 -0.11863 53.66523 0 3.57500 -16.80000 47.40355 0.11480 13
-0.89603 0.09173 89.09753 0 -2.77500 25.25000 66.48003 0.13553 13
-0.72361 0.04085 91.23806 0 -1.25000 19.42500 73.93722 0.12437 13
-1.06315 0.06979 35.27657 0 -2.12500 31.60000 24.20051 0.14716 13
0.45548 0.00918 86.79163 0 -0.27500 -13.95000 78.98492 0.11066 -13
-1.93185 -0.15325 1.71517 0 5.27500 60.55000 0.79543 0.22086 -13
-0.41720 -0.08883 7.89490 0 2.62500 11.15000 7.29008 0.10948 13
-1.23793 -0.21849 12.36865 0 6.65000 38.60000 7.88215 0.16183 -13
0.00485 -0.03528 79.81332 0 1.07500 -1.10000 79.81238 0.10077 -13
0.24191 -0.13725 36.36405 0 4.12500 -6.17500 35.36266 0.10452 13
-1.14043 -0.21837 14.23438 0 6.52500 34.22500 9.50694 0.15427 13
1.41536 0.02032 72.94506 0 -0.62500 -42.35000 42.09799 0.17453 13
-0.55252 -0.05338 35.10197 0 1.62500 17.05000 30.73417 0.11518 -13
1.14202 -0.03134 2.41743 0 1.25000 -36.15000 1.59281 0.15312 -13
0.22023 -0.07593 84.83056 0 2.30000 -6.40000 82.85649 0.10340 -13
1.03827 -0.11473 61.89573 0 3.47500 -30.87500 43.08252 0.14563 -13
0.78672 -0.14263 15.54200 0 4.25000 -23.37500 12.26176 0.12891 13
-0.43257 0.00642 20.85499 0 -0.17500 12.92500 19.14093 0.10972 -13
-1.54501 0.02118 79.73893 0 -0.62500 49.87500 43.33420 0.18534 -13
0.46596 -0.10244 28.81710 0 3.07500 -13.72500 26.14474 0.11157 13
0.70960 0.04312 97.32848 0 -1.30000 -21.07500 79.39940 0.12356 13
-1.61641 -0.20008 33.20819 0 6.00000 46.00000 17.71922 0.19244 13
-0.61427 -0.08926 54.12253 0 2.67500 16.60000 46.16696 0.11852 13
-0.20655 -0.04099 61.14134 0 1.25000 5.82500 59.87942 0.10291 -13
-0.28166 -0.19229 8.55844 0 5.75000 9.57500 8.24885 0.10636 13
-2.01422 -0.03963 46.27460 0 1.22500 60.87500 20.59057 0.22650 -13
-0.73747 0.08614 80.49361 0 -2.60000 21.15000 64.86682 0.12543 13
0.12122 -0.19858 27.27430 0 6.00000 -4.62500 27.08350 0.10341 -13
-0.51314 -0.20346 25.74595 0 6.15000 17.02500 23.00165 0.11504 -13
0.95475 0.04999 14.38025 0 -1.47500 -30.17500 10.40743 0.13931 -13
0.89200 0.02769 22.49062 0 -0.87500 -26.07500 16.78650 0.13497 13
0.18828 0.05274 67.92015 0 -1.60000 -5.92500 66.75058 0.10261 13
-0.18816 0.01402 93.79479 0 -0.42500 6.02500 92.17766 0.10248 13
0.14691 -0.11368 72.46153 0 3.42500 -6.25000 71.70174 0.10243 -13
-1.08292 -0.24364 41.34118 0 7.37500 30.95000 28.48045 0.15048 -13
-0.74877 0.14367 62.45770 0 -4.32500 25.22500 50.17816 0.12663 -13
-0.76492 -0.25534 62.45770 0 7.70000 25.72500 50.17816 0.12938 -13
1.03003 -0.08620 28.91652 0 2.62500 -34.32500 20.18105 0.14484 -13
-1.93457 -0.20902 93.69870 0 6.32500 60.67500 43.75465 0.22033 -13
0.72704 0.14915 78.46997 0 -4.50000 -21.17500 63.70851 0.12540 -13
0.74115 -0.24963 78.46997 0 7.55000 -21.60000 63.70851 0.12785 -13
1.01078 0.09646 60.95052 0 -2.92500 -28.95000 42.96721 0.14352 13
-1.19729 -0.04202 76.33821 0 1.25000 35.02500 48.96125 0.15715 13
1.59716 -0.02310 7.96817 0 0.80000 -48.22500 4.22907 0.18982 -13
-0.24998 0.08331 99.28435 0 -2.52500 6.52500 96.33994 0.10414 13
0.11206 0.03073 27.38502 0 -0.95000 -1.37500 27.21484 0.10138 13
-1.08444 0.11721 84.02701 0 -3.55000 33.27500 57.17164 0.14902 13
0.34795 0.07599 23.28528 0 -2.27500 -8.35000 21.99894 0.10689 -13
-0.82514 -0.24725 99.73671 0 7.45000 25.15000 77.84172 0.13291 13
0.86243 0.05414 17.12413 0 -1.60000 -24.82500 12.97562 0.13309 -13
1.63286 0.13899 95.77118 0 -4.20000 -51.35000 50.36660 0.19332 13
1.67117 -0.26026 95.77118 0 7.85000 -52.50000 50.36660 0.19783 13
0.73336 -0.04538 12.33374 0 1.42500 -22.32500 9.94953 0.12498 -13
-0.29777 -0.04938 37.96377 0 1.50000 9.12500 36.38878 0.10519 -13
-1.03075 0.00523 38.79722 0 -0.17500 29.05000 27.01547 0.14462 13
-0.89426 0.03112 69.88402 0 -0.92500 28.82500 52.10415 0.13513 -13
0.02352 0.12035 30.47563 0 -3.65000 -0.22500 30.46732 0.10146 13
0.02424 -0.27996 30.47563 0 8.42500 -0.25000 30.46732 0.10459 13
-0.01360 -0.09240 54.39433 0 2.80000 -1.00000 54.38934 0.10115 -13
1.51325 0.01112 77.20322 0 -0.35000 -45.72500 42.56558 0.18266 13
-0.90964 0.14235 6.73166 0 -4.40000 27.75000 5.00217 0.13697 13
-0.92961 -0.25682 6.73166 0 7.65000 28.32500 5.00217 0.13982 13
0.20773 0.02725 42.08834 0 -0.82500 -4.32500 41.20929 0.10289 13
-0.67467 -0.08925 28.14496 0 2.72500 19.57500 23.36082 0.12181 -13
1.01179 -0.05812 22.35691 0 1.72500 -30.55000 15.72831 0.14338 13
1.24756 0.12032 77.88066 0 -3.62500 -37.85000 48.92246 0.16146 -13
1.28623 -0.27992 77.88066 0 8.45000 -39.00000 48.92246 0.16627 -13
1.28623 -0.27993 77.88066 0 8.45000 -39.02500 48.92246 0.16649 -13
-1.26022 0.02935 29.41228 0 -0.85000 37.85000 18.28720 0.16203 -13
-0.76303 0.12978 37.01631 0 -3.90000 22.67500 29.51818 0.12733 -13
-0.78377 -0.26990 37.01631 0 8.15000 23.30000 29.51818 0.13082 -13
-0.77298 -0.03340 39.17570 0 1.02500 23.60000 31.00165 0.12733 -13
-1.86312 -0.20921 77.16489 0 6.32500 55.82500 37.10227 0.21399 -13
1.86601 -0.12380 5.27564 0 3.52500 -59.00000 2.50630 0.21346 13
0.17930 -0.06614 96.05431 0 2.00000 -3.75000 94.55296 0.10253 -13
-0.40826 0.02069 3.34765 0 -0.77500 11.70000 3.09948 0.10886 13
-0.23361 0.06090 95.61939 0 -1.82500 4.25000 93.12140 0.10359 -13
1.47884 -0.14081 95.04265 0 4.25000 -45.32500 53.59727 0.18034 -13
-0.08308 -0.03479 26.25691 0 1.02500 1.80000 26.16684 0.10111 13
0.33519 -0.03555 11.54185 0 1.02500 -8.90000 10.94417 0.10627 13
-1.83429 -0.09972 78.46302 0 3.00000 54.37500 37.70050 0.21061 13
0.06277 0.09777 13.80635 0 -2.97500 -2.95000 13.77951 0.10139 13
1.05292 0.12561 19.57893 0 -3.82500 -29.90000 13.53823 0.14680 13
1.08328 -0.27440 19.57893 0 8.25000 -30.80000 13.53823 0.15096 13
-1.80381 -0.06513 21.57612 0 2.00000 54.00000 10.47755 0.20783 -13
-0.50547 -0.13018 2.98313 0 4.12500 15.17500 2.66711 0.11375 -13
-1.21555 0.03097 70.83401 0 -0.95000 36.07500 45.01430 0.15854 13
0.05915 -0.16928 42.31214 0 5.12500 -1.12500 42.24037 0.10232 -13
1.46105 -0.01670 92.93854 0 0.52500 -45.87500 52.49763 0.17830 -13
-2.12789 0.00136 45.81488 0 -0.02500 62.22500 19.48612 0.23677 -13
1.19071 -0.01497 69.89432 0 0.47500 -35.37500 44.95316 0.15658 -13
0.99535 0.01471 55.73204 0 -0.45000 -32.42500 39.50240 0.14209 13
0.66553 -0.07952 29.98167 0 2.37500 -19.35000 24.98357 0.12123 13
-0.19485 0.05126 42.16935 0 -1.55000 7.70000 41.39299 0.10273 13
0.29606 -0.10968 62.22405 0 3.30000 -6.57500 59.69278 0.10560 13
-1.91874 -0.03080 15.45798 0 1.00000 56.27500 7.14640 0.21795 -13
-0.73341 -0.03333 57.21635 0 1.02500 21.57500 46.14701 0.12493 -13
0.55093 0.06856 68.71886 0 -2.07500 -14.50000 60.22177 0.11518 13
-1.60049 -0.04080 6.51198 0 1.07500 48.40000 3.45244 0.19009 13
0.26136 -0.06646 18.84909 0 1.97500 -7.12500 18.23908 0.10430 13
0.97878 -0.06283 60.04322 0 1.90000 -30.67500 42.95155 0.14106 -13
-0.56197 -0.02472 85.01804 0 0.75000 17.85000 74.12190 0.11554 -13
1.81862 0.01951 21.36523 0 -0.55000 -56.42500 10.29573 0.20901 -13
0.42247 -0.13234 88.79538 0 3.97500 -14.20000 81.90210 0.11013 13
-0.85875 -0.22728 95.37834 0 6.85000 25.70000 73.12474 0.13469 13
0.52038 -0.02450 6.47064 0 0.82500 -18.37500 5.74047 0.11357 -13
0.58245 -0.12040 30.76787 0 3.65000 -17.32500 26.63496 0.11718 -13
-0.58225 0.07315 4.08638 0 -2.35000 17.95000 3.53381 0.11685 13
-0.34481 0.01948 92.92972 0 -0.57500 9.52500 87.85546 0.10654 -13
0.69811 -0.08428 64.88579 0 2.52500 -22.75000 53.26490 0.12310 13
-1.74344 0.07858 40.32490 0 -2.35000 51.90000 20.10955 0.20255 -13
-1.69568 -0.05932 52.94435 0 1.77500 50.35000 26.92988 0.19832 13
0.44035 -0.03223 12.76337 0 0.92500 -16.02500 11.68197 0.11008 13
0.71964 -0.17988 55.12639 0 5.42500 -23.00000 44.98570 0.12539 -13
1.49825 -0.12909 95.45529 0 3.87500 -48.35000 53.29509 0.18186 13
-1.63923 -0.07508 10.70952 0 2.17500 48.85000 5.58809 0.19351 13
0.54461 0.10593 29.41655 0 -3.17500 -11.80000 25.86691 0.11516 -13
-0.33760 -0.24700 16.62097 0 7.47500 10.25000 15.79431 0.10919 -13
-0.07040 0.10135 97.42884 0 -3.07500 3.00000 97.19073 0.10147 13
-1.17528 0.12412 3.08646 0 -4.00000 35.25000 2.00858 0.15619 13
-1.20988 -0.27576 3.08646 0 8.05000 36.17500 2.00858 0.16027 13
0.98923 0.05676 18.63079 0 -1.67500 -29.05000 13.25553 0.14176 -13
-1.03280 -0.19792 77.58247 0 5.95000 30.07500 54.49937 0.14613 13
-0.81657 -0.20289 17.34438 0 6.07500 24.00000 13.54205 0.13158 13
-0.94382 -0.15005 60.50274 0 4.52500 30.00000 44.22999 0.13929 13
-0.43784 -0.04670 20.98114 0 1.37500 13.90000 19.22302 0.11003 13
0.10394 0.03911 98.94035 0 -1.17500 -3.72500 98.41104 0.10133 -13
-0.58664 0.00288 33.17592 0 -0.10000 18.70000 28.61687 0.11675 -13
-0.64546 -0.15462 26.78925 0 4.65000 16.87500 22.58564 0.12085 13
0.81097 0.10417 53.66913 0 -3.12500 -24.82500 41.77383 0.13008 -13
0.69875 -0.22206 49.06240 0 6.67500 -20.60000 40.53120 0.12486 13
0.56302 -0.00591 21.71874 0 0.15000 -17.97500 18.92542 0.11557 13
0.28865 0.00383 85.56799 0 -0.12500 -7.62500 82.21166 0.10482 13
-0.21413 0.02481 42.14264 0 -0.72500 4.77500 41.20906 0.10301 -13
1.52153 0.11331 45.76760 0 -3.40000 -48.10000 25.24863 0.18370 -13
1.06792 -0.04351 61.11777 0 1.32500 -33.67500 41.79567 0.14740 -13
-0.54083 0.08507 62.97089 0 -2.55000 17.15000 55.43415 0.11480 -13
1.90645 0.14789 66.09627 0 -4.47500 -54.62500 30.96409 0.21732 13
1.94455 -0.25099 66.09627 0 7.55000 -55.75000 30.96409 0.22160 13
-0.24064 -0.20183 53.85684 0 6.07500 9.25000 52.41825 0.10555 13
-0.75804 0.11475 12.40473 0 -3.40000 24.32500 9.90900 0.12687 -13
-0.45813 -0.14524 51.84923 0 4.37500 10.07500 47.22255 0.11173 13
-0.82199 -0.04648 40.92252 0 1.37500 26.82500 31.62710 0.13044 13
-0.56098 -0.18644 97.92803 0 5.62500 16.35000 85.75246 0.11699 -13
-0.20713 -0.03686 16.76019 0 1.07500 5.50000 16.41228 0.10290 13
-0.48466 0.14280 92.83123 0 -4.30000 12.30000 83.69630 0.11282 -13
-0.49529 -0.25625 92.83123 0 7.72500 12.62500 83.69630 0.11530 -13
-0.10008 -0.21100 92.32739 0 6.35000 2.50000 91.88785 0.10341 13
-0.23373 0.04847 3.45614 0 -1.32500 4.47500 3.36562 0.10356 -13
-0.91659 -0.13685 42.35030 0 4.12500 28.97500 31.35183 0.13729 13
0.92891 -0.10863 88.99516 0 3.27500 -28.47500 65.38085 0.13788 13
1.02762 -0.16256 70.66616 0 4.92500 -30.70000 49.61226 0.14533 -13
0.61194 -0.07051 86.65993 0 2.12500 -19.80000 73.96816 0.11828 -13
-0.59852 -0.00931 70.36964 0 0.30000 18.37500 60.38163 0.11736 -13
0.74298 0.09946 2.00182 0 -3.30000 -19.37500 1.60922 0.12620 13
0.61454 -0.20094 10.13999 0 6.12500 -16.12500 8.68537 0.11997 -13
1.43115 -0.24159 33.27280 0 7.25000 -41.12500 19.42029 0.17746 13
-0.88741 -0.19465 91.94726 0 5.87500 26.97500 69.33266 0.13606 -13
-0.32279 -0.18707 88.19137 0 5.65000 10.02500 84.06146 0.10749 -13
0.06002 0.12654 52.93073 0 -3.82500 0.70000 52.83716 0.10169 13
0.06172 -0.27338 52.93073 0 8.22500 0.65000 52.83716 0.10457 13
-0.52679 -0.09838 88.25367 0 2.97500 17.02500 78.16352 0.11425 -13
-0.19782 0.08176 97.79647 0 -2.47500 8.40000 95.94923 0.10299 13
-0.35592 -0.17630 9.12617 0 5.37500 11.65000 8.61256 0.10840 -13
-0.31745 -0.07745 65.01483 0 2.35000 8.80000 61.98425 0.10595 -13
-0.89582 0.12100 3.34724 0 -3.45000 29.80000 2.50114 0.13572 -13
-1.06068 -0.12961 36.31195 0 3.90000 31.47500 25.01881 0.14737 13
-0.39855 0.04210 49.79517 0 -1.25000 10.65000 46.26224 0.10849 -13
1.42020 -0.04203 35.24785 0 1.25000 -41.37500 20.30496 0.17496 13
0.93809 -0.20235 45.97385 0 6.10000 -28.65000 33.84275 0.13956 13
-1.58905 0.07989 33.73554 0 -2.37500 47.87500 18.00920 0.18923 -13
-1.81567 -0.05026 48.14645 0 1.50000 53.70000 23.25001 0.20880 13
0.40493 -0.12117 74.25389 0 3.65000 -12.20000 68.89611 0.10933 -13
-1.13531 0.13388 94.67940 0 -4.05000 34.82500 62.89312 0.15296 13
-1.16430 -0.26561 94.67940 0 8.00000 35.70000 62.89312 0.15684 13
0.93414 0.02398 14.55957 0 -0.77500 -29.52500 10.64111 0.13783 13
1.59569 0.01129 64.02913 0 -0.35000 -46.97500 34.00291 0.18965 13
0.19904 -0.22595 47.43043 0 6.80000 -8.07500 46.56096 0.10516 13
-2.07625 -0.07054 43.71899 0 2.10000 62.50000 19.00923 0.23217 13
-0.23250 0.11905 65.92579 0 -3.57500 7.15000 64.23624 0.10408 -13
-0.23983 -0.28128 65.92579 0 8.50000 7.37500 64.23624 0.10737 -13
1.48708 -0.00722 94.04296 0 0.20000 -43.57500 52.47889 0.18046 13
0.02729 -0.16203 81.18269 0 4.90000 -1.30000 81.15325 0.10205 -13
-1.01090 0.05630 40.25010 0 -1.67500 29.47500 28.32882 0.14330 -13
0.95610 -0.16477 25.97489 0 4.95000 -27.70000 18.89395 0.14029 13
1.06639 -0.16984 66.11370 0 5.10000 -29.32500 45.56566 0.14820 13
0.18398 0.11848 62.45495 0 -3.57500 -4.10000 61.43789 0.10308 -13
2.00314 -0.16946 25.21079 0 5.15000 -64.00000 11.38772 0.22617 -13
1.51913 0.11210 56.15339 0 -3.40000 -45.60000 31.00961 0.18351 13
1.14804 -0.23600 8.53409 0 7.20000 -36.47500 5.69138 0.15527 -13
-0.67717 -0.03217 25.77220 0 0.95000 21.35000 21.34332 0.12166 13
-0.29597 -0.16332 61.96169 0 4.92500 10.77500 59.47625 0.10630 13
-1.57643 -0.12131 34.55189 0 3.62500 46.80000 18.60473 0.18837 13
0.63066 0.12174 63.75166 0 -3.67500 -21.62500 54.03620 0.11969 13
0.64987 -0.27847 63.75166 0 8.40000 -22.20000 54.03620 0.12332 13
1.20360 -0.06810 30.69213 0 2.02500 -35.10000 19.64067 0.15772 13
-0.64851 0.11489 48.78431 0 -3.45000 19.95000 41.00977 0.12058 -13
1.08263 -0.18226 4.91988 0 5.35000 -30.85000 3.36811 0.14944 13
-0.44343 -0.06865 89.82424 0 2.07500 13.95000 82.14487 0.11038 -13
-1.19363 -0.07327 90.76014 0 2.22500 37.05000 58.37697 0.15700 -13
0.92046 0.07260 77.43027 0 -2.17500 -29.10000 57.03849 0.13706 -13
1.32931 -0.07745 25.88682 0 2.30000 -40.85000 15.59152 0.16769 13
-0.57090 0.12403 66.12185 0 -3.75000 18.15000 57.53059 0.11663 13
-0.58776 -0.27604 66.12185 0 8.32500 18.67500 57.53059 0.12006 13
1.51461 -0.18397 74.78688 0 5.55000 -42.57500 41.68403 0.18373 -13
-0.31572 -0.16093 36.55760 0 4.87500 10.30000 34.90134 0.10685 -13
-0.78951 0.03652 17.75284 0 -1.07500 22.35000 13.93711 0.12836 -13
-0.13702 -0.05480 18.16918 0 1.62500 5.22500 18.00151 0.10179 13
-0.16805 0.08128 77.45376 0 -2.45000 4.22500 76.38946 0.10245 13
-0.30727 0.07099 72.73479 0 -2.15000 9.05000 69.54141 0.10559 13
-1.84951 -0.16455 30.68997 0 5.00000 56.85000 14.74788 0.21242 -13
-1.72822 -0.06665 32.41722 0 1.97500 52.12500 16.26141 0.20119 13
-0.60596 0.02962 31.33356 0 -0.90000 17.82500 26.80092 0.11778 13
-1.29387 -0.10449 47.47751 0 3.17500 37.62500 29.13183 0.16502 -13
0.16148 -0.02557 97.32818 0 0.77500 -8.50000 96.08426 0.10204 -13
1.05325 -0.11430 37.69062 0 3.47500 -32.12500 26.04009 0.14672 -13
0.28995 -0.19118 44.51356 0 5.75000 -11.17500 42.81138 0.10660 13
-0.52037 -0.14765 88.05291 0 4.45000 16.12500 78.28824 0.11449 -13
-1.14865 -0.22541 76.18176 0 6.80000 33.82500 50.72529 0.15502 13
1.49938 0.03774 39.66564 0 -1.12500 -46.72500 22.01968 0.18153 -13
0.99085 0.13965 52.31448 0 -4.20000 -29.55000 37.33870 0.14245 -13
1.01377 -0.25950 52.31448 0 7.85000 -30.25000 37.33870 0.14578 -13
-1.40624 -0.14650 2.25934 0 4.80000 42.72500 1.31801 0.17499 -13
0.72450 -0.22773 84.60165 0 6.85000 -21.50000 69.10001 0.12644 13
0.04812 0.10729 36.97158 0 -3.25000 -0.32500 36.92937 0.10140 13
1.22183 -0.06140 27.82057 0 1.82500 -37.27500 17.63911 0.15900 13
0.46267 -0.86206 27.82057 0 1.85000 -37.27500 17.63911 0.15912 13
-0.73697 0.35358 27.82057 0 3.65000 -38.12500 17.63911 0.16720 13
0.40964 0.21558 27.82057 0 1.97500 -39.22500 17.63911 0.17573 13
-0.20009 -0.19921 27.82057 0 3.97500 -40.72500 17.63911 0.19051 13
-0.10184 -0.71549 27.82057 0 2.40000 -41.92500 17.63911 0.20808 13
-1.00593 1.30824 27.82057 0 3.50000 -41.05000 17.63911 0.21714 13
-1.28698 -0.75286 27.82057 0 3.85000 -42.55000 17.63911 0.24200 13
-0.67722 -0.07720 51.64542 0 2.35000 22.15000 42.80208 0.12187 -13
-0.05256 -0.05675 72.66908 0 1.72500 0.25000 72.56924 0.10100 -13
-1.97807 -0.19523 83.30024 0 5.90000 58.07500 38.14482 0.22410 -13
1.65376 -0.14788 84.49174 0 4.47500 -51.87500 44.06554 0.19520 -13
1.52399 0.05686 45.70316 0 -1.70000 -46.25000 25.10163 0.18364 -13
-1.76661 -0.09814 75.91614 0 2.97500 52.90000 37.53398 0.20467 -13
0.34636 -0.17555 52.83611 0 5.30000 -12.25000 50.00617 0.10804 -13
-0.45881 0.04417 91.77143 0 -1.35000 15.30000 83.42518 0.11089 13
0.20442 -0.05915 17.57449 0 1.82500 -7.22500 17.21948 0.10297 -13
1.98572 -0.01124 24.10632 0 0.30000 -59.92500 10.84302 0.22389 13
-1.69408 0.07905 92.24504 0 -2.37500 49.25000 46.99954 0.19827 -13
-1.38486 -0.14883 10.45859 0 4.40000 40.70000 6.16683 0.17261 13
1.25652 -0.06475 47.27878 0 1.92500 -36.50000 29.47891 0.16184 13
-1.03491 0.12652 71.73102 0 -3.80000 34.22500 50.04787 0.14548 -13
-1.06439 -0.27336 71.73102 0 8.25000 35.10000 50.04787 0.14964 -13
0.83076 -0.15824 53.00846 0 4.77500 -25.62500 40.97884 0.13189 -13
0.33313 -0.04221 93.49532 0 1.27500 -10.32500 88.71084 0.10623 -13
0.52456 0.02382 80.93279 0 -0.70000 -17.60000 71.67540 0.11374 -13
0.35574 -0.22562 71.05207 0 6.82500 -12.07500 67.12509 0.10927 -13
1.05747 -0.10568 15.53035 0 3.15000 -30.97500 10.70259 0.14692 13
1.60896 0.01385 27.49028 0 -0.45000 -50.20000 14.51226 0.19078 13
-0.65818 -0.11032 91.56681 0 3.32500 20.55000 76.62531 0.12106 13
0.53632 -0.16301 43.71076 0 4.92500 -17.90000 38.63235 0.11545 -13
-0.02339 0.08150 75.14991 0 -2.47500 2.75000 75.12951 0.10106 13
0.85992 -0.03856 63.47759 0 1.15000 -23.15000 48.14502 0.13287 13
-0.39616 -0.15947 67.65617 0 4.82500 12.95000 63.00601 0.10951 -13
-0.40656 0.09826 86.45828 0 -2.97500 10.77500 80.14621 0.10916 13
-0.47413 0.00012 88.48087 0 -0.00000 15.87500 79.94970 0.11145 13
1.32791 0.02126 53.90383 0 -0.65000 -38.65000 32.43150 0.16742 13
0.52995 0.02082 22.32047 0 -0.65000 -12.40000 19.72310 0.11399 13
0.57875 -0.18652 57.17006 0 5.62500 -18.02500 49.69044 0.11785 13
-0.58671 0.11511 32.59154 0 -3.45000 17.77500 28.15754 0.11732 -13
-0.96095 -0.04851 28.41563 0 1.45000 28.62500 20.50033 0.13974 13
0.16753 0.06719 33.15662 0 -2.05000 -3.45000 32.70290 0.10233 13
-0.52360 -0.19314 4.48309 0 5.70000 15.95000 3.98709 0.11527 13
-0.51055 0.00578 47.08083 0 -0.15000 17.92500 41.93204 0.11307 -13
-0.07492 -0.10767 26.44623 0 3.22500 3.45000 26.37319 0.10156 13
1.61109 0.13148 40.49003 0 -4.00000 -49.90000 21.48582 0.19143 13
1.65373 -0.26816 40.49003 0 8.07500 -51.17500 21.48582 0.19645 13
-0.68602 -0.02039 75.33436 0 0.62500 21.77500 62.12542 0.12214 -13
1.95857 -0.08177 39.74722 0 2.45000 -59.70000 18.12226 0.22159 13
-0.54043 -0.17482 25.79184 0 5.25000 16.65000 22.76653 0.11580 13
1.76006 -0.12525 32.58543 0 3.75000 -51.72500 16.19253 0.20422 13
0.49460 -0.11140 51.66758 0 3.37500 -14.30000 46.36852 0.11291 -13
1.64796 -0.19656 84.58732 0 5.95000 -50.40000 44.48984 0.19514 -13
1.94598 -0.06027 73.95069 0 1.80000 -58.42500 33.84834 0.22041 13
0.36982 -0.21626 1.41955 0 6.12500 -11.92500 1.33487 0.10959 13
-0.00573 -0.15968 4.85959 0 4.92500 1.17500 4.85951 0.10205 -13
-0.78421 -0.20162 93.86757 0 6.10000 26.92500 74.41933 0.12959 -13
-1.68699 -0.16931 25.50754 0 5.15000 54.92500 13.14341 0.19826 -13
0.03847 -0.23989 84.88252 0 7.22500 0.12500 84.82314 0.10363 13
1.60493 -0.09015 9.64892 0 2.82500 -49.12500 5.11726 0.19071 -13
-0.63646 -0.21711 36.36224 0 6.57500 20.05000 30.87702 0.12137 -13
-1.29911 -0.87469 36.36224 0 6.85000 20.30000 30.87702 0.12263 -13
2.53464 2.31875 36.36224 0 7.60000 20.85000 30.87702 0.12636 -13
0.28558 -1.20100 36.36224 0 7.37500 20.67500 30.87702 0.13536 -13
0.60208 -0.01092 9.22922 0 0.40000 -18.65000 7.90700 0.11756 -13
-0.22918 0.05414 73.76237 0 -1.62500 6.95000 71.90340 0.10346 -13
0.72094 -0.16035 18.09067 0 4.80000 -20.47500 14.73815 0.12517 13
-0.57511 0.08236 67.88352 0 -2.50000 17.42500 58.89468 0.11647 13
1.02842 -0.02566 32.09680 0 0.75000 -29.87500 22.37960 0.14447 13
0.62215 0.00244 2.51733 0 0.15000 -18.87500 2.13742 0.11871 -13
-1.24195 0.12100 59.21994 0 -3.65000 38.87500 37.30284 0.16104 13
-1.28010 -0.27926 59.21994 0 8.40000 40.02500 37.30284 0.16597 13
-0.11664 0.05689 15.35583 0 -1.67500 3.17500 15.25272 0.10154 -13
-1.39625 -0.18617 13.94992 0 5.55000 39.45000 8.21438 0.17389 13
-1.01215 -0.17703 91.47542 0 5.35000 27.60000 64.79094 0.14440 -13
-1.78749 -0.17522 79.04234 0 5.27500 52.70000 39.03640 0.20699 13
-1.01027 -0.16170 36.91221 0 4.90000 29.77500 26.13621 0.14409 -13
1.06590 -0.14206 86.46917 0 4.30000 -33.30000 59.47636 0.14789 -13
-0.66867 -0.14854 20.12980 0 4.50000 18.70000 16.78970 0.12208 -13
0.67156 0.07549 78.61419 0 -2.27500 -22.40000 65.32087 0.12154 13
