-0.54257 0.12082 48.96459 0 -3.62500 19.90000 43.10837 0.11522 -13
-0.55928 -0.27939 48.96459 0 8.45000 20.42500 43.10837 0.11878 -13
1.00778 0.14622 34.59982 0 -4.40000 -31.87500 24.50042 0.14371 -13
1.02852 -0.25267 34.59982 0 7.65000 -32.50000 24.50042 0.14670 -13
-1.71982 -0.16791 84.88073 0 5.05000 54.37500 43.11042 0.20104 13
1.36049 0.01775 97.58586 0 -0.52500 -40.95000 57.80161 0.17004 -13
-0.98142 0.04291 54.89392 0 -1.27500 29.00000 39.19584 0.14116 -13
-0.63931 -0.01916 72.38911 0 0.57500 19.55000 60.99404 0.11953 -13
-0.89615 -0.02888 42.56653 0 0.85000 25.87500 31.70585 0.13525 13
-0.59803 0.08217 41.92216 0 -2.47500 17.65000 36.01131 0.11763 -13
0.26667 0.11635 21.22821 0 -3.47500 -5.37500 20.52045 0.10487 -13
1.82193 0.08801 31.72478 0 -2.70000 -56.52500 15.31003 0.20950 13
0.25503 -0.12870 31.91011 0 3.87500 -8.52500 30.93588 0.10473 13
-0.38643 -0.00111 52.05367 0 0.05000 11.15000 48.55452 0.10796 -13
1.28573 -0.12422 18.24699 0 3.80000 -39.22500 11.25553 0.16454 -13
-1.80402 0.08548 1.90737 0 -2.07500 54.62500 0.92712 0.20799 -13
-2.17260 -0.06959 61.64997 0 2.12500 64.65000 25.82900 0.24096 -13
-0.92314 -0.04885 43.59098 0 1.50000 27.57500 32.04676 0.13714 -13
-2.00097 0.07689 98.78895 0 -2.32500 60.27500 44.26771 0.22540 13
0.83881 -0.21271 64.46866 0 6.42500 -26.37500 49.84020 0.13319 -13
-1.46916 0.14635 21.76215 0 -4.37500 43.65000 12.33472 0.17953 -13
-1.49940 -0.25250 21.76215 0 7.65000 44.57500 12.33472 0.18331 -13
0.29238 0.05408 55.49304 0 -1.62500 -7.12500 53.26921 0.10506 -13
-2.04364 0.05824 27.30806 0 -1.72500 63.22500 12.01827 0.22919 -13
-0.85453 -0.10925 92.59332 0 3.30000 27.97500 70.56876 0.13292 13
0.15855 -0.01839 81.38348 0 0.55000 -7.70000 80.37976 0.10198 -13
0.68214 0.01955 24.55890 0 -0.57500 -22.52500 20.28970 0.12192 -13
-0.39546 0.13303 83.62899 0 -4.00000 8.50000 77.86030 0.10911 -13
-0.40570 -0.26647 83.62899 0 8.05000 8.80000 77.86030 0.11194 -13
0.39764 -0.06533 73.99796 0 1.97500 -10.15000 68.78115 0.10857 -13
1.20743 -0.05794 22.16425 0 1.72500 -34.85000 14.15174 0.15798 13
-1.57907 0.10301 58.17121 0 -3.10000 46.82500 31.24043 0.18850 -13
0.77592 0.07333 17.02682 0 -2.17500 -20.50000 13.46632 0.12766 -13
-0.59437 0.03652 97.08485 0 -1.10000 15.20000 83.47061 0.11720 -13
-1.24911 0.09729 29.75120 0 -2.95000 39.12500 18.64626 0.16145 13
-0.61715 -0.04228 85.19361 0 1.27500 18.37500 72.51645 0.11841 13
-0.34865 -0.19666 82.75114 0 5.92500 9.50000 78.29634 0.10847 13
-0.92310 0.14833 76.35292 0 -4.47500 26.95000 56.38358 0.13785 -13
-0.94131 -0.25048 76.35292 0 7.57500 27.50000 56.38358 0.14059 -13
0.23964 -0.12732 92.49924 0 3.82500 -5.97500 89.99141 0.10434 13
-1.28526 0.04051 68.68954 0 -1.22500 36.92500 42.20249 0.16404 13
-0.46735 0.08646 76.84306 0 -2.60000 15.25000 69.66245 0.11149 -13
0.26220 0.09671 86.99496 0 -2.90000 -8.17500 84.17545 0.10456 -13
-1.64046 0.01797 85.51766 0 -0.52500 48.77500 44.51740 0.19348 -13
-1.12423 0.08830 25.06353 0 -2.70000 35.40000 16.69360 0.15180 13
0.04924 -0.04142 53.48120 0 1.25000 -3.05000 53.41658 0.10092 -13
-0.22111 0.05553 33.22369 0 -1.65000 5.22500 32.44257 0.10328 -13
-1.93767 0.04552 6.98198 0 -1.52500 59.85000 3.20438 0.21972 13
0.01212 0.01306 81.90471 0 -0.40000 1.25000 81.89870 0.10072 -13
-1.77022 -0.03628 37.79280 0 1.12500 51.85000 18.59812 0.20478 -13
0.12611 -0.01668 49.35056 0 0.52500 -3.15000 48.96286 0.10152 -13
-1.38123 -0.23776 43.17385 0 7.15000 41.12500 25.77538 0.17335 13
-0.48715 -0.01479 18.16359 0 0.47500 14.25000 16.32934 0.11203 -13
0.66916 -0.15264 14.95318 0 4.57500 -20.87500 12.47163 0.12212 13
1.00537 -0.04658 52.64823 0 1.40000 -27.05000 37.14864 0.14287 13
1.78611 -0.19215 52.86131 0 5.77500 -53.20000 26.18159 0.20702 13
1.21711 -0.17863 37.14333 0 5.40000 -35.77500 23.80040 0.15967 -13
0.87916 0.14376 25.90401 0 -4.35000 -25.70000 19.54074 0.13488 13
0.89812 -0.25530 25.90401 0 7.67500 -26.27500 19.54074 0.13775 13
0.08139 0.00769 44.52773 0 -0.25000 -3.37500 44.38100 0.10104 13
-1.54786 -0.01245 95.47486 0 0.37500 47.65000 51.81285 0.18558 13
1.13982 0.03600 68.80638 0 -1.07500 -33.05000 45.39409 0.15274 -13
0.08330 -0.06537 83.69129 0 1.97500 -1.67500 83.40372 0.10127 13
1.06019 -0.05193 88.79480 0 1.57500 -32.37500 60.97048 0.14686 -13
-1.90027 -0.18525 79.26960 0 5.60000 59.45000 37.40559 0.21692 -13
-0.19580 -0.03416 76.66874 0 1.02500 6.82500 75.24168 0.10267 13
0.82999 0.06341 74.69950 0 -1.92500 -24.55000 57.52688 0.13103 13
-0.55125 -0.09279 55.09721 0 2.80000 15.95000 48.30061 0.11537 -13
-0.58762 -0.03367 16.46566 0 1.05000 16.57500 14.19815 0.11686 -13
1.92179 0.01843 59.37154 0 -0.57500 -61.20000 27.40882 0.21817 13
-1.77003 0.12652 83.65118 0 -3.80000 52.45000 41.39498 0.20512 -13
-1.82046 -0.27335 83.65118 0 8.25000 53.97500 41.39498 0.21099 -13
-0.31325 -0.04586 61.45874 0 1.37500 10.17500 58.65425 0.10563 13
0.31707 -0.11376 70.67843 0 3.45000 -9.27500 67.41245 0.10627 -13
0.72418 -0.02949 51.65796 0 0.90000 -22.27500 41.84565 0.12438 -13
-1.93772 0.11267 1.88723 0 -3.95000 59.07500 0.86991 0.22068 13
-2.00843 -0.28900 1.88723 0 8.12500 60.67500 0.86991 0.22664 13
0.42583 -0.16541 19.34125 0 4.95000 -13.97500 17.83170 0.11070 13
1.49395 0.04354 37.86131 0 -1.30000 -47.55000 21.07428 0.18109 -13
-0.42583 -0.17247 39.41266 0 5.22500 12.10000 36.34244 0.11083 -13
-1.59953 0.07733 1.02375 0 -3.22500 46.82500 0.54361 0.19178 13
1.39042 0.10888 57.28602 0 -3.30000 -45.52500 33.57829 0.17282 13
-0.51642 0.09728 98.07950 0 -2.92500 13.15000 87.23170 0.11376 -13
-1.40667 0.12922 6.93139 0 -4.02500 39.62500 4.03802 0.17442 13
-1.44501 -0.27109 6.93139 0 8.02500 40.72500 4.03802 0.17892 13
1.25202 0.11108 60.25906 0 -3.37500 -40.00000 37.74784 0.16175 13
-0.64550 0.10390 86.73690 0 -3.12500 19.47500 72.98837 0.12031 -13
0.38864 -0.03445 2.90957 0 0.85000 -10.05000 2.71230 0.10814 13
1.90916 -0.17697 43.73217 0 5.37500 -57.70000 20.53776 0.21780 -13
1.40540 -0.06454 88.96911 0 1.95000 -41.05000 51.65214 0.17383 -13
-1.00276 -0.06916 48.03733 0 2.10000 32.20000 33.96161 0.14279 -13
0.29423 0.05966 33.78488 0 -1.77500 -7.95000 32.41555 0.10514 -13
-0.19711 -0.07051 22.85783 0 2.10000 6.55000 22.42845 0.10288 13
0.22292 0.10636 47.34739 0 -3.22500 -7.45000 46.22529 0.10373 13
-0.02067 0.05555 37.46063 0 -1.65000 -1.42500 37.45266 0.10087 -13
0.62372 -0.10564 43.63489 0 3.20000 -17.87500 37.08044 0.11917 -13
-1.13621 -0.23836 34.10619 0 7.17500 36.60000 22.88272 0.15428 13
1.69024 0.05847 31.32285 0 -1.72500 -51.45000 15.96967 0.19785 -13
1.93292 -0.03256 52.79878 0 1.00000 -59.85000 24.27051 0.21919 -13
-0.79202 -0.11571 31.18492 0 3.47500 24.00000 24.50871 0.12898 13
-0.45342 -0.07756 2.52389 0 2.12500 12.07500 2.30001 0.11088 13
-0.40530 0.05422 7.54943 0 -1.57500 12.55000 6.99790 0.10879 -13
1.43112 -0.20304 72.32464 0 6.12500 -44.65000 41.98839 0.17701 -13
-1.21517 -0.17505 68.39038 0 5.30000 37.65000 43.84677 0.15947 -13
1.13959 -0.11659 60.14484 0 3.50000 -34.67500 39.82116 0.15312 13
-0.20765 0.06463 13.13895 0 -2.00000 6.40000 12.86570 0.10307 13
1.19284 -0.10395 48.45963 0 3.12500 -36.87500 31.23087 0.15709 13
-0.69264 -0.00045 93.79947 0 -0.00000 20.22500 77.10948 0.12250 13
-0.26402 0.00242 86.60487 0 -0.07500 6.27500 83.73554 0.10415 -13
0.21418 0.06082 45.40267 0 -1.82500 -7.15000 44.39946 0.10317 -13
-1.23590 -0.07982 96.07543 0 2.40000 35.50000 60.54811 0.16030 13
1.05019 -0.20108 73.18626 0 6.07500 -31.20000 50.99067 0.14744 -13
0.55242 0.12651 12.28629 0 -3.87500 -16.97500 10.77425 0.11578 13
0.56822 -0.27339 12.28629 0 8.20000 -17.45000 10.77425 0.11901 13
-0.88713 0.00779 21.13223 0 -0.27500 28.80000 15.80856 0.13462 13
0.17082 -0.06725 32.08545 0 2.05000 -7.40000 31.62928 0.10239 -13
-0.26382 -0.18291 65.66499 0 5.50000 7.80000 63.55958 0.10576 13
0.05889 0.14275 40.43811 0 -4.32500 -1.85000 40.36955 0.10190 13
0.06020 -0.25632 40.43811 0 7.72500 -1.87500 40.36955 0.10412 13
-0.75895 -0.22005 72.95444 0 6.65000 23.20000 58.60975 0.12836 -13
0.22148 -0.17293 83.99130 0 5.20000 -7.87500 82.05991 0.10460 13
1.30539 -0.16074 70.60896 0 4.85000 -41.40000 43.28422 0.16639 -13
-0.57975 -0.22264 25.59866 0 6.70000 18.15000 22.27920 0.11852 13
-0.76335 -0.14702 31.62222 0 4.42500 23.25000 25.23432 0.12754 13
-0.53087 -0.02838 14.52061 0 0.90000 14.92500 12.82670 0.11405 -13
0.62633 -0.15179 72.67854 0 4.57500 -20.30000 61.79100 0.11981 -13
-0.48701 -0.04516 89.42465 0 1.37500 15.30000 80.41290 0.11211 -13
0.14889 -0.23794 53.90387 0 7.17500 -3.47500 53.34714 0.10459 13
1.11459 -0.20695 28.54096 0 6.27500 -33.00000 19.28076 0.15226 -13
0.64490 0.12809 64.87233 0 -3.85000 -18.47500 54.64821 0.12052 -13
0.66288 -0.27169 64.87233 0 8.20000 -19.00000 54.64821 0.12389 -13
-0.08295 -0.22811 86.37530 0 6.87500 4.97500 86.09422 0.10363 -13
-1.30406 -0.17071 85.51202 0 5.15000 37.27500 52.50603 0.16638 -13
-1.08750 -0.09792 27.90200 0 2.97500 32.90000 18.93572 0.14911 -13
1.36102 -0.13574 41.78095 0 4.12500 -41.20000 24.88477 0.17064 -13
-0.43090 -0.23679 87.04350 0 7.12500 12.60000 80.27233 0.11222 13
0.93421 -0.24209 57.75726 0 7.30000 -29.72500 42.76050 0.13994 13
1.20122 -0.05767 99.96866 0 1.75000 -37.20000 64.02272 0.15751 -13
-1.02502 -0.07412 95.22584 0 2.22500 30.92500 66.59103 0.14440 13
0.27323 0.13240 69.95466 0 -4.00000 -5.42500 67.52163 0.10524 13
0.28037 -0.26717 69.95466 0 8.05000 -5.65000 67.52163 0.10798 13
1.14219 -0.04685 51.01469 0 1.42500 -34.47500 33.62511 0.15295 -13
-1.24546 -0.20990 44.09028 0 6.30000 37.12500 27.96513 0.16221 13
-0.18287 -0.12297 50.83975 0 3.72500 6.00000 50.02234 0.10312 -13
0.81412 0.00582 24.75059 0 -0.20000 -24.97500 19.19414 0.12986 13
1.00490 0.05030 25.87698 0 -1.50000 -29.17500 18.26476 0.14284 -13
-1.15800 -0.15789 21.66954 0 4.80000 35.12500 14.26260 0.15493 -13
-1.38404 -0.10943 77.41621 0 3.30000 44.15000 45.51647 0.17229 13
0.67905 -0.07463 79.10749 0 2.25000 -20.12500 65.50198 0.12196 13
-0.08817 -0.10248 29.97441 0 3.10000 1.20000 29.85980 0.10163 -13
-1.27366 0.02501 56.08435 0 -0.75000 38.50000 34.64123 0.16309 -13
1.28332 -0.10555 93.78966 0 3.17500 -40.60000 57.84693 0.16417 13
-0.45107 -0.17826 23.94123 0 5.35000 13.77500 21.88096 0.11182 13
-0.66607 0.05530 66.27688 0 -1.65000 20.20000 55.18678 0.12112 -13
-0.96278 0.06934 79.81707 0 -2.10000 28.30000 57.56549 0.13997 13
0.59680 -0.06152 27.18988 0 1.82500 -16.32500 23.36004 0.11743 13
-0.12516 -0.18102 32.32470 0 5.47500 3.20000 32.08238 0.10312 -13
0.27680 -0.15803 24.25112 0 4.80000 -8.40000 23.39243 0.10571 -13
1.08377 -0.02452 95.04973 0 0.75000 -30.15000 64.46660 0.14852 -13
-1.80961 -0.04238 50.16528 0 1.25000 54.40000 24.27993 0.20825 13
1.69570 0.09688 98.61000 0 -2.90000 -50.60000 50.26449 0.19848 -13
-0.83049 -0.12280 4.11292 0 3.55000 25.75000 3.17383 0.13145 13
1.46748 0.10949 45.16188 0 -3.32500 -42.97500 25.53391 0.17919 13
1.72712 0.12803 56.74010 0 -3.87500 -49.70000 28.60437 0.20140 13
1.77523 -0.27179 56.74010 0 8.17500 -51.15000 28.60437 0.20697 13
-1.30694 -0.19431 61.14789 0 5.87500 41.95000 37.59157 0.16689 -13
0.79978 -0.02432 34.11654 0 0.72500 -26.05000 26.64643 0.12897 13
-0.29125 -0.06340 91.10477 0 1.92500 9.42500 87.48412 0.10508 -13
-1.67065 -0.04261 81.12169 0 1.30000 49.55000 41.69154 0.19613 -13
-0.16309 0.12573 30.87909 0 -3.80000 2.92500 30.48246 0.10283 13
-0.16780 -0.27424 30.87909 0 8.25000 3.07500 30.48246 0.10577 13
-0.42376 -0.07889 44.37615 0 2.37500 14.90000 40.87808 0.10966 13
-0.83165 0.11112 5.79702 0 -3.45000 26.07500 4.46827 0.13153 13
0.67837 -0.09657 99.68773 0 2.92500 -20.92500 82.61699 0.12208 -13
-0.65364 0.08661 61.45330 0 -2.60000 21.15000 51.49667 0.12062 -13
-1.14425 -0.08520 87.91204 0 2.57500 36.07500 57.96879 0.15328 -13
-0.58469 -0.01454 94.22186 0 0.42500 16.67500 81.34092 0.11667 13
0.12574 -0.11711 14.99256 0 3.57500 -1.60000 14.87698 0.10220 -13
1.14262 -0.15559 10.52746 0 4.77500 -35.70000 6.97997 0.15378 -13
1.50021 -0.05968 57.34781 0 1.77500 -41.50000 31.84667 0.18166 13
-0.42111 -0.08321 43.59535 0 2.52500 11.37500 40.19895 0.10959 -13
1.76107 0.04861 45.27722 0 -1.47500 -51.57500 22.37731 0.20400 13
0.17392 -0.23477 96.32265 0 7.07500 -5.77500 94.97084 0.10491 -13
-0.59374 -0.15737 78.88093 0 4.75000 15.15000 68.04111 0.11818 13
-0.25049 0.12863 86.55197 0 -3.87500 6.37500 83.99847 0.10461 -13
-0.25741 -0.27112 86.55197 0 8.17500 6.60000 83.99847 0.10751 -13
0.43197 -0.23118 89.56330 0 6.97500 -14.60000 82.55035 0.11213 13
1.41654 -0.20922 17.93460 0 6.35000 -42.45000 10.49085 0.17594 -13
1.83197 -0.18735 19.38959 0 5.60000 -54.75000 9.41422 0.21095 13
0.04574 -0.16854 29.28477 0 5.10000 0.22500 29.25504 0.10224 -13
0.73824 -0.20211 66.14721 0 6.10000 -19.75000 53.58879 0.12682 -13
-0.05956 -0.10097 77.04252 0 3.05000 0.60000 76.90761 0.10139 -13
-1.74270 -0.07843 94.30225 0 2.37500 51.05000 47.04265 0.20250 -13
0.02282 -0.12220 91.91652 0 3.70000 -0.30000 91.89295 0.10148 -13
-0.61887 -0.02768 95.20706 0 0.85000 21.77500 80.96639 0.11846 -13
0.23661 0.11007 17.06693 0 -3.35000 -8.87500 16.61368 0.10409 13
2.01512 0.01956 98.10128 0 -0.60000 -62.22500 43.61481 0.22656 13
-0.54000 -0.05455 62.27593 0 1.62500 15.17500 54.81532 0.11457 13
0.54420 -0.10705 56.07297 0 3.22500 -16.95000 49.31589 0.11515 13
-0.04957 0.07105 90.48034 0 -2.15000 -0.47500 90.36992 0.10109 -13
0.18774 0.04649 61.33480 0 -1.40000 -3.77500 60.28397 0.10257 -13
-0.43395 -0.22941 60.00627 0 6.90000 10.47500 55.26602 0.11217 13
-0.88646 -0.07732 20.46612 0 2.37500 24.67500 15.33513 0.13481 -13
-1.66621 0.04145 13.90845 0 -1.20000 52.37500 7.15990 0.19578 -13
-0.26653 -0.00497 30.72834 0 0.17500 8.82500 29.69176 0.10422 -13
-1.05900 0.12371 10.72725 0 -3.80000 31.12500 7.39469 0.14725 13
-1.09027 -0.27633 10.72725 0 8.27500 32.02500 7.39469 0.15148 13
0.13590 -0.18437 74.43182 0 5.57500 -6.52500 73.77581 0.10331 -13
1.13933 0.13728 55.91536 0 -4.12500 -32.97500 37.07827 0.15328 -13
1.16684 -0.26203 55.91536 0 7.92500 -33.80000 37.07827 0.15701 -13
-0.24056 -0.22717 92.42189 0 6.85000 8.82500 89.97938 0.10607 13
-0.55644 0.06953 62.26066 0 -2.10000 15.47500 54.43598 0.11545 -13
1.75504 -0.22562 61.73818 0 6.80000 -53.35000 31.13916 0.20466 13
-0.85027 0.01308 87.89789 0 -0.40000 24.85000 66.96658 0.13219 13
0.79302 -0.00555 66.38013 0 0.17500 -24.17500 52.01107 0.12853 -13
-0.64726 -0.12577 59.62694 0 3.77500 20.35000 50.17172 0.12062 13
-0.10887 -0.07769 93.19684 0 2.35000 0.80000 92.65263 0.10160 -13
1.79564 -0.18547 12.09882 0 5.67500 -53.75000 5.96265 0.20793 -13
-0.06004 -0.13580 61.49730 0 4.10000 0.75000 61.38875 0.10181 -13
-2.16336 -0.22076 72.60105 0 6.65000 64.67500 31.06328 0.24100 13
0.24354 0.14353 46.12194 0 -4.35000 -10.15000 44.83759 0.10465 13
0.24881 -0.25551 46.12194 0 7.70000 -10.32500 44.83759 0.10690 13
1.62974 0.04202 99.92719 0 -1.25000 -48.45000 52.29465 0.19260 -13
-1.09596 0.05805 64.09853 0 -1.75000 34.52500 43.24388 0.14951 -13
-0.83174 -0.09624 29.72514 0 2.92500 23.45000 22.89622 0.13136 -13
0.09276 -0.16094 35.04611 0 4.85000 -2.12500 34.90004 0.10242 13
-1.93882 0.12916 72.63832 0 -3.87500 56.95000 33.51531 0.22005 -13
-1.99203 -0.27054 72.63832 0 8.17500 58.57500 33.51531 0.22613 -13
-0.26792 -0.08654 69.80646 0 2.62500 10.80000 67.44520 0.10462 -13
2.14443 -0.18800 97.20288 0 5.67500 -62.82500 41.66938 0.23905 -13
-0.83507 -0.22806 44.87644 0 6.90000 24.75000 34.80077 0.13321 -13
-0.91418 -0.20309 10.39404 0 6.20000 28.55000 7.74196 0.13802 -13
0.19110 -0.01171 28.72168 0 0.32500 -4.90000 28.21119 0.10253 13
-1.13781 -0.22425 19.54526 0 6.80000 34.37500 13.08035 0.15426 -13
0.18463 -0.07562 49.15145 0 2.27500 -3.52500 48.33913 0.10269 13
-0.33153 0.04437 6.24424 0 -1.42500 9.15000 5.92773 0.10621 13
-0.90124 -0.14467 43.85032 0 4.37500 26.25000 32.72429 0.13636 -13
-1.31364 -0.19553 10.01897 0 5.80000 38.15000 6.14034 0.16735 13
1.53676 0.14721 6.35753 0 -4.30000 -46.75000 3.49426 0.18510 -13
1.56768 -0.25153 6.35753 0 7.72500 -47.77500 3.49426 0.18917 -13
1.20392 0.03842 90.72740 0 -1.17500 -35.00000 57.99546 0.15766 13
-1.07577 0.08859 93.52649 0 -2.67500 31.00000 63.81028 0.14819 13
-0.01623 -0.15816 15.09350 0 4.80000 0.80000 15.09155 0.10199 -13
-0.57941 0.07013 52.75575 0 -2.12500 18.80000 45.67521 0.11660 13
-0.78781 -0.04326 26.41129 0 1.27500 24.02500 20.75387 0.12827 13
0.52866 0.00127 81.37607 0 -0.02500 -17.35000 71.94159 0.11391 -13
0.43138 -0.11041 12.99763 0 3.30000 -10.15000 11.94582 0.11022 13
-0.47813 -0.04393 29.82151 0 1.35000 12.90000 26.90904 0.11171 -13
-1.19022 0.11212 93.89829 0 -3.37500 35.25000 60.62344 0.15695 -13
1.32800 0.09443 15.15285 0 -2.80000 -38.95000 9.14055 0.16766 -13
-0.47048 -0.10498 99.33591 0 3.17500 13.62500 89.97392 0.11180 -13
0.74372 -0.06219 46.41860 0 1.87500 -21.52500 37.27222 0.12565 13
0.50014 -0.19385 14.96648 0 5.80000 -14.15000 13.43447 0.11425 13
0.38605 -0.16968 99.60124 0 5.12500 -12.70000 93.08684 0.10929 13
-0.62959 -0.02651 51.27271 0 0.80000 18.50000 43.39378 0.11903 13
-0.52839 0.05595 97.76659 0 -1.67500 17.82500 86.47099 0.11403 -13
0.39191 -0.20213 15.29244 0 6.12500 -12.00000 14.27504 0.11009 -13
-1.49814 0.12840 25.81728 0 -3.90000 44.97500 14.41496 0.18186 13
-1.53978 -0.27142 25.81728 0 8.15000 46.20000 14.41496 0.18683 13
0.03990 -0.19409 71.74352 0 5.85000 -2.40000 71.68856 0.10266 13
0.48289 -0.09886 15.46874 0 2.95000 -16.35000 13.94235 0.11226 13
0.61369 0.02459 19.73464 0 -0.77500 -19.72500 16.82108 0.11818 13
0.54053 -0.20433 66.93970 0 6.15000 -13.57500 59.15602 0.11630 13
-1.49043 0.00761 94.64581 0 -0.22500 42.40000 52.73416 0.18075 -13
0.15024 0.09202 97.96464 0 -2.77500 -5.07500 96.88643 0.10225 -13
0.05430 -0.04723 45.93016 0 1.42500 -0.87500 45.86275 0.10096 13
-0.75015 0.00866 66.08475 0 -0.25000 21.00000 52.86456 0.12589 -13
0.19409 -0.16284 16.47293 0 4.95000 -3.80000 16.17873 0.10390 -13
-0.03499 0.04215 53.59838 0 -1.25000 2.80000 53.56566 0.10085 -13
0.78503 0.00916 64.06061 0 -0.27500 -25.77500 50.39179 0.12802 13
-1.52027 0.13362 63.28648 0 -4.05000 46.42500 34.99412 0.18375 13
-1.55922 -0.26591 63.28648 0 8.00000 47.57500 34.99412 0.18843 13
0.71951 -0.17240 14.28042 0 5.25000 -20.57500 11.64932 0.12530 -13
0.39146 0.11144 87.75880 0 -3.37500 -10.45000 81.78684 0.10873 13
-0.35880 0.01166 42.11971 0 -0.37500 5.52500 39.64530 0.10700 13
-0.03334 -0.20154 79.26986 0 6.07500 1.70000 79.22757 0.10278 13
0.78226 0.10855 68.12879 0 -3.27500 -23.75000 53.77964 0.12833 13
-1.59927 -0.00231 3.33153 0 -0.20000 47.40000 1.76607 0.19007 13
0.80183 -0.24926 26.20164 0 7.50000 -26.55000 20.68027 0.13147 13
0.13570 -0.09558 55.88472 0 2.87500 -7.32500 55.38167 0.10208 13
0.20804 0.05132 64.24487 0 -1.55000 -9.40000 62.90161 0.10299 13
-0.03493 -0.07529 7.83410 0 2.32500 2.35000 7.82936 0.10108 -13
-0.47191 -0.04852 40.27950 0 1.47500 14.52500 36.43394 0.11146 -13
1.02028 -0.09788 53.97916 0 2.95000 -29.17500 37.87607 0.14420 13
1.22190 -0.19343 54.56823 0 5.82500 -35.40000 34.94002 0.16018 13
-1.86566 -0.15317 2.26952 0 5.10000 59.57500 1.08164 0.21453 -13
1.79205 0.13829 27.99366 0 -4.20000 -52.47500 13.73956 0.20717 13
1.83458 -0.26112 27.99366 0 7.82500 -53.75000 13.73956 0.21199 13
-1.74050 0.11462 87.99131 0 -3.47500 51.37500 44.05112 0.20247 13
-0.07309 0.01106 30.79810 0 -0.35000 1.10000 30.71621 0.10098 13
0.62155 -0.02598 59.71554 0 0.80000 -18.40000 50.72196 0.11860 -13
0.16317 -0.02934 69.01765 0 0.87500 -8.12500 68.11756 0.10207 13
1.02198 0.02817 93.71386 0 -0.85000 -30.90000 65.55509 0.14401 -13
0.27508 0.01158 2.97631 0 -0.17500 -7.15000 2.86974 0.10451 -13
-0.37614 0.07935 56.78867 0 -2.37500 7.75000 53.17334 0.10788 -13
0.57481 -0.00578 45.60468 0 0.17500 -16.85000 39.53837 0.11616 -13
1.56450 -0.03138 97.72742 0 0.92500 -45.72500 52.65066 0.18701 13
-0.02552 0.03718 68.48640 0 -1.12500 -0.05000 68.46414 0.10081 13
-0.08213 -0.01816 56.97490 0 0.55000 -0.27500 56.78381 0.10106 13
-0.56931 -0.17599 58.09090 0 5.30000 16.45000 50.66939 0.11723 13
1.12440 -0.19526 63.16875 0 5.87500 -34.32500 42.41706 0.15279 13
-1.83271 0.10747 89.93948 0 -3.22500 55.35000 43.26987 0.21051 -13
1.48353 -0.03045 96.42343 0 0.92500 -44.70000 53.91193 0.18020 -13
0.76756 -0.01134 67.41154 0 0.35000 -24.97500 53.47672 0.12695 -13
-2.04704 0.08619 3.25150 0 -2.25000 64.47500 1.43076 0.22960 -13
0.41461 -0.19912 57.68501 0 6.00000 -11.70000 53.43599 0.11084 13
1.53233 -0.06330 55.31960 0 1.90000 -46.80000 30.27568 0.18436 13
0.36887 -0.05446 94.43870 0 1.62500 -12.70000 88.61873 0.10747 13
1.94744 -0.04095 86.37695 0 1.22500 -58.35000 39.48226 0.22049 13
2.78754 -1.28653 86.37695 0 1.17500 -58.37500 39.48226 0.22057 13
-3.50289 0.88081 86.37695 0 1.72500 -61.10000 39.48226 0.23125 13
2.07400 0.19007 86.37695 0 1.77500 -61.30000 39.48226 0.23200 13
-1.14654 0.16163 86.37695 0 2.72500 -64.05000 39.48226 0.24533 13
-0.02258 0.09226 85.49645 0 -2.77500 2.35000 85.47485 0.10115 -13
-0.66439 0.02439 2.54027 0 -0.97500 20.22500 2.11607 0.12106 13
-0.37517 -0.05761 13.14771 0 1.70000 10.00000 12.31238 0.10771 13
-1.25230 -0.03519 49.11939 0 1.07500 37.67500 30.66154 0.16143 -13
0.78000 0.06045 34.91604 0 -1.85000 -22.92500 27.55054 0.12786 13
-0.97693 -0.02017 15.26619 0 0.65000 29.17500 10.92102 0.14080 -13
0.22671 -0.12907 98.33991 0 3.90000 -8.62500 95.94440 0.10407 13
1.62991 -0.08695 72.82424 0 2.60000 -46.72500 38.18770 0.19275 13
-1.11714 0.13482 94.12798 0 -4.07500 34.47500 63.09364 0.15160 13
-1.14525 -0.26463 94.12798 0 7.97500 35.30000 63.09364 0.15540 13
-0.27344 -0.15689 49.30177 0 4.72500 7.32500 47.59575 0.10558 13
-0.02287 -0.09681 35.41676 0 2.92500 -2.22500 35.40760 0.10120 -13
1.33324 -0.05823 82.02165 0 1.75000 -38.12500 49.26870 0.16792 13
0.70925 0.07702 31.90680 0 -2.35000 -22.75000 26.05123 0.12371 13
1.64980 -0.20857 36.33424 0 6.27500 -50.30000 19.12790 0.19538 13
0.17343 0.11549 54.02541 0 -3.47500 -5.87500 53.24109 0.10286 -13
-0.04617 0.00402 13.33845 0 -0.15000 1.35000 13.32426 0.10081 13
-0.44503 0.08386 98.27710 0 -2.52500 14.50000 89.83882 0.11055 13
1.10129 0.11696 57.71558 0 -3.55000 -31.62500 38.94253 0.15027 13
0.27857 -0.09708 68.52278 0 2.92500 -9.80000 66.03144 0.10499 13
-1.29793 -0.06840 79.29703 0 2.07500 37.62500 48.46742 0.16514 -13
0.51420 -0.17570 48.42228 0 5.30000 -15.42500 43.19827 0.11462 -13
-0.10015 -0.02223 90.15121 0 0.67500 6.02500 89.70269 0.10123 13
-0.63605 0.13749 73.32440 0 -4.15000 21.45000 62.03591 0.12015 13
-0.65137 -0.26182 73.32440 0 7.90000 21.90000 62.03591 0.12303 13
2.06577 0.07824 46.52851 0 -2.37500 -63.27500 20.32368 0.23126 13
-1.55376 0.11621 91.59680 0 -3.50000 48.90000 49.80684 0.18644 -13
0.63045 -0.14909 65.42662 0 4.50000 -16.85000 55.51764 0.11999 -13
1.44505 0.01016 61.25097 0 -0.30000 -43.10000 34.85605 0.17697 -13
-1.30669 -0.15799 51.99769 0 4.75000 41.02500 31.84666 0.16645 13
0.31788 -0.00637 4.79171 0 0.30000 -8.25000 4.56652 0.10570 -13
0.39771 -0.10702 73.19444 0 3.22500 -13.52500 68.06577 0.10891 13
-1.96028 -0.24996 57.17970 0 7.52500 61.17500 26.61256 0.22299 13
0.14593 -0.14923 14.77338 0 4.52500 -2.12500 14.62180 0.10290 -13
0.25315 -0.12591 72.77432 0 3.80000 -8.52500 70.58215 0.10466 -13
1.38142 0.10905 17.89822 0 -3.32500 -40.47500 10.53676 0.17210 13
-0.55888 0.12349 23.98139 0 -3.75000 18.27500 20.97146 0.11604 13
-0.57545 -0.27660 23.98139 0 8.32500 18.75000 20.97146 0.11946 13
-1.54048 -0.02586 50.56626 0 0.80000 45.30000 27.53950 0.18497 -13
-1.63127 0.05482 55.39138 0 -1.67500 49.60000 28.98078 0.19277 13
-1.17819 -0.18399 85.80597 0 5.55000 36.97500 56.06178 0.15671 13
1.69846 -0.10042 75.15980 0 3.05000 -51.37500 38.27556 0.19874 -13
0.90694 -0.05163 32.90871 0 1.57500 -26.75000 24.39130 0.13606 -13
0.85603 -0.01045 47.15723 0 0.32500 -23.65000 35.82503 0.13257 -13
0.74891 0.02335 80.29427 0 -0.70000 -20.60000 64.27541 0.12583 13
-0.89505 -0.04248 64.56289 0 1.30000 27.07500 48.12659 0.13522 -13
-0.29825 0.02710 42.89688 0 -0.80000 9.82500 41.10868 0.10512 -13
0.36371 0.11306 60.69539 0 -3.42500 -7.20000 57.08174 0.10776 13
-2.01286 -0.01052 5.59983 0 0.50000 61.85000 2.49178 0.22638 -13
-1.24528 -0.02045 17.42014 0 0.67500 37.40000 10.90792 0.16087 -13
0.38001 0.04184 3.49850 0 -1.10000 -12.70000 3.27063 0.10784 -13
1.20904 0.10493 87.94831 0 -3.17500 -35.47500 56.23489 0.15836 13
0.13768 -0.05392 96.29941 0 1.62500 -3.65000 95.40206 0.10180 -13
1.78871 -0.11881 54.24271 0 3.60000 -53.75000 26.61067 0.20673 -13
-0.22121 0.06697 58.19563 0 -2.02500 6.00000 56.82789 0.10336 13
0.76164 -0.22742 84.44299 0 6.85000 -25.42500 67.79198 0.12863 13
-0.15541 -0.00812 61.49418 0 0.22500 5.02500 60.76475 0.10191 13
1.38281 -0.22310 15.30581 0 6.80000 -41.10000 9.11211 0.17339 -13
0.53013 -0.19247 24.58670 0 5.82500 -18.20000 21.80875 0.11563 -13
0.23364 0.05839 46.03785 0 -1.77500 -6.87500 44.83437 0.10358 13
1.62541 -0.08100 40.39999 0 2.47500 -49.22500 21.22092 0.19236 -13
-0.73562 0.02096 80.40342 0 -0.62500 20.92500 64.77214 0.12503 -13
0.73087 -0.19141 5.66351 0 5.87500 -22.15000 4.60068 0.12632 -13
-1.03775 -0.09906 33.62253 0 3.00000 30.77500 23.38949 0.14548 -13
0.84101 0.05756 10.10339 0 -1.80000 -25.90000 7.73750 0.13173 13
-0.36625 -0.05674 30.52306 0 1.70000 13.10000 28.66686 0.10739 13
0.65081 -0.13562 77.33123 0 4.10000 -17.82500 64.98863 0.12093 -13
-1.23529 0.09009 16.16365 0 -2.77500 37.72500 10.19539 0.16033 13
-0.00267 -0.06216 42.14892 0 1.87500 -3.15000 42.14877 0.10090 -13
-0.65303 -0.03789 94.05087 0 1.12500 20.77500 78.76404 0.12033 13
1.34928 0.05825 8.76281 0 -1.67500 -39.65000 5.22303 0.16922 -13
-0.23260 -0.19691 33.03181 0 5.95000 6.65000 32.20386 0.10529 -13
2.04572 -0.03985 4.82367 0 0.97500 -64.25000 2.11950 0.22936 13
-0.28240 -0.10472 43.80913 0 3.17500 10.50000 42.17720 0.10518 -13
-0.61408 -0.17117 24.26187 0 5.15000 19.10000 20.75625 0.11941 13
-1.29314 -0.14462 35.88817 0 4.37500 39.37500 22.09218 0.16531 -13
-0.35815 0.05118 16.89650 0 -1.57500 11.25000 15.90942 0.10710 13
-0.62010 -0.23618 22.51890 0 7.15000 16.05000 19.28001 0.12089 -13
0.64805 -0.18434 95.25888 0 5.55000 -19.32500 80.33180 0.12142 13
0.82382 -0.10797 24.10820 0 3.27500 -24.82500 18.65058 0.13094 -13
-0.60347 -0.13330 50.24022 0 4.00000 18.55000 43.11551 0.11838 13
1.04813 -0.12178 20.15413 0 3.65000 -32.80000 13.96583 0.14638 13
-1.06372 0.12772 53.78739 0 -3.87500 30.45000 36.99924 0.14759 13
-1.09352 -0.27210 53.78739 0 8.20000 31.32500 36.99924 0.15170 13
-0.73911 -0.05121 89.99359 0 1.55000 24.52500 72.40461 0.12533 13
-0.71854 -0.23621 81.83101 0 7.12500 21.57500 67.06044 0.12627 -13
0.37621 -0.14880 7.86190 0 4.55000 -10.30000 7.36829 0.10868 -13
1.74964 -0.24353 2.62859 0 6.95000 -51.45000 1.33176 0.20415 13
-0.65345 -0.07113 56.66268 0 2.12500 18.82500 47.46926 0.12051 13
-1.22517 -0.18569 99.88259 0 5.60000 39.17500 63.79985 0.16036 -13
-1.16547 -0.16336 97.69607 0 4.92500 35.55000 64.09887 0.15553 -13
1.10787 -0.15897 6.30833 0 4.67500 -35.55000 4.25580 0.15108 13
0.70258 -0.00924 22.82166 0 0.25000 -21.67500 18.67373 0.12308 13
0.07294 -0.12825 78.44922 0 3.85000 -3.47500 78.24473 0.10179 13
0.58837 -0.02068 5.91552 0 0.52500 -15.77500 5.09874 0.11687 13
1.14105 -0.17648 73.27123 0 5.32500 -34.20000 48.71053 0.15381 13
0.32117 -0.10048 1.60343 0 3.32500 -11.12500 1.52728 0.10660 -13
0.67774 -0.22140 76.19142 0 6.67500 -23.12500 63.54014 0.12367 13
0.29350 0.06168 40.31151 0 -1.87500 -8.60000 38.68585 0.10514 13
1.14217 -0.00769 34.09566 0 0.20000 -33.20000 22.46006 0.15288 13
0.58488 -0.04190 76.93232 0 1.27500 -17.67500 66.42286 0.11674 -13
-0.20243 0.04664 84.02327 0 -1.40000 5.00000 82.35638 0.10285 -13
1.67343 -0.05705 91.08763 0 1.70000 -50.12500 46.78090 0.19639 13
1.02838 0.00649 85.27676 0 -0.20000 -30.40000 59.45089 0.14446 -13
0.29407 -0.06110 98.16536 0 1.85000 -6.47500 94.19163 0.10515 -13
0.88313 0.00017 65.63930 0 -0.02500 -26.92500 49.19980 0.13435 13
-1.02982 -0.16655 48.18485 0 5.05000 29.57500 33.80354 0.14554 -13
0.74336 0.08167 48.64683 0 -2.45000 -24.20000 39.08796 0.12574 -13
-1.15119 -0.22883 88.61732 0 6.90000 36.67500 58.95676 0.15527 13
-0.33836 -0.10379 96.76423 0 3.12500 12.52500 91.70965 0.10683 -13
0.15815 -0.04031 74.08132 0 1.22500 -2.52500 73.17336 0.10204 -13
0.79823 0.13673 17.18163 0 -4.17500 -23.82500 13.47726 0.12960 13
0.81767 -0.26267 17.18163 0 7.87500 -24.40000 13.47726 0.13269 13
-0.45904 -0.09737 65.19780 0 2.92500 13.10000 59.30189 0.11124 13
0.20291 0.07509 12.27567 0 -2.30000 -8.30000 12.03171 0.10305 13
-1.30307 -0.09930 36.59948 0 3.02500 38.85000 22.35068 0.16573 -13
0.74090 -0.06830 18.86242 0 2.02500 -23.27500 15.16867 0.12551 13
1.68634 0.02019 64.40011 0 -0.60000 -52.55000 32.85327 0.19745 -13
2.03952 0.12193 8.12267 0 -3.55000 -61.50000 3.59773 0.22894 -13
0.32962 0.13055 61.83273 0 -3.92500 -7.62500 58.77278 0.10684 -13
0.33847 -0.26909 61.83273 0 8.12500 -7.87500 58.77278 0.10972 -13
0.28068 -0.07595 91.80148 0 2.30000 -6.82500 88.40447 0.10488 -13
1.73545 -0.08896 35.01532 0 2.65000 -51.22500 17.53374 0.20188 13
-1.75420 -0.21526 16.39008 0 6.55000 53.60000 8.25619 0.20458 -13
-0.92038 -0.02299 32.42363 0 0.67500 24.77500 23.85925 0.13689 13
-0.82039 -0.05023 8.24391 0 1.45000 25.72500 6.37713 0.13034 13
-0.54926 -0.17293 28.11782 0 5.22500 15.35000 24.72847 0.11622 -13
-0.66171 0.14207 98.24985 0 -4.27500 18.85000 82.18352 0.12160 -13
-0.67643 -0.25702 98.24985 0 7.75000 19.30000 82.18352 0.12431 -13
1.22318 -0.17870 59.20804 0 5.37500 -39.05000 37.82691 0.16011 13
-0.29845 -0.10834 55.00834 0 3.27500 7.85000 52.73608 0.10566 -13
-0.60452 0.09850 4.04534 0 -3.10000 17.67500 3.46661 0.11818 13
-0.43621 -0.07162 20.79075 0 2.12500 15.62500 19.06444 0.11009 13
-0.20922 0.07011 17.28136 0 -2.07500 6.02500 16.91681 0.10312 -13
1.58415 -0.12578 15.71339 0 3.85000 -47.62500 8.43502 0.18912 -13
-1.65741 -0.24327 67.10018 0 7.32500 47.55000 35.39735 0.19644 13
-0.78024 -0.02326 33.09200 0 0.67500 21.52500 26.09271 0.12775 13
0.42632 -0.02555 62.33894 0 0.75000 -14.90000 57.34807 0.10950 13
0.35084 0.07076 73.74122 0 -2.15000 -10.00000 69.60198 0.10696 13
-1.98227 0.07393 10.21311 0 -2.12500 64.02500 4.61013 0.22366 -13
-0.48458 0.13912 67.54698 0 -4.20000 13.45000 60.89644 0.11278 13
-0.49592 -0.26011 67.54698 0 7.85000 13.80000 60.89644 0.11541 13
1.09745 0.08004 69.62593 0 -2.42500 -31.15000 46.97615 0.14974 13
-0.20695 -0.07932 32.63995 0 2.37500 6.75000 31.96678 0.10314 13
-0.11190 0.11000 39.60538 0 -3.32500 2.52500 39.36259 0.10194 13
0.25480 0.14415 45.98630 0 -4.32500 -6.62500 44.59023 0.10493 -13
0.26024 -0.25483 45.98630 0 7.70000 -6.77500 44.59023 0.10719 -13
-0.22881 0.07312 28.15832 0 -2.17500 6.47500 27.45257 0.10356 -13
0.37581 -0.23759 69.15008 0 7.15000 -10.35000 64.94514 0.11020 13
0.77119 0.14444 29.51927 0 -4.32500 -22.40000 23.46538 0.12799 -13
0.78764 -0.25452 29.51927 0 7.70000 -22.90000 23.46538 0.13075 -13
1.74661 -0.20905 58.53819 0 6.30000 -52.65000 29.55566 0.20375 13
1.77327 0.09092 85.85114 0 -2.75000 -52.15000 42.30288 0.20522 13
-0.71397 -0.15911 29.25160 0 4.77500 23.82500 23.90649 0.12476 13
1.23286 0.03035 77.98431 0 -0.90000 -37.12500 49.14015 0.15988 -13
-1.13059 -0.04988 16.03217 0 1.45000 35.42500 10.62904 0.15208 13
-0.21065 0.10450 42.55130 0 -3.17500 7.35000 41.64710 0.10345 13
0.08877 0.13014 92.51697 0 -3.92500 -1.25000 92.16061 0.10195 13
0.09117 -0.26956 92.51697 0 8.12500 -1.32500 92.16061 0.10470 13
-1.13509 -0.24351 39.86902 0 7.37500 37.35000 26.78039 0.15433 -13
0.45624 -0.18570 80.33400 0 5.60000 -14.00000 73.29748 0.11225 13
-1.27087 0.06756 89.04611 0 -2.05000 41.20000 55.14282 0.16299 13
0.20193 -0.07597 14.46499 0 2.32500 -7.17500 14.18040 0.10303 -13
0.11254 -0.12302 97.22275 0 3.72500 -4.52500 96.62188 0.10210 -13
0.90844 -0.19093 25.62517 0 5.72500 -26.82500 19.11992 0.13738 13
-1.22547 0.03191 57.41849 0 -0.95000 38.17500 36.31310 0.15931 -13
-0.79041 -0.15214 62.52016 0 4.60000 24.00000 49.26344 0.12928 -13
-0.03903 -0.21604 2.53797 0 6.72500 3.22500 2.53615 0.10334 -13
-0.15043 0.13349 53.83417 0 -4.02500 6.70000 53.24553 0.10272 13
-0.15429 -0.26604 53.83417 0 8.02500 6.80000 53.24553 0.10535 13
-0.06563 -0.10498 81.61729 0 3.17500 -0.97500 81.44396 0.10147 -13
-1.08637 -0.00139 95.20069 0 0.02500 33.12500 64.47531 0.14869 13
0.07196 -0.13508 8.42758 0 4.12500 -0.70000 8.40626 0.10191 -13
-0.90296 -0.02988 23.69867 0 0.87500 27.50000 17.59266 0.13571 13
-2.04443 -0.17979 58.29189 0 5.40000 64.45000 25.94343 0.22987 13
-0.77144 0.07089 70.66310 0 -2.12500 23.95000 56.00111 0.12738 -13
-0.42207 0.02135 39.99852 0 -0.62500 11.87500 36.85188 0.10932 -13
1.06611 0.09131 51.49384 0 -2.75000 -31.40000 35.30679 0.14748 -13
-0.47474 0.10191 44.78312 0 -3.07500 12.67500 40.49418 0.11195 13
-0.43952 -0.14835 72.97284 0 4.47500 13.80000 66.92150 0.11101 -13
1.67286 -0.05286 20.42812 0 1.55000 -49.55000 10.49273 0.19632 13
0.00301 -0.21321 70.08664 0 6.45000 -3.00000 70.08634 0.10297 -13
-0.60158 0.06563 51.13527 0 -2.00000 17.42500 43.84251 0.11771 13
-1.71375 0.10468 73.10523 0 -3.17500 51.72500 36.99426 0.20009 13
-0.06322 -0.15757 46.21768 0 4.77500 2.70000 46.12783 0.10215 -13
0.19590 0.10545 45.42935 0 -3.20000 -4.72500 44.59099 0.10317 13
-1.25404 -0.04624 81.48176 0 1.40000 40.52500 50.83429 0.16158 -13
