-0.12851 -0.21858 20.92001 0 6.62500 3.72500 20.75702 0.10391 -13
-0.08606 -0.14140 62.47069 0 4.27500 2.97500 62.24516 0.10208 -13
0.05518 0.10323 32.71784 0 -3.10000 2.97500 32.66867 0.10138 -13
1.20998 0.12177 59.90992 0 -3.65000 -34.40000 38.33218 0.15854 -13
1.24674 -0.27836 59.90992 0 8.40000 -35.52500 38.33218 0.16339 -13
1.51155 -0.12046 18.75403 0 3.67500 -46.45000 10.40073 0.18293 -13
0.25280 -0.23233 80.93114 0 7.00000 -9.57500 78.58373 0.10647 13
-0.00745 0.12544 66.58330 0 -3.80000 0.30000 66.58149 0.10150 13
-0.00766 -0.27453 66.58330 0 8.27500 0.30000 66.58149 0.10442 13
-0.12508 -0.16128 89.17452 0 4.85000 6.45000 88.50230 0.10277 13
0.02673 -0.08026 33.51510 0 2.42500 -1.35000 33.50320 0.10107 -13
-1.40189 -0.10852 76.98249 0 3.27500 43.00000 44.87871 0.17375 13
0.88981 0.04818 86.65879 0 -1.45000 -29.12500 64.77283 0.13489 -13
0.70352 0.10867 95.13036 0 -3.27500 -23.22500 77.95570 0.12361 13
-0.18412 0.13018 95.76166 0 -3.92500 5.12500 94.20437 0.10323 -13
-0.18910 -0.26950 95.76166 0 8.12500 5.27500 94.20437 0.10603 -13
-0.23049 -0.09015 16.24892 0 2.70000 6.55000 15.83697 0.10373 13
-0.75174 -0.08957 7.91801 0 2.77500 21.57500 6.33835 0.12634 -13
-0.47967 -0.15873 54.05302 0 4.80000 13.17500 48.84862 0.11283 -13
-0.20373 -0.03804 67.81763 0 1.15000 6.52500 66.45456 0.10284 13
-0.31691 -0.05031 8.07317 0 1.57500 10.35000 7.69696 0.10578 -13
-1.46774 0.01549 6.38241 0 -0.32500 44.00000 3.59416 0.17886 -13
-1.22722 -0.12268 39.46624 0 3.67500 36.22500 25.04184 0.15989 13
1.54901 -0.18414 37.28577 0 5.57500 -49.17500 20.46077 0.18663 -13
-0.58424 -0.13217 44.95235 0 3.97500 16.82500 38.89845 0.11738 13
-1.20965 -0.08701 58.04394 0 2.60000 35.25000 37.06628 0.15828 13
0.18183 -0.13789 84.97529 0 4.15000 -4.55000 83.62941 0.10329 13
0.21243 0.03509 24.89805 0 -1.05000 -5.22500 24.35520 0.10301 -13
-1.79764 0.01165 91.95612 0 -0.35000 54.50000 44.70526 0.20717 13
0.58499 0.09814 27.12851 0 -2.97500 -17.82500 23.44497 0.11709 13
-0.35928 -0.24169 27.58075 0 7.27500 9.10000 26.03839 0.10973 13
0.73239 0.03221 13.36355 0 -1.02500 -23.47500 10.78322 0.12487 13
0.08452 -0.02180 77.20330 0 0.65000 -3.67500 76.92914 0.10109 13
-0.34894 -0.08935 2.22484 0 2.47500 8.20000 2.10151 0.10709 13
-1.99626 0.05850 19.26959 0 -1.82500 58.82500 8.64175 0.22496 13
-0.04492 -0.08961 74.90116 0 2.70000 -0.90000 74.82626 0.10121 -13
0.20970 0.04876 68.94418 0 -1.47500 -4.52500 67.47983 0.10301 13
0.23926 -0.17400 40.10498 0 5.22500 -3.50000 39.03505 0.10501 13
-1.83363 -0.12472 31.26114 0 3.72500 54.15000 15.05689 0.21068 13
-0.08803 0.07530 80.63466 0 -2.27500 0.72500 80.32580 0.10137 -13
0.47424 0.03510 40.96281 0 -1.07500 -16.77500 37.01597 0.11151 13
-0.44007 0.07275 64.45981 0 -2.20000 11.12500 59.02472 0.11026 13
0.05106 0.12582 80.72191 0 -3.77500 -1.42500 80.61853 0.10163 -13
0.05254 -0.27411 80.72191 0 8.27500 -1.47500 80.61853 0.10456 -13
1.51097 -0.14432 86.06353 0 4.35000 -46.82500 47.84021 0.18303 13
-1.02927 -0.21851 29.35327 0 6.57500 29.90000 20.69785 0.14616 13
0.00774 0.09647 10.44314 0 -2.85000 -2.80000 10.44283 0.10116 -13
1.43363 -0.05830 53.92140 0 1.75000 -43.75000 30.88370 0.17611 13
-2.01566 -0.10325 35.17319 0 3.07500 63.62500 15.69855 0.22681 13
1.05025 -0.10519 64.78853 0 3.17500 -31.80000 44.80483 0.14642 -13
-0.20889 0.07926 37.53617 0 -2.40000 8.92500 36.74765 0.10319 13
-1.46531 -0.17193 67.20927 0 5.17500 43.37500 38.26138 0.17947 13
-0.38452 -0.18043 76.40943 0 5.42500 11.22500 71.46403 0.10940 13
1.37187 -0.15297 43.04335 0 4.60000 -41.52500 25.54653 0.17163 13
-0.62189 0.11330 92.70503 0 -3.42500 19.47500 78.86321 0.11914 13
-0.97813 0.08240 60.18081 0 -2.47500 31.00000 43.09336 0.14110 -13
-0.07411 0.06849 13.59095 0 -2.02500 4.60000 13.55404 0.10121 -13
1.05229 0.11597 64.52142 0 -3.50000 -31.35000 44.60250 0.14666 13
-1.70656 -0.14413 49.68606 0 4.37500 50.27500 25.31246 0.19973 -13
0.40030 -0.18670 57.91679 0 5.65000 -10.90000 53.89415 0.11009 -13
-2.04265 -0.09928 56.65441 0 2.97500 62.00000 25.00986 0.22922 13
-0.40778 -0.24864 51.69746 0 7.50000 13.30000 48.07040 0.11161 -13
-0.24358 0.07842 3.26499 0 -2.22500 7.15000 3.17274 0.10396 -13
0.79771 -0.10517 7.65580 0 3.10000 -23.27500 5.99762 0.12923 13
0.63105 0.14350 74.71287 0 -4.32500 -19.60000 63.36677 0.11996 13
0.64473 -0.25554 74.71287 0 7.70000 -20.00000 63.36677 0.12255 13
-1.91043 0.05126 36.29077 0 -1.52500 57.52500 16.84665 0.21721 -13
-1.03472 -0.10331 2.44569 0 3.42500 32.95000 1.70402 0.14560 -13
-0.67021 -0.05640 37.12336 0 1.67500 21.50000 30.85340 0.12136 13
1.04007 -0.19299 23.20408 0 5.85000 -31.82500 16.23483 0.14662 -13
0.96339 0.11332 37.38501 0 -3.42500 -28.40000 27.00555 0.14031 13
-0.96792 -0.23730 19.40712 0 7.20000 30.52500 14.12782 0.14222 -13
-0.91065 -0.07867 59.52747 0 2.37500 28.65000 44.07525 0.13643 -13
1.08860 -0.19338 8.61890 0 5.75000 -35.52500 5.88857 0.15006 13
0.50394 -0.15308 74.17436 0 4.60000 -14.10000 66.39301 0.11381 13
1.47272 0.03807 78.35347 0 -1.15000 -46.80000 44.03658 0.17932 13
1.59995 0.07834 80.64709 0 -2.37500 -48.45000 42.83757 0.19017 13
0.03222 0.09851 78.52222 0 -2.97500 -1.97500 78.48189 0.10124 13
-0.11368 -0.13623 32.01149 0 4.10000 5.52500 31.81038 0.10227 13
-1.79254 0.01492 52.09512 0 -0.42500 54.70000 25.38149 0.20671 -13
0.05142 0.14529 96.93770 0 -4.40000 -2.57500 96.81244 0.10190 13
0.05250 -0.25366 96.93770 0 7.65000 -2.60000 96.81244 0.10402 13
-0.61974 -0.09622 83.12808 0 2.90000 17.45000 70.74915 0.11887 -13
-1.13077 -0.23254 27.77154 0 6.97500 34.35000 18.66823 0.15378 13
-0.53099 -0.08112 24.08485 0 2.47500 17.57500 21.28787 0.11432 -13
0.85368 -0.18775 60.32435 0 5.65000 -23.22500 46.21343 0.13374 13
0.23321 -0.16369 22.75157 0 4.95000 -5.95000 22.17190 0.10472 -13
1.21679 0.14940 4.35665 0 -4.32500 -35.77500 2.78460 0.15922 -13
1.24001 -0.24881 4.35665 0 7.70000 -36.57500 2.78460 0.16266 -13
-0.66893 -0.06461 37.43000 0 1.92500 21.30000 31.13116 0.12133 13
0.33429 0.00496 4.04592 0 -0.02500 -9.10000 3.83709 0.10622 -13
0.12958 0.09032 61.48345 0 -2.72500 -4.57500 60.97770 0.10195 -13
-0.34839 -0.02834 25.68333 0 0.87500 8.82500 24.25464 0.10669 -13
1.89912 0.09662 38.00044 0 -2.87500 -57.62500 17.76942 0.21634 -13
0.95829 -0.13702 91.98979 0 4.15000 -27.40000 66.71151 0.14017 -13
0.75963 0.04878 60.86537 0 -1.47500 -23.72500 48.48853 0.12656 13
0.27078 -0.13401 26.54403 0 4.05000 -10.32500 25.63658 0.10521 -13
-1.14152 0.08026 21.90286 0 -2.45000 36.62500 14.45874 0.15306 13
1.97617 0.10209 23.78536 0 -3.12500 -59.65000 10.78317 0.22332 13
-1.47597 0.09727 57.79143 0 -2.95000 41.22500 32.52015 0.17982 13
0.29851 0.01505 40.28048 0 -0.47500 -8.42500 38.59785 0.10511 13
1.92768 -0.14673 80.46565 0 4.45000 -54.82500 37.36458 0.21920 -13
-0.46613 0.07803 62.35565 0 -2.35000 16.90000 56.54824 0.11138 -13
0.89139 0.02222 35.03753 0 -0.65000 -25.55000 26.15770 0.13492 -13
-0.21792 -0.15780 13.23786 0 4.72500 4.57500 12.94133 0.10427 13
-0.36347 -0.12620 21.52997 0 3.82500 11.02500 20.25326 0.10791 -13
-0.27529 0.02774 86.54080 0 -0.85000 7.60000 83.43922 0.10449 13
-1.15410 -0.13790 64.06285 0 4.15000 35.22500 42.17682 0.15440 13
1.98014 -0.04870 37.20552 0 1.50000 -60.72500 16.78850 0.22345 -13
0.30141 -0.22017 42.06151 0 6.62500 -9.12500 40.34963 0.10747 13
0.07495 0.12234 79.57471 0 -3.67500 -0.70000 79.35542 0.10174 -13
0.07721 -0.27778 79.57471 0 8.37500 -0.75000 79.35542 0.10481 -13
-0.02418 -0.13889 17.49077 0 4.22500 -0.35000 17.48576 0.10172 -13
-1.01618 -0.24716 14.68949 0 7.50000 30.30000 10.45717 0.14578 -13
-0.33976 -0.12165 19.00340 0 3.65000 8.70000 18.00682 0.10705 13
-1.97207 -0.06647 31.66554 0 1.97500 59.37500 14.34601 0.22275 13
-1.96238 -0.14534 97.30586 0 4.37500 60.80000 44.54813 0.22226 13
0.60249 -0.13063 76.49213 0 3.92500 -18.60000 65.66638 0.11830 13
-1.84041 -0.01390 65.31743 0 0.42500 53.15000 31.18679 0.21093 -13
-0.04738 -0.13858 42.75684 0 4.17500 1.02500 42.70984 0.10177 13
-0.34921 -0.20217 70.14180 0 6.10000 11.77500 66.36184 0.10860 -13
-0.16181 -0.21337 9.90675 0 6.37500 4.22500 9.78493 0.10422 13
0.19366 0.08144 22.79340 0 -2.42500 -3.50000 22.38032 0.10290 -13
-0.40764 -0.08132 58.36622 0 2.45000 12.07500 54.07332 0.10906 -13
0.83539 -0.23377 78.82059 0 7.05000 -25.97500 61.14484 0.13331 13
0.10464 0.13862 50.25628 0 -4.20000 -1.47500 49.98849 0.10221 13
0.10712 -0.26065 50.25628 0 7.85000 -1.55000 49.98849 0.10462 13
0.12888 -0.34795 50.25628 0 -4.12500 -1.47500 49.98849 0.10229 13
-0.18193 0.70725 50.25628 0 -2.10000 -1.92500 49.98849 0.11141 13
0.09624 0.03846 50.25628 0 -3.82500 -2.32500 49.98849 0.12936 13
-0.02713 -0.02171 50.25628 0 -1.77500 -1.92500 49.98849 0.14221 13
0.25596 -0.31105 50.25628 0 -3.35000 -2.62500 49.98849 0.15072 13
-0.33555 0.11407 50.25628 0 -1.75000 -3.35000 49.98849 0.15974 13
0.36102 -0.19442 50.38652 0 5.85000 -9.55000 47.49278 0.10883 13
-0.20783 0.03532 31.99849 0 -1.07500 5.92500 31.32985 0.10292 13
0.44076 -0.00372 65.61163 0 0.10000 -14.95000 60.03846 0.11005 13
0.48921 0.08397 84.69105 0 -2.55000 -18.22500 76.12729 0.11243 13
1.80102 -0.17120 77.54649 0 5.17500 -52.10000 38.05960 0.20819 -13
-1.05662 -0.09640 63.22550 0 2.90000 30.45000 43.56644 0.14681 13
-0.88564 0.01365 73.63686 0 -0.42500 26.85000 55.12814 0.13453 13
-0.49631 0.01824 59.95137 0 -0.55000 17.10000 53.70286 0.11244 -13
-0.59838 -0.06412 22.47561 0 1.90000 15.55000 19.29721 0.11753 13
-0.05313 -0.23585 52.63529 0 7.10000 1.80000 52.56505 0.10360 13
0.05905 -0.20441 83.37746 0 6.15000 -4.47500 83.23821 0.10295 13
-1.44140 0.07601 50.07553 0 -2.27500 43.07500 28.59979 0.17681 -13
-1.91174 -0.18455 75.22930 0 5.57500 56.62500 35.32900 0.21808 -13
-0.21198 0.10187 16.37459 0 -3.10000 4.60000 16.02226 0.10346 13
-0.05060 -0.24491 59.92568 0 7.40000 -1.47500 59.85343 0.10381 -13
-0.86998 -0.11821 55.14271 0 3.57500 27.62500 41.72612 0.13401 -13
-0.27089 0.00210 72.52626 0 -0.07500 10.55000 70.00344 0.10433 13
-0.16123 0.12833 79.54370 0 -3.87500 2.45000 78.54565 0.10283 13
-0.16571 -0.27147 79.54370 0 8.17500 2.60000 78.54565 0.10567 13
1.86226 0.12650 45.19185 0 -3.85000 -54.20000 21.51105 0.21327 13
1.91544 -0.27343 45.19185 0 8.22500 -55.77500 21.51105 0.21928 13
0.25222 -0.18254 5.55028 0 5.60000 -8.30000 5.38690 0.10555 -13
-0.17487 -0.11843 20.77786 0 3.60000 3.97500 20.47137 0.10294 -13
-0.15765 0.13753 37.42004 0 -4.17500 3.47500 36.97189 0.10289 13
-0.16144 -0.26178 37.42004 0 7.87500 3.57500 36.97189 0.10535 13
-0.53562 -0.09697 52.56588 0 2.92500 16.32500 46.38586 0.11466 -13
-1.28124 -0.18435 46.08265 0 5.55000 37.75000 28.64781 0.16470 13
-1.24188 -0.08687 37.01464 0 2.65000 37.77500 23.26699 0.16082 -13
-0.91439 0.06893 79.24964 0 -2.07500 29.02500 58.54888 0.13663 -13
-0.42031 0.05398 37.72866 0 -1.65000 15.97500 34.78887 0.10937 13
-1.36333 0.04895 33.47291 0 -1.45000 42.47500 19.81235 0.17032 -13
1.12096 0.00062 50.20003 0 -0.00000 -33.35000 33.41795 0.15127 -13
0.67265 -0.12084 14.38000 0 3.60000 -20.12500 11.95868 0.12197 13
1.04790 0.12607 57.31348 0 -3.80000 -29.27500 39.73092 0.14641 -13
1.07793 -0.27383 57.31348 0 8.27500 -30.20000 39.73092 0.15063 -13
0.15108 0.00633 4.40797 0 -0.30000 -3.75000 4.35851 0.10188 13
-0.06034 -0.07833 42.85245 0 2.35000 1.75000 42.77512 0.10119 13
-0.41656 -0.03373 11.94137 0 1.07500 11.72500 11.02409 0.10916 -13
0.16509 0.08847 58.24552 0 -2.67500 -3.37500 57.47359 0.10246 13
0.08221 -0.15824 38.44089 0 4.75000 -1.95000 38.31482 0.10229 13
-0.18842 -0.15730 51.46488 0 4.72500 4.17500 50.59584 0.10369 13
-0.15741 0.10966 76.49608 0 -3.30000 5.62500 75.57646 0.10253 -13
-1.59433 -0.15562 79.53064 0 4.67500 48.22500 42.62232 0.19016 13
-0.44800 -0.19462 19.50647 0 5.90000 13.80000 17.85603 0.11210 -13
0.43134 -0.21465 77.71766 0 6.47500 -11.57500 71.61044 0.11178 13
0.35433 -0.00794 47.07122 0 0.22500 -9.62500 44.36844 0.10684 13
0.98062 -0.23095 30.70005 0 7.00000 -28.40000 22.19604 0.14298 -13
-0.78567 -0.04760 34.17147 0 1.45000 23.07500 26.88178 0.12816 -13
0.03930 -0.12254 18.04546 0 3.72500 0.45000 18.03174 0.10154 -13
1.48111 -0.19618 92.03896 0 5.90000 -47.02500 52.16999 0.18104 13
1.01278 -0.07107 72.53789 0 2.15000 -32.37500 51.03043 0.14351 -13
1.23000 -0.04403 45.86149 0 1.30000 -36.02500 28.94727 0.15969 13
-1.00693 -0.18700 97.94179 0 5.62500 33.17500 69.61036 0.14414 13
-0.78832 -0.15068 60.38072 0 4.55000 24.40000 47.62151 0.12913 -13
-0.32166 0.06220 53.20154 0 -1.87500 11.32500 50.65519 0.10597 -13
-0.54179 -0.15832 82.07346 0 4.77500 16.72500 72.36420 0.11563 13
0.37832 -0.15977 7.21473 0 4.75000 -9.30000 6.75819 0.10884 13
-0.84913 -0.01800 45.94508 0 0.52500 25.62500 35.02475 0.13212 13
-0.62644 -0.05697 18.63459 0 1.67500 18.95000 15.79927 0.11896 13
2.10168 0.06780 36.93645 0 -2.02500 -64.12500 15.89929 0.23447 -13
2.09250 -0.16455 78.46891 0 4.97500 -62.70000 34.20217 0.23416 -13
-0.57759 0.04081 71.51130 0 -1.22500 17.45000 61.93688 0.11637 -13
0.44227 -0.09687 76.65864 0 2.92500 -13.50000 70.16143 0.11054 13
-0.22113 0.12360 1.83027 0 -3.45000 4.20000 1.78784 0.10394 -13
-0.05466 0.09776 3.80865 0 -3.07500 0.60000 3.80304 0.10142 13
-1.50018 0.00435 82.59859 0 -0.12500 48.20000 45.81396 0.18155 -13
-0.02277 0.06080 80.27260 0 -1.85000 0.97500 80.25187 0.10092 13
-0.10300 -0.03936 89.92914 0 1.20000 3.32500 89.45659 0.10131 -13
1.23613 0.10901 5.59134 0 -3.42500 -37.12500 3.52918 0.16060 13
1.26296 -0.12756 64.10349 0 3.85000 -39.40000 39.99023 0.16275 -13
1.39853 0.05395 22.77705 0 -1.67500 -38.47500 13.26074 0.17324 13
0.22387 -0.02162 34.79052 0 0.62500 -5.70000 33.95052 0.10322 13
-1.18562 0.09921 47.58333 0 -2.97500 36.02500 30.76612 0.15651 -13
-1.03469 -0.03598 40.51014 0 1.10000 29.45000 28.16173 0.14496 -13
2.16133 0.00495 16.72876 0 -0.07500 -62.52500 7.02473 0.23982 -13
-0.68496 0.09307 15.49384 0 -2.85000 18.47500 12.79996 0.12244 13
0.81055 -0.11423 53.15151 0 3.45000 -21.85000 41.39675 0.13015 -13
-0.47106 -0.03538 75.62045 0 1.07500 12.57500 68.41791 0.11138 -13
1.92810 0.03079 28.11416 0 -0.90000 -57.35000 12.94888 0.21874 -13
-0.45015 -0.00521 10.54778 0 0.20000 12.82500 9.61824 0.11044 -13
-1.84085 0.01734 59.95692 0 -0.50000 53.40000 28.62316 0.21098 -13
0.67657 -0.21745 37.23883 0 6.55000 -23.57500 31.06360 0.12353 13
-0.90471 -0.02240 62.93840 0 0.67500 27.10000 46.67760 0.13582 13
0.79158 -0.18444 5.36598 0 5.45000 -24.42500 4.23458 0.12970 13
-1.02529 -0.14306 11.38763 0 4.37500 29.52500 7.99256 0.14499 -13
-0.95071 -0.19501 74.14735 0 5.87500 29.40000 54.21106 0.14032 13
0.00399 -0.19483 99.78993 0 5.87500 1.17500 99.78917 0.10259 13
-1.07483 -0.00297 17.81840 0 0.12500 32.25000 12.13732 0.14784 -13
0.59240 -0.23013 57.07599 0 6.95000 -16.20000 49.43011 0.11933 -13
-0.26451 0.13526 14.51943 0 -4.05000 9.22500 14.04478 0.10504 -13
-0.27112 -0.26408 14.51943 0 8.00000 9.42500 14.04478 0.10771 -13
-0.14101 -0.23879 69.10547 0 7.20000 2.57500 68.46447 0.10450 13
-1.83763 0.05445 7.01857 0 -1.50000 56.65000 3.35843 0.21074 -13
0.10179 -0.21369 17.53011 0 6.47500 -2.47500 17.44394 0.10351 -13
-2.12237 -0.13033 4.00202 0 3.65000 62.70000 1.71628 0.23661 13
0.68414 0.02974 87.95440 0 -0.90000 -18.20000 72.60183 0.12205 13
0.11686 -0.16892 40.22211 0 5.07500 -1.55000 39.95774 0.10280 13
-0.70552 -0.11190 50.39240 0 3.40000 22.45000 41.26079 0.12376 -13
0.50283 -0.06006 73.91095 0 1.82500 -18.72500 66.05696 0.11288 -13
-0.66581 0.02190 7.94949 0 -0.72500 20.42500 6.61746 0.12102 13
-0.47893 -0.00594 86.09604 0 0.17500 14.10000 77.65017 0.11166 -13
0.72833 0.06779 69.07499 0 -2.02500 -21.85000 55.87979 0.12477 -13
0.01345 -0.10980 63.49152 0 3.30000 0.77500 63.48585 0.10131 13
-0.48638 -0.01910 96.69164 0 0.57500 17.02500 86.95509 0.11200 13
1.50159 -0.00100 99.93865 0 0.05000 -45.75000 55.39530 0.18168 -13
0.11132 -0.02016 76.36293 0 0.62500 -4.22500 75.89433 0.10135 -13
-1.01350 -0.15138 41.05890 0 4.57500 30.57500 29.00314 0.14420 -13
-0.93954 -0.24722 81.53864 0 7.47500 28.02500 60.24390 0.14041 -13
-0.80030 0.07743 29.91211 0 -2.35000 22.07500 23.38145 0.12922 13
1.06858 -0.22811 22.19159 0 6.85000 -31.77500 15.36689 0.14912 13
0.54971 -0.10213 18.76449 0 3.05000 -16.57500 16.46324 0.11537 13
-0.28307 -0.05529 16.73576 0 1.65000 10.00000 16.10470 0.10480 13
0.76772 0.02008 97.01547 0 -0.60000 -22.42500 76.95878 0.12697 13
-1.03533 -0.13476 91.74544 0 4.05000 30.20000 64.03544 0.14558 13
-0.09179 0.01315 42.02230 0 -0.37500 -0.20000 41.84639 0.10113 -13
0.54137 0.01525 23.09857 0 -0.47500 -18.17500 20.31333 0.11453 13
0.78984 -0.15935 31.20644 0 4.82500 -24.57500 24.60601 0.12934 -13
-1.98497 -0.09875 99.89094 0 2.97500 56.55000 45.11650 0.22404 13
-0.26838 0.12582 98.12593 0 -3.80000 5.77500 94.82170 0.10503 -13
-0.27611 -0.27409 98.12593 0 8.27500 6.02500 94.82170 0.10806 -13
0.38426 0.03393 47.14250 0 -1.02500 -11.57500 44.00886 0.10794 13
0.55639 0.04623 26.58819 0 -1.42500 -16.07500 23.23965 0.11534 13
0.31870 -0.04489 16.38795 0 1.37500 -9.40000 15.61558 0.10580 -13
1.00420 -0.11890 57.33490 0 3.60000 -31.60000 40.59909 0.14322 -13
0.00311 0.12798 47.50296 0 -3.87500 0.65000 47.50273 0.10153 13
0.00319 -0.27183 47.50296 0 8.20000 0.65000 47.50273 0.10435 13
0.37229 -0.15516 61.01837 0 4.67500 -10.90000 57.26597 0.10858 13
-0.22712 0.12872 3.77856 0 -4.02500 4.90000 3.68616 0.10418 13
-0.23342 -0.27143 3.77856 0 8.02500 5.07500 3.68616 0.10687 13
1.47651 0.01460 82.01735 0 -0.45000 -47.52500 45.99569 0.17959 13
-0.32597 -0.16735 31.68513 0 5.07500 10.60000 30.16467 0.10726 -13
0.23752 -0.15440 4.07225 0 4.77500 -5.60000 3.96428 0.10477 -13
0.80558 0.07366 45.79007 0 -2.22500 -24.67500 35.69659 0.12954 13
-1.42918 -0.10512 27.78880 0 3.15000 40.60000 15.98951 0.17596 13
1.67792 -0.00222 25.91113 0 0.02500 -49.50000 13.26556 0.19670 13
1.92421 0.03532 24.05621 0 -1.10000 -57.37500 11.09915 0.21841 13
-1.28539 0.07965 99.40399 0 -2.40000 40.45000 61.15827 0.16419 -13
0.06088 -0.14199 85.31578 0 4.30000 0.60000 85.16123 0.10190 -13
-0.81414 0.06396 86.47146 0 -1.92500 23.70000 67.11284 0.13001 13
0.52457 -0.23439 16.86006 0 7.10000 -12.82500 15.01463 0.11618 -13
0.56147 -0.08308 20.19853 0 2.52500 -16.32500 17.62686 0.11580 -13
-0.05894 0.06737 91.91281 0 -2.02500 -0.12500 91.75427 0.10110 13
0.14799 0.13184 62.63314 0 -3.97500 -4.25000 61.96965 0.10266 -13
0.15188 -0.26775 62.63314 0 8.07500 -4.35000 61.96965 0.10537 -13
0.07221 0.01021 18.19154 0 -0.32500 -1.02500 18.14430 0.10097 13
-0.04201 -0.14699 74.70390 0 4.42500 2.62500 74.63945 0.10187 13
-0.15154 -0.16526 52.17296 0 4.97500 3.70000 51.59945 0.10320 13
0.76709 -0.13415 44.62541 0 4.02500 -23.10000 35.52385 0.12763 13
-0.49978 -0.10909 70.52544 0 3.30000 17.05000 63.15959 0.11312 -13
-0.03549 0.09274 65.53364 0 -2.80000 0.62500 65.49275 0.10120 13
-0.77686 -0.22340 44.40000 0 6.75000 20.07500 35.38053 0.12951 -13
-0.67758 0.12111 91.73157 0 -3.65000 19.92500 76.11399 0.12226 13
-0.69837 -0.27912 91.73157 0 8.40000 20.55000 76.11399 0.12600 13
-0.18285 0.11098 30.09828 0 -3.37500 6.30000 29.61324 0.10298 13
-0.08400 -0.16242 28.73994 0 4.87500 3.15000 28.64164 0.10237 13
-1.54401 -0.01511 68.04706 0 0.47500 49.77500 36.99351 0.18526 -13
0.18550 -0.15418 33.09439 0 4.67500 -6.45000 32.55191 0.10360 -13
-0.96367 0.01537 71.41201 0 -0.45000 29.30000 51.42406 0.13986 -13
0.51520 0.06710 93.48916 0 -2.02500 -14.72500 83.14653 0.11349 13
1.24865 -0.14968 95.07718 0 4.50000 -37.25000 59.83414 0.16180 13
-0.59783 -0.08950 97.99366 0 2.70000 19.32500 84.19728 0.11767 -13
1.86860 -0.06845 30.02394 0 2.10000 -59.12500 14.19240 0.21355 -13
-0.60019 0.08970 58.46114 0 -2.72500 18.95000 50.17873 0.11780 13
-0.31196 -0.18720 88.45907 0 5.65000 7.35000 84.57263 0.10717 -13
1.48873 -0.11254 47.72902 0 3.37500 -46.57500 26.72954 0.18094 13
0.46546 0.08893 42.06565 0 -2.70000 -15.70000 38.16346 0.11144 13
-0.51896 0.01502 82.34585 0 -0.45000 14.47500 73.09141 0.11347 13
-1.06765 -0.05355 25.91251 0 1.57500 34.00000 17.72740 0.14740 13
1.47937 -0.10075 48.42910 0 3.05000 -45.82500 27.21524 0.18012 -13
0.16928 -0.22210 58.14979 0 6.70000 -7.52500 57.37159 0.10455 13
-0.93062 0.01648 98.89094 0 -0.50000 29.22500 72.39744 0.13757 -13
-0.68951 -0.03784 44.24513 0 1.12500 21.57500 36.43434 0.12238 13
-0.82922 0.04399 77.21329 0 -1.32500 24.52500 59.45979 0.13089 -13
-1.41447 0.08054 33.07778 0 -2.45000 43.72500 19.13735 0.17463 13
0.82811 -0.24439 46.21785 0 7.35000 -25.42500 36.01197 0.13303 13
-1.18474 -0.08929 84.67383 0 2.67500 36.47500 54.74151 0.15638 13
-0.73871 -0.06648 30.32867 0 2.02500 19.60000 24.41338 0.12538 -13
0.63561 -0.05328 94.90074 0 1.62500 -16.27500 80.12435 0.11945 -13
1.19249 0.11958 36.67189 0 -3.62500 -37.12500 23.66144 0.15720 13
1.22983 -0.28077 36.67189 0 8.45000 -38.25000 23.66144 0.16208 13
0.14921 -0.21029 26.07955 0 6.32500 -2.75000 25.80587 0.10399 13
-2.02981 -0.20761 67.72353 0 6.27500 64.62500 30.43981 0.22885 -13
0.54403 -0.22641 51.88083 0 6.85000 -15.95000 45.82898 0.11690 -13
-0.42184 -0.03625 20.64300 0 1.12500 13.77500 19.02185 0.10936 -13
2.00625 -0.17289 1.33258 0 6.10000 -60.92500 0.60116 0.22850 -13
1.87244 -0.12322 88.09851 0 3.70000 -56.45000 41.74584 0.21412 13
0.31031 -0.15040 70.15528 0 4.52500 -7.67500 67.06869 0.10652 13
0.36671 -0.02087 53.50689 0 0.62500 -10.60000 50.23689 0.10728 13
-0.02204 0.00306 91.96252 0 -0.07500 4.27500 91.94018 0.10073 -13
-0.37989 -0.16867 16.47369 0 5.12500 10.37500 15.42683 0.10908 -13
0.55773 -0.20477 78.35332 0 6.17500 -18.97500 68.75846 0.11713 13
0.13495 0.10816 75.51253 0 -3.27500 -7.05000 74.84192 0.10220 13
-1.25842 -0.08465 18.23689 0 2.50000 39.50000 11.37077 0.16207 13
1.73999 0.01682 18.90711 0 -0.45000 -51.70000 9.42197 0.20210 -13
-1.12381 -0.15004 73.01511 0 4.52500 32.05000 48.83792 0.15223 13
1.06543 -0.24217 68.37617 0 7.32500 -34.47500 47.49720 0.14918 -13
-0.52236 0.10549 90.07352 0 -3.20000 16.05000 79.93211 0.11411 13
0.78824 -0.10288 90.80319 0 3.10000 -24.92500 71.45630 0.12865 -13
-0.11637 -0.21889 47.70485 0 6.60000 2.57500 47.39945 0.10375 13
0.07747 -0.24347 99.98964 0 7.35000 -4.35000 99.70756 0.10393 13
-0.04372 -0.17574 3.90989 0 5.42500 0.90000 3.90629 0.10245 -13
-1.03362 -0.14816 71.97179 0 4.47500 32.70000 50.32345 0.14560 -13
0.10773 -0.03441 89.94192 0 1.05000 -5.45000 89.42514 0.10134 -13
-0.32033 -0.21992 1.97343 0 6.92500 8.75000 1.88335 0.10842 -13
0.63893 0.09154 58.66072 0 -2.75000 -20.02500 49.49171 0.11985 -13
0.11009 -0.10066 50.53374 0 3.02500 -1.72500 50.23323 0.10182 13
1.63841 -0.04933 70.08336 0 1.50000 -49.22500 36.54355 0.19337 -13
-0.96248 0.00654 1.40542 0 0.30000 28.52500 1.01274 0.14015 -13
0.61514 -0.06431 56.55958 0 1.92500 -19.27500 48.20211 0.11841 13
-0.08986 0.14312 60.23596 0 -4.32500 4.35000 59.99907 0.10213 13
-0.09181 -0.25595 60.23596 0 7.72500 4.40000 59.99907 0.10435 13
1.60241 0.00111 91.73746 0 -0.05000 -45.67500 48.56846 0.19021 13
0.95985 -0.04281 87.85939 0 1.30000 -29.02500 63.41313 0.13965 -13
1.91838 0.03030 40.93670 0 -0.90000 -54.57500 18.92928 0.21787 -13
0.48385 -0.12094 13.79468 0 3.67500 -13.00000 12.43449 0.11242 -13
0.48384 -0.12093 13.79468 0 3.70000 -13.00000 12.43449 0.11255 -13
0.92265 -0.06848 78.55491 0 2.05000 -28.55000 57.79677 0.13719 13
-0.61852 0.09183 87.60138 0 -2.77500 15.50000 74.58812 0.11877 -13
-1.26832 -0.18947 19.28799 0 5.67500 40.05000 12.07191 0.16372 13
0.28664 -0.10631 48.02486 0 3.20000 -7.97500 46.18545 0.10530 13
1.69916 -0.12820 40.53635 0 3.90000 -48.97500 20.68517 0.19898 -13
0.09500 0.09782 34.29905 0 -2.97500 -4.57500 34.14659 0.10164 13
0.11104 0.07106 29.24007 0 -2.15000 -3.30000 29.06230 0.10158 13
1.96096 -0.23056 75.00928 0 6.95000 -56.67500 34.78012 0.22286 13
0.00364 -0.00567 81.32352 0 0.17500 1.92500 81.32298 0.10071 13
1.49603 -0.14299 62.68938 0 4.30000 -42.95000 35.08157 0.18177 13
-0.40391 -0.10040 65.19167 0 3.02500 14.07500 60.48926 0.10907 13
0.43578 -0.21267 35.45152 0 6.40000 -12.07500 32.61228 0.11191 13
1.76925 0.09802 23.07732 0 -2.92500 -53.72500 11.39732 0.20486 -13
1.16449 -0.24104 77.73236 0 7.27500 -33.65000 51.46160 0.15648 -13
-0.04766 0.14189 76.37991 0 -4.27500 1.45000 76.29505 0.10183 13
-0.04873 -0.25722 76.37991 0 7.75000 1.47500 76.29505 0.10409 13
-0.36011 0.10976 12.80648 0 -3.35000 13.85000 12.05744 0.10762 13
0.17033 -0.00841 54.15783 0 0.27500 -5.22500 53.38894 0.10216 -13
0.19378 0.11829 50.42740 0 -3.55000 -6.80000 49.51877 0.10326 -13
-0.44405 0.03056 3.26863 0 -0.75000 12.65000 2.98759 0.11027 -13
-1.03423 0.02550 70.55648 0 -0.75000 32.50000 49.05282 0.14490 -13
-1.74364 0.11755 65.52844 0 -3.55000 49.90000 32.76871 0.20278 13
0.21757 0.04478 85.47032 0 -1.35000 -5.12500 83.52019 0.10316 13
1.07949 0.02547 96.03547 0 -0.75000 -34.37500 65.27517 0.14820 -13
0.01497 -0.19055 47.25708 0 5.75000 0.47500 47.25196 0.10253 -13
-0.48449 0.09647 37.62994 0 -2.90000 11.97500 33.89419 0.11232 -13
-2.00554 0.01107 44.91398 0 -0.35000 61.17500 20.04277 0.22567 13
0.12368 -0.16413 3.27050 0 4.77500 -2.92500 3.24637 0.10276 13
0.25973 -0.01577 93.60607 0 0.47500 -6.70000 90.60074 0.10406 -13
1.82667 -0.00006 4.95739 0 -0.20000 -57.12500 2.38044 0.20978 13
-0.62039 -0.11197 49.86743 0 3.37500 20.35000 42.44792 0.11904 13
-1.51288 -0.20558 25.07358 0 6.22500 45.80000 14.02586 0.18383 -13
-0.07593 -0.00281 10.91341 0 0.12500 0.65000 10.88210 0.10100 -13
-1.40239 -0.14796 82.60233 0 4.47500 41.27500 48.30181 0.17410 -13
0.04362 -0.03569 66.71632 0 1.07500 -2.47500 66.65304 0.10087 13
-0.19110 -0.03774 22.62538 0 1.12500 6.00000 22.22374 0.10259 13
0.39057 0.14801 71.28634 0 -4.45000 -10.15000 66.49572 0.10913 -13
0.39833 -0.25081 71.28634 0 7.57500 -10.37500 66.49572 0.11131 -13
1.07705 -0.03307 40.19827 0 1.02500 -35.40000 27.35911 0.14805 -13
1.66110 -0.12773 14.68765 0 3.77500 -51.67500 7.62040 0.19562 13
1.33214 0.04320 84.25873 0 -1.32500 -40.22500 50.61448 0.16780 13
-0.43076 0.12407 16.86422 0 -3.70000 12.05000 15.50675 0.11034 -13
-0.44344 -0.27592 16.86422 0 8.35000 12.45000 15.50675 0.11364 -13
0.81349 0.05784 13.35086 0 -1.70000 -23.40000 10.36352 0.12994 -13
-0.69635 -0.06624 46.42871 0 1.97500 18.57500 38.12857 0.12289 13
0.09786 -0.18241 66.35980 0 5.50000 -1.15000 66.05444 0.10283 13
1.60383 -0.17744 44.75573 0 5.32500 -49.60000 23.94162 0.19117 13
1.38264 -0.03194 48.54083 0 0.97500 -39.70000 28.45622 0.17187 -13
-0.31746 0.07485 31.27196 0 -2.25000 7.77500 29.81363 0.10592 -13
0.69299 0.00586 77.62275 0 -0.17500 -22.00000 63.80078 0.12253 -13
0.04826 0.01545 55.04272 0 -0.45000 0.02500 54.97875 0.10083 -13
-0.48905 0.12213 26.16841 0 -3.65000 14.42500 23.54142 0.11276 -13
-0.50384 -0.27795 26.16841 0 8.40000 14.87500 23.54142 0.11621 -13
0.21646 0.06044 34.08409 0 -1.82500 -5.12500 33.31545 0.10322 13
0.49517 -0.04750 4.71626 0 1.32500 -15.62500 4.22725 0.11249 13
1.98103 -0.24682 18.75813 0 7.40000 -60.30000 8.65263 0.22478 13
-0.68913 -0.18290 25.43516 0 5.50000 20.97500 21.05422 0.12366 13
0.34186 -0.19978 40.74431 0 6.05000 -13.70000 38.63134 0.10832 -13
-0.76184 -0.12772 99.91288 0 3.85000 23.75000 79.71129 0.12724 13
-0.49098 0.02719 40.38404 0 -0.80000 15.17500 36.25299 0.11222 -13
1.60882 -0.12728 77.55546 0 3.82500 -51.27500 41.17927 0.19118 13
-0.37102 0.00480 39.83748 0 -0.12500 10.05000 37.34976 0.10741 -13
-0.13337 0.00387 27.43877 0 -0.12500 3.87500 27.19790 0.10159 13
2.01448 0.03010 35.83276 0 -0.87500 -59.52500 15.93827 0.22649 -13
-0.66219 0.00874 8.62501 0 -0.20000 21.95000 7.19133 0.12079 -13
1.01283 -0.16528 96.30909 0 5.00000 -32.87500 68.12512 0.14430 -13
-0.39382 -0.00289 66.90611 0 0.10000 12.62500 62.25241 0.10823 -13
-0.10497 0.04630 76.31359 0 -1.40000 2.87500 75.89740 0.10136 -13
0.39563 0.14260 34.43112 0 -4.27500 -12.82500 32.05983 0.10924 -13
0.40435 -0.25646 34.43112 0 7.75000 -13.07500 32.05983 0.11167 -13
0.25672 -0.09286 53.16115 0 2.80000 -9.62500 51.50508 0.10439 -13
1.94691 -0.08148 27.72926 0 2.50000 -58.67500 12.70195 0.22059 -13
-1.68882 -0.05212 25.01094 0 1.52500 48.12500 12.75642 0.19770 13
1.61587 -0.04423 69.58004 0 1.32500 -51.42500 36.64143 0.19142 13
-0.43858 -0.21958 2.66405 0 6.85000 11.80000 2.44806 0.11246 -13
0.82932 -0.20868 96.10885 0 6.30000 -24.17500 74.61580 0.13251 -13
1.58239 -0.13495 87.79569 0 4.05000 -44.67500 47.20466 0.18898 13
-1.33254 -0.17633 63.64143 0 5.30000 41.52500 38.57353 0.16870 13
0.47353 0.14586 41.10329 0 -4.37500 -14.57500 37.21998 0.11238 -13
0.48330 -0.25303 41.10329 0 7.65000 -14.87500 37.21998 0.11472 -13
-1.16906 0.11733 59.02443 0 -3.55000 36.57500 38.51844 0.15539 13
-0.63697 -0.08635 8.17650 0 2.67500 19.12500 6.90338 0.11975 -13
-0.34564 0.09383 44.90069 0 -2.85000 11.70000 42.45708 0.10697 13
-0.05938 0.01527 9.40600 0 -0.40000 0.35000 9.38945 0.10089 -13
-0.17884 0.10843 65.78652 0 -3.27500 4.20000 64.77072 0.10288 13
-0.65793 -0.08724 33.84307 0 2.62500 19.52500 28.30478 0.12086 13
-2.19382 -0.03538 1.84801 0 1.95000 64.42500 0.76746 0.24341 -13
-0.87149 0.01279 4.51222 0 -0.25000 23.45000 3.40171 0.13362 -13
-0.24487 -0.15530 90.68910 0 4.67500 8.97500 88.14540 0.10485 13
-0.46296 -0.14300 99.38580 0 4.30000 14.55000 90.34928 0.11190 13
-0.08524 -0.07944 35.92580 0 2.37500 1.80000 35.79680 0.10138 13
0.96386 -0.16949 66.69111 0 5.10000 -24.90000 48.34372 0.14090 13
-0.63888 -0.14782 70.60499 0 4.47500 19.45000 59.68434 0.12043 -13
0.49420 -0.15532 50.55755 0 4.67500 -16.12500 45.42965 0.11341 13
-1.00797 -0.07805 67.53617 0 2.37500 29.35000 47.63738 0.14321 -13
0.16276 0.10540 10.26162 0 -3.12500 -3.27500 10.12973 0.10257 -13
-1.04040 0.03375 30.02360 0 -1.00000 33.65000 20.81165 0.14535 -13
0.17579 -0.11265 36.30003 0 3.40000 -2.95000 35.75859 0.10288 -13
0.30572 -0.01549 10.16792 0 0.52500 -9.00000 9.72374 0.10532 -13
0.57547 -0.11647 22.93281 0 3.55000 -17.37500 19.90988 0.11679 -13
-1.45207 0.10512 95.61833 0 -3.17500 42.07500 54.43533 0.17787 13
-0.82777 -0.04338 68.12370 0 1.32500 23.30000 52.49737 0.13080 -13
-1.00014 0.08108 70.13314 0 -2.45000 30.80000 49.66969 0.14266 13
-0.27811 -0.05544 97.71870 0 1.67500 9.47500 94.15582 0.10468 13
-0.43466 0.12755 24.39867 0 -3.82500 12.47500 22.40511 0.11054 -13
-0.44689 -0.27225 24.39867 0 8.22500 12.82500 22.40511 0.11368 -13
0.40760 -0.23489 7.15164 0 7.00000 -13.35000 6.64737 0.11125 13
0.24094 -0.14651 89.22409 0 4.42500 -7.85000 86.79181 0.10463 -13
-0.24970 0.03866 99.13674 0 -1.17500 9.40000 96.18787 0.10387 13
1.36051 -0.10490 73.77981 0 3.15000 -41.90000 43.85096 0.17035 13
-0.14161 -0.24747 50.56742 0 7.45000 4.75000 50.09635 0.10471 13
-0.46894 -0.23674 41.28911 0 7.12500 14.65000 37.56278 0.11374 13
0.01127 0.02702 78.78257 0 -0.82500 -0.12500 78.77757 0.10075 13
0.36539 0.10719 20.00028 0 -3.20000 -9.87500 18.79806 0.10775 -13
0.12990 -0.11426 11.04853 0 3.40000 -3.60000 10.95765 0.10219 13
1.00837 0.11652 42.05832 0 -3.50000 -29.55000 29.71639 0.14348 -13
-0.03118 0.12468 48.05273 0 -3.77500 0.77500 48.02975 0.10154 13
-0.03209 -0.27534 48.05273 0 8.30000 0.80000 48.02975 0.10449 13
-0.09038 0.01439 96.52949 0 -0.45000 0.82500 96.13771 0.10112 13
1.29980 0.08360 18.49516 0 -2.47500 -40.32500 11.30294 0.16534 -13
0.12909 0.01815 11.72279 0 -0.60000 -5.47500 11.62636 0.10156 13
1.34600 0.07558 69.38325 0 -2.30000 -40.42500 41.45371 0.16904 13
-1.02357 -0.03448 24.22915 0 1.07500 31.65000 16.93700 0.14416 -13
-0.38829 -0.11866 81.60609 0 3.57500 10.97500 76.14186 0.10869 13
-1.04929 -0.16950 96.96196 0 5.10000 33.45000 67.38887 0.14696 13
0.15693 0.05804 80.59083 0 -1.75000 -4.40000 79.61972 0.10210 13
-0.79092 -0.14459 65.76448 0 4.35000 24.07500 51.78520 0.12921 13
0.29750 0.14155 43.14035 0 -4.25000 -7.77500 41.38233 0.10602 -13
0.30418 -0.25755 43.14035 0 7.77500 -7.97500 41.38233 0.10842 -13
1.03511 0.08903 61.90132 0 -2.67500 -31.75000 43.09688 0.14521 -13
0.26001 0.13025 9.41680 0 -3.87500 -9.10000 9.11855 0.10486 -13
0.26697 -0.26930 9.41680 0 8.17500 -9.32500 9.11855 0.10776 -13
-0.40798 0.09141 13.23555 0 -2.80000 12.17500 12.26217 0.10917 13
-0.42834 -0.14942 86.45219 0 4.52500 14.17500 79.60372 0.11059 -13
-0.65034 -0.07637 3.42427 0 2.12500 18.02500 2.87275 0.12040 13
-0.26422 -0.07652 9.60947 0 2.25000 8.52500 9.29217 0.10444 13
0.63222 -0.06616 75.65567 0 2.00000 -17.05000 63.98751 0.11932 13
1.35102 -0.16957 91.92439 0 5.10000 -40.60000 55.18943 0.17012 13
-1.01463 -0.03946 94.02450 0 1.20000 31.97500 66.02706 0.14352 -13
-0.00289 0.02764 22.39926 0 -0.82500 3.10000 22.39917 0.10074 -13
0.05865 -0.04904 74.06855 0 1.47500 -2.42500 73.94180 0.10100 13
-0.32937 0.06328 59.25407 0 -1.92500 9.30000 56.29088 0.10621 13
1.23651 -0.11987 92.36472 0 3.62500 -38.55000 58.33143 0.16060 -13
0.89388 -0.14399 11.70155 0 4.27500 -25.67500 8.76441 0.13580 13
-1.92383 -0.08648 2.32642 0 3.10000 58.60000 1.07620 0.21908 -13
0.67259 -0.16216 99.41808 0 4.90000 -21.00000 82.82604 0.12246 -13
1.78781 -0.00324 38.96122 0 0.07500 -53.77500 19.02008 0.20628 13
-0.75014 -0.06646 64.78952 0 2.02500 22.82500 51.86915 0.12607 -13
-0.53314 -0.18052 89.04959 0 5.45000 12.70000 78.85509 0.11556 -13
-1.07400 0.08323 27.45223 0 -2.47500 30.87500 18.74215 0.14801 -13
-0.57407 -0.05229 10.30597 0 1.52500 15.65000 8.94114 0.11622 13
