0.06458 0.09700 35.13469 0 -2.92500 0.07500 35.06236 0.10138 -13
-0.56799 -0.21679 20.71821 0 6.57500 19.05000 18.11442 0.11788 -13
0.84442 -0.05759 22.93699 0 1.70000 -25.97500 17.53696 0.13193 13
0.46632 -0.00775 67.02821 0 0.25000 -12.60000 60.74829 0.11111 -13
0.96350 -0.05907 86.09789 0 1.80000 -30.20000 62.05342 0.13997 -13
-0.70592 -0.18758 82.12196 0 5.67500 23.20000 67.47227 0.12471 -13
1.72116 -0.10916 3.65476 0 3.55000 -51.67500 1.84454 0.20100 -13
-0.09785 -0.20691 62.16865 0 6.25000 3.02500 61.88519 0.10331 -13
0.82800 -0.20182 88.80033 0 6.07500 -24.67500 68.94847 0.13231 13
-1.62442 -0.02252 63.75920 0 0.70000 51.32500 33.43056 0.19212 -13
-0.19711 -0.00429 47.29057 0 0.15000 6.67500 46.39780 0.10264 -13
1.02880 0.01877 60.98124 0 -0.55000 -29.30000 42.50721 0.14450 -13
-0.96383 -0.13697 95.74852 0 4.12500 26.97500 69.24754 0.14053 13
-0.00646 0.10284 94.79531 0 -3.10000 0.17500 94.79336 0.10124 13
-0.22016 -0.10049 96.80728 0 3.02500 8.55000 94.56502 0.10361 13
-0.12541 -0.19238 99.26345 0 5.80000 3.92500 98.51917 0.10332 13
-0.51510 -0.22558 77.88493 0 6.80000 15.35000 69.59363 0.11552 13
0.35342 -0.05608 61.14866 0 1.67500 -11.27500 57.66393 0.10696 13
0.13871 0.04661 28.70011 0 -1.42500 -3.60000 28.42855 0.10178 13
-1.19036 0.07388 85.09353 0 -2.22500 35.55000 54.82183 0.15673 -13
0.35944 -0.09456 24.87653 0 2.87500 -8.25000 23.42184 0.10744 -13
0.32804 0.01075 6.72633 0 -0.25000 -9.22500 6.39131 0.10600 -13
-1.45755 -0.05451 26.15082 0 1.67500 42.30000 14.80939 0.17810 -13
0.65502 -0.23959 56.87941 0 7.25000 -18.95000 47.97317 0.12279 -13
0.61377 0.02004 97.65998 0 -0.60000 -17.92500 83.23772 0.11817 -13
-0.24309 -0.23630 18.92262 0 7.15000 7.27500 18.41439 0.10635 -13
-0.69312 0.00656 75.73568 0 -0.20000 21.40000 62.24586 0.12252 13
0.11723 -0.05153 10.78496 0 1.50000 -5.02500 10.71172 0.10153 13
0.23766 0.11122 98.93212 0 -3.35000 -7.40000 96.28261 0.10412 13
0.65212 -0.11072 25.80411 0 3.32500 -18.50000 21.65324 0.12073 13
-0.89908 -0.00605 66.23641 0 0.20000 28.92500 49.25627 0.13542 -13
0.93910 -0.08937 69.18384 0 2.70000 -26.72500 50.52576 0.13844 13
-0.53716 -0.20441 90.96063 0 6.17500 16.27500 80.49421 0.11615 -13
-0.75637 0.00891 8.18474 0 -0.20000 22.17500 6.52778 0.12628 -13
2.10635 -0.13709 55.86358 0 4.15000 -64.27500 24.14101 0.23523 -13
-0.58420 -0.10291 19.14125 0 3.12500 21.45000 16.54952 0.11710 -13
-0.40801 -0.19058 2.95456 0 5.55000 13.97500 2.74244 0.11038 13
-0.62009 -0.19783 35.57159 0 5.95000 18.42500 30.39098 0.12014 13
-1.66927 -0.02109 64.95573 0 0.65000 50.65000 33.38612 0.19597 -13
0.28525 0.07689 34.53067 0 -2.30000 -9.62500 33.21337 0.10500 -13
-1.14581 0.13565 20.65149 0 -4.12500 30.60000 13.64898 0.15380 13
-1.17427 -0.26378 20.65149 0 7.92500 31.42500 13.64898 0.15754 13
-1.50929 0.14675 85.45378 0 -4.45000 43.87500 47.54899 0.18292 13
-1.54004 -0.25214 85.45378 0 7.60000 44.80000 47.54899 0.18662 13
0.18466 0.14665 52.61623 0 -4.42500 -6.67500 51.75941 0.10346 -13
0.18843 -0.25222 52.61623 0 7.62500 -6.80000 51.75941 0.10559 -13
1.89525 -0.13346 56.66239 0 4.05000 -56.92500 26.62485 0.21624 -13
0.04196 0.01288 53.23796 0 -0.40000 -0.07500 53.19116 0.10080 13
0.66454 0.05573 55.38115 0 -1.70000 -20.47500 46.14676 0.12105 13
-0.07806 0.13613 13.28656 0 -4.07500 2.85000 13.24702 0.10192 -13
-0.07999 -0.26321 13.28656 0 7.97500 2.92500 13.24702 0.10448 -13
-0.86711 -0.20992 70.11516 0 6.32500 22.70000 53.45987 0.13494 13
0.64535 0.09473 54.91217 0 -2.85000 -20.82500 46.19887 0.12023 -13
1.30916 0.01915 58.64316 0 -0.57500 -38.05000 35.60171 0.16590 -13
0.25815 -0.14796 48.70631 0 4.47500 -9.17500 47.19171 0.10507 -13
-0.83961 0.05336 5.07789 0 -1.47500 26.67500 3.89138 0.13160 -13
-1.01277 0.02934 99.52007 0 -0.87500 31.62500 69.93882 0.14336 -13
0.92277 0.09014 90.83302 0 -2.72500 -25.97500 66.87765 0.13732 13
-1.51913 -0.02268 18.21858 0 0.62500 44.72500 10.01905 0.18316 13
-0.68208 0.05483 74.75982 0 -1.65000 20.20000 61.79042 0.12202 13
-0.03478 0.02223 37.14552 0 -0.65000 1.70000 37.12309 0.10079 -13
0.25825 -0.12074 89.84240 0 3.62500 -7.57500 87.02755 0.10471 13
0.17750 0.08664 97.81355 0 -2.62500 -2.07500 96.31913 0.10265 13
0.07723 0.12572 27.94834 0 -3.77500 -0.27500 27.86660 0.10179 -13
0.07942 -0.27419 27.94834 0 8.30000 -0.32500 27.86660 0.10474 -13
-0.55113 -0.15103 77.66067 0 4.55000 15.80000 68.19265 0.11598 13
-1.32507 0.08138 86.47009 0 -2.45000 40.12500 52.19773 0.16737 -13
-0.55393 -0.15604 10.89644 0 4.75000 16.57500 9.55857 0.11622 -13
-0.84755 -0.05131 95.64193 0 1.55000 26.40000 73.00163 0.13211 -13
-0.40680 -0.19783 92.70930 0 5.97500 13.22500 86.10608 0.11053 13
0.33011 -0.16125 1.39846 0 4.50000 -5.97500 1.32981 0.10738 13
0.97695 -0.02824 33.51479 0 0.87500 -29.15000 23.97788 0.14082 -13
1.58488 -0.02686 60.01734 0 0.80000 -49.40000 32.03429 0.18873 13
-0.27795 -0.18489 80.98060 0 5.57500 7.62500 78.11537 0.10616 13
-0.11951 -0.10823 83.31628 0 3.27500 3.27500 82.73433 0.10200 -13
0.43299 0.01846 60.49229 0 -0.57500 -12.75000 55.51362 0.10976 13
0.09563 -0.13558 78.83241 0 4.07500 -3.00000 78.48089 0.10208 13
-0.40865 -0.22995 79.80496 0 6.95000 14.17500 74.14150 0.11123 -13
1.63779 -0.18974 40.11171 0 5.70000 -51.52500 21.17225 0.19416 13
-0.66273 -0.09452 25.29303 0 2.87500 17.72500 21.11205 0.12119 -13
0.01827 -0.10055 99.39689 0 3.05000 0.27500 99.38048 0.10123 -13
2.07125 0.08411 20.20396 0 -2.47500 -60.22500 8.80962 0.23174 -13
-1.04468 0.01759 46.06914 0 -0.52500 33.25000 31.85905 0.14565 -13
0.32064 -0.03588 66.67046 0 1.07500 -10.07500 63.49046 0.10581 13
0.04189 -0.24395 87.46069 0 7.37500 0.65000 87.38836 0.10375 -13
0.31463 -0.11308 40.87489 0 3.40000 -6.92500 39.01278 0.10618 13
-0.85929 -0.07711 91.35682 0 2.32500 24.22500 69.37786 0.13299 13
-2.08342 0.13937 70.12598 0 -4.20000 62.70000 30.58260 0.23313 -13
-2.13187 -0.25975 70.12598 0 7.85000 64.17500 30.58260 0.23862 -13
0.71091 -0.21973 71.84569 0 6.62500 -21.45000 59.01436 0.12551 13
-2.03702 0.05876 81.12092 0 -1.77500 63.27500 35.79755 0.22860 13
0.45974 0.01162 70.96152 0 -0.35000 -15.20000 64.47499 0.11084 -13
1.48723 -0.22095 91.23311 0 6.65000 -43.87500 51.74234 0.18183 13
-0.88335 0.00358 51.27065 0 -0.10000 25.62500 38.42609 0.13437 -13
-0.14853 -0.07435 45.59216 0 2.25000 5.05000 45.10010 0.10209 -13
0.79679 -0.02409 45.29024 0 0.72500 -23.50000 35.42437 0.12879 13
-0.78259 -0.14396 72.00857 0 4.32500 25.67500 56.92726 0.12869 13
-1.29169 0.14886 67.70101 0 -4.50000 36.37500 41.72844 0.16498 13
-1.31688 -0.24997 67.70101 0 7.52500 37.15000 41.72844 0.16839 13
0.64062 0.08656 68.59528 0 -2.60000 -17.82500 57.82210 0.11991 -13
-0.10546 0.05815 92.15427 0 -1.75000 1.50000 91.64773 0.10143 13
0.02176 0.13437 97.33552 0 -4.05000 0.20000 97.31291 0.10163 13
0.02230 -0.26510 97.33552 0 8.00000 0.20000 97.31291 0.10420 13
1.87772 -0.13331 86.32377 0 4.00000 -55.47500 40.85585 0.21464 13
0.89884 -0.17090 32.15505 0 5.17500 -25.50000 24.06756 0.13652 -13
-1.19210 0.05381 79.78234 0 -1.62500 35.92500 51.31832 0.15679 -13
-0.69539 -0.07243 60.28615 0 2.20000 20.77500 49.53751 0.12288 -13
1.13579 -0.01858 73.19433 0 0.55000 -32.95000 48.37293 0.15240 13
-1.20969 -0.01959 80.14912 0 0.60000 35.10000 51.07243 0.15807 -13
-1.42147 0.09819 91.42025 0 -2.97500 43.75000 52.76998 0.17530 13
-0.93045 -0.21996 33.98189 0 6.65000 28.25000 25.14827 0.13935 -13
-0.06914 -0.07010 24.03509 0 2.12500 0.62500 23.97812 0.10120 -13
-2.06565 0.10104 75.51699 0 -3.02500 61.55000 33.03986 0.23133 -13
-0.04220 -0.14156 63.54730 0 4.27500 2.22500 63.49192 0.10179 13
2.03488 -0.13467 27.19910 0 4.10000 -60.90000 12.08279 0.22879 -13
1.58747 -0.09504 33.63080 0 2.85000 -46.40000 17.98116 0.18918 13
0.09347 0.03377 16.88480 0 -1.00000 -2.47500 16.81155 0.10120 -13
-0.48617 -0.11546 78.15353 0 3.47500 13.47500 70.37550 0.11257 13
-1.05392 0.13233 57.45118 0 -3.97500 33.82500 39.72438 0.14691 -13
-1.08150 -0.26722 57.45118 0 8.07500 34.67500 39.72438 0.15077 -13
1.99516 0.11444 82.38395 0 -3.47500 -62.35000 37.10555 0.22505 13
1.84644 -0.21463 61.23455 0 6.45000 -55.82500 29.67114 0.21254 13
0.27973 -0.06007 44.58243 0 1.80000 -10.27500 42.93992 0.10474 13
1.06967 -0.16195 32.28629 0 4.90000 -34.55000 22.20036 0.14838 -13
0.67339 0.00098 60.70737 0 -0.05000 -20.07500 50.35498 0.12141 13
1.43521 -0.11829 86.16155 0 3.57500 -45.52500 49.48673 0.17656 -13
0.12365 0.08207 84.32079 0 -2.47500 -2.32500 83.68762 0.10181 13
1.17679 0.06163 16.53306 0 -1.90000 -36.40000 10.71733 0.15566 13
1.18080 0.09239 78.32887 0 -2.77500 -33.97500 50.74663 0.15610 -13
-0.80475 0.13237 97.95579 0 -3.97500 24.55000 76.57333 0.12995 -13
-0.82577 -0.26719 97.95579 0 8.07500 25.17500 76.57333 0.13335 -13
0.51618 -0.23208 41.78102 0 7.02500 -14.75000 37.32838 0.11572 -13
-0.50794 -0.05477 60.36687 0 1.65000 15.02500 53.83826 0.11309 -13
-0.25328 0.02666 60.45364 0 -0.80000 8.02500 58.60432 0.10392 13
0.12155 -0.15565 75.92431 0 4.70000 -5.47500 75.38248 0.10264 13
-1.94331 -0.17359 11.47718 0 5.32500 59.80000 5.31264 0.22094 -13
1.60929 -0.03356 36.71746 0 0.97500 -48.32500 19.38726 0.19082 13
1.25788 -0.14864 60.18778 0 4.50000 -37.60000 37.70595 0.16252 -13
-1.84466 0.01442 47.78373 0 -0.42500 54.42500 22.77471 0.21129 -13
1.00366 0.09704 45.60456 0 -2.90000 -29.37500 32.26393 0.14301 -13
0.41548 -0.14277 68.69160 0 4.30000 -11.15000 63.52740 0.10999 13
0.32090 0.06921 34.72136 0 -2.07500 -8.32500 33.06816 0.10599 -13
-0.42191 -0.06985 82.85395 0 2.10000 12.75000 76.36557 0.10952 13
-0.94469 -0.24713 30.21343 0 7.47500 30.05000 22.26758 0.14078 -13
1.50018 0.13227 28.88507 0 -3.95000 -45.52500 16.11784 0.18202 -13
1.53956 -0.26727 28.88507 0 8.10000 -46.72500 16.11784 0.18685 -13
0.65511 0.08112 22.83866 0 -2.42500 -18.50000 19.12401 0.12065 -13
2.15031 0.00163 18.02464 0 -0.10000 -63.90000 7.60081 0.23883 13
-0.28226 -0.13678 76.16173 0 4.12500 9.90000 73.34722 0.10554 13
-1.17486 -0.23560 61.54816 0 7.12500 33.95000 40.51555 0.15719 -13
0.43637 0.13481 44.92438 0 -4.07500 -14.85000 41.23372 0.11071 13
0.44733 -0.26465 44.92438 0 7.97500 -15.17500 41.23372 0.11347 13
0.07863 -0.24887 62.87785 0 7.52500 -0.85000 62.69561 0.10408 -13
0.34350 0.43183 62.87785 0 7.50000 -0.85000 62.69561 0.10412 -13
-0.27700 0.89139 62.87785 0 7.47500 -1.85000 62.69561 0.13446 -13
0.27882 0.76770 62.87785 0 7.72500 -1.42500 62.69561 0.16487 -13
-0.14160 -0.07625 59.10081 0 2.30000 2.97500 58.52032 0.10200 -13
0.95105 -0.21816 98.15823 0 6.57500 -26.15000 71.90691 0.14071 -13
-1.44935 -0.04653 54.40284 0 1.42500 44.42500 30.91810 0.17739 -13
0.72159 -0.02356 22.66863 0 0.67500 -24.00000 18.38393 0.12421 13
1.23429 -0.01495 94.86393 0 0.45000 -34.80000 59.72121 0.15998 13
-0.78226 0.03617 70.11007 0 -1.07500 26.55000 55.23517 0.12790 -13
-0.08691 -0.24392 73.86115 0 7.35000 2.10000 73.59924 0.10402 13
-0.53263 -0.17667 56.86674 0 5.35000 14.27500 50.35982 0.11549 -13
-0.96196 -0.22252 39.47010 0 6.72500 28.70000 28.77359 0.14154 -13
1.13615 0.07525 41.41060 0 -2.25000 -32.65000 27.40380 0.15260 -13
-0.81813 -0.11295 28.44107 0 3.37500 24.57500 22.06873 0.13059 13
1.21163 -0.09506 77.87619 0 2.85000 -36.80000 49.70345 0.15849 13
0.47792 0.06860 73.16649 0 -2.07500 -14.47500 66.04394 0.11183 13
-0.06916 0.12678 10.46640 0 -3.77500 2.07500 10.44179 0.10173 -13
-0.07120 -0.27302 10.46640 0 8.27500 2.12500 10.44179 0.10468 -13
0.25709 0.11767 20.60507 0 -3.52500 -7.17500 19.96448 0.10465 -13
0.51479 0.11037 13.20940 0 -3.37500 -15.90000 11.75921 0.11383 13
-0.14880 0.02131 18.28584 0 -0.62500 5.80000 18.08678 0.10183 -13
0.80379 -0.18264 56.06099 0 5.50000 -22.95000 43.97463 0.13049 13
0.61914 -0.23265 50.53419 0 7.02500 -15.90000 43.27457 0.12075 -13
0.49827 0.04434 44.50924 0 -1.35000 -13.15000 39.84563 0.11260 13
-1.73124 0.10770 36.60532 0 -3.27500 52.95000 18.38803 0.20165 13
-2.18574 -0.00815 57.11395 0 0.27500 64.05000 23.76138 0.24207 -13
-0.35092 -0.18636 95.68261 0 5.62500 8.00000 90.45159 0.10836 13
-1.10166 0.02966 20.62433 0 -0.85000 32.92500 13.86544 0.14985 -13
0.75851 -0.03179 66.21744 0 0.95000 -21.42500 52.76750 0.12643 13
1.59110 -0.03628 33.51685 0 1.07500 -49.45000 17.84408 0.18928 13
-1.37889 0.13482 2.36361 0 -4.40000 39.45000 1.39584 0.17250 13
-1.41451 -0.26527 2.36361 0 7.62500 40.32500 1.39584 0.17607 13
-1.46749 0.04578 14.29067 0 -1.32500 44.80000 8.05295 0.17887 -13
1.53898 -0.01644 46.36464 0 0.52500 -45.57500 25.26453 0.18483 -13
-0.58999 -0.01757 55.06034 0 0.52500 14.62500 47.42403 0.11694 13
-1.03485 -0.19944 36.77410 0 6.00000 31.52500 25.80968 0.14629 13
0.12813 0.12816 38.58399 0 -3.87500 -5.72500 38.27613 0.10235 13
0.13167 -0.27167 38.58399 0 8.17500 -5.82500 38.27613 0.10518 13
1.05197 -0.16170 52.19678 0 4.87500 -34.07500 36.20550 0.14706 13
-0.95262 -0.24320 6.19964 0 7.22500 29.42500 4.54997 0.14112 13
0.75750 0.05469 29.96857 0 -1.67500 -22.32500 23.90155 0.12646 13
1.02064 0.05464 48.99905 0 -1.67500 -28.77500 34.31767 0.14400 13
-0.68100 -0.20373 52.45736 0 6.12500 21.75000 43.63405 0.12354 13
0.60359 -0.14479 11.86186 0 4.42500 -17.42500 10.18343 0.11855 -13
0.44879 -0.02257 77.04365 0 0.67500 -12.45000 70.29236 0.11040 13
1.22455 -0.23677 94.76001 0 7.15000 -36.57500 60.91476 0.16099 -13
-0.72299 -0.11144 84.50389 0 3.37500 19.67500 68.62549 0.12478 -13
0.52788 0.08889 49.55690 0 -2.67500 -14.60000 43.86285 0.11422 -13
-0.33406 0.08222 93.88740 0 -2.47500 9.37500 89.07986 0.10649 -13
-1.08683 -0.10467 32.55907 0 3.17500 30.40000 22.11066 0.14911 -13
-0.04500 -0.20985 92.98112 0 6.32500 0.22500 92.89106 0.10299 13
-0.69009 0.07604 83.54607 0 -2.27500 21.62500 68.82622 0.12259 -13
-0.93791 -0.05611 7.71146 0 1.60000 30.40000 5.62829 0.13818 13
-0.16861 -0.24136 67.38942 0 7.30000 6.80000 66.50205 0.10498 -13
0.46225 -0.07981 97.91748 0 2.40000 -15.15000 88.93084 0.11123 13
1.49034 -0.18763 27.06607 0 5.70000 -46.17500 15.26073 0.18175 -13
0.17496 -0.12584 86.32765 0 3.80000 -6.82500 85.05548 0.10302 -13
-0.62816 -0.09914 29.60734 0 2.97500 17.55000 25.10579 0.11933 13
-0.39521 -0.13691 75.62942 0 4.12500 13.12500 70.42354 0.10916 13
1.04930 0.00406 95.98143 0 -0.12500 -33.15000 66.21773 0.14597 13
-0.38217 -0.16698 91.07253 0 5.05000 12.40000 85.21889 0.10911 -13
1.23993 0.02017 70.71279 0 -0.62500 -36.20000 44.39708 0.16043 13
1.34061 -0.01391 79.33449 0 0.42500 -40.22500 47.43783 0.16843 -13
-0.85195 -0.00893 27.57285 0 0.30000 22.25000 20.98931 0.13231 -13
0.53305 -0.17935 50.89277 0 5.40000 -16.05000 45.06663 0.11552 13
-0.25200 0.02782 59.39478 0 -0.82500 7.75000 57.59547 0.10389 -13
-0.30127 0.07694 97.27423 0 -2.32500 8.30000 93.16202 0.10546 13
-0.44531 -0.07956 22.14356 0 2.42500 13.90000 20.23901 0.11054 -13
1.16858 0.12429 3.91571 0 -3.55000 -36.00000 2.55710 0.15534 -13
-2.03735 0.11367 17.61927 0 -3.50000 60.02500 7.80232 0.22894 13
0.34580 -0.24553 25.26587 0 7.37500 -9.75000 23.95134 0.10936 13
0.79636 0.04845 52.76471 0 -1.45000 -24.50000 41.29393 0.12883 -13
0.73729 -0.08832 79.99178 0 2.65000 -23.55000 64.47183 0.12543 13
-0.24774 0.09593 8.84325 0 -2.82500 8.42500 8.58596 0.10419 -13
1.47606 -0.12148 23.04782 0 3.62500 -42.25000 12.99255 0.17993 13
1.18280 -0.01066 60.30250 0 0.30000 -34.60000 38.93415 0.15598 13
-0.34601 -0.16980 81.34440 0 5.12500 10.47500 76.98849 0.10792 -13
-0.64536 0.02037 99.53470 0 -0.62500 19.25000 83.63635 0.11987 13
0.15194 -0.02912 44.35476 0 0.90000 -5.10000 43.85194 0.10190 -13
1.10157 -0.16670 10.90028 0 4.95000 -34.25000 7.38185 0.15070 13
-1.65044 0.07484 93.34209 0 -2.27500 51.27500 48.46825 0.19448 13
-0.93029 -0.16845 65.60840 0 5.07500 28.07500 48.34669 0.13858 13
0.79328 0.00518 72.97374 0 -0.17500 -23.65000 57.17006 0.12854 13
-0.70998 0.14377 81.93414 0 -4.35000 24.05000 67.03620 0.12435 13
-0.72528 -0.25526 81.93414 0 7.70000 24.52500 67.03620 0.12702 13
1.19473 -0.19417 41.67166 0 5.87500 -35.02500 27.03604 0.15813 -13
2.00282 0.02286 31.48856 0 -0.65000 -58.30000 14.06917 0.22544 -13
0.28156 -0.17161 52.47296 0 5.17500 -9.47500 50.56215 0.10603 13
0.10360 -0.10057 70.40184 0 3.05000 -2.47500 70.03060 0.10175 -13
-0.17368 0.07969 30.88816 0 -2.42500 2.55000 30.43548 0.10253 13
0.03081 0.13212 94.91872 0 -3.97500 -2.77500 94.87455 0.10163 -13
0.03161 -0.26745 94.91872 0 8.07500 -2.80000 94.87455 0.10430 -13
1.01866 0.09916 92.26673 0 -3.00000 -32.92500 64.79731 0.14410 13
1.01311 -0.01061 17.06604 0 0.27500 -29.10000 11.98875 0.14336 13
0.10715 0.14058 19.23231 0 -4.22500 -4.70000 19.12506 0.10225 -13
0.10960 -0.25851 19.23231 0 7.82500 -4.77500 19.12506 0.10462 -13
-1.12639 -0.12477 59.98600 0 3.75000 31.87500 39.99718 0.15219 13
-0.10673 0.12208 15.92116 0 -3.65000 4.07500 15.83261 0.10201 -13
-0.10997 -0.27800 15.92116 0 8.42500 4.17500 15.83261 0.10514 -13
-0.60618 -0.02206 73.72735 0 0.65000 18.10000 63.05214 0.11778 13
1.08582 -0.09885 73.52233 0 2.97500 -32.12500 49.93749 0.14898 13
1.05660 0.11383 67.95460 0 -3.45000 -32.17500 46.86881 0.14696 13
0.46067 -0.24118 23.68351 0 7.25000 -13.32500 21.61483 0.11349 13
-0.79266 -0.16305 76.83570 0 4.90000 21.22500 60.51692 0.12954 13
-2.03024 0.03438 43.04235 0 -1.05000 61.57500 19.02774 0.22795 13
-0.89870 0.09278 1.12081 0 -2.22500 27.85000 0.83499 0.13615 -13
0.66769 -0.06586 77.53333 0 2.00000 -19.25000 64.52409 0.12127 -13
1.24656 -0.15427 42.16109 0 4.67500 -38.27500 26.57088 0.16170 -13
-0.38263 0.08136 17.54218 0 -2.42500 9.47500 16.39060 0.10813 -13
0.03527 -0.23931 92.87176 0 7.22500 -0.67500 92.81716 0.10361 -13
-0.66471 0.07360 22.32645 0 -2.20000 20.95000 18.60926 0.12114 -13
-0.16783 -0.13693 65.93788 0 4.12500 4.70000 65.04483 0.10304 -13
0.79142 -0.07648 97.20981 0 2.30000 -22.12500 76.31173 0.12866 13
1.26732 -0.05556 59.63803 0 1.70000 -36.60000 36.97765 0.16267 -13
2.07208 -0.18934 10.58155 0 5.82500 -61.70000 4.66617 0.23259 -13
0.74875 -0.09538 53.38477 0 2.87500 -22.72500 42.80288 0.12617 13
1.24944 -0.01917 57.44387 0 0.57500 -39.42500 35.89864 0.16117 13
-0.58802 -0.09453 97.45127 0 2.85000 18.07500 84.10015 0.11721 13
0.60714 0.12362 67.41377 0 -3.72500 -18.37500 57.74212 0.11847 -13
0.62514 -0.27643 67.41377 0 8.35000 -18.90000 57.74212 0.12199 -13
-1.12872 -0.03506 4.78813 0 0.90000 36.20000 3.17672 0.15189 13
1.34611 -0.16311 39.01191 0 4.90000 -38.70000 23.46180 0.16964 13
-1.42954 -0.02925 12.85285 0 0.82500 42.85000 7.36965 0.17570 13
1.54232 -0.23197 63.11444 0 7.00000 -45.67500 34.97030 0.18659 -13
0.46493 0.06869 56.34802 0 -2.05000 -14.12500 51.11701 0.11126 -13
0.77236 -0.11096 43.09831 0 3.35000 -24.05000 34.18677 0.12774 -13
-1.38151 0.06015 21.24757 0 -1.77500 39.77500 12.47346 0.17184 -13
-0.88923 -0.14373 54.42644 0 4.32500 25.17500 40.85556 0.13552 13
1.22731 0.02302 59.42325 0 -0.67500 -36.65000 37.54123 0.15944 -13
-0.07590 -0.05145 29.02701 0 1.57500 1.32500 28.94400 0.10113 -13
0.38136 -0.06362 71.32488 0 1.92500 -12.10000 66.66058 0.10797 -13
0.38845 -0.21076 84.08255 0 6.35000 -9.67500 78.59628 0.11009 13
-0.12363 -0.12055 26.96165 0 3.65000 3.47500 26.76088 0.10220 -13
-0.58570 -0.12906 70.83084 0 3.87500 18.60000 61.24740 0.11742 13
-2.04007 -0.20500 38.59442 0 6.15000 61.20000 17.26976 0.22969 13
0.31958 -0.08272 47.13360 0 2.50000 -10.15000 44.91073 0.10605 -13
-0.20248 -0.04590 91.95038 0 1.37500 7.27500 90.12531 0.10285 13
-0.14928 0.02118 75.24017 0 -0.62500 3.97500 74.41598 0.10184 -13
2.16523 0.10685 45.25534 0 -3.20000 -62.72500 19.06274 0.24041 -13
-1.08572 0.09542 65.03464 0 -2.90000 33.97500 44.16748 0.14896 13
-0.22129 0.01135 33.54139 0 -0.35000 5.12500 32.74931 0.10315 13
-0.89275 -0.00945 12.72044 0 0.32500 27.07500 9.48977 0.13500 -13
-0.19867 -0.04002 45.30297 0 1.20000 6.67500 44.43591 0.10275 13
-1.14927 -0.15064 5.72513 0 4.67500 32.32500 3.78166 0.15430 -13
0.59896 -0.01483 3.26529 0 0.62500 -17.57500 2.80149 0.11746 -13
0.61329 0.13958 19.73925 0 -4.17500 -17.97500 16.87101 0.11895 -13
0.62750 -0.25960 19.73925 0 7.85000 -18.42500 16.87101 0.12176 -13
0.44187 0.02122 41.22443 0 -0.65000 -11.37500 37.70862 0.11012 13
0.48816 0.07061 21.87172 0 -2.15000 -15.25000 19.66414 0.11229 13
0.86039 0.02223 50.21490 0 -0.65000 -26.60000 38.06908 0.13286 -13
-0.10909 0.07762 29.03174 0 -2.32500 4.45000 28.86161 0.10160 -13
0.11893 -0.00602 65.46869 0 0.20000 -6.20000 65.01059 0.10142 -13
-1.71777 -0.24386 55.39083 0 7.35000 50.25000 28.47126 0.20163 13
0.01995 -0.01237 4.89217 0 0.27500 -1.75000 4.89120 0.10075 13
0.62051 -0.19985 62.50670 0 6.02500 -18.75000 53.39819 0.12022 -13
0.82077 0.03529 83.37661 0 -1.07500 -23.05000 64.46429 0.13033 13
-0.16805 0.10743 96.89192 0 -3.22500 4.85000 95.56719 0.10269 -13
0.26600 -0.04306 94.92592 0 1.30000 -5.10000 91.74155 0.10430 -13
1.90922 -0.06566 95.25145 0 2.00000 -58.20000 44.26912 0.21715 -13
1.53031 0.09307 61.77222 0 -2.82500 -44.92500 33.89348 0.18433 13
-0.49982 -0.02620 32.08061 0 0.77500 13.65000 28.69778 0.11261 13
0.79260 0.12285 88.11402 0 -3.72500 -24.97500 69.25317 0.12910 13
0.81636 -0.27726 88.11402 0 8.35000 -25.70000 69.25317 0.13296 13
0.54269 -0.13851 41.88710 0 4.17500 -16.15000 36.89412 0.11542 13
-0.31818 -0.21003 70.74667 0 6.32500 7.02500 67.54785 0.10777 13
-0.81021 0.04723 63.34863 0 -1.42500 20.07500 49.24270 0.12970 13
0.48949 -0.21860 3.67598 0 6.42500 -14.45000 3.31631 0.11419 13
0.74753 0.05210 32.05170 0 -1.60000 -18.87500 25.68428 0.12584 13
1.15150 -0.18118 67.51810 0 5.47500 -35.25000 44.67768 0.15467 -13
0.14452 -0.16776 93.65916 0 5.05000 -3.60000 92.72213 0.10314 13
-0.11233 0.03907 6.16376 0 -1.10000 2.77500 6.12537 0.10142 -13
-0.28513 0.04650 32.47737 0 -1.42500 7.25000 31.23506 0.10482 13
-0.17156 0.12370 9.20616 0 -3.77500 6.17500 9.07556 0.10296 13
-0.17663 -0.27645 9.20616 0 8.27500 6.32500 9.07556 0.10594 13
0.03791 0.13707 42.06549 0 -4.15000 -1.82500 42.03584 0.10172 13
0.03883 -0.26229 42.06549 0 7.90000 -1.85000 42.03584 0.10417 13
-0.19215 0.00623 79.30027 0 -0.20000 6.12500 77.87567 0.10255 13
-0.19210 -0.14399 29.35838 0 4.35000 7.80000 28.84160 0.10357 -13
0.17076 -0.11177 22.48704 0 3.40000 -7.20000 22.16999 0.10279 -13
0.14367 -0.04473 82.51339 0 1.35000 -0.97500 81.67647 0.10184 13
-0.46686 -0.20380 4.66086 0 6.02500 15.22500 4.23855 0.11295 13
0.23611 -0.19095 67.29226 0 5.75000 -5.87500 65.55243 0.10524 13
-0.85636 -0.11355 5.44051 0 3.30000 27.50000 4.14386 0.13303 13
1.56659 -0.05315 46.02349 0 1.62500 -49.70000 24.78837 0.18724 -13
1.18160 -0.07618 92.21874 0 2.30000 -36.45000 59.67458 0.15607 13
1.66382 -0.12130 31.80526 0 3.70000 -49.40000 16.47307 0.19589 -13
0.06183 0.11571 93.40840 0 -3.47500 -0.05000 93.23274 0.10156 -13
1.09829 -0.13987 71.16158 0 4.20000 -30.97500 48.16253 0.15023 13
-1.58514 0.02605 47.68284 0 -0.80000 48.20000 25.44785 0.18875 13
-1.52507 -0.21266 34.17357 0 6.40000 46.95000 19.02907 0.18487 13
-1.10642 -0.24786 71.76605 0 7.47500 33.87500 48.90597 0.15226 -13
-1.13670 0.07634 98.91634 0 -2.30000 34.82500 65.44343 0.15265 -13
-0.86138 -0.02551 52.02959 0 0.75000 28.55000 39.42662 0.13294 13
-0.85660 0.02116 30.75798 0 -0.65000 27.02500 23.36182 0.13262 13
0.08525 0.09129 30.94543 0 -2.77500 -3.40000 30.83453 0.10149 13
-0.43774 -0.00637 68.99074 0 0.20000 13.87500 63.20110 0.10993 -13
0.51337 -0.24053 6.91944 0 7.17500 -15.15000 6.19097 0.11570 13
-0.22201 -0.12611 47.62001 0 3.80000 9.57500 46.50531 0.10393 13
-0.45831 -0.15752 17.14245 0 4.77500 13.00000 15.61662 0.11190 -13
-0.45832 -0.15751 17.14245 0 4.77500 13.00000 15.61662 0.11193 -13
0.42655 -0.00653 50.46913 0 0.20000 -12.50000 46.42229 0.10948 -13
-1.52585 -0.18242 9.91255 0 5.40000 46.42500 5.49527 0.18456 13
0.26252 -0.01673 60.93808 0 0.52500 -6.90000 58.94142 0.10413 -13
-0.88263 -0.16959 60.49261 0 5.12500 26.97500 45.63409 0.13540 -13
-0.14058 -0.15459 96.55919 0 4.67500 8.97500 95.64074 0.10288 -13
-0.61802 0.04175 4.39297 0 -1.12500 22.22500 3.73798 0.11847 -13
1.91626 0.14186 62.36478 0 -4.25000 -55.60000 29.07887 0.21812 -13
1.95906 -0.25719 62.36478 0 7.77500 -56.90000 29.07887 0.22304 -13
0.28117 -0.09905 98.72834 0 3.00000 -8.32500 95.07687 0.10508 -13
-0.67074 -0.00815 41.54891 0 0.25000 21.02500 34.50624 0.12126 -13
-0.02839 -0.20581 33.62137 0 6.22500 2.90000 33.60839 0.10286 -13
0.65673 -0.06742 54.55855 0 2.05000 -17.82500 45.63469 0.12068 -13
-1.62157 -0.04355 17.16527 0 1.25000 45.37500 9.01636 0.19189 13
1.70361 0.12963 17.75076 0 -3.97500 -52.15000 9.04147 0.19941 13
1.75019 -0.27022 17.75076 0 8.10000 -53.50000 9.04147 0.20470 13
-1.35407 -0.22238 80.04910 0 6.70000 42.77500 48.29771 0.17097 13
0.24983 -0.21813 69.58822 0 6.57500 -8.80000 67.60355 0.10610 -13
0.90425 -0.23705 58.21990 0 7.15000 -27.70000 43.70902 0.13785 13
0.42143 -0.03817 98.69139 0 1.15000 -11.40000 90.95507 0.10935 13
0.34363 -0.12841 15.90934 0 3.90000 -10.92500 15.05830 0.10728 -13
0.94206 -0.10762 73.38776 0 3.25000 -27.57500 53.56199 0.13877 13
0.78359 -0.01332 33.36056 0 0.42500 -22.52500 26.25994 0.12794 -13
-2.11886 -0.22289 53.34171 0 6.70000 63.60000 23.22065 0.23698 13
1.61361 0.04098 52.89578 0 -1.25000 -49.20000 27.88101 0.19122 13
-0.47067 -0.19784 99.87800 0 5.97500 11.87500 90.67894 0.11307 13
-0.28041 -0.16531 81.52624 0 5.00000 9.92500 78.57465 0.10591 -13
1.00496 0.06523 15.67228 0 -2.00000 -29.37500 11.06654 0.14293 13
1.14949 -0.20976 43.52839 0 6.35000 -33.20000 28.91836 0.15490 -13
-0.71634 0.12460 69.60812 0 -3.77500 20.32500 56.73444 0.12451 13
-0.73730 -0.27542 69.60812 0 8.30000 20.95000 56.73444 0.12815 13
1.33321 -0.12281 23.86412 0 3.75000 -39.17500 14.38723 0.16832 -13
-0.43262 -0.03434 28.80349 0 1.02500 12.30000 26.43803 0.10978 13
0.26436 0.00233 86.37382 0 -0.07500 -7.35000 83.50513 0.10416 -13
-0.82518 -0.02763 72.28856 0 0.85000 24.00000 55.76535 0.13060 -13
0.22580 -0.19052 8.21984 0 5.67500 -4.77500 8.02483 0.10498 13
-0.97723 -0.17121 69.70012 0 5.17500 30.25000 50.20043 0.14187 -13
-0.22059 -0.19074 70.32537 0 5.75000 6.95000 68.73034 0.10489 13
-0.03806 -0.05785 14.49221 0 1.77500 -1.25000 14.48175 0.10095 -13
0.59605 -0.16524 88.24835 0 5.00000 -19.40000 76.06991 0.11841 -13
1.28935 -0.22660 2.18179 0 6.45000 -38.62500 1.35813 0.16563 13
0.64753 0.05604 93.59745 0 -1.70000 -19.82500 78.60086 0.12011 13
-1.61155 -0.02946 41.63789 0 0.90000 49.75000 21.96094 0.19103 -13
-0.80310 0.14103 3.60554 0 -4.42500 23.17500 2.82144 0.13012 13
-0.82136 -0.25858 3.60554 0 7.60000 23.65000 2.82144 0.13278 13
0.71231 0.03328 10.21446 0 -1.05000 -18.92500 8.32123 0.12370 13
0.31302 -0.13839 86.17321 0 4.17500 -10.12500 82.30741 0.10644 -13
-0.00833 0.11580 81.90537 0 -3.50000 -0.90000 81.90258 0.10138 -13
-1.47030 -0.05740 27.40658 0 1.70000 42.27500 15.43092 0.17914 13
1.55322 0.03583 75.19052 0 -1.07500 -45.97500 40.72094 0.18606 -13
-0.33530 -0.18069 5.56138 0 5.55000 10.45000 5.28131 0.10784 -13
-0.86876 -0.08515 90.58393 0 2.57500 27.25000 68.48868 0.13367 -13
-0.14245 0.02116 84.49597 0 -0.62500 1.77500 83.65182 0.10174 -13
0.44059 0.08565 24.40587 0 -2.55000 -12.65000 22.34764 0.11038 -13
-0.97878 -0.15805 26.08546 0 4.80000 31.55000 18.75418 0.14183 -13
-2.12260 -0.20557 91.21157 0 6.17500 64.77500 39.53459 0.23717 13
1.78694 -0.11420 49.95535 0 3.47500 -54.25000 24.51563 0.20655 -13
-0.03047 0.10228 93.40408 0 -3.07500 -2.20000 93.36118 0.10127 -13
-0.63860 0.07876 59.75776 0 -2.37500 19.77500 50.40898 0.11975 -13
0.64968 -0.24876 60.97972 0 7.50000 -21.40000 51.58386 0.12266 13
1.86724 -0.13342 7.15276 0 3.87500 -55.52500 3.39900 0.21369 13
-0.52573 -0.07101 20.70401 0 2.12500 15.57500 18.33513 0.11400 13
0.35919 -0.02988 59.59749 0 0.90000 -12.85000 56.09173 0.10705 -13
0.54076 0.07396 66.41555 0 -2.22500 -17.82500 58.45704 0.11472 -13
0.52296 -0.19190 33.46760 0 5.77500 -18.05000 29.77101 0.11526 13
-0.23872 -0.18195 36.64602 0 5.50000 6.95000 35.67528 0.10515 -13
0.19451 0.04575 79.75956 0 -1.37500 -5.32500 78.29519 0.10270 13
-0.75050 0.01976 66.67770 0 -0.60000 24.65000 53.33306 0.12592 13
-1.01149 0.06219 18.65249 0 -1.90000 31.72500 13.12686 0.14338 13
-1.41469 0.05665 69.07466 0 -1.70000 39.87500 39.91359 0.17455 -13
0.22749 -0.00643 92.76729 0 0.20000 -4.60000 90.45612 0.10328 -13
0.88828 -0.18720 7.39974 0 5.55000 -30.47500 5.57487 0.13594 13
0.48296 -0.11911 51.89011 0 3.57500 -13.55000 46.78769 0.11247 13
-0.82056 -0.20494 91.75162 0 6.17500 25.22500 71.51163 0.13188 13
0.84394 -0.17881 10.15368 0 5.45000 -25.32500 7.80987 0.13306 -13
-0.48212 0.04152 14.78381 0 -1.22500 14.47500 13.31920 0.11187 -13
-1.27604 -0.11411 24.11894 0 3.47500 41.42500 14.93715 0.16368 -13
-0.49652 -0.23203 9.74310 0 7.05000 13.90000 8.77150 0.11489 -13
0.41230 -0.09166 84.59033 0 2.77500 -14.52500 78.25140 0.10932 -13
1.28588 -0.00970 23.66549 0 0.32500 -39.40000 14.52839 0.16405 -13
-1.26182 -0.16036 22.71459 0 4.80000 37.60000 14.21805 0.16291 13
-0.28711 -0.08199 45.58473 0 2.45000 7.22500 43.82617 0.10509 13
0.09239 0.04110 12.20733 0 -1.20000 -5.60000 12.15566 0.10122 -13
-0.95335 -0.01964 5.12816 0 0.47500 29.70000 3.71174 0.13918 13
-1.48474 -0.11907 70.01107 0 3.60000 44.05000 39.29561 0.18069 -13
-1.09658 0.01061 25.13145 0 -0.30000 33.67500 16.93426 0.14946 -13
0.01591 -0.02847 32.31136 0 0.87500 -1.67500 32.30728 0.10076 -13
0.44439 -0.18082 83.02810 0 5.45000 -15.17500 76.07241 0.11169 13
-0.68027 0.01249 45.98373 0 -0.37500 20.40000 38.02130 0.12181 -13
0.38463 0.09913 37.07098 0 -2.97500 -9.00000 34.62162 0.10835 -13
0.42246 -0.21097 45.75439 0 6.35000 -12.12500 42.28415 0.11136 13
1.72071 0.00004 47.38175 0 -0.02500 -53.65000 23.80780 0.20041 13
-0.18081 -0.14996 35.03174 0 4.55000 6.12500 34.48485 0.10345 -13
1.91930 0.06047 4.97215 0 -2.02500 -59.32500 2.30098 0.21815 13
0.16257 0.03895 18.62257 0 -1.20000 -3.17500 18.38164 0.10210 13
0.96663 -0.19792 79.06546 0 5.97500 -27.62500 57.37295 0.14146 13
0.18932 -0.03924 5.77237 0 1.27500 -4.42500 5.67183 0.10260 -13
-0.01986 -0.03777 50.49946 0 1.15000 2.82500 50.48953 0.10079 -13
0.79737 -0.10997 94.53461 0 3.30000 -23.60000 74.08641 0.12927 13
-0.90629 -0.06847 31.81586 0 2.07500 29.85000 23.60000 0.13608 -13
-0.82631 0.13002 23.51781 0 -3.90000 26.10000 18.19109 0.13127 -13
-0.84865 -0.26960 23.51781 0 8.15000 26.77500 18.19109 0.13487 -13
-0.96606 0.12718 46.22074 0 -3.85000 29.80000 33.37089 0.14061 13
-0.99334 -0.27271 46.22074 0 8.20000 30.62500 33.37089 0.14455 13
1.31266 -0.21591 42.02277 0 6.50000 -40.07500 25.83290 0.16757 13
-1.81213 -0.18831 96.69971 0 5.70000 53.55000 47.34606 0.20931 -13
1.76685 0.10850 7.83764 0 -3.15000 -52.65000 3.87725 0.20469 -13
-1.98340 0.10003 51.48107 0 -3.00000 60.72500 23.26958 0.22389 -13
0.20473 -0.19416 16.88024 0 5.82500 -6.70000 16.54924 0.10462 13
-0.04195 0.04202 40.90927 0 -1.25000 0.32500 40.87339 0.10088 -13
1.44659 -0.03774 84.40020 0 1.12500 -41.35000 48.01639 0.17713 13
0.77775 -0.07667 87.25975 0 2.32500 -20.75000 68.95612 0.12782 -13
0.22688 0.00515 80.96778 0 -0.15000 -5.15000 78.96105 0.10327 13
-0.09441 -0.11644 89.04402 0 3.50000 3.17500 88.65511 0.10183 13
-1.04416 -0.04255 22.92256 0 1.32500 31.25000 15.86250 0.14566 -13
0.47370 -0.00831 35.60102 0 0.22500 -13.15000 32.17404 0.11143 13
-0.93638 -0.14500 44.44409 0 4.40000 27.07500 32.59915 0.13874 -13
0.44739 0.14794 7.60692 0 -4.40000 -12.55000 6.95602 0.11130 -13
0.45629 -0.25086 7.60692 0 7.65000 -12.82500 6.95602 0.11362 -13
0.64279 0.08921 45.86375 0 -2.67500 -19.02500 38.62309 0.12005 -13
0.12553 -0.08815 33.63171 0 2.67500 -3.37500 33.37180 0.10188 -13
0.47109 -0.23952 22.68428 0 7.20000 -13.60000 20.62316 0.11388 13
-0.85825 0.05603 20.14887 0 -1.65000 27.42500 15.29942 0.13282 -13
-0.50165 -0.10076 69.22799 0 3.02500 12.22500 61.94134 0.11312 13
-0.11014 -0.16465 19.15419 0 5.00000 3.47500 19.04196 0.10268 -13
2.00753 -0.17357 28.37751 0 5.20000 -59.97500 12.80372 0.22648 13
0.09609 0.01992 88.81986 0 -0.60000 -5.42500 88.41286 0.10119 -13
-0.09375 -0.14271 5.60220 0 4.40000 4.27500 5.57820 0.10222 -13
-2.00128 -0.24347 78.54362 0 7.32500 62.30000 35.92121 0.22660 13
-2.05572 -0.22098 3.75741 0 6.97500 61.15000 1.67577 0.23184 -13
-0.05508 -0.22770 46.18156 0 6.85000 3.40000 46.11513 0.10342 13
-0.51265 -0.00600 50.59771 0 0.17500 15.15000 45.02587 0.11317 13
-0.81074 0.03548 33.34096 0 -1.10000 22.45000 25.90510 0.12969 13
0.19468 -0.00909 26.92708 0 0.25000 -6.67500 26.43089 0.10260 13
0.07854 -0.08699 46.28524 0 2.62500 -3.37500 46.14424 0.10140 -13
-1.96743 -0.24300 35.26867 0 7.30000 58.05000 16.34719 0.22353 13
0.31836 0.06399 17.09248 0 -1.90000 -8.77500 16.29014 0.10587 -13
0.00878 -0.01034 27.09771 0 0.30000 -2.00000 27.09667 0.10071 13
0.29800 -0.03184 54.29763 0 0.95000 -8.60000 52.03833 0.10513 13
-0.24973 0.14676 15.02853 0 -4.45000 5.45000 14.58975 0.10486 13
-0.25489 -0.25219 15.02853 0 7.57500 5.60000 14.58975 0.10695 13
-0.99299 -0.14585 13.07550 0 4.45000 31.07500 9.32683 0.14271 -13
-0.75715 0.11407 11.78236 0 -3.37500 20.77500 9.41582 0.12682 -13
-1.70280 -0.22654 50.87757 0 6.85000 51.07500 26.24536 0.20019 -13
0.28228 -0.10854 48.40261 0 3.27500 -8.50000 46.60217 0.10521 -13
-0.20867 0.02575 3.46907 0 -0.62500 5.80000 3.39597 0.10294 -13
-1.48455 -0.14747 39.72291 0 4.42500 46.02500 22.35696 0.18084 13
1.22036 -0.17927 98.20335 0 5.40000 -36.82500 62.83083 0.15990 13
