0.31870 0.03832 62.98836 0 -1.17500 -10.75000 60.01839 0.10577 13
-0.23780 -0.03866 24.70771 0 1.15000 6.50000 24.03845 0.10358 13
0.38398 0.09155 83.20331 0 -2.75000 -13.10000 77.71528 0.10826 -13
-0.13143 -0.20142 16.22956 0 6.05000 4.87500 16.09649 0.10356 13
-2.06001 -0.10973 73.37378 0 3.32500 62.55000 32.19699 0.23089 -13
1.33044 -0.09501 16.21480 0 2.82500 -38.85000 9.77000 0.16786 13
-1.11637 0.00256 93.95568 0 -0.07500 34.37500 62.68902 0.15093 13
0.58943 -0.03069 44.69799 0 0.92500 -16.85000 38.51136 0.11693 13
-0.50222 0.08015 15.49472 0 -2.45000 16.92500 13.85539 0.11299 13
0.76906 -0.00252 36.48033 0 0.10000 -22.57500 28.91765 0.12704 -13
1.85362 -0.10276 79.34721 0 3.10000 -55.92500 37.82711 0.21236 -13
-0.41458 -0.03482 61.70950 0 1.05000 11.32500 57.00963 0.10907 13
0.79636 0.11163 84.04922 0 -3.35000 -22.90000 65.90560 0.12922 -13
-1.81203 0.10621 61.49666 0 -3.22500 54.32500 29.84092 0.20871 13
-0.51089 0.01899 45.92425 0 -0.55000 15.85000 40.89763 0.11310 -13
-1.18342 0.07682 98.07795 0 -2.30000 36.72500 63.41150 0.15621 -13
-1.16831 -0.17080 50.70237 0 5.15000 34.30000 33.24290 0.15580 13
0.83587 0.04167 50.17877 0 -1.27500 -26.17500 38.51385 0.13133 13
0.17575 -0.17842 15.81726 0 5.35000 -5.70000 15.58594 0.10379 13
-0.54582 0.14750 79.53653 0 -4.45000 18.27500 69.98493 0.11569 13
-0.55677 -0.25136 79.53653 0 7.57500 18.60000 69.98493 0.11800 13
0.09621 -0.02985 52.47739 0 0.90000 -1.42500 52.23643 0.10121 -13
-0.08832 -0.05256 15.35360 0 1.62500 2.30000 15.29418 0.10124 -13
0.46945 -0.00387 66.35328 0 0.12500 -14.85000 60.06401 0.11125 -13
-1.74728 -0.05111 40.11308 0 1.52500 53.10000 19.94392 0.20280 13
1.48603 -0.15964 66.96128 0 4.82500 -44.47500 37.70781 0.18111 -13
-0.22775 -0.02013 61.33864 0 0.62500 5.47500 59.80783 0.10330 -13
-0.45717 0.13122 16.74337 0 -3.92500 14.02500 15.24939 0.11150 -13
-0.46933 -0.26833 16.74337 0 8.12500 14.40000 15.24939 0.11451 -13
0.70526 0.13058 86.12457 0 -3.92500 -22.02500 70.57933 0.12392 -13
0.72420 -0.26907 86.12457 0 8.12500 -22.60000 70.57933 0.12726 -13
0.91026 -0.09486 35.99830 0 2.85000 -28.87500 26.67472 0.13650 13
0.09597 0.08839 85.95053 0 -2.67500 -3.12500 85.56046 0.10156 13
-1.94267 0.13211 76.74196 0 -3.97500 56.50000 35.36332 0.22042 -13
-1.99359 -0.26744 76.74196 0 8.07500 58.05000 35.36332 0.22625 -13
-0.34429 0.09235 24.27249 0 -2.80000 10.97500 22.96060 0.10692 13
-1.19971 -0.05768 6.44375 0 1.85000 36.02500 4.13002 0.15744 -13
0.91216 -0.02965 51.52184 0 0.87500 -29.45000 38.07254 0.13633 13
0.60358 -0.24789 37.80729 0 7.50000 -20.85000 32.62153 0.12026 -13
-0.31690 -0.16846 39.05024 0 5.07500 9.90000 37.27283 0.10699 13
-0.12562 0.04962 79.10476 0 -1.50000 4.65000 78.48934 0.10162 -13
1.96023 0.12722 38.60840 0 -3.80000 -59.50000 17.65717 0.22193 -13
2.01551 -0.27257 38.60840 0 8.25000 -61.20000 17.65717 0.22827 -13
0.77189 -0.22009 29.26535 0 6.65000 -24.90000 23.36900 0.12915 -13
0.09350 0.12116 69.15863 0 -3.65000 -5.20000 68.86261 0.10187 -13
0.09633 -0.27904 69.15863 0 8.42500 -5.30000 68.86261 0.10501 -13
-1.93820 -0.21523 41.76063 0 6.52500 61.67500 19.49223 0.22073 -13
2.10432 -0.06093 29.26000 0 1.80000 -64.27500 12.57768 0.23468 13
-0.08894 0.04328 40.22640 0 -1.32500 3.02500 40.06855 0.10120 13
0.26931 0.01871 50.83490 0 -0.55000 -7.57500 49.08661 0.10431 -13
0.23718 -0.03665 15.27083 0 1.07500 -9.82500 14.85920 0.10356 13
-0.76673 -0.13286 60.20674 0 4.02500 23.55000 47.93321 0.12760 -13
0.19801 0.08378 57.11406 0 -2.52500 -2.25000 56.03364 0.10301 13
-0.19697 -0.05866 37.70984 0 1.77500 3.42500 37.00125 0.10281 -13
1.13659 -0.13832 57.85993 0 4.17500 -32.55000 38.42391 0.15309 -13
-0.58053 -0.17128 31.62365 0 5.15000 16.30000 27.44773 0.11770 13
1.49119 -0.01886 82.09842 0 0.55000 -43.32500 45.73155 0.18082 13
-0.06081 -0.20232 8.61045 0 6.17500 1.10000 8.59522 0.10297 -13
0.57811 0.14578 26.78011 0 -4.37500 -19.67500 23.24574 0.11723 -13
0.59013 -0.25314 26.78011 0 7.65000 -20.05000 23.24574 0.11970 -13
-0.07540 -0.03544 16.71903 0 1.05000 0.40000 16.67175 0.10105 13
2.04895 0.10641 17.85982 0 -3.27500 -62.50000 7.86955 0.22989 13
-0.89812 0.13554 72.49681 0 -4.10000 25.40000 54.15520 0.13605 13
-0.92047 -0.26386 72.49681 0 7.95000 26.07500 54.15520 0.13942 13
0.54981 -0.02056 75.72462 0 0.62500 -15.37500 66.35980 0.11494 13
-0.60319 0.01847 43.74810 0 -0.55000 17.35000 37.46271 0.11762 -13
0.58924 -0.17014 5.03725 0 5.25000 -18.35000 4.35545 0.11824 -13
-0.25322 -0.14001 73.13902 0 4.22500 7.57500 70.94226 0.10483 13
-1.02895 -0.17158 63.73185 0 5.17500 26.50000 44.74787 0.14551 13
-0.97929 0.09053 69.01544 0 -2.72500 30.00000 49.40774 0.14124 -13
0.07360 0.07311 6.88586 0 -2.27500 -2.52500 6.86742 0.10127 13
-0.59748 -0.01846 83.78180 0 0.55000 16.90000 71.92533 0.11732 13
0.36083 0.07641 3.50379 0 -2.45000 -10.42500 3.29682 0.10743 13
-0.53040 -0.11001 3.50379 0 8.45000 -12.95000 3.29682 0.14491 13
0.52646 0.01661 33.22732 0 -0.52500 -17.42500 29.40245 0.11382 13
-0.20272 -0.04575 78.15819 0 1.37500 7.50000 76.60328 0.10286 -13
-1.57070 -0.15201 14.92463 0 4.65000 45.35000 8.08063 0.18820 -13
0.50284 -0.09602 74.79307 0 2.90000 -15.77500 66.88247 0.11313 13
-0.42815 -0.19311 88.50778 0 5.82500 14.47500 81.59144 0.11126 -13
1.51118 0.08814 33.56579 0 -2.67500 -44.32500 18.57314 0.18271 13
0.72400 -0.05475 20.90977 0 1.62500 -21.07500 16.94561 0.12444 13
-0.31465 -0.14993 11.32966 0 4.57500 7.45000 10.81786 0.10667 -13
0.20331 -0.20925 34.15770 0 6.32500 -7.42500 33.50076 0.10491 -13
0.28748 -0.12880 7.04951 0 3.80000 -9.22500 6.77939 0.10556 13
0.55527 -0.24784 96.48906 0 7.47500 -17.12500 84.93765 0.11786 13
0.42219 -0.24567 88.45199 0 7.42500 -12.60000 81.84059 0.11202 -13
0.11894 0.66600 88.45199 0 7.40000 -12.60000 81.84059 0.11209 -13
0.61524 -8.05784 88.45199 0 7.60000 -13.90000 81.84059 0.13995 -13
-0.01681 -0.20505 88.45199 0 5.60000 -13.00000 81.84059 0.15240 -13
0.16635 0.17446 88.45199 0 7.47500 -13.05000 81.84059 0.16325 -13
0.25057 1.02056 88.45199 0 5.70000 -12.70000 81.84059 0.17353 -13
-0.14892 -1.13375 88.45199 0 6.60000 -13.72500 81.84059 0.18744 -13
-0.50105 -0.15814 88.45199 0 6.47500 -13.50000 81.84059 0.18920 -13
0.07475 -0.21722 88.45199 0 7.40000 -13.27500 81.84059 0.19652 -13
-0.39453 0.03959 97.02268 0 -1.20000 11.82500 90.26202 0.10833 -13
0.89109 -0.12926 40.55856 0 3.92500 -24.65000 30.39158 0.13553 -13
-0.28061 0.12417 70.51156 0 -3.75000 6.00000 67.92711 0.10534 13
-0.28887 -0.27587 70.51156 0 8.32500 6.25000 67.92711 0.10843 13
0.29355 0.07708 22.21536 0 -2.35000 -10.62500 21.32087 0.10525 13
-0.19293 0.07409 16.05046 0 -2.20000 3.17500 15.76130 0.10283 -13
-0.24578 -0.12744 2.53918 0 4.05000 7.85000 2.46700 0.10467 -13
-0.64648 -0.06316 82.18847 0 1.90000 17.12500 69.06183 0.12008 13
1.49328 -0.10423 15.90564 0 3.10000 -44.82500 8.88334 0.18125 13
0.78403 -0.10446 9.40529 0 3.22500 -25.05000 7.41655 0.12843 -13
1.47660 -0.17196 88.61899 0 5.20000 -44.15000 50.18901 0.18043 -13
0.09447 -0.12889 75.07338 0 3.87500 -3.22500 74.74599 0.10198 13
0.66013 -0.16760 80.30097 0 5.05000 -19.87500 67.29534 0.12184 13
0.01967 0.06294 22.54094 0 -1.92500 -0.70000 22.53661 0.10093 13
1.51752 -0.06932 61.93762 0 2.10000 -48.47500 34.13814 0.18316 -13
-0.67338 0.00529 48.14040 0 -0.15000 20.37500 39.93138 0.12141 -13
0.57683 0.04959 33.36576 0 -1.52500 -18.10000 28.91102 0.11637 13
-0.03389 -0.21729 54.51596 0 6.55000 2.77500 54.48609 0.10310 13
-1.29306 0.10490 55.37102 0 -3.15000 38.10000 33.98959 0.16494 -13
0.78304 -0.03392 51.18297 0 1.00000 -22.00000 40.30743 0.12794 13
-0.58939 -0.05467 6.91760 0 1.57500 20.60000 5.96157 0.11702 13
-0.43458 -0.16776 53.37234 0 5.07500 11.95000 49.05671 0.11110 -13
-0.22924 -0.09150 72.47210 0 2.75000 7.77500 70.65494 0.10372 13
-1.12953 0.09119 91.80223 0 -2.75000 33.45000 60.99378 0.15219 -13
-1.62856 0.09425 78.31775 0 -2.85000 48.52500 41.11243 0.19269 13
0.38961 -0.23967 20.09442 0 7.25000 -10.00000 18.79067 0.11076 -13
0.11779 0.11955 43.23505 0 -3.62500 -3.32500 42.94229 0.10212 13
0.12147 -0.28078 43.23505 0 8.45000 -3.42500 42.94229 0.10530 13
-0.47998 0.01349 67.52208 0 -0.40000 16.45000 60.87417 0.11171 -13
0.22171 0.09475 24.47789 0 -2.85000 -8.70000 23.90258 0.10358 -13
-0.42372 0.06115 36.10437 0 -1.82500 13.67500 33.25281 0.10954 -13
1.04231 -0.05547 77.74959 0 1.67500 -33.27500 53.86951 0.14557 -13
-0.45331 -0.22254 59.94324 0 6.70000 14.47500 54.81686 0.11280 13
1.50060 -0.04765 89.06851 0 1.42500 -44.10000 49.43194 0.18165 13
-0.88537 0.11631 38.11646 0 -3.52500 25.45000 28.62239 0.13501 13
0.75871 0.09840 90.86016 0 -2.95000 -23.70000 72.51126 0.12680 -13
-0.66430 -0.09957 69.04724 0 3.00000 18.97500 57.60040 0.12132 -13
0.48730 0.04876 59.65997 0 -1.47500 -16.57500 53.64329 0.11214 13
1.45827 -0.14874 39.26651 0 4.50000 -43.40000 22.37164 0.17872 -13
0.55465 -0.02468 27.51263 0 0.72500 -17.42500 24.06141 0.11518 13
-0.11833 0.11793 84.67349 0 -3.55000 3.67500 84.09475 0.10210 -13
-1.38408 0.07868 29.37633 0 -2.35000 41.20000 17.23763 0.17213 -13
-1.63186 -0.04074 62.59484 0 1.22500 49.25000 32.72539 0.19277 13
0.36897 -0.23936 44.27465 0 7.22500 -13.37500 41.67286 0.11002 -13
-0.15097 -0.24461 10.74729 0 7.42500 4.80000 10.63348 0.10483 -13
-0.36734 -0.11639 18.87253 0 3.52500 11.40000 17.72962 0.10793 -13
-1.38115 -0.10346 50.46900 0 3.10000 41.75000 29.70131 0.17202 13
2.04905 -0.02953 9.18860 0 1.00000 -61.62500 4.03156 0.22967 -13
0.30747 -0.17502 85.48245 0 5.27500 -9.40000 81.81239 0.10682 -13
0.35170 0.11016 8.13058 0 -3.25000 -8.17500 7.67511 0.10731 -13
-0.93709 0.13251 97.76576 0 -4.00000 26.87500 71.62826 0.13865 13
-0.96152 -0.26706 97.76576 0 8.05000 27.60000 71.62826 0.14226 13
-0.22342 -0.01557 74.55475 0 0.47500 4.55000 72.76131 0.10320 -13
-0.94769 -0.01845 34.58009 0 0.57500 27.82500 25.10176 0.13876 -13
-0.21733 0.08488 65.22560 0 -2.55000 7.27500 63.74792 0.10341 -13
-1.53256 -0.09833 30.28604 0 3.00000 45.62500 16.60634 0.18456 -13
-0.28222 -0.14735 63.57505 0 4.45000 7.00000 61.23302 0.10569 -13
-0.46149 0.06892 66.72858 0 -2.10000 14.00000 60.61307 0.11113 13
-1.29234 -0.00881 69.05879 0 0.27500 37.87500 42.26339 0.16456 -13
0.21213 -0.15990 77.26477 0 4.82500 -5.02500 75.62357 0.10419 13
0.84822 -0.12348 89.92504 0 3.72500 -27.35000 68.79487 0.13263 13
-2.04797 0.03652 34.26445 0 -1.07500 61.65000 15.04199 0.22954 -13
0.63929 0.01132 60.11786 0 -0.35000 -18.65000 50.65255 0.11953 13
-0.99014 0.05295 96.61031 0 -1.60000 30.47500 68.69881 0.14181 -13
-0.53364 -0.01136 80.80025 0 0.32500 13.80000 71.28622 0.11415 13
0.57537 -0.03498 86.39919 0 1.05000 -17.67500 74.89947 0.11624 13
-0.84328 -0.24557 15.78431 0 7.45000 25.05000 12.21209 0.13408 -13
0.16477 0.06678 36.46214 0 -2.02500 -3.02500 35.97918 0.10228 13
0.94460 0.08950 9.17960 0 -2.62500 -27.70000 6.68602 0.13879 -13
-1.31777 -0.12573 71.60596 0 3.77500 39.22500 43.50201 0.16706 13
-0.17745 -0.13392 20.95425 0 4.07500 5.77500 20.63755 0.10317 -13
0.20463 -0.09250 57.85608 0 2.77500 -3.37500 56.69071 0.10321 13
1.85596 -0.11523 6.71515 0 3.32500 -57.42500 3.20097 0.21257 13
0.10847 0.03726 28.67299 0 -1.10000 -1.45000 28.50605 0.10136 -13
-1.49354 0.08402 70.16452 0 -2.52500 44.35000 39.13205 0.18119 -13
1.21222 0.00254 2.50257 0 -0.37500 -37.85000 1.59219 0.15844 13
0.40511 -0.13738 51.97071 0 4.12500 -11.52500 48.23126 0.10953 13
-0.43174 -0.21721 57.97733 0 6.55000 14.62500 53.41786 0.11185 -13
0.69750 -0.03325 76.56397 0 1.00000 -22.30000 62.80874 0.12282 13
1.16855 0.11841 67.74488 0 -3.57500 -33.80000 44.22389 0.15535 13
1.20570 -0.28198 67.74488 0 8.50000 -34.92500 44.22389 0.16024 13
-1.53200 -0.07562 69.42673 0 2.27500 44.65000 38.02432 0.18439 13
-1.33330 -0.22504 54.28100 0 6.80000 39.35000 33.08376 0.16939 -13
-1.60495 -0.04039 66.76685 0 1.20000 48.50000 35.32903 0.19047 13
1.13933 -0.00765 57.29008 0 0.25000 -33.42500 37.79250 0.15266 -13
0.91493 -0.07078 12.83535 0 2.07500 -26.70000 9.48084 0.13666 13
0.18559 -0.19599 14.59710 0 5.95000 -5.90000 14.36092 0.10433 -13
1.80079 -0.02774 41.89100 0 0.85000 -53.45000 20.34300 0.20746 -13
-1.22541 -0.20747 26.24465 0 6.22500 38.67500 16.80307 0.16061 13
1.98367 -0.19995 88.86029 0 6.02500 -58.47500 40.62761 0.22460 13
0.12772 -0.20624 57.91239 0 6.22500 -5.02500 57.46452 0.10363 -13
-1.24852 -0.14808 42.07933 0 4.47500 35.95000 26.47937 0.16179 -13
0.33342 -0.21608 71.87585 0 6.52500 -10.35000 68.33815 0.10837 -13
1.37765 0.03870 26.42445 0 -1.12500 -39.20000 15.53025 0.17147 -13
-0.27013 0.07011 18.67164 0 -2.15000 9.95000 18.02861 0.10456 13
-1.34586 -0.01101 65.42116 0 0.32500 41.27500 39.01943 0.16885 13
0.99085 -0.15006 88.82776 0 4.52500 -29.47500 63.44543 0.14258 -13
-0.21683 -0.23518 77.63987 0 7.10000 6.05000 75.96620 0.10573 13
-0.14057 0.00056 37.43282 0 -0.02500 5.30000 37.06839 0.10170 13
1.51797 -0.15406 96.77443 0 4.65000 -45.10000 53.67374 0.18372 -13
-0.27374 -0.09157 95.50716 0 2.77500 8.52500 92.14479 0.10482 -13
0.62247 -0.20515 92.12913 0 6.20000 -19.62500 78.65932 0.12041 -13
-0.22969 -0.00076 48.41155 0 0.02500 5.22500 47.18297 0.10333 13
0.43610 -0.09891 47.26957 0 3.00000 -9.60000 43.36189 0.11032 -13
0.53425 -0.05225 97.25379 0 1.57500 -16.32500 85.80542 0.11430 -13
-0.24331 -0.20577 44.99940 0 6.20000 6.45000 43.77344 0.10569 13
-1.66629 0.11455 60.10416 0 -3.47500 51.65000 31.07672 0.19605 13
-0.00481 -0.04104 4.91740 0 1.15000 -0.97500 4.91734 0.10080 13
-0.01557 0.06430 54.94414 0 -1.95000 0.30000 54.93751 0.10093 13
1.06445 -0.01951 88.39951 0 0.60000 -31.90000 60.53293 0.14709 -13
-1.50496 -0.14629 23.05957 0 4.37500 44.12500 12.85544 0.18252 13
1.36191 -0.19375 29.40582 0 5.82500 -43.52500 17.61313 0.17122 13
1.55776 0.03281 72.82384 0 -0.97500 -48.70000 39.35589 0.18645 -13
0.17132 -0.14043 26.15516 0 4.22500 -6.30000 25.78665 0.10314 13
-2.18657 0.13634 51.23579 0 -4.12500 64.40000 21.47174 0.24254 13
-1.66544 -0.10802 13.48280 0 3.32500 51.77500 6.97034 0.19598 -13
-0.88231 0.14249 48.41675 0 -4.30000 27.67500 36.46508 0.13507 13
-0.90177 -0.25661 48.41675 0 7.72500 28.25000 36.46508 0.13803 13
0.75984 0.07785 42.98692 0 -2.32500 -24.50000 34.26527 0.12671 -13
0.01155 -0.21944 20.54471 0 6.65000 0.52500 20.54340 0.10312 -13
1.83432 -0.17191 88.15545 0 5.20000 -55.45000 42.67122 0.21112 -13
-0.18902 0.11118 3.34589 0 -3.20000 5.50000 3.28844 0.10309 -13
-0.61380 0.10916 81.08147 0 -3.30000 20.40000 69.21425 0.11867 13
1.39705 0.00651 98.22520 0 -0.20000 -42.55000 57.17297 0.17301 -13
-1.88226 -0.24655 72.20184 0 7.45000 59.97500 34.65809 0.21609 -13
1.63669 -0.15604 26.13675 0 4.75000 -49.60000 13.74650 0.19382 -13
0.64989 0.02336 59.33834 0 -0.70000 -18.60000 49.75860 0.12012 -13
0.33722 -0.05020 80.63549 0 1.50000 -8.55000 76.41801 0.10640 13
-0.81852 -0.08076 35.00824 0 2.45000 23.12500 27.12558 0.13040 -13
-0.00656 -0.20460 1.24536 0 6.60000 2.02500 1.24533 0.10346 -13
0.81297 -0.10522 6.86270 0 3.07500 -23.25000 5.33689 0.13018 13
-2.02056 -0.11485 21.35853 0 3.52500 60.97500 9.52440 0.22736 -13
-0.09899 -0.20385 42.78311 0 6.15000 2.55000 42.58328 0.10324 13
0.69632 0.12239 22.41775 0 -3.72500 -21.10000 18.44159 0.12335 13
0.71686 -0.27816 22.41775 0 8.35000 -21.72500 18.44159 0.12702 13
1.00750 0.14441 87.07182 0 -4.37500 -32.27500 61.65553 0.14370 13
1.02897 -0.25458 87.07182 0 7.67500 -32.90000 61.65553 0.14664 13
2.14735 2.02649 87.07182 0 7.65000 -32.92500 61.65553 0.14674 13
11.77873 13.89807 87.07182 0 8.07500 -36.40000 61.65553 0.16515 13
-0.29141 0.01897 10.20060 0 -0.62500 8.00000 9.79339 0.10491 13
-0.00279 -0.10104 93.27801 0 3.05000 -0.45000 93.27765 0.10121 13
-1.19756 -0.16578 5.79082 0 4.87500 33.50000 3.74124 0.15792 13
-1.11473 -0.13905 3.15771 0 3.95000 32.12500 2.11926 0.15142 13
0.43835 -0.12419 99.00533 0 3.75000 -13.15000 90.78766 0.11066 13
-0.02093 -0.06938 10.96992 0 2.05000 1.20000 10.96754 0.10096 13
0.12141 0.06465 99.98808 0 -1.95000 -4.05000 99.26217 0.10165 -13
-0.27314 -0.03290 23.56073 0 1.02500 9.25000 22.72883 0.10445 -13
-0.26489 -0.14204 86.04079 0 4.30000 7.05000 83.22615 0.10516 -13
0.39748 -0.17906 10.99114 0 5.35000 -11.97500 10.23577 0.10983 13
0.51952 -0.22446 48.61919 0 6.77500 -14.50000 43.36587 0.11572 -13
-0.06393 -0.18178 45.95091 0 5.50000 2.80000 45.86031 0.10256 -13
-0.71573 -0.15735 73.08380 0 4.75000 21.60000 59.67517 0.12484 13
0.25658 -0.02770 8.34303 0 0.90000 -6.15000 8.08132 0.10402 -13
0.88128 0.02731 8.34303 0 0.87500 -6.20000 8.08132 0.10416 -13
-4.60985 -0.76841 8.34303 0 0.97500 -7.62500 8.08132 0.11679 -13
-0.17380 -0.17245 8.34303 0 0.80000 -7.45000 8.08132 0.13335 -13
-1.45249 -0.11805 92.36193 0 3.57500 42.32500 52.62183 0.17799 -13
-0.76292 -0.02552 13.58921 0 0.82500 23.67500 10.80524 0.12670 -13
0.76000 -0.04363 82.02818 0 1.30000 -22.57500 65.33056 0.12656 13
-0.47168 0.01312 54.00693 0 -0.37500 16.57500 48.84670 0.11135 -13
-0.16775 -0.18346 12.73043 0 5.50000 5.37500 12.56058 0.10374 13
0.54467 -0.04421 90.37359 0 1.32500 -14.82500 79.38243 0.11475 13
0.10725 -0.18379 72.24698 0 5.55000 -4.30000 71.84843 0.10296 -13
-1.74896 -0.00069 49.73959 0 0.05000 55.60000 24.68888 0.20288 -13
-0.04094 0.14519 6.57797 0 -4.30000 1.85000 6.57261 0.10182 -13
-0.04180 -0.25364 6.57797 0 7.72500 1.87500 6.57261 0.10406 -13
-0.73535 0.06379 26.39107 0 -1.90000 26.10000 21.27647 0.12516 -13
0.59158 -0.07779 4.10001 0 2.20000 -14.47500 3.53165 0.11726 13
-0.41908 -0.02411 83.93436 0 0.72500 12.75000 77.41457 0.10922 13
0.59572 -0.03074 99.07387 0 0.92500 -21.22500 85.12605 0.11726 -13
0.92853 0.00868 27.05495 0 -0.27500 -26.27500 19.82640 0.13743 13
1.58908 0.14446 63.08961 0 -4.35000 -46.35000 33.85158 0.18961 -13
1.62291 -0.25450 63.08961 0 7.70000 -47.37500 33.85158 0.19368 -13
-1.07693 -0.01639 96.74645 0 0.47500 32.80000 65.83557 0.14800 13
-1.78152 -0.03214 65.95336 0 0.95000 54.77500 32.29592 0.20575 13
0.03997 -0.14853 38.18329 0 4.50000 -1.67500 38.15350 0.10190 -13
-0.40256 -0.17691 4.49046 0 5.45000 12.70000 4.17463 0.11011 -13
0.96724 -0.21152 8.67768 0 6.30000 -27.70000 6.30320 0.14164 13
-0.80774 -0.06888 14.16690 0 2.12500 21.07500 11.03089 0.12965 -13
0.18329 -0.18819 39.19875 0 5.67500 -4.57500 38.57798 0.10411 13
1.79063 0.04392 46.57794 0 -1.30000 -53.37500 22.72734 0.20658 -13
-0.91263 0.04950 35.67905 0 -1.47500 30.80000 26.36865 0.13642 -13
-0.33069 -0.11899 85.10019 0 3.60000 7.12500 80.85278 0.10674 -13
-0.21213 -0.23936 53.31580 0 7.22500 4.20000 52.21623 0.10574 -13
1.52169 0.02823 43.22416 0 -0.87500 -47.32500 23.74466 0.18339 13
1.99408 -0.10039 72.15234 0 3.02500 -59.82500 32.47359 0.22487 13
-0.06012 -0.15136 1.02223 0 4.07500 2.87500 1.02043 0.10235 13
0.44726 -0.21279 34.00763 0 6.40000 -13.97500 31.15675 0.11236 13
-0.16629 -0.14299 96.26567 0 4.32500 3.65000 94.98711 0.10310 -13
-0.32237 -0.13238 68.54851 0 4.00000 8.85000 65.29533 0.10664 -13
-1.77606 -0.04070 7.33725 0 1.35000 54.22500 3.60237 0.20535 -13
-0.30088 0.09538 92.87891 0 -2.87500 10.65000 88.97322 0.10561 13
0.58867 0.11877 86.45415 0 -3.57500 -17.00000 74.63750 0.11746 -13
0.60729 -0.28156 86.45415 0 8.50000 -17.57500 74.63750 0.12109 -13
0.34307 0.05045 31.65552 0 -1.50000 -8.25000 29.94634 0.10658 -13
0.04024 -0.15864 51.61479 0 4.77500 -0.05000 51.57405 0.10204 13
-0.98762 -0.10854 24.07764 0 3.25000 30.95000 17.18100 0.14195 13
0.63387 -0.16424 37.49790 0 4.97500 -15.30000 31.79122 0.12038 -13
0.18675 -0.20391 85.81058 0 6.15000 -6.45000 84.40887 0.10448 13
0.12868 -0.03555 90.73298 0 1.07500 -2.52500 89.99190 0.10160 -13
-0.20225 0.07654 79.29224 0 -2.32500 5.90000 77.72741 0.10303 13
0.23355 -0.05254 50.48312 0 1.60000 -10.10000 49.16358 0.10355 -13
-0.88494 0.08090 87.86263 0 -2.42500 28.30000 65.89183 0.13472 -13
0.33091 -0.10453 95.47426 0 3.15000 -10.52500 90.68907 0.10660 -13
0.25319 -0.09657 72.03019 0 2.90000 -7.85000 69.84621 0.10433 13
-0.23332 0.03550 80.75015 0 -1.07500 8.57500 78.64054 0.10347 13
1.43572 -0.02380 80.59459 0 0.72500 -44.82500 46.07167 0.17621 -13
-0.24788 -0.10111 38.31126 0 3.07500 8.02500 37.19665 0.10426 -13
-0.29863 0.04329 47.61320 0 -1.32500 9.37500 45.62574 0.10518 13
-1.08378 0.04005 77.28401 0 -1.22500 31.60000 52.43108 0.14856 13
-0.23920 0.12672 62.85335 0 -3.82500 4.95000 61.15506 0.10432 -13
-0.24599 -0.27315 62.85335 0 8.25000 5.15000 61.15506 0.10730 -13
-0.00076 0.00105 23.11796 0 -0.00000 0.77500 23.11795 0.10070 -13
-0.84724 1.57612 23.11796 0 0.07500 0.72500 23.11795 0.10229 -13
0.15859 -0.20215 97.16879 0 6.10000 -2.82500 96.01562 0.10397 13
1.06083 0.00340 60.12225 0 -0.12500 -31.30000 41.24029 0.14681 13
-0.08401 -0.07303 5.74497 0 2.12500 3.35000 5.72487 0.10132 13
-0.73362 0.07284 59.52120 0 -2.20000 24.95000 48.03626 0.12511 13
0.90984 0.03385 40.06699 0 -1.02500 -24.80000 29.64353 0.13619 13
1.81954 -0.23195 40.36186 0 6.97500 -58.07500 19.83334 0.21034 13
0.81247 0.09487 93.06249 0 -2.87500 -26.20000 72.35633 0.13011 13
-0.18023 0.12650 88.05815 0 -3.80000 5.80000 86.68337 0.10311 -13
-0.18537 -0.27338 88.05815 0 8.25000 5.95000 86.68337 0.10606 -13
-0.31566 0.01064 78.99444 0 -0.32500 7.65000 75.33112 0.10560 -13
-1.36454 -0.19102 86.83451 0 5.75000 40.77500 51.92635 0.17144 13
-0.69655 -0.06527 53.15748 0 1.95000 23.70000 43.64914 0.12290 13
0.23349 -0.21942 79.49753 0 6.60000 -3.95000 77.50731 0.10574 13
-0.14213 -0.09834 44.92969 0 2.95000 3.40000 44.48675 0.10219 13
0.82712 -0.10579 51.77138 0 3.17500 -27.55000 39.98358 0.13111 13
1.37269 -0.10436 71.50503 0 3.15000 -40.97500 42.25215 0.17136 -13
-0.64363 -0.10351 62.97042 0 3.12500 18.22500 53.03338 0.12022 -13
1.66199 -0.16330 33.67201 0 4.90000 -48.42500 17.52780 0.19600 13
0.75123 0.14400 96.37910 0 -4.35000 -22.27500 77.34226 0.12678 -13
0.76736 -0.25498 96.37910 0 7.70000 -22.75000 77.34226 0.12951 -13
0.16990 -0.22258 41.58131 0 6.72500 -5.20000 41.02095 0.10459 -13
-0.50697 -0.18854 72.66796 0 5.67500 12.42500 65.04314 0.11448 13
-0.32512 -0.14904 33.63842 0 4.50000 9.62500 32.02335 0.10696 -13
-0.66514 -0.09587 42.87641 0 2.90000 19.50000 35.75135 0.12133 -13
0.78699 -0.22496 20.85304 0 6.75000 -22.95000 16.54000 0.13011 13
1.38508 -0.19891 16.48788 0 6.05000 -39.55000 9.77380 0.17327 -13
-0.83007 0.01513 56.39715 0 -0.47500 26.37500 43.39701 0.13088 13
0.00176 -0.07935 59.21610 0 2.37500 3.02500 59.21601 0.10102 13
-0.10056 -0.08072 77.24583 0 2.42500 3.05000 76.86067 0.10154 13
0.97209 0.14557 15.44224 0 -4.35000 -28.65000 11.12891 0.14117 -13
0.99243 -0.25332 15.44224 0 7.67500 -29.27500 11.12891 0.14420 -13
1.08082 0.05617 62.42185 0 -1.67500 -34.52500 42.42830 0.14839 -13
-1.71678 -0.10027 63.78584 0 3.00000 51.15000 32.22584 0.20032 13
-0.22306 -0.08981 3.42846 0 2.57500 8.00000 3.34685 0.10358 13
-0.97594 0.10336 56.20774 0 -3.12500 31.10000 40.32988 0.14110 13
0.18277 -0.03987 76.89315 0 1.20000 -6.60000 75.64224 0.10245 -13
0.39391 0.08281 60.02448 0 -2.50000 -11.27500 55.87340 0.10855 -13
0.16587 -0.10756 90.75203 0 3.25000 -3.12500 89.54250 0.10265 -13
-0.87680 -0.16013 45.53638 0 4.82500 26.20000 34.42662 0.13489 13
-1.75176 -0.11837 10.11047 0 3.67500 51.32500 5.03871 0.20357 -13
0.06655 -0.13133 8.07071 0 3.90000 -0.67500 8.05324 0.10176 13
-0.57907 -0.22097 40.38190 0 6.65000 16.55000 35.15155 0.11847 13
-0.42394 0.02745 21.45435 0 -0.80000 14.05000 19.75364 0.10941 -13
-1.08186 -0.02966 97.48369 0 0.90000 32.27500 66.18544 0.14839 -13
0.13780 0.08147 35.66363 0 -2.45000 -5.45000 35.33196 0.10198 -13
-0.91913 -0.09327 76.35255 0 2.80000 25.40000 56.32636 0.13710 13
1.17573 -0.12441 33.66038 0 3.77500 -34.90000 21.90421 0.15595 -13
-0.36743 0.01331 28.82508 0 -0.42500 10.57500 27.05694 0.10730 13
0.44961 0.00936 61.55507 0 -0.27500 -14.27500 56.14183 0.11042 -13
1.03058 0.02205 99.76597 0 -0.67500 -29.17500 69.48359 0.14463 13
-1.89739 0.13102 37.01626 0 -3.92500 56.82500 17.37393 0.21637 -13
-1.94766 -0.26847 37.01626 0 8.12500 58.37500 17.37393 0.22222 -13
-1.91669 -0.05014 20.40725 0 1.57500 58.35000 9.44927 0.21778 -13
-0.30356 0.10750 46.25642 0 -3.22500 9.40000 44.28342 0.10579 -13
-0.11538 0.05842 90.22875 0 -1.75000 3.45000 89.63611 0.10154 -13
-0.35739 0.07862 22.63337 0 -2.40000 9.02500 21.32071 0.10724 13
-0.15020 0.14754 86.89671 0 -4.45000 4.95000 85.95305 0.10291 13
-0.15322 -0.25131 86.89671 0 7.57500 5.05000 85.95305 0.10497 13
1.07434 0.04588 74.20374 0 -1.40000 -32.90000 50.58582 0.14788 13
-0.54786 -0.01882 7.88364 0 0.62500 14.35000 6.91421 0.11485 -13
0.21146 -0.13601 41.18372 0 4.12500 -9.95000 40.30825 0.10384 -13
0.22286 0.02567 42.23929 0 -0.77500 -6.72500 41.22854 0.10320 -13
-0.04548 -0.12229 89.08172 0 3.67500 0.77500 88.99107 0.10155 13
1.46542 0.06732 94.74550 0 -2.05000 -43.30000 53.48722 0.17879 13
-0.37690 0.05519 67.02535 0 -1.65000 12.17500 62.73021 0.10776 -13
-1.62986 -0.14052 37.70003 0 4.27500 49.30000 19.85500 0.19312 -13
-0.03251 -0.05545 22.10613 0 1.65000 2.62500 22.09449 0.10091 13
-0.41991 -0.10223 71.60971 0 3.10000 12.45000 66.07636 0.10971 -13
-0.13452 0.14393 41.47058 0 -4.32500 3.90000 41.10777 0.10264 -13
-0.13742 -0.25504 41.47058 0 7.70000 3.97500 41.10777 0.10486 -13
0.47388 0.02635 89.21096 0 -0.80000 -10.97500 80.62234 0.11147 -13
1.86017 -0.11900 20.13666 0 3.65000 -55.92500 9.58628 0.21308 -13
-1.30984 -0.05160 40.73473 0 1.52500 38.12500 24.74011 0.16602 13
-0.14500 -0.18082 29.11473 0 5.47500 5.90000 28.82277 0.10339 -13
1.76464 -0.01817 39.05303 0 0.57500 -53.22500 19.25618 0.20428 -13
0.10332 -0.16364 27.44975 0 4.95000 -5.07500 27.30818 0.10258 -13
1.47771 -0.13065 20.13492 0 3.90000 -45.30000 11.35045 0.18013 13
0.82269 0.08116 48.48826 0 -2.45000 -26.02500 37.49422 0.13067 13
-0.25563 -0.16895 42.95944 0 5.07500 7.02500 41.65657 0.10532 13
1.35196 0.08151 43.57377 0 -2.47500 -42.10000 25.96761 0.16955 13
-2.00061 0.14486 22.88269 0 -4.32500 60.72500 10.31594 0.22566 -13
-2.04273 -0.25389 22.88269 0 7.72500 62.02500 10.31594 0.23058 -13
0.25064 0.14269 71.53197 0 -4.30000 -9.45000 69.42670 0.10481 13
0.25615 -0.25637 71.53197 0 7.72500 -9.60000 69.42670 0.10711 13
0.86560 0.11033 44.71157 0 -3.35000 -28.82500 33.89328 0.13366 13
-0.23093 -0.07078 80.91953 0 2.15000 7.37500 78.85439 0.10360 -13
-0.40226 -0.06444 50.76882 0 1.92500 12.42500 47.11453 0.10874 13
-1.35806 -0.20785 81.13542 0 6.27500 41.35000 48.76781 0.17114 -13
-0.02672 -0.20506 77.73698 0 6.20000 2.87500 77.71036 0.10284 -13
-1.30781 -0.17333 88.10025 0 5.22500 37.10000 54.01323 0.16670 13
-0.43097 0.07661 24.07655 0 -2.27500 14.95000 22.12093 0.10992 -13
0.67811 -0.13478 93.05507 0 4.07500 -21.00000 77.23483 0.12243 -13
-0.25796 -0.03224 30.35387 0 1.00000 7.27500 29.39277 0.10405 -13
-1.32291 -0.13255 55.65128 0 4.00000 38.70000 33.74489 0.16753 -13
0.17036 0.13154 97.41344 0 -3.95000 -6.37500 96.05296 0.10301 -13
0.17486 -0.26806 97.41344 0 8.10000 -6.50000 96.05296 0.10574 -13
-0.98818 0.03397 19.62824 0 -1.00000 31.60000 13.96572 0.14161 -13
-0.18279 -0.12437 26.15326 0 3.77500 6.27500 25.73330 0.10314 -13
0.07954 0.01764 64.63529 0 -0.52500 -1.07500 64.43184 0.10103 -13
1.79402 -0.17630 58.98068 0 5.32500 -56.55000 29.05264 0.20762 -13
-1.10945 0.13039 73.34740 0 -3.92500 32.95000 49.33528 0.15098 -13
-1.13931 -0.26926 73.34740 0 8.12500 33.87500 49.33528 0.15507 -13
0.65466 0.07436 41.61766 0 -2.25000 -20.67500 34.84829 0.12060 13
2.08745 -0.06206 97.37898 0 1.85000 -62.10000 42.13700 0.23317 13
0.38869 -0.13683 62.95588 0 4.12500 -9.37500 58.74996 0.10891 13
-1.94972 -0.24010 68.39048 0 7.22500 59.12500 31.90747 0.22195 13
0.07803 -0.10283 66.72820 0 3.10000 -2.20000 66.52807 0.10153 13
-1.95944 -0.11087 26.52208 0 3.30000 61.20000 12.11500 0.22178 13
-0.36797 0.09397 72.73175 0 -2.82500 12.00000 68.29282 0.10772 -13
0.32343 0.10341 7.12226 0 -3.05000 -10.60000 6.77993 0.10634 -13
-0.09316 -0.13643 92.47867 0 4.12500 0.35000 92.08722 0.10207 -13
0.14594 0.07639 90.29591 0 -2.30000 -2.17500 89.35487 0.10206 13
-0.50909 0.03486 58.82713 0 -1.05000 16.60000 52.43127 0.11306 13
-0.19776 -0.07406 69.58654 0 2.22500 6.40000 68.27141 0.10292 13
-0.50028 -0.07220 32.45155 0 2.15000 16.02500 29.03757 0.11284 13
-1.89187 0.03029 24.69827 0 -0.87500 59.72500 11.54589 0.21551 -13
0.73941 -0.19297 87.94844 0 5.82500 -22.37500 71.16929 0.12674 13
0.42747 -0.21284 76.19332 0 6.42500 -15.67500 70.29611 0.11160 -13
0.76275 0.09303 31.96984 0 -2.77500 -23.97500 25.45952 0.12699 -13
0.77651 0.02917 58.00755 0 -0.87500 -26.25000 45.82368 0.12753 -13
-0.02071 -0.19341 62.97296 0 5.85000 0.92500 62.95996 0.10260 -13
-0.14319 0.09009 56.73564 0 -2.70000 1.77500 56.16740 0.10214 -13
-1.13320 0.00234 1.21899 0 0.52500 31.87500 0.80648 0.15282 -13
0.09264 0.00270 21.80850 0 -0.05000 -1.92500 21.71549 0.10114 -13
0.52911 0.08101 57.05712 0 -2.45000 -15.32500 50.46905 0.11423 13
0.00374 -0.08183 93.33105 0 2.47500 2.02500 93.33040 0.10103 13
1.52978 -0.24486 4.22660 0 7.17500 -48.80000 2.35997 0.18543 13
-0.72326 -0.14007 54.00022 0 4.22500 22.52500 43.90201 0.12508 -13
-1.48218 -0.23489 81.73814 0 7.10000 46.82500 46.55942 0.18162 -13
-0.72360 0.04468 34.66446 0 -1.37500 19.32500 28.09347 0.12439 13
1.00288 -0.18223 69.11553 0 5.47500 -31.67500 49.19970 0.14380 13
-1.80606 -0.11665 49.28394 0 3.50000 52.60000 23.99622 0.20821 13
-0.25369 -0.10245 7.28954 0 3.15000 8.15000 7.06794 0.10444 -13
0.84145 0.07681 33.86522 0 -2.32500 -28.25000 25.94353 0.13185 13
-0.49207 -0.17653 96.73286 0 5.32500 15.45000 87.05101 0.11363 -13
-0.40474 -0.11406 21.41114 0 3.42500 13.77500 19.86511 0.10924 13
0.90667 -0.07818 7.59691 0 2.45000 -26.70000 5.63637 0.13619 -13
0.96769 0.01179 29.83850 0 -0.37500 -28.35000 21.44307 0.14014 13
-2.08023 -0.00522 79.06043 0 0.15000 63.02500 34.25453 0.23243 13
-1.05859 -0.18308 97.16119 0 5.52500 32.57500 67.30004 0.14781 -13
-1.08115 0.03301 15.52780 0 -0.95000 34.27500 10.54912 0.14832 -13
0.34528 0.09962 16.94589 0 -2.97500 -10.30000 16.02634 0.10700 -13
-0.00444 0.05713 76.78806 0 -1.72500 -0.57500 76.78731 0.10087 13
-0.74220 -0.13354 17.91698 0 4.00000 22.55000 14.43182 0.12612 13
1.63664 0.01544 95.56641 0 -0.47500 -49.10000 49.83199 0.19315 13
0.71243 0.12455 1.12898 0 -4.30000 -22.52500 0.92179 0.12513 13
0.73447 -0.27658 1.12898 0 7.77500 -23.00000 0.92179 0.12792 13
0.91697 -0.14920 10.82260 0 4.45000 -28.22500 8.01681 0.13742 13
-1.81782 -0.13254 30.70779 0 3.97500 53.37500 14.89956 0.20934 13
-0.15999 -0.18251 47.48460 0 5.50000 5.50000 46.90713 0.10362 13
1.27150 -0.09981 66.94509 0 3.02500 -36.65000 41.51111 0.16321 -13
0.46324 0.12374 36.83070 0 -3.72500 -12.92500 33.46440 0.11168 -13
0.47694 -0.27627 36.83070 0 8.35000 -13.35000 33.46440 0.11501 -13
-0.05951 -0.01871 22.81996 0 0.55000 1.17500 22.77965 0.10090 13
-0.28529 0.11905 25.74008 0 -3.57500 9.62500 24.76551 0.10540 -13
-1.20873 -0.05915 12.23959 0 1.85000 38.35000 7.81007 0.15812 -13
0.36264 0.02868 78.54882 0 -0.85000 -10.32500 73.84694 0.10716 -13
-0.47311 -0.21306 32.15485 0 6.40000 12.25000 29.18216 0.11344 13
0.58625 0.14333 6.26400 0 -4.22500 -15.97500 5.41766 0.11759 -13
0.59898 -0.25564 6.26400 0 7.80000 -16.40000 5.41766 0.12029 -13
-0.30523 -0.19153 26.09393 0 5.80000 7.32500 24.99495 0.10706 -13
-0.39280 -0.20336 65.18521 0 6.15000 11.57500 60.83440 0.11012 -13
-0.64632 -0.00684 56.92626 0 0.22500 21.82500 47.81005 0.11990 -13
0.76781 0.01929 45.80350 0 -0.60000 -22.97500 36.33226 0.12697 13
0.73203 -0.06272 14.43041 0 1.85000 -21.67500 11.65191 0.12496 13
0.64675 0.07808 52.65369 0 -2.37500 -19.85000 44.25247 0.12019 13
0.93081 0.12085 16.08646 0 -3.60000 -30.12500 11.81433 0.13809 -13
0.95934 -0.27933 16.08646 0 8.47500 -31.00000 11.81433 0.14242 -13
1.26035 -0.18305 86.96963 0 5.52500 -36.35000 54.60230 0.16307 -13
-0.24995 -0.23505 26.73891 0 7.10000 9.55000 25.98085 0.10648 -13
2.06009 0.05782 93.66376 0 -1.75000 -63.17500 40.95728 0.23068 13
0.88277 -0.08739 71.41519 0 2.62500 -25.72500 53.62760 0.13461 13
-0.88472 0.06958 92.34809 0 -2.10000 25.25000 69.23837 0.13464 -13
1.36876 0.08051 45.48887 0 -2.45000 -42.87500 26.89170 0.17090 13
-1.56860 -0.01701 75.59613 0 0.52500 46.00000 40.64173 0.18734 -13
0.43028 -0.13212 76.64572 0 3.97500 -12.05000 70.49948 0.11043 13
0.08993 -0.06617 20.52906 0 1.97500 -3.57500 20.44687 0.10132 13
0.50441 -0.14320 2.52292 0 4.10000 -14.02500 2.25721 0.11369 13
-0.88932 -0.09490 52.93795 0 2.87500 26.40000 39.63602 0.13511 -13
-1.04164 -0.16454 52.43500 0 4.95000 31.87500 36.56484 0.14635 13
1.37993 0.00580 39.08515 0 -0.15000 -43.17500 22.93522 0.17161 -13
0.26529 0.14123 2.99986 0 -4.07500 -7.70000 2.90154 0.10512 -13
0.27134 -0.25774 2.99986 0 7.97500 -7.90000 2.90154 0.10774 -13
-0.53379 0.09499 11.61714 0 -2.82500 16.15000 10.25884 0.11454 -13
-0.17588 -0.00023 45.55991 0 -0.00000 2.60000 44.87116 0.10225 13
1.66149 -0.02876 73.18350 0 0.87500 -49.20000 37.75092 0.19530 -13
0.15153 0.12168 83.12540 0 -3.67500 -2.62500 82.20066 0.10259 13
0.15614 -0.27851 83.12540 0 8.40000 -2.77500 82.20066 0.10571 13
1.64521 0.00503 2.49430 0 0.22500 -49.47500 1.29539 0.19409 -13
-0.04521 -0.13472 56.78739 0 4.05000 1.27500 56.73051 0.10171 13
-1.03330 -0.06246 32.43279 0 1.85000 31.85000 22.57772 0.14493 13
-0.54734 -0.09316 56.64369 0 2.82500 14.80000 49.73730 0.11519 -13
