-0.15236 -0.04657 42.11523 0 1.42500 3.27500 41.63578 0.10198 -13
0.27340 -0.07163 47.36552 0 2.17500 -6.40000 45.69699 0.10465 -13
-0.83271 -0.12815 40.63088 0 3.87500 23.05000 31.32712 0.13169 -13
-0.30325 -0.15626 3.41063 0 4.87500 10.05000 3.26713 0.10654 -13
-1.84766 -0.08451 94.03521 0 2.55000 54.50000 44.88288 0.21174 -13
-0.10358 0.01774 26.89809 0 -0.55000 1.07500 26.75499 0.10126 13
0.80591 -0.09325 1.95949 0 3.15000 -22.97500 1.52781 0.13005 -13
-1.84891 -0.22496 63.54810 0 6.80000 53.62500 30.81181 0.21291 -13
1.53574 -0.06585 42.17097 0 1.97500 -45.50000 23.04575 0.18468 13
0.87544 -0.12075 8.22379 0 3.72500 -28.32500 6.20737 0.13444 -13
-1.83947 -0.10954 43.40917 0 3.32500 58.80000 20.82878 0.21115 -13
0.32673 -0.09513 3.87911 0 3.00000 -9.65000 3.68889 0.10645 -13
-0.40275 -0.24980 31.08623 0 7.52500 14.07500 28.95450 0.11143 13
-1.77365 -0.16487 69.99673 0 4.95000 55.15000 34.72807 0.20570 13
0.04628 -0.08683 40.06648 0 2.60000 -3.57500 40.02396 0.10118 13
-0.12587 0.06472 4.35432 0 -2.07500 3.45000 4.32041 0.10176 13
0.52071 -0.21508 26.92652 0 6.50000 -15.30000 23.99646 0.11560 -13
-0.84539 0.07798 99.84062 0 -2.35000 25.90000 76.34160 0.13210 -13
-0.66449 0.00173 13.07254 0 -0.10000 17.95000 10.88819 0.12091 13
-0.21669 -0.19957 25.45803 0 6.05000 8.42500 24.90198 0.10499 -13
-0.51719 0.13401 97.98003 0 -4.02500 16.62500 87.19183 0.11417 -13
-0.53036 -0.26546 97.98003 0 8.02500 17.02500 87.19183 0.11709 -13
-2.17557 0.13935 30.31502 0 -4.17500 64.62500 12.76126 0.24149 -13
0.20698 -0.14467 30.75918 0 4.37500 -8.65000 30.13333 0.10387 -13
0.03734 -0.20013 19.83768 0 6.07500 -0.12500 19.82438 0.10279 -13
-1.36001 -0.09658 99.99552 0 2.90000 40.55000 59.41413 0.17026 13
1.52991 0.02029 99.38313 0 -0.62500 -45.05000 54.38432 0.18406 13
0.51202 -0.09759 99.51828 0 2.95000 -16.45000 88.66903 0.11356 13
1.06041 -0.04585 30.69170 0 1.35000 -32.60000 21.06838 0.14685 13
1.30714 -0.10552 10.26250 0 3.25000 -39.15000 6.25774 0.16613 -13
-0.93360 -0.09619 95.29074 0 2.90000 27.67500 69.80262 0.13811 -13
-0.17823 0.00938 84.16840 0 -0.30000 5.92500 82.86265 0.10229 13
0.18452 0.13608 86.15967 0 -4.10000 -4.37500 84.75468 0.10332 13
0.18906 -0.26331 86.15967 0 7.92500 -4.52500 84.75468 0.10586 13
0.26137 0.04271 87.22268 0 -1.30000 -6.87500 84.39266 0.10418 13
-1.35857 -0.02221 77.65172 0 0.65000 37.92500 46.03838 0.16990 13
0.22548 -0.02551 49.43556 0 0.75000 -6.25000 48.22555 0.10326 13
0.44000 -0.11682 48.98708 0 3.52500 -12.82500 44.88770 0.11065 -13
0.87879 -0.10229 34.89114 0 3.07500 -26.50000 26.26872 0.13445 13
0.34696 -0.05657 14.04397 0 1.75000 -12.15000 13.27044 0.10675 -13
-1.05447 -0.18273 3.57673 0 5.32500 32.72500 2.48107 0.14749 13
-0.93899 -0.14146 60.12149 0 4.27500 30.10000 44.03112 0.13887 -13
-0.98415 -0.20414 83.10987 0 6.17500 31.70000 59.82640 0.14279 -13
0.85578 -0.23944 36.65199 0 7.20000 -26.00000 28.17147 0.13470 13
-0.62863 0.10448 48.44703 0 -3.17500 17.50000 41.07881 0.11941 13
0.31907 0.02681 39.96165 0 -0.80000 -7.12500 38.07204 0.10574 -13
1.00191 -0.21364 14.21966 0 6.40000 -29.40000 10.15630 0.14413 13
-1.90664 -0.05599 29.36679 0 1.72500 55.55000 13.65644 0.21691 -13
-0.67419 -0.09472 26.51329 0 2.87500 24.05000 22.01439 0.12183 -13
1.61750 -0.17149 95.20797 0 5.17500 -47.87500 50.59092 0.19229 -13
-0.16828 -0.18884 69.98873 0 5.70000 6.37500 69.05104 0.10388 -13
1.36405 -0.07276 53.60721 0 2.17500 -39.52500 31.74983 0.17048 13
-0.11682 0.07129 45.90307 0 -2.15000 3.27500 45.59460 0.10165 13
1.06276 0.02277 28.10114 0 -0.70000 -33.47500 19.25958 0.14698 13
0.01240 -0.03548 6.57321 0 1.15000 -1.15000 6.57271 0.10079 -13
0.33109 -0.20318 99.73735 0 6.12500 -7.50000 94.86831 0.10803 13
1.18026 -0.08735 88.90782 0 2.62500 -36.22500 57.60039 0.15603 13
0.62691 -0.11477 26.34314 0 3.47500 -17.45000 22.36057 0.11943 -13
1.19854 0.13416 64.86567 0 -4.05000 -34.17500 41.77358 0.15778 13
1.22899 -0.26535 64.86567 0 8.00000 -35.10000 41.77358 0.16177 13
-1.09043 0.01380 79.18293 0 -0.42500 34.57500 53.52153 0.14900 13
0.40047 0.01781 18.20687 0 -0.57500 -14.17500 16.90220 0.10850 13
0.95137 -0.04699 30.92901 0 1.40000 -26.60000 22.41981 0.13907 13
-0.98032 0.11617 36.61299 0 -3.47500 29.60000 26.23116 0.14149 -13
0.31586 -0.15993 35.45620 0 4.80000 -11.25000 33.84777 0.10682 13
0.63975 0.10677 3.39240 0 -3.05000 -15.75000 2.86257 0.12001 -13
-0.52650 -0.13795 9.90490 0 4.22500 17.72500 8.78229 0.11469 -13
-0.82663 0.11544 11.09410 0 -3.55000 27.22500 8.57388 0.13121 13
-0.89204 0.11883 28.01318 0 -3.60000 25.35000 20.96974 0.13549 13
-0.92022 -0.28156 28.01318 0 8.47500 26.17500 20.96974 0.13973 13
-0.19136 -0.08904 72.13893 0 2.70000 4.92500 70.86324 0.10292 -13
1.08520 0.09419 17.49328 0 -2.80000 -34.85000 11.88248 0.14889 -13
-0.39916 0.10080 93.08116 0 -3.05000 11.07500 86.50829 0.10891 13
0.94752 -0.06334 55.01305 0 1.92500 -26.20000 39.97194 0.13888 -13
-0.31450 -0.06268 97.50738 0 1.87500 9.30000 93.03204 0.10576 13
-0.58059 0.03669 68.77873 0 -1.10000 17.17500 59.49081 0.11650 -13
0.24812 -0.04743 88.15120 0 1.42500 -6.62500 85.56240 0.10387 13
-0.13980 -0.17372 23.50918 0 5.22500 3.35000 23.28926 0.10316 13
1.09480 -0.13618 77.90085 0 4.12500 -35.67500 52.80018 0.14995 -13
0.40533 0.14622 97.11464 0 -4.42500 -14.15000 90.13530 0.10966 13
0.41368 -0.25270 97.11464 0 7.62500 -14.40000 90.13530 0.11191 13
-0.21690 -0.21741 32.66467 0 6.57500 7.00000 31.95460 0.10536 -13
-0.28102 0.10061 77.32340 0 -3.02500 10.17500 74.46723 0.10509 -13
0.39623 -0.24113 85.96678 0 7.27500 -13.42500 80.22142 0.11100 13
1.98749 -0.23064 99.94390 0 6.95000 -58.97500 45.85478 0.22523 13
-1.33150 0.09461 50.53060 0 -2.87500 39.97500 30.43131 0.16797 13
-0.05061 -0.01339 81.77601 0 0.40000 1.02500 81.67152 0.10084 13
-0.53529 0.08160 54.23844 0 -2.47500 17.90000 47.85390 0.11452 13
-0.94986 -0.20538 84.27799 0 6.20000 29.60000 61.70043 0.14043 -13
-0.27556 -0.06253 66.33021 0 1.87500 9.22500 63.95552 0.10465 13
-0.52937 0.10958 30.41362 0 -3.32500 13.27500 26.91451 0.11449 13
1.31591 -0.09346 95.77212 0 2.80000 -40.12500 58.10612 0.16670 13
-0.98505 0.02203 19.90150 0 -0.70000 29.70000 14.18040 0.14137 13
0.75860 0.07896 89.78140 0 -2.40000 -21.47500 71.61011 0.12665 13
0.18703 0.13194 68.77063 0 -3.97500 -4.20000 67.61801 0.10331 -13
0.19195 -0.26764 68.77063 0 8.07500 -4.35000 67.61801 0.10603 -13
0.37090 0.10944 46.75376 0 -3.30000 -8.25000 43.86688 0.10797 -13
-0.67505 -0.14959 13.79708 0 4.47500 21.47500 11.47482 0.12241 13
1.41511 0.04092 51.02941 0 -1.25000 -43.87500 29.46640 0.17454 13
0.29122 -0.18794 88.29615 0 5.67500 -7.07500 84.88776 0.10658 13
-0.26961 0.15021 14.53181 0 -4.50000 7.65000 14.04120 0.10536 -13
-0.27479 -0.24849 14.53181 0 7.52500 7.80000 14.04120 0.10743 -13
-0.94687 0.06466 45.57353 0 -1.97500 29.07500 33.12489 0.13883 13
-0.58304 0.01922 39.68307 0 -0.60000 15.67500 34.28334 0.11659 13
0.78377 0.11361 93.26772 0 -3.42500 -25.55000 73.58578 0.12846 13
0.49395 -0.09121 63.33081 0 2.75000 -13.52500 56.82759 0.11269 13
1.43082 0.08453 47.17376 0 -2.52500 -44.67500 27.08873 0.17598 -13
0.83032 -0.12217 48.44323 0 3.67500 -25.35000 37.38257 0.13146 13
1.01798 -0.13808 28.22235 0 4.20000 -31.57500 19.87172 0.14439 -13
-0.38156 -0.10982 58.01236 0 3.32500 10.80000 54.24235 0.10835 -13
-0.58958 -0.12633 57.76381 0 3.80000 17.10000 49.86061 0.11759 13
0.26344 0.14056 28.22237 0 -4.25000 -8.60000 27.30846 0.10510 13
0.26947 -0.25862 28.22237 0 7.77500 -8.77500 27.30846 0.10748 13
-0.26093 0.03386 35.73539 0 -1.02500 8.12500 34.57890 0.10413 13
-0.91825 -0.24526 34.77807 0 7.42500 27.85000 25.95552 0.13895 -13
1.04790 -0.05306 37.81381 0 1.57500 -31.85000 26.12504 0.14596 13
-0.04739 -0.22802 20.74637 0 6.90000 2.25000 20.72426 0.10342 -13
-0.50117 0.07367 66.13333 0 -2.22500 14.07500 59.15595 0.11288 -13
-0.89224 -0.18521 67.02540 0 5.57500 23.57500 50.38431 0.13623 13
-0.71005 -0.18526 82.71296 0 5.57500 19.97500 67.81967 0.12491 13
-0.78032 -0.12902 80.06872 0 3.90000 24.27500 63.32109 0.12840 -13
-0.98867 0.01136 11.68886 0 -0.40000 30.02500 8.31253 0.14162 13
2.07210 0.09850 77.79693 0 -2.97500 -63.47500 33.94641 0.23192 13
0.66899 0.12545 7.38238 0 -3.70000 -20.30000 6.15062 0.12179 -13
0.68828 -0.27438 7.38238 0 8.37500 -20.90000 6.15062 0.12544 -13
1.43604 0.06301 8.04833 0 -1.80000 -42.62500 4.60642 0.17627 -13
-0.87315 -0.02529 95.01427 0 0.75000 28.17500 71.58086 0.13371 13
0.63983 0.02214 46.36963 0 -0.65000 -18.95000 39.06163 0.11958 -13
0.99334 -0.16760 25.08962 0 5.07500 -33.17500 17.92259 0.14296 -13
-0.59568 -0.14137 94.73068 0 4.25000 18.60000 81.59512 0.11808 13
-0.97787 0.12305 79.80703 0 -3.72500 28.10000 57.26958 0.14139 13
-1.00713 -0.27706 79.80703 0 8.35000 28.97500 57.26958 0.14560 13
-1.45066 -0.16078 36.29998 0 4.87500 44.97500 20.78035 0.17820 -13
1.81895 0.02809 88.50056 0 -0.85000 -53.47500 42.64905 0.20905 13
-0.18175 0.09908 21.12742 0 -3.02500 4.55000 20.79013 0.10284 13
-0.03725 -0.11906 28.69795 0 3.60000 1.25000 28.67833 0.10149 -13
-0.84074 -0.00619 43.38797 0 0.17500 25.22500 33.21024 0.13156 13
-1.38056 0.13034 93.20516 0 -3.92500 39.25000 54.98016 0.17215 -13
-1.41774 -0.26931 93.20516 0 8.12500 40.37500 54.98016 0.17681 -13
1.98447 -0.22120 28.78670 0 6.62500 -61.45000 13.20208 0.22483 13
2.09553 0.02900 18.23407 0 -0.80000 -62.77500 7.85604 0.23382 -13
-1.79562 0.00979 41.36962 0 -0.27500 52.85000 20.12863 0.20698 -13
-0.02525 0.05437 25.31475 0 -1.65000 1.80000 25.30669 0.10089 13
0.67197 -0.10643 69.91890 0 3.22500 -21.80000 58.13456 0.12180 -13
0.76074 0.08483 80.13197 0 -2.57500 -25.37500 63.85907 0.12682 13
-0.36932 0.11621 76.39918 0 -3.52500 13.75000 71.72506 0.10799 13
0.75253 -0.22177 16.95464 0 6.65000 -22.87500 13.66396 0.12796 13
-0.22659 -0.04969 25.12051 0 1.47500 7.62500 24.50093 0.10337 13
0.59695 -0.03731 63.87837 0 1.12500 -17.87500 54.85887 0.11734 -13
-0.28911 -0.00141 81.81625 0 0.02500 6.32500 78.59736 0.10482 13
-0.04445 0.14333 18.40345 0 -4.35000 2.27500 18.38564 0.10185 13
-0.04539 -0.25572 18.40345 0 7.70000 2.30000 18.38564 0.10403 13
-1.58756 -0.19424 66.85207 0 5.87500 48.95000 36.10413 0.18997 -13
0.47118 -0.08074 10.88538 0 2.37500 -13.97500 9.85284 0.11161 13
1.14498 -0.08710 24.91176 0 2.65000 -34.27500 16.42239 0.15335 -13
-1.90463 -0.06267 40.05018 0 1.92500 58.32500 18.64683 0.21673 -13
0.77712 -0.17600 30.04901 0 5.30000 -24.90000 23.86206 0.12875 13
2.10066 0.04022 25.40657 0 -1.25000 -63.92500 10.92765 0.23434 13
0.17061 -0.24795 33.76593 0 7.47500 -5.27500 33.31219 0.10516 13
-0.07456 -0.14094 5.18309 0 4.15000 3.25000 5.16901 0.10196 13
-1.48464 0.04102 35.79130 0 -1.25000 47.32500 20.00680 0.18031 13
1.30472 -0.10829 60.55883 0 3.25000 -38.50000 36.97437 0.16589 13
-1.40681 -0.05449 38.27535 0 1.62500 42.05000 22.19759 0.17389 13
1.11727 -0.19116 93.47726 0 5.77500 -32.27500 62.96113 0.15222 -13
0.09201 0.00275 8.31470 0 -0.02500 -4.67500 8.27974 0.10114 -13
0.28642 -0.11052 36.03991 0 3.35000 -8.97500 34.66239 0.10535 -13
-0.40311 -0.20569 56.74889 0 6.20000 10.87500 52.78328 0.11053 13
1.78238 0.06555 8.67256 0 -2.10000 -54.57500 4.25080 0.20597 13
0.01971 0.05721 68.01231 0 -1.72500 -2.00000 67.99914 0.10088 -13
-0.29292 -0.08370 69.83491 0 2.52500 7.67500 67.03729 0.10527 13
0.85111 -0.15998 77.85758 0 4.82500 -27.50000 59.60301 0.13322 13
0.04738 -0.22032 48.22208 0 6.62500 0.32500 48.17057 0.10322 13
-1.60173 0.11786 92.58708 0 -3.55000 46.62500 49.27550 0.19053 -13
-0.54266 0.02885 2.68860 0 -0.67500 19.40000 2.36312 0.11469 -13
1.60208 -0.23145 69.91760 0 6.97500 -45.45000 37.71850 0.19159 13
1.32442 0.01783 57.17257 0 -0.52500 -40.47500 34.45420 0.16713 -13
1.68293 -0.08604 13.70463 0 2.52500 -51.15000 7.01938 0.19730 13
-0.14321 0.03582 22.87094 0 -1.10000 6.37500 22.64018 0.10180 13
-0.66927 -0.19682 97.26673 0 5.95000 18.47500 81.30359 0.12279 -13
2.01312 0.00575 85.59730 0 -0.15000 -61.77500 38.08051 0.22637 -13
1.03276 -0.10764 70.71152 0 3.25000 -31.12500 49.33426 0.14518 -13
-0.29756 -0.07196 96.42209 0 2.17500 9.95000 92.43686 0.10532 13
-0.02114 0.14347 87.15973 0 -4.32500 1.35000 87.14067 0.10176 13
-0.02160 -0.25556 87.15973 0 7.70000 1.37500 87.14067 0.10396 13
0.13331 -0.17079 83.71364 0 5.15000 -7.90000 83.00012 0.10304 13
-1.15602 0.12874 28.20718 0 -3.85000 35.80000 18.54052 0.15446 -13
-1.18794 -0.27098 28.20718 0 8.20000 36.77500 18.54052 0.15877 -13
-0.53989 0.09495 85.57899 0 -2.87500 16.57500 75.38120 0.11484 13
0.95174 -0.22713 67.38033 0 6.85000 -27.20000 49.38758 0.14088 13
0.27591 -0.02145 4.81685 0 0.55000 -10.17500 4.64348 0.10451 13
0.79680 -0.03536 4.73366 0 1.20000 -24.77500 3.70304 0.12886 -13
0.27051 0.14222 15.36253 0 -4.25000 -7.07500 14.83963 0.10529 -13
0.27653 -0.25681 15.36253 0 7.77500 -7.27500 14.83963 0.10767 -13
-0.97034 0.04297 86.96908 0 -1.30000 27.77500 62.44235 0.14038 -13
-0.20975 -0.11599 12.38470 0 3.55000 2.20000 12.12422 0.10358 -13
-0.74546 -0.10484 94.81732 0 3.15000 21.95000 76.16772 0.12604 13
0.08281 -0.08990 96.81402 0 2.70000 -0.55000 96.48647 0.10145 13
1.16392 -0.13398 35.24000 0 4.02500 -33.17500 23.08224 0.15511 13
-0.60129 0.13722 14.03409 0 -4.17500 18.25000 12.05721 0.11834 13
-0.61590 -0.26223 14.03409 0 7.87500 18.67500 12.05721 0.12114 13
0.07864 0.08955 59.56398 0 -2.70000 -3.10000 59.38211 0.10141 -13
1.82998 -0.12637 2.86831 0 4.15000 -56.15000 1.38313 0.21097 -13
-0.70919 -0.10191 11.45597 0 3.02500 24.05000 9.36066 0.12387 13
-0.29812 -0.16835 49.06252 0 5.10000 8.25000 47.07043 0.10645 -13
-2.08109 -0.14195 41.40010 0 4.30000 62.57500 18.07677 0.23298 -13
0.45484 0.04325 98.40743 0 -1.30000 -14.62500 89.59133 0.11072 13
1.57572 -0.02941 9.86055 0 0.80000 -47.20000 5.28491 0.18797 13
0.29488 -0.07184 98.62315 0 2.17500 -8.12500 94.61576 0.10524 -13
-0.09660 -0.18984 54.07450 0 5.72500 2.77500 53.83259 0.10296 -13
0.15927 0.12538 77.86101 0 -3.77500 -5.77500 76.90667 0.10276 13
0.16389 -0.27457 77.86101 0 8.27500 -5.92500 76.90667 0.10572 13
-0.08255 -0.16356 21.30629 0 4.95000 1.55000 21.23597 0.10239 -13
1.49902 0.08698 57.24576 0 -2.60000 -43.97500 31.85077 0.18166 -13
1.21873 -0.11891 13.14823 0 3.52500 -37.45000 8.37545 0.15917 13
1.47147 0.12111 82.97255 0 -3.67500 -44.62500 46.86923 0.17959 13
1.51666 -0.27915 82.97255 0 8.40000 -45.97500 46.86923 0.18508 13
-0.23310 0.08695 12.28185 0 -2.67500 4.20000 11.96342 0.10379 13
0.22868 -0.03872 29.93421 0 1.15000 -4.70000 29.18199 0.10337 13
0.97169 -0.13422 47.62968 0 4.07500 -29.65000 34.30725 0.14107 -13
1.10829 0.04969 89.04890 0 -1.50000 -33.80000 59.69439 0.15041 -13
-0.28218 -0.13793 56.50441 0 4.15000 9.15000 54.41838 0.10555 13
0.29813 -0.06260 2.30667 0 1.67500 -8.60000 2.21080 0.10534 13
0.14097 -0.11485 57.82607 0 3.45000 -3.62500 57.26729 0.10235 13
0.96407 -0.03467 34.03433 0 1.07500 -29.47500 24.50894 0.13993 -13
-0.41669 0.10444 38.55430 0 -3.12500 14.05000 35.61685 0.10960 -13
-0.26239 -0.07289 87.61398 0 2.20000 9.97500 84.75959 0.10437 13
-0.05768 0.05155 61.83875 0 -1.55000 1.67500 61.73642 0.10101 13
-0.86368 0.01306 88.56756 0 -0.40000 26.20000 67.03097 0.13307 13
0.16573 0.03600 43.54292 0 -1.10000 -5.75000 42.95771 0.10215 13
-0.69682 -0.12464 41.64840 0 3.77500 19.00000 34.25690 0.12339 -13
-0.63012 0.06014 19.14972 0 -1.77500 19.37500 16.20951 0.11918 -13
0.75739 -0.01042 78.62712 0 0.30000 -21.47500 62.67976 0.12633 13
-0.82568 -0.00095 83.09637 0 0.02500 23.20000 64.07682 0.13059 -13
0.53479 -0.01846 88.03320 0 0.57500 -18.27500 77.63247 0.11422 -13
0.50352 0.11780 73.80698 0 -3.55000 -16.10000 66.01359 0.11337 13
1.02298 0.12789 76.93064 0 -3.85000 -31.22500 53.99914 0.14463 -13
1.05156 -0.27190 76.93064 0 8.20000 -32.10000 53.99914 0.14868 -13
1.44686 -0.03842 91.50903 0 1.15000 -45.05000 52.05468 0.17716 13
0.29874 -0.04706 90.89978 0 1.42500 -10.92500 87.10424 0.10521 13
0.21847 -0.10783 4.58934 0 3.37500 -7.22500 4.48466 0.10372 -13
0.15919 -0.00019 1.37378 0 0.37500 -5.00000 1.35669 0.10228 -13
-0.29063 0.05092 41.98280 0 -1.55000 8.07500 40.31891 0.10500 13
-0.98495 -0.03298 9.81834 0 0.92500 30.02500 6.99681 0.14139 13
-0.16136 0.05989 51.30367 0 -1.80000 6.42500 50.65087 0.10218 -13
1.73036 -0.07485 70.66490 0 2.25000 -51.32500 35.43203 0.20140 13
-1.40067 -0.06425 65.77299 0 1.95000 40.47500 38.27021 0.17343 -13
1.28208 0.09119 76.24584 0 -2.75000 -38.97500 47.01395 0.16388 -13
1.28209 0.09120 76.24584 0 -2.75000 -39.02500 47.01395 0.16399 -13
-1.47303 0.01324 53.36484 0 -0.37500 42.65000 29.97514 0.17930 -13
0.50711 0.02127 26.97321 0 -0.62500 -14.05000 24.05785 0.11294 -13
-0.65667 -0.03276 37.13868 0 0.97500 17.27500 31.04872 0.12052 13
-1.86046 -0.02670 16.85401 0 0.75000 56.55000 7.98125 0.21272 13
-1.12749 -0.12818 79.48291 0 3.87500 35.70000 52.98061 0.15233 -13
-0.37400 -0.00053 47.86849 0 0.02500 11.87500 44.83538 0.10752 -13
1.20806 -0.07227 24.42369 0 2.15000 -36.97500 15.59796 0.15808 13
0.22210 -0.06811 77.26654 0 2.05000 -7.12500 75.43680 0.10339 -13
1.51349 -0.01530 7.48245 0 0.57500 -45.82500 4.12516 0.18271 -13
1.76514 -0.10242 5.78571 0 2.92500 -54.00000 2.86275 0.20452 13
0.25474 -0.04263 13.74999 0 1.25000 -4.40000 13.32517 0.10401 13
0.50353 -0.03157 28.05298 0 0.97500 -15.52500 25.05843 0.11280 -13
0.77605 0.09009 21.33204 0 -2.75000 -23.12500 16.87798 0.12781 13
-0.68512 0.04026 85.45632 0 -1.22500 21.97500 70.51611 0.12214 13
-0.35171 0.05770 26.49680 0 -1.72500 10.85000 25.00051 0.10690 -13
-0.48182 -0.06426 99.70731 0 1.92500 16.17500 89.85935 0.11197 13
0.52793 -0.08596 31.93940 0 2.57500 -15.12500 28.26776 0.11420 13
-0.98440 -0.09955 14.07611 0 2.95000 26.02500 10.05497 0.14166 13
-1.55556 -0.17705 45.91595 0 5.32500 46.70000 25.10129 0.18704 13
1.37029 0.11439 45.30605 0 -3.42500 -42.25000 26.82154 0.17120 -13
0.50407 0.06308 56.79111 0 -1.90000 -16.22500 50.73301 0.11295 -13
0.35764 0.03855 74.00557 0 -1.17500 -11.82500 69.68910 0.10702 13
0.66523 0.00846 56.96837 0 -0.25000 -20.27500 47.43238 0.12095 -13
0.65796 -0.10197 31.59647 0 3.10000 -19.67500 26.43630 0.12100 -13
0.48207 0.05804 55.53838 0 -1.75000 -15.27500 50.04443 0.11195 13
0.51031 0.11148 92.07308 0 -3.35000 -15.25000 82.11584 0.11361 -13
-1.88573 -0.00434 4.73638 0 0.35000 59.05000 2.21935 0.21499 -13
0.05851 -0.16628 47.10854 0 5.02500 -1.85000 47.03029 0.10226 -13
-0.99095 0.03809 11.08872 0 -1.07500 28.35000 7.87923 0.14182 -13
-0.86561 0.03142 52.42988 0 -0.92500 28.07500 39.64993 0.13323 -13
-1.02463 -0.05298 82.05231 0 1.60000 31.65000 57.35103 0.14428 13
0.13663 0.10930 78.74515 0 -3.30000 -4.77500 78.02879 0.10223 -13
-0.90464 0.13000 92.01035 0 -3.92500 30.00000 68.48946 0.13643 13
-0.92919 -0.26972 92.01035 0 8.12500 30.75000 68.48946 0.14011 13
-1.63947 -0.12679 84.24322 0 3.82500 49.15000 44.12254 0.19382 -13
-2.04411 0.14574 71.42110 0 -4.40000 60.97500 31.65253 0.22965 13
-2.08654 -0.25318 71.42110 0 7.62500 62.22500 31.65253 0.23438 13
-0.07995 0.11371 22.43786 0 -3.45000 1.97500 22.36738 0.10168 13
0.05926 -0.12167 22.52473 0 3.70000 -1.67500 22.48581 0.10163 -13
0.38314 -0.17722 13.73453 0 5.30000 -8.87500 12.85046 0.10929 13
1.30434 -0.09584 74.12333 0 2.87500 -37.45000 45.22919 0.16579 13
0.04970 -0.22293 64.11908 0 6.72500 -0.97500 64.04378 0.10330 -13
0.78538 -0.22725 42.20312 0 6.85000 -22.30000 33.50626 0.13006 13
0.41111 0.08674 60.30876 0 -2.62500 -15.82500 55.80920 0.10923 13
0.50486 -0.09752 76.81435 0 2.95000 -15.05000 68.63681 0.11324 -13
-1.56715 -0.07159 11.65342 0 2.07500 48.10000 6.27945 0.18734 13
-0.06328 -0.13855 59.71270 0 4.17500 2.30000 59.59579 0.10186 13
-0.29764 0.04373 53.70339 0 -1.30000 8.17500 51.47587 0.10516 -13
1.31096 -0.20755 16.92208 0 6.20000 -39.37500 10.39978 0.16730 13
-0.34031 -0.10121 98.85601 0 3.05000 11.07500 93.63471 0.10686 13
2.06137 -0.21423 50.85456 0 6.47500 -59.80000 22.60066 0.23177 -13
-0.78792 -0.07078 66.81457 0 2.15000 22.17500 52.53188 0.12841 -13
-0.46754 -0.08393 42.65720 0 2.52500 17.40000 38.66668 0.11149 13
0.83803 0.09348 6.82672 0 -2.72500 -26.35000 5.24175 0.13170 -13
-0.33484 -0.21044 79.95445 0 6.35000 9.45000 75.97989 0.10830 -13
-0.63735 0.08270 7.02916 0 -2.57500 18.10000 5.93309 0.11975 13
1.75949 0.10677 19.63625 0 -3.27500 -51.65000 9.74423 0.20412 13
-0.90267 0.04262 57.79903 0 -1.30000 25.22500 42.92245 0.13573 13
-0.15878 0.00453 53.78678 0 -0.15000 3.25000 53.12142 0.10196 13
1.49474 -0.02040 21.00198 0 0.57500 -46.02500 11.68018 0.18111 13
1.15462 -0.03989 56.87661 0 1.20000 -35.55000 37.25275 0.15388 13
1.35855 -0.03593 26.33409 0 1.12500 -40.20000 15.61745 0.16992 -13
1.09397 -0.08968 53.42556 0 2.70000 -31.45000 36.12432 0.14953 13
1.46907 -0.04901 3.86284 0 1.25000 -44.17500 2.17550 0.17903 13
1.14094 -0.07985 43.98155 0 2.40000 -36.72500 29.04172 0.15298 13
0.34972 -0.08410 74.30426 0 2.52500 -10.02500 70.16565 0.10702 13
-0.03332 -0.15048 89.56259 0 4.55000 1.27500 89.51401 0.10189 -13
0.28209 -0.11582 48.37586 0 3.50000 -8.00000 46.58157 0.10529 -13
-0.12309 0.10001 53.66743 0 -3.02500 3.75000 53.26932 0.10197 13
-0.09314 0.01593 97.21392 0 -0.47500 2.17500 96.79513 0.10115 -13
-0.77688 0.05476 45.92062 0 -1.65000 23.82500 36.28382 0.12763 -13
-0.84547 0.05162 57.86220 0 -1.55000 27.62500 44.21041 0.13197 -13
-1.67999 -0.17570 9.18575 0 5.40000 49.20000 4.75092 0.19782 -13
-1.31558 0.06431 57.96624 0 -1.95000 39.77500 35.12340 0.16655 13
-0.21595 -0.17118 15.24436 0 5.20000 7.62500 14.91023 0.10448 -13
0.37202 -0.23064 30.58500 0 6.97500 -10.92500 28.75383 0.10994 -13
0.67312 -0.23476 8.79582 0 7.15000 -18.60000 7.35680 0.12375 -13
0.33843 0.04913 34.32270 0 -1.47500 -8.90000 32.51543 0.10643 -13
0.66714 0.08784 71.84616 0 -2.65000 -23.42500 59.83735 0.12138 -13
0.68896 0.13444 72.40041 0 -4.07500 -20.67500 59.79125 0.12304 13
0.70638 -0.26502 72.40041 0 7.97500 -21.20000 59.79125 0.12614 13
0.57096 -0.03464 30.79144 0 1.07500 -18.85000 26.74367 0.11602 -13
0.26857 -0.19819 79.77374 0 5.97500 -10.80000 77.14168 0.10617 -13
-0.22400 -0.06873 97.99788 0 2.07500 7.02500 95.63869 0.10343 13
-1.04708 0.13704 23.49587 0 -4.17500 33.02500 16.30655 0.14648 13
-1.07242 -0.26231 23.49587 0 7.87500 33.80000 16.30655 0.14997 13
-0.00671 -0.08859 2.30125 0 2.87500 1.80000 2.30119 0.10127 -13
-0.39224 0.00088 46.93271 0 -0.02500 10.67500 43.69181 0.10817 -13
0.54183 0.12372 92.99818 0 -3.72500 -16.90000 81.90718 0.11521 13
0.55789 -0.27635 92.99818 0 8.32500 -17.37500 81.90718 0.11862 13
-0.18993 -0.10788 90.41375 0 3.25000 5.30000 88.84370 0.10307 13
-0.41216 0.00513 75.79617 0 -0.15000 13.75000 70.07747 0.10892 -13
-0.70053 -0.06906 64.35811 0 2.10000 23.62500 52.75226 0.12315 -13
1.87217 -0.03045 63.49071 0 0.92500 -58.97500 29.92372 0.21377 -13
0.21423 -0.21412 6.15054 0 6.37500 -5.90000 6.01985 0.10518 13
-1.65069 0.04015 15.37715 0 -1.27500 49.77500 7.97259 0.19441 13
0.61449 -0.22465 68.02078 0 6.77500 -19.17500 58.33920 0.12035 -13
-0.76889 0.00692 29.74100 0 -0.22500 21.92500 23.57762 0.12704 13
-1.78753 -0.11943 66.95285 0 3.62500 55.25000 32.86470 0.20661 -13
0.69809 0.08213 78.06583 0 -2.47500 -20.85000 64.08203 0.12309 -13
-0.59311 -0.00959 56.07078 0 0.27500 17.97500 48.22687 0.11709 13
-1.40551 0.09543 25.04534 0 -2.90000 42.90000 14.56297 0.17399 13
-1.57698 0.14735 69.27137 0 -4.42500 46.75000 37.38153 0.18861 -13
-1.60874 -0.25147 69.27137 0 7.60000 47.70000 37.38153 0.19244 -13
1.32524 0.05200 61.61043 0 -1.55000 -43.77500 37.14159 0.16727 -13
-0.17487 0.12794 83.67676 0 -3.87500 5.75000 82.44567 0.10304 13
-0.17976 -0.27188 83.67676 0 8.20000 5.90000 82.44567 0.10591 13
0.43644 -0.08397 66.95429 0 2.55000 -12.77500 61.39889 0.11021 -13
0.11242 -0.13427 96.76939 0 4.05000 -5.90000 96.17424 0.10224 -13
-0.96788 -0.18890 72.13484 0 5.70000 28.65000 52.26921 0.14143 13
0.05054 -0.00956 61.02658 0 0.30000 -2.92500 60.94883 0.10084 -13
1.03885 -0.13567 35.61211 0 4.07500 -31.72500 24.81397 0.14584 13
-0.28255 -0.24097 13.31129 0 7.22500 8.07500 12.83580 0.10739 13
2.07690 0.08642 10.69557 0 -2.50000 -62.67500 4.65412 0.23222 -13
-0.86790 -0.16933 76.41838 0 5.12500 24.42500 58.06208 0.13444 -13
-0.54194 0.02789 74.61018 0 -0.85000 16.77500 65.60223 0.11457 13
-0.26032 -0.17015 20.24759 0 5.10000 7.75000 19.61188 0.10545 13
-0.18021 0.13006 37.01662 0 -3.90000 4.70000 36.43926 0.10316 -13
-0.18510 -0.26961 37.01662 0 8.15000 4.85000 36.43926 0.10596 -13
-0.20114 0.02533 56.81389 0 -0.75000 6.62500 55.69908 0.10275 -13
0.71428 0.05652 38.90028 0 -1.72500 -21.00000 31.67181 0.12389 13
-0.06459 -0.17404 43.93345 0 5.25000 4.97500 43.84478 0.10243 -13
-0.46138 -0.04371 19.86433 0 1.30000 16.15000 18.03998 0.11099 13
-0.90644 -0.12436 11.00849 0 3.70000 27.57500 8.18451 0.13647 13
0.06053 0.06287 44.47017 0 -1.87500 -1.02500 44.38923 0.10108 -13
0.85211 0.09440 99.93491 0 -2.85000 -25.32500 76.20673 0.13265 -13
0.96858 -0.05418 29.58226 0 1.65000 -25.10000 21.26416 0.14031 -13
0.46797 -0.19768 86.70676 0 5.95000 -14.57500 78.79990 0.11294 13
-0.68765 -0.04512 98.16890 0 1.35000 21.00000 80.91597 0.12230 13
-0.45649 -0.15643 10.05919 0 4.67500 13.37500 9.17012 0.11179 13
0.16319 -0.10379 91.88692 0 3.12500 -6.82500 90.69983 0.10257 -13
-1.49566 -0.21888 28.09460 0 6.62500 47.22500 15.86780 0.18256 -13
0.30400 -0.12684 49.46441 0 3.82500 -7.77500 47.35758 0.10603 -13
-0.68527 0.07585 67.18287 0 -2.27500 21.37500 55.46960 0.12232 -13
1.88271 -0.23768 98.29011 0 7.17500 -54.67500 47.09901 0.21602 -13
-0.72313 0.07562 61.21148 0 -2.27500 21.97500 49.65017 0.12451 -13
-0.88660 0.04231 59.35140 0 -1.30000 26.20000 44.42765 0.13465 13
-0.23847 0.05711 46.40179 0 -1.72500 7.85000 45.14021 0.10369 13
-1.39547 0.02364 46.66846 0 -0.72500 42.17500 27.18859 0.17290 13
-0.55122 0.06359 91.77668 0 -1.90000 17.10000 80.41258 0.11516 -13
1.41101 -0.11861 12.10862 0 3.65000 -44.77500 7.03454 0.17460 -13
-0.45203 0.06290 90.26277 0 -1.90000 14.25000 82.27754 0.11070 13
-0.64547 -0.00731 53.69459 0 0.22500 16.80000 45.11330 0.11986 -13
-1.41585 -0.06064 50.81373 0 1.80000 40.25000 29.35204 0.17465 13
0.21005 -0.00380 7.98722 0 0.17500 -6.07500 7.81685 0.10291 -13
-0.30616 -0.16982 84.92692 0 5.12500 10.17500 81.30416 0.10670 -13
1.00092 -0.09633 82.46799 0 2.90000 -32.20000 58.42152 0.14281 13
0.81585 -0.12074 56.00780 0 3.62500 -26.50000 43.52235 0.13053 13
0.29197 -0.02388 44.05692 0 0.70000 -9.95000 42.29219 0.10493 13
-0.18299 0.14733 66.96609 0 -4.45000 4.35000 65.89490 0.10345 13
-0.18667 -0.25154 66.96609 0 7.57500 4.47500 65.89490 0.10552 13
-0.24042 -0.09465 8.58650 0 2.80000 10.35000 8.35054 0.10400 13
1.55159 -0.09172 47.66553 0 2.75000 -44.45000 25.89920 0.18611 13
0.03639 0.05540 46.92525 0 -1.65000 -0.30000 46.89430 0.10092 -13
-0.08266 -0.20416 77.31486 0 6.15000 3.07500 77.06249 0.10311 13
-0.90595 0.06204 75.95117 0 -1.87500 28.22500 56.33611 0.13603 13
-0.68149 -0.24616 76.97428 0 7.42500 18.35000 64.19219 0.12435 13
-1.23126 0.05577 95.77687 0 -1.67500 37.62500 60.43802 0.15983 -13
-0.24777 0.10489 50.56063 0 -3.17500 7.92500 49.09244 0.10428 13
-0.16260 -0.11349 74.29466 0 3.42500 5.22500 73.34357 0.10267 -13
0.65259 -0.12195 20.49415 0 3.65000 -17.35000 17.20027 0.12086 13
0.25780 -0.18096 50.67874 0 5.45000 -7.15000 49.12295 0.10557 13
1.16032 0.07324 30.09109 0 -2.17500 -36.12500 19.67436 0.15443 -13
-0.10354 -0.09658 13.57636 0 2.95000 5.40000 13.50477 0.10172 -13
-0.09248 -0.19635 89.55540 0 5.92500 4.30000 89.18885 0.10305 -13
-1.05525 -0.14900 90.44703 0 4.50000 32.37500 62.57314 0.14717 -13
0.43832 -0.15641 36.66619 0 4.72500 -14.12500 33.64651 0.11108 -13
-0.16195 0.01530 33.02434 0 -0.47500 3.47500 32.59971 0.10203 13
1.26590 0.01914 99.21730 0 -0.57500 -38.92500 61.50914 0.16246 13
0.71944 0.04717 61.33388 0 -1.42500 -22.85000 49.80681 0.12415 -13
-0.36419 -0.12704 56.16536 0 3.85000 10.87500 52.82364 0.10794 -13
-0.56297 -0.10218 41.25463 0 3.07500 18.67500 35.99375 0.11602 13
0.78070 -0.00149 95.41719 0 0.05000 -22.22500 75.21111 0.12776 -13
-0.74247 0.12474 98.02400 0 -3.77500 23.17500 78.91773 0.12606 13
-0.76417 -0.27526 98.02400 0 8.30000 23.82500 78.91773 0.12973 13
1.89984 -0.04624 55.05309 0 1.37500 -55.17500 25.66390 0.21625 13
-0.84654 0.10462 23.97597 0 -3.17500 24.02500 18.34117 0.13237 13
0.51806 -0.01389 35.15820 0 0.40000 -15.72500 31.21826 0.11343 13
1.23655 0.10218 41.45505 0 -3.10000 -39.22500 26.14870 0.16049 13
-0.55684 -0.04018 32.37461 0 1.20000 18.45000 28.29029 0.11533 13
-1.31065 -0.05772 92.60515 0 1.72500 38.82500 56.23174 0.16612 13
0.89950 -0.10572 9.90904 0 3.12500 -27.97500 7.38581 0.13583 13
-1.23664 0.13393 51.51249 0 -4.02500 37.95000 32.56432 0.16071 -13
-1.26815 -0.26552 51.51249 0 8.02500 38.92500 32.56432 0.16484 -13
-0.19710 -0.14692 4.22412 0 4.55000 8.20000 4.14610 0.10379 -13
-0.82267 0.14809 64.50809 0 -4.45000 24.45000 50.03391 0.13125 -13
-0.83899 -0.25073 64.50809 0 7.57500 24.95000 50.03391 0.13387 -13
-0.32225 -0.23111 3.31241 0 7.15000 10.00000 3.16027 0.10852 -13
0.66418 -0.01897 48.08236 0 0.57500 -20.47500 40.05504 0.12091 -13
1.56722 -0.09007 64.27228 0 2.70000 -48.45000 34.67081 0.18742 13
-0.12407 -0.16268 92.03991 0 4.92500 4.85000 91.35746 0.10279 -13
-0.41561 -0.01861 77.15682 0 0.57500 10.55000 71.25016 0.10907 -13
1.19634 0.09767 19.20945 0 -2.97500 -35.00000 12.35380 0.15735 13
-0.49284 -0.15833 35.13447 0 4.75000 15.00000 31.59053 0.11339 13
-0.40839 -0.07089 83.22932 0 2.12500 11.50000 77.07897 0.10901 13
1.80149 -0.04355 12.17584 0 1.22500 -54.32500 5.91362 0.20752 13
0.36283 0.06929 1.84085 0 -2.37500 -10.07500 1.73091 0.10761 13
0.37219 0.00278 84.73075 0 -0.10000 -10.97500 79.40909 0.10745 13
0.13586 0.10310 47.07263 0 -3.12500 -4.50000 46.64858 0.10216 13
-0.43938 -0.18473 12.48371 0 5.52500 14.27500 11.45966 0.11153 13
0.19330 -0.09528 3.18024 0 3.02500 -6.42500 3.12294 0.10313 -13
-0.34176 -0.06511 93.68327 0 1.95000 7.60000 88.66872 0.10662 13
-1.30035 -0.03788 64.28628 0 1.12500 39.32500 39.20703 0.16524 13
-0.48664 -0.23984 40.45611 0 7.25000 12.17500 36.56830 0.11458 -13
-0.76126 -0.24291 74.25358 0 7.32500 24.82500 59.69532 0.12890 13
0.73936 -0.07391 83.59059 0 2.22500 -22.10000 67.27880 0.12546 13
0.75840 -0.04648 74.21312 0 1.40000 -23.82500 59.15477 0.12648 -13
0.27538 -0.17845 3.12044 0 5.22500 -8.90000 3.01179 0.10595 13
-1.71195 -0.12572 41.23438 0 3.82500 50.70000 20.91980 0.20007 -13
-0.05009 -0.14961 36.66446 0 4.52500 -0.67500 36.61954 0.10196 -13
-0.12090 -0.18402 46.26140 0 5.55000 1.42500 45.93778 0.10311 13
-0.02332 0.09862 50.25400 0 -2.97500 1.32500 50.24047 0.10122 13
2.13333 -0.09136 89.99475 0 2.75000 -63.02500 38.32755 0.23743 13
-0.11435 -0.06007 79.54979 0 1.82500 0.85000 79.03661 0.10154 -13
0.08657 -0.01839 35.71908 0 0.55000 -2.97500 35.58601 0.10110 13
-0.78021 0.06738 87.56433 0 -2.02500 22.72500 69.09670 0.12790 -13
-0.56010 -0.13096 87.23780 0 3.95000 16.82500 76.26575 0.11617 -13
0.57199 -0.07351 81.45401 0 2.22500 -16.82500 70.75127 0.11625 -13
-1.04445 -0.07247 86.79460 0 2.17500 30.72500 60.10716 0.14579 13
-0.16414 -0.18068 48.94786 0 5.45000 3.22500 48.32160 0.10367 -13
-0.75669 0.07286 96.43802 0 -2.20000 21.47500 76.97653 0.12650 -13
-1.33682 -0.05482 32.56516 0 1.67500 43.02500 19.52462 0.16823 -13
0.38238 -0.22721 71.32480 0 6.85000 -11.22500 66.83038 0.11021 13
0.71212 -0.01797 26.34723 0 0.57500 -21.82500 21.46287 0.12364 -13
1.20873 0.08929 89.47639 0 -2.70000 -34.57500 57.17074 0.15824 13
0.03507 0.13259 4.99385 0 -3.90000 0.40000 4.99086 0.10162 -13
0.03609 -0.26675 4.99385 0 8.15000 0.37500 4.99086 0.10440 -13
0.16938 -0.01715 53.98922 0 0.52500 -3.82500 53.23126 0.10215 -13
1.12938 0.01942 27.60284 0 -0.55000 -32.95000 18.30038 0.15192 -13
-0.89197 -0.21306 54.00566 0 6.45000 26.50000 40.69527 0.13665 -13
0.61928 0.01286 68.26259 0 -0.37500 -21.27500 58.03682 0.11846 -13
0.09462 -0.03829 2.72678 0 1.32500 -2.95000 2.71469 0.10133 -13
1.00186 0.00336 27.71613 0 -0.12500 -29.57500 19.58024 0.14255 13
1.42227 -0.05216 16.95128 0 1.62500 -43.42500 9.75875 0.17518 -13
0.42345 0.08899 4.49613 0 -2.57500 -12.70000 4.14272 0.10972 -13
-0.85941 0.06402 16.10940 0 -1.97500 24.15000 12.22835 0.13295 13
1.40329 -0.03382 55.77412 0 1.02500 -43.52500 32.37958 0.17356 -13
-0.12314 -0.10931 72.13747 0 3.30000 2.42500 71.60296 0.10206 -13
1.48149 -0.04169 64.07929 0 1.27500 -45.27500 35.87186 0.18005 -13
1.48720 -0.03839 6.58199 0 1.02500 -43.32500 3.67458 0.18051 13
-1.30649 -0.09480 57.85714 0 2.87500 38.15000 35.26492 0.16597 -13
-1.74588 -0.11051 10.20169 0 3.42500 52.02500 5.09351 0.20301 -13
0.76751 -0.24628 47.08095 0 7.42500 -23.37500 37.75107 0.12932 13
0.82582 -0.08772 35.05763 0 2.67500 -25.47500 27.07315 0.13091 -13
0.52488 -0.15320 19.97278 0 4.65000 -14.62500 17.72879 0.11479 -13
0.23108 -0.09414 3.25903 0 2.67500 -8.42500 3.17601 0.10380 13
1.46183 -0.24271 87.65267 0 7.32500 -43.65000 50.45437 0.18003 -13
1.67416 0.01919 67.31842 0 -0.57500 -50.90000 34.52582 0.19640 -13
-0.24105 0.05038 85.38554 0 -1.52500 8.27500 83.01377 0.10371 13
0.82230 0.02131 16.08096 0 -0.60000 -27.65000 12.42209 0.13039 -13
0.92889 -0.22352 11.59927 0 6.80000 -28.62500 8.59384 0.13934 -13
-0.69348 -0.21202 86.69941 0 6.40000 20.57500 71.74728 0.12439 13
