-0.21343 0.10551 9.39476 0 -3.22500 9.35000 9.18998 0.10354 13
0.56074 0.02215 8.09333 0 -0.75000 -16.97500 7.05979 0.11550 13
1.56523 -0.20801 48.76589 0 6.30000 -46.72500 26.65026 0.18824 -13
0.59170 0.14064 17.31995 0 -4.20000 -14.35000 14.94351 0.11785 -13
0.60517 -0.25844 17.31995 0 7.82500 -14.77500 14.94351 0.12059 -13
0.44425 0.06027 90.11285 0 -1.82500 -14.37500 82.37667 0.11036 13
-0.97247 -0.00377 36.61012 0 0.12500 29.92500 26.24595 0.14048 -13
-0.27681 -0.23308 90.44134 0 7.02500 6.07500 87.32377 0.10710 -13
-0.54091 0.09997 83.78019 0 -3.00000 14.97500 73.77350 0.11493 -13
1.33872 0.02399 42.69845 0 -0.75000 -39.37500 25.55750 0.16830 13
-1.15528 -0.07390 9.07993 0 2.15000 36.42500 5.95191 0.15403 13
0.42227 -0.21578 28.86653 0 6.50000 -12.65000 26.68301 0.11144 13
0.45714 -0.11440 77.64583 0 3.45000 -13.07500 70.69562 0.11132 13
1.48309 0.06563 64.93619 0 -2.00000 -43.15000 36.35699 0.18025 13
-0.14582 0.04006 69.05573 0 -1.22500 6.02500 68.33423 0.10185 13
0.25093 -0.24036 39.61348 0 7.22500 -6.92500 38.48459 0.10660 13
1.13597 0.12450 29.59919 0 -3.72500 -34.72500 19.64297 0.15290 -13
1.16923 -0.27545 29.59919 0 8.32500 -35.72500 19.64297 0.15744 -13
1.21066 0.13013 61.99946 0 -3.92500 -35.22500 39.68041 0.15868 13
1.24341 -0.26957 61.99946 0 8.12500 -36.20000 39.68041 0.16295 13
-1.63314 -0.14807 30.85583 0 4.42500 48.47500 16.23985 0.19339 13
1.55537 -0.16821 95.55459 0 5.07500 -47.30000 52.18650 0.18699 -13
0.06896 -0.04341 22.76528 0 1.32500 0.12500 22.71148 0.10104 -13
0.75339 -0.07397 58.85343 0 2.22500 -25.05000 47.05236 0.12630 13
0.45954 -0.24358 77.47755 0 7.35000 -13.50000 70.74601 0.11352 -13
-0.00563 -0.09962 64.20169 0 3.00000 -1.05000 64.20068 0.10120 13
-1.75575 0.07920 57.36512 0 -2.37500 53.50000 28.45730 0.20363 -13
-1.31124 0.05079 84.79834 0 -1.55000 41.47500 51.46441 0.16615 13
-1.15295 -0.03676 9.44561 0 1.17500 33.25000 6.19156 0.15376 -13
0.53206 -0.07130 63.11639 0 2.15000 -15.15000 55.75144 0.11429 13
-0.43675 0.03931 65.45012 0 -1.17500 14.25000 59.98643 0.10996 -13
-0.48825 0.03907 5.77197 0 -1.27500 12.90000 5.18810 0.11215 13
-1.46048 -0.18607 17.66216 0 5.65000 43.00000 10.09383 0.17928 -13
-0.51080 0.11218 59.49178 0 -3.40000 15.60000 53.04837 0.11365 13
0.75008 0.09707 92.66022 0 -2.92500 -22.97500 74.24992 0.12626 -13
-1.16874 -0.17094 51.40373 0 5.17500 34.00000 33.69603 0.15587 -13
0.03290 -0.03946 21.79814 0 1.22500 -3.02500 21.78636 0.10084 -13
-0.77877 -0.12142 85.53119 0 3.67500 23.65000 67.66755 0.12823 -13
-0.52610 0.05196 70.84044 0 -1.55000 17.10000 62.71185 0.11390 -13
0.01707 -0.05798 37.35892 0 1.72500 0.62500 37.35349 0.10089 13
0.31628 -0.05916 90.30242 0 1.80000 -8.80000 86.11240 0.10579 -13
0.04064 -0.24110 2.75807 0 7.45000 -3.72500 2.75594 0.10389 -13
1.34027 -0.18805 53.71561 0 5.65000 -42.00000 32.48091 0.16944 13
1.87181 -0.11378 44.00909 0 3.45000 -58.95000 20.84177 0.21402 -13
0.49371 -0.11078 35.85350 0 3.35000 -14.67500 32.18664 0.11287 -13
1.51886 -0.17672 47.98341 0 5.35000 -48.97500 26.66970 0.18401 -13
-0.96677 0.01501 4.53629 0 -0.30000 29.65000 3.26139 0.14012 -13
0.31391 0.03082 20.15788 0 -0.90000 -8.55000 19.23341 0.10559 -13
-0.47310 -0.19619 14.78667 0 5.87500 14.27500 13.41177 0.11312 13
2.08459 -0.07645 57.82737 0 2.32500 -62.55000 25.07069 0.23297 -13
1.77106 -0.11244 90.01930 0 3.37500 -51.70000 44.47079 0.20512 13
-0.64373 -0.07939 67.76830 0 2.40000 19.25000 57.03526 0.12003 -13
-0.56402 -0.01561 91.75054 0 0.47500 18.15000 79.91774 0.11563 13
1.62264 -0.13809 84.71153 0 4.15000 -49.07500 44.74848 0.19244 13
0.20151 -0.24289 6.42883 0 7.25000 -6.40000 6.30900 0.10554 13
-0.63997 0.03739 1.00456 0 -1.75000 17.97500 0.84614 0.12043 13
0.72745 0.08074 6.06156 0 -2.55000 -21.97500 4.90777 0.12484 13
-0.43301 -0.22842 96.09158 0 6.90000 13.32500 88.52674 0.11213 -13
-1.78231 0.14763 80.44512 0 -4.45000 54.70000 39.68517 0.20633 -13
-1.81799 -0.25117 80.44512 0 7.60000 55.80000 39.68517 0.21050 -13
-0.40860 -0.14926 84.95982 0 4.50000 14.40000 78.77072 0.10982 -13
-0.07737 0.05544 36.41025 0 -1.65000 3.90000 36.30208 0.10116 -13
-0.08690 0.01255 25.19419 0 -0.35000 0.82500 25.09963 0.10109 -13
1.63954 0.01514 2.90004 0 -0.77500 -51.02500 1.50968 0.19363 13
0.31156 0.05266 28.68784 0 -1.60000 -9.45000 27.39265 0.10562 13
0.60132 -0.17054 63.85546 0 5.15000 -18.20000 54.93056 0.11877 -13
1.22572 -0.11086 77.58244 0 3.32500 -35.37500 49.22358 0.15969 13
-0.25418 0.01346 73.07883 0 -0.40000 10.27500 70.82702 0.10391 -13
0.02494 -0.08313 13.34548 0 2.55000 0.60000 13.34136 0.10109 -13
-1.20833 -0.22036 20.39184 0 6.60000 37.50000 13.18350 0.15946 13
-1.93525 0.04700 52.93869 0 -1.40000 59.15000 24.32469 0.21940 -13
0.57977 0.09496 10.35882 0 -2.80000 -15.90000 8.97177 0.11678 -13
-1.45770 -0.01039 9.46262 0 0.40000 43.95000 5.35266 0.17805 -13
-1.14900 -0.01941 86.62867 0 0.60000 33.90000 56.87780 0.15342 -13
0.81541 -0.12146 54.61158 0 3.65000 -23.22500 42.44764 0.13051 13
-1.12462 -0.04554 82.37077 0 1.37500 32.97500 54.76577 0.15162 13
-0.25647 -0.07264 75.28670 0 2.17500 7.67500 72.93840 0.10422 13
-0.65157 0.01264 43.91999 0 -0.37500 17.82500 36.79894 0.12020 -13
0.73403 -0.18966 68.37696 0 5.70000 -21.00000 55.45924 0.12637 13
1.35594 0.03067 64.92173 0 -0.92500 -41.05000 38.54528 0.16969 -13
0.10282 -0.06216 21.15424 0 1.90000 -4.97500 21.04377 0.10144 -13
0.33307 -0.14951 68.04205 0 4.52500 -10.35000 64.62606 0.10721 -13
-0.62695 -0.04413 7.36363 0 1.40000 16.17500 6.24052 0.11897 -13
-0.06956 0.12762 83.91696 0 -3.85000 1.87500 83.71790 0.10176 13
-0.07151 -0.27221 83.91696 0 8.20000 1.92500 83.71790 0.10461 13
1.56579 -0.12982 61.66270 0 3.90000 -46.57500 33.38676 0.18754 13
1.25064 -0.15691 55.32962 0 4.72500 -38.60000 34.80898 0.16201 13
-1.59206 -0.15360 68.04860 0 4.65000 49.77500 36.49777 0.18997 -13
0.48918 0.12386 48.80902 0 -3.72500 -14.97500 43.90873 0.11279 -13
0.50365 -0.27615 48.80902 0 8.35000 -15.42500 43.90873 0.11614 -13
0.81666 -0.17098 42.26502 0 5.15000 -21.42500 32.92390 0.13114 13
0.59445 0.09495 73.82329 0 -2.85000 -17.00000 63.53213 0.11754 -13
-0.63310 0.06987 72.56781 0 -2.12500 21.35000 61.35579 0.11940 13
0.84413 -0.22626 92.37018 0 6.82500 -29.52500 71.31063 0.13374 13
-0.69021 -0.23018 89.96270 0 6.92500 21.10000 74.64755 0.12453 13
0.16339 -0.08364 42.43433 0 2.50000 -4.90000 41.88272 0.10238 13
-1.07550 0.04139 86.82963 0 -1.25000 31.77500 59.15267 0.14795 13
-0.88979 -0.16651 76.85410 0 5.02500 26.65000 57.76114 0.13582 13
0.67266 0.11885 45.36561 0 -3.57500 -20.47500 37.72385 0.12195 -13
0.69393 -0.28148 45.36561 0 8.50000 -21.10000 37.72385 0.12565 -13
1.08273 0.13521 29.05713 0 -4.10000 -33.30000 19.81045 0.14907 13
1.10975 -0.26423 29.05713 0 7.95000 -34.10000 19.81045 0.15275 13
-0.98949 -0.05708 84.86806 0 1.72500 30.70000 60.37568 0.14179 -13
-0.12333 0.13234 23.38863 0 -4.02500 5.45000 23.21568 0.10235 13
-0.12657 -0.26727 23.38863 0 8.05000 5.55000 23.21568 0.10500 13
-0.21158 0.09769 47.40428 0 -2.95000 6.57500 46.38690 0.10341 13
0.71466 0.05069 17.39832 0 -1.57500 -21.82500 14.16092 0.12390 13
-1.24104 0.00763 15.61770 0 -0.27500 38.42500 9.79894 0.16051 13
0.57632 0.12973 99.47551 0 -3.92500 -15.00000 86.36497 0.11696 13
0.59198 -0.26999 99.47551 0 8.15000 -15.45000 86.36497 0.12014 13
0.19960 -0.13382 50.43645 0 4.02500 -6.92500 49.47751 0.10356 13
0.67860 0.04744 51.00988 0 -1.42500 -18.00000 42.22362 0.12179 -13
-0.43256 -0.19926 69.23400 0 6.02500 11.85000 63.73606 0.11155 -13
-0.75136 0.04986 79.91056 0 -1.50000 21.32500 63.91401 0.12606 -13
-1.32751 0.01354 44.50083 0 -0.40000 41.22500 26.77727 0.16737 -13
0.64268 0.10317 90.61288 0 -3.10000 -18.20000 76.34498 0.12015 -13
0.85194 0.05758 48.42546 0 -1.75000 -26.62500 36.88713 0.13242 13
1.12355 -0.04626 22.32455 0 1.35000 -35.82500 14.85088 0.15154 13
-2.15009 -0.15730 35.35512 0 4.77500 63.62500 15.05973 0.23937 -13
1.02146 -0.09855 96.35238 0 2.97500 -35.12500 67.57053 0.14430 -13
0.06518 -0.19035 14.47253 0 5.77500 -1.17500 14.44293 0.10275 -13
1.71193 -0.24237 48.38486 0 7.32500 -54.47500 24.92654 0.20116 -13
-0.81075 -0.13273 56.88909 0 4.00000 22.95000 44.34323 0.13032 13
1.51540 -0.14575 37.07834 0 4.37500 -47.42500 20.57167 0.18340 13
-0.15542 -0.03927 75.00394 0 1.20000 5.85000 74.11550 0.10199 -13
-0.96455 0.13718 36.40556 0 -4.15000 28.15000 26.32092 0.14060 13
-0.98789 -0.26220 36.40556 0 7.90000 28.85000 26.32092 0.14397 13
-0.65235 -0.14932 19.97927 0 4.47500 19.35000 16.78843 0.12115 13
-1.12437 -0.10556 78.39619 0 3.20000 33.27500 52.26076 0.15191 -13
0.09190 -0.18335 64.15173 0 5.55000 -4.62500 63.89118 0.10280 -13
-0.11330 0.14833 86.23744 0 -4.47500 2.45000 85.70111 0.10244 -13
-0.11553 -0.25048 86.23744 0 7.57500 2.50000 85.70111 0.10447 -13
-1.81072 -0.18990 47.88959 0 5.70000 53.77500 23.46713 0.20915 13
-0.38459 -0.19199 88.64343 0 5.77500 10.82500 82.92595 0.10961 13
-0.06954 -0.10300 21.46504 0 3.07500 2.00000 21.41384 0.10147 13
-0.91779 0.10762 81.39796 0 -3.22500 28.07500 60.12704 0.13711 -13
0.70001 0.08261 48.47886 0 -2.50000 -21.22500 39.75923 0.12321 13
-0.25200 -0.13755 42.87140 0 4.12500 6.47500 41.59475 0.10476 13
1.37960 -0.03139 49.07143 0 0.92500 -40.40000 28.80874 0.17162 13
-0.60224 -0.14615 51.96636 0 4.42500 21.67500 44.64121 0.11848 -13
-1.16247 -0.24175 7.23375 0 7.17500 33.17500 4.79472 0.15619 13
0.30620 0.05569 61.21887 0 -1.70000 -10.70000 58.54405 0.10547 13
0.06073 -0.17273 35.67023 0 5.20000 -0.45000 35.60654 0.10237 13
-1.44810 0.01601 99.59501 0 -0.50000 44.75000 56.59866 0.17723 13
-0.42345 0.14207 72.07313 0 -4.30000 12.50000 66.46828 0.11029 13
-0.43287 -0.25704 72.07313 0 7.75000 12.80000 66.46828 0.11273 13
-2.04240 -0.01969 46.23269 0 0.57500 61.82500 20.33361 0.22901 13
0.99482 0.06887 87.63678 0 -2.07500 -28.20000 62.20241 0.14222 13
-0.43571 -0.18378 70.41241 0 5.52500 13.70000 64.72024 0.11139 13
-0.34746 0.01131 51.38554 0 -0.32500 10.00000 48.53918 0.10661 -13
-0.06347 -0.01334 91.95439 0 0.40000 -0.75000 91.76975 0.10092 -13
-0.24966 -0.23390 25.50030 0 7.07500 5.77500 24.77875 0.10645 -13
-0.63263 -0.24176 98.08126 0 7.30000 21.95000 83.54910 0.12162 13
-1.64802 -0.03015 72.99597 0 0.92500 51.87500 37.87850 0.19416 -13
0.32339 0.11278 57.54059 0 -3.40000 -8.87500 54.78184 0.10644 13
-0.38458 0.47908 57.54059 0 -3.45000 -8.77500 54.78184 0.10649 13
0.15987 -0.58849 57.54059 0 -2.10000 -7.85000 54.78184 0.11895 13
0.25554 -0.25640 57.54059 0 -2.70000 -10.30000 54.78184 0.13093 13
-0.17471 -0.03366 57.54059 0 -1.67500 -10.55000 54.78184 0.13884 13
1.06185 -0.21592 75.28340 0 6.50000 -33.37500 52.23423 0.14848 13
1.04294 -0.01495 15.24454 0 0.50000 -33.25000 10.55130 0.14552 -13
1.16676 0.00481 87.65837 0 -0.15000 -35.67500 57.04509 0.15475 13
2.14553 0.00797 87.41779 0 -0.25000 -64.40000 36.93087 0.23838 13
-0.97905 -0.04923 97.34628 0 1.50000 31.32500 69.59987 0.14103 -13
-2.12947 -0.11375 28.25700 0 3.47500 62.87500 12.07453 0.23722 -13
0.33763 -0.21640 39.35083 0 6.52500 -8.10000 37.36889 0.10849 13
-0.83439 0.10150 6.24859 0 -2.97500 26.37500 4.80793 0.13153 -13
-1.09801 -0.22765 6.42330 0 6.75000 33.55000 4.38443 0.15119 13
-0.20491 0.01151 85.75795 0 -0.35000 5.12500 84.01246 0.10280 13
0.57790 -0.08007 37.99787 0 2.40000 -17.10000 32.92543 0.11659 13
-0.69787 0.02284 40.80326 0 -0.70000 23.27500 33.46358 0.12283 13
-0.43614 -0.15086 67.08588 0 4.55000 11.92500 61.60153 0.11091 -13
1.82061 -0.02739 43.32220 0 0.85000 -54.80000 20.86198 0.20921 -13
-0.96912 -0.07197 26.56440 0 2.15000 29.00000 19.09966 0.14042 13
1.00920 0.06814 7.58522 0 -1.97500 -29.25000 5.34492 0.14323 -13
0.28354 0.06508 7.22600 0 -2.02500 -7.10000 6.95305 0.10490 13
-0.13404 -0.07670 68.50858 0 2.30000 3.47500 67.90478 0.10189 13
0.07689 -0.18196 41.17442 0 5.47500 -0.52500 41.05710 0.10264 13
1.13899 0.06559 20.07005 0 -2.02500 -34.52500 13.25750 0.15280 13
0.13355 -0.16118 7.96717 0 4.92500 -2.52500 7.89875 0.10293 -13
0.50947 -0.20894 18.82295 0 6.32500 -15.57500 16.84432 0.11499 -13
0.46899 0.03223 9.63233 0 -1.02500 -13.95000 8.72152 0.11129 13
0.14198 -0.09521 88.09441 0 2.87500 -5.60000 87.22752 0.10216 13
1.61105 -0.02751 18.20645 0 0.77500 -47.17500 9.60417 0.19097 13
1.42983 -0.09650 84.28504 0 2.90000 -43.62500 48.45647 0.17597 13
-0.42976 -0.10186 55.78462 0 3.07500 13.12500 51.29312 0.11009 -13
-0.86036 0.02424 48.69184 0 -0.72500 25.02500 36.91553 0.13287 -13
-0.79671 -0.09597 53.62739 0 2.90000 22.70000 42.01743 0.12912 -13
-0.19224 0.00825 25.81884 0 -0.22500 6.20000 25.35468 0.10255 -13
-0.15734 -0.12752 59.19656 0 3.85000 8.25000 58.48847 0.10275 -13
-0.69416 0.09131 82.56230 0 -2.75000 21.52500 67.91502 0.12293 -13
0.38732 -0.07055 31.28335 0 2.15000 -12.32500 29.18126 0.10823 -13
-1.14391 -0.15856 91.41004 0 4.80000 32.42500 60.58579 0.15384 -13
-0.09526 -0.15583 32.77267 0 4.72500 2.95000 32.62846 0.10238 -13
0.56959 -0.16732 19.80195 0 5.07500 -16.35000 17.26421 0.11713 -13
1.44104 -0.11576 80.95754 0 3.50000 -42.57500 46.36274 0.17702 -13
-0.33758 0.10093 22.68705 0 -3.02500 10.22500 21.50650 0.10676 -13
-1.03897 -0.24330 33.88568 0 7.37500 30.00000 23.84695 0.14730 -13
0.92066 0.08884 60.34927 0 -2.70000 -25.62500 44.47818 0.13718 13
1.45821 0.09777 18.82625 0 -2.90000 -43.75000 10.68192 0.17831 -13
-1.39786 0.03707 58.69962 0 -1.10000 42.82500 34.16893 0.17312 -13
1.22814 -0.01989 1.07741 0 -0.10000 -34.72500 0.68062 0.16019 13
-0.33187 0.05045 81.88867 0 -1.52500 11.27500 77.73014 0.10623 13
-0.88264 -0.08784 20.67072 0 2.67500 29.87500 15.52319 0.13463 -13
-0.05537 0.01203 85.23139 0 -0.37500 -0.40000 85.10106 0.10087 13
0.87270 -0.10684 69.68723 0 3.22500 -25.57500 52.63264 0.13410 -13
-0.00867 0.03855 28.44403 0 -1.17500 -0.17500 28.44296 0.10079 13
0.50521 -0.04881 75.91524 0 1.47500 -15.00000 67.77523 0.11294 -13
-2.14233 -0.22715 3.94557 0 6.55000 63.20000 1.70333 0.23879 13
-1.63136 -0.17639 73.35810 0 5.30000 49.22500 38.76574 0.19349 13
-1.22630 -0.13418 35.08640 0 4.02500 33.95000 22.29275 0.15991 13
-0.19415 -0.22442 27.18829 0 6.75000 8.17500 26.71312 0.10503 13
0.62479 -0.02537 20.10771 0 0.80000 -19.72500 17.05442 0.11878 -13
1.22326 -0.24431 88.31413 0 7.35000 -36.72500 56.86346 0.16099 13
-0.03576 -0.12320 79.50790 0 3.72500 4.02500 79.45786 0.10153 -13
-0.01803 -0.13402 96.73933 0 4.05000 -0.20000 96.72389 0.10162 13
0.51858 0.13046 54.87159 0 -3.95000 -17.45000 48.79821 0.11420 13
0.53253 -0.26923 54.87159 0 8.10000 -17.87500 48.79821 0.11726 13
-0.07894 0.05751 52.38210 0 -1.75000 1.55000 52.22018 0.10118 13
-0.67703 -0.22832 44.46574 0 6.90000 17.77500 37.11087 0.12378 -13
0.68389 -0.06399 7.22898 0 2.02500 -18.52500 5.97115 0.12220 -13
-1.02610 0.05994 97.26279 0 -1.82500 29.07500 67.94605 0.14441 13
0.35088 0.08360 99.13507 0 -2.52500 -12.75000 93.57919 0.10706 13
-0.00301 0.11541 72.99394 0 -3.47500 -0.47500 72.99361 0.10137 -13
-1.88301 0.01886 63.08134 0 -0.55000 56.80000 29.59135 0.21471 -13
1.19906 0.12478 67.02087 0 -3.75000 -35.60000 43.12148 0.15772 -13
1.23407 -0.27518 67.02087 0 8.30000 -36.67500 43.12148 0.16235 -13
0.31036 -0.09679 89.82507 0 2.92500 -8.55000 85.82304 0.10589 13
0.40730 0.00089 44.72161 0 -0.05000 -11.37500 41.41794 0.10873 13
-0.34884 -0.01673 49.96944 0 0.52500 9.97500 47.18192 0.10667 -13
-0.82519 0.14200 95.06082 0 -4.27500 20.47500 73.61577 0.13133 -13
-0.84355 -0.25707 95.06082 0 7.75000 21.02500 73.61577 0.13427 -13
-1.61337 -0.11894 36.40039 0 3.57500 52.52500 19.27391 0.19152 13
0.84079 -0.14358 37.44485 0 4.35000 -26.60000 28.78123 0.13237 -13
0.12970 0.02647 14.09421 0 -0.77500 -4.32500 13.97724 0.10158 -13
1.30783 -0.06553 87.52138 0 1.97500 -39.00000 53.23365 0.16568 -13
1.30783 -0.06553 87.52138 0 1.97500 -39.02500 53.23365 0.16592 -13
1.12336 -0.21352 81.03582 0 6.42500 -32.35000 54.54866 0.15297 13
-0.12104 -0.05212 96.12946 0 1.57500 2.05000 95.43472 0.10157 13
0.10646 -0.20796 15.67321 0 6.25000 -4.42500 15.58878 0.10340 13
0.03036 0.00249 39.37576 0 -0.07500 -1.15000 39.35762 0.10075 -13
-0.77851 -0.21717 82.15582 0 6.55000 23.95000 65.38495 0.12948 13
0.36927 0.14347 98.26927 0 -4.32500 -14.00000 92.29654 0.10832 -13
0.37726 -0.25554 98.26927 0 7.72500 -14.22500 92.29654 0.11067 -13
-0.34549 0.11207 23.75338 0 -3.40000 7.75000 22.46626 0.10715 13
2.08630 -0.24119 26.55482 0 7.22500 -62.60000 11.74277 0.23418 13
0.34773 -0.11066 83.43673 0 3.32500 -11.80000 78.85973 0.10720 13
-0.39033 -0.17015 77.74291 0 5.15000 9.55000 72.55618 0.10946 -13
-0.04777 -0.02449 44.08088 0 0.72500 3.30000 44.03067 0.10084 13
-0.02295 -0.04894 16.50821 0 1.45000 -0.35000 16.50387 0.10085 13
1.23451 -0.06504 88.34848 0 1.95000 -38.35000 55.68039 0.16013 13
0.72609 -0.18365 19.42956 0 5.50000 -23.77500 15.81161 0.12580 13
1.61085 0.11486 35.44104 0 -3.50000 -46.45000 18.78038 0.19130 13
-0.02134 -0.17237 73.27544 0 5.20000 -0.05000 73.25924 0.10221 -13
-0.55819 -0.15547 68.18459 0 4.67500 17.12500 59.70472 0.11638 13
-0.78516 0.02441 42.23719 0 -0.72500 23.77500 33.22491 0.12805 -13
-0.83170 -0.11949 4.82201 0 3.47500 25.32500 3.71823 0.13149 13
0.63308 0.04289 78.67440 0 -1.30000 -19.02500 66.49056 0.11927 13
0.54105 -0.21726 10.47673 0 6.50000 -13.02500 9.26184 0.11653 13
-0.38251 -0.19914 9.41863 0 5.95000 11.47500 8.81863 0.10963 13
0.69127 -0.09584 1.67732 0 2.52500 -22.67500 1.38200 0.12290 13
-2.09103 0.01237 83.20664 0 -0.37500 64.20000 35.90063 0.23342 13
0.50083 0.11503 36.08387 0 -3.47500 -14.60000 32.30613 0.11322 13
-0.11937 -0.09676 60.98350 0 2.92500 2.80000 60.55757 0.10189 -13
0.65657 -0.02804 90.74581 0 0.85000 -20.45000 75.86568 0.12051 13
-1.15852 -0.16307 38.20413 0 4.90000 34.85000 25.15039 0.15497 13
-0.15048 -0.21718 13.56463 0 6.60000 3.60000 13.42062 0.10419 -13
-0.95334 0.07082 94.29367 0 -2.15000 28.65000 68.33012 0.13932 13
0.83673 -0.11042 8.73925 0 3.40000 -27.27500 6.71867 0.13183 -13
0.18966 0.12803 91.11837 0 -3.87500 -6.05000 89.54781 0.10331 13
0.19494 -0.27178 91.11837 0 8.20000 -6.20000 89.54781 0.10618 13
-0.33463 -0.20506 62.18545 0 6.17500 9.32500 59.09131 0.10817 13
-0.82686 -0.07011 88.09442 0 2.10000 22.90000 67.95947 0.13086 13
0.85382 -0.22884 22.77449 0 6.87500 -27.37500 17.50459 0.13438 13
0.37510 -0.03911 16.26342 0 1.20000 -13.80000 15.22876 0.10763 -13
1.80605 -0.13229 30.71077 0 4.02500 -56.20000 14.97538 0.20834 -13
0.91907 -0.13447 13.14170 0 4.10000 -25.75000 9.71560 0.13748 -13
1.28167 -0.18360 79.69860 0 5.52500 -39.80000 49.53086 0.16474 13
-0.34501 -0.19560 79.45017 0 5.90000 12.50000 75.25348 0.10834 13
0.84202 0.09648 68.54874 0 -2.92500 -25.10000 52.53650 0.13201 13
-0.33395 -0.10388 94.87302 0 3.15000 6.77500 90.03577 0.10669 -13
-0.49771 -0.17526 79.54603 0 5.30000 14.05000 71.42447 0.11387 -13
1.81271 -0.05365 87.71475 0 1.62500 -57.00000 42.41602 0.20855 -13
-0.30664 0.01840 23.40574 0 -0.52500 10.25000 22.37767 0.10535 -13
-2.12633 0.12928 48.04783 0 -3.87500 63.10000 20.58750 0.23696 -13
-2.18453 -0.27040 48.04783 0 8.17500 64.87500 20.58750 0.24352 -13
-0.56815 -0.11364 20.24905 0 3.40000 16.97500 17.63327 0.11638 13
0.99995 -0.12786 87.07647 0 3.85000 -30.92500 61.82264 0.14299 13
-0.64156 -0.12003 32.93009 0 3.65000 19.85000 27.77398 0.12026 -13
-0.10714 0.13590 61.34446 0 -4.10000 4.17500 61.00159 0.10220 13
-0.10979 -0.26350 61.34446 0 7.95000 4.27500 61.00159 0.10472 13
0.10237 0.05756 6.50135 0 -1.65000 -4.77500 6.46768 0.10139 -13
-0.55357 0.12711 51.72373 0 -3.82500 17.42500 45.33732 0.11580 -13
-0.56922 -0.27271 51.72373 0 8.25000 17.87500 45.33732 0.11909 -13
-0.49966 -0.02285 50.08880 0 0.70000 15.82500 44.80927 0.11260 -13
0.22370 -0.12101 83.71568 0 3.65000 -4.55000 81.72472 0.10391 -13
0.72932 0.03431 50.16845 0 -1.05000 -24.22500 40.54154 0.12469 13
0.69681 -0.02089 5.01737 0 0.75000 -18.95000 4.11685 0.12280 -13
-1.01086 -0.19650 58.81174 0 5.92500 27.67500 41.75545 0.14454 13
0.02506 0.08844 9.96432 0 -2.72500 -1.70000 9.96122 0.10114 13
0.14371 -0.04303 6.52797 0 1.22500 -5.87500 6.46171 0.10183 13
-1.92474 -0.22131 40.85014 0 6.65000 58.90000 19.19066 0.21950 13
0.28974 -0.05429 11.65291 0 1.60000 -10.35000 11.19382 0.10499 13
1.56134 0.06426 92.17138 0 -1.95000 -48.57500 49.78274 0.18684 13
-1.63656 0.12276 95.26375 0 -3.70000 48.57500 49.94232 0.19352 -13
-1.68571 -0.27733 95.26375 0 8.37500 50.05000 49.94232 0.19936 -13
-0.44623 -0.30681 95.26375 0 -3.67500 48.52500 49.94232 0.19339 -13
0.25218 0.52841 95.26375 0 -1.67500 49.47500 49.94232 0.20359 -13
-0.39523 -0.66265 95.26375 0 -2.65000 52.30000 49.94232 0.22168 -13
2.86964 2.38185 95.26375 0 -1.92500 53.85000 49.94232 0.23130 -13
0.50154 -0.38428 95.26375 0 -1.25000 56.50000 49.94232 0.25139 -13
0.54513 0.46384 95.26375 0 -0.87500 56.85000 49.94232 0.25737 -13
-0.65687 -0.04147 95.26375 0 -0.32500 56.12500 49.94232 0.26436 -13
-0.27589 0.03337 73.48027 0 -1.00000 8.50000 70.83676 0.10452 -13
-1.36254 0.03047 89.52011 0 -0.92500 42.47500 52.98245 0.17023 13
0.10377 -0.15560 54.08708 0 4.70000 -3.67500 53.80502 0.10245 -13
1.03718 0.07716 17.94901 0 -2.27500 -31.80000 12.47711 0.14528 -13
-0.41655 -0.10429 10.24883 0 3.20000 12.40000 9.46828 0.10962 -13
-1.55244 -0.05912 11.66892 0 1.70000 47.57500 6.32650 0.18604 13
0.41925 0.05047 74.07866 0 -1.52500 -11.17500 68.33065 0.10931 -13
0.31245 -0.05978 75.61419 0 1.80000 -10.17500 72.18453 0.10568 13
0.00273 -0.04704 77.15338 0 1.40000 -1.00000 77.15310 0.10081 13
-0.31600 -0.01483 21.51196 0 0.47500 8.80000 20.51227 0.10562 -13
1.81878 -0.24329 70.73929 0 7.32500 -55.37500 34.83785 0.21042 13
0.34402 -0.13510 89.24155 0 4.07500 -10.52500 84.46757 0.10736 -13
-0.44186 -0.12784 48.60107 0 3.85000 13.30000 44.51292 0.11084 13
-0.51853 0.09417 90.99306 0 -2.85000 14.82500 80.85468 0.11384 13
-0.15126 -0.10360 9.28181 0 3.17500 5.07500 9.17859 0.10240 -13
0.26907 0.03350 65.65860 0 -1.00000 -8.47500 63.40582 0.10434 -13
1.61100 0.01191 67.30881 0 -0.35000 -46.12500 35.49949 0.19095 -13
-1.83005 -0.02006 85.13846 0 0.62500 54.80000 40.83133 0.21003 -13
-0.62682 0.06714 69.59954 0 -2.02500 20.82500 59.00880 0.11904 -13
0.36569 0.13505 33.02361 0 -4.10000 -12.30000 31.04781 0.10810 13
0.37483 -0.26441 33.02361 0 7.95000 -12.57500 31.04781 0.11078 13
-0.46264 -0.12333 70.39389 0 3.72500 12.72500 63.97260 0.11165 13
-0.05884 -0.08194 89.45694 0 2.47500 1.85000 89.30353 0.10121 13
0.20984 0.07350 18.06350 0 -2.25000 -4.72500 17.68089 0.10317 13
0.73184 0.11097 78.45128 0 -3.35000 -23.07500 63.44349 0.12529 -13
-0.69629 -0.24262 83.90113 0 7.32500 22.60000 69.48833 0.12513 -13
-0.70742 0.08773 2.03195 0 -2.95000 25.32500 1.66034 0.12400 13
0.35760 -0.06881 82.40688 0 2.07500 -12.15000 77.61555 0.10717 13
0.72143 -0.18613 62.43634 0 5.62500 -22.02500 50.92757 0.12558 -13
0.42049 -0.03065 25.00325 0 0.90000 -11.15000 23.05000 0.10928 13
-0.73745 -0.15810 37.96930 0 4.75000 21.42500 30.69055 0.12613 13
-0.31780 0.10129 32.46093 0 -3.07500 9.97500 30.95106 0.10616 13
-0.68741 -0.23024 44.39091 0 6.92500 19.35000 36.88092 0.12437 13
-1.48211 -0.09922 26.45151 0 3.02500 46.07500 14.84500 0.18034 -13
-0.82175 0.03532 46.66910 0 -1.05000 24.47500 36.06547 0.13039 -13
-1.08117 0.05499 27.59099 0 -1.67500 33.85000 18.74985 0.14842 13
-0.12808 0.05880 85.85198 0 -1.77500 4.85000 85.15864 0.10170 13
-0.16686 -0.20372 66.72326 0 6.12500 5.85000 65.84902 0.10412 13
-0.13023 -0.14188 94.52353 0 4.27500 4.70000 93.74737 0.10255 13
-0.75808 -0.04214 98.00362 0 1.27500 23.50000 78.12415 0.12644 -13
1.02627 -0.09399 34.37137 0 2.85000 -30.30000 24.04143 0.14462 -13
0.21177 -0.09391 54.46058 0 2.85000 -7.87500 53.28911 0.10338 -13
1.08512 -0.15035 94.87255 0 4.55000 -34.05000 64.68070 0.14937 -13
0.63241 -0.04732 4.85513 0 1.30000 -18.17500 4.10515 0.11925 13
0.98274 0.02080 71.06969 0 -0.62500 -30.87500 50.69458 0.14121 -13
1.35882 -0.14903 3.07834 0 4.22500 -42.42500 1.83702 0.17050 13
1.29837 0.02393 71.74903 0 -0.72500 -40.02500 43.78836 0.16505 13
0.40573 0.06615 80.79138 0 -2.00000 -12.05000 74.88684 0.10888 -13
-0.76885 -0.05047 99.58074 0 1.52500 23.32500 78.98196 0.12713 13
1.34524 0.11717 29.66843 0 -3.50000 -40.22500 17.77734 0.16919 -13
1.95512 0.00857 29.18388 0 -0.30000 -57.05000 13.28983 0.22115 13
1.93518 -0.14400 59.99092 0 4.32500 -57.75000 27.76388 0.21982 13
1.44814 -0.07242 51.37685 0 2.17500 -41.95000 29.24559 0.17736 13
-1.85354 -0.22343 47.53784 0 6.72500 57.50000 22.99912 0.21325 13
-0.37306 0.01440 8.32203 0 -0.50000 11.35000 7.79724 0.10750 13
1.39347 0.04865 84.97878 0 -1.47500 -42.45000 49.58500 0.17279 13
-1.48515 0.06937 33.61098 0 -2.12500 44.25000 18.80336 0.18045 13
0.10614 0.12355 10.12351 0 -3.67500 -4.17500 10.06789 0.10202 -13
0.10930 -0.27642 10.12351 0 8.40000 -4.27500 10.06789 0.10511 -13
0.26707 -0.05152 36.90708 0 1.55000 -11.07500 35.66062 0.10436 13
0.75557 0.03736 4.90604 0 -1.00000 -22.35000 3.91550 0.12628 -13
1.05738 -0.18765 49.82128 0 5.65000 -33.42500 34.54490 0.14776 13
0.15957 -0.17046 45.79890 0 5.15000 -3.62500 45.24264 0.10341 -13
-0.63405 0.02860 46.25027 0 -0.87500 17.37500 39.06493 0.11928 13
0.04945 -0.12871 59.12650 0 3.87500 -1.75000 59.05549 0.10165 13
2.16464 -0.13241 7.96156 0 4.12500 -64.62500 3.36318 0.24065 -13
-0.75521 -0.20279 62.44152 0 6.10000 18.15000 50.18920 0.12783 13
0.43217 -0.11506 89.26006 0 3.47500 -13.42500 82.02036 0.11032 -13
0.81551 -0.07764 1.58394 0 2.72500 -24.97500 1.22888 0.13062 -13
-0.30486 0.02891 25.19098 0 -0.85000 7.70000 24.09698 0.10532 -13
0.82584 -0.13533 9.19758 0 4.15000 -24.25000 7.11742 0.13137 -13
0.48100 0.05823 62.73824 0 -1.75000 -13.45000 56.55603 0.11190 -13
-0.47414 0.05673 71.81456 0 -1.72500 11.32500 64.90942 0.11160 13
0.06343 -0.12921 12.97507 0 3.92500 -1.90000 12.94944 0.10176 -13
0.93091 -0.03856 74.77727 0 1.15000 -29.10000 54.75145 0.13764 13
0.18626 0.05643 56.93036 0 -1.70000 -6.12500 55.97075 0.10259 -13
-1.73236 -0.23577 12.25121 0 7.20000 54.80000 6.24976 0.20295 -13
-0.72304 -1.30940 12.25121 0 7.20000 54.85000 6.24976 0.20358 -13
0.52809 -0.23015 90.19833 0 6.95000 -15.12500 80.20093 0.11622 -13
0.36450 0.09641 89.46611 0 -2.90000 -12.32500 84.10192 0.10762 -13
-0.66974 0.02684 68.51931 0 -0.80000 21.45000 56.93722 0.12123 -13
0.18842 0.09240 41.84790 0 -2.80000 -5.95000 41.13054 0.10290 13
-0.67745 -0.22637 26.60996 0 6.80000 18.62500 22.20174 0.12373 13
-0.25049 0.00739 39.74471 0 -0.22500 7.67500 38.55356 0.10382 13
-0.93477 0.10468 92.58226 0 -3.15000 29.37500 67.80569 0.13825 -13
-0.76945 0.00249 66.41856 0 -0.07500 21.80000 52.63932 0.12706 13
1.62667 -0.13340 11.38213 0 4.10000 -50.12500 5.99912 0.19284 -13
-1.57282 -0.24543 33.62205 0 7.37500 45.05000 18.41519 0.18928 13
1.17828 -0.17700 77.79680 0 5.32500 -37.27500 50.78961 0.15664 13
-0.72519 -0.18244 26.72940 0 5.47500 22.10000 21.75946 0.12573 13
-0.36816 0.02762 61.90017 0 -0.82500 12.47500 58.09110 0.10735 -13
-0.97691 -0.11996 52.99296 0 3.62500 27.40000 38.03857 0.14131 -13
-0.09564 -0.02224 91.73753 0 0.67500 2.50000 91.32110 0.10119 -13
-0.33984 0.13064 12.59397 0 -3.90000 9.32500 11.93456 0.10715 -13
-0.34892 -0.26893 12.59397 0 8.15000 9.60000 11.93456 0.11009 -13
-0.03386 -0.07639 37.20415 0 2.32500 3.75000 37.18298 0.10106 -13
-0.06096 0.03140 6.77524 0 -0.87500 2.07500 6.76273 0.10095 -13
0.57857 -0.01323 24.48660 0 0.42500 -18.02500 21.19530 0.11635 -13
0.11032 -0.11003 75.05540 0 3.30000 -4.80000 74.60819 0.10192 13
0.73619 -0.16992 40.49923 0 5.10000 -23.95000 32.77579 0.12620 13
-0.91688 -0.20354 30.97930 0 6.15000 32.87500 23.04424 0.13818 -13
1.10322 -0.00113 10.81262 0 -0.02500 -31.70000 7.26175 0.14995 13
-2.05886 -0.01771 7.57067 0 0.67500 59.22500 3.30789 0.23056 -13
0.83939 -0.07155 69.98878 0 2.17500 -25.52500 53.66332 0.13168 -13
-1.17007 0.10691 26.57132 0 -3.25000 33.10000 17.32020 0.15539 13
-0.16192 -0.07256 86.33690 0 2.20000 6.25000 85.23249 0.10228 -13
-0.66117 -0.01145 12.70950 0 0.30000 19.77500 10.60189 0.12073 13
-0.05653 0.11735 76.82955 0 -3.55000 1.00000 76.70877 0.10156 13
0.84851 0.00167 63.45699 0 -0.05000 -27.37500 48.38625 0.13207 -13
0.94917 0.04147 26.30576 0 -1.27500 -30.50000 19.08723 0.13891 13
0.22216 0.09903 13.00428 0 -3.02500 -7.12500 12.69776 0.10365 13
-0.48961 -0.17095 76.23613 0 5.17500 14.77500 68.65849 0.11345 -13
1.25887 -0.12317 1.11202 0 3.00000 -37.12500 0.69561 0.16253 13
-0.80682 -0.05326 22.26507 0 1.62500 24.87500 17.33779 0.12951 -13
1.83008 -0.13131 57.48032 0 3.97500 -53.45000 27.74405 0.21044 -13
-0.16647 -0.08332 36.87182 0 2.52500 4.50000 36.37454 0.10244 -13
-1.74310 -0.10208 58.39733 0 3.05000 51.05000 29.17240 0.20263 13
0.58125 -0.07087 84.54670 0 2.15000 -18.70000 73.14167 0.11670 -13
-0.54114 -0.20880 63.20050 0 6.30000 16.70000 55.84879 0.11642 13
0.51992 -0.05604 60.17256 0 1.67500 -14.95000 53.40588 0.11364 13
0.31556 0.04492 94.30275 0 -1.35000 -9.77500 89.93976 0.10569 -13
0.14188 -0.10455 52.82209 0 3.17500 -4.27500 52.30401 0.10226 -13
0.37795 0.03315 9.44124 0 -0.95000 -10.85000 8.83195 0.10771 -13
-0.75373 0.12918 27.46418 0 -3.87500 23.05000 21.99781 0.12676 -13
-0.77441 -0.27054 27.46418 0 8.17500 23.67500 21.99781 0.13027 -13
-0.25731 -0.14660 54.43654 0 4.40000 7.75000 52.75390 0.10502 13
-0.18488 -0.21030 33.05398 0 6.32500 4.55000 32.52595 0.10457 13
0.14516 0.11135 12.79171 0 -3.40000 -7.40000 12.66070 0.10239 13
1.05040 0.05887 25.69578 0 -1.80000 -33.15000 17.73369 0.14618 13
-0.92409 -0.12355 1.16209 0 4.35000 27.07500 0.85668 0.13858 -13
-0.59445 -0.09671 73.62596 0 2.92500 21.12500 63.36563 0.11756 -13
0.06701 -0.16574 34.98505 0 5.00000 -1.02500 34.90885 0.10231 -13
0.40267 -0.05269 34.86586 0 1.60000 -14.35000 32.34859 0.10869 -13
1.22523 -0.13840 37.66695 0 4.15000 -35.82500 23.95171 0.15986 13
-1.26425 -0.06167 5.81515 0 2.00000 37.50000 3.61105 0.16255 -13
-0.52456 0.13999 64.82479 0 -4.22500 19.25000 57.52559 0.11458 -13
-0.53666 -0.25919 64.82479 0 7.82500 19.62500 57.52559 0.11724 -13
-1.36585 -0.22970 39.86862 0 6.95000 42.35000 23.94624 0.17205 -13
0.45620 0.05769 53.39237 0 -1.72500 -13.02500 48.59028 0.11083 -13
-0.69094 -0.09744 90.15883 0 2.92500 20.57500 74.28852 0.12279 13
-0.18564 -0.18859 15.96592 0 5.72500 4.15000 15.70672 0.10419 -13
0.01159 -0.05364 98.50807 0 1.62500 -0.40000 98.50148 0.10086 -13
1.42094 0.04258 35.97626 0 -1.30000 -42.95000 20.71802 0.17503 13
-0.04017 -0.08595 99.61267 0 2.60000 3.45000 99.53298 0.10116 -13
-0.92565 0.05618 67.32470 0 -1.70000 27.10000 49.44322 0.13734 13
0.57843 -0.10342 14.96092 0 3.07500 -15.67500 12.96752 0.11679 13
0.91503 -0.20797 64.65584 0 6.27500 -26.32500 48.15761 0.13810 -13
-1.18790 -0.24884 24.33122 0 7.47500 39.57500 15.94360 0.15833 13
-0.05990 -0.14127 74.25804 0 4.27500 1.75000 74.12777 0.10189 -13
0.32274 0.04372 88.32935 0 -1.32500 -11.15000 84.06749 0.10591 13
-1.53475 -0.18094 25.13861 0 5.42500 48.52500 13.87810 0.18534 13
-2.11094 0.06309 22.67738 0 -1.85000 61.27500 9.72531 0.23527 -13
1.30914 -0.04240 75.14123 0 1.30000 -38.57500 45.63797 0.16596 -13
0.71144 0.05841 70.67001 0 -1.77500 -22.75000 57.61706 0.12373 13
-1.63493 -0.15435 93.61275 0 4.65000 45.07500 49.26438 0.19362 13
0.21041 0.01758 5.84566 0 -0.45000 -7.40000 5.72147 0.10292 -13
0.63713 -0.16965 28.38312 0 5.10000 -20.82500 24.03475 0.12061 13
-0.74123 -0.10068 59.43781 0 3.05000 19.82500 47.83564 0.12577 -13
-1.69682 -0.05981 39.49201 0 1.77500 51.95000 20.07732 0.19843 13
-0.00067 0.03351 74.63861 0 -1.00000 0.15000 74.63860 0.10076 -13
-0.16623 -0.20389 56.95654 0 6.15000 6.75000 56.21558 0.10413 -13
1.57415 -0.24252 15.16596 0 7.25000 -47.07500 8.29797 0.18930 13
-2.03014 0.12589 63.71008 0 -3.82500 61.12500 28.33047 0.22827 13
-2.08853 -0.27409 63.71008 0 8.25000 62.85000 28.33047 0.23478 13
0.15973 0.04478 74.59537 0 -1.35000 -5.97500 73.66326 0.10208 13
-0.63077 -0.04610 86.24272 0 1.40000 20.02500 72.96582 0.11915 -13
-1.06966 -0.23770 67.70122 0 7.17500 30.42500 46.90916 0.14940 -13
-0.45311 -0.17433 3.21437 0 5.10000 11.62500 2.93582 0.11188 13
-1.04139 0.13592 71.45192 0 -4.10000 31.32500 49.72532 0.14603 -13
-1.06708 -0.26343 71.45192 0 7.95000 32.12500 49.72532 0.14965 -13
-0.30689 -0.16208 29.33000 0 4.87500 11.22500 28.07034 0.10659 13
-1.17272 0.14537 76.27501 0 -4.40000 34.70000 49.79103 0.15590 13
-1.19725 -0.25360 76.27501 0 7.65000 35.42500 49.79103 0.15914 13
1.41611 0.01958 7.65632 0 -0.47500 -43.22500 4.41712 0.17459 -13
0.10070 -0.08744 6.59143 0 2.57500 0.50000 6.55854 0.10159 13
2.03470 0.07586 88.83876 0 -2.27500 -62.27500 39.27581 0.22843 -13
-0.89223 -0.16236 11.09735 0 4.95000 27.12500 8.32822 0.13599 -13
-0.75378 0.06730 42.77302 0 -2.02500 22.35000 34.18423 0.12629 -13
-0.94007 0.12981 94.66223 0 -3.92500 28.32500 69.24167 0.13883 13
-0.96561 -0.26991 94.66223 0 8.12500 29.10000 69.24167 0.14259 13
1.83187 -0.18710 92.42946 0 5.65000 -52.17500 44.87557 0.21102 -13
0.59614 0.00365 24.95031 0 -0.12500 -21.60000 21.43112 0.11724 13
-1.80785 -0.23375 67.28857 0 7.02500 55.62500 33.23441 0.20935 13
0.39309 -0.07784 20.15604 0 2.32500 -11.72500 18.76655 0.10848 13
-0.20309 0.02420 42.52598 0 -0.75000 8.57500 41.67574 0.10279 13
-0.29072 -0.04774 1.45153 0 1.80000 8.27500 1.39388 0.10533 -13
0.19367 -0.00615 20.48625 0 0.15000 -6.07500 20.11265 0.10258 13
