0.01475 0.03112 86.36099 0 -0.95000 -2.67500 86.35160 0.10076 13
-1.15550 -0.14757 7.10167 0 4.35000 35.27500 4.67581 0.15455 13
0.05967 0.12042 84.06394 0 -3.65000 -1.27500 83.91678 0.10161 13
0.06152 -0.27984 84.06394 0 8.42500 -1.35000 83.91678 0.10475 13
-1.92159 -0.03650 67.53787 0 1.07500 59.10000 31.19338 0.21817 13
-0.18074 0.10876 19.13632 0 -3.25000 7.07500 18.83464 0.10291 -13
0.22231 -0.07454 84.75473 0 2.25000 -7.35000 82.74584 0.10343 -13
-0.43300 0.08809 18.29254 0 -2.62500 13.00000 16.79667 0.11009 -13
0.37895 -0.01747 16.21406 0 0.50000 -13.00000 15.16210 0.10754 13
0.37895 -0.01746 16.21406 0 0.50000 -13.00000 15.16210 0.10770 13
-0.56829 -0.15821 65.71362 0 4.77500 17.60000 57.30297 0.11692 13
-0.52652 -0.05537 47.18257 0 1.65000 16.67500 41.76322 0.11395 13
0.33319 -0.14527 59.13360 0 4.37500 -8.77500 56.16003 0.10714 13
0.79101 -0.19522 79.28678 0 5.90000 -25.92500 62.62891 0.12990 -13
1.20817 -0.18005 94.71341 0 5.45000 -33.55000 60.96194 0.15898 -13
0.59916 -0.03886 4.66575 0 1.30000 -17.30000 4.00296 0.11752 -13
-1.26787 -0.06376 66.38204 0 1.92500 38.37500 41.16047 0.16275 -13
0.76148 0.00463 96.30882 0 -0.15000 -22.87500 76.62291 0.12658 13
0.93205 -0.09397 3.28260 0 2.62500 -27.62500 2.40646 0.13796 13
0.18912 -0.21690 5.55008 0 6.65000 -1.45000 5.45771 0.10488 -13
0.98399 -0.13394 68.44878 0 4.02500 -30.45000 49.00182 0.14192 13
0.16146 -0.12328 15.57244 0 3.75000 -6.65000 15.37631 0.10277 -13
-0.21769 0.13894 94.93312 0 -4.17500 4.42500 92.80047 0.10401 -13
-0.22280 -0.26029 94.93312 0 7.85000 4.57500 92.80047 0.10645 -13
-0.74195 -0.24434 13.43549 0 7.32500 25.25000 10.89944 0.12774 13
-1.55149 -0.13692 87.34124 0 4.12500 45.22500 47.62883 0.18638 13
0.06164 -0.00095 22.91205 0 -0.00000 -3.85000 22.86866 0.10089 13
0.77188 -0.00530 88.89187 0 0.15000 -24.95000 70.36792 0.12721 13
0.09824 0.05301 17.15786 0 -1.62500 -3.57500 17.07586 0.10134 13
1.02559 0.12253 46.28166 0 -3.70000 -32.30000 32.43295 0.14478 13
1.05649 -0.27761 46.28166 0 8.35000 -33.22500 32.43295 0.14912 13
-0.86768 -0.15468 44.73943 0 4.67500 25.37500 33.96286 0.13425 -13
-0.68988 -0.18746 7.38352 0 5.75000 19.15000 6.11140 0.12386 -13
0.84286 0.10527 97.84769 0 -3.17500 -28.15000 74.98778 0.13212 -13
0.47441 -0.14499 61.42907 0 4.37500 -15.80000 55.60555 0.11241 13
0.02358 -0.22431 29.40037 0 6.77500 0.97500 29.39260 0.10325 -13
0.63438 -0.06482 37.66311 0 1.95000 -17.07500 31.82288 0.11944 13
-1.65689 -0.23251 53.74785 0 7.00000 51.60000 28.30973 0.19626 13
0.23253 -0.12226 64.84855 0 3.67500 -4.32500 63.18718 0.10412 13
0.93354 0.06615 44.77577 0 -2.00000 -25.87500 32.76329 0.13793 13
-1.90459 -0.13418 34.46609 0 4.07500 57.82500 16.13260 0.21710 -13
-0.30286 0.02204 2.71700 0 -0.47500 9.27500 2.60037 0.10531 -13
-0.46520 -0.09241 13.00781 0 2.82500 13.40000 11.80301 0.11147 -13
-0.56091 -0.24146 71.86012 0 7.30000 14.77500 63.09148 0.11800 -13
0.55854 -0.16492 90.22286 0 4.97500 -20.05000 79.01774 0.11654 13
-1.97808 -0.05139 56.25317 0 1.57500 58.55000 25.40631 0.22328 -13
0.15260 0.01655 50.86827 0 -0.50000 -5.55000 50.28629 0.10188 13
1.08719 0.10761 39.50448 0 -3.27500 -33.10000 26.82709 0.14916 13
1.34113 0.14586 84.78281 0 -4.40000 -41.10000 51.02322 0.16912 13
1.36891 -0.25309 84.78281 0 7.62500 -41.95000 51.02322 0.17260 13
-0.06931 0.07307 46.76162 0 -2.20000 1.57500 46.65027 0.10121 -13
-0.47826 0.06548 83.49946 0 -1.97500 13.95000 75.35777 0.11182 -13
0.48464 -0.08585 9.47699 0 2.65000 -16.02500 8.53445 0.11226 -13
-1.08601 -0.02099 68.39437 0 0.65000 31.82500 46.33457 0.14868 -13
-0.04180 0.11113 84.05229 0 -3.35000 1.97500 83.97983 0.10141 -13
0.87891 -0.05911 94.01430 0 1.77500 -27.07500 70.66936 0.13420 13
0.47996 -0.18664 21.06429 0 5.65000 -14.80000 19.05050 0.11329 -13
-0.19738 0.08614 44.59077 0 -2.57500 5.17500 43.75282 0.10301 -13
-0.57422 -0.21249 73.71201 0 6.40000 16.10000 64.26827 0.11807 13
-0.57216 -0.05635 48.45321 0 1.70000 17.32500 42.07226 0.11616 -13
-1.58800 -0.05972 3.16194 0 2.10000 46.32500 1.68755 0.18924 -13
1.51881 0.00982 82.10101 0 -0.30000 -45.32500 45.15041 0.18313 13
-0.30780 0.18294 82.10101 0 -0.32500 -45.27500 45.15041 0.18294 13
0.65723 -0.36579 82.10101 0 1.02500 -44.02500 45.15041 0.19362 13
-1.43205 0.31290 82.10101 0 0.87500 -43.82500 45.15041 0.19479 13
0.57098 -0.19626 82.10101 0 1.57500 -42.57500 45.15041 0.20216 13
0.72486 -0.16721 87.76445 0 5.05000 -22.75000 71.39537 0.12551 -13
-0.95162 -0.00713 3.14839 0 -0.00000 31.15000 2.28050 0.13910 13
1.91898 -0.17505 95.29933 0 5.30000 -56.82500 44.56447 0.21864 -13
0.37258 -0.08739 27.20598 0 2.65000 -11.95000 25.50574 0.10784 -13
0.11784 -0.08072 76.72670 0 2.42500 -3.57500 76.20287 0.10172 13
0.03944 0.05036 89.22931 0 -1.52500 0.50000 89.16020 0.10091 13
0.42132 -0.19407 4.80919 0 5.72500 -12.75000 4.44412 0.11095 13
0.39316 0.07978 11.66011 0 -2.35000 -10.87500 10.85603 0.10850 -13
-0.71729 -0.18193 60.83127 0 5.47500 21.32500 49.70075 0.12527 13
0.09410 0.09713 25.72772 0 -2.90000 -0.82500 25.61562 0.10161 -13
0.66839 -0.11135 69.20779 0 3.37500 -19.37500 57.64706 0.12165 -13
-0.27897 0.00204 73.24874 0 -0.07500 10.15000 70.55485 0.10455 13
-1.24082 -0.20314 98.54521 0 6.12500 37.77500 62.59422 0.16179 -13
1.15881 0.05252 23.54493 0 -1.62500 -37.07500 15.39425 0.15425 13
-0.52214 -0.05509 96.69970 0 1.65000 14.10000 85.74594 0.11374 13
0.64911 -0.05109 31.00896 0 1.55000 -21.30000 26.01977 0.12018 -13
-0.50242 -0.02457 65.70606 0 0.72500 13.40000 58.71591 0.11273 13
-1.60799 -0.20937 31.96244 0 6.35000 48.65000 17.14043 0.19189 -13
-0.18679 0.12882 40.06411 0 -3.90000 6.87500 39.39377 0.10327 13
-0.19197 -0.27096 40.06411 0 8.17500 7.02500 39.39377 0.10610 13
-1.25605 0.06394 57.71013 0 -1.92500 37.17500 35.98988 0.16180 -13
0.29587 -0.23714 67.45810 0 7.15000 -8.60000 64.82536 0.10770 13
0.68993 -0.19999 57.93685 0 6.02500 -21.45000 47.98670 0.12398 13
1.38421 0.00489 14.12692 0 -0.10000 -40.62500 8.27300 0.17196 -13
1.34854 -0.24079 31.15801 0 7.22500 -38.77500 18.89598 0.17076 13
-0.70617 -0.14317 45.53043 0 4.30000 21.02500 37.31626 0.12412 13
-0.35161 -0.07333 7.01811 0 2.12500 11.00000 6.62286 0.10699 13
0.41316 -0.11129 47.53184 0 3.35000 -12.15000 43.96954 0.10953 13
-0.23731 0.07873 20.07280 0 -2.40000 7.65000 19.53357 0.10381 13
0.06791 -0.13135 43.02032 0 3.95000 -0.50000 42.92316 0.10179 13
-0.50675 0.03071 10.12145 0 -0.97500 16.75000 9.02919 0.11295 13
0.93271 0.04060 85.46237 0 -1.22500 -28.67500 62.52111 0.13777 -13
-1.01951 -0.23059 92.50873 0 6.97500 29.37500 65.62885 0.14568 -13
0.14010 -0.21936 1.67747 0 6.30000 -3.65000 1.66193 0.10405 13
1.70999 -0.18889 49.43855 0 5.67500 -53.42500 25.28364 0.20037 13
-1.42939 -0.14131 35.29294 0 4.27500 46.52500 20.36502 0.17627 -13
0.58644 0.04891 65.81721 0 -1.47500 -18.12500 56.79193 0.11684 -13
0.28933 -0.09289 89.20917 0 2.80000 -7.87500 85.72273 0.10525 -13
-1.91594 -0.18043 70.95979 0 5.42500 58.92500 33.24612 0.21840 13
0.72428 0.02708 81.86121 0 -0.82500 -20.30000 66.30660 0.12437 13
0.05720 0.07500 51.51474 0 -2.27500 -1.85000 51.43114 0.10115 13
0.76528 0.06590 57.00452 0 -1.97500 -24.55000 45.30530 0.12698 -13
-1.62132 0.07546 6.14606 0 -2.42500 49.87500 3.23309 0.19208 13
-0.33275 -0.15185 88.76609 0 4.57500 8.05000 84.32037 0.10723 -13
-0.64387 -0.18926 36.76436 0 5.72500 20.37500 31.06892 0.12129 -13
-0.19619 -0.13110 92.87677 0 3.95000 8.05000 91.16779 0.10347 13
0.49923 0.05140 9.09808 0 -1.60000 -13.17500 8.14216 0.11269 13
-0.39751 -0.12258 67.60263 0 3.70000 11.90000 62.88505 0.10907 -13
1.45010 -0.24822 82.07616 0 7.50000 -42.77500 47.53896 0.17916 -13
-0.04349 -0.09544 22.31169 0 2.90000 2.57500 22.29082 0.10126 -13
-0.13588 -0.08182 13.66314 0 2.50000 3.22500 13.53954 0.10198 -13
-0.90267 0.03538 70.31006 0 -1.07500 24.72500 52.20641 0.13571 13
0.18319 0.13995 1.77207 0 -3.92500 -3.75000 1.74350 0.10340 -13
0.18700 -0.25854 1.77207 0 8.12500 -3.90000 1.74350 0.10618 -13
-1.75348 -0.13901 95.91596 0 4.20000 51.22500 47.86046 0.20377 -13
-0.86263 -0.16119 6.54620 0 4.75000 26.30000 4.98405 0.13392 13
-1.99187 -0.19582 22.11332 0 5.95000 57.30000 10.07114 0.22538 -13
1.41919 -0.15757 25.68891 0 4.72500 -43.35000 14.91824 0.17552 13
0.73519 -0.14962 98.39136 0 4.50000 -21.82500 79.57964 0.12589 13
-0.80277 -0.09654 68.01047 0 2.90000 22.97500 53.13186 0.12950 13
0.62103 0.08352 67.52627 0 -2.52500 -19.82500 57.41969 0.11884 13
1.10084 0.00385 77.05430 0 -0.10000 -31.92500 51.81111 0.14977 -13
-0.57146 -0.14238 55.79881 0 4.27500 16.17500 48.56507 0.11686 13
-0.06341 -0.01802 80.80922 0 0.55000 2.20000 80.64730 0.10093 13
0.34836 -0.23392 8.36464 0 7.00000 -12.42500 7.92127 0.10917 13
-0.42978 0.11113 69.85570 0 -3.35000 11.87500 64.24068 0.11018 -13
-0.18830 0.13017 18.36631 0 -3.95000 5.90000 18.05426 0.10332 13
-0.19338 -0.26956 18.36631 0 8.10000 6.05000 18.05426 0.10608 13
-0.76139 0.04110 69.09255 0 -1.25000 23.30000 54.98900 0.12664 13
-1.15052 0.02758 36.34684 0 -0.80000 34.90000 23.84924 0.15353 -13
1.69343 -0.15917 85.90519 0 4.80000 -52.02500 44.08730 0.19868 13
-0.64315 0.12302 11.72076 0 -3.65000 17.45000 9.87945 0.12036 -13
-0.66232 -0.27690 11.72076 0 8.40000 18.05000 9.87945 0.12404 -13
0.65511 -0.10171 28.20255 0 3.05000 -19.05000 23.62714 0.12082 13
0.01024 -0.11374 92.51938 0 3.42500 1.65000 92.51459 0.10136 13
1.59723 -0.08369 3.58208 0 2.27500 -47.65000 1.90568 0.18991 13
-2.13176 -0.12731 46.20042 0 3.87500 62.70000 19.75095 0.23748 -13
-1.21826 -0.03338 18.56873 0 0.97500 36.82500 11.78503 0.15875 13
2.18935 -0.17126 70.10385 0 5.17500 -64.05000 29.47557 0.24300 -13
-0.79271 0.10392 9.52482 0 -3.07500 25.42500 7.47973 0.12891 -13
1.25274 -0.17524 46.08512 0 5.30000 -40.00000 29.01528 0.16241 -13
1.56231 -0.23319 51.86798 0 7.02500 -45.02500 28.48715 0.18825 13
0.51266 0.12771 97.54683 0 -3.85000 -16.45000 86.94997 0.11389 -13
0.52703 -0.27210 97.54683 0 8.22500 -16.87500 86.94997 0.11709 -13
0.00959 0.08203 99.25638 0 -2.47500 2.27500 99.25185 0.10105 13
-1.41301 -0.11517 2.54641 0 3.15000 44.50000 1.47718 0.17469 13
-1.36343 0.11344 72.00350 0 -3.42500 37.57500 42.76137 0.17067 13
0.18690 -0.11511 3.04524 0 3.62500 -8.07500 2.99403 0.10323 -13
-1.78726 -0.15863 1.29758 0 5.60000 53.45000 0.63974 0.20845 -13
-0.66522 -0.08622 20.93018 0 2.57500 20.00000 17.44739 0.12124 13
0.19701 -0.14532 57.33816 0 4.37500 -6.22500 56.27851 0.10367 13
0.40546 -0.06822 4.09963 0 1.92500 -11.90000 3.80035 0.10889 13
-1.84219 -0.23478 47.34293 0 7.10000 53.32500 23.05610 0.21243 -13
0.45533 0.08681 84.42731 0 -2.60000 -16.65000 76.88650 0.11100 -13
-1.04282 -0.15537 28.25381 0 4.70000 32.42500 19.67642 0.14636 -13
0.00560 0.03314 68.08603 0 -1.00000 1.22500 68.08496 0.10076 -13
0.96280 -0.05053 71.27209 0 1.52500 -28.47500 51.37397 0.13988 13
-0.61582 0.12707 52.33169 0 -3.85000 19.42500 44.65778 0.11896 13
-0.63323 -0.27281 52.33169 0 8.22500 19.95000 44.65778 0.12231 13
0.26160 -0.01242 98.90308 0 0.37500 -7.42500 95.68375 0.10410 -13
-0.11712 -0.01089 67.77345 0 0.32500 3.00000 67.31343 0.10139 -13
-1.10630 -0.20592 3.45210 0 6.00000 33.27500 2.34081 0.15149 13
-0.43809 0.01360 76.20083 0 -0.40000 15.75000 69.79777 0.10995 -13
1.20195 0.06336 6.02873 0 -1.77500 -36.75000 3.86020 0.15757 -13
-1.29603 0.09248 47.32320 0 -2.80000 39.22500 28.98645 0.16512 13
1.36113 -0.07921 15.37555 0 2.32500 -41.87500 9.12209 0.17025 13
0.77825 -0.15509 2.99792 0 4.47500 -24.27500 2.37638 0.12851 13
-0.21221 0.04351 96.44571 0 -1.32500 3.95000 94.34856 0.10304 13
0.90012 -0.05406 53.50081 0 1.62500 -24.65000 39.79054 0.13559 13
-0.26764 -0.09863 92.67141 0 2.97500 9.15000 89.54933 0.10472 13
-1.40396 0.12834 50.22634 0 -3.90000 43.07500 29.29611 0.17407 13
-1.44296 -0.27149 50.22634 0 8.17500 44.25000 29.29611 0.17887 13
-0.84583 -0.21236 20.81595 0 6.37500 27.45000 16.03770 0.13360 13
0.41808 -0.22991 71.42310 0 6.95000 -12.85000 66.14308 0.11158 -13
1.99674 -0.02805 80.51906 0 0.85000 -61.25000 36.06790 0.22490 -13
1.51632 -0.01478 26.70558 0 0.40000 -43.85000 14.70380 0.18292 13
-0.66376 -0.13429 30.34148 0 4.07500 19.20000 25.34826 0.12163 -13
1.77567 -0.02785 23.07848 0 0.80000 -54.72500 11.32791 0.20524 13
1.03990 0.13307 60.47640 0 -4.00000 -31.80000 42.10972 0.14589 -13
1.06680 -0.26643 60.47640 0 8.05000 -32.60000 42.10972 0.14968 -13
0.41715 -0.13537 59.33530 0 4.07500 -12.77500 54.83494 0.10996 13
0.38586 -0.22729 89.53049 0 6.85000 -13.22500 83.79499 0.11035 -13
-1.20599 -0.02303 74.08096 0 0.67500 35.97500 47.29337 0.15778 13
-1.61553 0.14206 16.55567 0 -4.35000 49.57500 8.77581 0.19194 13
-1.65152 -0.25710 16.55567 0 7.70000 50.62500 8.77581 0.19607 13
-0.46315 0.09162 57.54351 0 -2.75000 12.70000 52.25357 0.11136 -13
0.87633 0.11809 81.30136 0 -3.57500 -26.10000 61.32871 0.13443 13
0.53711 -0.23760 50.88227 0 7.17500 -14.15000 45.09611 0.11680 -13
-0.21020 -0.08517 49.84097 0 2.57500 5.85000 48.78248 0.10327 -13
-1.41096 0.08094 48.18433 0 -2.42500 43.52500 27.92339 0.17433 -13
-0.18068 -0.17901 70.15911 0 5.40000 5.25000 69.07515 0.10391 -13
-0.56151 -0.10450 89.62029 0 3.15000 19.17500 78.24537 0.11597 -13
0.46866 -0.24872 37.78417 0 7.47500 -12.10000 34.39397 0.11399 13
-2.18738 0.08620 10.73067 0 -2.70000 64.22500 4.47509 0.24246 13
0.99330 -0.13856 51.97934 0 4.17500 -30.25000 37.05232 0.14261 13
-0.13405 -0.16116 63.16254 0 4.87500 2.42500 62.61655 0.10290 -13
-0.50739 -0.20872 5.98302 0 6.20000 14.37500 5.35829 0.11481 13
0.73059 -0.10952 30.08875 0 3.32500 -22.95000 24.34614 0.12521 -13
-0.42130 -0.17998 32.96234 0 5.40000 12.65000 30.44869 0.11076 13
1.58056 0.04553 76.77947 0 -1.35000 -47.25000 41.08134 0.18840 -13
0.21021 -0.13485 65.86530 0 4.05000 -3.82500 64.48104 0.10379 13
-0.11381 -0.24217 40.42727 0 7.30000 3.97500 40.18223 0.10423 13
-1.98903 0.03361 17.34070 0 -1.07500 61.47500 7.79252 0.22424 13
-0.53687 -0.16447 86.44270 0 4.97500 16.27500 76.38636 0.11550 -13
-0.02536 -0.02379 42.36346 0 0.72500 -1.67500 42.34985 0.10076 -13
-0.51182 0.13344 82.67921 0 -4.02500 16.55000 73.73274 0.11392 -13
-0.52499 -0.26608 82.67921 0 8.02500 16.95000 73.73274 0.11686 -13
0.62883 0.07333 19.54246 0 -2.25000 -18.67500 16.55596 0.11920 13
0.58114 -0.23279 23.89342 0 7.00000 -18.27500 20.79347 0.11879 13
1.05231 -0.23258 93.68407 0 7.02500 -29.17500 65.42289 0.14806 -13
0.82085 0.07565 53.47842 0 -2.30000 -24.82500 41.38366 0.13051 13
-1.93543 -0.00027 43.05179 0 0.02500 55.00000 19.76208 0.21938 -13
-0.38505 -0.15847 74.44794 0 4.77500 12.80000 69.58576 0.10908 -13
0.05703 0.14353 90.70158 0 -4.32500 -3.85000 90.55747 0.10190 13
0.05825 -0.25550 90.70158 0 7.70000 -3.87500 90.55747 0.10410 13
-1.08176 -0.17788 6.66400 0 5.47500 30.42500 4.56169 0.14954 -13
-0.66175 0.10519 10.30000 0 -3.22500 19.15000 8.60376 0.12125 13
0.19174 -0.24286 80.39402 0 7.32500 -3.52500 79.03387 0.10541 13
1.96877 -0.00209 64.45221 0 0.05000 -60.60000 29.18790 0.22237 13
-0.33338 0.03392 89.11156 0 -1.02500 10.60000 84.54236 0.10621 -13
0.45457 0.14559 60.31552 0 -4.37500 -11.42500 55.00670 0.11158 -13
0.46403 -0.25332 60.31552 0 7.65000 -11.70000 55.00670 0.11391 -13
-0.46050 0.05905 25.61099 0 -1.80000 13.02500 23.27022 0.11103 13
-0.96085 -0.22747 96.75429 0 6.85000 29.75000 70.60678 0.14152 13
1.83015 -0.10712 30.03978 0 3.20000 -57.27500 14.46733 0.21026 13
-1.05075 0.01753 90.11046 0 -0.52500 31.60000 62.12659 0.14608 -13
-1.04006 -0.20113 24.34962 0 6.10000 30.87500 17.05011 0.14672 -13
0.36072 0.07531 4.27606 0 -2.15000 -10.95000 4.02368 0.10733 -13
0.79658 0.13148 45.50678 0 -3.95000 -21.12500 35.71209 0.12942 -13
0.81768 -0.26810 45.50678 0 8.10000 -21.75000 35.71209 0.13287 -13
-0.57966 -0.02665 11.66314 0 0.85000 18.85000 10.09145 0.11644 -13
-0.73812 0.12799 44.18666 0 -3.87500 22.57500 35.65251 0.12584 13
-0.75869 -0.27183 44.18666 0 8.17500 23.20000 35.65251 0.12932 13
-1.01291 -0.12068 83.59339 0 3.65000 31.87500 58.94341 0.14386 -13
1.80088 0.02626 27.89432 0 -0.82500 -55.15000 13.54480 0.20747 13
-0.34358 0.11801 93.70869 0 -3.57500 11.77500 88.68807 0.10714 13
-0.25941 -0.11245 3.16223 0 3.55000 7.77500 3.06220 0.10477 -13
-1.14519 0.05857 4.42395 0 -1.95000 35.65000 2.91304 0.15329 13
-0.66650 -0.06984 63.19236 0 2.10000 20.15000 52.62209 0.12122 13
-0.38156 -0.08599 92.87411 0 2.60000 11.35000 86.81301 0.10813 13
-0.08343 -0.11227 28.01083 0 3.37500 0.97500 27.91502 0.10168 13
0.48979 0.09550 82.16853 0 -2.87500 -13.07500 73.85725 0.11254 -13
-1.49279 -0.16237 6.61116 0 5.02500 46.00000 3.71274 0.18182 -13
1.38609 -0.16013 57.56398 0 4.82500 -40.52500 33.95992 0.17286 13
0.47258 0.12426 41.33148 0 -3.72500 -14.92500 37.42077 0.11207 -13
0.48647 -0.27574 41.33148 0 8.32500 -15.35000 37.42077 0.11539 -13
-0.16305 -0.06109 81.80358 0 1.85000 3.82500 80.74125 0.10222 13
0.18203 -0.12366 1.30438 0 4.12500 -4.67500 1.28363 0.10363 -13
-1.76834 0.14476 32.58169 0 -4.32500 52.65000 16.16478 0.20507 -13
-1.80571 -0.25417 32.58169 0 7.70000 53.80000 16.16478 0.20948 -13
-1.83154 -0.22471 60.96615 0 6.75000 55.05000 29.77219 0.21134 13
-0.47209 0.10745 59.84687 0 -3.22500 14.47500 54.17552 0.11188 -13
0.41106 -0.15174 88.12581 0 4.57500 -11.95000 81.64110 0.10995 -13
-1.05884 -0.18022 8.11613 0 5.52500 30.37500 5.62018 0.14787 -13
0.77566 -0.01148 50.81097 0 0.35000 -26.05000 40.14996 0.12745 -13
0.56801 -0.00059 58.39261 0 -0.00000 -14.87500 50.77391 0.11581 13
-1.60598 0.06883 56.11809 0 -2.10000 45.62500 29.71344 0.19065 13
1.01395 0.08359 96.78601 0 -2.52500 -30.65000 68.08247 0.14365 -13
-0.69894 -0.04375 92.71567 0 1.32500 17.22500 76.01754 0.12294 13
-0.29228 -0.15611 31.35018 0 4.72500 9.37500 30.11954 0.10610 -13
0.85481 -0.24340 34.40602 0 7.37500 -26.37500 26.46769 0.13474 -13
-1.54955 -0.13440 27.46543 0 4.10000 46.25000 14.98775 0.18623 -13
0.14392 0.01609 13.80882 0 -0.52500 -4.65000 13.66797 0.10176 13
-1.13229 -0.07643 65.22585 0 2.32500 35.25000 43.24722 0.15233 -13
-1.15032 0.09709 28.50273 0 -2.90000 34.85000 18.74934 0.15379 -13
-0.04802 0.13682 69.93669 0 -4.12500 -1.62500 69.85766 0.10176 13
-0.04919 -0.26253 69.93669 0 7.90000 -1.60000 69.85766 0.10423 13
-0.06842 -0.14546 86.24090 0 4.40000 1.35000 86.04384 0.10200 -13
-0.52345 0.09238 81.22899 0 -2.80000 15.87500 72.03173 0.11405 13
-1.59155 -0.21764 84.99739 0 6.55000 50.45000 45.97198 0.19053 13
1.77539 -0.00521 66.12757 0 0.17500 -54.42500 32.45300 0.20520 -13
0.56460 0.14274 72.77843 0 -4.30000 -17.72500 63.52834 0.11653 -13
0.57701 -0.25630 72.77843 0 7.75000 -18.10000 63.52834 0.11910 -13
-1.77484 -0.20864 28.28046 0 6.32500 51.70000 14.10737 0.20627 -13
-0.54632 -0.22172 73.13248 0 6.67500 17.20000 64.52790 0.11690 13
-0.35214 -0.03630 36.04549 0 1.07500 11.90000 34.00168 0.10682 13
-0.25181 -0.17586 96.26452 0 5.30000 5.42500 93.43401 0.10534 13
1.27881 -0.14578 67.39672 0 4.40000 -38.52500 41.78709 0.16414 -13
-0.57511 -0.14098 59.54211 0 4.25000 20.52500 51.74037 0.11703 13
1.35788 0.06175 72.46070 0 -1.87500 -39.77500 43.02126 0.16994 13
0.29877 -0.04796 70.33697 0 1.45000 -9.35000 67.39967 0.10521 13
0.11037 -0.10817 90.93859 0 3.27500 -3.27500 90.39597 0.10190 -13
-0.23180 0.14602 89.76260 0 -4.40000 8.85000 87.49079 0.10441 -13
-0.23659 -0.25289 89.76260 0 7.62500 9.00000 87.49079 0.10657 -13
1.07195 -0.13436 69.86996 0 4.05000 -32.50000 47.88897 0.14824 13
-0.28223 -0.00178 49.08210 0 0.05000 7.77500 47.23684 0.10464 13
0.28983 0.00072 51.09363 0 -0.00000 -11.57500 49.07417 0.10485 -13
0.01296 0.04401 27.41184 0 -1.30000 1.72500 27.40954 0.10081 -13
2.12224 -0.02089 45.09800 0 0.60000 -62.45000 19.22655 0.23626 13
0.02494 0.11317 34.94047 0 -3.42500 -2.15000 34.92973 0.10138 13
-0.78924 0.14013 87.65697 0 -4.22500 24.05000 69.06355 0.12907 13
-0.80741 -0.25906 87.65697 0 7.80000 24.60000 69.06355 0.13202 13
0.27492 1.80003 87.65697 0 7.22500 25.95000 69.06355 0.13914 13
0.99163 -0.49082 87.65697 0 7.42500 26.65000 69.06355 0.14821 13
1.15377 0.01313 25.76383 0 -0.42500 -34.37500 16.87514 0.15376 13
-2.13708 -0.08333 6.45664 0 2.70000 64.30000 2.74324 0.23799 -13
-0.05772 -0.01601 29.96299 0 0.50000 0.70000 29.91322 0.10089 -13
-0.03921 -0.06105 54.52696 0 1.85000 0.65000 54.48522 0.10097 -13
0.23560 -0.12333 24.59524 0 3.75000 -6.60000 23.94923 0.10421 -13
1.10475 0.03817 54.03957 0 -1.15000 -32.67500 36.27960 0.15011 -13
-0.17236 -0.13170 26.96174 0 3.95000 5.72500 26.57651 0.10304 13
-0.44818 -0.17409 38.98538 0 5.25000 12.05000 35.66371 0.11173 13
-1.08731 -0.20542 57.20493 0 6.20000 34.20000 39.15591 0.15020 -13
-1.73817 0.01527 97.06508 0 -0.47500 53.12500 48.40831 0.20194 13
-0.23687 0.13045 44.74463 0 -3.92500 7.35000 43.55932 0.10431 -13
-0.24323 -0.26919 44.74463 0 8.12500 7.55000 43.55932 0.10713 -13
-0.05607 -0.03257 96.35746 0 0.97500 -0.12500 96.20650 0.10091 13
-0.43664 -0.01101 58.41741 0 0.32500 13.77500 53.53695 0.10989 13
-0.72283 -0.11113 72.28548 0 3.35000 22.97500 58.70657 0.12476 13
0.15598 0.13958 7.80707 0 -4.15000 -3.35000 7.71564 0.10287 -13
0.15955 -0.25955 7.80707 0 7.90000 -3.45000 7.71564 0.10534 -13
-1.11357 -0.23421 74.22330 0 7.05000 34.07500 50.32114 0.15255 13
0.33295 0.05579 23.46240 0 -1.70000 -7.72500 22.26431 0.10630 13
0.34874 -0.23464 21.69872 0 7.05000 -10.52500 20.54683 0.10922 13
-1.38358 0.14121 40.87933 0 -4.25000 42.55000 24.10088 0.17249 -13
-1.41484 -0.25788 40.87933 0 7.80000 43.50000 24.10088 0.17643 -13
-0.76026 -0.02091 73.50208 0 0.65000 24.20000 58.51727 0.12652 -13
0.86001 0.12864 71.90657 0 -3.90000 -25.00000 54.70773 0.13346 13
0.88377 -0.27114 71.90657 0 8.17500 -25.70000 54.70773 0.13713 13
-0.23158 -0.08210 94.67487 0 2.47500 5.50000 92.24957 0.10370 -13
-0.19155 -0.18707 90.40381 0 5.62500 5.82500 88.84282 0.10424 13
1.08312 -0.08107 81.50827 0 2.42500 -33.30000 55.38875 0.14867 13
-0.91936 -0.16197 51.42989 0 4.90000 26.60000 38.08474 0.13777 -13
0.02323 0.06526 84.58014 0 -1.97500 -0.10000 84.55745 0.10094 13
0.15439 0.05559 94.99503 0 -1.67500 -4.50000 93.88599 0.10205 13
0.72618 0.08051 10.62327 0 -2.47500 -24.97500 8.60554 0.12474 13
0.38426 -0.06171 84.95926 0 1.85000 -12.90000 79.32513 0.10806 13
-0.90859 0.13609 38.20591 0 -4.12500 27.60000 28.39404 0.13673 13
-0.93100 -0.26332 38.20591 0 7.92500 28.27500 28.39404 0.14010 13
-5.93735 4.95481 38.20591 0 -4.15000 27.67500 28.39404 0.13701 13
-0.33704 0.07223 38.20591 0 7.37500 28.27500 28.39404 0.14077 13
-0.08109 -0.02816 38.20591 0 7.42500 30.05000 28.39404 0.16397 13
-0.42277 -1.27172 38.20591 0 -3.37500 30.15000 28.39404 0.17969 13
-8.42201 6.27844 38.20591 0 7.95000 29.12500 28.39404 0.19122 13
-0.19052 -0.03342 32.10720 0 1.00000 6.15000 31.54050 0.10257 13
1.05510 -0.07593 66.44768 0 2.30000 -29.35000 45.77890 0.14659 -13
-0.67496 -0.00536 4.02346 0 0.02500 18.32500 3.33471 0.12154 13
0.00388 0.12955 88.84946 0 -3.92500 0.22500 88.84880 0.10155 13
0.00398 -0.27018 88.84946 0 8.15000 0.22500 88.84880 0.10431 13
0.84734 0.09241 13.76674 0 -2.82500 -26.30000 10.52202 0.13234 13
0.12273 -0.10465 13.20913 0 3.20000 -4.75000 13.11179 0.10202 -13
1.09139 0.02465 56.61972 0 -0.75000 -32.62500 38.25673 0.14909 13
0.16527 -0.09676 85.91017 0 2.92500 -6.47500 84.77098 0.10253 13
0.52237 -0.18613 66.66089 0 5.60000 -14.82500 59.29876 0.11514 13
-0.20146 0.04080 40.52842 0 -1.25000 6.62500 39.73151 0.10281 13
0.05334 -0.03922 48.70502 0 1.20000 -0.95000 48.63595 0.10093 -13
-0.28504 -0.14795 89.66244 0 4.45000 7.05000 86.29741 0.10577 13
-0.20870 -0.22992 74.52977 0 6.95000 6.07500 73.03437 0.10545 -13
0.08905 -0.04198 48.01850 0 1.25000 -2.40000 47.82954 0.10119 13
1.13210 0.13837 48.90319 0 -4.15000 -33.90000 32.54721 0.15274 -13
1.15893 -0.26085 48.90319 0 7.87500 -34.70000 32.54721 0.15639 -13
1.19797 0.13661 3.64461 0 -3.90000 -34.22500 2.34774 0.15770 -13
1.22730 -0.26224 3.64461 0 8.15000 -35.22500 2.34774 0.16199 -13
-0.90583 0.09797 87.13966 0 -2.97500 24.87500 64.72189 0.13624 13
-0.57163 1.56600 87.13966 0 -3.00000 24.87500 64.72189 0.13632 13
-0.08956 -1.53646 87.13966 0 -1.97500 26.65000 64.72189 0.15470 13
0.76548 0.53402 87.13966 0 -2.20000 26.47500 64.72189 0.15598 13
-0.45210 -0.15963 87.13966 0 -0.80000 25.15000 64.72189 0.16746 13
0.17389 0.88670 87.13966 0 -2.20000 24.87500 64.72189 0.18004 13
0.25702 -0.45429 87.13966 0 -1.22500 24.95000 64.72189 0.19171 13
-0.35084 0.10608 87.13966 0 -1.25000 25.00000 64.72189 0.19228 13
-0.64328 -0.91352 87.13966 0 -0.40000 24.22500 64.72189 0.20211 13
-0.67233 -0.23089 88.53404 0 6.95000 20.65000 74.05790 0.12355 13
-1.18349 -0.19113 8.55134 0 5.85000 35.72500 5.57637 0.15732 -13
1.78911 -0.20691 23.13183 0 6.30000 -55.90000 11.46680 0.20751 -13
0.47813 -0.04241 3.17971 0 1.45000 -14.27500 2.86903 0.11180 -13
0.71198 0.05939 68.03558 0 -1.77500 -20.42500 55.45579 0.12377 -13
-2.03710 -0.00942 3.85778 0 -0.00000 57.95000 1.69934 0.22870 13
-1.10809 -0.08012 15.76406 0 2.47500 33.02500 10.57976 0.15055 -13
0.20768 -0.09075 5.95213 0 2.65000 -8.95000 5.82869 0.10325 13
-0.45283 -0.04438 5.94836 0 1.25000 13.42500 5.41947 0.11064 13
0.17468 -0.10201 63.19846 0 3.07500 -3.15000 62.26539 0.10275 -13
-0.01960 -0.09506 97.42717 0 2.87500 1.12500 97.40863 0.10118 -13
0.64511 0.10533 43.46693 0 -3.17500 -20.62500 36.58514 0.12030 -13
0.16910 -0.23858 72.80874 0 7.20000 -5.52500 71.84347 0.10493 -13
1.08028 -0.23706 89.68424 0 7.15000 -30.90000 61.81538 0.15017 -13
0.78046 1.63039 89.68424 0 6.22500 -30.95000 61.81538 0.15276 -13
-0.71975 -0.81603 89.68424 0 6.05000 -38.62500 61.81538 0.21903 -13
2.13783 -0.20612 45.40139 0 6.20000 -62.47500 19.56709 0.23854 13
0.31782 -0.21481 13.83589 0 6.52500 -9.72500 13.21302 0.10788 -13
0.76422 -0.07405 23.27334 0 2.25000 -22.42500 18.50988 0.12697 -13
-1.82062 0.00401 53.98959 0 -0.15000 55.32500 25.99233 0.20918 13
-1.01348 -0.12455 84.09021 0 3.77500 28.75000 59.29136 0.14392 -13
0.26833 -0.08261 30.10409 0 2.47500 -8.22500 29.08219 0.10459 13
-0.14200 0.11296 8.35841 0 -3.35000 5.92500 8.27645 0.10233 -13
-0.22599 -0.04465 2.37608 0 1.12500 5.17500 2.31772 0.10342 13
-0.47952 0.01912 50.37592 0 -0.57500 14.00000 45.42519 0.11170 13
0.62884 -0.00042 16.53799 0 0.05000 -18.42500 13.99990 0.11897 -13
0.41831 -0.18077 42.41755 0 5.45000 -12.52500 39.22436 0.11066 13
0.71257 -0.22645 27.98772 0 6.80000 -21.30000 22.98222 0.12572 13
0.73006 -0.23874 66.12304 0 7.20000 -22.42500 53.91170 0.12697 13
-0.12454 -0.01790 49.77816 0 0.52500 2.90000 49.39673 0.10150 13
-1.60485 0.00341 35.25335 0 -0.12500 47.27500 18.64358 0.19042 13
0.45096 -0.21165 16.82898 0 6.42500 -14.65000 15.39697 0.11254 -13
-1.13367 -0.04752 28.07242 0 1.40000 35.90000 18.58199 0.15230 13
-0.19125 -0.04272 82.72558 0 1.27500 5.02500 81.25549 0.10263 13
-0.96297 0.04810 6.00024 0 -1.55000 29.17500 4.32435 0.13993 13
0.42167 0.14575 84.15735 0 -4.40000 -10.32500 77.66708 0.11027 13
0.43043 -0.25319 84.15735 0 7.62500 -10.57500 77.66708 0.11255 13
1.20687 -0.05270 85.86608 0 1.57500 -36.25000 54.82984 0.15792 13
0.50665 -0.09696 26.59770 0 2.90000 -16.85000 23.74893 0.11331 13
0.25065 -0.04585 30.57756 0 1.37500 -7.75000 29.66184 0.10392 13
-0.64430 -0.10425 57.68900 0 3.12500 20.90000 48.57169 0.12025 13
1.07057 -0.16987 71.26064 0 5.12500 -30.65000 49.01157 0.14851 13
-1.10846 0.11807 28.30911 0 -3.60000 36.82500 19.03514 0.15082 13
-1.14389 -0.28239 28.30911 0 8.50000 37.87500 19.03514 0.15559 13
1.51781 -0.15560 35.64422 0 4.67500 -44.87500 19.77446 0.18369 13
0.36433 0.02887 63.66323 0 -0.87500 -9.95000 59.81931 0.10722 13
-0.09043 0.04464 72.29032 0 -1.35000 2.75000 71.99711 0.10121 -13
0.13036 -0.06022 88.05764 0 1.80000 -3.02500 87.32135 0.10174 13
-0.30044 -0.22281 36.05524 0 6.70000 6.67500 34.59845 0.10750 13
-0.03038 0.04422 10.48657 0 -1.37500 0.35000 10.48173 0.10086 13
1.86042 -0.06480 84.16114 0 1.95000 -54.40000 39.91091 0.21280 13
-2.03892 -0.03417 2.82435 0 1.42500 63.77500 1.24471 0.22893 -13
1.85792 -0.22773 50.06328 0 6.85000 -57.87500 24.19419 0.21368 13
1.24804 -0.10253 45.45125 0 3.07500 -39.45000 28.51074 0.16137 13
0.02520 -0.13314 16.92895 0 4.05000 2.15000 16.92366 0.10164 -13
0.33760 0.08401 92.99188 0 -2.55000 -7.90000 88.13792 0.10662 13
-0.44019 -0.08803 26.21266 0 2.62500 14.42500 24.00587 0.11038 13
0.00127 -0.14705 19.38393 0 4.40000 1.75000 19.38391 0.10177 13
0.35839 -0.17352 9.11703 0 5.17500 -10.57500 8.59670 0.10837 13
0.46613 -0.24196 21.17136 0 7.27500 -14.72500 19.28438 0.11373 13
-1.16907 -0.13980 47.77190 0 4.20000 31.90000 31.22565 0.15555 13
-0.06534 0.05137 59.03953 0 -1.55000 2.80000 58.91426 0.10105 -13
-1.11215 0.08854 89.96432 0 -2.67500 33.35000 60.28188 0.15088 13
-1.76492 0.01827 38.58835 0 -0.52500 53.50000 19.02538 0.20428 -13
-0.51007 -0.11832 8.22650 0 3.65000 14.37500 7.33896 0.11371 -13
1.37050 -0.00407 12.83475 0 0.20000 -38.57500 7.56521 0.17086 -13
-0.51014 -0.00129 66.76801 0 0.02500 15.02500 59.47577 0.11305 13
1.06133 -0.21729 56.32275 0 6.55000 -34.72500 39.09368 0.14846 13
-0.64130 -0.14857 69.92871 0 4.50000 20.95000 59.05012 0.12057 -13
0.02176 0.05441 91.15474 0 -1.62500 -3.20000 91.13323 0.10087 -13
1.09550 -0.06496 58.08774 0 1.97500 -36.50000 39.20629 0.14952 -13
-0.57130 0.01637 62.05496 0 -0.50000 21.00000 53.88341 0.11600 13
0.08690 -0.15801 37.16712 0 4.77500 -5.05000 37.03094 0.10233 -13
-0.13682 0.02457 60.73659 0 -0.72500 3.25000 60.17635 0.10167 -13
-1.66471 0.00147 66.90075 0 -0.02500 51.00000 34.44957 0.19556 -13
0.83699 -0.17911 77.89490 0 5.40000 -25.55000 60.11977 0.13256 -13
0.99712 -0.10419 89.66356 0 3.15000 -28.57500 63.66370 0.14260 -13
-0.15259 0.13070 75.85079 0 -3.92500 2.42500 74.99717 0.10271 -13
-0.15668 -0.26893 75.85079 0 8.12500 2.55000 74.99717 0.10547 -13
0.13799 -0.08562 46.61908 0 2.60000 -3.97500 46.18455 0.10202 -13
-0.69581 -0.07747 93.14356 0 2.35000 20.62500 76.53117 0.12293 -13
-0.14605 0.13010 19.88796 0 -3.90000 4.65000 19.68254 0.10260 -13
-0.14999 -0.26954 19.88796 0 8.15000 4.75000 19.68254 0.10541 -13
-0.95984 0.08546 23.14831 0 -2.55000 25.87500 16.72968 0.13984 -13
-1.24673 -0.11799 69.09789 0 3.55000 36.30000 43.41563 0.16138 13
0.18035 0.13143 87.45492 0 -3.97500 -4.82500 86.08953 0.10318 13
0.18513 -0.26819 87.45492 0 8.07500 -4.97500 86.08953 0.10591 13
-1.49816 -0.15251 19.26087 0 4.65000 44.22500 10.77803 0.18209 -13
1.07145 0.03189 20.74659 0 -0.92500 -29.80000 14.15942 0.14762 -13
0.38754 -0.10377 47.67481 0 3.15000 -11.35000 44.48433 0.10851 -13
0.05548 -0.15834 18.41676 0 4.80000 -1.82500 18.38917 0.10213 -13
1.12464 0.03674 78.94778 0 -1.10000 -32.92500 52.47901 0.15160 -13
0.86440 0.02260 62.20921 0 -0.70000 -24.22500 47.06894 0.13314 13
-0.94510 -0.22144 1.82513 0 7.05000 30.07500 1.34107 0.14099 -13
-0.57848 0.09207 52.64168 0 -2.77500 17.27500 45.61478 0.11670 -13
0.76272 -0.10677 70.61852 0 3.22500 -22.35000 56.26671 0.12711 -13
-1.15407 -0.23347 46.02804 0 7.05000 34.57500 30.59689 0.15558 -13
0.66780 -0.01513 69.86008 0 0.45000 -20.35000 58.09898 0.12110 13
-2.02383 0.12018 70.59719 0 -3.65000 61.72500 31.45252 0.22768 13
-2.08672 -0.28014 70.59719 0 8.42500 63.62500 31.45252 0.23470 13
-2.01342 0.14183 25.90316 0 -4.32500 60.45000 11.61415 0.22689 13
-2.05840 -0.25735 25.90316 0 7.72500 61.77500 11.61415 0.23184 13
0.65402 -0.09804 32.49422 0 2.95000 -21.17500 27.23329 0.12072 13
0.18905 -0.16887 18.12939 0 5.07500 -4.97500 17.82240 0.10387 13
0.65200 -0.23292 81.40927 0 7.02500 -18.67500 68.72466 0.12249 -13
0.90386 -0.07975 96.34673 0 2.40000 -28.17500 71.57845 0.13598 -13
-0.52611 -0.03421 5.02828 0 1.15000 15.07500 4.45069 0.11388 -13
1.68745 0.05961 5.21865 0 -1.97500 -50.35000 2.66403 0.19773 13
0.05816 -0.02565 6.38804 0 0.85000 -2.47500 6.37728 0.10093 -13
1.08457 -0.19660 39.72220 0 5.90000 -32.02500 27.20055 0.14986 13
-1.61417 -0.11620 2.30188 0 3.10000 50.42500 1.21843 0.19146 13
0.34661 -0.17210 60.56892 0 5.17500 -10.85000 57.31758 0.10798 13
-1.45012 -0.02623 43.65099 0 0.80000 42.95000 24.78720 0.17741 -13
-0.23789 -0.21159 6.74550 0 6.45000 3.92500 6.57000 0.10575 -13
0.49346 0.07028 74.44249 0 -2.12500 -15.05000 66.78908 0.11252 -13
0.48919 -0.23733 70.09201 0 7.17500 -13.30000 63.28842 0.11463 -13
-0.85548 -0.12883 50.57249 0 3.90000 26.10000 38.56174 0.13316 -13
-0.24132 0.01355 81.13547 0 -0.40000 6.02500 78.87171 0.10360 -13
1.98293 -0.15226 43.61855 0 4.57500 -59.37500 19.82112 0.22414 13
-0.15075 -0.19541 56.07108 0 5.90000 4.25000 55.46724 0.10373 -13
0.06484 -0.07874 68.09484 0 2.37500 -2.32500 67.95303 0.10122 13
0.44424 -0.21293 30.30108 0 6.40000 -11.47500 27.79123 0.11225 13
0.52496 -0.16174 9.69450 0 4.82500 -15.20000 8.60737 0.11487 13
-1.94713 -0.14650 24.24494 0 4.45000 59.77500 11.16832 0.22099 -13
-0.14218 -0.07305 19.62443 0 2.17500 0.57500 19.43010 0.10198 13
1.39037 -0.22190 34.66689 0 6.72500 -41.72500 20.56327 0.17394 -13
0.77682 -0.00950 22.05296 0 0.32500 -21.22500 17.41562 0.12753 -13
-0.15107 0.10717 56.16242 0 -3.25000 5.27500 55.53940 0.10242 13
0.03625 0.01411 61.54601 0 -0.42500 0.75000 61.50565 0.10078 13
-0.77851 0.09354 79.47144 0 -2.82500 23.00000 62.81222 0.12797 13
1.80158 0.07111 52.12739 0 -2.12500 -55.32500 25.34668 0.20761 -13
-0.83253 0.08216 7.20190 0 -2.57500 25.40000 5.54300 0.13133 13
