0.76223 -0.05805 50.08208 0 1.77500 -22.35000 39.85528 0.12676 -13
0.33771 0.06177 28.22996 0 -1.85000 -9.60000 26.75119 0.10647 -13
0.20220 0.02312 1.11598 0 -0.22500 -7.57500 1.09361 0.10323 -13
0.15903 -0.06473 58.15915 0 1.95000 -4.92500 57.44033 0.10217 13
-0.92513 0.04493 94.26945 0 -1.35000 25.67500 69.23096 0.13726 -13
-0.67653 -0.09632 84.22930 0 2.90000 23.40000 69.86503 0.12197 13
0.52727 -0.18993 44.18552 0 5.72500 -16.80000 39.23415 0.11543 13
0.14188 -0.08807 23.89041 0 2.67500 -4.15000 23.65529 0.10210 -13
0.12774 -0.09627 97.71479 0 2.90000 -3.35000 96.93434 0.10199 -13
0.39817 -0.02166 70.09877 0 0.65000 -9.07500 65.12805 0.10841 -13
1.07897 -0.10197 37.67561 0 3.10000 -33.40000 25.68178 0.14851 -13
0.64713 -0.00014 36.53148 0 -0.00000 -18.30000 30.66978 0.11995 13
0.90139 0.13447 86.39978 0 -4.05000 -29.10000 64.43306 0.13625 -13
0.92416 -0.26497 86.39978 0 8.00000 -29.80000 64.43306 0.13971 -13
-0.19596 -0.06249 30.41494 0 1.87500 5.42500 29.84949 0.10281 13
-1.86422 0.05248 79.43533 0 -1.60000 56.17500 37.58947 0.21311 13
1.68266 -0.01708 68.55195 0 0.50000 -50.35000 35.02639 0.19711 13
0.79000 -0.23684 87.86901 0 7.12500 -23.12500 69.66388 0.13053 13
-0.13596 -0.24036 78.00109 0 7.25000 4.07500 77.32834 0.10448 -13
0.79993 -0.21205 25.44364 0 6.42500 -24.20000 20.03797 0.13073 -13
-0.21745 0.06937 15.52367 0 -2.12500 8.20000 15.17084 0.10330 13
0.67330 -0.05700 50.49989 0 1.72500 -19.90000 41.91113 0.12154 -13
-0.44733 0.01398 45.44967 0 -0.42500 14.00000 41.48842 0.11033 13
0.00598 0.13150 61.18646 0 -3.97500 0.72500 61.18539 0.10158 13
0.00615 -0.26810 61.18646 0 8.07500 0.72500 61.18539 0.10426 13
0.27031 -0.23842 62.32123 0 7.17500 -6.57500 60.27254 0.10704 13
-0.09439 0.01129 20.40234 0 -0.37500 4.30000 20.31208 0.10116 13
-0.18453 -0.09630 78.57319 0 2.90000 6.62500 77.28023 0.10287 -13
-1.40690 -0.13761 65.46505 0 4.15000 46.10000 38.16323 0.17436 13
-0.36664 -0.00827 85.59217 0 0.25000 9.72500 80.36144 0.10726 13
-1.81740 0.12182 26.73054 0 -3.70000 56.82500 12.95959 0.20927 13
-1.87288 -0.27843 26.73054 0 8.37500 58.45000 12.95959 0.21554 13
0.63929 -0.17813 80.60314 0 5.37500 -18.27500 68.21667 0.12087 -13
-1.00162 -0.01660 32.63809 0 0.47500 32.92500 23.06176 0.14254 13
0.61867 -0.22597 80.80239 0 6.82500 -19.07500 69.18155 0.12059 -13
1.00989 -0.07357 37.91637 0 2.20000 -29.30000 26.71528 0.14331 13
-0.71208 0.01648 35.57294 0 -0.47500 20.50000 28.97837 0.12363 -13
0.84669 0.01622 98.91705 0 -0.47500 -24.30000 75.49605 0.13196 -13
-0.11040 -0.08631 63.34575 0 2.60000 3.20000 62.96606 0.10169 13
-1.25641 -0.00113 5.52845 0 -0.10000 34.90000 3.44271 0.16174 13
0.88614 -0.01512 42.12156 0 0.47500 -27.12500 31.52638 0.13456 -13
0.01794 0.00040 13.48924 0 0.02500 -0.50000 13.48706 0.10072 -13
0.14009 0.10676 33.91153 0 -3.22500 -2.02500 33.58728 0.10226 13
-1.13957 -0.09182 55.68295 0 2.75000 33.75000 36.81416 0.15295 13
-0.28931 0.05921 3.87559 0 -1.92500 7.67500 3.72348 0.10507 13
1.12148 -0.03199 1.61583 0 0.50000 -33.90000 1.07549 0.15165 13
1.42809 -0.21590 18.50010 0 6.55000 -42.52500 10.77409 0.17696 -13
-0.57473 0.00291 25.55177 0 -0.07500 17.67500 22.15363 0.11615 -13
0.63051 -0.06613 61.49419 0 2.00000 -18.65000 52.04998 0.11924 -13
0.46592 -0.10988 10.85703 0 3.27500 -13.67500 9.85160 0.11163 13
-0.16002 -0.16552 30.22450 0 4.97500 5.92500 29.85504 0.10333 13
-0.78295 -0.22645 79.54940 0 6.85000 23.87500 63.22357 0.12993 -13
0.40155 -0.18127 60.88779 0 5.45000 -12.42500 56.62791 0.11004 13
-0.31461 0.08548 56.41034 0 -2.57500 10.52500 53.82770 0.10592 -13
-0.95572 -0.14104 81.64811 0 4.25000 30.70000 59.30296 0.14002 13
0.86468 -0.08178 99.08363 0 2.47500 -24.10000 75.05723 0.13339 -13
-0.90856 -0.15714 27.07725 0 4.77500 27.72500 20.15087 0.13700 -13
0.59215 0.06093 65.38954 0 -1.82500 -18.37500 56.29237 0.11720 -13
2.12651 -0.15544 49.33109 0 4.67500 -64.25000 21.19833 0.23713 13
0.09599 0.04124 91.67558 0 -1.25000 -5.02500 91.25688 0.10126 -13
0.09799 0.13635 56.54301 0 -4.12500 -3.45000 56.27837 0.10212 13
0.10039 -0.26302 56.54301 0 7.92500 -3.52500 56.27837 0.10461 13
0.10238 -0.23621 37.90968 0 7.15000 -4.55000 37.72293 0.10400 -13
0.53208 0.07529 84.81892 0 -2.27500 -15.42500 74.92564 0.11433 13
-0.75079 -0.12695 42.48288 0 3.85000 19.22500 34.07111 0.12658 -13
-0.37349 -0.08868 69.91934 0 2.67500 12.00000 65.53117 0.10787 -13
0.60565 -0.09605 77.49752 0 2.90000 -20.50000 66.36913 0.11813 13
-1.06199 0.10582 20.86621 0 -3.15000 33.57500 14.34668 0.14728 -13
1.45999 -0.06078 1.32672 0 2.47500 -44.70000 0.75084 0.17912 -13
-0.34732 -0.00118 18.72264 0 -0.00000 13.00000 17.68615 0.10661 13
-0.22146 0.03828 74.49569 0 -1.15000 6.70000 72.73588 0.10321 -13
2.06095 -0.04355 75.24966 0 1.32500 -62.75000 32.87456 0.23073 -13
-1.13649 -0.17425 94.69807 0 5.25000 35.90000 63.08201 0.15345 13
-0.88571 0.07262 53.95857 0 -2.17500 28.32500 40.43924 0.13472 -13
0.77884 0.11611 43.46164 0 -3.52500 -21.30000 34.37563 0.12818 13
0.75704 -0.11492 99.67616 0 3.45000 -21.82500 79.66102 0.12683 13
0.66587 -0.23269 35.62236 0 7.02500 -21.02500 29.88685 0.12325 -13
0.09329 -0.02487 35.65724 0 0.72500 -3.50000 35.50315 0.10117 13
1.12794 0.12170 23.13442 0 -3.65000 -35.40000 15.41106 0.15227 -13
1.16220 -0.27837 23.13442 0 8.42500 -36.45000 15.41106 0.15697 -13
-0.29944 -0.21463 79.30657 0 6.47500 9.32500 76.11145 0.10732 -13
-0.65218 -0.01685 44.63190 0 0.50000 18.85000 37.38560 0.12024 13
0.67506 0.13311 81.58735 0 -4.02500 -19.92500 67.80678 0.12224 13
0.69250 -0.26642 81.58735 0 8.02500 -20.45000 67.80678 0.12538 13
-0.29294 -0.12715 16.21657 0 3.80000 7.27500 15.57249 0.10570 13
0.90228 -0.09549 8.81921 0 2.80000 -24.12500 6.56123 0.13595 13
-0.39948 -0.15647 78.37148 0 4.72500 12.55000 72.89903 0.10958 13
1.22237 -0.18521 86.58637 0 5.60000 -36.95000 55.37923 0.16013 -13
0.27544 -0.09607 69.97725 0 2.90000 -10.55000 67.48655 0.10490 -13
-0.51680 -0.18985 51.89402 0 5.72500 14.52500 46.27129 0.11496 -13
0.99164 -0.24654 61.81938 0 7.42500 -32.42500 44.53335 0.14396 13
-0.25135 -0.25565 1.83577 0 7.40000 8.85000 1.78345 0.10692 13
0.57419 0.02733 33.20637 0 -0.85000 -16.67500 28.79942 0.11616 13
1.26985 -0.02801 87.80637 0 0.82500 -37.20000 54.33732 0.16279 13
-1.31954 -0.01415 50.19979 0 0.45000 40.60000 30.32222 0.16674 -13
-1.93735 0.10832 44.62538 0 -3.30000 59.17500 20.56276 0.21985 13
1.65695 -0.07470 35.46992 0 2.22500 -50.50000 18.36546 0.19502 13
1.45302 -0.16281 23.82567 0 4.87500 -45.42500 13.62709 0.17836 13
0.01783 0.01433 63.28854 0 -0.45000 -0.75000 63.27849 0.10073 13
0.70585 0.09296 51.33787 0 -2.82500 -19.65000 42.00190 0.12363 13
-1.20316 -0.18824 15.00474 0 5.72500 36.60000 9.68991 0.15873 -13
-1.79799 -0.15969 58.71762 0 4.80000 53.50000 28.81509 0.20779 13
0.70547 0.14710 47.13106 0 -4.45000 -19.85000 38.64825 0.12414 13
0.71976 -0.25180 47.13106 0 7.57500 -20.27500 38.64825 0.12664 13
0.40777 -0.10998 43.29153 0 3.32500 -13.30000 40.12126 0.10932 -13
-1.78734 -0.23847 87.81457 0 7.20000 53.55000 43.78354 0.20766 -13
1.53665 -0.10559 15.12702 0 3.12500 -42.67500 8.28312 0.18490 13
0.87714 -0.07202 99.24306 0 2.17500 -25.75000 74.69295 0.13415 -13
-0.25583 0.07628 57.73362 0 -2.30000 5.32500 55.94212 0.10423 -13
0.78471 -0.11263 13.57650 0 3.35000 -23.00000 10.70591 0.12850 13
0.88578 0.08105 27.51571 0 -2.47500 -31.52500 20.62641 0.13479 13
-2.14338 -0.09078 5.92043 0 2.95000 62.62500 2.51143 0.23856 -13
1.24730 -0.04699 52.64259 0 1.42500 -35.50000 32.95072 0.16107 -13
0.26839 0.00341 48.39035 0 -0.12500 -11.47500 46.73628 0.10427 13
0.26263 -0.24704 60.21353 0 7.45000 -7.80000 58.34689 0.10706 -13
-0.72866 -0.14345 42.15007 0 4.35000 21.67500 34.18570 0.12544 -13
-1.62885 -0.23610 78.21505 0 7.10000 48.50000 41.72972 0.19392 13
-0.79391 0.02960 16.10665 0 -0.92500 23.35000 12.61647 0.12863 13
0.31114 -0.12735 42.15591 0 3.82500 -10.37500 40.28101 0.10623 13
-0.97780 -0.08897 9.49621 0 2.77500 29.60000 6.80407 0.14115 -13
-1.81461 -0.17067 92.40948 0 5.15000 55.05000 45.09427 0.20936 -13
0.37756 -0.14774 71.42989 0 4.45000 -8.80000 66.91476 0.10867 13
-0.25062 -0.03322 36.09450 0 1.02500 7.05000 35.01281 0.10387 -13
-0.85170 -0.19345 99.77554 0 5.85000 26.70000 76.54159 0.13371 -13
0.72379 0.11683 74.51722 0 -3.52500 -22.55000 60.50477 0.12487 13
-0.18258 0.08567 83.00566 0 -2.60000 6.47500 81.66533 0.10273 13
0.41665 -0.10687 34.39630 0 3.20000 -12.02500 31.77741 0.10962 13
0.25892 -0.14815 8.09356 0 4.40000 -10.17500 7.84047 0.10507 13
-1.51590 -0.16618 90.03885 0 5.00000 45.17500 50.05144 0.18364 13
0.88984 -0.16361 67.07682 0 4.92500 -25.15000 50.40170 0.13580 13
0.77153 -0.12389 6.71550 0 3.82500 -24.57500 5.33190 0.12787 -13
0.13123 -0.02920 82.82068 0 0.87500 -6.72500 82.11713 0.10161 13
-0.58253 -0.06680 28.75722 0 2.00000 18.55000 24.86246 0.11673 13
0.75941 -0.23649 92.33476 0 7.15000 -23.52500 74.25708 0.12868 -13
-1.29906 0.00126 84.52870 0 -0.02500 41.65000 51.56159 0.16509 -13
1.79896 -0.14846 42.56607 0 4.45000 -56.12500 20.85352 0.20779 13
-0.44279 -0.04986 43.32645 0 1.50000 13.25000 39.62434 0.11024 13
1.92862 -0.21006 32.34735 0 6.37500 -57.75000 15.14388 0.21985 -13
-1.39912 -0.09387 29.56678 0 2.80000 43.90000 17.24192 0.17343 13
1.23734 0.06055 1.25328 0 -2.45000 -36.00000 0.78866 0.16113 13
0.70998 -0.23651 4.03382 0 6.97500 -18.92500 3.31877 0.12567 13
-0.92212 -0.13977 69.83778 0 4.20000 28.17500 51.56875 0.13770 13
-0.31150 -0.04267 86.33668 0 1.30000 10.30000 82.43665 0.10556 -13
-0.38908 -0.03207 95.53977 0 0.97500 10.85000 89.04380 0.10812 -13
0.38001 -0.12781 21.39077 0 3.82500 -8.87500 20.01588 0.10848 13
-1.41567 -0.12298 48.09981 0 3.72500 42.60000 27.89103 0.17500 -13
-0.00208 0.04126 19.87187 0 -1.22500 0.10000 19.87183 0.10078 -13
-1.59960 -0.04037 8.37826 0 1.10000 46.45000 4.44343 0.19003 13
-1.50871 -0.18740 43.84592 0 5.62500 43.65000 24.51377 0.18323 13
1.12520 0.02274 27.52818 0 -0.72500 -33.37500 18.28975 0.15161 13
1.81884 -0.14274 29.58812 0 4.27500 -55.47500 14.36549 0.20949 13
-1.35979 0.14289 34.21931 0 -4.32500 41.37500 20.40765 0.17059 13
-1.38959 -0.25626 34.21931 0 7.70000 42.25000 20.40765 0.17427 13
-0.49918 0.68842 34.21931 0 -4.35000 41.30000 20.40765 0.17047 13
-0.50971 -0.43819 34.21931 0 7.55000 41.57500 20.40765 0.17301 13
-0.72383 -0.75880 34.21931 0 7.77500 44.82500 20.40765 0.19611 13
0.23634 -0.82964 34.21931 0 -3.10000 45.52500 20.40765 0.20593 13
0.32515 0.93100 34.21931 0 -3.47500 45.57500 20.40765 0.20773 13
0.50852 -18.32513 34.21931 0 -3.20000 43.45000 20.40765 0.18890 13
-0.71236 0.14399 70.98253 0 -4.35000 22.20000 58.01225 0.12449 13
-0.72766 -0.25504 70.98253 0 7.67500 22.67500 58.01225 0.12715 13
-1.30310 -0.01926 5.29034 0 0.72500 37.65000 3.22099 0.16548 -13
-0.47393 0.14068 57.39811 0 -4.22500 16.52500 51.96035 0.11233 -13
-0.48474 -0.25845 57.39811 0 7.80000 16.85000 51.96035 0.11491 -13
1.16699 -0.04162 28.10679 0 1.27500 -33.02500 18.29774 0.15483 -13
-1.81359 -0.22057 49.94775 0 6.67500 57.62500 24.55823 0.20977 -13
0.81512 0.00737 2.04776 0 -0.52500 -23.40000 1.58729 0.13011 13
0.72166 -0.09287 92.50064 0 2.80000 -21.12500 75.11848 0.12454 -13
0.36063 0.11387 48.00042 0 -3.45000 -9.85000 45.18720 0.10767 13
-0.69063 0.00898 88.26540 0 -0.27500 20.05000 72.62934 0.12239 -13
-0.03414 -0.24118 17.99971 0 7.30000 1.60000 17.98980 0.10367 -13
-0.60395 -0.12819 56.58482 0 3.85000 18.90000 48.54178 0.11835 13
1.17727 -0.18781 95.42303 0 5.65000 -35.92500 62.39681 0.15669 13
1.12792 0.00955 83.13815 0 -0.27500 -33.25000 55.15497 0.15180 -13
0.07142 0.12645 87.32916 0 -3.80000 -3.15000 87.11083 0.10175 -13
0.07346 -0.27343 87.32916 0 8.25000 -3.20000 87.11083 0.10467 -13
1.08575 -0.07292 55.41070 0 2.17500 -33.10000 37.59278 0.14883 13
-0.87634 -0.12997 75.23663 0 3.92500 27.95000 56.78920 0.13454 -13
0.29203 -0.22682 70.32188 0 6.82500 -7.75000 67.63246 0.10737 13
-0.53704 -0.01865 54.29053 0 0.57500 20.72500 47.83154 0.11433 -13
-0.98510 -0.03745 1.42002 0 1.62500 29.32500 1.01199 0.14190 -13
0.90149 -0.14982 64.78506 0 4.52500 -24.75000 48.35750 0.13643 -13
1.73908 -0.22734 86.27232 0 6.87500 -52.67500 43.82259 0.20333 -13
-0.06957 -0.03647 7.25238 0 1.02500 3.15000 7.23491 0.10102 13
-1.17969 0.12065 94.68217 0 -3.62500 34.87500 61.48078 0.15621 -13
-1.21611 -0.27958 94.68217 0 8.45000 35.97500 61.48078 0.16105 -13
-0.66526 0.11348 40.12025 0 -3.42500 20.50000 33.46920 0.12150 13
-0.11350 -0.00027 5.57918 0 -0.07500 3.92500 5.54360 0.10137 13
-2.00060 -0.16737 90.45023 0 5.05000 62.42500 40.88916 0.22588 -13
-0.36562 -0.24284 87.87118 0 7.32500 11.52500 82.80034 0.10998 -13
-0.88389 -0.12575 98.98515 0 3.77500 25.95000 74.42086 0.13499 13
-0.67969 0.10391 96.15020 0 -3.15000 16.37500 79.65572 0.12221 13
0.36902 -0.11333 47.55904 0 3.40000 -13.00000 44.65169 0.10789 13
0.36903 -0.11333 47.55904 0 3.40000 -13.00000 44.65169 0.10794 13
-0.18115 -0.04758 61.45281 0 1.45000 3.67500 60.47069 0.10246 -13
-0.43623 0.09809 69.29798 0 -2.95000 13.55000 63.56592 0.11030 -13
1.73874 -0.12010 86.50573 0 3.60000 -53.32500 43.35964 0.20234 13
-0.79625 -0.06187 61.00807 0 1.87500 24.70000 47.76196 0.12888 -13
-0.28953 -0.18388 35.93098 0 5.52500 7.62500 34.55714 0.10645 13
-0.37721 -0.03200 53.70598 0 0.97500 14.20000 50.25320 0.10768 -13
-0.71971 0.04269 37.46239 0 -1.27500 20.05000 30.41580 0.12414 -13
-1.76609 0.10967 66.72316 0 -3.32500 53.42500 33.02363 0.20470 13
0.82951 -0.07456 2.64136 0 2.47500 -23.32500 2.03542 0.13123 -13
-0.14332 -0.22933 78.59583 0 6.90000 5.35000 77.83996 0.10432 13
0.17610 -0.16182 73.98673 0 4.87500 -5.70000 72.89348 0.10355 -13
0.01956 0.08243 18.27619 0 -2.52500 -1.82500 18.27273 0.10107 13
0.35784 0.03864 31.49836 0 -1.15000 -10.10000 29.65922 0.10703 -13
-1.43057 0.06247 16.36765 0 -1.92500 42.82500 9.38934 0.17591 13
-0.00565 0.03588 5.22682 0 -1.00000 -0.32500 5.22674 0.10078 -13
0.46664 0.10135 52.03061 0 -3.07500 -14.10000 47.19261 0.11160 13
0.27713 -0.14606 85.49673 0 4.40000 -9.77500 82.45284 0.10553 -13
-1.69075 -0.18302 24.76716 0 5.55000 50.10000 12.76295 0.19871 -13
-1.93852 0.08383 3.88727 0 -2.25000 58.10000 1.78643 0.21982 -13
-1.78736 0.11647 85.49941 0 -3.52500 52.17500 41.96030 0.20659 13
-0.20190 0.12712 62.07577 0 -3.85000 9.87500 60.86702 0.10353 13
-0.20761 -0.27275 62.07577 0 8.22500 10.05000 60.86702 0.10644 13
-0.82669 -0.15099 97.90679 0 4.55000 25.40000 75.80376 0.13154 13
1.64199 0.00358 77.23181 0 -0.10000 -48.00000 40.17203 0.19361 -13
-0.40475 -0.00168 99.52753 0 0.05000 9.75000 92.25705 0.10864 13
-0.77251 -0.17393 32.62407 0 5.27500 24.92500 25.96056 0.12847 -13
1.78588 -0.19704 2.31130 0 5.47500 -56.22500 1.14597 0.20665 13
0.54141 0.01049 4.87116 0 -0.42500 -14.20000 4.28372 0.11455 13
-1.00345 -0.11349 46.53157 0 3.45000 27.20000 32.95122 0.14313 -13
0.44777 0.14676 97.14453 0 -4.42500 -15.85000 88.81843 0.11132 -13
0.45690 -0.25212 97.14453 0 7.60000 -16.12500 88.81843 0.11360 -13
0.47386 0.09361 42.21360 0 -2.80000 -16.10000 38.17790 0.11183 -13
-0.29762 -0.02195 38.29544 0 0.65000 10.35000 36.70504 0.10509 13
-0.51238 0.09480 92.04570 0 -2.87500 16.37500 81.99480 0.11355 13
0.30660 -0.17932 38.42328 0 5.42500 -11.60000 36.78471 0.10688 -13
-0.43579 0.01114 42.26500 0 -0.32500 15.45000 38.74609 0.10986 -13
0.44132 -0.06522 56.82982 0 1.97500 -11.50000 52.01002 0.11027 -13
1.24072 0.04628 79.42180 0 -1.37500 -37.17500 49.87229 0.16053 -13
-2.03327 -0.08453 46.69337 0 2.57500 60.80000 20.66678 0.22835 -13
-2.07155 -0.24173 70.24906 0 7.27500 61.75000 31.24639 0.23290 13
-0.90028 0.07598 96.25660 0 -2.27500 30.05000 71.62902 0.13572 -13
-0.44695 0.10412 65.93819 0 -3.15000 14.75000 60.25247 0.11080 13
-0.30136 0.13495 79.92934 0 -4.07500 7.37500 76.58680 0.10605 13
-0.30893 -0.26449 79.92934 0 7.97500 7.60000 76.58680 0.10871 13
-0.56101 -0.19691 29.71642 0 5.92500 16.57500 26.03315 0.11715 13
0.13095 0.09330 65.09964 0 -2.80000 -2.77500 64.55324 0.10199 -13
1.43168 -0.02456 76.88111 0 0.75000 -38.77500 44.03345 0.17588 -13
0.76279 -0.02038 46.99014 0 0.60000 -23.02500 37.36476 0.12668 13
2.01525 0.11212 54.60540 0 -3.40000 -62.52500 24.39373 0.22685 13
-1.40783 0.06659 90.83195 0 -2.00000 41.77500 52.67725 0.17402 -13
0.21936 -0.14205 90.74331 0 4.27500 -4.20000 88.67618 0.10408 13
-0.31056 -0.17206 88.23733 0 5.17500 8.90000 84.37425 0.10686 13
0.44241 -0.15023 49.31122 0 4.52500 -13.75000 45.17684 0.11115 13
-1.53478 0.13040 64.25203 0 -3.92500 46.77500 35.28505 0.18491 -13
-1.57617 -0.26927 64.25203 0 8.12500 48.05000 35.28505 0.18992 -13
0.15648 0.14223 42.56062 0 -4.27500 -5.15000 42.05892 0.10293 -13
0.15996 -0.25684 42.56062 0 7.75000 -5.25000 42.05892 0.10522 -13
1.58408 0.11964 66.56802 0 -3.62500 -48.15000 35.71574 0.18904 13
1.63363 -0.28070 66.56802 0 8.45000 -49.62500 35.71574 0.19492 13
0.12687 -0.09536 7.90882 0 2.82500 -5.97500 7.84648 0.10196 13
-0.32816 -0.17362 51.90731 0 5.25000 7.92500 49.39006 0.10743 -13
1.47655 0.12220 80.09594 0 -3.70000 -45.40000 45.14255 0.18001 13
1.52123 -0.27797 80.09594 0 8.37500 -46.72500 45.14255 0.18543 13
-0.70176 -0.19232 13.21590 0 5.85000 24.15000 10.88214 0.12458 -13
-0.13657 -0.11680 71.50441 0 3.52500 4.40000 70.85553 0.10232 -13
0.05063 -0.22762 52.84568 0 6.87500 0.10000 52.78141 0.10341 -13
-0.30996 -0.22347 75.16660 0 6.75000 7.77500 71.94675 0.10780 -13
-0.33097 -0.00004 67.03637 0 -0.00000 9.40000 63.64122 0.10608 13
0.39221 0.12820 25.48536 0 -3.90000 -11.92500 23.75132 0.10894 13
0.40314 -0.27164 25.48536 0 8.17500 -12.25000 23.75132 0.11194 13
-0.82462 -0.00180 89.59737 0 0.05000 27.17500 69.12583 0.13053 13
-0.66835 0.00119 1.31631 0 0.40000 23.27500 1.09444 0.12152 -13
0.94583 -0.22240 4.15904 0 6.52500 -26.52500 3.05653 0.14025 13
0.31281 -0.13935 99.89250 0 4.20000 -8.75000 95.41786 0.10645 -13
0.05236 -0.06531 16.68529 0 2.00000 -2.70000 16.66254 0.10106 -13
0.25153 -0.05140 8.64764 0 1.60000 -5.82500 8.38707 0.10398 -13
-0.39781 -0.24405 60.54929 0 7.37500 14.40000 56.47851 0.11114 -13
-0.54404 -0.04394 64.98558 0 1.32500 15.42500 57.09690 0.11473 -13
-0.84965 0.10242 87.71519 0 -3.10000 24.70000 66.99155 0.13255 13
0.07562 -0.16631 83.71754 0 5.02500 -3.57500 83.48561 0.10237 -13
-0.19206 0.06207 89.35469 0 -1.87500 7.42500 87.75686 0.10273 13
0.52747 0.09340 93.34087 0 -2.82500 -14.95000 82.63778 0.11424 13
0.04829 0.12000 83.61950 0 -3.62500 -2.65000 83.52357 0.10154 -13
0.04980 -0.28026 83.61950 0 8.45000 -2.67500 83.52357 0.10471 -13
-0.35760 0.01886 19.66218 0 -0.55000 10.97500 18.51441 0.10697 -13
0.24174 -0.11362 51.64121 0 3.42500 -10.02500 50.21301 0.10424 -13
0.19544 -0.08571 98.71559 0 2.60000 -3.92500 96.89571 0.10297 -13
-2.09858 0.03994 52.16173 0 -1.22500 62.57500 22.45334 0.23414 13
-0.12060 -0.02387 98.97648 0 0.72500 1.42500 98.26481 0.10146 13
1.79843 0.00039 31.58240 0 -0.05000 -53.62500 15.34801 0.20722 13
0.00998 0.13139 1.90516 0 -3.70000 1.72500 1.90507 0.10162 -13
0.01027 -0.26762 1.90516 0 8.37500 1.72500 1.90507 0.10467 -13
-0.78666 0.03475 6.04921 0 -1.15000 26.60000 4.75577 0.12820 13
0.55940 -0.12241 98.91147 0 3.67500 -17.37500 86.47475 0.11604 13
1.80203 -0.23971 14.90056 0 7.15000 -56.70000 7.38420 0.20886 13
-0.29750 -0.21242 3.88521 0 6.27500 11.75000 3.73037 0.10716 13
-0.76670 -0.05729 49.08547 0 1.75000 24.77500 38.97769 0.12703 -13
-1.37885 0.12081 54.23957 0 -3.65000 42.50000 31.99511 0.17197 13
-1.42134 -0.27946 54.23957 0 8.42500 43.77500 31.99511 0.17724 13
0.90418 -0.24045 54.70033 0 7.25000 -27.42500 41.08242 0.13789 13
0.84070 -0.11063 67.08814 0 3.35000 -25.60000 51.48143 0.13204 -13
1.92388 0.03456 22.83946 0 -1.10000 -59.32500 10.53824 0.21841 13
0.24538 -0.09657 9.77274 0 2.87500 -6.42500 9.49357 0.10414 13
-0.31159 -0.09368 45.95427 0 2.82500 10.75000 43.89069 0.10589 13
-1.40277 0.11957 85.64732 0 -3.62500 39.62500 49.95060 0.17391 13
-1.44667 -0.28076 85.64732 0 8.45000 40.95000 49.95060 0.17934 13
0.00385 -0.01357 90.15708 0 0.40000 -0.97500 90.15641 0.10071 13
0.92293 0.09037 27.43773 0 -2.70000 -28.47500 20.20046 0.13733 -13
0.11349 -0.17690 65.25132 0 5.32500 -5.17500 64.84766 0.10289 13
0.28926 0.01239 70.40478 0 -0.37500 -6.47500 67.63244 0.10484 -13
1.15219 -0.17757 94.87699 0 5.35000 -36.77500 62.74045 0.15467 -13
1.56242 -0.12851 94.64110 0 3.87500 -47.70000 51.31453 0.18727 -13
-0.77581 -0.02004 72.64287 0 0.60000 22.35000 57.39996 0.12747 13
-0.62179 0.02829 82.18870 0 -0.85000 17.17500 69.80414 0.11862 13
1.42565 -0.05850 38.75068 0 1.75000 -42.85000 22.27884 0.17545 13
0.76048 -0.23839 65.55411 0 7.17500 -25.02500 52.70161 0.12876 13
0.44792 0.13897 5.48302 0 -4.10000 -13.17500 5.01196 0.11120 -13
0.45859 -0.26004 5.48302 0 7.95000 -13.50000 5.01196 0.11396 -13
-0.23466 -0.00909 9.55040 0 0.32500 5.72500 9.29779 0.10345 -13
-0.07592 0.02384 7.91286 0 -0.77500 4.37500 7.89019 0.10104 13
-0.99568 0.12014 34.69749 0 -3.60000 30.57500 24.67540 0.14262 -13
-1.02662 -0.28003 34.69749 0 8.47500 31.52500 24.67540 0.14708 -13
0.00148 -0.18530 12.11214 0 5.62500 3.42500 12.11213 0.10245 -13
1.52535 0.14029 82.46099 0 -4.25000 -47.50000 45.51894 0.18423 13
1.56035 -0.25891 82.46099 0 7.80000 -48.55000 45.51894 0.18843 13
0.16748 0.10563 22.39745 0 -3.17500 -4.40000 22.09297 0.10265 -13
-0.26264 -0.03758 88.43030 0 1.15000 6.32500 85.53344 0.10419 -13
0.28002 -0.15371 55.81642 0 4.62500 -9.30000 53.79387 0.10572 13
-0.75749 -0.20161 52.56704 0 6.07500 21.15000 42.20313 0.12795 13
-1.95863 0.06438 14.71414 0 -2.02500 59.42500 6.70162 0.22161 13
-1.29179 -0.24572 87.23195 0 7.40000 38.40000 54.37470 0.16635 13
-0.88641 -0.04280 46.53372 0 1.27500 25.80000 34.83642 0.13464 13
0.62651 0.12380 72.36883 0 -3.75000 -16.20000 61.45786 0.11949 13
0.64505 -0.27625 72.36883 0 8.32500 -16.75000 61.45786 0.12301 13
0.09322 -0.06281 82.34762 0 1.90000 -5.10000 81.99354 0.10134 -13
-0.32973 0.01358 67.58003 0 -0.42500 11.87500 64.18165 0.10604 13
-1.49468 -0.20517 37.14928 0 6.17500 43.67500 20.95191 0.18224 13
0.69148 -0.14159 30.62771 0 4.25000 -20.47500 25.27215 0.12325 13
-0.16773 -0.00160 11.37778 0 0.10000 6.15000 11.22107 0.10212 -13
-0.09470 -0.00538 3.60104 0 0.30000 3.87500 3.58501 0.10120 -13
-0.31503 -0.14213 8.71222 0 4.35000 8.40000 8.31725 0.10659 -13
-0.00985 -0.11315 86.08897 0 3.42500 -1.77500 86.08485 0.10135 -13
-1.67723 -0.12351 60.89133 0 3.75000 48.67500 31.35669 0.19706 -13
-1.47218 -0.14403 32.02883 0 4.32500 44.32500 18.12270 0.17980 13
-0.37965 0.13085 45.27387 0 -3.95000 12.85000 42.36892 0.10853 13
-0.38981 -0.26880 45.27387 0 8.10000 13.15000 42.36892 0.11141 13
1.18506 -0.15851 8.93127 0 4.87500 -34.87500 5.80127 0.15705 -13
-0.68541 -0.07336 8.85259 0 2.27500 19.00000 7.30845 0.12234 -13
-1.70431 -0.00389 59.03683 0 0.12500 52.82500 29.87719 0.19899 -13
0.25612 -0.06825 13.27503 0 2.10000 -8.82500 12.86180 0.10419 -13
0.70708 -0.07156 34.13060 0 2.15000 -24.60000 27.89145 0.12354 13
-0.08222 0.03465 21.49206 0 -1.02500 1.27500 21.41986 0.10110 -13
-0.42589 0.13738 88.00001 0 -4.15000 11.95000 81.07862 0.11033 13
-0.43617 -0.26194 88.00001 0 7.90000 12.27500 81.07862 0.11298 13
-0.44293 0.10312 44.37978 0 -3.12500 14.55000 40.61274 0.11063 13
0.94307 -0.15861 10.47256 0 4.85000 -27.60000 7.66309 0.13939 -13
-1.42873 -0.20884 7.61936 0 6.40000 42.00000 4.43184 0.17701 -13
1.40424 0.06582 36.29138 0 -1.95000 -43.32500 21.08163 0.17372 -13
-0.83431 -0.16309 7.82862 0 5.00000 25.10000 6.04327 0.13226 -13
-1.51391 -0.03420 23.64973 0 1.00000 44.20000 13.03984 0.18275 13
0.72789 0.03436 3.66137 0 -1.20000 -23.37500 2.96080 0.12468 13
-0.05078 0.09610 53.71391 0 -2.90000 2.40000 53.64543 0.10130 13
-0.05428 -0.22722 37.37496 0 6.87500 1.40000 37.32271 0.10342 -13
-2.10630 0.11343 34.67597 0 -3.45000 64.15000 14.94981 0.23511 13
0.76783 0.10434 15.65713 0 -3.20000 -23.77500 12.44387 0.12742 13
0.61016 -0.05433 11.79641 0 1.67500 -14.97500 10.07406 0.11811 -13
-0.05355 -0.10198 82.90320 0 3.07500 3.10000 82.78580 0.10137 13
0.64659 -0.17486 99.68653 0 5.27500 -20.40000 84.08034 0.12120 13
-0.89029 -0.02208 56.79261 0 0.67500 28.10000 42.42259 0.13485 -13
0.40448 -0.12200 82.56650 0 3.67500 -14.65000 76.62112 0.10932 13
-2.02525 0.02722 5.16832 0 -1.02500 60.30000 2.28923 0.22753 13
0.59573 -0.05072 19.20089 0 1.50000 -18.20000 16.50099 0.11732 13
1.55508 -0.16923 79.52420 0 5.12500 -45.60000 43.44282 0.18697 -13
0.38924 -0.02485 18.35315 0 0.77500 -11.60000 17.10380 0.10810 -13
0.39471 -0.22428 51.55285 0 6.77500 -14.22500 48.10803 0.11061 -13
-0.78575 -0.02746 83.81726 0 0.82500 26.22500 65.91511 0.12810 -13
2.06921 -0.14981 62.82593 0 4.50000 -61.85000 27.58388 0.23190 13
0.87094 0.09657 75.00738 0 -2.92500 -27.10000 56.67517 0.13390 13
0.70911 -0.14873 57.29387 0 4.47500 -22.80000 46.90625 0.12435 13
-0.21108 0.02007 38.74290 0 -0.60000 6.52500 37.90801 0.10294 -13
-1.72001 -0.05001 64.70365 0 1.50000 53.07500 32.55184 0.20041 13
-0.47420 -0.04259 16.50394 0 1.32500 15.47500 14.91462 0.11154 -13
-0.96890 0.13025 94.85627 0 -3.92500 31.17500 68.40124 0.14083 -13
-0.99505 -0.26940 94.85627 0 8.12500 31.97500 68.40124 0.14464 -13
0.52876 0.02132 65.21330 0 -0.62500 -18.45000 57.65302 0.11393 -13
1.28083 -0.04371 62.55785 0 1.32500 -36.80000 38.52064 0.16370 -13
0.76191 -0.01966 48.62377 0 0.57500 -21.42500 38.67946 0.12661 13
0.40104 -0.06068 1.59000 0 1.50000 -11.75000 1.47622 0.10884 13
-0.26391 -0.07027 66.07465 0 2.10000 6.95000 63.89749 0.10439 13
0.54375 -0.21703 40.18840 0 6.55000 -15.17500 35.48920 0.11670 -13
0.13960 -0.07670 66.10011 0 2.32500 -5.85000 65.46891 0.10197 -13
-1.43268 0.11256 60.99669 0 -3.40000 45.12500 35.05951 0.17633 13
0.03784 -0.13127 38.52816 0 3.95000 -0.70000 38.50108 0.10163 13
1.95975 -0.19421 97.03066 0 5.87500 -59.05000 44.75285 0.22244 -13
-0.79332 0.07804 24.49374 0 -2.37500 22.52500 19.21172 0.12879 13
0.09143 0.05326 9.27745 0 -1.65000 -2.25000 9.23904 0.10128 13
0.13019 -0.24042 64.78127 0 7.25000 -4.47500 64.26842 0.10440 -13
1.83236 0.07954 61.64773 0 -2.42500 -53.47500 29.60327 0.21038 13
2.14023 -0.00814 61.86923 0 0.22500 -63.25000 26.19080 0.23788 13
-0.93741 -0.16348 12.42055 0 4.87500 28.65000 9.11762 0.13897 13
-1.75406 -0.01688 26.15490 0 0.55000 53.47500 12.95537 0.20334 -13
0.12042 0.03720 43.47564 0 -1.10000 -1.65000 43.16399 0.10150 -13
0.28461 -0.21868 66.05693 0 6.60000 -9.60000 63.64260 0.10698 13
-2.04922 0.08958 77.52561 0 -2.70000 60.57500 34.11072 0.22978 -13
0.12362 -0.01032 25.32262 0 0.32500 -7.57500 25.13136 0.10148 -13
1.72574 -0.02674 92.84970 0 0.80000 -52.35000 46.56407 0.20087 13
-0.22795 -0.21896 27.62798 0 6.57500 5.15000 26.96757 0.10561 13
-1.05482 -0.10345 95.07246 0 3.12500 31.55000 65.59297 0.14675 -13
0.87774 -0.23486 84.71227 0 7.07500 -28.92500 64.40223 0.13606 13
-0.09862 -0.03540 76.81664 0 1.05000 2.40000 76.44627 0.10125 13
-0.07249 -0.05017 3.10393 0 1.35000 2.82500 3.09582 0.10113 13
-1.11416 -0.03712 24.08363 0 1.15000 30.25000 16.09229 0.15082 -13
0.14354 -0.14121 97.33110 0 4.27500 -2.42500 96.36255 0.10273 -13
1.51863 -0.16849 94.02402 0 5.10000 -47.90000 52.21483 0.18391 -13
1.36323 -0.19701 10.93913 0 5.85000 -40.77500 6.54973 0.17135 13
0.93263 -0.24554 19.48601 0 7.37500 -28.50000 14.44213 0.13987 13
0.54114 -0.02363 44.57038 0 0.72500 -14.45000 39.20148 0.11453 -13
-0.44586 -0.14716 51.23989 0 4.45000 13.10000 46.88132 0.11126 -13
-0.86648 -0.24376 55.57885 0 7.35000 23.77500 42.51827 0.13548 13
-0.18316 -0.10651 28.92686 0 3.20000 6.57500 28.45873 0.10293 13
-0.42511 0.06936 13.98057 0 -2.05000 11.60000 12.87099 0.10964 -13
-1.05577 -0.12809 9.28091 0 3.95000 31.52500 6.40885 0.14708 -13
0.68802 0.10827 61.14356 0 -3.25000 -18.55000 50.46674 0.12272 -13
0.30020 0.00395 99.55953 0 -0.12500 -9.00000 95.35565 0.10514 13
1.66253 0.11282 80.88127 0 -3.42500 -50.50000 41.88249 0.19571 13
-0.81636 -0.01151 87.83732 0 0.35000 27.37500 68.04504 0.13001 13
0.49427 -0.12597 55.80857 0 3.80000 -15.27500 50.10787 0.11305 -13
-1.35498 -0.04380 28.93323 0 1.35000 43.07500 17.19222 0.16965 -13
0.02782 0.14480 15.85076 0 -4.40000 -0.12500 15.84475 0.10181 13
0.02841 -0.25421 15.85076 0 7.62500 -0.15000 15.84475 0.10392 13
0.92614 -0.13724 39.32574 0 4.15000 -25.02500 28.97593 0.13797 -13
-0.65570 0.11806 91.23328 0 -3.57500 21.47500 76.45312 0.12101 13
0.55316 -0.19182 47.63497 0 5.77500 -17.42500 41.85724 0.11668 13
0.85817 0.06828 12.34815 0 -2.10000 -25.87500 9.37980 0.13290 13
-0.30363 -0.04028 58.09144 0 1.20000 9.62500 55.58943 0.10532 13
-1.75798 -0.16391 25.65345 0 4.90000 53.00000 12.81164 0.20429 13
0.62132 0.00792 76.32365 0 -0.25000 -17.65000 64.82998 0.11856 13
-1.59531 0.13675 93.88246 0 -4.12500 46.80000 50.19436 0.19011 13
-1.63421 -0.26261 93.88246 0 7.90000 47.95000 50.19436 0.19472 13
-0.57582 -0.19681 45.88516 0 5.92500 17.80000 39.95007 0.11788 13
-1.14574 0.03189 44.77069 0 -0.97500 34.45000 29.44780 0.15318 13
0.29811 -0.09910 83.88175 0 2.97500 -8.95000 80.41757 0.10555 13
-1.09274 0.03328 11.17929 0 -1.07500 32.00000 7.54924 0.14923 13
-0.15496 -0.09580 72.69605 0 2.87500 2.25000 71.84635 0.10236 13
-0.17180 -0.07700 32.23875 0 2.32500 3.20000 31.77597 0.10248 -13
1.47067 0.01197 81.21627 0 -0.37500 -45.40000 45.66932 0.17910 13
1.71891 -0.07193 50.29395 0 2.15000 -49.82500 25.34065 0.20038 13
1.67760 -0.06087 72.10869 0 1.82500 -49.75000 36.97153 0.19677 13
0.02192 0.00683 39.99004 0 -0.22500 -1.92500 39.98044 0.10073 13
-1.11741 -0.10675 41.58680 0 3.25000 35.47500 27.82023 0.15140 -13
-0.73188 -0.16354 71.37107 0 4.95000 21.70000 57.85730 0.12588 -13
0.80627 -0.07840 78.97117 0 2.37500 -22.62500 61.55140 0.12960 -13
0.17742 -0.20855 96.87432 0 6.30000 -6.75000 95.44543 0.10441 -13
-1.24761 0.01682 23.50160 0 -0.47500 34.87500 14.69972 0.16102 -13
-0.25284 0.11591 47.50569 0 -3.47500 8.52500 46.07458 0.10452 -13
-0.40417 -0.19957 25.19892 0 6.05000 9.35000 23.42556 0.11048 -13
0.81190 -0.14083 19.67790 0 4.22500 -23.80000 15.33616 0.13047 13
0.25941 -0.14055 82.03959 0 4.22500 -7.85000 79.45955 0.10499 13
0.94482 0.00311 78.65902 0 -0.07500 -28.50000 57.17550 0.13854 -13
-0.95368 -0.05863 39.68456 0 1.77500 27.25000 28.74139 0.13929 -13
-0.04572 0.05885 80.21750 0 -1.77500 -0.17500 80.13410 0.10099 13
-1.57809 0.14516 51.22006 0 -4.40000 47.37500 27.61972 0.18873 13
-1.61124 -0.25383 51.22006 0 7.62500 48.35000 27.61972 0.19264 13
0.59244 0.14689 69.57740 0 -4.42500 -14.15000 60.02552 0.11797 -13
0.60446 -0.25198 69.57740 0 7.60000 -14.52500 60.02552 0.12038 -13
0.04047 -0.17979 52.45428 0 5.42500 -2.15000 52.41273 0.10240 -13
0.79391 0.02116 94.09438 0 -0.65000 -25.55000 73.70020 0.12860 13
1.00166 -0.06921 77.07028 0 2.10000 -31.32500 54.51608 0.14271 -13
-0.47276 -0.21517 22.71393 0 6.52500 13.05000 20.61857 0.11350 -13
-0.74292 -0.02252 62.83101 0 0.67500 24.00000 50.44023 0.12547 13
0.84782 0.07235 20.63689 0 -2.15000 -27.15000 15.75816 0.13222 -13
-0.50526 -0.14957 2.97417 0 4.32500 14.75000 2.66076 0.11379 13
0.46258 -0.18319 40.32432 0 5.52500 -14.75000 36.70353 0.11247 13
-1.25612 -0.02439 1.69743 0 0.27500 37.90000 1.05731 0.16200 13
-1.35612 -0.03418 41.27837 0 1.05000 40.75000 24.50758 0.16972 -13
-0.42431 -0.00172 57.65952 0 0.05000 12.57500 53.07917 0.10939 13
0.85729 0.13387 22.28560 0 -4.00000 -27.42500 16.98243 0.13332 -13
0.87922 -0.26551 22.28560 0 8.05000 -28.10000 16.98243 0.13677 -13
1.02727 -0.14187 3.43175 0 4.47500 -32.05000 2.40601 0.14528 -13
-0.91602 -0.02129 67.93961 0 0.62500 28.30000 50.10324 0.13658 13
-0.99165 -0.12483 48.90080 0 3.75000 26.32500 34.85582 0.14237 13
1.08727 0.11945 80.19505 0 -3.60000 -33.75000 54.49613 0.14925 13
1.12138 -0.28086 80.19505 0 8.47500 -34.77500 54.49613 0.15391 13
0.67294 0.06845 60.25031 0 -2.05000 -19.20000 50.02265 0.12157 -13
-0.28228 -0.02192 94.01042 0 0.67500 9.55000 90.47651 0.10466 -13
-2.12565 0.11768 12.55639 0 -3.47500 62.95000 5.37467 0.23682 -13
-0.17003 0.03555 59.16209 0 -1.07500 4.85000 58.32603 0.10221 -13
-0.36599 -0.18739 61.41846 0 5.65000 12.97500 57.79295 0.10889 -13
-1.23634 0.07058 38.83144 0 -2.15000 39.67500 24.45651 0.16030 13
1.24441 0.13076 34.79409 0 -3.97500 -36.77500 21.90755 0.16131 13
1.27777 -0.26895 34.79409 0 8.10000 -37.77500 21.90755 0.16559 13
-1.77621 0.13454 83.13381 0 -4.05000 53.42500 41.06138 0.20571 -13
-1.82110 -0.26493 83.13381 0 8.00000 54.77500 41.06138 0.21094 -13
-1.96133 -0.20763 22.20458 0 6.22500 61.35000 10.25553 0.22261 13
0.80301 -0.11304 55.43681 0 3.40000 -21.75000 43.33293 0.12965 13
1.03099 -0.06269 33.08320 0 1.90000 -30.35000 23.05722 0.14479 -13
-0.62235 0.10041 57.31504 0 -3.05000 17.95000 48.72889 0.11905 13
-0.20293 0.00537 21.96180 0 -0.15000 5.72500 21.52311 0.10276 -13
1.66743 -0.03661 13.86531 0 1.05000 -49.37500 7.13413 0.19584 13
-0.07701 -0.03929 72.09304 0 1.20000 2.10000 71.88057 0.10108 -13
0.62759 0.14668 40.51966 0 -4.45000 -16.35000 34.42297 0.11981 13
0.64039 -0.25221 40.51966 0 7.60000 -16.72500 34.42297 0.12224 13
1.59748 0.13221 16.38058 0 -3.92500 -47.45000 8.74643 0.19021 -13
1.63929 -0.26709 16.38058 0 8.12500 -48.75000 8.74643 0.19533 -13
0.09690 0.01163 81.15945 0 -0.35000 -7.35000 80.78118 0.10118 13
-0.80518 -0.24112 5.48946 0 7.40000 24.17500 4.32302 0.13169 -13
