-0.53699 -0.26429 78.03887 0 7.97500 15.07500 69.26118 0.11735 13
0.01864 -0.13595 64.96618 0 4.10000 0.50000 64.95510 0.10164 13
-0.22644 -0.22637 13.87692 0 6.87500 8.72500 13.55050 0.10577 -13
0.09518 -0.02336 70.95422 0 0.70000 -4.50000 70.63516 0.10118 -13
0.60222 0.01627 19.10072 0 -0.45000 -16.05000 16.36333 0.11757 -13
1.34056 -0.19935 50.47472 0 6.02500 -41.55000 30.55744 0.16963 -13
-0.67644 -0.01646 23.50495 0 0.52500 19.70000 19.46991 0.12159 -13
-1.18561 0.01949 95.21798 0 -0.57500 37.02500 61.39748 0.15620 -13
0.54901 -0.22192 11.33414 0 6.75000 -16.85000 9.98996 0.11708 -13
0.92011 -0.08633 58.34874 0 2.60000 -28.22500 43.01150 0.13711 13
-1.80477 0.14504 37.38271 0 -4.40000 54.95000 18.26278 0.20831 13
-1.84270 -0.25396 37.38271 0 7.62500 56.07500 18.26278 0.21263 13
0.68251 0.04725 83.58160 0 -1.42500 -19.10000 69.05943 0.12202 -13
-0.62130 -0.17902 36.77602 0 5.37500 20.42500 31.37366 0.11991 13
1.84916 0.13590 77.40033 0 -4.07500 -57.82500 37.07928 0.21213 -13
1.89487 -0.26349 77.40033 0 7.95000 -59.20000 37.07928 0.21741 -13
0.39625 -0.08250 71.44203 0 2.50000 -13.72500 66.44830 0.10864 -13
0.40588 -0.02717 8.69328 0 0.87500 -10.05000 8.05561 0.10873 -13
0.74781 0.07066 43.68138 0 -2.15000 -23.60000 35.01320 0.12595 13
-0.30196 0.06449 81.65809 0 -1.95000 6.50000 78.18554 0.10540 13
1.50002 -0.15454 21.47462 0 4.70000 -46.25000 12.00927 0.18225 -13
-0.22736 0.00167 85.30950 0 -0.05000 5.40000 83.18661 0.10327 13
-1.18765 -0.10083 29.62737 0 3.07500 36.22500 19.13946 0.15669 -13
-0.82730 -0.15465 31.54014 0 4.65000 27.27500 24.41822 0.13160 13
0.34458 -0.23841 25.80281 0 7.20000 -10.07500 24.46497 0.10921 -13
0.15987 0.14671 68.86983 0 -4.42500 -6.10000 68.02399 0.10305 13
0.16314 -0.25219 68.86983 0 7.60000 -6.17500 68.02399 0.10514 13
1.14895 -0.09588 93.53765 0 2.87500 -34.00000 61.56910 0.15369 13
0.28743 -0.03210 95.27747 0 0.97500 -6.15000 91.57359 0.10482 -13
0.42742 -1.12375 95.27747 0 1.20000 -6.12500 91.57359 0.10914 -13
0.15704 -0.03555 40.08394 0 1.05000 -5.65000 39.59928 0.10200 13
-0.42903 0.11118 27.31367 0 -3.32500 15.17500 25.12490 0.11010 -13
-1.47690 -1.40565 27.31367 0 -3.15000 15.55000 25.12490 0.11224 -13
0.21961 -0.01935 66.94659 0 0.57500 -7.05000 65.38894 0.10312 13
-0.12358 0.09599 57.55846 0 -2.90000 1.60000 57.12780 0.10193 -13
-0.65341 -0.14560 73.66115 0 4.37500 19.75000 61.85730 0.12118 13
-1.20119 -0.00952 94.84015 0 0.30000 35.12500 60.68087 0.15740 -13
-0.28571 -0.01422 90.11929 0 0.42500 6.37500 86.65280 0.10474 -13
-0.30432 0.05569 18.86598 0 -1.70000 7.90000 18.05104 0.10542 13
-0.09003 -0.13950 28.42145 0 4.20000 0.75000 28.30916 0.10208 13
0.73254 -0.00131 99.00344 0 0.02500 -20.82500 79.86668 0.12483 13
-0.42695 -0.05108 3.84685 0 1.67500 12.40000 3.53882 0.10968 -13
0.71197 0.03927 80.54887 0 -1.17500 -23.65000 65.63441 0.12368 -13
-1.40928 0.06315 72.11530 0 -1.90000 44.72500 41.78820 0.17413 -13
-0.45256 0.09065 6.08481 0 -2.82500 16.72500 5.54763 0.11095 13
-1.03093 -0.24373 66.43710 0 7.35000 33.05000 46.93816 0.14670 13
0.46219 0.05445 39.24849 0 -1.62500 -12.62500 35.63646 0.11107 -13
-0.11981 -0.23379 1.23737 0 6.60000 3.72500 1.22899 0.10418 13
-2.01314 -0.22853 59.80511 0 6.92500 61.40000 27.15184 0.22756 -13
-0.72561 -0.05672 69.29360 0 1.72500 20.52500 56.11586 0.12455 -13
0.33583 -0.23695 23.26565 0 7.12500 -7.97500 22.11469 0.10886 13
-0.51968 0.05486 90.88525 0 -1.65000 15.85000 80.67105 0.11362 -13
0.06909 0.03424 48.45513 0 -1.05000 -3.47500 48.34006 0.10100 13
-0.30321 0.05490 14.12685 0 -1.70000 6.85000 13.52081 0.10539 13
-0.36107 0.10660 85.18683 0 -3.22500 10.97500 80.17582 0.10760 13
1.04616 -0.01024 47.48307 0 0.32500 -32.15000 32.81043 0.14575 -13
2.05157 0.09142 92.97335 0 -2.77500 -61.37500 40.87312 0.23003 13
-1.26685 -0.19500 92.93399 0 5.87500 38.07500 58.24201 0.16370 13
0.69914 0.07203 3.55536 0 -2.35000 -21.77500 2.91619 0.12320 13
0.37993 0.03257 98.77044 0 -0.97500 -11.72500 92.33723 0.10777 13
0.19649 0.12581 63.12142 0 -3.80000 -5.90000 61.95500 0.10341 13
0.20214 -0.27414 63.12142 0 8.25000 -6.07500 61.95500 0.10638 13
-0.40321 -0.19434 35.07978 0 5.85000 12.80000 32.61765 0.11032 13
-0.80083 0.00549 26.30393 0 -0.20000 24.80000 20.53185 0.12902 13
-0.80173 -0.09531 36.60217 0 2.90000 24.67500 28.60769 0.12944 -13
-0.17942 -0.00912 2.14458 0 0.50000 6.07500 2.11092 0.10245 -13
0.08399 0.08742 61.40010 0 -2.62500 -1.10000 61.18628 0.10144 -13
-0.96791 -0.06480 67.65617 0 1.97500 28.50000 48.66267 0.14031 -13
-0.08728 0.01337 71.42621 0 -0.40000 1.35000 71.15579 0.10109 13
-0.27640 0.05126 56.01703 0 -1.55000 8.52500 53.99774 0.10461 13
0.02340 0.01941 11.95733 0 -0.62500 0.30000 11.95405 0.10076 13
-0.12252 -0.04907 91.02378 0 1.47500 4.42500 90.34980 0.10158 -13
1.24844 -0.07237 41.53401 0 2.17500 -36.42500 26.00772 0.16124 13
-1.01896 -0.12128 83.87655 0 3.65000 29.85000 58.96865 0.14428 13
1.04244 0.07330 82.13846 0 -2.22500 -31.82500 56.94096 0.14566 13
0.27729 -0.06001 35.01151 0 1.82500 -6.82500 33.74278 0.10468 -13
1.91687 -0.13980 33.55032 0 4.17500 -57.20000 15.63590 0.21815 13
1.41039 -0.04374 11.64481 0 1.40000 -41.32500 6.73933 0.17419 -13
1.05770 -0.14027 31.09400 0 4.25000 -31.52500 21.47109 0.14728 -13
-1.14285 -0.02290 36.18139 0 0.70000 34.02500 23.82953 0.15294 -13
0.00626 -0.04567 20.63105 0 1.40000 2.77500 20.63065 0.10082 -13
-0.72908 -0.09555 16.81147 0 2.85000 20.47500 13.60542 0.12498 13
-0.75655 0.13581 5.31980 0 -4.22500 21.57500 4.25642 0.12711 13
-0.77556 -0.26386 5.31980 0 7.82500 22.10000 4.25642 0.13006 13
-0.35868 -0.16473 72.64114 0 4.97500 8.65000 68.47893 0.10827 -13
1.33967 0.07678 79.11347 0 -2.30000 -40.15000 47.41270 0.16853 -13
-0.22371 -0.06560 11.88640 0 1.95000 6.50000 11.60090 0.10340 13
-0.12969 0.03334 56.40343 0 -1.00000 6.77500 55.93551 0.10160 -13
-0.58935 0.13387 45.29811 0 -4.05000 16.17500 39.11382 0.11767 13
-0.60439 -0.26565 45.29811 0 8.00000 16.62500 39.11382 0.12066 13
-1.83024 0.03770 87.92873 0 -1.15000 56.67500 42.18258 0.21007 13
0.65662 -0.23285 80.10732 0 7.02500 -17.72500 67.48716 0.12273 13
-2.02664 0.08549 81.52704 0 -2.57500 59.95000 36.18096 0.22774 -13
0.51919 -0.12780 56.25799 0 3.85000 -15.45000 50.01491 0.11419 13
0.65456 -0.15100 65.21591 0 4.57500 -20.95000 54.74950 0.12132 -13
-0.67628 -0.01279 11.16189 0 0.32500 21.17500 9.24635 0.12158 13
-0.94432 0.04700 12.96524 0 -1.37500 30.02500 9.43158 0.13858 -13
-0.32544 -0.22333 23.41894 0 6.72500 6.82500 22.32005 0.10825 13
-0.18512 0.02824 87.94705 0 -0.85000 4.37500 86.47892 0.10245 13
2.15495 -0.13430 55.11332 0 4.02500 -64.72500 23.37013 0.23960 13
0.19804 -0.21145 16.93836 0 6.40000 -6.85000 16.62909 0.10487 -13
0.55731 0.07068 63.10018 0 -2.12500 -16.67500 55.15090 0.11550 -13
-0.87035 -0.15303 29.80701 0 4.65000 26.85000 22.59566 0.13441 -13
0.76042 -0.03827 32.33324 0 1.12500 -22.62500 25.74424 0.12657 13
0.10710 -0.05061 54.96687 0 1.52500 -2.22500 54.65510 0.10141 13
-0.31211 0.12014 55.18705 0 -3.62500 8.02500 52.71429 0.10618 -13
-0.32181 -0.28011 55.18705 0 8.45000 8.32500 52.71429 0.10950 -13
1.67955 -0.10026 33.83368 0 3.00000 -50.65000 17.37284 0.19709 13
1.92088 -0.18467 15.50932 0 5.65000 -57.92500 7.25667 0.21897 -13
-0.69208 -0.18668 66.77749 0 5.62500 20.70000 55.21183 0.12390 13
1.47396 0.13569 30.39328 0 -4.07500 -46.50000 17.17049 0.17987 -13
1.51050 -0.26367 30.39328 0 7.97500 -47.62500 17.17049 0.18439 -13
-0.05280 -0.18395 79.05237 0 5.55000 0.22500 78.94599 0.10253 -13
1.17588 0.13457 45.21254 0 -4.07500 -35.87500 29.44280 0.15605 13
1.20557 -0.26490 45.21254 0 7.97500 -36.77500 29.44280 0.15995 13
1.83431 0.03893 77.27213 0 -1.15000 -55.92500 37.00797 0.21042 -13
-0.35013 -0.10711 97.57549 0 3.22500 15.15000 92.15075 0.10724 13
-1.61700 -0.00544 91.73556 0 0.17500 49.00000 48.25144 0.19146 -13
-1.43463 -0.06718 63.74793 0 2.02500 45.50000 36.50834 0.17623 13
0.77308 0.07514 50.72362 0 -2.27500 -24.85000 40.17218 0.12752 13
-0.55095 -0.13907 87.16643 0 4.20000 18.40000 76.51590 0.11583 -13
0.46003 0.04478 54.87145 0 -1.35000 -15.60000 49.85839 0.11094 13
0.09403 -0.07980 52.08611 0 2.40000 -1.92500 51.85880 0.10146 13
-0.23432 -0.00157 83.38676 0 0.05000 5.95000 81.18773 0.10343 -13
-0.21908 -0.11182 67.84763 0 3.37500 9.35000 66.29448 0.10371 -13
-1.41144 -0.09967 37.69770 0 2.97500 41.97500 21.86506 0.17447 13
0.07732 -0.14895 3.33092 0 4.65000 -4.55000 3.32125 0.10223 -13
-1.30676 -0.24820 62.33178 0 7.47500 38.32500 38.59401 0.16756 13
0.06784 -0.06886 36.78235 0 2.07500 -2.50000 36.69836 0.10117 13
-0.50662 -0.02410 19.84804 0 0.70000 12.65000 17.70669 0.11291 13
0.59843 -0.07500 75.83007 0 2.25000 -19.95000 65.11704 0.11760 13
-0.07290 -0.07700 37.95070 0 2.32500 5.00000 37.85081 0.10127 -13
-0.28909 -0.07180 22.70101 0 2.20000 10.17500 21.81215 0.10508 -13
0.66797 -0.17982 16.28926 0 5.37500 -19.25000 13.61159 0.12242 13
-0.72167 -0.08989 88.82840 0 2.72500 20.75000 72.12935 0.12452 -13
-0.03232 -0.20449 10.89338 0 6.22500 1.07500 10.88793 0.10287 -13
1.06482 0.03994 85.36230 0 -1.22500 -31.30000 58.46134 0.14716 13
-0.13951 -0.19067 87.34197 0 5.75000 3.22500 86.53321 0.10348 -13
-1.18191 -0.01582 51.42247 0 0.50000 35.77500 33.21675 0.15592 -13
-0.33390 -0.19699 31.06361 0 5.92500 11.12500 29.51987 0.10799 13
-0.40423 -0.21591 54.23609 0 6.50000 11.92500 50.44113 0.11077 13
0.96975 -0.15752 51.64214 0 4.75000 -26.70000 37.29201 0.14116 13
-1.39603 0.02028 4.65735 0 -0.80000 39.17500 2.71250 0.17301 13
-1.49470 0.02635 44.45096 0 -0.82500 44.82500 24.72334 0.18112 13
0.13112 -0.15865 9.63085 0 4.82500 -4.82500 9.55114 0.10284 -13
0.61378 -0.10472 83.90291 0 3.17500 -19.15000 71.61408 0.11863 -13
-0.10776 0.13577 25.70968 0 -4.12500 4.55000 25.56432 0.10222 13
-0.11044 -0.26367 25.70968 0 7.92500 4.62500 25.56432 0.10472 13
0.35109 -0.12022 88.64451 0 3.62500 -8.60000 83.70476 0.10742 -13
-0.48806 -0.16775 10.56460 0 5.10000 12.67500 9.51952 0.11336 -13
-0.78910 0.04993 75.35072 0 -1.50000 26.00000 59.18018 0.12838 13
1.17136 -0.20080 39.76915 0 6.05000 -34.65000 26.11591 0.15639 13
-1.60699 0.01907 8.50658 0 -0.47500 46.42500 4.49485 0.19063 -13
-1.68628 -0.14301 54.30391 0 4.30000 49.65000 27.90620 0.19794 13
-0.50854 -0.11271 3.66564 0 3.55000 14.95000 3.27170 0.11366 -13
1.35854 0.05771 57.73424 0 -1.75000 -40.80000 34.26181 0.16998 13
0.63049 -0.15526 18.51409 0 4.65000 -17.97500 15.71377 0.12005 13
-0.27359 -0.11560 45.86452 0 3.50000 7.75000 44.25905 0.10505 -13
0.10593 -0.04674 89.05345 0 1.40000 -1.55000 88.55909 0.10137 13
-0.66230 0.09369 35.54089 0 -2.80000 22.80000 29.67130 0.12115 -13
-1.65396 0.12255 8.31320 0 -3.57500 51.02500 4.32417 0.19497 -13
-1.70361 -0.27719 8.31320 0 8.50000 52.60000 4.32417 0.20107 -13
1.26114 0.08056 11.01368 0 -2.35000 -35.10000 6.85663 0.16226 -13
0.89190 -0.23622 42.07253 0 7.15000 -28.27500 31.77252 0.13703 -13
0.11377 -0.23472 80.40580 0 7.10000 -3.52500 79.91707 0.10407 -13
0.77643 0.05909 20.50664 0 -1.75000 -22.87500 16.20817 0.12763 -13
-0.64727 0.05092 29.61435 0 -1.52500 19.50000 24.87052 0.12006 -13
-0.17937 0.09589 30.45743 0 -2.87500 6.60000 29.98315 0.10276 -13
-0.42329 -0.09510 10.44720 0 2.92500 13.80000 9.62758 0.10979 -13
-0.25579 -0.06478 23.68868 0 1.92500 4.62500 22.95294 0.10415 13
-0.99331 -0.00442 91.06033 0 0.12500 28.95000 64.60515 0.14194 13
-0.00336 0.12531 16.77097 0 -3.75000 -0.55000 16.77088 0.10147 -13
-0.00348 -0.27459 16.77097 0 8.32500 -0.55000 16.77088 0.10445 -13
-0.34690 0.06323 57.43683 0 -1.92500 7.82500 54.27590 0.10679 13
-0.17923 -0.15356 37.89525 0 4.62500 5.75000 37.31416 0.10346 13
-0.12650 -0.00563 80.31347 0 0.17500 6.70000 79.67851 0.10151 13
-0.36886 -0.10457 77.56558 0 3.15000 10.52500 72.81991 0.10785 13
-1.72304 -0.12807 70.78789 0 3.85000 52.35000 35.74907 0.20102 13
0.41420 -0.25684 70.78789 0 3.87500 52.10000 35.74907 0.20061 13
-0.23595 0.60323 70.78789 0 5.20000 51.60000 35.74907 0.20804 13
-0.07411 0.03328 70.78789 0 4.07500 51.15000 35.74907 0.21951 13
0.41334 -0.15909 84.04313 0 4.80000 -10.22500 77.80991 0.11014 13
0.21391 -0.24919 67.27015 0 7.52500 -4.82500 65.86623 0.10600 -13
-1.26531 0.07365 29.74527 0 -2.25000 39.85000 18.47438 0.16260 13
-1.01590 -0.19667 30.88657 0 5.90000 30.80000 21.87513 0.14490 13
-1.42503 -0.03272 64.34796 0 1.00000 45.25000 36.97572 0.17535 -13
0.14920 0.05829 98.00774 0 -1.77500 -4.25000 96.93836 0.10199 13
1.69985 -0.05224 64.21101 0 1.60000 -48.97500 32.59112 0.19867 -13
0.59325 0.10330 19.35769 0 -3.10000 -18.02500 16.67175 0.11754 -13
-1.64409 -0.21403 51.69666 0 6.47500 48.90000 27.30551 0.19500 -13
-1.38318 0.00597 46.39304 0 -0.20000 41.72500 27.18172 0.17188 13
1.74205 -0.21309 39.47572 0 6.40000 -51.62500 19.98138 0.20338 13
-1.88226 0.14840 51.07657 0 -4.45000 58.27500 24.16793 0.21513 -13
-1.91931 -0.25041 51.07657 0 7.57500 59.40000 24.16793 0.21943 -13
-0.22392 0.13759 91.95263 0 -4.15000 9.82500 89.77022 0.10412 13
-0.22930 -0.26172 91.95263 0 7.90000 9.97500 89.77022 0.10662 13
-1.58265 -0.22350 99.78549 0 6.75000 46.82500 54.23128 0.18987 -13
0.53401 0.00856 30.42345 0 -0.25000 -17.17500 26.83695 0.11417 -13
-0.07856 -0.18140 84.02691 0 5.47500 3.77500 83.77709 0.10265 13
0.83292 -0.02449 75.23976 0 0.75000 -22.52500 57.81956 0.13108 -13
0.02963 -0.11881 98.99080 0 3.57500 -3.97500 98.94795 0.10145 13
1.57912 -0.10423 27.56064 0 3.10000 -49.45000 14.80172 0.18850 13
1.85216 -0.23025 22.67055 0 6.90000 -60.62500 10.98686 0.21315 13
-0.03500 0.01767 35.33921 0 -0.55000 0.22500 35.31760 0.10078 13
-0.58186 0.02379 29.57234 0 -0.75000 16.57500 25.56239 0.11653 13
1.22586 -0.02068 82.33271 0 0.62500 -35.80000 52.05049 0.15933 13
1.35099 0.06761 85.07451 0 -2.02500 -39.97500 50.68927 0.16940 -13
-0.64885 0.05999 61.23609 0 -1.82500 21.20000 51.39746 0.12020 13
1.28508 -0.01061 94.16078 0 0.30000 -39.67500 57.82875 0.16398 13
1.53834 -0.06376 75.91976 0 1.92500 -45.52500 41.43659 0.18489 -13
0.49211 -0.20590 37.11787 0 6.22500 -14.30000 33.43672 0.11415 -13
-1.43716 0.00136 24.27536 0 -0.07500 43.97500 13.86526 0.17631 13
-1.13115 -0.11983 39.30193 0 3.60000 32.15000 26.13538 0.15251 13
1.60198 0.01877 66.06404 0 -0.55000 -48.22500 34.98720 0.19018 -13
0.47262 -0.14767 95.22787 0 4.45000 -13.85000 86.26507 0.11237 13
-0.84329 0.12353 68.60540 0 -3.72500 23.90000 52.61156 0.13231 -13
-0.86836 -0.27654 68.60540 0 8.35000 24.67500 52.61156 0.13626 -13
-0.95576 -0.12621 95.61995 0 3.82500 29.25000 69.38561 0.13988 -13
-0.27884 -0.05552 96.92629 0 1.67500 5.92500 93.37502 0.10469 13
-0.38125 0.11638 23.85010 0 -3.52500 11.32500 22.30450 0.10842 13
0.10621 0.04290 22.85738 0 -1.32500 -6.05000 22.72976 0.10137 13
0.82476 -0.09885 98.53827 0 3.00000 -26.40000 76.16812 0.13092 -13
0.46439 -0.14429 14.79959 0 4.40000 -13.40000 13.44703 0.11200 -13
0.88206 0.12868 64.41379 0 -3.87500 -25.22500 48.48024 0.13490 -13
0.90640 -0.27107 64.41379 0 8.17500 -25.95000 48.48024 0.13864 -13
0.01408 -0.14187 85.91572 0 4.27500 -1.67500 85.90738 0.10172 13
-0.21022 -0.13483 91.56020 0 4.05000 6.80000 89.63574 0.10379 13
-0.45728 0.07437 4.37118 0 -2.12500 16.07500 3.97729 0.11098 -13
-1.23595 -0.13644 3.51913 0 3.87500 37.52500 2.22542 0.16064 13
-0.31386 -0.12233 64.08273 0 3.70000 11.10000 61.18238 0.10627 -13
0.51595 0.09369 39.05999 0 -2.80000 -15.02500 34.74395 0.11371 -13
-0.44390 0.00400 53.99798 0 -0.10000 14.95000 49.35399 0.11018 -13
0.07462 0.13887 39.51776 0 -4.17500 -2.57500 39.41031 0.10194 -13
0.07636 -0.26036 39.51776 0 7.87500 -2.65000 39.41031 0.10436 -13
-0.24097 0.13016 71.14660 0 -3.92500 7.47500 69.19849 0.10442 13
-0.24748 -0.26953 71.14660 0 8.12500 7.67500 69.19849 0.10723 13
0.98440 -0.00611 39.99599 0 0.17500 -28.95000 28.50294 0.14131 13
1.54964 -0.14299 53.28904 0 4.30000 -47.40000 29.10079 0.18627 13
0.58865 -0.10673 68.54346 0 3.22500 -16.20000 59.15518 0.11735 -13
-0.65803 0.03744 58.40895 0 -1.15000 18.42500 48.80336 0.12061 13
0.10588 0.05072 90.51196 0 -1.52500 -2.90000 90.01017 0.10139 13
1.90257 -0.15465 18.41840 0 4.60000 -57.97500 8.64783 0.21697 13
-1.30569 0.01607 56.04286 0 -0.50000 39.80000 34.07871 0.16563 13
0.10714 -0.06848 44.82848 0 2.07500 -3.75000 44.57465 0.10152 -13
-1.96981 0.11046 70.09660 0 -3.35000 59.15000 31.88329 0.22276 13
0.30746 -0.22801 2.34544 0 7.12500 -10.42500 2.24649 0.10814 -13
0.12478 -0.24438 9.62373 0 7.42500 -3.32500 9.55386 0.10448 -13
-0.10792 -0.06266 79.10281 0 1.90000 3.55000 78.64792 0.10149 -13
1.67991 0.09651 38.51696 0 -2.92500 -51.32500 19.76987 0.19713 13
0.42824 0.11723 54.27868 0 -3.55000 -13.75000 49.94820 0.11019 13
1.36370 -0.09598 74.67483 0 2.87500 -40.40000 44.29031 0.17056 13
-1.40455 0.12354 65.11304 0 -3.75000 41.22500 37.95527 0.17408 13
-1.44629 -0.27654 65.11304 0 8.32500 42.47500 37.95527 0.17922 13
-1.36840 -0.07860 36.85758 0 2.35000 38.87500 21.79003 0.17085 13
0.86833 -0.20675 42.84411 0 6.22500 -26.85000 32.63918 0.13497 13
-0.81214 0.01371 36.79002 0 -0.42500 25.27500 28.55901 0.12974 13
-0.14845 0.02093 65.12455 0 -0.65000 4.90000 64.41891 0.10183 13
1.12696 -0.11049 7.94367 0 3.25000 -32.05000 5.29029 0.15210 13
-1.71754 0.09848 71.92005 0 -2.97500 54.65000 36.31767 0.20039 13
-0.46879 -0.06811 75.12865 0 2.05000 12.32500 68.05327 0.11143 -13
0.16037 -0.03615 29.60061 0 1.10000 -4.15000 29.22758 0.10206 -13
0.49899 -0.19859 80.41127 0 5.97500 -15.42500 72.22489 0.11430 13
1.46618 0.11425 68.28640 0 -3.42500 -40.70000 38.64751 0.17909 -13
1.64017 0.09714 10.25183 0 -3.02500 -51.70000 5.35548 0.19374 13
0.19954 -0.04515 50.97766 0 1.35000 -4.60000 49.99391 0.10279 13
0.37705 0.01493 50.97766 0 1.30000 -5.12500 49.99391 0.10508 13
-0.80136 -0.57717 50.97766 0 2.17500 -5.87500 49.99391 0.11560 13
1.08462 -0.07800 44.17715 0 2.37500 -32.27500 29.99401 0.14878 -13
-0.65863 -0.11200 10.89183 0 3.32500 20.30000 9.11354 0.12109 13
-0.47479 0.03737 45.27695 0 -1.15000 15.22500 40.90630 0.11154 13
-0.12066 -0.11524 33.86364 0 3.50000 2.70000 33.62296 0.10210 -13
-0.02647 -0.24173 6.86289 0 7.20000 -0.47500 6.86061 0.10359 13
-1.93747 0.13475 20.79862 0 -4.12500 59.02500 9.60535 0.22009 13
-1.98639 -0.26470 20.79862 0 7.92500 60.45000 9.60535 0.22547 13
-1.05147 -0.17035 26.74748 0 5.10000 29.77500 18.57121 0.14711 13
-0.14721 0.10132 87.62359 0 -3.05000 5.10000 86.69870 0.10230 13
-0.37266 -0.11526 72.13292 0 3.47500 10.25000 67.64614 0.10810 -13
1.86357 -0.02595 80.63573 0 0.80000 -55.77500 38.13661 0.21300 -13
2.03167 -0.20673 40.16751 0 6.27500 -62.02500 18.03842 0.22903 -13
-0.80758 0.05339 29.36007 0 -1.62500 22.12500 22.85489 0.12956 13
0.43499 -0.02619 23.84602 0 0.82500 -12.42500 21.86807 0.10985 -13
-0.13162 0.08278 88.03641 0 -2.50000 6.40000 87.28863 0.10191 -13
-1.34553 0.00693 11.84293 0 -0.27500 42.12500 7.06436 0.16883 13
-0.39845 -0.12020 56.34126 0 3.62500 10.72500 52.39057 0.10908 -13
-0.43900 0.13988 77.35669 0 -4.22500 11.55000 70.94158 0.11087 -13
-0.44914 -0.25931 77.35669 0 7.82500 11.85000 70.94158 0.11345 -13
-1.48888 -0.11947 83.34084 0 3.60000 45.32500 46.69317 0.18101 13
-1.79011 0.10694 25.75457 0 -3.17500 51.87500 12.61461 0.20674 -13
0.49386 -0.00141 84.66753 0 0.05000 -15.32500 75.91455 0.11231 -13
0.71955 -0.14439 11.87150 0 4.30000 -21.12500 9.67075 0.12488 13
1.42611 -0.07340 43.38429 0 2.20000 -42.52500 24.95283 0.17556 13
-0.76174 -0.19424 78.49159 0 5.87500 22.92500 62.86020 0.12810 -13
-0.74228 -0.07984 26.73213 0 2.37500 21.55000 21.48898 0.12567 13
1.20770 0.08234 65.21064 0 -2.50000 -35.90000 41.67188 0.15812 13
0.56832 -0.13399 4.90843 0 3.92500 -18.92500 4.27673 0.11658 13
-0.87127 -0.04970 74.31462 0 1.50000 25.82500 56.06081 0.13366 -13
1.30389 0.11770 94.40632 0 -3.55000 -39.62500 57.70047 0.16591 13
-0.12153 -0.19329 12.82494 0 5.87500 4.27500 12.73459 0.10332 -13
0.83370 -0.19312 87.31113 0 5.82500 -26.20000 67.56203 0.13254 13
1.95052 -0.08549 79.23028 0 2.60000 -57.52500 36.25126 0.22090 -13
-1.15305 -0.06011 38.48282 0 1.82500 36.15000 25.23975 0.15383 -13
0.22399 0.02297 86.85350 0 -0.70000 -8.25000 84.75452 0.10323 -13
-0.32680 0.02564 4.09060 0 -0.90000 10.32500 3.88839 0.10602 13
-1.72452 -0.06956 70.16279 0 2.07500 50.50000 35.25964 0.20085 13
-0.64117 -0.13502 49.96728 0 4.07500 21.12500 42.17364 0.12040 -13
-1.15602 -0.15519 17.64564 0 4.72500 34.77500 11.62191 0.15475 -13
0.86186 0.09948 32.71138 0 -2.97500 -25.10000 24.83055 0.13331 -13
0.40972 0.05627 88.48604 0 -1.70000 -11.47500 81.89863 0.10897 -13
-1.08013 0.08655 49.95211 0 -2.62500 32.10000 34.00387 0.14849 13
0.23178 0.10764 81.72752 0 -3.25000 -7.37500 79.64027 0.10394 -13
1.03124 -0.17788 62.25302 0 5.37500 -29.70000 43.68382 0.14577 -13
0.15506 0.03056 40.66480 0 -0.90000 -5.12500 40.18504 0.10195 -13
0.38129 0.03487 3.18642 0 -1.20000 -12.20000 2.97757 0.10791 13
1.62685 -0.07159 62.80075 0 2.15000 -47.77500 32.94791 0.19244 13
0.22051 0.01297 39.81443 0 -0.37500 -8.32500 38.88046 0.10313 -13
-0.47626 -0.05852 13.56730 0 1.72500 16.20000 12.25280 0.11169 13
0.64865 0.13381 21.44801 0 -4.00000 -18.60000 18.04137 0.12077 -13
0.66521 -0.26561 21.44801 0 8.05000 -19.10000 18.04137 0.12390 -13
-0.50002 0.13186 70.19202 0 -3.97500 17.52500 62.88840 0.11337 -13
-0.51319 -0.26773 70.19202 0 8.07500 17.92500 62.88840 0.11636 -13
0.87904 -0.17254 85.51435 0 5.20000 -27.32500 64.63651 0.13520 13
1.53382 -0.06919 2.94990 0 2.40000 -42.85000 1.61427 0.18473 -13
-0.96749 0.13131 12.75806 0 -4.02500 30.30000 9.20708 0.14078 13
-0.99323 -0.26845 12.75806 0 8.05000 31.07500 9.20708 0.14442 13
-0.89196 0.09720 39.21343 0 -2.95000 27.15000 29.32471 0.13531 13
1.02271 -0.15658 73.27765 0 4.72500 -30.42500 51.54662 0.14489 13
1.15470 -0.18036 29.57647 0 5.47500 -33.12500 19.53915 0.15492 -13
0.48434 -0.05105 22.05587 0 1.52500 -15.45000 19.85516 0.11201 13
-0.93910 0.11523 32.96904 0 -3.45000 29.10000 24.10727 0.13862 -13
0.34344 0.07893 62.58378 0 -2.40000 -10.42500 59.20984 0.10678 13
-0.38905 -0.06654 76.22087 0 2.00000 11.40000 71.05503 0.10826 13
0.51448 0.01466 95.25146 0 -0.42500 -15.07500 84.70105 0.11326 -13
1.07810 0.12757 9.09386 0 -3.92500 -31.42500 6.21005 0.14872 13
1.10828 -0.27240 9.09386 0 8.12500 -32.32500 6.21005 0.15274 13
0.59575 0.05482 28.60609 0 -1.67500 -18.42500 24.58496 0.11735 13
-0.69726 -0.07025 10.83768 0 2.17500 23.97500 8.89690 0.12299 -13
2.05730 -0.05727 32.42089 0 1.70000 -62.30000 14.19171 0.23042 13
-2.05733 -0.18160 31.77918 0 5.52500 61.60000 14.07474 0.23114 -13
-1.24069 -0.18511 87.80351 0 5.60000 35.90000 55.66221 0.16156 -13
-0.24301 -0.00474 21.16297 0 0.17500 7.77500 20.56451 0.10363 -13
-1.87816 -0.04458 4.72893 0 1.55000 57.52500 2.22398 0.21447 -13
0.19234 0.04286 10.83421 0 -1.25000 -5.10000 10.63951 0.10264 -13
0.62518 -0.05154 18.63677 0 1.57500 -18.72500 15.80868 0.11888 -13
0.90750 -0.18201 93.58967 0 5.47500 -28.37500 69.81296 0.13721 13
0.82036 -0.11118 15.89462 0 3.32500 -23.90000 12.31891 0.13072 13
-0.58454 -0.19598 95.42416 0 5.90000 17.32500 82.77265 0.11830 13
0.12256 0.03149 85.23029 0 -0.95000 -3.45000 84.59791 0.10150 -13
0.38810 -0.24479 31.01759 0 7.37500 -10.27500 29.02384 0.11078 13
-1.68225 -0.05436 56.67912 0 1.62500 51.40000 28.99363 0.19715 13
-1.59716 -0.13179 72.46785 0 4.00000 46.97500 38.69469 0.19024 -13
0.50478 0.10566 58.72292 0 -3.17500 -14.25000 52.48176 0.11330 -13
-0.82412 -0.18194 89.92263 0 5.47500 23.65000 69.84773 0.13177 13
0.98823 0.10604 55.47872 0 -3.17500 -31.85000 39.56913 0.14198 -13
-1.63841 -0.19955 92.33784 0 6.02500 48.97500 48.79071 0.19435 -13
-1.23001 -0.18218 13.47683 0 5.55000 35.17500 8.58437 0.16076 -13
-0.33411 0.10093 92.92567 0 -3.05000 12.12500 88.18091 0.10666 -13
-1.47211 0.05546 89.37602 0 -1.67500 44.17500 50.27411 0.17930 13
-1.90925 -0.11904 65.63869 0 3.62500 57.87500 30.62179 0.21740 -13
-1.44838 0.08569 93.04717 0 -2.57500 44.00000 52.99651 0.17745 -13
0.33981 -0.16067 38.57841 0 4.82500 -10.60000 36.57489 0.10757 13
0.60290 0.08328 73.10282 0 -2.50000 -19.92500 62.66222 0.11788 -13
-0.29782 0.09388 44.70832 0 -2.85000 8.05000 42.86369 0.10550 13
0.22324 -0.06955 94.29250 0 2.10000 -8.30000 92.03788 0.10342 -13
0.39210 -0.01053 99.00985 0 0.32500 -10.45000 92.17804 0.10817 -13
1.45362 0.00770 64.31636 0 -0.22500 -44.02500 36.45330 0.17768 -13
1.17966 0.00090 44.71729 0 -0.05000 -35.72500 28.91525 0.15574 13
-1.01383 0.04445 50.10920 0 -1.35000 30.72500 35.20626 0.14348 13
-0.38218 0.05804 38.73961 0 -1.75000 10.27500 36.19455 0.10796 -13
0.29834 -0.15799 60.55429 0 4.75000 -10.05000 58.08493 0.10628 13
1.12985 -0.06840 91.99811 0 2.05000 -35.12500 61.05320 0.15210 13
-1.39023 -0.09366 40.60654 0 2.80000 42.77500 23.77925 0.17271 13
-1.19020 0.10575 10.30322 0 -3.25000 32.87500 6.64948 0.15695 13
0.39516 0.01539 70.27972 0 -0.47500 -12.52500 65.36291 0.10829 13
1.11746 -0.04018 49.74880 0 1.20000 -35.17500 33.19077 0.15106 13
-0.03602 -0.13982 8.87952 0 4.17500 1.42500 8.87386 0.10173 13
-1.67902 0.08243 69.24549 0 -2.47500 50.80000 35.52205 0.19697 -13
-0.21222 -0.22193 64.37221 0 6.70000 6.42500 63.03341 0.10535 -13
0.63778 -0.13438 84.34238 0 4.05000 -17.20000 71.29409 0.12021 -13
0.23699 0.11062 85.19043 0 -3.32500 -8.35000 82.92092 0.10409 -13
-0.48119 0.02771 67.44638 0 -0.82500 14.40000 60.78082 0.11179 -13
-0.87389 -0.23571 83.83293 0 7.10000 27.70000 63.85719 0.13582 13
-0.42692 0.12577 25.25444 0 -3.82500 12.82500 23.25409 0.11024 13
-0.43913 -0.27415 25.25444 0 8.25000 13.20000 23.25409 0.11338 13
-0.32983 0.03472 97.81196 0 -1.05000 9.20000 92.89528 0.10610 13
-0.13344 -0.19735 28.23887 0 5.92500 4.17500 27.99994 0.10351 13
-1.31142 -0.06013 31.98721 0 1.80000 40.32500 19.41782 0.16618 13
-0.22643 -0.07544 23.69702 0 2.30000 7.50000 23.11518 0.10354 -13
-1.95311 -0.08669 22.31427 0 2.57500 59.55000 10.19949 0.22111 13
0.44580 -0.20886 39.96392 0 6.32500 -11.57500 36.62821 0.11225 -13
1.74430 0.05936 87.89253 0 -1.77500 -53.70000 43.77178 0.20256 -13
-1.01250 -0.16175 38.35879 0 4.90000 28.40000 27.13004 0.14425 -13
0.14783 0.12465 62.23966 0 -3.75000 -4.70000 61.58051 0.10257 -13
0.15216 -0.27533 62.23966 0 8.30000 -4.82500 61.58051 0.10558 -13
-0.15794 -0.08897 71.38977 0 2.67500 3.35000 70.52246 0.10234 13
-0.70296 -0.16766 57.88992 0 5.05000 22.85000 47.57561 0.12424 13
0.04168 -0.15937 78.32092 0 4.82500 -5.35000 78.25465 0.10206 -13
0.74637 0.11793 18.14140 0 -3.60000 -23.90000 14.57396 0.12624 13
0.77024 -0.28253 18.14140 0 8.47500 -24.60000 14.57396 0.13022 13
-0.31687 -0.02070 34.29851 0 0.60000 7.97500 32.69710 0.10566 13
1.81455 -0.04193 32.67714 0 1.30000 -55.22500 15.78221 0.20870 -13
-0.68877 -0.06251 74.11084 0 1.87500 20.35000 61.07260 0.12244 13
1.33106 -0.00933 80.16994 0 0.30000 -42.80000 48.15615 0.16766 -13
0.84872 -0.12910 12.13099 0 3.85000 -28.72500 9.28073 0.13270 13
1.22785 -0.11079 42.79376 0 3.32500 -35.95000 27.12290 0.15986 13
-0.38586 -0.15398 35.97274 0 4.65000 12.37500 33.61127 0.10906 -13
1.86075 -0.05039 67.92091 0 1.50000 -56.22500 32.18375 0.21279 13
-0.27424 -0.19071 50.21209 0 5.77500 9.20000 48.48356 0.10618 -13
-0.33541 -0.17308 55.95184 0 5.20000 10.90000 53.12551 0.10763 13
0.59905 -0.02330 29.85300 0 0.67500 -15.70000 25.61122 0.11741 13
1.18348 -0.22404 22.77784 0 6.80000 -34.60000 14.90999 0.15770 -13
-0.91587 -0.03285 22.39822 0 0.95000 29.65000 16.52149 0.13659 13
1.21321 0.02511 36.73809 0 -0.77500 -36.90000 23.37127 0.15835 13
1.94951 -0.18568 2.70039 0 6.00000 -57.07500 1.24992 0.22200 -13
0.59102 -0.11299 7.89534 0 3.47500 -17.80000 6.80797 0.11757 -13
0.34820 -0.02992 86.82897 0 0.90000 -11.20000 82.00426 0.10668 13
0.78481 -0.12810 15.86354 0 3.82500 -23.47500 12.51771 0.12864 13
-1.48437 0.01320 55.36352 0 -0.37500 41.90000 30.93494 0.18025 -13
-0.96473 -0.13163 74.04740 0 3.97500 28.62500 53.51057 0.14056 -13
-0.16890 -0.09144 25.36285 0 2.75000 3.65000 25.01153 0.10254 13
0.90755 -0.07086 99.90949 0 2.12500 -29.40000 74.06677 0.13618 13
-0.82433 -0.06476 83.18597 0 1.95000 22.65000 64.24302 0.13067 -13
-1.90163 -0.08613 5.64664 0 2.77500 60.62500 2.63567 0.21670 -13
0.36390 0.09661 26.04695 0 -2.90000 -9.25000 24.48982 0.10760 -13
-0.70371 -0.10188 21.59097 0 3.05000 19.90000 17.68733 0.12356 13
-0.32073 0.10714 15.99197 0 -3.27500 8.90000 15.23573 0.10632 13
-1.59887 0.09647 46.86588 0 -2.92500 46.22500 24.93402 0.19017 13
-0.80606 -0.10880 34.33264 0 3.30000 23.92500 26.79177 0.12982 -13
-1.56682 0.03365 12.97204 0 -1.07500 47.02500 6.98185 0.18724 13
-0.67176 0.04322 15.04792 0 -1.27500 18.37500 12.49473 0.12139 -13
-0.17211 -0.23548 42.84622 0 7.10000 7.00000 42.25735 0.10490 13
0.35986 -0.07543 75.72724 0 2.27500 -15.05000 71.27730 0.10729 -13
0.28223 -0.02628 92.26094 0 0.80000 -9.10000 88.79457 0.10467 -13
-0.99309 0.02686 32.21761 0 -0.80000 32.72500 22.86432 0.14195 -13
0.30012 -0.21590 59.81916 0 6.50000 -9.87500 57.40012 0.10736 13
0.06852 0.14482 25.89375 0 -4.35000 -2.62500 25.83438 0.10198 -13
0.06997 -0.25413 25.89375 0 7.67500 -2.67500 25.83438 0.10416 -13
0.73568 -0.07065 52.14475 0 2.15000 -24.22500 42.03983 0.12522 -13
-0.90155 0.00481 26.14094 0 -0.17500 28.07500 19.41531 0.13559 13
1.79625 0.07031 42.33298 0 -2.10000 -52.00000 20.62829 0.20717 -13
-1.07039 0.11738 6.67910 0 -3.65000 31.72500 4.57802 0.14802 13
-1.10508 -0.28303 6.67910 0 8.42500 32.70000 4.57802 0.15256 13
0.31127 0.10553 63.90245 0 -3.20000 -7.62500 61.04468 0.10601 13
1.68430 -0.13409 27.06450 0 4.00000 -48.37500 13.90930 0.19768 13
-1.13333 0.06620 78.80235 0 -2.00000 35.97500 52.20204 0.15235 -13
-0.24435 0.12143 68.58231 0 -3.65000 5.27500 66.64946 0.10438 -13
-0.25182 -0.27874 68.58231 0 8.42500 5.50000 66.64946 0.10758 -13
-1.66723 -0.07184 64.65043 0 2.15000 51.15000 33.31704 0.19589 13
1.62230 -0.16619 1.09679 0 5.90000 -50.45000 0.58046 0.19482 -13
-0.70395 -0.12660 73.04714 0 3.82500 21.90000 59.88846 0.12381 -13
-1.80274 -0.12810 85.40210 0 3.87500 55.87500 41.68495 0.20801 -13
1.27400 -0.11446 75.96727 0 3.47500 -38.20000 47.09430 0.16351 -13
2.05371 -0.13014 4.84319 0 4.17500 -63.02500 2.13434 0.23075 -13
1.70850 0.04308 35.92189 0 -1.27500 -49.50000 18.15802 0.19940 -13
-1.03496 -0.19317 25.04162 0 5.80000 31.05000 17.56427 0.14620 13
-0.33443 0.10610 10.93530 0 -3.25000 11.10000 10.37649 0.10674 13
-0.69384 0.10179 8.82928 0 -3.15000 18.75000 7.26633 0.12303 13
0.02693 -0.03572 20.79453 0 1.05000 -1.05000 20.78699 0.10081 13
-1.97641 -0.04826 76.65150 0 1.47500 61.15000 34.63779 0.22311 -13
1.46136 -0.21342 7.23745 0 6.30000 -46.77500 4.14856 0.17950 13
0.79580 -0.22757 85.35550 0 6.87500 -23.90000 67.43469 0.13073 -13
0.01674 0.09797 40.11265 0 -2.97500 -2.02500 40.10707 0.10120 13
-2.00939 -0.11852 31.10075 0 3.55000 60.12500 13.93437 0.22630 13
0.48532 0.03168 14.40862 0 -1.00000 -13.07500 12.96380 0.11199 13
-0.08877 0.12701 93.04382 0 -3.82500 3.42500 92.68508 0.10190 -13
-0.09128 -0.27284 93.04382 0 8.22500 3.50000 92.68508 0.10479 -13
0.27621 -0.14823 40.80375 0 4.45000 -9.82500 39.36096 0.10553 13
0.94341 0.09781 80.55487 0 -2.95000 -31.62500 58.72511 0.13879 -13
0.30935 -0.21846 91.70113 0 6.57500 -10.45000 87.77997 0.10768 13
-0.40992 0.08202 79.35976 0 -2.47500 11.72500 73.46511 0.10915 13
2.17507 -0.02897 54.00213 0 0.90000 -62.57500 22.56612 0.24110 -13
-0.52218 -0.01980 50.24758 0 0.57500 16.30000 44.54252 0.11362 13
1.39096 0.00744 39.38346 0 -0.20000 -40.77500 22.98968 0.17252 -13
0.43781 0.03986 24.36510 0 -1.17500 -14.05000 22.32249 0.11000 -13
-1.90247 -0.22005 99.67638 0 6.65000 55.55000 47.23875 0.21759 -13
0.29695 -0.21369 95.32509 0 6.45000 -7.25000 91.54346 0.10722 13
0.26792 -0.15851 55.55104 0 4.80000 -9.27500 53.70258 0.10548 -13
-0.97420 0.11418 54.85766 0 -3.45000 27.62500 39.41741 0.14107 13
-0.03230 0.05935 18.55721 0 -1.82500 0.10000 18.54755 0.10094 13
0.80881 0.08113 21.21868 0 -2.42500 -24.02500 16.51915 0.12977 -13
0.47404 -0.02023 92.38837 0 0.60000 -14.72500 83.48650 0.11146 13
0.82867 -0.06825 26.23794 0 2.02500 -21.57500 20.22223 0.13096 13
-0.23119 0.10679 1.98104 0 -3.47500 7.52500 1.93081 0.10416 13
-0.16294 0.02935 31.66164 0 -0.90000 1.72500 31.24998 0.10208 13
-0.16139 -0.01059 50.48926 0 0.30000 3.45000 49.84439 0.10201 13
1.49515 -0.00169 29.81336 0 0.02500 -45.52500 16.57415 0.18114 13
0.66477 -0.17561 3.40971 0 5.47500 -18.90000 2.85326 0.12237 -13
1.29602 0.13358 33.99568 0 -4.05000 -38.60000 20.88321 0.16541 13
1.32933 -0.26594 33.99568 0 8.00000 -39.60000 20.88321 0.16960 13
0.20267 0.10454 29.05656 0 -3.12500 -4.20000 28.48367 0.10328 -13
0.03154 -0.14692 81.17049 0 4.45000 -1.42500 81.13100 0.10183 -13
1.41402 -0.20021 69.32638 0 6.05000 -42.92500 40.55402 0.17559 -13
0.04530 -0.16144 79.90594 0 4.87500 -1.75000 79.82615 0.10211 13
-1.27121 0.06953 41.37311 0 -2.07500 38.62500 25.61829 0.16302 -13
0.36086 -0.03208 4.42662 0 1.07500 -11.45000 4.16404 0.10715 -13
0.86492 -0.06464 97.64458 0 1.95000 -26.45000 73.91869 0.13331 -13
-0.69261 -0.04838 77.78642 0 1.47500 21.75000 63.97090 0.12259 -13
-0.67014 0.11949 97.31113 0 -3.60000 18.65000 81.01517 0.12182 13
-0.69116 -0.28083 97.31113 0 8.47500 19.30000 81.01517 0.12563 13
0.18779 -0.04943 94.23675 0 1.50000 -5.85000 92.62160 0.10258 -13
-0.15415 -0.08565 39.75613 0 2.60000 4.17500 39.29536 0.10226 -13
