-0.60691 0.02976 66.26659 0 -0.90000 18.30000 56.65654 0.11783 -13
1.05982 -0.12577 65.09174 0 3.77500 -31.05000 44.85603 0.14728 13
0.23199 -0.18185 75.80877 0 5.50000 -6.85000 73.90805 0.10499 -13
-0.21605 0.06096 78.39749 0 -1.82500 5.72500 76.63571 0.10321 -13
-0.17380 -0.12899 76.34662 0 3.90000 4.55000 75.23711 0.10304 -13
10.25379 1.23237 76.34662 0 3.95000 4.15000 75.23711 0.10402 -13
-0.07366 -0.50538 76.34662 0 3.50000 3.50000 75.23711 0.11174 -13
-0.76872 -0.19303 96.47659 0 5.82500 24.17500 77.00463 0.12850 -13
0.39389 0.10888 32.87750 0 -3.30000 -11.20000 30.61442 0.10880 13
0.34285 0.14877 99.45820 0 -4.47500 -13.70000 94.18979 0.10750 -13
0.34955 -0.25002 99.45820 0 7.55000 -13.90000 94.18979 0.10961 -13
0.08386 -0.07971 5.46294 0 2.50000 -3.32500 5.44392 0.10142 -13
0.30845 -0.03805 53.48209 0 1.15000 -10.05000 51.10933 0.10546 -13
-0.73272 0.10341 15.72844 0 -3.15000 21.67500 12.71048 0.12530 13
-4.32466 4.69960 15.72844 0 -3.25000 21.70000 12.71048 0.12547 13
-0.75795 -1.32697 15.72844 0 6.82500 20.37500 12.71048 0.14134 13
-2.06304 0.06950 1.55508 0 -2.90000 61.77500 0.67965 0.23202 13
-0.03561 -0.05830 90.13664 0 1.77500 0.00000 90.07973 0.10094 -13
-0.17616 -0.18261 32.97556 0 5.50000 6.00000 32.49134 0.10389 13
-1.16428 0.13921 40.20805 0 -4.22500 34.25000 26.34268 0.15521 13
-1.19150 -0.26004 40.20805 0 7.82500 35.07500 26.34268 0.15880 13
0.14125 -0.14714 85.90552 0 4.42500 -4.35000 85.07872 0.10277 13
-1.46942 0.03856 18.61449 0 -1.20000 45.42500 10.47748 0.17906 13
0.05689 -0.23276 5.90656 0 6.92500 0.10000 5.89749 0.10350 13
0.22268 -0.19738 10.67131 0 5.92500 -7.22500 10.42656 0.10504 13
0.51837 0.02214 47.25845 0 -0.65000 -20.05000 41.95870 0.11345 -13
-1.02230 -0.00335 30.68603 0 0.12500 32.07500 21.45803 0.14400 -13
-2.09050 -0.19187 82.52261 0 5.77500 63.30000 36.13668 0.23414 13
-0.10679 0.14276 99.97437 0 -4.30000 1.32500 99.42042 0.10229 -13
-0.10913 -0.25629 99.97437 0 7.72500 1.40000 99.42042 0.10454 -13
0.28717 -0.19534 2.23284 0 6.15000 -7.52500 2.14900 0.10690 -13
-1.26372 -0.23649 16.73203 0 7.07500 37.50000 10.55640 0.16386 13
-0.30652 0.06127 89.80434 0 -1.85000 8.10000 85.87496 0.10551 13
0.32279 0.06031 46.11576 0 -1.80000 -10.67500 43.89373 0.10599 -13
0.37147 -0.00375 43.91036 0 0.12500 -13.80000 41.16208 0.10743 -13
0.36785 -0.00624 58.76657 0 0.20000 -11.85000 55.15335 0.10730 -13
-0.38626 0.06579 31.49808 0 -1.97500 12.85000 29.39065 0.10816 -13
0.32729 -0.00868 20.55632 0 0.27500 -11.20000 19.53661 0.10597 -13
0.18350 -0.17144 80.07501 0 5.17500 -2.60000 78.79651 0.10384 -13
-0.21720 0.02603 35.28677 0 -0.77500 6.82500 34.48336 0.10308 -13
-0.30836 -0.01755 48.22053 0 0.52500 9.42500 46.08011 0.10540 13
0.92416 -0.00895 85.57639 0 0.27500 -29.05000 62.84895 0.13713 -13
0.09256 -0.01002 11.80296 0 0.25000 -1.75000 11.75271 0.10114 13
-0.10960 0.12025 87.87624 0 -3.62500 0.12500 87.36048 0.10203 13
-0.11301 -0.28003 87.87624 0 8.45000 0.22500 87.36048 0.10519 13
-1.81879 0.05208 57.87699 0 -1.57500 56.10000 27.91328 0.20909 13
0.26305 0.14261 87.83228 0 -4.30000 -7.37500 84.99736 0.10511 13
0.26883 -0.25646 87.83228 0 7.72500 -7.55000 84.99736 0.10742 13
0.70858 0.04339 31.49930 0 -1.30000 -22.22500 25.70947 0.12349 -13
-0.68389 0.11179 23.89522 0 -3.35000 21.92500 19.76306 0.12250 -13
-0.26015 -0.18004 11.77829 0 5.37500 5.22500 11.41011 0.10560 13
0.50803 -0.18981 59.45829 0 5.72500 -16.22500 53.19962 0.11456 -13
-0.87950 0.04226 12.42324 0 -1.32500 27.02500 9.33254 0.13419 13
0.37092 -0.04278 35.00594 0 1.27500 -9.37500 32.82431 0.10749 13
-0.63932 -0.23906 22.44660 0 7.17500 20.90000 19.06201 0.12190 13
0.16659 -0.15518 50.88925 0 4.70000 -6.10000 50.21344 0.10329 -13
0.00711 -0.04801 91.41554 0 1.45000 -0.27500 91.41323 0.10082 13
-0.07803 0.07346 27.75760 0 -2.20000 0.65000 27.67395 0.10128 -13
0.87465 0.04472 56.86370 0 -1.35000 -26.17500 42.82027 0.13387 13
0.38413 -0.06495 95.83167 0 1.95000 -13.70000 89.48309 0.10808 13
0.87118 -0.01291 39.26631 0 0.37500 -25.25000 29.60778 0.13356 13
1.47948 -0.03101 13.04386 0 1.00000 -43.27500 7.30663 0.17988 -13
-0.17347 0.06587 4.17592 0 -1.87500 4.47500 4.11473 0.10243 -13
-0.76089 -0.23304 50.86237 0 7.02500 22.27500 40.86541 0.12869 13
0.45060 -0.00067 79.78918 0 0.02500 -13.50000 72.74524 0.11045 13
0.13900 -0.11416 35.74321 0 3.42500 -2.60000 35.40717 0.10231 13
0.43198 0.03783 5.60828 0 -1.05000 -13.47500 5.14909 0.10977 -13
-0.62144 -0.05324 21.61803 0 1.57500 18.50000 18.36676 0.11869 13
-0.35705 -0.15164 54.94755 0 4.57500 12.65000 51.81403 0.10801 -13
-0.97450 -0.16533 55.73075 0 5.00000 30.42500 40.17451 0.14160 -13
0.21896 0.11867 38.89924 0 -3.57500 -4.65000 38.01103 0.10378 -13
0.16087 0.03497 47.67598 0 -1.07500 -5.22500 47.07153 0.10206 13
0.30265 -0.04774 84.18638 0 1.45000 -11.55000 80.58464 0.10533 -13
-0.48969 0.08187 91.81492 0 -2.47500 17.20000 82.51232 0.11243 -13
-0.49070 0.01441 66.77797 0 -0.42500 14.52500 59.95067 0.11218 -13
1.82646 0.02548 15.10386 0 -0.70000 -56.55000 7.25563 0.20969 -13
-1.19030 -0.23690 71.62494 0 7.12500 36.90000 46.80770 0.15834 13
-1.18161 0.07077 55.44760 0 -2.12500 37.10000 35.87182 0.15604 -13
-0.65457 -0.23631 13.58576 0 7.07500 20.80000 11.45850 0.12265 13
-0.08103 0.12807 86.71426 0 -3.87500 2.55000 86.43550 0.10185 13
-0.08330 -0.27174 86.71426 0 8.20000 2.62500 86.43550 0.10468 13
-1.48162 0.07604 51.33689 0 -2.30000 43.97500 28.77732 0.18018 13
-0.59814 -0.03391 42.52067 0 1.00000 18.17500 36.49681 0.11739 13
-1.38713 -0.16951 80.86994 0 5.10000 41.75000 47.73247 0.17304 13
0.94927 0.14804 23.60327 0 -4.50000 -28.17500 17.20603 0.13967 13
0.96811 -0.25083 23.60327 0 7.52500 -28.72500 17.20603 0.14239 13
1.33043 -0.00377 70.56793 0 0.12500 -37.90000 42.39997 0.16761 -13
-1.63765 -0.13343 83.10173 0 4.02500 48.45000 43.58736 0.19371 -13
-0.80012 0.04638 71.13432 0 -1.40000 23.25000 55.56633 0.12906 13
1.37813 -0.24499 99.03883 0 7.37500 -40.37500 59.27421 0.17322 13
-0.17799 -0.13205 20.87926 0 3.95000 4.77500 20.56152 0.10314 13
-0.40589 0.01834 88.67522 0 -0.55000 11.17500 82.16722 0.10870 13
1.03863 -0.08526 86.06779 0 2.57500 -29.92500 59.80652 0.14544 13
-0.61311 0.10533 98.74178 0 -3.17500 19.07500 84.30623 0.11860 13
0.14174 -0.18166 90.52471 0 5.47500 -3.02500 89.65701 0.10335 -13
0.00871 0.02532 18.43877 0 -0.80000 -2.45000 18.43807 0.10074 13
0.25238 -0.11864 15.06982 0 3.60000 -6.72500 14.61754 0.10457 -13
-0.56717 0.06930 27.38435 0 -2.07500 16.92500 23.83385 0.11598 -13
1.53213 0.07574 38.95308 0 -2.25000 -46.95000 21.33404 0.18439 -13
-0.09636 0.08362 26.54703 0 -2.50000 3.07500 26.42540 0.10151 -13
1.72317 -0.18144 70.83313 0 5.47500 -52.17500 35.98474 0.20149 -13
0.02616 -0.18246 64.93598 0 5.50000 -0.47500 64.91449 0.10241 -13
0.28975 -0.16363 17.39154 0 4.90000 -10.35000 16.72123 0.10612 13
-0.15073 0.09314 86.78329 0 -2.80000 6.55000 85.82212 0.10227 -13
1.48985 0.13832 73.47584 0 -4.17500 -43.40000 41.21692 0.18124 13
1.52524 -0.26096 73.47584 0 7.85000 -44.45000 41.21692 0.18551 13
1.62499 0.13526 71.13822 0 -4.07500 -50.12500 37.52849 0.19262 -13
1.66553 -0.26413 71.13822 0 7.97500 -51.37500 37.52849 0.19746 -13
0.26500 0.00764 99.92848 0 -0.22500 -8.90000 96.59461 0.10418 13
-0.44290 -0.05131 86.12233 0 1.55000 14.20000 78.76138 0.11026 13
0.42164 -0.20948 39.68269 0 6.30000 -13.47500 36.68210 0.11129 13
0.80856 -0.07031 46.06773 0 2.12500 -21.77500 35.85777 0.12970 -13
-0.67121 -0.05269 33.91730 0 1.57500 20.77500 28.17404 0.12139 13
