0.70203 0.05783 91.19301 0 -1.75000 -20.27500 74.67772 0.12318 13
2.09369 0.01590 91.23135 0 -0.47500 -63.87500 39.32306 0.23366 -13
1.37066 -0.12795 84.23772 0 3.87500 -39.15000 49.91258 0.17135 -13
-0.57549 -0.24182 52.84361 0 7.30000 17.97500 46.11910 0.11872 -13
1.88835 0.11674 95.86443 0 -3.52500 -55.47500 45.10206 0.21551 13
-0.56555 0.10401 24.98759 0 -3.12500 17.75000 21.77824 0.11616 -13
0.35382 0.10732 93.18984 0 -3.25000 -13.40000 87.90853 0.10737 13
-0.12035 0.13441 29.81473 0 -4.07500 4.55000 29.60484 0.10234 13
-0.12340 -0.26507 29.81473 0 7.97500 4.65000 29.60484 0.10491 13
0.69244 -0.17065 13.28906 0 5.20000 -22.50000 10.97565 0.12373 -13
0.57940 -0.12642 38.62647 0 3.82500 -17.25000 33.48821 0.11709 -13
0.03429 -0.08368 62.88179 0 2.52500 -1.27500 62.84509 0.10112 -13
0.74752 0.09862 23.55244 0 -3.00000 -24.90000 18.89700 0.12613 13
-1.65303 0.10289 68.50659 0 -3.12500 51.30000 35.59666 0.19484 13
-0.35018 -0.10426 75.78970 0 3.15000 12.00000 71.57275 0.10722 -13
0.47526 0.03308 1.48830 0 -0.65000 -15.10000 1.34429 0.11180 -13
-1.28614 -0.11094 44.95852 0 3.37500 39.40000 27.70068 0.16446 -13
0.57200 0.09257 59.62703 0 -2.77500 -14.75000 51.81224 0.11638 -13
0.95283 -0.03443 2.02786 0 0.70000 -29.32500 1.46819 0.13932 13
0.54522 -0.01311 90.24054 0 0.40000 -17.42500 79.23136 0.11470 -13
-0.50510 -0.00799 81.50400 0 0.22500 14.65000 72.75044 0.11283 13
0.31973 0.10505 6.79482 0 -3.25000 -9.85000 6.47523 0.10629 13
0.94182 0.09790 10.07218 0 -3.02500 -27.25000 7.34837 0.13873 13
-0.19312 0.14754 8.95417 0 -4.40000 8.32500 8.79494 0.10362 -13
-0.19712 -0.25122 8.95417 0 7.62500 8.45000 8.79494 0.10577 -13
-1.68844 -0.00424 6.55765 0 0.27500 50.22500 3.34262 0.19760 -13
-0.02105 0.02659 94.57493 0 -0.80000 2.10000 94.55401 0.10076 13
-0.35281 -0.13039 8.43838 0 3.87500 10.72500 7.96489 0.10757 13
-0.10893 0.01359 61.18604 0 -0.42500 3.75000 60.82630 0.10131 13
0.60708 -0.12367 46.75471 0 3.75000 -20.12500 40.04776 0.11847 -13
1.61242 -0.20214 6.50380 0 6.25000 -48.97500 3.47757 0.19236 -13
1.19466 -0.23490 53.62157 0 7.10000 -33.75000 34.95943 0.15868 -13
-0.68804 0.05281 3.25493 0 -1.77500 20.30000 2.68296 0.12245 13
1.12614 -0.09418 53.48025 0 2.85000 -34.17500 35.59820 0.15196 -13
1.10347 -0.04660 82.24497 0 1.40000 -30.90000 55.26148 0.15003 13
-1.86197 -0.15635 33.73460 0 4.75000 57.22500 16.11167 0.21345 -13
-0.07309 -0.01647 73.74429 0 0.50000 4.62500 73.54812 0.10099 -13
-1.54360 -0.07715 5.90552 0 2.17500 46.27500 3.21734 0.18535 13
-0.47073 0.05384 36.32229 0 -1.60000 12.77500 32.87187 0.11143 -13
-0.76926 -0.11174 20.27676 0 3.35000 24.57500 16.10868 0.12754 13
-1.99023 -0.05948 29.28984 0 1.75000 60.02500 13.16881 0.22435 13
0.28181 -0.21015 17.15239 0 6.30000 -11.37500 16.53506 0.10672 13
-0.86511 0.05700 6.98255 0 -1.62500 24.82500 5.28485 0.13326 -13
-0.05313 0.05010 17.42735 0 -1.47500 2.10000 17.40282 0.10097 -13
1.25396 -0.09344 70.89091 0 2.80000 -39.85000 44.31651 0.16179 13
-0.65215 0.01097 47.31137 0 -0.35000 20.27500 39.62963 0.12023 13
-0.49471 0.03084 60.07634 0 -0.95000 13.12500 53.85237 0.11240 13
0.68434 -0.11763 10.03494 0 3.60000 -20.55000 8.29990 0.12263 -13
0.96095 -0.15189 62.89004 0 4.57500 -27.37500 45.59354 0.14049 13
-0.94147 0.06494 58.11359 0 -1.95000 28.67500 42.35408 0.13846 -13
-0.72702 -0.20196 97.46426 0 6.10000 17.95000 79.37231 0.12616 -13
-0.84057 0.11677 37.90232 0 -3.55000 27.97500 29.09557 0.13208 13
-0.84796 0.02056 31.53675 0 -0.65000 26.05000 24.05568 0.13205 13
0.28752 -0.05658 69.46366 0 1.72500 -9.05000 66.76707 0.10494 -13
-0.68393 -0.09454 70.22021 0 2.85000 18.97500 58.04289 0.12238 -13
0.57822 0.05968 45.21749 0 -1.82500 -15.10000 39.16164 0.11649 13
1.03567 -0.05470 51.23675 0 1.62500 -32.20000 35.61690 0.14508 13
-0.78161 -0.16130 36.40758 0 4.85000 26.10000 28.82414 0.12883 13
0.23165 -0.02743 31.84663 0 0.85000 -9.60000 31.02565 0.10341 -13
-0.61841 -0.00555 47.82118 0 0.15000 16.82500 40.67259 0.11840 13
-1.11579 -0.01198 60.94718 0 0.35000 34.17500 40.67827 0.15089 13
0.76363 -0.00299 89.65467 0 0.10000 -21.60000 71.25515 0.12671 -13
-0.00357 0.14431 97.74516 0 -4.35000 -1.67500 97.74455 0.10174 -13
-0.00365 -0.25467 97.74516 0 7.67500 -1.67500 97.74455 0.10392 -13
-0.35930 0.11960 95.84628 0 -3.60000 11.60000 90.27349 0.10768 -13
-0.37055 -0.28070 95.84628 0 8.47500 11.92500 90.27349 0.11105 -13
-1.23768 0.11010 79.95249 0 -3.32500 39.65000 50.43008 0.16063 13
0.10950 -0.02835 3.55633 0 0.72500 -4.15000 3.53519 0.10138 13
-0.42321 0.08377 72.19382 0 -2.52500 10.87500 66.52046 0.10968 13
1.37565 -0.17696 81.69152 0 5.35000 -39.92500 48.51863 0.17219 -13
1.07268 -0.12118 60.85869 0 3.67500 -33.20000 41.66118 0.14819 -13
0.86670 0.11531 14.88541 0 -3.42500 -25.72500 11.28004 0.13375 -13
-0.80331 0.12433 57.54703 0 -3.75000 22.45000 44.99840 0.12978 13
-0.82691 -0.27571 57.54703 0 8.30000 23.17500 44.99840 0.13358 13
0.04231 -0.22210 41.97319 0 6.70000 -1.95000 41.93740 0.10325 -13
-0.35934 0.09703 38.70424 0 -2.95000 11.45000 36.44357 0.10746 13
1.13185 -0.11958 33.87764 0 3.57500 -34.82500 22.51996 0.15256 13
-0.27419 0.13486 46.76655 0 -4.07500 7.10000 45.13018 0.10530 13
-0.28108 -0.26459 46.76655 0 7.97500 7.30000 45.13018 0.10794 13
1.97099 -0.22979 90.26732 0 6.95000 -60.82500 41.68189 0.22379 -13
-1.67373 -0.17018 66.80710 0 5.12500 51.82500 34.62683 0.19707 13
-0.28471 -0.18406 54.94107 0 5.55000 9.02500 52.90627 0.10634 -13
0.77030 -0.12059 18.72266 0 3.67500 -23.40000 14.87184 0.12772 -13
-1.43122 -0.21729 97.64166 0 6.55000 43.72500 56.79135 0.17717 13
-1.68765 0.09167 74.61066 0 -2.77500 53.35000 38.15130 0.19778 13
-0.33649 -0.17760 39.86467 0 5.35000 9.12500 37.84204 0.10774 13
0.13731 0.12418 34.92138 0 -3.72500 -4.67500 34.60164 0.10241 -13
0.14139 -0.27579 34.92138 0 8.32500 -4.80000 34.60164 0.10544 -13
-0.24437 0.08830 83.84054 0 -2.67500 5.40000 81.46160 0.10405 13
-1.69727 -0.24043 48.92140 0 7.22500 49.80000 25.35358 0.19982 13
2.05296 -0.19394 8.50246 0 5.70000 -59.82500 3.77813 0.23067 13
0.39034 -0.10357 17.54034 0 3.15000 -10.60000 16.35107 0.10862 -13
-1.08992 -0.23790 38.36660 0 7.15000 33.62500 26.32419 0.15084 13
-0.45289 0.06108 48.37136 0 -1.85000 10.15000 44.07693 0.11072 13
-1.17494 -0.00182 87.34674 0 0.05000 36.35000 56.61284 0.15537 13
-1.30238 0.11514 82.57961 0 -3.47500 36.10000 50.49965 0.16575 -13
1.73031 -0.09567 77.51262 0 2.87500 -53.42500 38.91809 0.20148 13
0.40355 -0.21017 91.45997 0 6.35000 -12.97500 85.06668 0.11065 -13
-0.89744 -0.06260 99.32556 0 1.87500 26.80000 73.98729 0.13545 13
-1.28452 -0.09369 86.07087 0 2.82500 39.52500 53.01695 0.16420 13
0.76281 0.09674 83.19760 0 -2.92500 -23.85000 66.26201 0.12703 13
-1.05732 -0.16336 43.32849 0 4.92500 31.37500 29.97901 0.14746 13
0.95933 -0.20384 83.27497 0 6.15000 -29.07500 60.67635 0.14106 -13
-2.14786 -0.14533 95.40355 0 4.37500 64.47500 40.61165 0.23905 13
0.77245 0.11267 98.13114 0 -3.40000 -22.30000 77.84299 0.12776 13
0.48155 -0.21002 19.50327 0 6.30000 -14.65000 17.64253 0.11373 13
-1.00012 -0.06500 21.63366 0 1.92500 30.20000 15.31261 0.14256 13
-0.77463 0.12432 56.92466 0 -3.75000 20.90000 45.13085 0.12800 13
-0.79740 -0.27570 56.92466 0 8.30000 21.57500 45.13085 0.13175 13
0.75968 0.00341 32.92756 0 -0.07500 -20.85000 26.21995 0.12647 -13
-0.99955 0.00055 73.89240 0 -0.02500 29.50000 52.26208 0.14238 13
-0.12827 -0.05892 15.90099 0 1.80000 2.72500 15.77224 0.10171 -13
0.23757 -0.22388 51.38202 0 6.75000 -7.02500 50.05443 0.10594 -13
-0.21856 0.01520 3.40833 0 -0.60000 6.60000 3.32972 0.10315 13
0.05047 -0.07037 37.89985 0 2.12500 -1.75000 37.85191 0.10108 -13
0.13346 -0.24701 30.39182 0 7.42500 -4.30000 30.13993 0.10458 13
0.63709 -0.09679 16.67307 0 2.95000 -19.02500 14.08054 0.11982 -13
0.73312 -0.14247 84.47482 0 4.30000 -22.55000 68.36506 0.12569 -13
-0.07235 -0.23905 47.26792 0 7.20000 4.80000 47.15136 0.10379 13
-0.38156 -0.16880 68.86566 0 5.07500 8.60000 64.45489 0.10911 13
0.77770 -0.00483 94.93980 0 0.15000 -23.55000 74.94397 0.12757 13
0.09016 -0.02325 95.87572 0 0.70000 -2.35000 95.48858 0.10114 -13
1.71440 0.07149 20.39357 0 -2.20000 -51.97500 10.29491 0.20002 13
0.95612 0.01174 38.45693 0 -0.32500 -28.97500 27.79676 0.13933 -13
2.05061 -0.24964 20.78153 0 7.47500 -63.45000 9.33336 0.23101 13
-0.99726 0.01419 18.26018 0 -0.40000 30.30000 12.93045 0.14223 -13
2.01628 -0.09517 6.96877 0 2.72500 -59.77500 3.10719 0.22679 13
-0.23934 0.09168 71.03612 0 -2.77500 3.97500 69.10062 0.10396 13
-0.44517 -0.01524 73.27812 0 0.45000 14.92500 66.94553 0.11024 13
-1.53468 0.03887 97.00327 0 -1.17500 43.80000 52.98492 0.18451 13
1.26635 -0.14065 69.92430 0 4.22500 -38.30000 43.59590 0.16310 13
0.57517 0.12964 54.97112 0 -3.92500 -14.42500 47.74927 0.11691 13
0.59084 -0.27011 54.97112 0 8.12500 -14.90000 47.74927 0.12008 13
-0.12528 0.07127 7.54315 0 -2.07500 3.52500 7.48501 0.10174 -13
0.96804 -0.12578 46.05755 0 3.77500 -28.07500 33.21729 0.14072 13
0.17775 -0.24770 67.48148 0 7.47500 -3.02500 66.49890 0.10529 -13
0.55971 -0.18318 68.01126 0 5.52500 -15.97500 59.57883 0.11687 -13
-0.56087 0.06284 64.61011 0 -1.87500 18.90000 56.37830 0.11563 -13
0.11331 0.11719 65.89880 0 -3.52500 -2.62500 65.48538 0.10203 -13
-0.12677 -0.11370 78.88290 0 3.42500 2.90000 78.26451 0.10215 -13
0.51218 -0.09196 23.62339 0 2.80000 -15.10000 21.04473 0.11353 -13
1.60440 -0.11819 7.61891 0 3.45000 -47.50000 4.05013 0.19068 13
-1.05633 -0.02052 54.15147 0 0.62500 31.52500 37.23254 0.14649 -13
-0.93388 -0.06437 35.88300 0 1.95000 28.27500 26.25097 0.13794 -13
-0.40683 0.02372 44.99365 0 -0.70000 11.07500 41.67846 0.10874 -13
0.32676 -0.20504 12.02864 0 6.22500 -7.95000 11.45609 0.10797 -13
1.77339 -0.19521 74.35477 0 5.90000 -52.00000 37.04111 0.20598 -13
1.13529 0.11725 75.77184 0 -3.52500 -36.47500 50.27598 0.15280 -13
-0.96447 0.00207 53.32506 0 -0.05000 30.95000 38.38254 0.13990 -13
0.91201 -0.16797 29.14724 0 5.10000 -27.05000 21.67132 0.13736 -13
1.20487 0.10591 12.37025 0 -3.25000 -40.35000 7.92671 0.15808 13
1.76136 -0.07543 85.73291 0 2.27500 -51.92500 42.41847 0.20410 13
-0.64934 0.05341 60.36383 0 -1.60000 22.32500 50.64795 0.12019 -13
0.64615 0.03229 31.79714 0 -1.00000 -17.05000 26.71117 0.11994 13
-1.34362 0.02710 8.77834 0 -0.92500 42.85000 5.24240 0.16872 13
-0.40624 0.11893 12.39869 0 -3.55000 12.95000 11.49837 0.10934 -13
-1.13263 -0.23712 3.46312 0 6.92500 34.62500 2.32675 0.15385 13
-0.07222 -0.01593 11.24576 0 0.45000 1.12500 11.21652 0.10098 13
0.07120 -0.12718 94.87893 0 3.85000 -2.45000 94.64314 0.10177 -13
-0.07043 0.04642 33.06588 0 -1.37500 3.72500 32.98437 0.10106 -13
1.35726 -0.13879 66.18475 0 4.17500 -39.97500 39.50107 0.17034 13
-1.81323 -0.15219 73.36431 0 4.57500 53.57500 35.74003 0.20908 13
0.10700 0.03227 85.62602 0 -0.97500 -7.85000 85.14054 0.10133 13
-0.96113 0.06869 82.84469 0 -2.07500 29.00000 59.79653 0.13984 -13
-0.27939 -0.17710 38.80759 0 5.35000 10.95000 37.41731 0.10608 -13
-0.10420 -0.00884 60.07865 0 0.27500 2.55000 59.75513 0.10125 -13
1.52638 0.02631 21.71147 0 -0.82500 -44.87500 11.90101 0.18379 13
0.18999 -0.08168 79.59564 0 2.47500 -4.45000 78.20577 0.10283 -13
0.44647 0.14649 66.15336 0 -4.40000 -12.07500 60.51188 0.11126 -13
0.45562 -0.25241 66.15336 0 7.62500 -12.35000 60.51188 0.11355 -13
-1.94487 0.10410 64.28284 0 -3.12500 58.82500 29.51985 0.22047 -13
1.28316 -0.16406 44.98734 0 4.92500 -40.02500 27.88152 0.16464 13
-0.52146 -0.05557 30.60764 0 1.70000 14.70000 27.14817 0.11372 -13
-0.24256 -0.15337 31.87421 0 4.65000 7.10000 30.99594 0.10478 -13
0.43634 0.03553 20.94584 0 -1.10000 -12.30000 19.19991 0.10993 13
-0.43882 -0.03047 8.64497 0 0.97500 15.10000 7.91702 0.11003 -13
0.99137 0.27722 8.64497 0 1.12500 -63.85000 7.91702 1.36535 -13
-0.57881 -0.22434 91.71868 0 6.77500 20.72500 79.86201 0.11853 -13
1.27332 -0.23654 26.38017 0 7.17500 -37.37500 16.56755 0.16481 -13
1.40223 -0.01530 1.42430 0 1.05000 -42.57500 0.82741 0.17394 -13
-0.42093 -0.01360 76.77997 0 0.42500 12.77500 70.76738 0.10927 -13
-0.79489 0.08964 25.33319 0 -2.72500 22.27500 19.86173 0.12897 13
-0.00483 -0.19726 83.38350 0 5.95000 0.77500 83.38256 0.10265 -13
0.57206 -0.23565 35.52539 0 7.10000 -22.77500 31.03836 0.11840 13
0.44570 -0.21398 63.37060 0 6.47500 -13.87500 58.09308 0.11235 -13
0.80068 -0.07192 63.22398 0 2.17500 -26.72500 49.40293 0.12922 -13
-0.20104 -0.05796 64.76793 0 1.75000 5.82500 63.50163 0.10289 -13
-0.66890 0.02841 48.15184 0 -0.85000 19.97500 40.02852 0.12118 -13
0.16630 -0.15297 55.31185 0 4.62500 -4.92500 54.57934 0.10325 -13
-0.70229 -0.04996 92.16947 0 1.52500 20.62500 75.45833 0.12316 -13
0.15027 -0.06820 80.27803 0 2.05000 -3.60000 79.39075 0.10206 13
1.58592 -0.04307 36.75128 0 1.32500 -47.20000 19.61519 0.18886 -13
-0.45483 -0.17273 31.42702 0 5.22500 15.32500 28.67909 0.11200 -13
0.66412 -0.10446 98.66319 0 3.15000 -19.90000 82.32540 0.12134 13
2.17227 0.10769 66.70185 0 -3.27500 -64.57500 28.02516 0.24108 13
-0.15361 0.06331 39.52336 0 -1.92500 3.77500 39.06685 0.10208 13
0.45167 -0.09588 22.53692 0 2.87500 -11.27500 20.55508 0.11091 13
0.15684 0.02099 66.87567 0 -0.62500 -3.30000 66.06828 0.10196 -13
-0.08352 -0.16891 68.68843 0 5.10000 4.60000 68.45665 0.10247 13
0.93279 0.13756 57.99611 0 -4.15000 -27.20000 42.59397 0.13840 -13
0.95520 -0.26172 57.99611 0 7.90000 -27.87500 42.59397 0.14174 -13
-0.32661 0.06218 81.24230 0 -1.87500 11.32500 77.24199 0.10612 -13
-0.80670 0.02334 91.92479 0 -0.70000 21.67500 71.55464 0.12941 13
2.05407 0.13013 94.25256 0 -3.92500 -63.00000 41.53686 0.23042 -13
2.10960 -0.26953 94.25256 0 8.15000 -64.67500 41.53686 0.23669 -13
-0.11457 0.12364 74.17318 0 -3.72500 1.27500 73.69844 0.10212 -13
-0.11797 -0.27641 74.17318 0 8.35000 1.37500 73.69844 0.10516 -13
-1.00496 -0.05601 91.36392 0 1.70000 30.72500 64.49487 0.14288 -13
0.17134 -0.17048 85.83208 0 5.15000 -5.85000 84.63339 0.10361 -13
1.51437 0.08721 21.19669 0 -2.67500 -45.75000 11.71043 0.18300 13
-0.17759 -0.07843 75.37430 0 2.35000 6.00000 74.21997 0.10258 13
-1.85641 0.02201 31.12819 0 -0.62500 57.02500 14.76524 0.21235 -13
-0.57287 0.09069 5.82344 0 -2.82500 17.75000 5.05831 0.11646 13
-1.42172 0.08500 80.81048 0 -2.55000 45.45000 46.60311 0.17524 -13
1.94730 -0.14684 94.88313 0 4.42500 -57.62500 43.71088 0.22093 13
-0.57847 -0.15913 93.28208 0 4.80000 18.62500 80.99649 0.11743 13
0.40072 -0.17829 29.36864 0 5.35000 -9.80000 27.31934 0.10996 13
0.61882 -0.21578 36.29329 0 6.52500 -17.00000 31.05374 0.12041 -13
-0.35972 -0.09269 6.43100 0 2.87500 11.30000 6.05430 0.10747 -13
1.38522 -0.15011 75.86212 0 4.55000 -42.72500 44.72913 0.17272 -13
0.33554 0.08763 85.52191 0 -2.65000 -8.75000 81.11054 0.10659 13
-1.36085 0.13021 19.74133 0 -3.97500 40.27500 11.75404 0.17059 13
-1.39775 -0.26953 19.74133 0 8.07500 41.37500 11.75404 0.17510 13
-0.18990 -0.05247 11.78669 0 1.62500 6.85000 11.58041 0.10265 -13
0.49961 0.12638 8.17739 0 -3.87500 -12.07500 7.32649 0.11333 13
0.51399 -0.27356 8.17739 0 8.17500 -12.50000 7.32649 0.11647 13
-1.22927 -0.15904 40.41442 0 4.77500 36.97500 25.69487 0.16036 13
1.22147 -0.22636 69.42046 0 6.82500 -38.87500 44.63217 0.16058 13
0.02216 -0.04325 58.35289 0 1.32500 0.42500 58.33859 0.10082 -13
0.02132 -0.04807 41.63177 0 1.45000 0.40000 41.62233 0.10084 13
0.05927 -0.04966 87.12718 0 1.50000 -3.40000 86.97490 0.10100 13
1.37689 -0.21938 62.46416 0 6.60000 -43.05000 37.27139 0.17277 13
-0.35661 -0.04973 60.29769 0 1.50000 10.52500 56.80255 0.10703 13
0.01513 -0.22533 72.76547 0 6.80000 0.05000 72.75754 0.10325 -13
-0.93429 -0.21513 17.22513 0 6.45000 28.67500 12.71784 0.13947 13
0.63870 -0.05367 68.78732 0 1.60000 -20.10000 57.99592 0.11961 13
0.91859 -0.03338 89.51634 0 1.00000 -29.42500 65.94059 0.13679 13
-2.14119 -0.02512 73.34328 0 0.77500 64.25000 31.04395 0.23800 -13
0.73378 -0.18028 46.17234 0 5.42500 -19.92500 37.43264 0.12621 13
0.29238 0.05826 65.94247 0 -1.75000 -7.75000 63.30106 0.10508 -13
-0.24503 -0.17874 22.25192 0 5.37500 6.95000 21.63139 0.10522 13
-0.16402 0.04143 46.11510 0 -1.25000 5.00000 45.50793 0.10213 -13
0.93695 0.07528 19.64612 0 -2.22500 -26.72500 14.35549 0.13820 -13
-0.12457 -0.23064 68.11049 0 6.97500 3.10000 67.61414 0.10411 -13
0.28955 0.06342 53.95283 0 -1.90000 -7.52500 51.83230 0.10503 -13
-0.76612 -0.21413 13.71196 0 6.50000 24.95000 10.97431 0.12872 -13
-0.74845 0.10624 64.22567 0 -3.22500 20.47500 51.52185 0.12624 13
-0.56803 -0.23188 51.80024 0 6.97500 18.02500 45.32399 0.11814 13
-0.54932 -0.08331 94.44030 0 2.52500 13.62500 82.84008 0.11520 -13
-0.34088 -0.07385 1.69576 0 1.92500 11.15000 1.60549 0.10679 13
0.12539 -0.05957 13.14179 0 1.75000 -4.37500 13.04004 0.10167 13
-1.44360 -0.00756 23.54830 0 0.27500 40.07500 13.40942 0.17686 -13
0.67494 -0.03399 16.02730 0 1.07500 -21.77500 13.28732 0.12155 -13
0.39697 -0.05297 71.29320 0 1.60000 -11.25000 66.27591 0.10848 -13
-0.68982 0.01971 32.85157 0 -0.57500 21.60000 27.04346 0.12236 -13
1.85756 0.14282 58.01425 0 -4.30000 -58.35000 27.71453 0.21292 -13
1.89829 -0.25622 58.01425 0 7.75000 -59.60000 27.71453 0.21764 -13
1.88766 0.14574 25.48943 0 -4.35000 -55.40000 12.02979 0.21559 -13
1.92675 -0.25334 25.48943 0 7.67500 -56.62500 12.02979 0.22019 -13
0.73350 -0.20183 87.40395 0 6.07500 -21.72500 70.96473 0.12653 13
0.79314 -0.11166 24.73803 0 3.40000 -24.72500 19.42827 0.12904 -13
-0.38597 -0.24020 43.10135 0 7.22500 11.20000 40.35299 0.11061 13
0.07313 0.06816 80.20605 0 -2.05000 -1.80000 79.99345 0.10121 13
0.14138 -0.10348 72.05262 0 3.12500 -5.32500 71.35050 0.10224 -13
-0.05245 -0.12859 73.33798 0 3.87500 4.37500 73.23894 0.10167 13
0.23110 -0.14305 3.21489 0 4.15000 -5.10000 3.13386 0.10434 13
-0.17971 -0.01648 87.54816 0 0.50000 3.85000 86.16811 0.10233 13
-0.59401 -0.18353 96.88531 0 5.52500 17.65000 83.65402 0.11858 13
-0.46856 0.13523 94.61052 0 -4.07500 14.22500 85.81099 0.11204 13
-0.48027 -0.26419 94.61052 0 7.95000 14.57500 85.81099 0.11483 13
0.05534 -0.18604 50.00335 0 5.60000 -1.20000 49.92950 0.10258 13
-0.49694 0.11113 19.32844 0 -3.32500 16.20000 17.32994 0.11300 -13
-1.03395 0.04877 65.78646 0 -1.47500 30.05000 45.76334 0.14494 13
0.63928 -0.07470 28.96401 0 2.27500 -18.27500 24.42340 0.11976 -13
0.57319 0.14292 17.17000 0 -4.35000 -14.77500 14.93322 0.11698 13
0.58574 -0.25616 17.17000 0 7.70000 -15.15000 14.93322 0.11950 13
0.23710 -0.07791 13.85018 0 2.32500 -8.57500 13.47860 0.10379 13
0.75680 0.12695 59.96279 0 -3.85000 -23.92500 47.95209 0.12695 13
0.77824 -0.27294 59.96279 0 8.22500 -24.57500 47.95209 0.13052 13
0.09346 -0.02299 26.63983 0 0.67500 -1.57500 26.52429 0.10117 13
0.67612 -0.12399 52.72725 0 3.72500 -19.92500 43.78410 0.12219 13
-0.92310 0.00356 43.41007 0 -0.12500 27.07500 31.89787 0.13705 13
0.23029 -0.02138 81.45594 0 0.65000 -7.77500 79.37915 0.10336 -13
0.18762 -0.11011 53.12662 0 3.32500 -4.65000 52.22618 0.10306 -13
0.79072 -0.09699 29.69067 0 2.90000 -21.37500 23.33158 0.12874 13
2.11464 0.08790 68.57200 0 -2.62500 -64.57500 29.40761 0.23571 -13
0.33148 -0.06587 32.18359 0 2.00000 -11.05000 30.55548 0.10630 -13
-0.12999 -0.11613 70.18674 0 3.50000 4.47500 69.60889 0.10222 -13
-0.21338 -0.14122 74.68634 0 4.25000 7.45000 73.07302 0.10395 13
0.41595 -0.12404 50.95815 0 3.72500 -13.42500 47.10314 0.10977 13
-0.93537 -0.07170 52.84965 0 2.17500 27.62500 38.64249 0.13809 -13
-0.12834 0.08370 85.83056 0 -2.52500 2.02500 85.13704 0.10188 -13
-1.63144 -0.08712 31.96459 0 2.65000 48.00000 16.75039 0.19291 -13
0.48299 -0.15492 58.93262 0 4.67500 -15.67500 53.18480 0.11292 -13
-0.26412 0.06612 57.95072 0 -1.97500 9.97500 56.03735 0.10437 -13
0.50561 0.00397 33.44529 0 -0.10000 -13.77500 29.84711 0.11285 -13
-1.49376 -0.13133 58.64049 0 3.97500 46.95000 32.81463 0.18152 -13
-0.97738 -0.09971 59.92207 0 3.00000 28.15000 42.95655 0.14117 13
-0.67641 -0.10652 79.40652 0 3.22500 20.30000 65.88883 0.12206 -13
-0.04960 0.07789 3.43885 0 -2.50000 1.37500 3.43466 0.10122 13
-0.42488 -0.13768 59.31081 0 4.15000 11.92500 54.66579 0.11029 -13
0.05161 0.02803 97.95304 0 -0.85000 -2.00000 97.82296 0.10088 -13
0.58054 0.08141 42.35533 0 -2.45000 -16.75000 36.66057 0.11673 -13
-0.52575 -0.16592 52.83093 0 5.00000 16.92500 46.89847 0.11499 13
0.15879 -0.02747 99.22287 0 0.82500 -4.75000 97.99596 0.10201 -13
-0.95816 0.02197 37.82428 0 -0.65000 30.07500 27.31373 0.13949 -13
0.70300 -0.24853 97.07621 0 7.50000 -19.35000 80.19130 0.12562 13
-0.20348 0.06091 20.26517 0 -1.85000 8.67500 19.85971 0.10296 13
-0.07597 -0.10844 42.85193 0 3.25000 1.15000 42.73022 0.10158 13
2.02321 -0.24638 3.93826 0 7.12500 -61.42500 1.78680 0.22817 13
-0.26487 -0.13543 40.55761 0 4.10000 10.00000 39.22911 0.10507 -13
-2.04966 -0.11519 7.03544 0 3.30000 60.90000 3.10134 0.22984 13
-0.05880 0.12178 73.17798 0 -3.67500 4.15000 73.05362 0.10162 13
-0.06058 -0.27843 73.17798 0 8.40000 4.20000 73.05362 0.10471 13
-0.69640 0.00837 38.49944 0 -0.22500 21.30000 31.59363 0.12272 -13
-1.77283 -0.09653 55.18927 0 2.92500 52.17500 27.20925 0.20522 -13
2.03054 0.04526 8.58314 0 -1.50000 -60.52500 3.79473 0.22807 13
0.38111 0.07360 7.39200 0 -2.15000 -15.55000 6.90968 0.10802 -13
1.63074 -0.06910 78.55268 0 2.10000 -48.90000 41.13508 0.19277 -13
0.42135 0.06507 40.18554 0 -1.97500 -11.15000 37.04457 0.10947 13
2.09128 -0.22237 38.85346 0 6.67500 -60.55000 17.09180 0.23447 13
-0.43832 0.12811 91.50091 0 -3.85000 12.60000 83.91325 0.11071 -13
-0.45053 -0.27168 91.50091 0 8.20000 12.97500 83.91325 0.11379 -13
1.20495 0.10253 62.16758 0 -3.10000 -35.10000 39.82402 0.15803 13
-0.47855 0.14911 6.74625 0 -4.42500 13.95000 6.09802 0.11260 -13
-0.48781 -0.24965 6.74625 0 7.62500 14.22500 6.09802 0.11491 -13
0.49202 0.09022 71.99455 0 -2.72500 -13.92500 64.64967 0.11260 13
-1.80149 0.14361 66.63489 0 -4.32500 53.65000 32.59300 0.20799 -13
-1.84045 -0.25541 66.63489 0 7.72500 54.82500 32.59300 0.21252 -13
0.43423 -0.05427 95.62929 0 1.62500 -13.15000 87.73696 0.10992 13
0.77273 0.09341 29.54123 0 -2.80000 -24.82500 23.41344 0.12760 -13
0.52765 0.00855 68.54530 0 -0.27500 -17.22500 60.62416 0.11387 13
-0.57446 0.01359 97.76684 0 -0.40000 17.25000 84.77615 0.11614 -13
0.35103 0.07242 61.16829 0 -2.17500 -10.57500 57.73211 0.10698 -13
-1.51144 -0.23221 1.29886 0 6.32500 41.55000 0.73068 0.18353 13
0.59406 -0.08488 91.32489 0 2.57500 -16.02500 78.58863 0.11744 -13
-0.16925 0.11320 2.64827 0 -3.60000 4.92500 2.61158 0.10293 13
-0.17516 -0.28814 2.64827 0 8.47500 5.07500 2.61158 0.10616 13
0.70512 -0.10160 21.14182 0 3.02500 -22.37500 17.30762 0.12363 13
0.07257 -0.10636 62.84863 0 3.20000 -4.27500 62.68565 0.10153 13
0.66983 -0.16960 77.03941 0 5.12500 -19.05000 64.28599 0.12241 -13
-0.46157 -0.00154 63.60015 0 0.05000 14.35000 57.74556 0.11091 13
0.03882 -0.10270 3.79325 0 3.22500 -2.32500 3.79040 0.10139 -13
0.50793 0.06574 60.22372 0 -1.97500 -15.02500 53.71816 0.11314 -13
-0.10882 -0.06607 70.97066 0 1.97500 3.27500 70.55595 0.10151 13
0.58748 -0.05987 32.08399 0 1.82500 -17.37500 27.67587 0.11696 -13
-1.97935 0.09536 2.61766 0 -3.30000 58.57500 1.18546 0.22389 13
0.14135 -0.00489 74.12351 0 0.15000 -6.37500 73.39395 0.10171 13
1.83571 0.05545 42.68108 0 -1.65000 -56.92500 20.44157 0.21058 -13
-1.19263 -0.14386 87.22423 0 4.32500 36.90000 56.37900 0.15739 13
-1.43096 0.08478 68.29432 0 -2.57500 42.20000 39.21408 0.17602 13
1.90835 -0.16628 28.16940 0 4.97500 -60.92500 13.21575 0.21757 13
1.48053 -0.11085 32.64688 0 3.37500 -46.40000 18.35000 0.18028 -13
-1.42866 -0.02147 2.30535 0 1.02500 43.40000 1.32240 0.17585 -13
0.26278 -0.16333 38.76100 0 4.92500 -10.45000 37.51970 0.10540 13
0.25179 0.07648 36.64028 0 -2.30000 -7.55000 35.53735 0.10413 -13
-0.80039 -0.07591 5.76449 0 2.40000 23.02500 4.50653 0.12924 -13
1.60402 -0.20175 44.86605 0 6.07500 -48.60000 24.07743 0.19141 13
0.52414 0.09445 68.24897 0 -2.85000 -17.27500 60.50642 0.11410 13
0.50571 -0.14701 21.86568 0 4.45000 -14.45000 19.55476 0.11383 -13
1.03089 0.14140 76.22234 0 -4.25000 -31.65000 53.34135 0.14533 -13
1.05407 -0.25771 76.22234 0 7.77500 -32.35000 53.34135 0.14861 -13
-0.24796 -0.16784 19.03622 0 5.10000 7.90000 18.49135 0.10514 -13
-0.16438 0.12186 78.71364 0 -3.67500 4.75000 77.68622 0.10279 13
-0.16938 -0.27831 78.71364 0 8.40000 4.90000 77.68622 0.10591 13
-1.48410 -0.11462 94.98157 0 3.45000 47.20000 53.31332 0.18057 13
0.64371 0.04554 44.48784 0 -1.40000 -18.82500 37.41902 0.11985 13
-1.78323 0.05139 85.35356 0 -1.55000 57.72500 41.79031 0.20596 13
0.85025 0.04813 21.40103 0 -1.47500 -26.40000 16.31200 0.13228 13
0.34806 -0.06117 43.07868 0 1.85000 -12.32500 40.69282 0.10681 -13
-0.27684 -0.19207 44.78618 0 5.77500 8.60000 43.21734 0.10626 13
0.55472 -0.15420 14.40754 0 4.70000 -15.10000 12.63360 0.11622 -13
-1.56452 -0.02101 35.52465 0 0.65000 48.35000 19.13516 0.18700 -13
0.21349 -0.17436 2.02771 0 5.52500 -7.35000 1.98430 0.10477 -13
-0.11803 0.04808 5.66432 0 -1.52500 2.00000 5.62538 0.10155 13
1.70757 -0.12958 98.00058 0 3.92500 -49.30000 49.83204 0.19971 -13
0.05686 -0.05802 85.08847 0 1.75000 -1.12500 84.95169 0.10104 -13
-0.43447 -0.11912 44.45588 0 3.57500 14.65000 40.81935 0.11045 13
0.65506 0.08251 70.01649 0 -2.47500 -18.95000 58.62870 0.12067 -13
-1.03044 -0.06873 59.87050 0 2.07500 29.32500 41.74601 0.14477 -13
-0.23134 0.00146 94.94049 0 -0.05000 5.57500 92.49752 0.10336 -13
1.05820 0.00167 56.98827 0 -0.07500 -35.35000 39.14182 0.14662 13
0.40399 -0.24618 26.94488 0 7.40000 -12.90000 25.08387 0.11139 13
1.14231 -0.08692 90.40802 0 2.62500 -35.95000 59.67698 0.15314 -13
0.39170 0.09458 9.14473 0 -2.90000 -11.27500 8.51966 0.10860 13
1.31456 -0.22570 89.15592 0 6.82500 -41.32500 54.82629 0.16789 -13
1.56751 0.07411 63.82201 0 -2.25000 -47.50000 34.39240 0.18739 13
0.56869 0.09885 15.11505 0 -2.95000 -17.95000 13.15477 0.11626 -13
-0.48094 -0.23034 75.88414 0 6.95000 15.05000 68.71192 0.11412 13
1.24745 -0.11734 45.60626 0 3.55000 -37.67500 28.64470 0.16144 -13
-0.09153 0.32098 45.60626 0 3.52500 -37.52500 28.64470 0.16117 -13
0.72436 -0.53428 45.60626 0 5.27500 -36.17500 28.64470 0.17713 -13
-1.00540 -0.01791 45.60626 0 5.20000 -35.97500 28.64470 0.17815 -13
0.95335 0.02266 45.60626 0 6.42500 -34.05000 28.64470 0.18887 -13
-1.19663 0.38540 45.60626 0 6.37500 -33.65000 28.64470 0.19057 -13
1.63129 -0.61728 45.60626 0 7.00000 -31.22500 28.64470 0.20326 -13
-0.13526 0.09012 69.04837 0 -2.72500 1.80000 68.43028 0.10203 13
-0.41919 -0.00587 50.90719 0 0.17500 13.27500 46.94917 0.10920 -13
0.26221 -0.13162 8.98971 0 3.92500 -7.50000 8.70048 0.10493 13
0.59369 -0.19909 76.95564 0 6.02500 -19.05000 66.50363 0.11882 -13
0.04578 -0.11418 38.01980 0 3.42500 -4.17500 37.98054 0.10146 13
-1.48868 0.09682 70.36276 0 -2.90000 46.75000 39.36101 0.18086 -13
0.49640 0.11606 70.45770 0 -3.50000 -15.27500 63.19256 0.11303 -13
-1.50084 0.08464 43.76682 0 -2.57500 46.25000 24.32774 0.18183 13
1.11007 -0.10572 27.14677 0 3.22500 -32.42500 18.22541 0.15085 -13
0.07692 0.00966 82.35779 0 -0.27500 -1.77500 82.11524 0.10101 -13
0.04101 -0.00694 3.83445 0 0.07500 -1.87500 3.83122 0.10083 13
1.30900 0.01222 15.49129 0 -0.32500 -39.80000 9.40489 0.16589 -13
0.76503 0.07000 72.94561 0 -2.10000 -21.92500 57.98847 0.12698 -13
0.27586 0.01094 42.40592 0 -0.35000 -5.22500 40.87928 0.10447 13
0.98905 0.09683 95.39639 0 -2.92500 -28.20000 67.98198 0.14197 -13
0.37349 -0.15282 87.32166 0 4.62500 -11.87500 81.91676 0.10860 -13
0.23400 0.00424 42.12555 0 -0.15000 -7.95000 41.01765 0.10342 13
-1.61900 0.13934 89.39809 0 -4.22500 48.90000 47.30643 0.19215 13
-1.65674 -0.25989 89.39809 0 7.82500 50.02500 47.30643 0.19661 13
1.60617 -0.14136 47.99985 0 4.27500 -46.15000 25.54963 0.19109 -13
0.69539 0.02567 85.93567 0 -0.77500 -22.02500 70.56141 0.12269 13
-0.20155 0.07513 98.56104 0 -2.27500 6.32500 96.62889 0.10301 13
1.04854 -0.00011 84.60948 0 -0.00000 -32.87500 58.39388 0.14591 13
-0.09990 -0.20583 55.11186 0 6.20000 2.90000 54.84993 0.10330 13
0.85030 0.11911 7.73560 0 -3.50000 -26.02500 5.91024 0.13271 -13
-8.90545 -3.80635 7.73560 0 -2.92500 -27.32500 5.91024 0.13771 -13
0.33432 0.77245 7.73560 0 -3.97500 -28.62500 5.91024 0.15939 -13
0.15173 -0.48071 7.73560 0 7.67500 -28.67500 5.91024 0.16302 -13
0.66600 -0.09413 60.78343 0 2.82500 -22.15000 50.65913 0.12136 13
0.29590 -0.18605 48.54520 0 5.60000 -10.50000 46.61284 0.10668 13
-0.40720 -0.10427 55.20954 0 3.15000 12.27500 51.17395 0.10924 -13
-0.19205 -0.08042 86.31380 0 2.42500 7.30000 84.77438 0.10286 -13
-0.03985 0.09780 85.25643 0 -2.95000 3.32500 85.18947 0.10126 -13
1.72913 0.09848 93.46841 0 -2.95000 -53.77500 46.96230 0.20139 -13
-0.49394 -0.16464 34.48783 0 4.97500 14.30000 31.00160 0.11355 -13
0.49315 -0.01707 78.76838 0 0.50000 -14.92500 70.64691 0.11229 13
-0.27706 -0.23284 86.17728 0 7.02500 8.37500 83.20159 0.10710 -13
-0.00834 0.13085 37.79221 0 -3.97500 0.30000 37.79091 0.10157 13
-0.00855 -0.26883 37.79221 0 8.10000 0.30000 37.79091 0.10427 13
-0.46167 -0.03198 36.41605 0 0.97500 15.65000 33.06565 0.11097 -13
-1.69982 -0.04117 18.70226 0 1.20000 52.35000 9.48931 0.19863 13
0.26476 -0.07229 2.50763 0 1.97500 -7.72500 2.42451 0.10447 13
-1.12344 -0.17256 99.45623 0 5.20000 34.42500 66.66609 0.15245 13
0.27799 0.11470 63.10575 0 -3.47500 -7.82500 60.82902 0.10516 13
-0.51201 0.01859 14.36059 0 -0.52500 17.45000 12.78310 0.11315 -13
1.16679 0.04811 25.16127 0 -1.47500 -37.35000 16.38483 0.15484 13
0.08165 0.01385 57.95232 0 -0.40000 -1.72500 57.76016 0.10104 -13
1.24609 -0.09867 61.70185 0 2.97500 -36.42500 38.73244 0.16120 13
0.37763 0.01600 42.87347 0 -0.47500 -12.87500 40.10945 0.10766 -13
-0.24396 -0.21745 82.40087 0 6.57500 6.70000 80.15484 0.10595 -13
-1.98738 0.04310 31.17206 0 -1.32500 59.90000 14.02137 0.22410 13
-0.25077 -0.24022 9.67062 0 7.30000 4.52500 9.39527 0.10665 -13
0.51066 0.06068 12.61667 0 -1.87500 -15.02500 11.24044 0.11325 13
-0.43777 -0.16965 1.12031 0 4.62500 14.00000 1.02856 0.11146 13
-0.32660 -0.14785 98.16769 0 4.47500 11.20000 93.41307 0.10698 -13
1.16764 -0.05425 5.41160 0 1.77500 -33.00000 3.52343 0.15496 -13
1.06542 0.09575 10.83259 0 -2.95000 -32.12500 7.43198 0.14749 13
-0.75970 -0.14651 25.88169 0 4.40000 23.75000 20.68867 0.12731 13
0.88100 0.00176 21.51571 0 -0.02500 -24.80000 16.14419 0.13421 -13
-0.93359 -0.07191 69.71062 0 2.17500 27.27500 51.01719 0.13796 -13
0.69911 0.14020 95.38464 0 -4.22500 -19.02500 78.42369 0.12368 -13
0.71518 -0.25896 95.38464 0 7.82500 -19.50000 78.42369 0.12653 -13
1.05339 0.14017 98.94004 0 -4.22500 -31.92500 68.46624 0.14694 -13
1.07762 -0.25900 98.94004 0 7.82500 -32.65000 68.46624 0.15034 -13
0.64107 0.04939 59.19082 0 -1.50000 -22.30000 49.84831 0.11972 13
-1.18187 0.03827 84.81582 0 -1.15000 38.17500 54.80679 0.15595 -13
0.61897 -0.12627 90.17749 0 3.82500 -16.97500 76.84455 0.11912 -13
-0.77548 -0.01919 23.43820 0 0.60000 23.32500 18.52285 0.12745 -13
-0.65234 0.11319 35.27170 0 -3.42500 20.17500 29.59751 0.12079 13
0.22935 -0.18498 25.50761 0 5.60000 -7.55000 24.88248 0.10500 -13
-0.02290 -0.21976 53.80964 0 6.65000 0.77500 53.79618 0.10314 -13
-0.13072 -0.06532 33.52727 0 1.97500 2.60000 33.24558 0.10178 -13
-0.19658 0.02941 5.63253 0 -0.97500 7.10000 5.52679 0.10270 13
0.41079 -0.00225 80.54247 0 0.05000 -12.12500 74.50161 0.10887 13
1.04036 -0.21970 26.18793 0 6.60000 -30.15000 18.36875 0.14697 13
1.16834 -0.02690 38.40542 0 0.82500 -37.42500 24.97806 0.15490 -13
-0.01769 0.07727 51.03435 0 -2.32500 1.40000 51.02642 0.10102 -13
0.95155 -0.03740 52.47805 0 1.12500 -28.47500 38.02967 0.13906 13
0.48635 -0.23260 94.04588 0 7.00000 -13.47500 84.99211 0.11440 13
1.82692 0.13084 58.43110 0 -3.97500 -56.20000 28.23941 0.21016 13
1.87583 -0.26881 58.43110 0 8.10000 -57.67500 28.23941 0.21574 13
0.75546 0.07983 46.37685 0 -2.40000 -22.77500 37.04690 0.12646 -13
0.87493 -0.20695 10.18798 0 6.30000 -26.32500 7.73696 0.13548 -13
1.30682 0.03208 71.67329 0 -0.97500 -40.77500 43.57048 0.16574 13
-0.43097 0.10549 5.27818 0 -3.27500 12.70000 4.85141 0.11023 13
-0.59036 -0.00633 82.16286 0 0.20000 17.72500 70.75351 0.11694 -13
1.11074 -0.18205 12.62109 0 5.42500 -32.05000 8.51996 0.15158 13
0.65545 -0.22160 65.31465 0 6.70000 -20.07500 55.01481 0.12246 -13
-1.96842 -0.19201 47.64138 0 5.77500 60.17500 21.89005 0.22314 13
-0.59279 -0.04925 70.75178 0 1.47500 17.87500 60.88106 0.11717 13
-0.37042 -0.21939 24.69214 0 6.60000 11.42500 23.21911 0.10962 13
-0.08609 0.00719 48.43889 0 -0.22500 1.32500 48.26044 0.10108 13
-0.24560 0.07075 95.10070 0 -2.15000 10.05000 92.36905 0.10394 13
-0.75339 0.05622 18.34404 0 -1.65000 22.55000 14.65969 0.12620 -13
-0.94066 0.00699 92.86497 0 -0.20000 27.05000 67.64228 0.13826 -13
-0.34944 -0.04979 55.28489 0 1.50000 13.02500 52.19719 0.10679 13
0.60966 -0.07245 73.78067 0 2.17500 -18.95000 63.04085 0.11817 13
-0.40769 -0.02111 11.81546 0 0.60000 9.47500 10.94151 0.10877 13
-0.10613 -0.05325 59.71224 0 1.62500 2.02500 59.37967 0.10141 -13
0.50963 0.02684 33.56966 0 -0.80000 -16.37500 29.91173 0.11306 -13
-1.00931 -0.23909 70.54402 0 7.22500 29.60000 50.34209 0.14510 -13
1.64855 0.06730 52.03852 0 -2.02500 -49.02500 27.03386 0.19428 -13
-1.15380 -0.06178 92.13127 0 1.85000 33.67500 60.40638 0.15388 13
1.12323 -0.11742 52.63022 0 3.52500 -34.05000 35.12953 0.15190 13
