1.09747 0.11823 60.33603 0 -3.57500 -33.72500 40.79163 0.15000 13
1.13247 -0.28217 60.33603 0 8.50000 -34.75000 40.79163 0.15462 13
0.73987 0.10669 32.17647 0 -3.20000 -20.90000 25.91846 0.12572 -13
1.84690 -0.02850 48.32080 0 0.87500 -57.25000 23.01389 0.21153 -13
0.25644 -0.19448 60.21505 0 5.85000 -8.90000 58.39333 0.10579 13
-1.26952 0.10780 63.85752 0 -3.27500 39.30000 39.65481 0.16311 13
1.19321 -0.00499 12.85757 0 0.20000 -37.20000 8.25900 0.15678 -13
-0.96358 -0.10462 62.88062 0 3.15000 28.67500 45.39849 0.14024 13
0.23799 -0.06878 38.20029 0 2.10000 -9.97500 37.16709 0.10375 -13
-1.37344 -0.06716 79.40460 0 2.02500 42.35000 46.80721 0.17122 -13
1.20936 0.14836 98.97230 0 -4.47500 -38.80000 63.47619 0.15874 13
1.23322 -0.25048 98.97230 0 7.55000 -39.52500 63.47619 0.16186 13
-1.20131 -0.14957 4.69280 0 4.67500 36.65000 3.02171 0.15830 -13
1.09728 -0.03366 6.59059 0 0.90000 -34.35000 4.44072 0.14954 13
0.59046 -0.21268 74.12870 0 6.40000 -18.52500 64.19180 0.11888 13
0.92631 0.13200 56.99575 0 -3.97500 -26.32500 41.97992 0.13790 -13
0.95070 -0.26755 56.99575 0 8.07500 -27.05000 41.97992 0.14155 -13
0.21363 -0.12004 71.28860 0 3.62500 -7.12500 69.73709 0.10369 -13
0.99675 0.13226 33.61870 0 -4.00000 -29.67500 23.91329 0.14282 13
1.02279 -0.26733 33.61870 0 8.05000 -30.45000 23.91329 0.14652 13
1.75140 0.02523 5.76825 0 -0.60000 -53.82500 2.86057 0.20314 -13
-0.48979 -0.09542 53.59120 0 2.90000 13.67500 48.17046 0.11255 -13
-1.80669 0.12335 61.82822 0 -3.70000 54.80000 30.11507 0.20830 -13
-1.86055 -0.27672 61.82822 0 8.37500 56.42500 30.11507 0.21455 -13
-1.08213 0.06993 1.68848 0 -2.55000 31.20000 1.14711 0.14905 13
0.77257 -0.12901 42.95300 0 3.87500 -23.70000 34.09515 0.12791 13
1.79310 0.14211 87.49950 0 -4.30000 -52.92500 42.94440 0.20726 13
1.83295 -0.25697 87.49950 0 7.75000 -54.12500 42.94440 0.21183 13
0.45754 0.07101 36.78853 0 -2.15000 -14.95000 33.46772 0.11098 13
-0.65185 0.00403 41.59691 0 -0.10000 20.17500 34.84734 0.12021 -13
0.68118 0.14680 17.80412 0 -4.40000 -20.47500 14.76376 0.12272 -13
0.69500 -0.25206 17.80412 0 7.65000 -20.90000 14.76376 0.12527 -13
1.84650 0.14840 16.92497 0 -4.42500 -57.32500 8.12818 0.21192 -13
1.88271 -0.25022 16.92497 0 7.62500 -58.47500 8.12818 0.21627 -13
0.81630 -0.03643 40.00441 0 1.07500 -23.90000 30.99860 0.13004 13
-1.05385 -0.10361 65.15497 0 3.12500 30.30000 44.97435 0.14667 13
-0.85434 -0.11709 85.83996 0 3.55000 25.17500 65.45262 0.13297 -13
-0.20482 -0.01880 16.17575 0 0.52500 7.05000 15.84693 0.10281 13
-0.05282 0.08931 61.97493 0 -2.67500 -0.30000 61.88940 0.10124 -13
-0.61301 -0.18264 54.91203 0 5.50000 20.40000 47.02345 0.11953 13
-0.54947 -0.20033 89.08881 0 6.05000 19.80000 78.43033 0.11667 -13
-0.52348 0.06307 5.66100 0 -1.80000 18.85000 5.01745 0.11385 -13
-0.94212 -0.05511 26.98174 0 1.65000 28.60000 19.65318 0.13846 13
-1.16301 -0.10950 2.38843 0 3.00000 36.12500 1.56223 0.15487 13
-0.20328 -0.21797 96.48780 0 6.57500 5.57500 94.63896 0.10508 13
1.58482 -0.00679 52.09430 0 0.22500 -48.15000 27.80005 0.18871 -13
-0.11557 0.08782 93.34511 0 -2.65000 6.65000 92.73250 0.10176 -13
1.28028 0.09967 68.37939 0 -3.02500 -38.22500 42.22068 0.16391 13
-0.40414 -0.22258 99.93480 0 6.70000 13.45000 92.96272 0.11090 13
0.20409 0.04203 8.35156 0 -1.32500 -6.70000 8.18317 0.10289 13
-0.67374 0.04218 64.38065 0 -1.27500 17.97500 53.40769 0.12151 13
0.88862 -0.08540 73.66444 0 2.57500 -27.87500 55.15318 0.13499 -13
-0.54597 -0.10020 91.42272 0 3.02500 15.97500 80.33410 0.11518 -13
1.59700 -0.03384 71.06726 0 1.02500 -46.80000 37.73189 0.18978 -13
0.75284 0.02038 94.67489 0 -0.62500 -23.75000 75.64221 0.12607 13
0.68673 -0.00965 17.31834 0 0.32500 -20.87500 14.27645 0.12216 -13
-1.85755 -0.10704 12.88874 0 3.30000 56.57500 6.13680 0.21277 -13
0.31352 -0.02617 56.89600 0 0.80000 -9.12500 54.29199 0.10557 -13
1.36560 -0.20304 99.10528 0 6.12500 -41.70000 59.32204 0.17168 -13
0.18282 -0.06153 11.77300 0 1.90000 -5.57500 11.58171 0.10257 -13
0.10716 -0.05073 65.11831 0 1.52500 -1.07500 64.74862 0.10141 13
1.03924 -0.04707 15.68011 0 1.37500 -31.97500 10.87881 0.14530 13
1.87190 -0.08646 95.89371 0 2.62500 -56.80000 45.31635 0.21390 -13
-0.53923 -0.12794 67.51344 0 3.85000 18.02500 59.53268 0.11513 13
0.51308 0.08636 79.54504 0 -2.60000 -14.42500 70.82802 0.11352 13
1.14870 0.11149 2.23419 0 -3.02500 -34.27500 1.47202 0.15379 -13
-1.10653 0.01285 55.83468 0 -0.40000 32.57500 37.43851 0.15020 13
0.21127 -0.14534 73.44105 0 4.40000 -7.60000 71.88674 0.10396 -13
-0.83553 0.07387 20.20603 0 -2.25000 23.70000 15.52378 0.13145 13
0.34708 -0.01377 39.61476 0 0.40000 -9.47500 37.42513 0.10660 13
-0.27751 -0.03533 17.08886 0 1.02500 5.92500 16.46745 0.10457 13
0.26127 0.07713 26.45469 0 -2.35000 -6.12500 25.60000 0.10438 13
-0.29600 0.14027 35.81720 0 -4.25000 7.67500 34.37092 0.10598 13
-0.30277 -0.25892 35.81720 0 7.80000 7.90000 34.37092 0.10839 13
0.48808 -0.18644 22.05678 0 5.65000 -13.05000 19.88591 0.11364 -13
0.58175 -0.01562 63.40152 0 0.45000 -17.65000 54.80434 0.11652 13
0.55937 -0.19350 57.55701 0 5.85000 -15.17500 50.44990 0.11703 -13
0.36856 -0.01197 88.06003 0 0.37500 -11.55000 82.62754 0.10733 -13
-0.77519 -0.14116 43.70918 0 4.25000 21.90000 34.67234 0.12820 13
0.44433 -0.07066 78.76567 0 2.15000 -12.37500 72.00961 0.11043 -13
0.23136 -0.15922 56.32365 0 4.80000 -5.87500 54.90860 0.10459 13
-0.14485 -0.00142 31.64799 0 0.05000 3.05000 31.32117 0.10175 -13
-0.66682 0.07751 14.69407 0 -2.30000 20.80000 12.23679 0.12128 -13
0.34958 -0.04361 45.49308 0 1.32500 -12.30000 42.94894 0.10677 -13
0.38648 0.09287 81.97920 0 -2.80000 -14.97500 76.50962 0.10837 13
-0.60243 -0.32890 81.97920 0 -2.67500 -14.92500 76.50962 0.10857 13
0.68733 -0.18811 81.97920 0 -1.60000 -13.57500 76.50962 0.11900 13
0.32437 -0.48914 81.97920 0 -1.35000 -13.60000 76.50962 0.12212 13
0.54113 0.32923 81.97920 0 -0.70000 -13.52500 76.50962 0.13016 13
1.13789 -0.02092 34.58726 0 0.65000 -33.80000 22.83473 0.15257 -13
0.13401 -0.11248 66.57627 0 3.37500 -5.42500 65.99370 0.10223 13
-1.38368 -0.10156 32.21440 0 3.07500 42.10000 18.93241 0.17225 -13
0.45049 0.04941 32.37900 0 -1.47500 -14.75000 29.52784 0.11056 -13
1.35215 0.07784 45.15258 0 -2.37500 -39.10000 26.90079 0.16955 13
-0.51565 0.11664 97.65874 0 -3.50000 15.22500 86.92061 0.11391 -13
1.39078 -0.05091 77.02830 0 1.52500 -42.77500 45.00645 0.17257 13
-0.16760 -0.12319 34.76532 0 3.72500 3.90000 34.29430 0.10287 -13
0.69963 -0.12167 89.49229 0 3.67500 -18.60000 73.50460 0.12350 13
-0.35767 -0.23077 80.78966 0 6.95000 10.42500 76.28930 0.10944 13
1.73155 0.00759 10.60544 0 -0.15000 -52.25000 5.30375 0.20138 -13
-0.32053 -0.06235 18.91903 0 1.85000 10.25000 18.01942 0.10593 13
-0.70849 -0.11140 50.43388 0 3.35000 21.40000 41.23674 0.12392 13
0.13552 -0.13824 75.40836 0 4.17500 -4.82500 74.73798 0.10258 -13
-0.45637 -0.00995 95.44785 0 0.30000 15.32500 86.83314 0.11070 -13
0.69524 0.11929 35.29958 0 -3.62500 -21.32500 29.05008 0.12324 13
0.71709 -0.28106 35.29958 0 8.47500 -22.00000 29.05008 0.12709 13
-0.19119 -0.13137 1.98731 0 3.70000 4.87500 1.95247 0.10342 13
0.06173 0.00415 39.86779 0 -0.10000 0.95000 39.79207 0.10090 -13
1.09033 -0.08874 37.39496 0 2.70000 -33.77500 25.33018 0.14926 -13
-0.18062 -0.19055 7.87772 0 5.82500 5.32500 7.75656 0.10417 -13
1.49517 -0.04118 9.71068 0 1.15000 -43.95000 5.40142 0.18119 13
0.68219 -0.11392 6.78536 0 3.52500 -21.42500 5.61654 0.12250 -13
-0.50779 -0.22320 13.64837 0 6.70000 14.67500 12.22889 0.11513 13
-0.63439 -0.00861 27.12473 0 0.27500 21.12500 22.90481 0.11926 -13
-0.25337 0.04835 67.51839 0 -1.45000 8.50000 65.45475 0.10400 -13
0.74012 0.06860 84.22747 0 -2.05000 -21.10000 67.75818 0.12547 -13
-0.63968 0.06395 5.52288 0 -1.82500 18.35000 4.65508 0.11972 -13
0.88480 -0.23013 94.03019 0 6.92500 -27.77500 71.21281 0.13644 13
-0.06723 -0.23418 57.89698 0 7.05000 3.65000 57.77331 0.10364 13
-0.54176 0.10513 50.74454 0 -3.15000 15.07500 44.67285 0.11502 -13
-1.79030 0.04879 85.89318 0 -1.45000 53.65000 41.92355 0.20656 -13
1.59803 -0.09884 96.82890 0 3.00000 -49.70000 51.54371 0.19010 -13
-0.50519 -0.15638 39.17366 0 4.70000 14.05000 35.05001 0.11391 13
0.80279 0.13760 13.07009 0 -4.20000 -25.30000 10.22913 0.12992 13
0.82212 -0.26181 13.07009 0 7.85000 -25.87500 10.22913 0.13295 13
0.32941 0.13811 65.69869 0 -4.17500 -11.85000 62.45765 0.10694 13
0.33726 -0.26118 65.69869 0 7.87500 -12.07500 62.45765 0.10947 13
-0.17021 -0.16138 17.73697 0 4.90000 1.10000 17.49177 0.10345 -13
0.26368 0.04733 74.36113 0 -1.42500 -7.42500 71.90874 0.10426 13
-0.40601 0.12242 66.18965 0 -3.67500 11.40000 61.39209 0.10938 -13
-0.41826 -0.27770 66.18965 0 8.37500 11.77500 61.39209 0.11269 -13
1.37210 0.00888 49.38901 0 -0.25000 -40.30000 29.08965 0.17099 -13
0.43107 0.01598 68.36092 0 -0.50000 -12.42500 62.77788 0.10967 13
0.05534 -0.09823 34.80130 0 2.95000 -1.90000 34.74866 0.10133 13
1.75463 0.07475 40.14460 0 -2.27500 -50.65000 19.91941 0.20353 13
1.55907 -0.08009 25.60605 0 2.37500 -47.97500 13.85579 0.18668 13
0.12479 -0.13333 1.72569 0 3.72500 -4.90000 1.71267 0.10244 13
1.36119 -0.00641 51.61467 0 0.17500 -41.52500 30.55980 0.17009 13
-0.46547 -0.16763 11.60528 0 5.00000 11.67500 10.54681 0.11234 13
0.11726 0.08501 34.91067 0 -2.55000 -5.47500 34.67479 0.10175 -13
0.42098 -0.08747 4.34308 0 2.52500 -12.90000 4.00527 0.10961 13
-0.80452 0.06448 87.49528 0 -1.95000 24.27500 68.22781 0.12941 -13
-1.58349 0.10564 62.70851 0 -3.17500 46.40000 33.61600 0.18890 -13
0.21256 0.04007 5.33115 0 -1.12500 -8.87500 5.21484 0.10304 -13
1.17560 0.12739 83.93909 0 -3.85000 -34.87500 54.64001 0.15595 13
1.20868 -0.27244 83.93909 0 8.20000 -35.87500 54.64001 0.16032 13
-0.45062 0.05331 35.55867 0 -1.60000 11.80000 32.42708 0.11058 -13
0.18636 -0.06620 82.86478 0 2.00000 -0.80000 81.46815 0.10265 -13
0.17369 0.08647 63.33835 0 -2.62500 -6.35000 62.41068 0.10258 13
-1.17812 0.02794 82.37520 0 -0.82500 35.35000 53.31903 0.15564 -13
1.34960 -0.18363 64.39170 0 5.55000 -41.22500 38.74544 0.17017 -13
1.29514 -0.11395 10.18676 0 3.35000 -37.17500 6.25103 0.16513 13
1.15473 -0.10786 27.36208 0 3.27500 -33.67500 17.97133 0.15423 -13
-0.28016 -0.01227 68.19019 0 0.37500 7.87500 65.66232 0.10459 -13
0.46247 0.06415 47.18443 0 -1.92500 -14.62500 42.84170 0.11114 -13
0.00805 -0.20913 22.02962 0 6.32500 -3.35000 22.02895 0.10290 -13
-0.86103 -0.13362 31.62083 0 4.05000 28.12500 24.05205 0.13358 -13
-0.78560 0.07667 40.81898 0 -2.30000 24.70000 32.13454 0.12828 -13
-0.67038 -0.17361 16.69842 0 5.27500 19.95000 13.93381 0.12252 -13
-1.24835 -0.09729 92.50986 0 2.95000 38.70000 58.00302 0.16138 -13
-0.38984 -0.11428 30.43586 0 3.47500 14.05000 28.38156 0.10870 -13
0.04448 0.09842 60.69211 0 -2.95000 -2.15000 60.63276 0.10129 -13
-0.28861 -0.15528 89.87623 0 4.67500 7.25000 86.43002 0.10597 13
-0.35073 -0.00756 35.41778 0 0.25000 10.97500 33.42172 0.10672 -13
0.70999 0.13915 80.00638 0 -4.20000 -21.12500 65.44483 0.12430 13
0.72659 -0.26009 80.00638 0 7.82500 -21.62500 65.44483 0.12720 13
0.12930 -0.17937 60.24073 0 5.40000 -1.82500 59.75872 0.10313 13
0.14630 0.08803 27.93771 0 -2.62500 -5.05000 27.64567 0.10216 -13
-1.57717 -0.02501 88.81883 0 0.75000 47.62500 47.57186 0.18807 13
0.85873 -0.22879 91.66184 0 6.90000 -26.32500 70.28644 0.13472 13
-1.62446 -0.13813 41.02255 0 4.15000 49.07500 21.65318 0.19258 13
1.30825 -0.21140 86.40167 0 6.37500 -38.40000 53.19415 0.16717 13
1.87905 -0.10246 44.41382 0 3.12500 -58.25000 20.95076 0.21446 -13
-1.25873 1.52478 44.41382 0 3.15000 -58.27500 20.95076 0.21457 -13
3.86095 -1.25433 44.41382 0 2.15000 -58.90000 20.95076 0.22392 -13
-0.54759 0.00607 73.63193 0 -0.20000 17.97500 64.58351 0.11481 13
1.32927 0.02259 60.68719 0 -0.67500 -42.87500 36.48942 0.16752 -13
-0.79832 -0.17351 23.54659 0 5.20000 20.07500 18.50775 0.13002 13
-0.12251 -0.01861 85.59370 0 0.57500 1.75000 84.95872 0.10148 -13
1.32737 -0.17764 6.96395 0 5.22500 -42.85000 4.22914 0.16832 13
0.58532 0.06274 65.23341 0 -1.90000 -19.37500 56.32679 0.11686 13
1.70935 0.10112 46.74459 0 -3.07500 -49.97500 23.69254 0.19971 13
0.78374 -0.05427 62.75173 0 1.65000 -25.90000 49.41752 0.12807 -13
1.72709 -0.16941 63.37887 0 5.10000 -50.30000 32.09463 0.20167 13
-0.75784 -0.14298 71.71623 0 4.30000 21.77500 57.36713 0.12717 13
1.93125 0.01554 12.32367 0 -0.55000 -60.20000 5.66732 0.21902 13
-0.52167 -0.04759 29.23974 0 1.45000 14.92500 25.93033 0.11369 -13
-0.01479 -0.24197 50.13620 0 7.30000 -1.30000 50.13102 0.10363 -13
-0.21487 -0.24615 56.50344 0 7.42500 7.30000 55.31263 0.10595 -13
1.86303 0.03883 52.28430 0 -1.15000 -56.32500 24.74171 0.21296 -13
-0.88645 0.06965 50.27512 0 -2.10000 27.30000 37.66172 0.13475 -13
0.31987 -0.10791 35.58052 0 3.27500 -10.37500 33.90715 0.10629 -13
-1.39954 0.12861 15.19459 0 -3.82500 41.42500 8.88201 0.17366 -13
-1.43811 -0.27099 15.19459 0 8.22500 42.62500 8.88201 0.17858 -13
0.06018 -0.00164 90.71325 0 0.05000 -2.27500 90.54942 0.10089 -13
1.34691 -0.20138 23.10502 0 6.12500 -44.12500 13.94897 0.17019 -13
0.31978 0.06042 40.66925 0 -1.80000 -8.60000 38.74352 0.10590 -13
-0.97455 0.13611 49.26956 0 -4.12500 29.55000 35.44235 0.14129 13
-0.99857 -0.26330 49.26956 0 7.92500 30.27500 35.44235 0.14474 13
0.57759 -0.09327 51.04810 0 2.80000 -17.55000 44.25206 0.11666 13
-0.64626 0.07838 60.38029 0 -2.35000 18.55000 50.75773 0.12016 -13
-0.06729 -0.14909 65.93456 0 4.50000 -0.27500 65.78900 0.10205 -13
0.38063 0.09908 35.58982 0 -2.97500 -10.87500 33.28222 0.10821 -13
-0.19439 0.13642 13.96366 0 -4.05000 7.37500 13.71019 0.10349 -13
-0.19910 -0.26287 13.96366 0 7.97500 7.52500 13.71019 0.10610 -13
0.02343 0.07232 36.66899 0 -2.17500 0.30000 36.65897 0.10099 -13
-0.47759 -0.21976 78.88029 0 6.62500 15.80000 71.48558 0.11377 -13
-0.75494 -0.10017 65.11277 0 3.02500 23.30000 52.06023 0.12659 -13
-1.08088 0.00741 93.48643 0 -0.22500 33.87500 63.48834 0.14829 13
-0.77611 0.08933 53.35065 0 -2.70000 22.35000 42.20891 0.12780 13
-0.39539 0.14147 74.13406 0 -4.25000 11.10000 69.03232 0.10922 -13
-0.40428 -0.25763 74.13406 0 7.77500 11.35000 69.03232 0.11168 -13
1.57372 -0.21255 67.47013 0 6.40000 -48.02500 36.75570 0.18897 13
0.69688 -0.17351 19.20735 0 5.27500 -18.32500 15.83434 0.12400 -13
-1.37064 0.00347 3.01203 0 -0.37500 42.35000 1.77481 0.17102 13
-0.06476 -0.00291 13.25589 0 0.12500 0.82500 13.22816 0.10092 -13
-0.04357 -0.10330 12.20086 0 3.15000 -2.52500 12.18942 0.10136 -13
0.36283 -0.18586 9.69378 0 5.65000 -10.72500 9.13048 0.10879 -13
0.36287 0.10314 77.88464 0 -3.12500 -11.30000 73.25847 0.10763 13
0.50496 -0.21463 87.93852 0 6.47500 -16.45000 78.85202 0.11486 13
1.19065 0.09603 49.32999 0 -2.90000 -34.60000 31.81145 0.15689 13
-0.69732 0.13787 33.60627 0 -4.15000 23.87500 27.65079 0.12354 -13
-0.71402 -0.26139 33.60627 0 7.90000 24.37500 27.65079 0.12653 -13
1.12650 -0.21127 93.47536 0 6.37500 -34.72500 62.81007 0.15318 -13
-1.55302 -0.09868 3.31468 0 2.70000 47.17500 1.80041 0.18625 13
-0.08212 0.09763 48.04048 0 -2.92500 2.02500 47.88080 0.10152 -13
0.05487 -0.06428 57.37184 0 1.95000 -3.25000 57.28601 0.10106 -13
-0.07302 0.06454 74.75153 0 -1.95000 2.80000 74.55389 0.10118 -13
1.38500 -0.23816 82.34073 0 7.17500 -39.75000 49.07496 0.17368 13
-1.94014 -0.18005 92.32187 0 5.45000 59.85000 42.83177 0.22057 -13
1.96417 -0.22437 45.42399 0 6.80000 -58.00000 21.01183 0.22315 -13
-0.26286 0.03660 74.91006 0 -1.10000 7.97500 72.45206 0.10419 -13
1.84741 -0.00769 10.45000 0 0.32500 -58.50000 4.97521 0.21154 -13
-0.72614 -0.19938 90.76363 0 6.00000 21.77500 73.93299 0.12605 13
0.19826 0.00569 65.24821 0 -0.17500 -6.65000 64.00255 0.10267 -13
0.79096 -0.06727 31.83432 0 2.00000 -22.87500 24.98908 0.12857 13
-0.67117 0.11950 59.87927 0 -3.62500 20.10000 49.82804 0.12188 13
-0.69221 -0.28083 59.87927 0 8.45000 20.75000 49.82804 0.12569 13
-1.11379 0.00655 75.66427 0 -0.20000 34.00000 50.55012 0.15074 13
-0.20715 -0.04139 56.40081 0 1.25000 6.30000 55.23043 0.10293 -13
1.76940 -0.16849 85.92573 0 5.07500 -55.07500 42.72638 0.20536 13
-1.61218 3.12927 85.92573 0 3.75000 -57.07500 42.72638 0.22294 13
-0.25593 -0.14931 28.38199 0 4.47500 10.07500 27.51441 0.10502 13
-0.60329 -0.04674 35.53097 0 1.40000 19.77500 30.43219 0.11770 13
1.19840 -0.05834 87.60855 0 1.77500 -34.97500 56.18569 0.15729 -13
-1.10247 0.01838 32.97049 0 -0.57500 31.72500 22.15324 0.14990 13
1.07345 -0.09788 38.70245 0 2.97500 -30.90000 26.44816 0.14808 -13
0.12483 0.01356 62.99967 0 -0.40000 -3.07500 62.51454 0.10149 -13
0.31877 0.13663 99.73309 0 -4.12500 -7.72500 95.10237 0.10659 13
0.32656 -0.26272 99.73309 0 7.92500 -7.97500 95.10237 0.10919 13
0.15369 0.05773 61.15164 0 -1.72500 -3.77500 60.44428 0.10205 -13
1.09334 -0.01579 85.64385 0 0.47500 -32.02500 57.80531 0.14922 13
0.30814 0.06198 89.38061 0 -1.87500 -8.15000 85.43167 0.10556 13
-1.29670 0.14604 15.47384 0 -4.45000 37.92500 9.51186 0.16561 13
-1.32350 -0.25299 15.47384 0 7.57500 38.70000 9.51186 0.16891 13
-0.07600 -0.02625 95.52484 0 0.80000 0.80000 95.25038 0.10103 -13
-0.70400 -0.15829 66.61584 0 4.77500 20.80000 54.69321 0.12419 -13
1.26793 0.05954 19.98852 0 -1.82500 -39.75000 12.39147 0.16274 13
-1.16493 -0.18676 36.84876 0 5.62500 34.07500 24.23752 0.15573 13
-0.55137 -0.09962 45.35971 0 3.02500 16.45000 39.76741 0.11543 -13
-0.24513 0.11536 20.06015 0 -3.45000 7.65000 19.49064 0.10433 -13
-0.74020 0.05473 60.36976 0 -1.65000 20.40000 48.54885 0.12541 -13
-0.03092 0.14759 30.91012 0 -4.47500 2.25000 30.89567 0.10185 13
-0.03154 -0.25129 30.91012 0 7.57500 2.25000 30.89567 0.10387 13
0.67921 -0.15764 34.71857 0 4.72500 -19.22500 28.83034 0.12276 13
1.62245 -0.19903 65.71570 0 6.00000 -47.92500 34.96707 0.19295 13
-0.42175 -0.21791 40.04339 0 6.55000 13.72500 37.02314 0.11146 13
0.71598 0.06774 75.92331 0 -2.05000 -20.90000 61.78002 0.12404 13
0.26951 -0.18637 62.43644 0 5.62500 -5.97500 60.35404 0.10598 -13
0.65144 0.00554 51.77888 0 -0.15000 -18.80000 43.38560 0.12019 -13
-0.79602 -0.12101 27.91327 0 3.62500 29.05000 21.89948 0.12929 13
0.20947 0.08106 84.12934 0 -2.45000 -8.80000 82.35367 0.10321 13
0.60999 -0.02374 8.12033 0 0.65000 -20.82500 6.93287 0.11798 13
0.37266 -0.23687 24.42168 0 7.12500 -12.67500 22.95874 0.11007 13
-0.14075 -0.05990 34.08480 0 1.80000 6.57500 33.75327 0.10187 13
-1.16184 -0.18491 25.25952 0 5.55000 34.07500 16.63676 0.15546 13
0.99669 -0.09529 62.28970 0 2.87500 -30.55000 44.21733 0.14250 13
0.27392 0.07698 44.75281 0 -2.30000 -8.02500 43.17189 0.10470 -13
-0.79428 0.10138 6.25387 0 -3.15000 23.85000 4.90662 0.12907 13
-1.98866 0.08667 63.29722 0 -2.60000 60.17500 28.52036 0.22433 -13
0.06820 -0.17338 64.54209 0 5.22500 -3.40000 64.39681 0.10243 13
0.84787 -0.15149 99.23496 0 4.57500 -24.22500 76.04846 0.13290 13
-0.42029 -0.04330 90.82938 0 1.30000 14.87500 83.74592 0.10932 -13
-0.08165 -0.13667 31.64317 0 4.10000 1.67500 31.54012 0.10196 13
-0.01497 -0.19473 76.40036 0 5.87500 -0.62500 76.39212 0.10261 -13
0.07499 0.05206 98.81745 0 -1.57500 -3.27500 98.54155 0.10112 -13
-0.27971 -0.12996 66.22709 0 3.92500 8.82500 63.81735 0.10539 -13
-1.99222 -0.00606 60.19488 0 0.17500 59.82500 27.00422 0.22448 13
-0.32010 -0.05186 96.87996 0 1.55000 9.75000 92.27948 0.10587 13
0.81502 0.11685 82.07796 0 -3.52500 -25.22500 63.79456 0.13045 13
-0.97637 -0.22903 45.02918 0 6.92500 30.25000 32.61747 0.14263 -13
-1.85779 -0.07346 52.29389 0 2.22500 54.80000 24.83804 0.21260 -13
-1.00583 -0.07592 12.98943 0 2.25000 30.37500 9.16965 0.14305 13
-0.34844 -0.05399 8.56516 0 1.57500 8.85000 8.08959 0.10677 13
0.53975 0.05466 63.92437 0 -1.65000 -16.87500 56.27222 0.11456 -13
1.17215 -0.11727 18.29471 0 3.57500 -35.57500 11.92035 0.15564 -13
0.07043 -0.15997 96.41882 0 4.82500 -0.97500 96.18646 0.10223 -13
-1.70833 -0.02390 87.88476 0 0.72500 51.17500 44.40666 0.19935 -13
0.38618 -0.14949 69.37111 0 4.52500 -12.20000 64.80510 0.10900 -13
0.76626 -0.19318 86.35057 0 5.82500 -22.87500 69.00255 0.12835 -13
0.53972 -0.06399 68.10245 0 1.95000 -15.50000 59.95844 0.11462 -13
-0.87219 -0.00851 59.29690 0 0.25000 26.47500 44.68822 0.13363 13
-0.48234 -0.07942 8.64369 0 2.45000 15.07500 7.78957 0.11212 -13
1.91944 -0.02320 82.72772 0 0.72500 -58.95000 38.23165 0.21797 -13
-1.32664 0.13278 87.46411 0 -4.02500 40.82500 52.94023 0.16785 13
-1.36109 -0.26678 87.46411 0 8.02500 41.85000 52.94023 0.17218 13
-0.08371 0.11591 47.08455 0 -3.47500 2.32500 46.92259 0.10172 -13
1.22732 -0.22332 38.66647 0 6.75000 -35.72500 24.78031 0.16103 -13
-1.48152 0.10849 93.62911 0 -3.27500 43.95000 52.59286 0.18032 -13
-1.99828 0.04469 34.95380 0 -1.32500 62.17500 15.65466 0.22507 -13
0.79633 0.00444 50.25766 0 -0.12500 -23.90000 39.31483 0.12873 -13
-0.45597 0.13519 80.05828 0 -4.07500 14.65000 72.95622 0.11151 13
-0.46736 -0.26423 80.05828 0 7.97500 15.00000 72.95622 0.11429 13
0.88647 -0.07232 22.66629 0 2.20000 -23.57500 16.98067 0.13478 -13
0.15728 -0.05495 71.79197 0 1.67500 -5.92500 70.92270 0.10209 -13
1.21245 -0.21104 62.81779 0 6.37500 -34.75000 40.48676 0.15971 -13
1.47327 0.12755 63.91924 0 -3.82500 -46.90000 36.09628 0.17976 -13
1.51466 -0.27221 63.91924 0 8.22500 -48.15000 36.09628 0.18484 -13
0.35739 0.01076 36.62381 0 -0.35000 -11.02500 34.48760 0.10695 13
-0.24553 -0.02714 98.48981 0 0.82500 8.40000 95.65082 0.10373 -13
-0.31979 -0.21259 70.15818 0 6.42500 11.25000 66.95908 0.10788 -13
-0.69295 0.03995 65.71675 0 -1.22500 22.17500 54.02961 0.12258 13
2.02416 -0.20846 92.24448 0 6.30000 -60.27500 41.55938 0.22834 -13
-0.33776 -0.09731 80.82952 0 2.92500 9.57500 76.61611 0.10674 13
0.88256 -0.01237 36.11482 0 0.40000 -27.87500 27.07851 0.13432 -13
0.10446 -0.24767 26.87730 0 7.45000 -5.15000 26.74017 0.10426 13
1.73318 -0.04768 36.76520 0 1.47500 -49.85000 18.38951 0.20157 -13
-1.35327 -0.01874 55.82637 0 0.55000 38.97500 33.18134 0.16934 13
-1.35326 -0.01874 55.82637 0 0.55000 39.02500 33.18134 0.16945 13
-0.91424 0.13280 70.37257 0 -4.00000 25.67500 52.14453 0.13709 -13
-0.93795 -0.26673 70.37257 0 8.05000 26.40000 52.14453 0.14067 -13
-0.65570 -0.23314 11.23124 0 6.97500 19.30000 9.46527 0.12265 13
-0.62462 -0.11259 98.55457 0 3.40000 19.77500 83.73577 0.11928 -13
0.98143 0.07583 52.44449 0 -2.30000 -31.67500 37.48305 0.14131 13
1.02055 0.00867 96.69689 0 -0.25000 -30.25000 67.67716 0.14389 -13
0.20589 0.07878 26.08881 0 -2.35000 -5.32500 25.55591 0.10312 -13
1.86371 -0.04520 26.40056 0 1.32500 -55.17500 12.49163 0.21304 13
0.20845 -0.14521 73.91716 0 4.37500 -3.22500 72.39326 0.10390 -13
-0.32237 -0.19540 69.43033 0 5.90000 9.42500 66.19605 0.10762 -13
1.31431 -0.08799 6.88465 0 2.77500 -35.97500 4.17875 0.16663 -13
-1.71281 -0.07642 50.72846 0 2.32500 51.12500 25.63174 0.19989 -13
-0.24229 0.05581 86.33109 0 -1.70000 5.75000 83.91055 0.10377 13
-2.14740 -0.08707 87.98620 0 2.65000 64.42500 37.25935 0.23871 -13
0.87864 -0.15137 70.51949 0 4.55000 -26.07500 53.23577 0.13491 13
0.09448 -0.06601 56.71711 0 1.97500 -3.35000 56.46673 0.10137 13
-1.49525 0.02430 37.04536 0 -0.75000 43.50000 20.59833 0.18117 13
-0.29976 0.03386 58.21827 0 -1.02500 8.82500 55.76938 0.10519 -13
0.01237 -0.24380 89.90749 0 7.35000 -0.77500 89.90100 0.10366 -13
0.20298 -0.05058 82.09173 0 1.52500 -4.00000 80.45524 0.10288 13
0.48433 0.03321 97.15764 0 -1.00000 -12.85000 87.45058 0.11194 13
-0.71997 -0.14005 51.19484 0 4.20000 25.10000 41.68412 0.12488 13
-2.12088 -0.07373 73.52019 0 2.20000 64.32500 31.42351 0.23624 13
-0.82029 -0.06656 69.93131 0 2.02500 25.95000 54.11629 0.13043 -13
-0.59653 -0.21648 67.39199 0 6.52500 18.05000 58.21929 0.11926 13
0.31735 -0.23135 13.02392 0 7.02500 -8.92500 12.44235 0.10823 -13
1.00580 -0.23053 71.47354 0 6.97500 -29.67500 51.04474 0.14471 -13
1.48958 0.01350 60.10350 0 -0.40000 -44.75000 33.50287 0.18068 -13
-0.62306 -0.16765 72.21389 0 5.05000 18.75000 61.52625 0.11984 13
-0.86862 -0.23942 50.84632 0 7.22500 26.12500 38.84259 0.13556 -13
0.96069 -0.15218 10.78584 0 4.52500 -31.85000 7.82041 0.14045 13
0.95656 -0.14023 87.80583 0 4.25000 -26.65000 63.74539 0.14007 -13
-0.69861 0.10694 5.48568 0 -3.12500 21.87500 4.50509 0.12330 -13
-0.62038 -0.16415 17.62332 0 4.92500 18.15000 15.02995 0.11964 13
-0.44204 -0.03334 63.13162 0 1.02500 13.30000 57.74705 0.11016 -13
-0.22397 -0.03882 90.87527 0 1.17500 8.42500 88.68148 0.10327 -13
-0.96681 -0.19993 80.33429 0 6.02500 27.05000 58.29947 0.14150 13
0.88832 -0.21261 68.41491 0 6.40000 -26.80000 51.64351 0.13638 13
-1.06119 -0.22498 32.06823 0 6.80000 30.55000 22.27929 0.14860 -13
-0.06336 -0.06341 40.64485 0 1.92500 0.55000 40.56379 0.10111 -13
0.06148 -0.03433 10.11393 0 0.97500 -0.72500 10.09489 0.10096 13
0.54450 -0.10622 21.87551 0 3.22500 -16.17500 19.23634 0.11517 -13
-0.41530 0.00542 91.66386 0 -0.15000 12.90000 84.65404 0.10904 -13
-0.74631 0.01002 15.83975 0 -0.35000 21.80000 12.69440 0.12566 13
-1.33703 0.09009 24.17908 0 -2.75000 40.92500 14.51975 0.16829 13
1.98984 1.40022 24.17908 0 -2.72500 41.00000 14.51975 0.16854 13
1.76378 0.08754 90.80304 0 -2.65000 -53.27500 44.91350 0.20438 13
0.32754 -0.15270 12.24608 0 4.57500 -12.62500 11.65059 0.10706 13
-0.79464 0.02834 21.53752 0 -0.87500 27.22500 16.86483 0.12866 13
-0.01479 0.10318 45.80212 0 -3.10000 1.35000 45.79717 0.10125 -13
-1.99686 0.14483 46.70965 0 -4.40000 58.15000 21.08934 0.22539 13
-2.03909 -0.25417 46.70965 0 7.65000 59.40000 21.08934 0.23009 13
0.23909 -0.24700 28.88187 0 7.47500 -7.62500 28.13388 0.10650 -13
-1.67992 -0.23171 3.37140 0 6.67500 50.80000 1.75784 0.19793 13
0.88765 -0.22391 60.94346 0 6.75000 -24.80000 46.06455 0.13652 13
1.06077 -0.00957 20.00925 0 0.32500 -32.70000 13.72514 0.14682 -13
0.53543 0.07934 11.53850 0 -2.45000 -17.85000 10.17955 0.11453 13
-0.96323 0.07125 29.57321 0 -2.17500 30.75000 21.32530 0.14001 13
0.80979 -0.12453 86.11983 0 3.75000 -24.47500 67.13081 0.13018 13
0.45921 0.06219 77.69865 0 -1.87500 -12.55000 70.63332 0.11099 13
-0.57207 -0.21621 27.51021 0 6.50000 18.40000 24.01158 0.11803 13
0.21716 -0.17235 77.49034 0 5.20000 -7.80000 75.77458 0.10450 13
0.84214 0.08197 59.65122 0 -2.47500 -27.17500 45.69035 0.13192 13
-1.31732 0.13005 20.08006 0 -3.87500 40.15000 12.20651 0.16703 -13
-1.35299 -0.26965 20.08006 0 8.17500 41.22500 12.20651 0.17164 -13
-0.36246 -0.03768 46.44224 0 1.15000 10.67500 43.66619 0.10719 -13
-0.52301 0.00034 55.96956 0 -0.00000 14.90000 49.59576 0.11365 -13
-0.23041 -0.13849 32.20291 0 4.17500 5.80000 31.39562 0.10427 13
-1.13406 0.00649 71.40143 0 -0.20000 33.90000 47.22419 0.15227 13
-0.30357 0.03858 74.61946 0 -1.17500 12.37500 71.40626 0.10532 13
-0.19640 -0.10368 3.80270 0 3.00000 7.65000 3.73214 0.10315 13
0.08032 -0.22080 13.16977 0 6.62500 -1.70000 13.12945 0.10342 13
-0.28977 0.04482 80.94784 0 -1.35000 9.05000 77.75541 0.10495 13
0.37686 -0.17478 3.39123 0 5.12500 -10.72500 3.17926 0.10900 13
-1.61857 0.06719 20.52030 0 -1.97500 49.27500 10.80293 0.19171 -13
0.21143 0.11163 21.15400 0 -3.40000 -2.97500 20.70179 0.10355 13
-0.22306 0.11306 64.61707 0 -3.42500 5.05000 63.08598 0.10380 13
1.30691 -0.01755 27.13452 0 0.50000 -38.25000 16.49081 0.16572 13
-0.59425 -0.18176 17.54415 0 5.52500 19.20000 15.14519 0.11859 -13
0.04932 0.11017 46.94299 0 -3.32500 -1.52500 46.88670 0.10144 13
0.75154 0.06255 33.63358 0 -1.87500 -21.30000 26.90593 0.12613 -13
-0.10707 -0.02215 88.48998 0 0.67500 3.22500 87.98738 0.10130 -13
-1.75960 -0.07745 52.66199 0 2.35000 53.97500 26.07989 0.20397 -13
-0.74254 0.14464 51.38849 0 -4.37500 24.35000 41.40862 0.12628 13
-0.75830 -0.25435 51.38849 0 7.65000 24.82500 41.40862 0.12894 13
-1.76715 0.07953 74.65895 0 -2.42500 54.27500 36.85749 0.20463 13
-1.50313 0.00794 70.30157 0 -0.22500 47.82500 38.94091 0.18181 -13
-0.24762 0.12471 91.80118 0 -3.77500 6.12500 89.14920 0.10450 13
-0.25487 -0.27529 91.80118 0 8.30000 6.32500 89.14920 0.10755 13
-0.18507 -0.13949 91.12526 0 4.20000 6.52500 89.63201 0.10337 -13
-0.29947 0.03431 21.47043 0 -1.05000 8.12500 20.56885 0.10518 13
0.35112 -0.23056 71.32785 0 6.95000 -10.57500 67.48710 0.10923 -13
0.04941 -0.09457 51.83732 0 2.85000 -2.77500 51.77476 0.10128 -13
0.90203 0.04098 15.84832 0 -1.20000 -26.90000 11.77240 0.13568 -13
-0.35700 -0.18046 81.77216 0 5.45000 12.40000 77.14922 0.10847 -13
1.20899 0.08276 41.98400 0 -2.47500 -34.90000 26.81302 0.15822 -13
-0.30178 -0.17555 21.22476 0 5.32500 9.35000 20.34510 0.10664 -13
3.39143 -0.66756 21.22476 0 5.77500 10.37500 20.34510 0.11067 -13
-0.33248 -0.20926 97.85683 0 6.32500 11.70000 93.05327 0.10820 -13
0.28280 0.11902 88.62561 0 -3.57500 -11.12500 85.32494 0.10534 -13
0.29172 -0.28130 88.62561 0 8.50000 -11.40000 85.32494 0.10866 -13
-0.13280 -0.05421 19.77570 0 1.60000 6.10000 19.60398 0.10173 13
-0.46426 -0.16600 64.71521 0 5.02500 12.77500 58.83781 0.11228 -13
0.25235 -0.10865 26.49482 0 3.25000 -6.00000 25.69842 0.10443 13
0.26560 -0.22903 56.36251 0 6.92500 -7.32500 54.56351 0.10672 -13
-0.92840 -0.11081 12.93677 0 3.40000 27.77500 9.50760 0.13789 -13
0.28174 -0.15743 6.37466 0 4.82500 -9.32500 6.14123 0.10588 -13
0.37821 0.02691 9.86047 0 -0.75000 -10.82500 9.22322 0.10770 -13
1.36462 -0.04496 8.08501 0 1.25000 -41.72500 4.78204 0.17042 13
1.28085 -0.24375 70.94524 0 7.35000 -35.67500 44.44052 0.16546 13
1.95236 0.13109 47.64065 0 -3.97500 -56.80000 21.86560 0.22131 13
2.00439 -0.26857 47.64065 0 8.07500 -58.35000 21.86560 0.22714 13
2.10268 0.09610 86.40389 0 -2.87500 -63.25000 37.24902 0.23466 -13
1.91970 0.10870 36.37573 0 -3.30000 -60.35000 16.88375 0.21826 13
0.37486 -0.13467 70.76408 0 4.05000 -7.85000 66.33455 0.10839 13
0.04065 0.13804 98.44373 0 -4.17500 -1.70000 98.36401 0.10175 13
0.04163 -0.26125 98.44373 0 7.87500 -1.75000 98.36401 0.10417 13
0.46688 -0.11412 5.27235 0 3.55000 -11.40000 4.78283 0.11179 -13
0.11918 -0.15099 17.99645 0 4.52500 1.22500 17.87275 0.10254 13
-0.29257 -0.24433 88.15719 0 7.37500 8.75000 84.79900 0.10777 -13
-1.80777 -0.17264 19.40833 0 5.27500 54.75000 9.50078 0.20883 -13
-0.55132 0.00502 70.55480 0 -0.15000 18.25000 61.78717 0.11499 13
1.00834 -0.05037 57.90339 0 1.50000 -31.85000 40.79945 0.14309 13
0.19997 0.07754 1.63091 0 -2.65000 -4.62500 1.59943 0.10330 13
-0.02398 0.05260 45.31963 0 -1.57500 4.72500 45.30663 0.10087 -13
0.17265 -0.13681 25.04254 0 4.15000 -4.65000 24.68403 0.10313 -13
-1.69218 0.01498 79.75658 0 -0.45000 51.27500 40.58017 0.19794 -13
1.26544 0.01307 18.55610 0 -0.35000 -38.40000 11.50554 0.16243 -13
-1.13325 -0.21851 93.53191 0 6.57500 34.05000 62.69389 0.15377 13
1.67049 -0.09120 62.40365 0 2.77500 -51.90000 32.15084 0.19628 -13
1.12186 -0.09613 92.86598 0 2.90000 -33.42500 61.95103 0.15165 13
-0.66578 -0.18021 60.93250 0 5.42500 20.60000 50.96622 0.12232 13
-0.72329 -0.13559 43.66807 0 4.10000 24.87500 35.49359 0.12504 -13
-0.20295 0.14895 88.46637 0 -4.50000 7.32500 86.73612 0.10384 -13
-0.20692 -0.24984 88.46637 0 7.55000 7.45000 86.73612 0.10587 -13
-1.52075 -0.04662 10.55335 0 1.47500 44.80000 5.80244 0.18338 -13
1.06916 -0.15181 19.28776 0 4.62500 -32.10000 13.25492 0.14825 -13
0.40889 -0.21843 10.47195 0 6.65000 -12.80000 9.72505 0.11104 -13
-0.22192 0.06948 47.70914 0 -2.10000 7.17500 46.58125 0.10339 13
1.01699 -0.04076 78.61649 0 1.22500 -32.72500 55.14347 0.14369 -13
0.77307 -0.19723 2.79811 0 5.72500 -21.67500 2.22980 0.12872 13
-0.70738 -0.02269 13.55718 0 0.72500 19.77500 11.06918 0.12338 -13
-1.24467 -0.06762 66.59519 0 2.02500 36.30000 41.76784 0.16092 13
0.61542 -0.16473 64.53396 0 4.97500 -16.87500 55.16075 0.11941 -13
-0.66735 -0.01816 6.60460 0 0.45000 22.20000 5.49384 0.12109 13
-0.27015 -0.19217 84.78252 0 5.80000 12.20000 81.94777 0.10609 13
1.88957 -0.23683 31.77700 0 7.17500 -55.90000 15.18143 0.21667 -13
-0.58482 -0.16109 11.91192 0 4.90000 15.87500 10.31566 0.11782 -13
0.27325 0.03712 70.53353 0 -1.10000 -7.17500 68.04250 0.10446 -13
1.45863 -0.23714 34.35162 0 7.17500 -45.12500 19.78523 0.17974 -13
-0.51269 -0.04963 35.28641 0 1.47500 17.25000 31.40822 0.11327 13
0.49288 0.04001 77.47620 0 -1.20000 -13.85000 69.50453 0.11234 -13
0.73695 -0.02621 36.57505 0 0.80000 -21.32500 29.44725 0.12513 -13
-0.18285 0.09904 48.97608 0 -2.97500 5.20000 48.18479 0.10286 -13
0.18555 0.06657 56.92265 0 -2.02500 -4.97500 55.97149 0.10264 13
0.03215 0.00455 71.70385 0 -0.15000 -2.50000 71.66682 0.10076 13
0.91310 -0.14646 22.94471 0 4.40000 -28.20000 17.02533 0.13714 13
0.48895 0.07872 24.15632 0 -2.40000 -14.20000 21.71371 0.11239 13
-0.13496 0.02186 97.20110 0 -0.67500 4.27500 96.32822 0.10164 13
-0.55148 0.11076 13.75760 0 -3.30000 16.90000 12.06430 0.11553 -13
0.55591 -0.06606 58.05671 0 1.97500 -17.95000 50.76928 0.11541 13
-0.74670 -0.09626 71.12786 0 2.90000 23.92500 57.08739 0.12605 13
1.93963 0.05091 69.50410 0 -1.52500 -59.15000 31.88242 0.21981 -13
-0.26706 0.10632 43.56875 0 -3.20000 11.07500 42.10933 0.10478 -13
-0.62816 -0.07239 37.04647 0 2.20000 18.00000 31.39378 0.11915 -13
1.02541 -0.04472 43.22342 0 1.32500 -31.55000 30.19336 0.14431 13
0.43463 -0.23832 82.02050 0 7.20000 -12.50000 75.54597 0.11240 -13
1.32722 -0.00968 61.70089 0 0.27500 -39.75000 37.13164 0.16735 13
1.34929 0.04731 36.72595 0 -1.45000 -41.87500 21.88324 0.16921 13
2.23263 -0.01921 32.65802 0 0.55000 -64.32500 13.35166 0.24636 13
1.82926 -0.14021 65.41496 0 4.22500 -54.90000 31.61310 0.21040 13
