-1.43260 -0.19650 21.73248 0 5.97500 42.97500 12.59834 0.17708 -13
0.85448 0.13678 14.52173 0 -4.17500 -25.72500 11.08309 0.13320 13
0.87529 -0.26253 14.52173 0 7.87500 -26.32500 11.08309 0.13637 13
-1.29514 -0.24581 71.67927 0 7.40000 39.57500 44.60968 0.16662 13
0.09964 0.00347 12.37418 0 -0.07500 -2.42500 12.31320 0.10121 -13
0.64483 -0.03576 30.53833 0 1.10000 -18.55000 25.66945 0.11988 -13
1.16604 -0.17966 67.25689 0 5.40000 -36.70000 44.18325 0.15574 13
1.23690 -0.20970 50.44748 0 6.30000 -37.45000 32.12847 0.16155 13
1.33080 -0.12260 38.97963 0 3.72500 -41.82500 23.52744 0.16811 -13
-0.74381 -0.05416 36.66080 0 1.65000 21.30000 29.43120 0.12563 -13
0.87879 -0.17404 48.41778 0 5.27500 -27.12500 36.60570 0.13521 -13
0.54308 0.14565 69.79548 0 -4.40000 -17.52500 61.47976 0.11553 13
0.55439 -0.25328 69.79548 0 7.62500 -17.85000 61.47976 0.11792 13
-0.83876 -0.14764 10.48612 0 4.52500 24.62500 8.06944 0.13233 -13
0.01651 0.11676 49.83937 0 -3.50000 -0.60000 49.83267 0.10140 -13
-2.01832 -0.21585 18.96427 0 6.45000 59.95000 8.57391 0.22778 13
-0.47274 -0.00800 74.19829 0 0.25000 13.27500 67.08066 0.11139 -13
-1.76337 -0.06091 54.83670 0 1.85000 53.42500 27.08816 0.20424 -13
-0.71571 -0.04892 13.48594 0 1.42500 19.00000 10.97072 0.12393 13
-1.14835 -0.07579 97.79193 0 2.27500 35.07500 64.32678 0.15353 13
0.75846 -0.19653 18.44090 0 5.90000 -22.87500 14.79380 0.12791 13
0.89803 0.04778 53.98956 0 -1.42500 -27.30000 40.18964 0.13543 -13
0.40846 0.09683 21.74520 0 -2.90000 -11.30000 20.14422 0.10920 -13
-0.76604 -0.08384 45.32815 0 2.52500 23.17500 36.03067 0.12714 13
1.22552 -0.04950 46.89144 0 1.47500 -35.20000 29.66724 0.15936 13
1.16574 -0.15518 45.95169 0 4.70000 -36.45000 30.12313 0.15546 -13
1.66426 -0.21676 30.08973 0 6.50000 -52.20000 15.75981 0.19669 13
-0.48425 -0.01011 51.84309 0 0.30000 13.82500 46.66082 0.11189 13
0.20864 0.11053 33.84915 0 -3.35000 -6.70000 33.14387 0.10348 13
-1.52217 -0.22145 82.03192 0 6.67500 46.80000 45.79517 0.18474 13
0.71126 -0.19094 70.49803 0 5.77500 -20.57500 57.79116 0.12508 -13
-0.75006 -0.14005 98.47766 0 4.22500 22.20000 79.05424 0.12667 -13
-0.06993 0.02454 65.23440 0 -0.72500 3.02500 65.07558 0.10098 -13
1.80252 0.11854 44.98591 0 -3.55000 -52.77500 21.94055 0.20790 -13
1.44971 0.13523 93.42824 0 -4.10000 -39.97500 53.37536 0.17788 13
1.48594 -0.26420 93.42824 0 7.95000 -41.07500 53.37536 0.18231 13
-1.88359 -0.00181 49.14023 0 0.07500 56.85000 23.04285 0.21476 -13
-1.24900 -0.10755 41.63020 0 3.22500 36.07500 26.11007 0.16148 13
-1.38987 -0.13155 30.74118 0 3.95000 42.52500 18.05548 0.17291 13
0.91124 0.13383 18.60429 0 -4.00000 -31.40000 13.80654 0.13689 -13
0.93443 -0.26556 18.60429 0 8.05000 -32.12500 13.80654 0.14045 -13
0.20084 0.07891 69.02261 0 -2.37500 -5.92500 67.67939 0.10302 13
0.98181 -0.00852 6.95347 0 0.15000 -30.40000 4.96183 0.14114 13
-0.21741 -0.18383 30.33166 0 5.55000 8.27500 29.66115 0.10472 -13
0.15788 -0.20653 40.93266 0 6.22500 -6.10000 40.45205 0.10404 13
0.20170 0.07124 64.55144 0 -2.15000 -6.17500 63.28341 0.10298 -13
-0.27429 -0.21513 91.31159 0 6.47500 4.80000 88.19581 0.10664 13
-0.02092 -0.23819 34.84582 0 7.20000 2.27500 34.83862 0.10355 -13
-0.08887 -0.10094 51.38511 0 3.02500 4.15000 51.18543 0.10161 13
0.27393 0.03902 99.68846 0 -1.17500 -9.72500 96.15155 0.10448 -13
-0.08124 0.02673 54.60738 0 -0.80000 2.27500 54.42818 0.10107 -13
0.70501 -0.06108 70.41938 0 1.85000 -20.17500 57.58987 0.12337 -13
0.71916 -0.06570 80.69006 0 1.97500 -21.87500 65.55678 0.12421 13
-0.39045 0.05874 48.41482 0 -1.77500 11.62500 45.10930 0.10827 13
0.77544 -0.03639 29.97138 0 1.12500 -22.67500 23.69070 0.12749 -13
1.80511 0.06785 82.56952 0 -2.02500 -55.67500 40.08293 0.20792 -13
-0.97444 -0.04055 45.59682 0 1.22500 28.95000 32.66956 0.14067 -13
-1.31410 0.09079 71.21070 0 -2.72500 38.97500 43.23603 0.16651 -13
-1.31411 0.09079 71.21070 0 -2.72500 39.00000 43.23603 0.16653 -13
-1.12659 0.07996 91.16355 0 -2.42500 33.12500 60.62561 0.15191 13
0.41180 -0.17977 68.96964 0 5.42500 -14.12500 63.91920 0.11041 -13
0.67076 -0.14697 15.60539 0 4.40000 -22.20000 13.00286 0.12214 13
1.94490 0.10332 93.35032 0 -3.10000 -59.32500 42.86497 0.22047 -13
0.82840 -0.01659 81.67165 0 0.50000 -24.35000 62.89797 0.13078 13
1.26481 0.06262 8.91885 0 -1.97500 -36.77500 5.53858 0.16252 13
-1.30174 -0.05166 72.56994 0 1.57500 38.72500 44.24612 0.16539 -13
1.69559 -0.16080 30.98741 0 4.87500 -52.20000 15.89012 0.19894 -13
0.12813 -0.16748 55.63646 0 5.05000 -3.02500 55.19748 0.10291 13
0.22704 -0.16811 24.10400 0 5.05000 -7.47500 23.52165 0.10463 13
-1.65991 -0.06768 9.08894 0 2.15000 51.50000 4.69846 0.19530 -13
-0.03669 -0.10808 48.66673 0 3.25000 0.87500 48.63439 0.10136 13
0.38454 0.05839 79.28378 0 -1.75000 -10.12500 74.01724 0.10805 -13
0.51145 0.03450 63.67425 0 -1.05000 -15.25000 56.69695 0.11316 13
1.88543 -0.15944 8.99611 0 4.70000 -56.05000 4.25639 0.21540 13
1.73081 -0.13728 73.15417 0 4.15000 -52.02500 36.85323 0.20178 -13
-0.18297 0.06395 32.44998 0 -1.95000 5.27500 31.92215 0.10258 13
-1.19070 -0.17609 52.39563 0 5.32500 35.35000 33.99760 0.15760 -13
-0.91305 0.11491 67.75737 0 -3.47500 29.75000 50.18689 0.13686 13
-0.52855 -0.22905 66.70440 0 6.92500 15.67500 59.29713 0.11622 -13
0.35954 -0.21585 81.81146 0 6.50000 -12.50000 77.18342 0.10919 13
0.39199 0.14003 78.09411 0 -4.22500 -12.95000 72.80080 0.10908 13
0.40103 -0.25919 78.09411 0 7.80000 -13.22500 72.80080 0.11159 13
0.05386 -0.00868 26.39690 0 0.27500 -2.85000 26.35869 0.10085 -13
0.99447 -0.19194 49.29493 0 5.77500 -30.15000 35.26649 0.14331 13
0.53027 0.01814 96.15159 0 -0.55000 -14.37500 84.95032 0.11400 -13
0.75545 -0.01973 51.47863 0 0.57500 -22.15000 41.07846 0.12621 13
0.44169 0.00892 59.65780 0 -0.27500 -11.72500 54.57198 0.11009 13
0.41885 -0.09189 74.81881 0 2.77500 -14.62500 69.05310 0.10958 -13
-0.59690 -0.24519 48.67207 0 7.37500 18.92500 42.10786 0.11984 13
-0.84985 0.06022 35.08215 0 -1.80000 24.47500 26.75270 0.13229 -13
0.50262 0.13950 69.97477 0 -4.20000 -16.37500 62.64238 0.11358 -13
0.51430 -0.25970 69.97477 0 7.85000 -16.72500 62.64238 0.11623 -13
-0.17493 -0.04735 5.46242 0 1.52500 4.40000 5.38087 0.10238 -13
-1.09283 0.04366 44.76649 0 -1.30000 33.87500 30.23640 0.14923 -13
-0.18535 -0.18625 77.86514 0 5.62500 5.60000 76.60379 0.10413 -13
0.00689 0.04510 46.94669 0 -1.37500 -1.60000 46.94558 0.10081 13
1.61859 -0.06364 89.30992 0 1.90000 -50.05000 47.00957 0.19170 13
-0.82083 -0.11862 45.35603 0 3.60000 25.92500 35.15638 0.13083 -13
-0.49158 0.02967 76.00449 0 -0.87500 15.47500 68.21448 0.11225 -13
-1.30026 0.11044 31.39100 0 -3.35000 39.80000 19.20941 0.16558 13
0.90816 0.04020 27.24458 0 -1.22500 -24.60000 20.17596 0.13610 13
0.35613 -0.18210 47.11145 0 5.50000 -11.60000 44.46133 0.10847 -13
0.79998 -0.05270 81.90987 0 1.60000 -24.42500 63.99609 0.12907 -13
0.07778 -0.14242 51.61909 0 4.27500 -3.40000 51.46676 0.10202 13
-0.13896 0.03391 32.92587 0 -1.00000 4.57500 32.61288 0.10173 -13
0.16990 -0.01282 26.79583 0 0.40000 -4.92500 26.41724 0.10216 -13
1.16367 0.04328 69.03762 0 -1.30000 -35.97500 45.02048 0.15457 -13
-0.30477 0.12396 62.85379 0 -3.75000 8.32500 60.16218 0.10602 13
-0.31377 -0.27607 62.85379 0 8.32500 8.60000 60.16218 0.10914 13
0.40373 0.13889 21.02796 0 -4.22500 -13.92500 19.52461 0.10951 13
0.41318 -0.26039 21.02796 0 7.82500 -14.20000 19.52461 0.11205 13
0.09783 -0.03643 40.68110 0 1.10000 -3.05000 40.48807 0.10125 -13
-0.47434 -0.07129 12.92296 0 2.20000 14.92500 11.68171 0.11170 -13
-0.68588 0.13307 31.75969 0 -4.00000 16.77500 26.26437 0.12284 -13
-0.70355 -0.26642 31.75969 0 8.05000 17.32500 26.26437 0.12604 -13
-1.15498 0.07460 54.91464 0 -2.22500 34.22500 36.00255 0.15402 -13
-1.97870 0.01432 93.57074 0 -0.45000 57.50000 42.20902 0.22327 13
0.11722 0.02641 62.90141 0 -0.80000 -1.80000 62.47391 0.10143 -13
-0.87079 -0.00740 16.55098 0 0.27500 23.17500 12.48229 0.13354 -13
1.26621 -0.10070 59.47715 0 3.02500 -40.27500 36.97684 0.16279 13
0.08598 0.01864 54.67956 0 -0.57500 -1.75000 54.47863 0.10110 13
-0.09632 0.08973 53.48563 0 -2.72500 1.70000 53.24118 0.10158 13
-0.35065 -0.23103 3.56079 0 6.80000 10.32500 3.36968 0.10915 13
1.51491 0.12750 77.47028 0 -3.85000 -45.10000 42.91852 0.18326 13
1.55748 -0.27234 77.47028 0 8.20000 -46.37500 42.91852 0.18838 13
-0.69902 -0.12633 8.09352 0 3.87500 18.45000 6.65053 0.12358 -13
1.64205 -0.20493 7.27679 0 6.02500 -48.42500 3.84242 0.19452 13
0.04660 -0.09030 24.70037 0 2.75000 -0.70000 24.67384 0.10124 -13
-0.84785 -0.12306 92.64312 0 3.72500 23.82500 70.88523 0.13261 -13
-1.55704 0.00232 57.47804 0 -0.07500 47.07500 31.06085 0.18635 13
0.19193 0.08392 78.65454 0 -2.55000 -5.47500 77.25439 0.10289 13
-0.38858 -0.21759 96.62355 0 6.57500 13.57500 90.33146 0.11024 -13
0.27876 -0.24158 46.53438 0 7.27500 -10.22500 44.91480 0.10733 13
0.67469 0.06984 68.61672 0 -2.12500 -20.52500 56.92447 0.12169 13
0.10290 0.07630 31.48082 0 -2.27500 -0.07500 31.31645 0.10152 -13
0.49467 -0.11511 91.51205 0 3.47500 -15.52500 82.13071 0.11294 13
0.86053 0.02802 78.24961 0 -0.85000 -27.37500 59.32186 0.13289 13
1.62632 0.06498 11.63796 0 -1.87500 -48.77500 6.10522 0.19235 -13
0.52086 0.14746 80.94495 0 -4.45000 -17.82500 71.95378 0.11451 -13
0.53132 -0.25139 80.94495 0 7.60000 -18.15000 71.95378 0.11681 -13
0.91854 0.11290 91.62693 0 -3.40000 -28.27500 67.67561 0.13721 13
-0.29413 -0.19194 16.61887 0 5.82500 11.40000 15.96604 0.10676 -13
0.35823 -0.20421 63.65584 0 6.17500 -8.47500 60.06348 0.10894 -13
2.05138 0.07102 84.24101 0 -2.12500 -60.52500 36.98707 0.22993 -13
1.56133 -0.07863 93.42133 0 2.37500 -46.90000 50.49570 0.18688 13
-0.24397 -0.11250 12.94864 0 3.35000 7.30000 12.58420 0.10426 13
0.81649 -0.09306 95.55391 0 2.80000 -25.27500 74.14324 0.13034 13
0.62018 0.14931 17.88057 0 -4.47500 -16.15000 15.24159 0.11943 -13
0.63218 -0.24942 17.88057 0 7.55000 -16.52500 15.24159 0.12179 -13
0.26128 -0.21987 46.63441 0 6.65000 -7.30000 45.18640 0.10642 -13
0.68180 -0.07826 5.21066 0 2.25000 -22.45000 4.30937 0.12213 13
2.08453 0.06562 45.62747 0 -1.95000 -60.95000 19.76984 0.23291 -13
-1.18211 -0.03771 53.28387 0 1.15000 36.90000 34.42719 0.15597 -13
-1.78566 0.02241 32.30777 0 -0.65000 54.75000 15.78919 0.20610 -13
-0.27350 -0.22301 69.71577 0 6.72500 9.10000 67.35717 0.10678 13
1.45398 -0.07240 50.24312 0 2.20000 -43.75000 28.52293 0.17786 -13
-0.83692 -0.08802 82.00388 0 2.65000 25.80000 62.98571 0.13161 13
1.26253 -0.01561 92.23499 0 0.45000 -36.42500 57.27197 0.16220 13
0.72857 -0.08919 70.30552 0 2.67500 -17.00000 56.90122 0.12491 13
0.01598 -0.08362 47.59502 0 2.52500 0.80000 47.58897 0.10106 13
-1.03100 -0.08175 21.84941 0 2.50000 31.52500 15.23784 0.14489 -13
-0.19839 0.04936 93.52881 0 -1.50000 6.17500 91.74510 0.10278 13
-2.03413 -0.23527 9.58670 0 7.22500 63.85000 4.32108 0.22976 -13
-1.39122 0.08203 68.91461 0 -2.47500 41.77500 40.31153 0.17274 13
0.36420 0.01013 43.91278 0 -0.32500 -8.75000 41.26162 0.10718 13
-1.54420 0.00163 40.51958 0 -0.07500 43.72500 22.02473 0.18527 13
-0.08851 -0.16351 33.14587 0 4.95000 3.45000 33.02011 0.10244 -13
-0.59612 -0.18809 81.31370 0 5.67500 19.97500 70.16031 0.11876 -13
1.02490 0.07430 47.89853 0 -2.25000 -31.77500 33.49802 0.14440 13
1.30673 -0.10695 90.30300 0 3.22500 -41.40000 55.07726 0.16604 13
0.27967 0.13943 4.08234 0 -4.07500 -6.22500 3.93428 0.10548 -13
0.28610 -0.25959 4.08234 0 7.97500 -6.42500 3.93428 0.10811 -13
-0.78868 0.08811 6.02453 0 -2.75000 24.75000 4.73706 0.12863 13
0.97897 -0.13000 16.37839 0 3.97500 -29.22500 11.75202 0.14156 -13
-1.57079 0.08644 33.38959 0 -2.62500 48.17500 17.97840 0.18774 13
0.16016 -0.20150 5.66137 0 6.17500 -7.02500 5.59277 0.10407 -13
0.14343 -0.20937 11.63845 0 6.35000 -5.40000 11.52542 0.10393 -13
1.32590 0.10221 62.57311 0 -3.07500 -40.55000 37.80241 0.16755 -13
1.90112 -0.18496 39.23000 0 5.60000 -55.80000 18.50391 0.21715 -13
-0.92490 -0.03881 86.17136 0 1.17500 25.95000 63.28330 0.13723 13
-1.09979 0.10455 77.15930 0 -3.17500 31.25000 52.06303 0.15006 13
-0.43394 -0.05909 81.34021 0 1.80000 13.12500 74.63815 0.10994 -13
0.19552 0.00907 52.57078 0 -0.27500 -5.60000 51.59389 0.10262 -13
-0.01319 0.00361 20.81701 0 -0.07500 0.05000 20.81520 0.10071 -13
0.21807 0.04137 70.38040 0 -1.25000 -1.35000 68.76710 0.10315 -13
-0.76247 -0.19367 79.99567 0 5.85000 23.12500 64.04082 0.12814 -13
-0.00975 0.12534 87.77237 0 -3.77500 1.27500 87.76827 0.10150 13
-0.01002 -0.27463 87.77237 0 8.27500 1.27500 87.76827 0.10443 13
-1.63990 -0.13268 53.43549 0 4.02500 47.97500 27.99722 0.19390 -13
0.32860 -0.06227 67.82736 0 1.87500 -9.75000 64.44988 0.10618 13
0.02225 0.13206 43.38786 0 -4.00000 -0.27500 43.37732 0.10161 13
0.02283 -0.26754 43.38786 0 8.05000 -0.30000 43.37732 0.10426 13
0.52394 -0.10240 94.87278 0 3.10000 -13.50000 84.13075 0.11416 -13
0.35733 0.11790 20.85304 0 -3.52500 -12.07500 19.65233 0.10759 -13
0.59022 -0.02584 62.76922 0 0.80000 -15.87500 54.06069 0.11697 -13
0.98219 -0.14436 10.30490 0 4.30000 -28.85000 7.38928 0.14186 13
0.00442 0.12626 87.95473 0 -3.82500 -1.40000 87.95388 0.10151 13
0.00455 -0.27364 87.95473 0 8.25000 -1.40000 87.95388 0.10440 13
-1.09164 0.00357 78.88920 0 -0.12500 35.25000 53.28819 0.14908 13
1.37793 0.01212 94.67102 0 -0.35000 -41.87500 55.60793 0.17146 -13
-0.47096 -0.17723 61.46817 0 5.35000 14.22500 55.76394 0.11274 -13
-0.11890 -0.24675 91.36144 0 7.45000 3.72500 90.75868 0.10442 -13
-0.57232 -0.20377 93.25499 0 6.15000 17.02500 81.33845 0.11783 -13
-0.19649 -0.04972 66.11618 0 1.50000 6.67500 64.87853 0.10275 -13
-0.81743 -0.12859 60.59718 0 3.90000 24.85000 47.07039 0.13072 -13
0.34757 -0.09301 56.93957 0 2.80000 -9.60000 53.80828 0.10702 13
-0.10451 -0.11705 65.91607 0 3.52500 3.57500 65.56376 0.10193 13
1.03770 -0.16176 90.27655 0 4.87500 -31.97500 63.06188 0.14604 -13
-0.78210 -0.15139 32.87724 0 4.55000 27.45000 26.00819 0.12873 13
-0.53053 -0.23852 17.07708 0 7.15000 16.00000 15.17531 0.11648 13
-0.46146 -0.15194 93.25414 0 4.60000 14.40000 84.84214 0.11196 -13
-0.35200 -0.08465 18.71480 0 2.57500 12.87500 17.66026 0.10711 -13
0.54530 -0.15469 74.21148 0 4.65000 -15.40000 65.32959 0.11575 13
1.27597 -0.20660 10.48964 0 6.30000 -38.55000 6.55377 0.16469 -13
-0.65845 -0.08878 63.16263 0 2.67500 19.15000 52.81612 0.12091 -13
0.81588 0.11847 94.30554 0 -3.57500 -24.05000 73.27354 0.13051 -13
0.22643 -0.01197 2.53243 0 0.17500 -8.50000 2.46986 0.10335 13
-0.11397 0.11403 50.16619 0 -3.45000 4.75000 49.84766 0.10200 13
-0.86203 0.12934 4.31174 0 -3.75000 27.15000 3.27760 0.13354 -13
-0.88564 -0.27017 4.31174 0 8.32500 27.92500 3.27760 0.13746 -13
-0.37017 0.03341 51.73419 0 -1.02500 10.40000 48.52019 0.10743 13
0.81050 0.07225 94.48251 0 -2.17500 -22.27500 73.47651 0.12983 -13
0.35834 -0.15946 6.51096 0 4.72500 -11.37500 6.13782 0.10815 13
-0.62992 0.10552 37.15354 0 -3.17500 16.05000 31.48550 0.11949 -13
-0.65929 0.03601 60.55300 0 -1.07500 21.07500 50.56446 0.12067 -13
0.30954 -0.23086 20.11599 0 7.00000 -8.87500 19.25898 0.10797 -13
-1.01384 -0.18510 34.78404 0 5.60000 31.25000 24.63418 0.14463 -13
2.04170 0.07391 82.25987 0 -2.22500 -63.55000 36.26134 0.22906 -13
-1.02935 -0.00343 92.56948 0 0.10000 34.60000 64.50332 0.14452 13
0.62779 0.07878 54.37160 0 -2.37500 -19.00000 46.08923 0.11917 13
-1.77748 -0.07744 19.03543 0 2.27500 51.62500 9.35485 0.20550 13
1.43641 -0.21203 74.72402 0 6.40000 -41.47500 43.32664 0.17756 -13
0.16265 -0.10648 80.61424 0 3.22500 -3.05000 79.58005 0.10258 -13
0.23030 -0.21204 17.02690 0 6.42500 -9.47500 16.61058 0.10555 -13
-0.03377 0.07717 85.97744 0 -2.32500 -1.95000 85.92874 0.10106 13
0.41671 0.04640 2.58955 0 -1.20000 -13.65000 2.39054 0.10926 -13
1.52079 -0.21389 90.75601 0 6.45000 -41.92500 50.64195 0.18457 -13
-0.30395 -0.04730 8.96203 0 1.37500 8.92500 8.57575 0.10536 13
-0.38647 -0.13703 31.61927 0 4.15000 10.75000 29.52858 0.10885 -13
-0.13849 -0.07438 88.07092 0 2.25000 2.85000 87.24278 0.10194 -13
-0.23045 0.04920 23.42003 0 -1.47500 8.72500 22.82334 0.10346 -13
1.30110 -0.13563 17.90643 0 4.05000 -40.00000 10.97413 0.16579 13
-0.03789 -0.08984 24.47215 0 2.72500 -0.40000 24.45474 0.10119 -13
-1.39612 0.12987 89.14704 0 -3.90000 38.22500 52.19787 0.17343 -13
-1.43403 -0.26981 89.14704 0 8.15000 39.37500 52.19787 0.17816 -13
-1.30868 -0.12959 69.42311 0 3.90000 39.82500 42.37073 0.16637 13
-0.55467 -0.07400 16.10069 0 2.27500 17.32500 14.08895 0.11541 -13
2.04230 0.10448 58.99672 0 -3.12500 -62.72500 26.05757 0.22923 -13
-0.88992 -0.14075 9.04826 0 4.17500 24.40000 6.78826 0.13552 13
-0.24522 -0.00699 58.13965 0 0.20000 4.72500 56.46675 0.10368 13
1.01476 -0.18625 63.62602 0 5.60000 -30.00000 45.04484 0.14468 13
-0.02496 -0.02226 74.10179 0 0.67500 0.57500 74.07871 0.10076 -13
-1.93435 0.01106 10.93186 0 -0.25000 55.00000 5.02073 0.21928 -13
0.88983 -0.02523 95.84857 0 0.77500 -23.25000 71.61489 0.13482 -13
0.37534 0.02848 30.48771 0 -0.85000 -9.80000 28.54480 0.10760 -13
1.76537 -0.07838 98.48875 0 2.37500 -51.70000 48.65471 0.20448 -13
1.04995 -0.06277 88.68671 0 1.87500 -31.80000 61.22786 0.14615 13
-0.24526 0.09374 8.89828 0 -2.87500 7.90000 8.64432 0.10414 13
-1.37181 -0.21055 45.17600 0 6.32500 42.25000 26.98875 0.17225 13
1.62561 -0.04351 46.11272 0 1.32500 -49.17500 24.17738 0.19226 -13
-0.96026 0.13720 77.88782 0 -4.12500 28.70000 56.43094 0.14029 -13
-0.98349 -0.26208 77.88782 0 7.92500 29.40000 56.43094 0.14370 -13
0.31956 -0.14767 59.94750 0 4.47500 -10.60000 57.15920 0.10677 -13
-0.18393 -0.01708 3.39026 0 0.65000 7.05000 3.33421 0.10247 -13
0.72704 -0.04277 8.55014 0 1.37500 -20.62500 6.91791 0.12460 -13
1.58275 -0.03277 73.58832 0 1.00000 -49.67500 39.32080 0.18857 -13
-1.18439 -0.18021 92.08216 0 5.42500 37.40000 59.95770 0.15714 13
0.28515 -0.08795 70.54296 0 2.65000 -7.95000 67.85829 0.10509 -13
-1.81246 -0.07334 38.46074 0 2.25000 53.47500 18.61739 0.20861 -13
-0.78766 -0.08026 25.24984 0 2.40000 25.10000 19.86006 0.12844 13
-0.38234 -0.23455 64.12207 0 7.07500 12.35000 60.09375 0.11038 -13
-0.05848 -0.09455 38.90223 0 2.87500 3.25000 38.83647 0.10133 -13
0.54439 -0.17545 37.86919 0 5.27500 -17.12500 33.37416 0.11600 13
-0.52994 -0.16926 72.31411 0 5.10000 14.75000 64.09276 0.11523 13
0.41759 -0.02046 76.54132 0 0.60000 -13.10000 70.63258 0.10916 13
0.61502 -0.10616 84.65648 0 3.20000 -19.77500 72.22021 0.11870 13
-0.94357 -0.17865 71.08960 0 5.40000 28.00000 52.08636 0.13963 -13
0.62531 0.13651 22.01059 0 -4.10000 -20.40000 18.71047 0.11955 -13
0.64064 -0.26284 22.01059 0 7.95000 -20.87500 18.71047 0.12251 -13
-0.10348 -0.20505 5.51386 0 6.10000 3.67500 5.48580 0.10328 13
-1.67195 -0.01227 94.62993 0 0.35000 52.32500 48.57612 0.19619 13
1.71651 0.11377 96.81555 0 -3.42500 -50.05000 48.96953 0.20038 -13
-0.70111 0.00508 22.55780 0 -0.17500 21.65000 18.47079 0.12299 13
1.72354 -0.17453 94.52433 0 5.27500 -49.92500 47.97023 0.20144 -13
0.48257 -0.19095 22.24643 0 5.72500 -14.47500 20.10258 0.11344 13
-0.06496 -0.13774 5.24353 0 4.25000 3.82500 5.23270 0.10193 -13
1.49673 -0.24390 23.56782 0 7.40000 -48.80000 13.35519 0.18298 -13
-1.72036 -0.03770 91.39142 0 1.12500 50.52500 45.95195 0.20041 13
1.66688 -0.09252 65.65651 0 2.77500 -51.00000 33.88265 0.19596 13
-0.12153 0.06628 36.11610 0 -2.02500 6.05000 35.85344 0.10167 13
-1.82712 -0.04946 35.62375 0 1.47500 53.70000 17.11934 0.20981 13
1.88424 -0.03388 53.29556 0 1.00000 -58.47500 24.99512 0.21484 13
-0.13288 0.07337 19.36971 0 -2.25000 5.65000 19.20185 0.10186 13
-0.63328 -0.20710 15.92954 0 6.20000 19.50000 13.53796 0.12098 13
0.68720 0.05231 15.96836 0 -1.55000 -22.05000 13.16619 0.12230 -13
0.51347 -0.20831 49.21596 0 6.30000 -11.50000 43.97288 0.11513 -13
-1.35989 0.00996 53.62811 0 -0.32500 41.55000 31.77133 0.16998 13
0.83540 -0.15275 62.02409 0 4.62500 -26.22500 47.82482 0.13212 -13
1.02931 -0.17773 90.99564 0 5.37500 -33.07500 63.91286 0.14563 -13
-0.86611 0.08220 3.65730 0 -2.30000 23.50000 2.76839 0.13348 -13
-0.92388 0.00763 30.41439 0 -0.20000 26.87500 22.33981 0.13711 -13
0.06897 0.04474 31.18306 0 -1.32500 0.07500 31.10928 0.10104 -13
-1.31822 -0.08944 36.86046 0 2.72500 39.85000 22.33369 0.16688 -13
-1.01250 -0.17427 59.34528 0 5.27500 32.07500 42.01598 0.14439 -13
-2.03961 -0.02701 77.50646 0 0.82500 60.60000 34.12950 0.22878 -13
1.29513 -0.00150 93.65159 0 0.05000 -41.45000 57.23467 0.16478 -13
0.53646 -0.03594 97.57412 0 1.07500 -18.22500 85.99552 0.11433 13
0.27858 0.04596 35.73599 0 -1.37500 -6.72500 34.42766 0.10464 -13
-0.09371 0.09223 89.13573 0 -2.77500 2.67500 88.75012 0.10157 13
-0.19837 -0.01065 34.21899 0 0.30000 6.87500 33.56510 0.10267 13
-1.45363 0.08375 83.10909 0 -2.52500 44.12500 47.21605 0.17788 13
-1.75699 -0.17862 95.00104 0 5.37500 54.97500 47.55119 0.20436 13
-1.20757 -0.01341 48.94327 0 0.40000 36.50000 31.21793 0.15790 13
-0.09119 0.05529 78.19172 0 -1.67500 4.07500 77.86959 0.10128 13
0.35648 0.11068 5.56133 0 -3.42500 -12.82500 5.24222 0.10754 13
-0.88390 -0.22648 81.87452 0 6.82500 26.90000 62.01253 0.13632 13
4.67889 -0.00569 81.87452 0 6.82500 26.92500 62.01253 0.13748 13
0.62782 -0.21903 71.82031 0 6.60000 -22.20000 61.22393 0.12093 13
0.27597 -0.24941 16.48787 0 7.50000 -8.32500 15.92691 0.10742 13
1.37214 0.12377 61.29745 0 -3.72500 -45.05000 36.28181 0.17143 -13
1.41273 -0.27623 61.29745 0 8.35000 -46.27500 36.28181 0.17653 -13
-0.06951 0.11080 72.98334 0 -3.35000 4.30000 72.80982 0.10156 13
0.09665 -0.00079 77.20631 0 0.02500 -3.35000 76.84821 0.10118 -13
-0.37633 -0.22735 11.13601 0 6.90000 10.27500 10.45450 0.11004 -13
-0.80299 0.07224 13.61190 0 -2.12500 22.50000 10.62506 0.12934 -13
1.02897 0.11558 54.63909 0 -3.47500 -29.82500 38.20953 0.14496 -13
-0.53094 0.05653 42.91806 0 -1.72500 16.45000 37.91956 0.11416 13
0.74325 -0.02093 61.06960 0 0.65000 -22.17500 49.01791 0.12550 -13
1.29391 0.14834 40.70757 0 -4.50000 -38.27500 25.06301 0.16537 13
1.31957 -0.25053 40.70757 0 7.52500 -39.05000 25.06301 0.16859 13
0.93571 -0.06588 46.15347 0 1.97500 -28.80000 33.73416 0.13807 13
-0.54558 -0.24804 73.59280 0 7.50000 15.60000 65.03697 0.11741 -13
-1.02644 -0.17073 38.83198 0 5.12500 32.02500 27.29715 0.14532 13
-0.60370 -0.19628 25.26725 0 5.95000 18.40000 21.73901 0.11930 -13
1.85127 0.03279 87.12110 0 -0.97500 -51.70000 41.42321 0.21190 -13
-0.51407 0.09265 24.33984 0 -2.77500 12.12500 21.66625 0.11361 -13
0.85638 -0.20299 54.08175 0 6.12500 -26.02500 41.42583 0.13416 -13
1.43781 -0.08909 26.50790 0 2.72500 -40.90000 15.17622 0.17660 -13
-0.96240 -0.07351 84.42988 0 2.20000 29.22500 60.91220 0.13996 13
-0.79864 -0.19924 80.79413 0 6.02500 24.85000 63.60606 0.13043 -13
1.23677 0.05067 21.52723 0 -1.50000 -37.02500 13.54602 0.16023 -13
0.18619 0.10871 81.36846 0 -3.27500 -6.85000 80.00934 0.10301 -13
-1.03871 -0.21442 66.79247 0 6.47500 31.40000 46.86194 0.14680 -13
1.41594 0.11908 51.11967 0 -3.60000 -39.52500 29.62864 0.17499 13
1.46062 -0.28129 51.11967 0 8.47500 -40.87500 29.62864 0.18046 13
-0.91962 -0.15970 58.38135 0 4.82500 29.30000 43.21913 0.13776 -13
-1.55920 -0.11717 48.06021 0 3.55000 44.37500 26.07177 0.18692 -13
-0.05888 -0.02470 42.60378 0 0.75000 0.27500 42.53017 0.10091 -13
-0.93446 0.14020 23.79072 0 -4.20000 28.32500 17.46131 0.13853 -13
-0.95599 -0.25899 23.79072 0 7.85000 28.97500 17.46131 0.14177 -13
0.51913 0.12441 74.11407 0 -3.75000 -17.37500 65.88539 0.11416 13
0.53436 -0.27561 74.11407 0 8.30000 -17.85000 65.88539 0.11750 13
1.20722 -0.06065 62.45336 0 1.85000 -36.47500 39.88326 0.15799 -13
2.06245 -0.03941 53.75589 0 1.20000 -61.40000 23.46733 0.23085 -13
-0.52587 -0.08408 29.96192 0 2.55000 15.65000 26.53870 0.11410 -13
-1.10813 0.03620 53.52563 0 -1.10000 31.77500 35.87313 0.15036 13
1.06019 0.13597 75.02559 0 -4.10000 -32.82500 51.72860 0.14739 -13
1.08637 -0.26340 75.02559 0 7.95000 -33.62500 51.72860 0.15105 -13
-1.94528 -0.16761 16.15087 0 5.12500 61.90000 7.46504 0.22100 -13
-0.02791 -0.15219 80.21381 0 4.57500 0.20000 80.18330 0.10190 13
-2.00678 0.13318 66.49988 0 -4.02500 60.52500 29.86890 0.22620 13
-2.05856 -0.26634 66.49988 0 8.02500 62.07500 29.86890 0.23199 13
1.72619 0.03533 76.64785 0 -1.07500 -54.20000 38.43995 0.20093 13
1.10256 0.03274 67.16198 0 -0.97500 -34.02500 45.13386 0.14993 -13
1.04121 0.12577 50.20712 0 -3.77500 -30.87500 34.92008 0.14592 -13
1.07114 -0.27413 50.20712 0 8.27500 -31.77500 34.92008 0.15015 -13
-0.43064 -0.21785 84.52001 0 6.57500 11.60000 77.90459 0.11181 13
0.42070 0.06352 75.95348 0 -1.90000 -13.97500 70.03142 0.10944 -13
-0.31039 -0.19341 10.71851 0 5.77500 8.22500 10.25322 0.10720 13
1.20237 -0.09117 83.15558 0 2.75000 -35.77500 53.30297 0.15775 13
-0.61377 0.06671 59.39100 0 -2.02500 16.12500 50.64792 0.11835 13
-1.57619 -0.24468 25.25627 0 7.35000 48.70000 13.81087 0.18954 13
-0.08543 0.14743 82.83505 0 -4.45000 1.77500 82.54078 0.10215 -13
-0.08715 -0.25142 82.83505 0 7.60000 1.82500 82.54078 0.10421 -13
1.76120 -0.16109 72.88898 0 4.87500 -53.00000 36.33843 0.20461 -13
-1.20284 -0.07510 58.06027 0 2.27500 35.62500 37.17975 0.15770 -13
-1.16294 -0.01531 84.33772 0 0.45000 39.07500 54.99085 0.15446 13
-0.29132 -0.24601 90.47341 0 7.42500 8.77500 87.05716 0.10777 13
-1.01341 0.00800 14.89155 0 -0.20000 29.90000 10.45892 0.14340 -13
-0.46115 -0.17915 6.84087 0 5.32500 14.70000 6.22908 0.11231 13
1.50933 -0.10848 5.32155 0 3.10000 -45.07500 2.95095 0.18260 13
-0.00943 0.09553 95.61269 0 -2.87500 0.62500 95.60847 0.10116 -13
-1.68408 0.01528 84.73348 0 -0.47500 50.30000 43.26619 0.19725 13
-0.79266 0.14580 79.38672 0 -4.40000 25.65000 62.46421 0.12934 13
-0.80910 -0.25314 79.38672 0 7.62500 26.15000 62.46421 0.13201 13
0.03345 -0.16299 42.60935 0 4.92500 1.00000 42.58616 0.10209 -13
-0.32664 -0.17280 34.64447 0 5.20000 11.00000 32.97826 0.10735 13
0.78498 -0.15045 23.60789 0 4.50000 -24.42500 18.64876 0.12890 13
-0.44365 -0.23407 10.92780 0 7.12500 13.92500 10.03162 0.11271 -13
-1.56835 0.00505 19.25352 0 -0.20000 47.35000 10.35043 0.18733 13
1.87755 -0.04736 31.82258 0 1.40000 -57.85000 14.97307 0.21426 13
-0.32724 0.11244 86.36862 0 -3.37500 8.67500 82.13516 0.10656 -13
-1.81676 -0.14933 9.30906 0 4.40000 54.55000 4.52708 0.20928 13
0.74777 0.03487 42.66108 0 -1.05000 -23.95000 34.17272 0.12579 -13
0.49412 -0.10203 82.69647 0 3.07500 -16.02500 74.21469 0.11280 -13
1.06052 -0.22134 96.13368 0 6.67500 -33.07500 66.78310 0.14848 -13
0.97091 0.01461 23.94367 0 -0.47500 -28.87500 17.17967 0.14036 13
-0.15773 -0.16013 48.48385 0 4.82500 5.10000 47.90625 0.10321 13
1.44599 -0.13488 91.08466 0 4.07500 -45.45000 52.12485 0.17757 -13
-0.25720 0.03105 96.89861 0 -0.92500 6.50000 93.84725 0.10403 -13
0.48849 -0.06217 93.15654 0 1.87500 -14.15000 83.73441 0.11225 -13
-0.54885 -0.13129 44.68909 0 3.95000 15.10000 39.25340 0.11563 13
-1.17336 -0.11579 27.04883 0 3.52500 32.97500 17.61297 0.15570 -13
-0.60371 -0.09320 94.02150 0 2.82500 18.57500 80.58303 0.11801 -13
0.12603 -0.17354 58.17554 0 5.22500 -3.15000 57.73216 0.10299 13
-1.38135 0.02284 34.62375 0 -0.67500 42.45000 20.30677 0.17174 -13
-0.45748 -0.12588 59.73728 0 3.80000 16.15000 54.39611 0.11146 13
0.37986 0.05317 81.27140 0 -1.60000 -10.57500 75.98835 0.10786 13
0.61096 0.06869 65.26787 0 -2.07500 -18.12500 55.73118 0.11822 13
-1.17982 -0.20172 62.46374 0 6.10000 35.25000 40.85596 0.15708 -13
0.02520 0.11745 19.26732 0 -3.52500 -1.40000 19.26129 0.10142 -13
-0.02409 -0.01165 25.93962 0 0.32500 -0.02500 25.93210 0.10074 13
-0.95715 0.12922 72.20701 0 -3.90000 30.70000 52.36912 0.14001 13
-0.98341 -0.27059 72.20701 0 8.15000 31.50000 52.36912 0.14383 13
0.99648 -0.24855 20.09090 0 7.45000 -29.97500 14.44218 0.14431 13
-0.46614 0.00431 73.65526 0 -0.12500 13.85000 66.75879 0.11111 -13
-1.47288 0.13435 39.37649 0 -4.02500 43.00000 22.25372 0.17976 -13
-1.51015 -0.26509 39.37649 0 8.02500 44.12500 22.25372 0.18437 -13
-0.05172 -0.22986 5.83687 0 7.02500 1.47500 5.82947 0.10355 -13
-0.26442 -0.17662 19.20034 0 5.35000 10.00000 18.58072 0.10569 -13
-0.11341 -0.18877 4.06039 0 5.57500 2.45000 4.03542 0.10307 13
1.42496 -0.12106 20.45488 0 3.60000 -45.97500 11.80670 0.17571 13
0.32875 -0.07019 70.43973 0 2.12500 -11.25000 66.93248 0.10624 -13
-0.48048 -0.18574 90.04564 0 5.60000 16.82500 81.41775 0.11328 -13
-0.40438 -0.11879 95.09539 0 3.60000 11.10000 88.24646 0.10928 -13
-0.69540 0.13067 98.54473 0 -3.95000 22.37500 81.12770 0.12336 13
-0.71405 -0.26899 98.54473 0 8.10000 22.92500 81.12770 0.12666 13
1.65592 0.00709 95.71808 0 -0.22500 -49.70000 49.48180 0.19481 13
0.29306 0.10229 21.72097 0 -3.05000 -10.37500 20.85291 0.10544 -13
0.30406 -0.12036 74.54880 0 3.62500 -7.80000 71.36764 0.10595 13
0.22336 -0.20898 17.46628 0 6.32500 -5.52500 17.06320 0.10534 -13
1.58229 -0.04927 52.82346 0 1.47500 -46.42500 28.24486 0.18841 13
0.64133 0.82992 52.82346 0 1.45000 -46.42500 28.24486 0.18847 13
-0.87652 -1.53242 52.82346 0 2.00000 -49.00000 28.24486 0.20311 13
2.35279 1.56794 52.82346 0 2.15000 -49.02500 28.24486 0.20658 13
-0.13447 0.02828 81.47749 0 -0.85000 3.72500 80.75129 0.10165 13
-0.89356 0.06597 12.24463 0 -1.92500 28.05000 9.13941 0.13520 -13
0.17488 0.11575 47.26878 0 -3.47500 -4.95000 46.57125 0.10289 -13
-0.49165 -0.15232 99.99722 0 4.60000 16.97500 89.93702 0.11325 13
-0.86929 0.09552 39.32618 0 -2.90000 25.87500 29.73769 0.13378 13
-0.85144 0.09385 66.33831 0 -2.82500 27.12500 50.60240 0.13260 -13
0.53280 0.03958 56.45249 0 -1.17500 -16.60000 49.83074 0.11418 -13
1.74269 -0.17440 44.30660 0 5.27500 -49.15000 22.30133 0.20312 -13
1.03376 0.08403 70.42297 0 -2.55000 -31.30000 49.05222 0.14509 13
0.17066 -0.24366 91.24936 0 7.35000 -6.37500 90.02035 0.10498 13
0.55918 -1.40151 91.24936 0 7.37500 -6.37500 90.02035 0.10521 13
-0.38130 0.04443 91.24936 0 -2.47500 -7.75000 90.02035 0.11771 13
0.08945 -0.97993 91.24936 0 -3.55000 -10.70000 90.02035 0.14139 13
0.17275 1.25954 91.24936 0 -1.97500 -10.72500 90.02035 0.14772 13
0.82564 -0.11619 49.30485 0 3.52500 -23.17500 38.12329 0.13112 -13
1.59513 -0.15010 70.09518 0 4.55000 -50.15000 37.52971 0.19020 -13
-1.16206 -0.06840 55.84994 0 2.07500 35.72500 36.47832 0.15455 -13
1.51349 -0.16256 36.69203 0 4.92500 -43.57500 20.40994 0.18344 -13
-0.69913 0.09901 93.39016 0 -3.00000 20.20000 76.66187 0.12328 13
0.61151 0.10946 22.36966 0 -3.27500 -16.40000 19.11477 0.11854 -13
-0.63388 0.07390 24.48342 0 -2.25000 20.80000 20.69543 0.11947 13
0.44719 -0.14873 80.19252 0 4.47500 -14.22500 73.33844 0.11132 13
1.38621 -0.22963 47.37404 0 6.90000 -41.15000 28.18418 0.17366 13
1.16291 0.06804 48.87053 0 -2.02500 -37.40000 31.90610 0.15460 -13
0.69887 0.00709 93.82589 0 -0.20000 -20.62500 76.90659 0.12286 -13
-0.31608 0.14800 52.99264 0 -4.45000 7.77500 50.57781 0.10665 -13
-0.32235 -0.25082 52.99264 0 7.57500 7.97500 50.57781 0.10879 -13
0.47757 0.10489 81.54871 0 -3.17500 -14.65000 73.66200 0.11210 13
-1.01405 0.05418 16.14333 0 -1.60000 29.60000 11.34311 0.14352 -13
-1.18080 0.12665 62.00329 0 -3.80000 34.85000 40.25614 0.15634 -13
-1.21437 -0.27321 62.00329 0 8.25000 35.87500 40.25614 0.16081 -13
-0.40463 -0.10313 67.08847 0 3.10000 9.60000 62.23624 0.10913 13
1.04735 -0.05943 91.70216 0 1.77500 -30.37500 63.38487 0.14595 13
0.89478 -0.07557 5.91363 0 2.17500 -26.92500 4.41272 0.13532 13
0.31681 -0.23491 85.25760 0 7.07500 -9.02500 81.47087 0.10825 13
-0.11004 0.02967 61.68031 0 -0.90000 3.80000 61.31055 0.10136 13
0.99169 -0.16225 39.97527 0 4.90000 -28.02500 28.56632 0.14278 -13
1.09350 0.00028 46.62985 0 -0.00000 -32.07500 31.46861 0.14923 -13
-0.61184 0.08170 44.26179 0 -2.47500 19.97500 37.78974 0.11835 13
-0.87914 0.05012 20.81123 0 -1.55000 28.62500 15.63850 0.13419 13
0.67233 0.09956 29.82002 0 -3.02500 -20.12500 24.78471 0.12177 13
-1.17243 0.00552 58.67271 0 -0.15000 36.02500 38.07577 0.15518 -13
0.93442 0.07081 26.16756 0 -2.10000 -27.40000 19.14238 0.13800 -13
1.32193 -0.01413 4.52634 0 0.25000 -40.47500 2.73092 0.16696 13
-0.41566 -0.16142 25.23860 0 4.90000 10.55000 23.34924 0.11027 -13
-0.72793 0.03551 76.01427 0 -1.07500 22.75000 61.46982 0.12461 13
-0.62304 0.05316 68.30891 0 -1.60000 18.90000 57.99964 0.11877 13
-0.63788 -0.23931 29.83618 0 7.25000 21.80000 25.35383 0.12187 -13
-1.03066 -0.22886 51.44289 0 6.92500 30.55000 36.29039 0.14646 -13
-1.85960 -0.23373 24.36959 0 7.00000 54.65000 11.78001 0.21387 13
-0.61659 -0.01099 48.87028 0 0.32500 18.30000 41.59870 0.11831 13
-1.43098 -0.12662 54.80904 0 3.80000 42.65000 31.56310 0.17626 13
-0.88601 0.01196 84.73453 0 -0.35000 28.95000 63.42389 0.13455 -13
0.67321 -0.00343 67.73018 0 0.12500 -20.75000 56.18400 0.12140 -13
0.45082 -0.03310 79.60287 0 1.00000 -14.00000 72.57586 0.11052 -13
0.17827 -0.22569 42.42147 0 6.82500 -5.10000 41.79420 0.10480 -13
0.45230 -0.23337 94.68470 0 7.05000 -13.75000 86.65177 0.11300 -13
0.95264 -0.18021 12.14142 0 5.37500 -30.97500 8.85692 0.14023 13
-0.18101 -0.05221 15.23297 0 1.60000 4.87500 14.99009 0.10248 -13
-0.44650 0.00532 39.78067 0 -0.15000 12.27500 36.32450 0.11028 -13
-1.41115 0.14204 53.95181 0 -4.30000 47.57500 31.40194 0.17477 13
-1.44252 -0.25705 53.95181 0 7.75000 48.50000 31.40194 0.17863 13
0.91408 -0.01083 67.34044 0 0.32500 -28.30000 49.70590 0.13643 13
-1.11411 0.07436 72.14869 0 -2.22500 34.25000 48.26625 0.15094 -13
0.73764 0.13213 69.91563 0 -4.00000 -22.35000 56.43520 0.12585 13
