-1.32545 -0.09173 34.73375 0 2.75000 41.02500 20.97555 0.16744 13
1.63938 -0.15317 94.90930 0 4.60000 -49.82500 49.84227 0.19398 13
-1.77439 -0.07007 56.54101 0 2.10000 54.20000 27.81192 0.20522 13
1.00985 0.03552 28.21609 0 -1.05000 -28.95000 19.86042 0.14316 -13
-0.57741 0.00021 95.09772 0 -0.00000 16.10000 82.35507 0.11628 -13
-1.40638 -0.07691 51.49532 0 2.32500 40.50000 29.89917 0.17396 -13
0.40224 0.08140 10.05643 0 -2.40000 -13.45000 9.33403 0.10885 -13
0.46318 0.02837 80.39587 0 -0.85000 -14.25000 72.95562 0.11102 -13
-0.59538 0.06893 81.31899 0 -2.07500 18.72500 69.91585 0.11741 -13
0.98962 0.10140 52.03161 0 -3.05000 -30.90000 37.07669 0.14204 -13
-2.03399 -0.12802 80.59592 0 3.87500 62.05000 35.79348 0.22862 -13
-0.44883 0.12837 42.20585 0 -3.85000 12.05000 38.55756 0.11114 -13
-0.46128 -0.27140 42.20585 0 8.20000 12.42500 38.55756 0.11423 -13
-0.69506 0.03853 73.78353 0 -1.15000 23.00000 60.60080 0.12270 -13
0.95570 0.13427 48.93433 0 -4.02500 -29.75000 35.52729 0.13994 -13
0.97996 -0.26518 48.93433 0 8.02500 -30.47500 35.52729 0.14352 -13
-0.66113 0.01512 41.08766 0 -0.47500 19.77500 34.27534 0.12073 13
1.67221 0.01906 60.29756 0 -0.55000 -50.50000 30.95115 0.19621 -13
0.10638 -0.22272 20.94483 0 6.75000 -3.67500 20.83287 0.10374 -13
-0.62742 0.06723 89.49603 0 -2.02500 22.12500 75.85780 0.11908 13
1.60714 0.00819 84.26902 0 -0.25000 -45.20000 44.52047 0.19062 13
-1.03603 -0.15444 37.98302 0 4.65000 32.20000 26.53832 0.14583 13
1.23473 -0.09640 30.01771 0 2.92500 -38.05000 18.94491 0.16031 -13
-0.09544 0.01922 74.78010 0 -0.57500 3.82500 74.44198 0.10118 13
-1.32813 -0.12448 9.19919 0 3.62500 38.92500 5.56011 0.16783 13
0.64577 0.13598 10.35160 0 -4.05000 -19.65000 8.71931 0.12063 -13
0.66177 -0.26322 10.35160 0 8.00000 -20.12500 8.71931 0.12370 -13
-1.05053 -0.05211 57.58063 0 1.55000 32.10000 39.72845 0.14615 13
-0.22070 -0.09250 33.33484 0 2.77500 5.67500 32.55782 0.10354 13
1.95726 -0.18283 28.56993 0 5.55000 -56.75000 13.16781 0.22217 -13
-0.61839 -0.15831 46.31009 0 4.75000 17.02500 39.52132 0.11946 13
0.28433 -0.17902 26.01361 0 5.37500 -4.12500 25.05098 0.10622 13
-1.10604 -0.17279 10.28209 0 5.27500 33.72500 6.95043 0.15125 -13
-1.64388 -0.03126 57.48155 0 0.95000 50.57500 29.88467 0.19380 -13
-0.47947 0.02656 31.31891 0 -0.82500 13.42500 28.24222 0.11172 13
1.21884 0.03987 71.72096 0 -1.20000 -36.32500 45.51331 0.15882 -13
-1.31847 -0.04238 96.65993 0 1.27500 39.05000 58.44528 0.16661 13
0.05881 -0.23097 96.65993 0 1.27500 39.05000 58.44528 0.16667 13
0.19920 0.37512 96.65993 0 2.80000 38.92500 58.44528 0.17483 13
-0.81339 0.01393 26.43040 0 -0.45000 24.12500 20.50496 0.12981 13
-1.93978 0.04740 73.03052 0 -1.42500 57.75000 33.49461 0.21981 -13
1.98329 -0.13278 48.12019 0 4.02500 -58.82500 21.81684 0.22409 -13
-0.55048 -0.22795 10.56477 0 6.92500 16.02500 9.30895 0.11727 -13
0.12938 -0.07219 70.85988 0 2.17500 -2.72500 70.27708 0.10180 -13
0.56136 -0.01631 46.17375 0 0.50000 -16.25000 40.26488 0.11550 -13
1.26534 -0.12444 32.37824 0 3.77500 -38.30000 20.17012 0.16292 -13
-0.40984 -0.08994 92.62150 0 2.72500 13.72500 85.75265 0.10921 -13
-0.54990 0.01025 60.90746 0 -0.30000 16.60000 53.37101 0.11493 -13
-0.35186 0.06807 55.12647 0 -2.05000 14.10000 52.01469 0.10697 -13
1.47193 0.05401 62.50797 0 -1.65000 -45.32500 35.16208 0.17929 13
-1.81452 0.13511 11.09379 0 -3.97500 54.32500 5.39359 0.20893 -13
-1.85937 -0.26395 11.09379 0 8.07500 55.75000 5.39359 0.21441 -13
-0.84044 0.05577 85.65323 0 -1.70000 26.12500 65.61300 0.13167 13
-1.00633 -0.15426 70.30876 0 4.67500 30.25000 49.85100 0.14372 -13
-0.60864 0.14581 66.76660 0 -4.40000 18.72500 57.19439 0.11880 -13
-0.62128 -0.25312 66.76660 0 7.65000 19.10000 57.19439 0.12127 -13
-0.13047 0.05174 11.59517 0 -1.52500 4.70000 11.49800 0.10169 -13
-1.28024 0.12655 45.94857 0 -3.82500 36.22500 28.42454 0.16410 13
-1.31673 -0.27336 45.94857 0 8.22500 37.32500 28.42454 0.16874 13
-2.00226 -0.22760 6.63382 0 7.05000 59.30000 3.02381 0.22690 -13
0.64820 -0.04980 48.92040 0 1.52500 -20.97500 41.06570 0.12012 -13
1.61150 0.05297 86.21750 0 -1.57500 -47.60000 45.50639 0.19106 -13
0.04382 0.04351 71.72352 0 -1.30000 0.92500 71.65491 0.10090 -13
0.72078 -0.18334 75.31404 0 5.52500 -23.90000 61.44031 0.12549 13
1.64917 0.09371 50.03569 0 -2.85000 -50.10000 26.02537 0.19446 13
0.96164 0.00912 80.30355 0 -0.27500 -28.47500 57.88356 0.13972 -13
-1.26128 -0.16310 31.61837 0 4.90000 38.57500 19.80196 0.16290 13
-0.17314 -0.12395 56.80328 0 3.72500 5.32500 55.98290 0.10296 13
-1.42652 0.12236 19.15385 0 -3.72500 46.85000 11.05002 0.17589 13
-1.46979 -0.27794 19.15385 0 8.32500 48.10000 11.05002 0.18110 13
-1.53263 0.03802 9.09928 0 -1.05000 44.65000 4.97491 0.18431 -13
-0.21976 -0.16913 57.00969 0 5.10000 3.70000 55.71668 0.10450 13
1.47110 0.12815 26.91392 0 -3.82500 -45.37500 15.21415 0.17958 -13
1.51193 -0.27154 26.91392 0 8.22500 -46.62500 15.21415 0.18465 -13
-1.20799 -0.20081 61.23828 0 6.07500 35.30000 39.50709 0.15922 -13
-0.67701 -0.00628 38.73851 0 0.20000 20.35000 32.07843 0.12161 -13
-0.81384 -0.16669 9.66494 0 5.10000 25.60000 7.53636 0.13098 -13
-1.61668 -0.17170 92.25266 0 5.17500 48.67500 49.03959 0.19221 13
0.17409 -0.22188 15.01861 0 6.65000 -3.47500 14.80631 0.10460 13
-0.57266 -0.07404 74.53613 0 2.25000 17.20000 64.72473 0.11629 -13
2.19380 -0.11729 59.39994 0 3.55000 -63.90000 24.77625 0.24310 -13
-0.87232 0.09653 4.69678 0 -2.77500 25.37500 3.54592 0.13398 -13
0.40493 -0.04245 81.93704 0 1.27500 -13.90000 75.95665 0.10872 13
0.55444 -0.18578 80.83148 0 5.60000 -16.57500 70.97173 0.11665 13
-1.31694 -0.15559 31.70313 0 4.72500 39.40000 19.31827 0.16727 -13
0.40444 -0.02789 19.04092 0 0.87500 -12.12500 17.65274 0.10867 -13
0.40539 0.08315 44.61419 0 -2.50000 -12.75000 41.36621 0.10898 -13
0.12082 -0.10654 68.51993 0 3.22500 -3.12500 68.03080 0.10200 -13
-0.01327 -0.00723 91.18907 0 0.20000 0.27500 91.18104 0.10071 13
0.45199 -0.15749 22.46577 0 4.72500 -13.05000 20.51399 0.11163 13
0.13297 0.13194 20.83492 0 -4.00000 -5.07500 20.65623 0.10246 13
0.13643 -0.26770 20.83492 0 8.05000 -5.17500 20.65623 0.10512 13
-0.79828 -0.08556 61.64014 0 2.57500 23.97500 48.24151 0.12914 13
-0.47748 -0.03062 61.89981 0 0.92500 14.17500 55.86355 0.11163 13
0.61259 0.01677 31.39550 0 -0.52500 -20.77500 26.77255 0.11811 13
0.98453 0.13730 60.35896 0 -4.15000 -30.37500 43.20848 0.14200 13
1.00829 -0.26206 60.35896 0 7.90000 -31.07500 43.20848 0.14541 13
0.50795 -0.20609 53.99196 0 6.20000 -14.27500 48.34017 0.11483 13
-1.23927 0.03980 3.62376 0 -0.97500 35.87500 2.27683 0.16043 -13
1.44813 0.10285 63.57217 0 -3.12500 -44.45000 36.25254 0.17754 13
0.26144 -0.05536 44.72971 0 1.67500 -6.75000 43.27950 0.10424 -13
1.43340 -0.03491 29.68132 0 1.07500 -41.82500 16.98939 0.17604 -13
-1.45528 -0.17294 70.03650 0 5.20000 45.40000 40.06070 0.17865 13
-0.45095 0.07671 58.20837 0 -2.32500 13.37500 53.08893 0.11074 13
-0.87572 -0.06333 24.64790 0 1.95000 24.57500 18.55915 0.13402 -13
-0.31092 -0.20394 11.72562 0 6.20000 11.77500 11.21660 0.10748 -13
0.67490 -0.13562 98.55230 0 4.07500 -22.35000 81.92030 0.12225 13
0.02161 -0.20754 43.71892 0 6.25000 -0.52500 43.70914 0.10286 13
-0.55623 0.08379 20.16711 0 -2.50000 16.22500 17.63883 0.11553 -13
0.25120 -0.17995 88.08504 0 5.42500 -5.47500 85.51051 0.10540 -13
-0.09012 0.14131 34.31477 0 -4.25000 4.72500 34.17895 0.10210 -13
-0.09213 -0.25778 34.31477 0 7.80000 4.77500 34.17895 0.10442 -13
1.26547 0.09613 13.00685 0 -2.85000 -38.12500 8.08785 0.16267 -13
0.97436 0.07535 58.61890 0 -2.25000 -29.32500 42.04234 0.14080 -13
-1.03215 0.03447 10.58780 0 -1.10000 31.47500 7.36943 0.14479 13
1.11947 0.01917 35.18403 0 -0.55000 -35.90000 23.44153 0.15117 -13
0.45861 -0.08130 43.62504 0 2.45000 -12.47500 39.67654 0.11108 13
0.38919 0.14326 45.07182 0 -4.32500 -10.77500 42.05850 0.10903 13
0.39766 -0.25577 45.07182 0 7.70000 -11.02500 42.05850 0.11139 13
1.12352 0.10214 95.96141 0 -3.07500 -34.10000 63.98406 0.15181 -13
0.08745 -0.00260 50.37048 0 0.07500 -2.82500 50.17898 0.10109 13
0.37517 -0.09020 70.78976 0 2.72500 -10.82500 66.31178 0.10794 13
0.86698 -0.07225 38.79868 0 2.15000 -26.57500 29.34804 0.13347 13
0.54763 -0.06000 82.75908 0 1.82500 -16.22500 72.61769 0.11498 -13
0.85213 -0.06530 68.85575 0 1.97500 -25.05000 52.45584 0.13247 -13
-0.37794 0.12162 21.93841 0 -3.70000 13.12500 20.54038 0.10836 13
-0.38947 -0.27861 21.93841 0 8.37500 13.47500 20.54038 0.11163 13
-1.01900 0.12227 20.81250 0 -3.72500 31.27500 14.63274 0.14432 13
-1.04978 -0.27797 20.81250 0 8.35000 32.17500 14.63274 0.14862 13
-0.67845 -0.05500 70.93995 0 1.65000 19.85000 58.73250 0.12182 13
-1.75895 0.11004 60.87497 0 -3.32500 56.02500 30.22319 0.20407 13
1.17014 -0.23401 57.00537 0 7.05000 -34.02500 37.60416 0.15677 13
-1.73303 0.14786 97.61823 0 -4.45000 52.40000 49.18509 0.20203 -13
-1.76759 -0.25096 97.61823 0 7.57500 53.42500 49.18509 0.20608 -13
1.80172 -0.07658 43.77920 0 2.27500 -54.45000 21.29295 0.20764 13
-0.43112 0.13025 61.04796 0 -3.92500 14.40000 56.13348 0.11045 13
-0.44277 -0.26945 61.04796 0 8.12500 14.75000 56.13348 0.11342 13
1.82185 -0.19543 74.96666 0 5.90000 -55.02500 36.59207 0.21023 -13
-0.54086 -0.07862 47.06265 0 2.37500 18.20000 41.42451 0.11477 -13
1.63869 -0.21963 37.56246 0 6.60000 -49.57500 19.90338 0.19455 13
-1.91630 0.08106 73.45887 0 -2.42500 56.62500 34.07264 0.21782 -13
0.59926 -0.23030 25.64627 0 6.97500 -18.70000 22.14678 0.11969 -13
-0.34757 -0.07799 25.64627 0 6.90000 -40.57500 22.14678 0.30145 -13
-2.45746 0.02405 25.64627 0 6.90000 -39.75000 22.14678 0.29054 -13
0.03572 0.11277 20.63980 0 -3.42500 0.42500 20.62682 0.10142 13
-1.16974 -0.01994 76.75145 0 0.60000 33.15000 49.87901 0.15498 13
-0.55222 -0.15414 10.85694 0 4.60000 14.42500 9.53009 0.11605 13
1.21796 -0.18004 47.81272 0 5.42500 -38.10000 30.62824 0.15972 13
0.34549 -0.17689 69.59422 0 5.35000 -6.37500 65.88555 0.10803 -13
1.15344 -0.15670 70.41727 0 4.72500 -35.45000 46.44703 0.15453 13
-0.11552 0.02780 49.37013 0 -0.85000 3.95000 49.04413 0.10141 13
0.77564 -0.07928 95.17658 0 2.40000 -24.02500 75.29445 0.12769 -13
-0.09232 -0.08626 68.82038 0 2.60000 2.40000 68.53112 0.10151 -13
-0.51530 0.12256 71.60878 0 -3.70000 17.05000 63.75351 0.11396 -13
-0.53082 -0.27756 71.60878 0 8.37500 17.52500 63.75351 0.11740 -13
-1.35191 -0.11766 79.52738 0 3.55000 41.65000 47.50395 0.16974 13
-1.80808 0.09530 21.08740 0 -2.82500 52.52500 10.24056 0.20828 -13
1.12993 -0.14013 82.97888 0 4.22500 -32.70000 55.29259 0.15260 13
-1.10196 0.12548 25.78224 0 -3.75000 33.50000 17.40069 0.15036 -13
-1.13386 -0.27442 25.78224 0 8.30000 34.47500 17.40069 0.15476 -13
0.11909 -0.12399 13.71902 0 3.77500 -0.65000 13.62428 0.10220 -13
0.22478 -0.11441 20.10968 0 3.47500 -7.10000 19.62632 0.10386 -13
-0.08684 -0.16118 7.26585 0 4.80000 3.15000 7.23925 0.10236 13
-0.93620 0.08866 74.26975 0 -2.67500 24.92500 54.31687 0.13823 -13
-1.49874 -0.20067 23.35672 0 6.02500 47.30000 13.14052 0.18251 13
-0.93198 0.00081 60.61102 0 -0.02500 25.42500 44.34032 0.13766 13
0.45199 -0.15710 54.59057 0 4.75000 -13.67500 49.84737 0.11164 -13
-2.00276 -0.19579 75.40340 0 5.92500 61.17500 34.19224 0.22632 -13
0.20971 -0.03294 60.81002 0 1.00000 -7.50000 59.51669 0.10295 -13
-1.41951 -0.06932 91.18608 0 2.07500 41.90000 52.59930 0.17499 13
-1.64544 -0.02341 17.42579 0 0.75000 51.15000 9.05194 0.19392 -13
0.10607 0.00374 91.17578 0 -0.10000 -2.65000 90.66717 0.10127 -13
1.52349 -0.12681 68.36278 0 3.80000 -45.05000 37.72144 0.18396 13
0.12048 -0.22852 54.86108 0 6.90000 -2.60000 54.48661 0.10402 -13
0.22285 0.13336 2.63364 0 -3.82500 -9.15000 2.57149 0.10405 -13
0.22861 -0.26562 2.63364 0 8.22500 -9.35000 2.57149 0.10699 -13
0.68953 -0.05000 58.05720 0 1.50000 -18.17500 47.81531 0.12242 13
-1.03056 0.00239 23.30521 0 -0.05000 31.47500 16.22933 0.14461 -13
0.83563 -0.12455 90.39931 0 3.75000 -25.90000 69.58705 0.13183 13
0.45318 0.05277 42.29526 0 -1.60000 -14.30000 38.53304 0.11069 13
-1.78498 -0.16790 89.47079 0 5.07500 52.25000 44.19288 0.20674 -13
-0.42138 -0.10810 21.44353 0 3.25000 14.12500 19.77793 0.10981 13
-0.98940 -0.11211 99.41530 0 3.40000 29.35000 70.88801 0.14211 -13
-2.12415 -0.16715 97.55039 0 5.02500 63.42500 42.01951 0.23702 13
-0.69076 0.01993 6.21797 0 -0.50000 20.05000 5.11653 0.12242 -13
-1.37490 0.11384 99.58272 0 -3.42500 41.10000 58.82278 0.17157 -13
-1.09552 -0.03675 13.83039 0 1.15000 34.55000 9.32727 0.14944 -13
0.32245 -0.17324 49.06687 0 5.22500 -8.42500 46.76343 0.10723 13
0.44123 -0.19954 37.22825 0 6.02500 -10.22500 34.16671 0.11190 -13
-0.42557 0.07060 86.64408 0 -2.12500 13.17500 79.75499 0.10967 -13
-0.34034 -0.06389 15.74985 0 1.95000 11.60000 14.91331 0.10658 -13
-1.68638 -0.05080 99.55748 0 1.52500 49.65000 50.82832 0.19751 13
0.56851 -0.09455 24.06805 0 2.87500 -17.65000 20.94570 0.11624 -13
0.24998 -0.05212 34.01337 0 1.57500 -7.67500 33.00071 0.10394 -13
0.55725 -0.21185 23.76267 0 6.37500 -14.77500 20.86398 0.11723 13
0.73750 -0.06216 89.24881 0 1.87500 -23.82500 71.87624 0.12529 -13
0.71193 -0.04900 71.84198 0 1.47500 -21.55000 58.54873 0.12372 13
-1.50626 -0.16444 67.81792 0 4.97500 44.47500 37.85800 0.18284 -13
-0.63821 0.08226 82.55576 0 -2.47500 18.37500 69.65888 0.11975 -13
-0.18090 -0.19636 99.56343 0 5.92500 5.40000 98.03087 0.10423 13
0.84369 -0.03062 91.09936 0 0.92500 -25.35000 69.64162 0.13180 13
0.71037 0.13038 4.25082 0 -3.77500 -22.50000 3.47506 0.12419 -13
0.72959 -0.26929 4.25082 0 8.27500 -23.12500 3.47506 0.12777 -13
-0.91090 -0.24190 56.00727 0 7.27500 28.05000 41.93382 0.13837 13
0.43017 -0.01056 90.14667 0 0.32500 -12.50000 82.81060 0.10963 13
-0.83542 -0.07005 42.04095 0 2.12500 23.35000 32.29595 0.13142 -13
2.07716 -0.22004 69.56054 0 6.62500 -62.55000 30.75606 0.23318 13
1.61955 -0.23965 61.08213 0 7.22500 -45.37500 32.74097 0.19317 13
-0.80681 -0.23223 99.64798 0 7.00000 25.55000 78.34814 0.13149 -13
-0.47981 -0.19522 95.82086 0 5.87500 14.15000 86.68956 0.11341 13
0.94206 -0.15603 9.56432 0 4.65000 -26.62500 7.00101 0.13920 13
-0.07143 -0.22165 42.85790 0 6.70000 1.30000 42.75416 0.10341 -13
-0.14099 -0.22318 23.27285 0 6.70000 2.87500 23.05559 0.10413 13
0.38114 0.14187 6.97938 0 -4.35000 -12.52500 6.52986 0.10876 13
0.38961 -0.25736 6.97938 0 7.67500 -12.77500 6.52986 0.11108 13
0.14296 -0.16749 54.83008 0 5.05000 -4.25000 54.29303 0.10311 13
0.54008 0.00029 4.37437 0 -0.12500 -17.17500 3.84876 0.11449 13
-0.39676 -0.23611 36.44799 0 7.10000 11.37500 34.00118 0.11090 13
-0.15919 0.02199 23.03054 0 -0.67500 5.67500 22.74600 0.10199 13
0.12820 -0.06681 2.36659 0 1.80000 -5.22500 2.34750 0.10181 13
-0.36000 0.11406 16.68667 0 -3.40000 10.12500 15.71188 0.10764 -13
-1.50559 0.05194 37.07534 0 -1.55000 46.65000 20.53177 0.18208 -13
-0.27467 0.00623 35.52199 0 -0.20000 6.87500 34.25336 0.10443 13
-0.86604 0.05705 35.48683 0 -1.70000 26.40000 26.84434 0.13334 -13
-1.50094 -0.19966 63.23878 0 6.02500 45.47500 35.53840 0.18275 -13
-0.86632 -0.15591 98.79232 0 4.70000 24.10000 75.05166 0.13416 13
-1.54413 -0.22486 4.73537 0 6.57500 47.72500 2.61961 0.18637 13
0.03137 -0.07608 55.82280 0 2.30000 1.05000 55.79550 0.10105 -13
-0.88382 -0.15043 50.62060 0 4.55000 24.17500 38.11563 0.13525 -13
0.61522 -0.13819 82.98791 0 4.17500 -19.05000 70.86496 0.11906 -13
0.86613 -0.08578 28.25007 0 2.60000 -27.47500 21.38762 0.13351 -13
-0.35556 -0.12727 73.52615 0 3.82500 11.57500 69.33945 0.10764 13
-1.36947 -0.14721 24.31076 0 4.40000 41.30000 14.43636 0.17138 13
-1.47650 0.00464 53.46030 0 -0.15000 44.10000 29.97903 0.17959 13
0.66669 0.00928 20.88935 0 -0.25000 -20.07500 17.38084 0.12104 -13
1.07101 -0.20698 90.42556 0 6.22500 -31.05000 62.40071 0.14901 13
-0.93728 -0.24848 63.27158 0 7.47500 27.72500 46.80500 0.14026 13
1.73390 0.00855 55.90329 0 -0.25000 -52.45000 27.93001 0.20156 -13
1.06590 0.07240 56.18040 0 -2.17500 -32.45000 38.49261 0.14736 -13
-0.31031 0.07168 11.06446 0 -2.12500 9.52500 10.56974 0.10568 -13
1.63434 -0.00796 65.79218 0 0.25000 -49.57500 34.33890 0.19295 -13
-1.08427 -0.10972 5.72099 0 3.17500 32.62500 3.89160 0.14889 13
0.61247 -0.18315 34.08339 0 5.55000 -17.87500 29.19460 0.11953 -13
0.71377 -0.06989 40.11095 0 2.10000 -21.55000 32.67411 0.12392 13
0.06509 -0.04087 2.99987 0 1.40000 -4.37500 2.99356 0.10109 -13
-0.93093 -0.15545 79.34337 0 4.67500 30.37500 58.39443 0.13847 13
0.02885 -0.21730 55.53935 0 6.57500 0.20000 55.51727 0.10310 -13
-0.26868 0.05757 7.11329 0 -1.67500 6.47500 6.87044 0.10444 -13
-0.08641 0.06448 12.86660 0 -1.97500 2.77500 12.81910 0.10130 13
0.71651 0.06088 34.59466 0 -1.82500 -22.40000 28.13883 0.12403 -13
-0.58426 0.09156 22.62761 0 -2.75000 14.52500 19.55831 0.11699 -13
0.15072 -0.02164 98.83287 0 0.65000 -5.80000 97.72962 0.10186 -13
-1.55079 -0.17250 30.72383 0 5.22500 48.67500 16.82202 0.18667 -13
-0.81465 -0.03998 83.24336 0 1.20000 21.95000 64.55902 0.12995 13
0.96776 0.14389 36.90206 0 -4.35000 -30.37500 26.64929 0.14089 13
0.98864 -0.25513 36.90206 0 7.67500 -31.00000 26.64929 0.14389 13
0.66882 0.04668 68.90160 0 -1.42500 -22.37500 57.29149 0.12124 13
1.61287 0.12510 67.23102 0 -3.75000 -45.65000 35.62583 0.19152 -13
1.65973 -0.27482 67.23102 0 8.30000 -47.07500 35.62583 0.19712 -13
-1.75906 0.09330 58.83018 0 -2.80000 50.42500 29.16911 0.20398 -13
-0.05298 -0.07939 48.00544 0 2.40000 1.62500 47.93865 0.10116 -13
-1.98208 -0.16475 34.94708 0 5.00000 57.95000 15.91056 0.22421 -13
-0.51305 -0.19203 10.99510 0 5.85000 14.35000 9.81903 0.11487 -13
0.30956 0.09333 39.44284 0 -2.82500 -5.45000 37.69306 0.10584 13
2.01497 -0.04491 13.40279 0 1.42500 -61.25000 5.96275 0.22662 -13
-1.85170 -0.17308 84.95570 0 5.22500 57.20000 40.83094 0.21267 -13
-0.03808 -0.10601 30.15538 0 3.22500 3.75000 30.13380 0.10135 -13
1.67294 0.04790 65.22601 0 -1.42500 -50.77500 33.49483 0.19632 -13
0.99300 -0.11642 60.78451 0 3.52500 -29.22500 43.27559 0.14241 -13
1.82986 -0.02181 81.04550 0 0.65000 -56.60000 38.87279 0.21001 13
2.02807 -0.19135 35.85620 0 5.80000 -60.37500 16.08779 0.22856 -13
-0.91029 -0.15013 92.35332 0 4.52500 25.05000 68.63881 0.13702 -13
1.95999 -0.01015 73.79203 0 0.30000 -60.00000 33.53817 0.22158 13
-0.88404 -0.09323 30.75084 0 2.82500 27.25000 23.08260 0.13475 -13
0.13743 -0.07345 76.52143 0 2.22500 -4.12500 75.81264 0.10192 -13
0.32852 0.08131 42.55786 0 -2.45000 -9.95000 40.44476 0.10631 -13
-1.12694 -0.20990 63.05882 0 6.35000 34.00000 42.35611 0.15320 -13
-1.13382 -0.12429 80.88202 0 3.75000 32.30000 53.73014 0.15276 -13
-1.51951 -0.10123 33.40091 0 3.07500 46.12500 18.42753 0.18349 -13
-1.92779 -0.20909 50.96048 0 6.27500 58.62500 23.86228 0.21969 13
0.33482 -0.15957 40.78817 0 4.80000 -10.60000 38.72644 0.10740 13
0.46980 0.06375 88.54817 0 -1.92500 -15.05000 80.17405 0.11144 -13
0.32688 -0.15539 17.22537 0 4.65000 -7.85000 16.39147 0.10708 13
0.41086 0.12518 46.77245 0 -3.77500 -11.57500 43.31120 0.10959 -13
0.42277 -0.27475 46.77245 0 8.30000 -11.95000 43.31120 0.11279 -13
0.47272 0.09842 2.85563 0 -3.15000 -14.87500 2.58408 0.11197 13
-0.29616 -0.13844 90.24188 0 4.17500 6.30000 86.59274 0.10595 -13
1.70697 -0.21618 2.82230 0 6.87500 -51.02500 1.45104 0.20104 -13
0.14502 -0.04875 47.26282 0 1.45000 -5.15000 46.77467 0.10187 13
-0.90764 0.01998 76.52135 0 -0.60000 25.05000 56.66715 0.13601 13
0.51898 0.05415 75.60577 0 -1.62500 -19.17500 67.12754 0.11358 -13
0.38191 0.04213 40.12522 0 -1.27500 -14.07500 37.48867 0.10788 13
-0.16745 -0.00391 14.61705 0 0.07500 6.10000 14.41633 0.10212 13
0.52144 -0.07682 25.24239 0 2.35000 -16.75000 22.39614 0.11384 -13
-0.18708 0.04035 48.47571 0 -1.22500 6.55000 47.65028 0.10253 13
-0.64433 0.12972 24.38859 0 -3.90000 21.92500 20.55159 0.12049 -13
-0.66183 -0.26997 24.38859 0 8.17500 22.45000 20.55159 0.12381 -13
0.26728 0.12488 57.18783 0 -3.77500 -9.45000 55.27674 0.10500 13
0.27508 -0.27513 57.18783 0 8.30000 -9.67500 55.27674 0.10805 13
0.25899 0.14611 28.76794 0 -4.40000 -8.95000 27.86750 0.10505 -13
0.26432 -0.25277 28.76794 0 7.65000 -9.12500 27.86750 0.10724 -13
1.42536 -0.01282 57.61169 0 0.37500 -44.47500 33.08956 0.17534 13
0.35054 -0.20367 10.48861 0 6.20000 -8.62500 9.91964 0.10871 -13
0.56530 0.01936 35.59761 0 -0.57500 -15.55000 30.99038 0.11570 -13
-0.99661 -0.05611 96.96796 0 1.67500 32.35000 68.73699 0.14229 13
1.65300 -0.16094 55.13467 0 4.87500 -48.67500 28.80655 0.19524 -13
1.00217 -0.17443 49.38131 0 5.25000 -32.17500 35.14096 0.14364 13
-1.73551 0.14388 18.81657 0 -4.27500 53.77500 9.46703 0.20217 -13
-1.77274 -0.25507 18.81657 0 7.75000 54.95000 9.46703 0.20666 -13
0.76277 0.09265 30.77622 0 -2.82500 -24.97500 24.50820 0.12701 13
1.07023 -0.11357 88.24422 0 3.42500 -34.47500 60.45247 0.14795 -13
-1.37809 0.10194 25.69777 0 -3.05000 42.62500 15.14384 0.17175 -13
0.33675 -0.01971 60.20000 0 0.57500 -9.12500 57.05304 0.10628 13
-1.43055 0.13761 28.79363 0 -4.12500 44.82500 16.60081 0.17629 -13
-1.46482 -0.26162 28.79363 0 7.92500 45.87500 16.60081 0.18060 -13
1.48049 -0.00748 10.69503 0 0.15000 -43.02500 5.98697 0.17990 13
-0.25762 -0.20379 31.38837 0 6.12500 6.72500 30.43380 0.10599 13
-0.55969 -0.14721 39.17577 0 4.42500 16.15000 34.27227 0.11634 13
0.25838 -0.13883 93.88953 0 4.20000 -7.75000 90.95825 0.10495 -13
1.21473 -0.23994 77.97599 0 7.25000 -38.20000 50.38200 0.16030 -13
-1.07206 0.02384 65.87203 0 -0.72500 33.70000 44.93845 0.14766 13
1.85739 -0.19561 90.65641 0 5.90000 -55.25000 43.60264 0.21332 13
-0.48082 -0.06725 96.78183 0 2.02500 12.65000 87.25984 0.11195 -13
0.30818 -0.07852 13.96765 0 2.32500 -10.00000 13.35157 0.10567 13
-0.03432 -0.13628 83.58452 0 4.10000 -0.02500 83.53625 0.10169 13
0.41159 0.13867 59.40348 0 -4.17500 -12.77500 55.00795 0.10979 -13
0.42131 -0.26056 59.40348 0 7.87500 -13.07500 55.00795 0.11239 -13
0.10924 0.11178 27.57562 0 -3.35000 -0.30000 27.41453 0.10192 -13
0.53175 -0.17230 77.45953 0 5.20000 -15.30000 68.60974 0.11536 13
-0.63556 0.11715 28.82709 0 -3.52500 17.50000 24.37667 0.11989 -13
0.61120 -0.05815 31.47694 0 1.77500 -17.57500 26.86990 0.11817 -13
0.29615 0.00572 7.77439 0 -0.25000 -9.97500 7.45443 0.10504 13
-1.26230 0.08110 73.39795 0 -2.42500 39.57500 45.66917 0.16237 -13
-1.40835 0.12922 14.54557 0 -3.85000 42.77500 8.46746 0.17439 -13
-1.44672 -0.27051 14.54557 0 8.22500 43.97500 8.46746 0.17930 -13
0.50802 -0.14703 48.36821 0 4.45000 -16.37500 43.21616 0.11393 -13
0.19958 -0.04724 88.41000 0 1.42500 -6.55000 86.70376 0.10280 13
-0.48132 -0.14618 88.57418 0 4.42500 18.62500 79.96795 0.11273 -13
0.61750 -0.02650 46.40730 0 0.77500 -19.80000 39.48953 0.11838 13
-0.37846 -0.01661 36.22033 0 0.52500 11.37500 33.87605 0.10769 -13
-0.38747 -0.12744 99.77402 0 3.85000 9.40000 93.13165 0.10875 13
-0.03580 -0.05467 14.76743 0 1.62500 0.65000 14.75800 0.10092 13
0.10419 -0.13585 44.83145 0 4.07500 -2.52500 44.59442 0.10217 13
-0.51118 -0.24610 42.76223 0 7.40000 15.37500 38.30332 0.11577 13
0.38477 0.04091 58.75600 0 -1.25000 -10.60000 54.84292 0.10798 13
0.61362 -0.11625 1.25037 0 3.92500 -14.85000 1.06829 0.11930 -13
1.93377 -0.09106 23.99081 0 2.70000 -58.25000 11.05674 0.21938 13
-1.30944 -0.19479 64.68388 0 5.87500 40.87500 39.72037 0.16706 13
0.77415 -0.10536 94.24586 0 3.17500 -22.27500 74.67773 0.12779 13
1.78503 -0.18485 44.85204 0 5.55000 -51.42500 22.20126 0.20687 13
0.51785 -0.20590 87.83136 0 6.22500 -15.35000 78.33152 0.11529 -13
0.17569 -0.01771 92.11440 0 0.52500 -8.62500 90.72513 0.10226 13
-0.60540 -0.07611 63.63392 0 2.30000 18.55000 54.47761 0.11797 13
-0.35234 -0.03385 89.15745 0 1.02500 8.45000 84.09593 0.10683 13
1.43144 -0.23761 39.46233 0 7.20000 -44.55000 23.01680 0.17750 -13
1.18052 -0.05908 80.04038 0 1.77500 -34.37500 51.78650 0.15591 13
0.04828 0.09265 66.13115 0 -2.77500 0.12500 66.05488 0.10125 -13
0.13688 0.11109 40.31628 0 -3.35000 -5.47500 39.94827 0.10225 -13
-0.14440 -0.18596 32.88379 0 5.62500 3.90000 32.55722 0.10347 -13
-0.66773 -0.09718 13.45533 0 2.90000 21.27500 11.20637 0.12147 13
0.69465 -0.11177 6.94995 0 3.45000 -19.67500 5.72004 0.12317 -13
0.67874 0.06863 37.48677 0 -2.05000 -20.00000 31.03995 0.12190 -13
-0.49283 0.09105 67.25097 0 -2.75000 16.05000 60.37161 0.11265 13
-0.28689 -0.04759 71.05043 0 1.45000 6.60000 68.30146 0.10488 -13
0.26676 -0.19339 70.81993 0 5.85000 -10.12500 68.50928 0.10603 -13
0.34034 -0.01492 64.94266 0 0.45000 -7.70000 61.48025 0.10639 -13
-1.46668 -0.08179 78.52343 0 2.45000 46.55000 44.33598 0.17895 13
1.60683 -0.21965 4.72315 0 6.85000 -48.60000 2.53815 0.19221 -13
-1.66061 -0.08543 81.40267 0 2.57500 50.60000 42.10596 0.19540 13
0.01446 -0.12636 49.80994 0 3.80000 -2.45000 49.80482 0.10151 13
0.59475 0.07188 96.53311 0 -2.15000 -18.52500 83.02383 0.11739 -13
-0.71654 -0.12451 20.45087 0 3.80000 22.02500 16.66732 0.12454 -13
-1.46492 -0.12404 43.68326 0 3.72500 42.72500 24.75690 0.17903 13
0.70726 -0.23599 45.12954 0 7.12500 -24.67500 37.17389 0.12563 -13
0.66982 0.08924 50.01263 0 -2.70000 -19.82500 41.60356 0.12154 13
-0.04375 -0.12977 8.16389 0 3.97500 1.32500 8.15625 0.10168 -13
-1.09796 -0.12549 65.61115 0 3.77500 32.80000 44.36776 0.15008 13
-1.87948 0.08226 77.62083 0 -2.50000 55.52500 36.55548 0.21455 13
1.00043 -0.02516 97.97284 0 0.75000 -28.50000 69.27325 0.14247 13
0.45166 -0.21481 64.66931 0 6.47500 -15.77500 59.15848 0.11259 13
0.06230 0.08317 9.75788 0 -2.55000 -3.25000 9.73913 0.10127 13
2.19663 0.02918 75.16292 0 -0.87500 -64.60000 31.15390 0.24307 -13
1.09569 0.06210 60.42417 0 -1.85000 -34.00000 40.77602 0.14952 -13
1.99658 0.12220 50.65408 0 -3.67500 -60.27500 22.81891 0.22519 -13
2.05695 -0.27787 50.65408 0 8.40000 -62.10000 22.81891 0.23207 -13
0.16730 0.01580 31.65889 0 -0.45000 -7.25000 31.22502 0.10212 -13
-0.68136 0.08622 29.15821 0 -2.57500 21.65000 24.12424 0.12217 -13
-1.97309 0.03790 38.88717 0 -1.12500 57.77500 17.59015 0.22278 -13
-0.82181 0.01292 30.83384 0 -0.40000 25.75000 23.82229 0.13035 13
0.73510 0.03061 98.53959 0 -0.92500 -20.57500 79.40871 0.12502 13
-0.74329 0.12627 97.29826 0 -3.80000 22.32500 78.30697 0.12612 -13
-0.76454 -0.27362 97.29826 0 8.25000 22.97500 78.30697 0.12973 -13
-0.29208 0.06533 54.88010 0 -1.97500 8.55000 52.68796 0.10512 13
-0.59766 0.03341 17.05313 0 -1.05000 15.92500 14.64020 0.11737 13
-0.59710 -0.06581 2.71749 0 1.77500 17.25000 2.33448 0.11752 13
-0.33553 0.06563 83.26957 0 -1.97500 10.17500 78.96152 0.10643 -13
-0.51329 0.10705 74.87229 0 -3.22500 15.95000 66.68882 0.11370 -13
-1.21551 -0.02611 9.31946 0 0.70000 37.97500 5.92186 0.15854 13
-0.96870 -0.09398 52.14025 0 2.85000 27.62500 37.52992 0.14052 -13
0.43332 -0.18548 27.38060 0 5.57500 -15.17500 25.18977 0.11131 13
-1.66406 0.11575 80.68439 0 -3.50000 49.42500 41.76249 0.19586 13
1.84469 0.00978 46.85508 0 -0.27500 -52.87500 22.33105 0.21130 -13
0.59970 -0.19549 98.47534 0 5.90000 -16.92500 84.86714 0.11907 -13
1.69327 -0.15507 26.09748 0 4.65000 -51.97500 13.38815 0.19861 13
0.69597 -0.22885 27.02578 0 6.87500 -20.15000 22.36437 0.12482 13
-1.06934 -0.22231 50.95478 0 6.70000 31.77500 35.24933 0.14911 13
-0.31346 0.04707 17.94720 0 -1.40000 10.95000 17.12722 0.10564 -13
-0.43802 -0.17317 74.19218 0 5.22500 13.72500 68.11836 0.11132 -13
-0.77678 -0.22380 70.26212 0 6.75000 23.22500 55.99297 0.12949 13
1.69093 -0.04643 10.65052 0 1.50000 -51.17500 5.42589 0.19792 -13
-0.18384 -0.03499 70.33736 0 1.05000 6.15000 69.17938 0.10245 13
0.56146 -0.12618 25.99617 0 3.82500 -14.82500 22.71021 0.11620 -13
-0.36693 -0.01748 51.50446 0 0.52500 7.25000 48.35322 0.10728 13
0.31624 -0.11864 56.04599 0 3.60000 -7.92500 53.47138 0.10630 -13
-0.61743 -0.03920 90.11350 0 1.17500 19.70000 76.69172 0.11841 13
-0.10731 -0.19195 38.63382 0 5.77500 2.77500 38.42109 0.10311 13
1.87494 0.06554 99.69807 0 -2.00000 -58.12500 46.99611 0.21410 13
-1.99767 0.13135 20.46558 0 -4.02500 60.60000 9.22414 0.22540 13
-2.05096 -0.26836 20.46558 0 8.05000 62.15000 9.22414 0.23122 13
1.22523 -0.08908 50.34182 0 2.67500 -39.32500 31.90731 0.15951 13
1.29373 -0.18037 2.90490 0 5.17500 -39.05000 1.79383 0.16557 13
-0.23438 -0.10578 32.79509 0 3.17500 8.07500 31.93899 0.10398 13
-0.53761 -0.12805 1.21212 0 4.35000 12.90000 1.06930 0.11578 -13
1.55154 0.01626 15.45474 0 -0.42500 -49.92500 8.37297 0.18591 -13
1.73611 -0.05319 22.52711 0 1.65000 -52.62500 11.25565 0.20185 -13
-0.29762 -0.03898 9.80672 0 1.22500 9.42500 9.39983 0.10515 -13
-1.05922 -0.04804 60.35742 0 1.42500 32.55000 41.45996 0.14677 13
0.73159 0.11472 80.11102 0 -3.47500 -21.00000 64.80231 0.12531 13
-1.54050 0.02209 31.95252 0 -0.70000 46.35000 17.40020 0.18497 13
-0.10084 -0.18341 24.06229 0 5.55000 2.75000 23.94483 0.10290 -13
0.43666 0.06489 23.85028 0 -1.97500 -14.90000 21.86457 0.11008 13
0.34696 0.06961 15.06017 0 -2.12500 -9.35000 14.23189 0.10683 13
1.23453 0.10929 68.04103 0 -3.30000 -41.45000 42.98070 0.16037 13
0.83181 -0.23696 50.05989 0 7.12500 -24.72500 38.91109 0.13313 13
-1.07553 -0.13962 48.02441 0 4.20000 31.90000 32.87072 0.14855 13
0.08160 0.02669 30.57278 0 -0.82500 -3.67500 30.47159 0.10108 13
0.54183 -0.10957 92.09625 0 3.30000 -14.85000 81.08294 0.11507 -13
1.34759 0.06663 25.61550 0 -2.05000 -37.37500 15.28686 0.16913 13
1.73203 -0.24878 61.77696 0 7.52500 -51.75000 31.58322 0.20301 -13
0.06273 0.05040 40.92755 0 -1.50000 -2.30000 40.84743 0.10103 -13
-1.35471 -0.06726 85.39818 0 2.05000 41.72500 50.79095 0.16971 -13
-0.02349 -0.17685 49.81796 0 5.32500 -0.25000 49.80459 0.10228 13
0.31555 -0.20831 65.22819 0 6.30000 -5.97500 62.32200 0.10767 -13
-1.20096 -0.09112 91.55168 0 2.75000 35.62500 58.72444 0.15764 13
0.42586 -0.24901 80.70963 0 7.50000 -14.22500 74.59157 0.11228 13
-0.15517 -0.03849 99.59750 0 1.17500 5.07500 98.42132 0.10198 -13
-1.98147 -0.00198 50.97755 0 0.07500 60.52500 22.96814 0.22351 -13
-0.66097 -0.13247 45.12887 0 3.97500 19.80000 37.74715 0.12144 13
-0.90008 -0.15362 6.57583 0 4.52500 27.90000 4.91289 0.13632 13
0.05728 0.00711 13.14773 0 -0.25000 -0.20000 13.12622 0.10087 13
-1.42983 0.06869 77.45603 0 -2.07500 45.62500 44.46283 0.17584 13
-0.45220 -0.17940 61.70883 0 5.40000 15.22500 56.37639 0.11198 13
0.38970 0.07389 27.01742 0 -2.25000 -12.82500 25.18241 0.10834 13
2.13766 0.12098 81.59948 0 -3.62500 -64.67500 34.78184 0.23796 -13
0.58383 -0.11891 22.45354 0 3.55000 -15.62500 19.42517 0.11721 13
-0.39572 -0.07845 71.91591 0 2.35000 10.37500 66.89814 0.10859 13
-0.28167 0.06551 25.73727 0 -2.00000 6.80000 24.77717 0.10483 13
-0.23884 0.13455 89.90621 0 -4.05000 4.75000 87.48881 0.10441 -13
-0.24486 -0.26488 89.90621 0 8.00000 4.92500 87.48881 0.10706 -13
1.67189 0.06494 14.31083 0 -1.90000 -51.17500 7.35744 0.19627 -13
-0.03972 -0.14837 35.30095 0 4.50000 1.35000 35.27372 0.10189 -13
1.60032 -0.13924 43.07419 0 4.22500 -49.70000 22.98398 0.19057 -13
-0.98513 -0.16689 59.74134 0 5.05000 29.02500 42.84546 0.14236 -13
-1.86887 -0.12850 68.72607 0 3.87500 59.25000 32.63056 0.21383 13
-0.37229 -0.05952 51.68776 0 1.77500 11.37500 48.45017 0.10762 13
0.30808 -0.13662 58.16346 0 4.12500 -10.90000 55.62952 0.10628 -13
-0.66741 -0.16677 83.67376 0 5.02500 21.30000 69.88934 0.12223 -13
0.36685 0.05469 37.05931 0 -1.62500 -9.30000 34.79811 0.10741 -13
0.73508 0.06736 16.64095 0 -2.00000 -23.22500 13.41882 0.12516 -13
-0.25832 0.04635 9.82345 0 -1.45000 7.87500 9.51184 0.10413 13
-0.67616 -0.12455 63.32979 0 3.77500 20.32500 52.58889 0.12222 -13
0.02553 -0.15766 48.20751 0 4.77500 -1.67500 48.19219 0.10199 -13
-0.59726 -0.01161 83.63202 0 0.35000 21.20000 71.80213 0.11730 -13
-1.06695 -0.07840 18.07470 0 2.40000 32.15000 12.38033 0.14749 -13
0.40525 0.00413 3.22984 0 0.05000 -12.07500 2.99348 0.10871 -13
1.21584 -0.12908 60.33699 0 3.90000 -37.92500 38.51618 0.15908 -13
-0.75917 -0.22562 25.20761 0 6.82500 23.60000 20.25733 0.12848 -13
1.00482 -0.15268 29.32475 0 4.57500 -30.75000 20.80497 0.14357 13
0.02806 -0.03043 1.58292 0 0.60000 -0.37500 1.58231 0.10099 13
0.07157 0.14615 85.34533 0 -4.40000 -3.77500 85.13214 0.10203 -13
0.07304 -0.25275 85.34533 0 7.62500 -3.82500 85.13214 0.10414 -13
-1.04606 -0.20828 61.49445 0 6.30000 31.60000 42.96364 0.14725 -13
0.43304 0.10276 52.22782 0 -3.10000 -11.22500 47.96667 0.11023 13
-2.05889 -0.23331 13.46167 0 7.12500 61.85000 6.00845 0.23184 -13
0.73768 0.03647 64.70206 0 -1.10000 -24.20000 52.08003 0.12520 13
0.25525 0.09797 5.54561 0 -3.05000 -6.25000 5.37493 0.10445 13
-0.98863 -0.15791 76.64586 0 4.75000 29.17500 54.83667 0.14250 13
-1.42506 -0.22279 59.21992 0 6.70000 44.05000 34.56897 0.17672 13
0.37422 -0.05259 48.10906 0 1.60000 -10.27500 45.06503 0.10766 -13
-1.22029 0.01760 37.43223 0 -0.55000 36.25000 23.72750 0.15890 13
0.13922 0.06233 47.20375 0 -1.87500 -5.40000 46.75462 0.10186 -13
0.43321 -0.24501 58.78583 0 7.40000 -15.77500 54.18454 0.11249 -13
-0.00481 -0.17196 13.45154 0 5.22500 -1.05000 13.45138 0.10221 -13
-1.18003 -0.00107 27.45899 0 -0.00000 34.47500 17.75275 0.15576 13
1.49607 -0.20504 24.93000 0 6.22500 -44.55000 14.05160 0.18243 -13
0.42450 -0.07962 17.54238 0 2.37500 -12.32500 16.15523 0.10969 13
-0.02026 -0.12114 88.46007 0 3.65000 2.52500 88.44218 0.10146 13
1.40855 -0.08758 80.17991 0 2.65000 -43.17500 46.53387 0.17418 -13
-0.23073 0.04774 55.88284 0 -1.42500 6.35000 54.45528 0.10346 -13
-0.00662 -0.10640 10.42632 0 3.15000 -2.57500 10.42610 0.10126 13
