0.84782 0.02966 56.68520 0 -0.87500 -26.67500 43.24531 0.13206 -13
-1.78535 0.11806 57.48277 0 -3.55000 53.70000 28.23895 0.20639 -13
-0.06611 -0.14684 5.03971 0 4.32500 2.67500 5.02898 0.10198 13
0.90279 -0.17028 61.05078 0 5.12500 -26.37500 45.60538 0.13674 13
0.88791 -0.03673 3.12163 0 1.32500 -26.57500 2.33472 0.13485 -13
-0.68513 0.14601 76.39420 0 -4.40000 20.70000 63.23318 0.12296 13
-0.69927 -0.25292 76.39420 0 7.62500 21.12500 63.23318 0.12548 13
0.10053 -0.13509 12.34789 0 4.12500 -1.00000 12.28714 0.10214 -13
0.59521 -0.20119 4.49919 0 6.20000 -17.05000 3.88619 0.11906 -13
-0.23934 -0.14952 9.72248 0 4.45000 8.25000 9.46107 0.10462 13
0.62741 -0.08921 98.84443 0 2.67500 -20.75000 83.82229 0.11922 13
0.01370 0.00333 34.64344 0 -0.07500 1.87500 34.64019 0.10071 -13
-0.69498 0.02976 82.97640 0 -0.90000 22.65000 68.14708 0.12267 -13
-1.70856 -0.20856 61.37230 0 6.27500 51.47500 31.49371 0.20044 13
0.53235 0.00231 83.54185 0 -0.07500 -16.62500 73.74336 0.11408 13
-0.38084 -0.03382 27.25286 0 1.00000 11.00000 25.47041 0.10781 13
-0.99936 0.03180 3.23681 0 -1.17500 29.87500 2.29000 0.14252 13
0.11252 -0.17636 27.83642 0 5.35000 -3.32500 27.66706 0.10289 -13
-1.74069 0.01819 96.45356 0 -0.55000 51.80000 48.05301 0.20217 -13
-0.32412 -0.03363 55.73181 0 1.00000 11.42500 53.01945 0.10591 13
1.81773 -0.19963 33.25452 0 6.05000 -54.67500 16.27024 0.20994 -13
-0.28713 0.14162 29.55750 0 -4.30000 8.15000 28.43069 0.10575 13
-0.29355 -0.25751 29.55750 0 7.75000 8.35000 28.43069 0.10810 13
-0.66003 -0.05336 77.03335 0 1.60000 19.60000 64.31957 0.12078 13
0.40260 -0.01912 50.42254 0 0.57500 -11.15000 46.77522 0.10857 13
0.37773 -0.17622 99.42560 0 5.30000 -15.27500 93.18689 0.10910 13
-1.76048 -0.05861 65.51477 0 1.75000 53.77500 32.40031 0.20397 13
-1.71331 0.04515 44.35986 0 -1.37500 52.80000 22.37846 0.19983 13
1.36705 -0.12377 56.32966 0 3.75000 -40.72500 33.42171 0.17103 -13
0.64616 0.02726 9.12035 0 -0.75000 -20.45000 7.66105 0.11993 -13
-0.07610 -0.17571 11.04644 0 5.25000 -0.47500 11.01560 0.10251 13
0.44914 -0.04383 81.15724 0 1.32500 -12.05000 74.04485 0.11048 13
-0.93791 -0.01648 63.04997 0 0.50000 26.90000 45.99093 0.13808 13
-0.12981 0.08694 72.05082 0 -2.62500 3.87500 71.45581 0.10193 13
-0.54496 -0.21531 53.89745 0 6.50000 16.65000 47.56790 0.11672 -13
-0.46111 -0.04194 68.74759 0 1.25000 16.05000 62.43981 0.11097 13
1.50240 -0.21696 3.48673 0 6.27500 -44.25000 1.96223 0.18287 13
0.55114 -0.21887 85.60636 0 6.60000 -17.97500 75.37633 0.11708 13
-1.60527 0.00044 11.00423 0 0.07500 47.75000 5.81848 0.19046 -13
-0.88709 -0.14394 14.56394 0 4.30000 27.62500 10.94425 0.13536 13
0.97811 -0.03512 11.10390 0 1.00000 -27.52500 7.94011 0.14091 13
-0.67919 -0.15037 19.65391 0 4.57500 23.05000 16.31581 0.12269 -13
-0.05634 0.11134 9.17730 0 -3.40000 -0.52500 9.16296 0.10151 13
0.09568 -0.24510 37.45243 0 7.40000 -2.75000 37.29176 0.10414 -13
0.11026 -0.04323 82.54501 0 1.30000 -1.80000 82.04869 0.10141 -13
2.02839 -0.18058 34.39956 0 5.47500 -60.85000 15.40702 0.22852 -13
0.23110 0.01199 66.23917 0 -0.35000 -4.82500 64.53857 0.10336 -13
1.42393 -0.15496 65.14468 0 4.65000 -44.10000 37.73895 0.17590 13
-0.02699 -0.15227 3.08477 0 4.42500 0.60000 3.08367 0.10188 13
1.91120 -0.11855 21.49825 0 3.52500 -59.12500 10.02091 0.21752 13
-0.35655 -0.05018 35.83176 0 1.52500 11.60000 33.75538 0.10703 -13
1.57609 -0.13456 4.96703 0 3.87500 -48.22500 2.67816 0.18836 13
-0.09153 0.13064 4.96703 0 4.47500 -48.22500 2.67816 0.19302 13
-0.14835 -0.08286 9.45098 0 2.55000 4.87500 9.34949 0.10216 -13
-0.71006 0.01527 69.26052 0 -0.47500 17.87500 56.47403 0.12352 13
-0.06926 0.04066 35.23652 0 -1.20000 2.87500 35.15246 0.10103 -13
0.54814 -0.22826 65.55580 0 6.90000 -17.55000 57.81786 0.11712 -13
-2.01505 -0.10843 97.24051 0 3.27500 62.62500 43.43050 0.22680 -13
0.26743 -0.02459 99.23939 0 0.75000 -8.90000 95.87218 0.10427 -13
-0.03838 -0.07218 69.85180 0 2.17500 0.47500 69.80066 0.10104 -13
-0.51463 0.13442 98.41747 0 -4.05000 18.30000 87.67212 0.11406 -13
-0.52765 -0.26503 98.41747 0 8.00000 18.70000 87.67212 0.11696 -13
-1.00189 0.11418 55.05589 0 -3.45000 30.97500 39.01941 0.14302 13
-1.57380 -0.15773 63.09744 0 4.75000 45.65000 34.13526 0.18843 13
0.28491 0.08960 20.65058 0 -2.72500 -7.85000 19.86609 0.10511 13
-0.03228 0.03316 58.75553 0 -1.00000 1.02500 58.72497 0.10081 -13
1.91318 0.00979 73.75156 0 -0.27500 -56.05000 34.16550 0.21740 -13
-0.00437 -0.17738 54.84832 0 5.35000 1.32500 54.84781 0.10228 13
-0.60377 -0.23839 48.28984 0 7.17500 17.25000 41.63957 0.12005 13
0.91713 -0.11256 42.80110 0 3.37500 -28.62500 31.63406 0.13711 13
0.09280 -0.23797 58.94669 0 7.17500 -1.85000 58.70793 0.10393 13
0.49250 0.07686 45.55473 0 -2.32500 -16.67500 40.89072 0.11252 13
-1.25085 -0.17012 24.25210 0 5.17500 36.02500 15.27555 0.16221 -13
1.37460 -0.06584 83.97194 0 1.97500 -41.95000 49.46857 0.17130 13
-0.59434 0.14496 71.68174 0 -4.37500 18.32500 61.78603 0.11806 13
-0.60687 -0.25401 71.68174 0 7.65000 18.70000 61.78603 0.12053 13
1.05896 -0.19563 94.24279 0 5.90000 -31.22500 65.34462 0.14799 13
-0.29733 -0.24252 98.12316 0 7.30000 7.52500 94.26693 0.10786 13
0.28731 -0.08510 27.44166 0 2.55000 -9.80000 26.38210 0.10512 13
-1.30468 0.12196 59.52133 0 -3.67500 36.45000 36.37719 0.16597 -13
-1.34425 -0.27817 59.52133 0 8.40000 37.67500 36.37719 0.17104 -13
-1.02291 -0.11165 44.57311 0 3.37500 32.12500 31.25762 0.14450 -13
0.94495 0.05703 20.30626 0 -1.75000 -30.15000 14.77078 0.13868 13
0.39435 -0.23983 85.57028 0 7.22500 -13.90000 79.89706 0.11090 13
-0.07838 0.05690 79.94113 0 -1.70000 1.57500 79.69752 0.10117 -13
-0.51420 -0.23475 12.71867 0 7.12500 11.47500 11.37318 0.11572 -13
0.66405 0.07081 69.49147 0 -2.15000 -18.72500 57.93457 0.12109 13
-1.58521 0.12413 10.03077 0 -3.65000 47.15000 5.38123 0.18909 -13
-1.63207 -0.27570 10.03077 0 8.42500 48.62500 5.38123 0.19489 -13
0.45853 0.06072 86.60546 0 -1.82500 -14.12500 78.74896 0.11096 -13
0.24183 0.03639 21.49081 0 -1.12500 -7.20000 20.88946 0.10367 13
-1.87279 0.14284 20.96382 0 -4.25000 55.87500 9.95142 0.21425 -13
-1.91376 -0.25603 20.96382 0 7.77500 57.15000 9.95142 0.21909 -13
-0.85611 0.11545 8.13239 0 -3.55000 25.55000 6.19341 0.13315 13
0.57345 -0.08791 66.61257 0 2.65000 -17.37500 57.84109 0.11642 -13
-1.40072 -0.13977 81.89327 0 4.20000 40.97500 47.88794 0.17388 13
-1.62325 0.01255 69.32177 0 -0.37500 50.77500 36.36175 0.19199 -13
-1.77854 -0.12456 76.41320 0 3.77500 54.85000 37.66881 0.20587 -13
0.32737 -0.12179 89.77162 0 3.67500 -10.75000 85.37672 0.10667 13
-0.02392 -1.26928 89.77162 0 3.70000 -10.90000 85.37672 0.11568 13
-1.90772 -0.12637 1.10763 0 2.87500 55.35000 0.51718 0.21766 13
-0.64982 -0.15784 34.55361 0 4.77500 20.37500 29.07920 0.12115 -13
-0.34018 0.11743 68.39647 0 -3.55000 7.37500 64.79788 0.10703 13
0.92040 0.06679 93.43872 0 -2.00000 -28.30000 68.82039 0.13703 -13
-0.91175 0.12093 12.42964 0 -3.60000 29.95000 9.21531 0.13680 -13
-0.93972 -0.27921 12.42964 0 8.47500 30.82500 9.21531 0.14109 -13
-0.66446 -0.07397 18.81827 0 2.20000 18.55000 15.68665 0.12113 13
0.16002 -0.02882 54.07289 0 0.85000 -3.70000 53.39418 0.10202 13
-0.13696 -0.10955 36.71515 0 3.32500 2.00000 36.37956 0.10224 -13
0.13368 0.02746 45.12828 0 -0.85000 -4.15000 44.73064 0.10164 13
-0.53839 0.14816 20.88824 0 -4.50000 15.37500 18.43649 0.11535 13
-0.54903 -0.25067 20.88824 0 7.52500 15.70000 18.43649 0.11760 13
0.14788 0.09333 62.46892 0 -2.82500 -7.30000 61.80268 0.10224 13
1.29229 0.10216 17.22681 0 -3.02500 -38.07500 10.57741 0.16484 -13
-0.47070 -0.15187 95.90743 0 4.57500 14.92500 86.95319 0.11235 -13
0.83082 -0.16742 62.66198 0 5.05000 -26.95000 48.46823 0.13201 -13
-1.31558 -0.01397 58.50754 0 0.40000 38.77500 35.40778 0.16642 13
-0.94431 -0.09257 79.59343 0 2.77500 28.95000 57.98552 0.13881 13
0.66495 -0.20343 15.06335 0 6.10000 -16.77500 12.62014 0.12264 13
-0.22394 -0.06213 72.95506 0 1.87500 7.50000 71.19828 0.10339 -13
-0.83663 0.12112 63.23828 0 -3.65000 25.30000 48.64696 0.13186 -13
-0.86228 -0.27907 63.23828 0 8.42500 26.07500 48.64696 0.13592 -13
1.33143 -0.23084 31.61125 0 6.92500 -39.82500 19.29940 0.16925 13
-0.13397 -0.20519 58.88010 0 6.20000 3.67500 58.37947 0.10369 -13
1.15443 0.08821 65.51117 0 -2.65000 -37.35000 42.98836 0.15405 -13
-0.35887 -0.10316 70.03319 0 3.12500 11.72500 65.95674 0.10750 -13
1.24135 -0.24469 45.55220 0 7.40000 -35.00000 29.07908 0.16243 -13
0.32239 0.10716 27.69217 0 -3.25000 -12.52500 26.37053 0.10636 13
0.86975 -0.06038 22.80295 0 1.80000 -24.87500 17.21808 0.13360 13
-1.69596 -0.16264 97.74389 0 4.92500 49.85000 50.12716 0.19895 -13
-0.45180 -0.07797 48.30718 0 2.37500 15.00000 44.04545 0.11079 -13
-1.22456 0.13376 34.94092 0 -4.05000 36.82500 22.21800 0.15980 13
-1.25594 -0.26573 34.94092 0 8.00000 37.75000 22.21800 0.16384 13
-0.92205 -0.01355 43.07573 0 0.40000 29.00000 31.66982 0.13699 13
-0.48973 -0.17654 64.22359 0 5.32500 16.25000 57.84758 0.11353 13
1.58891 0.07475 62.78615 0 -2.25000 -47.70000 33.50994 0.18920 -13
-0.45786 0.11992 89.41263 0 -3.60000 15.00000 81.39642 0.11142 -13
-0.47213 -0.28034 89.41263 0 8.47500 15.42500 81.39642 0.11490 -13
-1.09858 -0.18169 47.81296 0 5.50000 35.22500 32.46990 0.15072 -13
-0.50664 -0.11698 18.79696 0 3.50000 14.35000 16.79113 0.11349 13
-1.40431 -0.08992 40.03812 0 2.72500 44.35000 23.28661 0.17385 -13
-0.91779 -0.24762 22.25091 0 7.50000 25.02500 16.61437 0.13898 -13
0.23266 0.02267 58.04124 0 -0.70000 -5.32500 56.53204 0.10342 13
0.48964 -0.17518 51.45476 0 5.27500 -15.27500 46.34598 0.11350 13
-0.59343 -0.03235 61.50927 0 0.97500 17.00000 52.90352 0.11714 13
0.01812 0.04098 54.62714 0 -1.25000 -1.60000 54.61820 0.10080 13
0.40443 0.05070 47.21053 0 -1.55000 -11.32500 43.77479 0.10875 13
0.49444 -0.15001 65.20806 0 4.52500 -15.10000 58.58015 0.11335 13
0.21017 -0.05143 50.50011 0 1.55000 -8.72500 49.42310 0.10303 13
0.13893 -0.11690 78.95634 0 3.52500 -5.40000 78.21518 0.10236 -13
-1.95770 -0.05467 52.31229 0 1.67500 58.90000 23.82455 0.22146 -13
1.81689 -0.23700 47.61452 0 7.12500 -51.80000 23.44214 0.21019 13
-1.48073 -0.03298 12.97178 0 1.05000 44.05000 7.26238 0.17999 -13
-1.29345 -0.01106 40.71090 0 0.32500 39.25000 24.90176 0.16464 13
0.76140 0.03698 13.72885 0 -1.07500 -19.27500 10.92525 0.12656 -13
0.31709 0.14812 21.05410 0 -4.50000 -8.87500 20.08916 0.10671 13
0.32343 -0.25072 21.05410 0 7.55000 -9.05000 20.08916 0.10879 13
-0.21141 -0.15952 83.94910 0 4.82500 4.97500 82.17730 0.10418 -13
0.40463 -0.21243 6.29516 0 6.32500 -11.87500 5.85362 0.11066 13
1.28798 0.09370 53.98777 0 -2.82500 -37.92500 33.19892 0.16447 -13
-0.26718 0.01841 40.09407 0 -0.57500 6.42500 38.73575 0.10425 13
-0.54333 -0.01044 99.29419 0 0.30000 15.25000 87.24883 0.11461 13
1.64326 -0.13996 69.98953 0 4.22500 -48.82500 36.64233 0.19424 -13
-0.39358 0.12278 93.62642 0 -3.70000 13.55000 87.20866 0.10892 -13
-0.40540 -0.27733 93.62642 0 8.37500 13.92500 87.20866 0.11220 -13
-1.14151 -0.04351 74.78296 0 1.30000 33.65000 49.30548 0.15288 13
0.18537 0.02766 28.16282 0 -0.82500 -7.50000 27.69139 0.10246 -13
0.02732 -0.13459 8.88660 0 4.00000 -0.82500 8.88337 0.10163 13
-1.06379 -0.21525 3.48836 0 6.27500 32.52500 2.41813 0.14845 13
-2.04984 -0.22842 71.13201 0 6.90000 60.22500 31.83142 0.23086 -13
-0.39912 -0.05940 1.83105 0 1.50000 12.40000 1.70133 0.10869 13
1.71275 -0.06451 57.46294 0 1.92500 -51.67500 29.01851 0.19982 13
0.16203 -0.23048 65.48147 0 6.95000 -2.37500 64.68016 0.10462 13
0.13693 -0.22374 88.45058 0 6.75000 -5.40000 87.67139 0.10411 -13
1.65844 -0.16929 97.36830 0 5.10000 -51.75000 50.79857 0.19575 13
-0.24343 -0.06987 56.32045 0 2.10000 2.55000 54.73002 0.10388 13
0.14492 0.02255 9.65428 0 -0.62500 -5.20000 9.55450 0.10178 -13
-1.02642 0.02790 86.11402 0 -0.85000 30.02500 60.10455 0.14434 13
-0.30962 -0.08798 83.90869 0 2.65000 11.12500 80.18142 0.10579 13
-0.03276 -0.11240 19.19166 0 3.37500 1.90000 19.18151 0.10138 13
-0.93276 -0.11556 72.82949 0 3.50000 27.10000 53.42168 0.13821 -13
1.58805 -0.06343 18.58592 0 1.95000 -48.22500 9.91846 0.18911 -13
0.04717 -0.22286 88.78017 0 6.72500 -4.15000 88.68618 0.10328 13
-0.32593 -0.13245 12.54479 0 3.95000 9.37500 11.93714 0.10674 13
-0.13111 -0.16486 52.90668 0 4.97500 2.97500 52.46942 0.10291 13
-0.74037 0.13545 6.50958 0 -4.17500 20.87500 5.24736 0.12614 13
-0.75878 -0.26408 6.50958 0 7.85000 21.40000 5.24736 0.12911 13
-1.55653 0.15728 3.15289 0 -4.45000 45.60000 1.71878 0.18683 -13
-1.58128 -0.24086 3.15289 0 7.57500 46.55000 1.71878 0.19058 -13
0.62165 -0.10040 65.56087 0 3.02500 -19.52500 55.75670 0.11900 13
-1.48715 -0.02566 52.67811 0 0.80000 45.67500 29.40098 0.18049 -13
-0.81729 0.10852 80.72901 0 -3.27500 29.92500 62.65384 0.13053 13
-1.35633 -0.09458 85.66028 0 2.85000 41.22500 50.97894 0.16996 13
-0.33250 -0.06338 56.22286 0 1.92500 8.45000 53.36174 0.10632 -13
-0.72261 0.09891 14.49819 0 -3.02500 21.20000 11.77113 0.12466 13
-0.92394 0.13799 26.30691 0 -4.12500 27.82500 19.40598 0.13779 -13
-0.94597 -0.26124 26.30691 0 7.90000 28.50000 19.40598 0.14112 -13
-0.04134 -0.02370 91.37688 0 0.72500 0.95000 91.29894 0.10082 -13
0.96427 -0.02222 74.87798 0 0.67500 -28.05000 53.90736 0.13991 -13
-0.85237 0.01972 95.46588 0 -0.60000 27.67500 72.65990 0.13234 -13
0.84293 -0.06888 35.60259 0 2.05000 -24.65000 27.24863 0.13188 13
-1.10737 0.13476 19.92438 0 -4.02500 35.70000 13.41999 0.15084 -13
-1.13523 -0.26462 19.92438 0 8.02500 36.55000 13.41999 0.15471 -13
-0.77214 -0.19673 29.76624 0 5.92500 24.07500 23.72593 0.12875 13
0.78360 -0.06771 46.61069 0 2.02500 -25.92500 36.72052 0.12812 13
0.26932 0.14588 61.55303 0 -4.40000 -6.45000 59.47729 0.10532 -13
0.27491 -0.25304 61.55303 0 7.65000 -6.62500 59.47729 0.10751 -13
-1.98051 -0.01243 21.53895 0 0.42500 58.10000 9.70882 0.22344 -13
0.11512 -0.18831 57.96481 0 5.67500 -4.87500 57.59746 0.10312 13
-0.02099 0.06391 14.61458 0 -1.90000 -0.55000 14.61137 0.10093 -13
1.12770 -0.05896 26.88590 0 1.75000 -34.52500 17.85543 0.15189 13
-1.12463 -0.01290 59.65153 0 0.37500 34.20000 39.63949 0.15156 13
-1.42744 0.09252 21.06124 0 -2.75000 42.12500 12.11888 0.17574 -13
0.91946 0.12386 30.15688 0 -3.72500 -30.12500 22.27678 0.13735 -13
0.94665 -0.27614 30.15688 0 8.35000 -30.95000 22.27678 0.14146 -13
-0.08797 0.03496 99.84677 0 -1.05000 1.40000 99.46311 0.10115 13
-0.13855 -0.06169 24.30141 0 1.85000 4.40000 24.07231 0.10185 13
-0.01305 0.06611 16.58818 0 -1.97500 0.90000 16.58677 0.10092 -13
-0.54123 -0.22173 55.31706 0 6.67500 17.30000 48.90878 0.11666 13
-0.39269 -0.15449 28.51865 0 4.65000 11.87500 26.58662 0.10929 13
-1.14836 0.07445 99.03440 0 -2.25000 36.05000 65.13891 0.15353 13
1.03726 -0.22424 6.48920 0 6.65000 -31.07500 4.56051 0.14674 13
-0.61972 -0.09532 53.88861 0 2.87500 20.50000 45.86321 0.11886 13
-0.07922 0.00694 77.82937 0 -0.22500 0.97500 77.58628 0.10102 13
-0.64275 -0.12682 64.14045 0 3.82500 16.72500 54.08171 0.12039 13
0.01296 -0.12140 37.27471 0 3.65000 0.42500 37.27159 0.10145 13
-1.18869 -0.10717 52.03057 0 3.25000 37.40000 33.60583 0.15682 -13
0.41301 -0.12361 15.96387 0 3.75000 -13.45000 14.77089 0.10968 -13
-0.00417 -0.12453 36.15045 0 3.75000 1.27500 36.15014 0.10148 13
-0.36768 -0.17209 95.74688 0 5.17500 12.37500 90.01922 0.10868 13
-0.81068 -0.04219 16.81310 0 1.22500 25.60000 13.06519 0.12970 13
0.03674 -0.19125 7.87079 0 5.82500 0.12500 7.86565 0.10265 -13
-0.65371 0.07584 64.42662 0 -2.27500 18.27500 53.97288 0.12055 -13
0.00141 0.07974 64.76109 0 -2.40000 0.10000 64.76102 0.10102 -13
-1.24792 0.11502 2.43547 0 -3.77500 37.42500 1.52854 0.16187 13
-1.28911 -0.28578 2.43547 0 8.30000 38.52500 1.52854 0.16656 13
-1.40524 -0.13293 37.74502 0 3.97500 41.27500 22.01249 0.17418 13
0.13598 -0.23261 95.79646 0 7.02500 -3.92500 94.96716 0.10429 13
-0.66549 -0.05450 5.53894 0 1.55000 17.87500 4.61308 0.12109 13
-1.21842 0.12078 84.70960 0 -3.65000 36.82500 53.97313 0.15921 13
-1.25595 -0.27946 84.70960 0 8.42500 37.95000 53.97313 0.16409 13
-0.65344 0.05447 86.09512 0 -1.62500 18.42500 72.10445 0.12042 -13
1.45695 -0.14506 38.48683 0 4.40000 -42.92500 21.93327 0.17857 -13
-0.41824 -0.21228 31.45723 0 6.37500 13.92500 29.11461 0.11122 13
0.19591 0.07755 64.01195 0 -2.35000 -7.32500 62.82473 0.10292 13
-0.54969 -0.08810 30.58134 0 2.65000 14.70000 26.82362 0.11525 13
-0.68247 -0.00952 43.85070 0 0.27500 19.05000 36.22037 0.12192 13
0.26976 0.01428 50.07381 0 -0.45000 -9.87500 48.34610 0.10431 13
-2.07156 -0.10827 68.57584 0 3.25000 62.02500 29.95263 0.23189 13
0.45744 -0.14749 61.51943 0 4.45000 -14.45000 56.04740 0.11173 -13
1.04070 0.03449 31.70186 0 -1.05000 -31.00000 21.97201 0.14539 13
1.80196 -0.23553 41.62146 0 7.12500 -54.62500 20.61522 0.20892 -13
-0.02381 0.07822 90.43104 0 -2.37500 -0.60000 90.40559 0.10104 13
-1.61017 -0.18742 72.50851 0 5.67500 48.55000 38.73228 0.19182 -13
-0.62827 -0.09827 86.56087 0 2.95000 16.17500 73.39465 0.11934 13
1.15642 -0.20617 11.81815 0 6.27500 -33.90000 7.82182 0.15543 -13
0.26596 0.10729 80.12839 0 -3.25000 -8.87500 77.46550 0.10477 13
-0.97411 -0.01081 64.34812 0 0.32500 29.12500 46.09524 0.14059 13
0.17417 -0.08660 88.92701 0 2.62500 -5.10000 87.61771 0.10259 -13
-0.78792 -0.06420 94.86486 0 1.95000 23.60000 74.57272 0.12837 -13
-1.89112 -0.12512 75.79360 0 3.75000 55.97500 35.64485 0.21579 13
0.49333 -0.03078 65.36207 0 0.92500 -14.00000 58.62257 0.11233 13
-0.30320 -0.10451 3.02993 0 3.32500 9.30000 2.90072 0.10589 -13
-0.66761 -0.00919 9.09647 0 0.35000 19.57500 7.56571 0.12110 -13
0.91787 -0.24063 76.16222 0 7.25000 -28.15000 56.82549 0.13883 13
0.43049 -0.05576 86.39964 0 1.67500 -12.07500 79.37796 0.10978 13
-0.83733 -0.19933 56.21698 0 6.02500 24.05000 43.44630 0.13288 -13
1.15187 -0.11530 48.74788 0 3.50000 -35.37500 32.07800 0.15405 -13
-1.10213 0.08662 76.30879 0 -2.62500 32.92500 51.38149 0.15012 13
0.49151 0.12539 90.42749 0 -3.77500 -14.35000 81.27705 0.11292 -13
0.50575 -0.27456 90.42749 0 8.30000 -14.77500 81.27705 0.11620 -13
0.47530 -0.08313 61.08343 0 2.52500 -14.30000 55.20341 0.11181 -13
-0.15428 -0.22495 9.43458 0 6.85000 7.15000 9.32944 0.10443 -13
0.98816 -0.01407 70.84147 0 0.42500 -32.45000 50.39243 0.14158 -13
-1.35616 0.08604 46.26341 0 -2.57500 41.25000 27.52159 0.16989 -13
-0.24523 -0.21343 34.82282 0 6.45000 7.40000 33.86261 0.10590 -13
-0.51399 -0.03183 96.53430 0 0.95000 13.50000 85.86624 0.11326 13
1.81084 -0.03059 45.81701 0 0.90000 -54.90000 22.15654 0.20833 13
-0.46571 -0.08354 10.44830 0 2.47500 14.45000 9.47743 0.11140 13
-0.29418 0.14248 49.13875 0 -4.27500 8.65000 47.17866 0.10594 -13
-0.30068 -0.25657 49.13875 0 7.75000 8.85000 47.17866 0.10829 -13
-0.92473 -0.11206 28.09466 0 3.40000 26.42500 20.68606 0.13764 -13
0.72730 -0.20958 15.63482 0 6.35000 -21.80000 12.73729 0.12633 -13
-0.91786 -0.17695 22.55297 0 5.37500 28.95000 16.73226 0.13786 -13
-0.41756 -0.08012 6.98666 0 2.35000 10.55000 6.45151 0.10940 13
0.45538 -0.00224 58.47182 0 0.05000 -14.65000 53.21410 0.11066 13
-0.88267 -0.24587 11.67093 0 7.35000 26.47500 8.86133 0.13652 13
1.01296 -0.24091 77.04412 0 7.25000 -30.82500 54.89476 0.14537 13
-0.34968 0.00493 49.16845 0 -0.15000 11.10000 46.41266 0.10668 -13
0.18571 -0.04811 49.04607 0 1.45000 -7.87500 48.22340 0.10254 13
0.30980 -0.24552 15.37610 0 7.37500 -8.75000 14.72415 0.10826 13
1.39738 0.08194 66.95641 0 -2.47500 -39.37500 39.05288 0.17324 13
0.08362 -0.07703 31.55414 0 2.35000 -3.00000 31.44506 0.10135 -13
1.03094 -0.01633 73.89177 0 0.47500 -29.25000 51.45069 0.14465 13
1.02215 -0.01526 77.23092 0 0.45000 -31.12500 54.01245 0.14401 13
0.31963 -0.13372 2.63842 0 3.82500 -9.92500 2.51517 0.10657 13
-0.04003 -0.19842 17.27151 0 6.02500 0.72500 17.25819 0.10276 -13
2.18798 0.05165 43.05745 0 -1.57500 -63.50000 17.91775 0.24232 13
-0.16537 0.08565 14.59207 0 -2.55000 5.27500 14.39803 0.10242 -13
0.50602 -0.07662 96.32331 0 2.30000 -15.70000 85.99724 0.11312 13
1.67579 -0.04678 56.10109 0 1.40000 -49.12500 28.77093 0.19657 13
1.47515 -0.15225 54.72981 0 4.57500 -43.67500 30.95052 0.18011 13
0.08521 -0.06571 18.00495 0 1.95000 -0.65000 17.94019 0.10128 13
0.04717 0.07620 93.91238 0 -2.30000 -3.57500 93.80872 0.10111 -13
-0.26256 0.05782 11.99895 0 -1.70000 9.45000 11.60675 0.10428 -13
0.15000 -0.16619 51.44319 0 5.02500 -4.90000 50.88912 0.10320 -13
-0.23068 -0.11984 51.94460 0 3.62500 7.12500 50.63338 0.10405 -13
-1.28369 -0.08451 54.97196 0 2.52500 38.47500 33.85679 0.16409 13
-1.77746 -0.04885 61.01031 0 1.45000 52.45000 29.94204 0.20543 13
-2.12564 5.69422 61.01031 0 1.50000 52.30000 29.94204 0.20525 13
0.33572 -1.02118 61.01031 0 0.20000 51.92500 29.94204 0.21855 13
-0.23616 0.98799 61.01031 0 1.32500 51.65000 29.94204 0.22370 13
13.58814 92.52266 61.01031 0 0.67500 52.55000 29.94204 0.23039 13
-0.54759 0.03852 27.22562 0 -1.15000 20.07500 23.88381 0.11488 -13
1.02383 -0.13330 39.03156 0 4.05000 -27.87500 27.39529 0.14476 -13
-0.58726 0.10237 3.78746 0 -2.95000 19.45000 3.27017 0.11723 -13
0.89813 -0.14142 77.08480 0 4.25000 -25.27500 57.60285 0.13610 13
-0.27446 0.10179 98.30374 0 -3.07500 8.42500 94.83197 0.10493 -13
-0.50848 -0.08479 75.10943 0 2.57500 14.57500 67.00016 0.11330 -13
-0.74586 -0.24005 43.84667 0 7.25000 19.85000 35.49445 0.12795 -13
0.61455 -0.24760 97.76740 0 7.47500 -16.90000 83.96284 0.12081 -13
0.90736 -0.22524 85.63839 0 6.80000 -27.72500 64.12446 0.13787 -13
0.79946 0.06619 23.04372 0 -1.97500 -24.47500 18.01413 0.12909 -13
-0.15475 0.14321 33.24832 0 -4.32500 1.82500 32.86495 0.10293 13
-0.15814 -0.25586 33.24832 0 7.70000 1.92500 32.86495 0.10515 13
-0.53883 -0.17791 45.98605 0 5.35000 15.27500 40.62360 0.11578 13
0.54340 0.13606 31.95202 0 -4.10000 -16.27500 28.13328 0.11542 -13
0.55679 -0.26329 31.95202 0 7.95000 -16.67500 28.13328 0.11829 -13
-0.30288 0.08559 95.00519 0 -2.57500 10.75000 90.95406 0.10557 -13
0.13730 -0.23498 83.49886 0 7.07500 -3.45000 82.76287 0.10436 13
0.30747 -0.14325 14.34291 0 4.35000 -8.65000 13.72136 0.10636 -13
0.38969 -0.16586 51.97353 0 5.00000 -12.75000 48.51224 0.10936 13
0.16923 -0.20263 44.97699 0 6.12500 -5.50000 44.37096 0.10416 -13
1.86621 -0.08187 91.12015 0 2.45000 -53.92500 43.14928 0.21336 13
1.68354 -0.01692 87.45282 0 0.50000 -51.37500 44.66557 0.19720 13
-0.69098 0.07292 88.34062 0 -2.20000 19.90000 72.74003 0.12263 13
1.29528 -0.07579 49.62588 0 2.27500 -36.80000 30.38083 0.16496 13
-0.18435 0.05829 74.69344 0 -1.75000 5.92500 73.45977 0.10257 -13
1.95784 0.03324 99.39833 0 -1.00000 -60.50000 45.23322 0.22141 -13
0.00653 -0.01574 56.24117 0 0.47500 -0.52500 56.23997 0.10072 -13
0.01971 0.11276 65.80704 0 -3.40000 -0.92500 65.79442 0.10136 -13
1.02764 -0.15193 56.01943 0 4.60000 -31.22500 39.29671 0.14521 -13
0.57654 0.03504 72.77828 0 -1.05000 -18.10000 63.05931 0.11630 -13
0.60412 -0.23965 78.78384 0 7.22500 -17.77500 67.92880 0.12011 -13
-0.25705 -0.03912 39.86971 0 1.17500 6.60000 38.61619 0.10405 13
0.38478 -0.08798 49.14191 0 2.67500 -12.75000 45.88656 0.10827 -13
0.10467 0.01318 43.95533 0 -0.37500 -4.32500 43.71654 0.10127 -13
-2.05793 0.09900 42.98270 0 -3.02500 61.17500 18.86093 0.23064 13
-0.55857 0.04148 50.71973 0 -1.25000 17.30000 44.28974 0.11542 -13
0.97712 -0.04960 94.93840 0 1.50000 -30.67500 67.94472 0.14088 13
0.18998 -0.08556 62.74426 0 2.60000 -5.17500 61.64960 0.10287 -13
0.70107 -0.02032 29.04576 0 0.60000 -18.17500 23.78488 0.12300 13
-0.66508 -0.23424 25.11255 0 7.10000 19.62500 21.07911 0.12324 -13
-0.31525 -0.23766 53.22890 0 7.15000 8.75000 50.88917 0.10827 13
-1.66101 -0.14686 42.15241 0 4.45000 49.50000 21.91126 0.19583 -13
-1.07887 0.07772 87.45940 0 -2.32500 30.12500 59.55042 0.14834 -13
1.99377 -0.05821 30.64724 0 1.80000 -63.72500 13.75861 0.22472 -13
-0.74588 -0.02219 19.08012 0 0.70000 23.05000 15.29560 0.12566 -13
-0.18975 -0.05466 18.50926 0 1.62500 6.47500 18.18573 0.10264 13
-0.13589 -0.20259 40.20520 0 6.10000 3.87500 39.85321 0.10365 13
0.06146 0.04323 60.95945 0 -1.32500 0.35000 60.84485 0.10099 13
1.54724 -0.09308 31.27362 0 2.82500 -49.00000 17.02717 0.18578 -13
0.93545 0.08586 42.91431 0 -2.60000 -28.42500 31.39324 0.13817 13
1.53233 -0.04639 13.27090 0 1.32500 -45.12500 7.25915 0.18429 13
-0.13378 -0.04901 47.37192 0 1.50000 2.40000 46.95461 0.10172 -13
-0.10260 0.14545 59.65081 0 -4.40000 3.30000 59.34549 0.10229 13
-0.10475 -0.25349 59.65081 0 7.65000 3.37500 59.34549 0.10441 13
0.59239 -0.16812 90.20858 0 5.07500 -17.12500 77.89129 0.11826 13
1.01883 -0.24312 10.68883 0 7.27500 -30.17500 7.59595 0.14577 13
1.80144 0.12007 19.50777 0 -3.57500 -55.82500 9.51964 0.20781 -13
1.85726 -0.27999 19.50777 0 8.50000 -57.50000 9.51964 0.21418 -13
-0.77953 0.01192 65.44767 0 -0.37500 22.15000 51.61870 0.12769 13
-1.92437 -0.08434 87.54710 0 2.55000 59.00000 40.48122 0.21857 -13
1.74857 0.01526 27.46279 0 -0.50000 -53.45000 13.63486 0.20286 13
-1.10542 0.06588 26.65544 0 -2.02500 33.97500 17.90363 0.15026 13
1.28970 0.00664 31.55079 0 -0.22500 -36.50000 19.33323 0.16435 13
0.08967 0.01430 71.17361 0 -0.42500 -0.57500 70.88923 0.10112 -13
-1.05535 0.00450 61.80450 0 -0.15000 32.52500 42.51042 0.14640 13
-1.20083 -0.07627 39.04929 0 2.27500 34.85000 25.03163 0.15755 13
0.16326 0.03974 75.14574 0 -1.20000 -4.07500 74.16534 0.10212 13
0.77952 -0.07207 10.56425 0 2.12500 -21.82500 8.34002 0.12788 13
1.58429 -0.05614 4.51231 0 1.47500 -45.95000 2.41020 0.18882 13
-0.85925 -0.02352 49.75952 0 0.70000 26.45000 37.74527 0.13279 13
-0.62860 -0.20118 34.12584 0 6.07500 19.57500 29.05210 0.12068 -13
0.11378 -0.14597 66.64520 0 4.40000 -3.42500 66.22668 0.10241 13
0.41070 -0.20922 49.63356 0 6.30000 -9.17500 46.05213 0.11088 13
0.11981 0.06458 50.30231 0 -1.95000 -2.57500 49.94654 0.10163 13
1.34089 -0.02809 91.59520 0 0.85000 -40.10000 54.77185 0.16847 13
-1.57271 -0.00827 12.77686 0 0.32500 48.37500 6.85602 0.18769 -13
0.38238 -0.10661 8.56134 0 3.15000 -12.42500 8.00250 0.10833 13
0.93522 -0.12379 10.44061 0 3.67500 -29.07500 7.65254 0.13841 13
-0.57176 0.00101 82.25807 0 -0.02500 16.70000 71.41001 0.11600 13
0.09779 0.08900 11.89973 0 -2.72500 -1.00000 11.84374 0.10159 13
2.12519 0.02892 38.86264 0 -0.90000 -62.87500 16.55200 0.23654 13
0.20242 -0.05312 25.50705 0 1.57500 -5.85000 25.00141 0.10288 13
0.34498 0.09256 69.32565 0 -2.80000 -10.50000 65.56533 0.10693 13
0.80333 -0.01719 7.84288 0 0.60000 -24.95000 6.11463 0.12921 -13
1.64683 -0.19794 94.71298 0 5.95000 -49.85000 49.85146 0.19502 13
0.40841 -0.06321 77.11632 0 1.90000 -14.00000 71.41206 0.10896 13
0.72651 0.09802 16.33538 0 -2.92500 -21.65000 13.23823 0.12485 -13
-1.81913 0.11291 34.18930 0 -3.42500 55.27500 16.55034 0.20938 13
1.70189 0.06984 21.32508 0 -2.05000 -50.55000 10.82321 0.19888 -13
0.61080 -0.05620 33.25178 0 1.67500 -17.07500 28.38909 0.11813 13
-0.49777 0.03126 58.92879 0 -0.92500 15.52500 52.75972 0.11253 -13
-0.75066 -0.14092 13.74270 0 4.30000 21.97500 11.02946 0.12675 -13
-0.02219 -0.05430 62.25307 0 1.65000 1.25000 62.23780 0.10088 -13
-1.16708 -0.12273 77.39093 0 3.70000 37.32500 50.57250 0.15526 13
-1.21700 -0.22508 1.32082 0 6.17500 35.05000 0.85053 0.16015 13
-1.42080 0.02808 64.89436 0 -0.82500 41.72500 37.36066 0.17498 -13
-1.25108 -0.14600 42.46475 0 4.37500 37.00000 26.68447 0.16194 13
0.85580 -0.03755 25.78546 0 1.10000 -26.80000 19.59659 0.13259 13
0.04505 0.06116 73.19955 0 -1.85000 -0.97500 73.12568 0.10099 -13
-0.12412 -0.03894 56.12226 0 1.17500 5.95000 55.69552 0.10155 -13
0.96000 -0.06649 60.30240 0 2.00000 -31.42500 43.54721 0.13976 13
0.65210 0.09210 89.95299 0 -2.77500 -21.65000 75.44273 0.12058 13
2.09459 -0.02851 22.21507 0 0.80000 -60.60000 9.57446 0.23374 13
-0.04018 -0.23122 91.09240 0 6.97500 0.45000 91.02269 0.10343 13
-0.88022 0.12169 43.42067 0 -3.67500 26.00000 32.69730 0.13471 13
-0.90703 -0.27850 43.42067 0 8.37500 26.80000 32.69730 0.13879 13
-0.85237 0.13905 49.97624 0 -4.20000 27.05000 38.18724 0.13307 13
-0.87235 -0.26019 49.97624 0 7.82500 27.65000 38.18724 0.13617 13
0.84511 -0.05812 68.23449 0 1.75000 -25.67500 52.15304 0.13197 13
-0.06871 0.08067 47.89342 0 -2.42500 2.05000 47.78145 0.10126 -13
0.42816 0.10763 15.52447 0 -3.27500 -13.52500 14.28411 0.11010 13
1.50385 -0.03658 82.60302 0 1.10000 -44.67500 45.75968 0.18191 13
0.89050 0.07458 5.92423 0 -2.35000 -25.15000 4.42948 0.13511 13
0.75436 -0.01948 48.84348 0 0.57500 -22.27500 38.99599 0.12616 13
0.21691 0.03383 76.16330 0 -1.02500 -7.17500 74.43429 0.10310 -13
-1.15248 0.03657 82.30482 0 -1.12500 34.07500 53.96145 0.15371 13
0.26313 -0.05524 12.18434 0 1.70000 -7.12500 11.78447 0.10429 -13
1.31187 -0.12401 37.74450 0 3.72500 -39.52500 22.99187 0.16657 13
-0.46666 0.14103 79.02454 0 -4.25000 16.30000 71.73606 0.11203 -13
-0.47723 -0.25809 79.02454 0 7.80000 16.62500 71.73606 0.11458 -13
-1.93516 -0.08388 26.82597 0 2.50000 59.22500 12.34882 0.21950 13
-0.34862 0.02969 59.54121 0 -0.90000 9.77500 56.22519 0.10670 13
0.35476 0.05996 96.84584 0 -1.80000 -10.55000 91.29080 0.10702 -13
-0.26566 0.03602 95.39478 0 -1.07500 7.20000 92.20081 0.10426 -13
0.94935 -0.20335 81.59554 0 6.15000 -29.00000 59.74094 0.14037 -13
1.46401 -0.17483 54.03130 0 5.30000 -44.50000 30.78797 0.17943 -13
-0.51844 -0.07280 98.77638 0 2.20000 14.17500 87.74108 0.11367 -13
0.32924 -0.08657 28.36769 0 2.62500 -9.17500 26.95475 0.10638 -13
-0.37509 0.13166 53.33646 0 -3.95000 10.02500 49.99145 0.10836 -13
-0.38501 -0.26793 53.33646 0 8.10000 10.32500 49.99145 0.11124 -13
-1.30367 -0.02557 11.69899 0 0.85000 39.47500 7.12207 0.16548 -13
-0.31475 0.06032 17.56407 0 -1.85000 12.32500 16.75667 0.10576 13
-0.12648 0.00223 10.86113 0 -0.02500 4.40000 10.77529 0.10151 -13
-1.63941 -0.01572 87.46557 0 0.47500 50.45000 45.55149 0.19339 13
-0.19079 0.05648 52.53467 0 -1.72500 5.60000 51.60667 0.10268 13
0.58278 -0.11643 88.75184 0 3.50000 -15.40000 76.81085 0.11714 13
0.72276 -0.17461 99.11670 0 5.25000 -20.42500 80.74181 0.12549 13
0.68669 -0.13127 99.95659 0 3.95000 -20.10000 82.62476 0.12287 13
1.02317 0.36072 99.95659 0 2.42500 -20.37500 82.62476 0.13084 13
-0.58097 0.27348 99.95659 0 3.25000 -21.92500 82.62476 0.14059 13
1.25821 -0.18597 95.15798 0 5.62500 -40.92500 59.82328 0.16293 -13
0.06187 -0.08760 77.89012 0 2.62500 -2.97500 77.74250 0.10128 13
-0.69291 -0.10319 86.42569 0 3.12500 19.92500 71.16046 0.12296 -13
-0.57952 0.13853 5.45246 0 -4.30000 18.97500 4.72876 0.11730 13
-0.59304 -0.26099 5.45246 0 7.75000 19.35000 4.72876 0.11991 13
-0.43382 -0.18317 65.02367 0 5.52500 13.85000 59.80616 0.11131 13
1.99733 -0.10608 20.18884 0 3.15000 -62.42500 9.07860 0.22516 13
1.66269 0.05501 7.60449 0 -1.52500 -53.17500 3.92359 0.19545 -13
-1.70903 0.04753 40.10620 0 -1.40000 53.10000 20.27110 0.19946 -13
-1.16103 -0.18301 96.85832 0 5.52500 35.57500 63.80661 0.15540 13
0.16288 0.07649 28.28450 0 -2.32500 -4.47500 27.91873 0.10233 13
-0.43705 -0.01867 10.61010 0 0.52500 13.75000 9.72221 0.10992 13
-0.39297 0.09360 9.92772 0 -2.77500 9.45000 9.24520 0.10860 -13
0.25055 -0.02870 87.29771 0 0.85000 -8.42500 84.68236 0.10385 13
-0.22363 -0.17874 20.49977 0 5.37500 5.75000 20.02039 0.10474 13
0.06749 -0.22333 28.98107 0 6.75000 0.57500 28.91836 0.10342 -13
-0.79350 0.04231 43.89362 0 -1.30000 23.45000 34.39575 0.12863 13
-1.60947 -0.20474 33.15529 0 6.20000 49.85000 17.75758 0.19197 -13
0.87788 -0.09636 93.46656 0 2.90000 -28.60000 70.38189 0.13435 13
-0.14662 -0.22735 92.37496 0 6.87500 1.45000 91.44503 0.10432 -13
1.13924 0.05991 25.45129 0 -1.77500 -31.52500 16.80703 0.15277 -13
-0.74289 -0.06700 17.05697 0 2.05000 21.37500 13.70344 0.12564 -13
0.97958 -0.10232 25.22514 0 3.05000 -29.02500 18.06597 0.14133 13
1.00943 0.01467 69.09729 0 -0.42500 -26.47500 48.63182 0.14309 -13
1.76399 -0.20009 85.77235 0 6.02500 -53.45000 42.92981 0.20517 13
-0.68270 -0.07599 23.48249 0 2.27500 21.05000 19.41144 0.12217 13
0.30365 -0.20965 21.38478 0 6.30000 -7.90000 20.49855 0.10732 13
0.41108 0.10611 38.60860 0 -3.17500 -11.35000 35.73777 0.10940 -13
-0.58208 -0.12204 94.44819 0 3.70000 16.65000 81.77877 0.11717 -13
-0.41069 -0.24761 62.68407 0 7.47500 13.02500 58.22793 0.11169 -13
1.86603 -0.18169 64.72547 0 5.50000 -58.32500 30.95880 0.21401 -13
-0.24616 -0.17007 48.70460 0 5.15000 8.65000 47.33097 0.10512 -13
-0.34752 0.08101 29.02675 0 -2.45000 10.00000 27.42787 0.10692 13
-0.43176 0.10746 78.19348 0 -3.22500 13.75000 71.85246 0.11022 -13
1.06015 -0.21640 85.03961 0 6.55000 -31.62500 59.05512 0.14838 -13
-1.40691 -0.09390 3.36358 0 2.57500 42.60000 1.95402 0.17407 13
-0.82091 -0.13251 31.20247 0 3.97500 24.42500 24.20124 0.13096 13
-0.44757 -0.16751 97.85994 0 5.05000 13.92500 89.52566 0.11161 13
-0.14842 -0.09316 47.98445 0 2.80000 5.00000 47.46903 0.10223 13
-0.70279 -0.21354 80.71880 0 6.45000 22.45000 66.52251 0.12495 -13
1.65632 -0.18969 74.57552 0 5.72500 -49.85000 39.04570 0.19578 -13
0.17761 0.09500 83.61993 0 -2.87500 -5.65000 82.34275 0.10273 13
-0.19882 -0.08264 32.64474 0 2.50000 6.85000 32.02218 0.10302 -13
-0.20877 -0.03788 76.03687 0 1.15000 7.85000 74.43430 0.10294 -13
0.30984 0.08261 20.62812 0 -2.47500 -9.60000 19.70974 0.10575 -13
-0.65011 -0.17237 30.13334 0 5.22500 18.67500 25.37280 0.12137 -13
-0.74571 -0.21285 99.00954 0 6.42500 21.97500 79.99264 0.12743 13
