1.03696 0.06266 5.08849 0 -2.02500 -28.15000 3.53622 0.14527 13
-2.10941 -0.23086 3.67548 0 6.62500 64.10000 1.60768 0.23580 13
-0.19897 0.09265 28.29716 0 -2.77500 5.20000 27.75769 0.10310 -13
-0.34199 -0.11276 77.36443 0 3.40000 11.37500 73.25034 0.10704 -13
0.48534 0.09916 39.08704 0 -3.00000 -15.35000 35.19696 0.11239 13
0.86083 -0.16486 92.32425 0 4.97500 -27.20000 70.36755 0.13392 -13
-1.61252 0.07355 40.99904 0 -2.20000 48.37500 21.64925 0.19121 -13
0.16151 -0.03072 73.14152 0 0.92500 -4.10000 72.20679 0.10206 -13
-1.92020 -0.07452 2.75783 0 2.62500 56.22500 1.27711 0.21845 -13
-0.06039 -0.02177 36.36440 0 0.65000 3.05000 36.29825 0.10091 13
0.56891 -0.07518 18.12075 0 2.25000 -18.75000 15.76082 0.11611 13
0.44805 0.08985 54.44661 0 -2.70000 -12.65000 49.72041 0.11072 -13
-0.80594 0.11341 19.79286 0 -3.40000 25.97500 15.44857 0.12983 -13
0.39195 -0.23185 67.00845 0 7.00000 -12.97500 62.60045 0.11066 -13
0.32248 -0.11361 67.66189 0 3.42500 -10.40000 64.43475 0.10642 13
-1.10968 -0.14270 56.95491 0 4.30000 36.02500 38.34000 0.15110 13
1.28557 0.03953 23.01933 0 -1.22500 -41.67500 14.14098 0.16407 13
0.32722 0.14327 71.39250 0 -4.32500 -9.97500 67.91857 0.10694 13
0.33435 -0.25578 71.39250 0 7.70000 -10.20000 67.91857 0.10926 13
0.75297 0.04358 7.33038 0 -1.22500 -24.27500 5.85794 0.12613 -13
0.49185 -0.24441 48.33840 0 7.35000 -15.52500 43.61615 0.11488 13
-0.65098 -0.21558 31.77286 0 6.47500 17.40000 26.80545 0.12210 13
-1.01945 -0.02862 79.33896 0 0.85000 29.07500 55.56994 0.14384 13
0.10323 0.07784 73.41647 0 -2.35000 -3.47500 73.03070 0.10154 13
-0.26304 0.12562 94.95474 0 -3.77500 7.07500 91.87718 0.10489 -13
-0.27064 -0.27431 94.95474 0 8.27500 7.30000 91.87718 0.10793 -13
0.40648 -0.17508 14.21152 0 5.32500 -11.67500 13.19339 0.11016 -13
0.12328 -0.09777 55.80159 0 2.95000 -3.17500 55.38635 0.10194 13
-2.09803 -0.20117 92.63583 0 6.07500 64.95000 40.50513 0.23493 -13
0.91192 0.08693 27.46131 0 -2.65000 -29.20000 20.32592 0.13657 13
0.53015 -0.04902 30.44565 0 1.50000 -15.30000 26.90666 0.11408 -13
-0.09303 0.03796 72.33767 0 -1.15000 4.05000 72.02707 0.10121 13
-0.54543 0.09025 14.44017 0 -2.75000 15.30000 12.68873 0.11509 13
-0.13873 0.09066 40.38628 0 -2.72500 5.45000 40.00628 0.10207 -13
-0.27598 -0.00090 30.41080 0 0.05000 9.82500 29.31492 0.10447 -13
1.27726 -0.04046 6.48282 0 1.10000 -39.10000 3.99852 0.16340 13
-0.14727 0.01820 69.29873 0 -0.55000 3.02500 68.55941 0.10180 -13
-0.57218 -0.24259 60.30126 0 7.32500 20.77500 52.70143 0.11857 -13
-0.58928 0.02566 6.03992 0 -0.87500 18.95000 5.20404 0.11694 13
0.11412 -0.10701 54.89916 0 3.22500 -2.82500 54.54917 0.10193 -13
-0.61442 -0.03526 50.05052 0 1.05000 18.47500 42.65129 0.11825 13
-0.21790 -0.17637 18.17443 0 5.35000 6.47500 17.76988 0.10460 -13
-0.85152 0.01838 90.90131 0 -0.55000 25.97500 69.21471 0.13228 13
1.41686 -0.03794 4.58168 0 1.32500 -41.62500 2.64351 0.17475 -13
-1.15560 0.02544 12.03807 0 -0.70000 35.30000 7.87847 0.15392 -13
1.73221 -0.13221 18.19726 0 3.92500 -50.45000 9.15674 0.20183 13
-1.29398 -0.24789 58.54388 0 7.50000 42.92500 36.46595 0.16659 -13
-1.38061 -0.06509 29.92318 0 1.92500 43.05000 17.57719 0.17178 13
-1.33700 -0.15515 90.67144 0 4.70000 43.07500 54.72042 0.16887 -13
0.08616 0.08234 87.33346 0 -2.50000 -4.55000 87.01325 0.10142 13
1.88361 -0.22003 62.28012 0 6.62500 -58.05000 29.74461 0.21588 13
0.00688 0.14212 63.31096 0 -4.27500 -0.37500 63.30948 0.10171 -13
0.00704 -0.25696 63.31096 0 7.75000 -0.37500 63.30948 0.10398 -13
1.15542 0.00799 15.82929 0 -0.27500 -34.95000 10.35918 0.15388 13
-0.12334 -0.20712 49.19197 0 6.25000 3.95000 48.83715 0.10358 13
0.32255 -0.12862 58.05954 0 3.87500 -9.82500 55.29862 0.10660 13
-1.68653 -0.16655 28.87031 0 5.00000 48.77500 14.87402 0.19813 13
0.30392 0.00208 78.23465 0 -0.07500 -6.82500 74.85393 0.10525 13
-1.77118 -0.21913 21.50153 0 6.65000 51.27500 10.75919 0.20610 -13
0.22285 0.08278 82.65027 0 -2.50000 -8.22500 80.68428 0.10351 -13
0.61530 -0.15851 87.03299 0 4.80000 -16.42500 74.37588 0.11931 -13
0.03147 -0.21196 4.39421 0 6.52500 -0.82500 4.39215 0.10310 -13
-0.30353 0.10387 58.92525 0 -3.15000 7.50000 56.41046 0.10576 13
1.36724 -0.19274 5.45102 0 5.97500 -42.97500 3.25566 0.17190 -13
1.58234 -0.17705 37.87819 0 5.32500 -46.37500 20.45857 0.18932 13
-0.80977 -0.15638 93.78203 0 4.72500 22.40000 73.22985 0.13054 -13
0.73620 0.08298 99.69459 0 -2.50000 -23.05000 80.38113 0.12533 -13
-0.16316 -0.02563 77.69924 0 0.77500 4.22500 76.68579 0.10207 -13
-0.51359 0.01481 88.49269 0 -0.45000 14.70000 78.71957 0.11322 -13
0.64504 -0.06088 76.54007 0 1.85000 -19.12500 64.35490 0.11999 -13
0.54632 -0.06234 9.61921 0 1.82500 -14.75000 8.44523 0.11492 13
-0.46964 -0.04319 98.94835 0 1.30000 15.80000 89.57781 0.11134 13
-0.87818 -0.18647 42.88475 0 5.65000 28.77500 32.46142 0.13534 -13
0.16844 -0.16132 44.19118 0 4.85000 -4.37500 43.59258 0.10340 13
-0.00190 0.01511 93.11478 0 -0.45000 -1.42500 93.11461 0.10072 13
0.10206 -0.00721 95.18750 0 0.22500 -2.55000 94.69564 0.10123 -13
-0.64828 0.08279 66.05880 0 -2.50000 18.05000 55.48595 0.12031 -13
-0.40570 0.03728 5.28350 0 -1.22500 12.45000 4.89639 0.10878 13
-0.37539 -0.02950 26.58703 0 0.90000 10.30000 24.89231 0.10761 -13
0.93526 -0.23093 95.44594 0 6.97500 -25.42500 70.54827 0.13984 -13
0.94702 -0.24572 11.15254 0 7.47500 -28.00000 8.20893 0.14096 -13
0.87355 0.10864 58.70106 0 -3.27500 -26.92500 44.32049 0.13416 -13
0.61677 0.06505 96.44715 0 -1.97500 -17.95000 82.13664 0.11850 13
-0.58927 -0.21386 12.45720 0 6.40000 18.00000 10.79355 0.11882 13
-0.34382 0.13442 35.08904 0 -4.07500 9.95000 33.21370 0.10736 13
-0.35252 -0.26506 35.08904 0 7.97500 10.20000 33.21370 0.11005 13
0.24757 -0.11668 6.08663 0 3.42500 -8.07500 5.91055 0.10439 13
-1.82088 0.07262 31.17602 0 -2.15000 54.00000 15.03782 0.20931 -13
1.27075 -0.00462 16.36676 0 0.10000 -36.25000 10.12140 0.16285 13
-0.16135 -0.05480 7.61758 0 1.57500 4.47500 7.52092 0.10215 13
-0.19088 -0.11640 78.98945 0 3.52500 5.80000 77.60681 0.10319 -13
-0.53448 -0.06751 79.35294 0 2.05000 16.95000 70.01923 0.11439 -13
0.83733 -0.00726 80.83357 0 0.22500 -23.92500 61.97691 0.13135 -13
1.46221 -0.09333 38.88566 0 2.85000 -42.55000 22.01594 0.17865 -13
1.95468 0.05769 28.25664 0 -1.70000 -60.52500 12.88620 0.22117 -13
-0.25907 0.13562 2.79798 0 -3.90000 8.72500 2.71008 0.10492 -13
-0.26552 -0.26340 2.79798 0 8.15000 8.92500 2.71008 0.10778 -13
0.00779 -0.07697 38.05732 0 2.32500 1.30000 38.05618 0.10101 -13
1.52767 -0.06263 34.22820 0 1.92500 -45.45000 18.77181 0.18400 -13
0.23553 0.14542 17.47295 0 -4.35000 -5.00000 17.01674 0.10448 -13
0.24045 -0.25347 17.47295 0 7.67500 -5.15000 17.01674 0.10670 -13
-0.44360 0.03618 61.45140 0 -1.07500 14.20000 56.17852 0.11023 -13
0.42033 -0.11185 48.66930 0 3.37500 -14.60000 44.90837 0.10981 13
-0.20051 0.10546 25.63759 0 -3.15000 6.15000 25.14265 0.10325 -13
-0.67268 -0.11224 37.23730 0 3.40000 19.45000 30.95751 0.12190 -13
-1.13360 -0.17458 58.18033 0 5.25000 34.60000 38.81195 0.15323 13
0.70537 0.04192 61.00693 0 -1.27500 -23.62500 49.86738 0.12330 13
-0.06213 0.05168 46.25324 0 -1.57500 0.30000 46.16447 0.10104 13
0.25705 0.09024 29.72053 0 -2.75000 -7.62500 28.79216 0.10438 13
-0.59096 0.02807 8.89227 0 -0.77500 16.57500 7.65624 0.11701 -13
-0.54782 0.00850 23.48316 0 -0.22500 16.07500 20.59528 0.11483 -13
-0.24578 0.09369 33.59145 0 -2.85000 5.95000 32.62873 0.10413 13
-0.24241 -0.10017 88.62027 0 3.02500 7.72500 86.14968 0.10411 13
0.47411 -0.16871 97.36489 0 5.07500 -15.47500 88.20220 0.11273 13
-1.77280 -0.23689 29.08526 0 7.17500 54.80000 14.58752 0.20640 -13
2.07504 -0.19910 74.24505 0 6.02500 -61.00000 32.74257 0.23285 -13
0.40563 -0.02413 27.35376 0 0.75000 -9.50000 25.34882 0.10870 -13
0.92476 -0.03018 49.93296 0 0.92500 -29.75000 36.66779 0.13720 -13
1.92198 -0.05843 36.60408 0 1.72500 -57.12500 16.91742 0.21825 13
1.43523 -0.18180 35.02174 0 5.50000 -40.62500 20.24007 0.17713 -13
0.43123 -0.14975 6.26300 0 4.60000 -12.62500 5.76119 0.11076 -13
0.53567 0.08754 44.59232 0 -2.62500 -14.80000 39.34146 0.11458 -13
-0.08445 -0.11622 29.72928 0 3.50000 1.70000 29.62523 0.10173 13
0.22355 -0.21034 38.23571 0 6.32500 -6.27500 37.35223 0.10534 13
0.58573 -0.16225 73.98912 0 4.90000 -17.32500 64.05383 0.11785 -13
0.01220 0.04724 89.99411 0 -1.42500 0.47500 89.98742 0.10082 -13
-1.19487 0.10849 18.13447 0 -3.22500 33.97500 11.67862 0.15727 -13
0.41018 0.14362 99.74649 0 -4.32500 -13.40000 92.41949 0.10981 13
0.41906 -0.25541 99.74649 0 7.70000 -13.67500 92.41949 0.11217 13
0.44198 0.01030 14.06875 0 -0.27500 -12.92500 12.86808 0.11011 -13
-0.07193 -0.14657 79.05201 0 4.42500 3.62500 78.85256 0.10203 13
-0.67452 -0.04503 61.37041 0 1.35000 16.95000 50.89437 0.12155 13
1.92085 -0.19770 45.24822 0 5.95000 -57.75000 21.21014 0.21897 13
-0.42995 -0.18852 12.75531 0 5.72500 12.82500 11.74945 0.11128 -13
0.95722 -0.19862 93.71640 0 6.00000 -27.80000 68.32352 0.14083 -13
1.93552 -0.16351 98.81345 0 4.92500 -59.15000 45.82983 0.22000 13
-0.19359 -0.16773 63.73645 0 5.07500 2.50000 62.60585 0.10396 -13
-1.46993 0.14279 37.28003 0 -4.32500 42.52500 21.11433 0.17963 13
-1.50227 -0.25628 37.28003 0 7.70000 43.50000 21.11433 0.18351 13
-1.47093 -0.01280 51.32406 0 0.37500 44.52500 28.85742 0.17912 13
-0.38236 -0.03681 7.02344 0 1.02500 12.30000 6.56083 0.10788 13
-0.48230 -0.11555 1.82640 0 3.77500 15.72500 1.64700 0.11273 -13
-0.20395 -0.14677 90.28486 0 4.42500 8.15000 88.50098 0.10384 -13
-0.65697 -0.04830 81.61887 0 1.45000 19.67500 68.23870 0.12058 13
0.26650 -0.23328 42.38004 0 7.05000 -9.20000 41.02091 0.10684 -13
0.08772 0.08161 96.82822 0 -2.47500 -3.75000 96.46025 0.10142 13
0.46075 0.11290 62.48929 0 -3.42500 -12.37500 56.81755 0.11146 13
1.71507 -0.02574 42.25414 0 0.80000 -51.17500 21.28852 0.19995 -13
0.12082 -0.14162 62.55354 0 4.27500 -3.65000 62.11063 0.10243 13
-0.21619 -0.04160 94.45630 0 1.25000 9.25000 92.32690 0.10312 13
0.25273 0.09318 55.52455 0 -2.82500 -8.05000 53.84594 0.10429 13
-0.68119 -0.02247 16.30033 0 0.72500 18.57500 13.47272 0.12187 -13
0.03082 -0.19794 20.25900 0 5.95000 2.10000 20.24975 0.10269 13
-0.02579 -0.09566 20.25900 0 5.85000 2.15000 20.24975 0.10280 13
-0.15064 -0.18524 20.25900 0 7.25000 1.97500 20.24975 0.11093 13
0.41922 2.23913 20.25900 0 7.62500 7.37500 20.24975 0.13623 13
-1.10397 0.05208 90.28833 0 -1.57500 33.32500 60.65978 0.15010 13
0.03169 0.12395 7.52763 0 -3.80000 -0.87500 7.52393 0.10156 13
0.03267 -0.27612 7.52763 0 8.25000 -0.90000 7.52393 0.10447 13
0.95950 0.07580 17.47691 0 -2.32500 -29.17500 12.62834 0.13978 13
-0.44615 -0.09877 21.74658 0 3.00000 16.00000 19.87555 0.11073 -13
-0.01250 -0.07851 99.46748 0 2.37500 0.55000 99.45975 0.10102 -13
0.30718 0.08757 61.87716 0 -2.62500 -9.35000 59.16850 0.10571 -13
-1.46690 0.02568 46.56671 0 -0.75000 45.02500 26.23560 0.17880 -13
-0.60481 -0.15891 58.20331 0 4.77500 20.12500 49.96788 0.11877 13
0.01574 0.05946 83.46386 0 -1.80000 -1.50000 83.45354 0.10089 -13
-1.39788 -0.22561 25.59495 0 6.77500 42.15000 15.13624 0.17452 13
0.24481 0.12088 29.21169 0 -3.67500 -4.67500 28.38524 0.10440 13
0.25234 -0.27940 29.21169 0 8.40000 -4.90000 28.38524 0.10759 13
2.03068 -0.15992 49.05742 0 4.80000 -61.27500 21.89403 0.22849 13
-1.94866 -0.20754 64.15751 0 6.27500 59.97500 29.78367 0.22158 -13
-1.15522 -0.05193 68.02087 0 1.55000 31.90000 44.55254 0.15395 13
-0.17141 0.14866 20.33832 0 -4.45000 5.00000 20.05211 0.10325 -13
-0.17475 -0.25011 20.33832 0 7.57500 5.10000 20.05211 0.10530 -13
-1.44474 -0.18241 75.47067 0 5.50000 43.25000 43.42835 0.17788 13
1.28625 0.01625 55.60418 0 -0.47500 -37.27500 34.13147 0.16408 -13
-1.84644 0.09435 35.92632 0 -2.87500 58.70000 17.16707 0.21170 13
1.65865 -0.05826 75.40316 0 1.75000 -50.77500 38.98040 0.19513 13
-0.39927 -0.16248 20.52996 0 4.92500 11.72500 19.10025 0.10967 -13
0.03151 0.03543 53.48113 0 -1.07500 0.90000 53.45463 0.10082 13
-1.42862 -0.11279 99.32549 0 3.40000 41.72500 57.19918 0.17598 -13
-0.15021 -0.04112 3.01952 0 1.07500 4.20000 2.98602 0.10197 13
-0.55999 -0.13915 15.50509 0 4.22500 15.62500 13.55916 0.11629 -13
-0.35114 0.11079 41.54850 0 -3.32500 10.25000 39.22804 0.10730 -13
-0.88963 0.06396 29.36770 0 -1.95000 27.20000 21.96147 0.13495 13
-0.13164 0.14089 28.11558 0 -4.27500 4.32500 27.87978 0.10256 13
-0.13461 -0.25827 28.11558 0 7.77500 4.40000 27.87978 0.10487 13
0.70470 -0.10690 50.71042 0 3.22500 -20.40000 41.52927 0.12366 -13
-0.36397 0.07730 97.26765 0 -2.32500 10.42500 91.43356 0.10745 -13
-1.59152 -0.24205 93.09224 0 7.30000 51.85000 50.54064 0.19085 -13
2.11557 0.12592 29.00975 0 -3.75000 -61.95000 12.47769 0.23594 -13
2.17642 -0.27392 29.00975 0 8.30000 -63.82500 12.47769 0.24284 -13
0.96029 -0.06963 52.30632 0 2.07500 -31.67500 37.77217 0.13978 13
0.54661 -0.14538 99.98917 0 4.37500 -19.25000 87.94726 0.11569 13
-0.22541 -0.08014 28.24170 0 2.40000 5.67500 27.55468 0.10354 13
0.69462 -0.17468 99.86457 0 5.27500 -21.20000 82.41715 0.12387 -13
-1.31086 -0.10968 23.09924 0 3.27500 42.60000 14.06287 0.16639 13
0.02979 0.01621 40.48108 0 -0.50000 -1.67500 40.46314 0.10076 13
-2.06255 -0.10776 67.33452 0 3.27500 61.25000 29.51226 0.23111 -13
1.44925 0.12929 96.31831 0 -3.90000 -45.02500 55.01024 0.17780 13
1.48894 -0.27047 96.31831 0 8.15000 -46.22500 55.01024 0.18264 13
1.90628 0.08547 73.50584 0 -2.57500 -57.15000 34.24530 0.21694 -13
0.82622 0.03703 66.91640 0 -1.12500 -25.10000 51.60108 0.13069 13
-0.86863 -0.13343 38.42854 0 4.05000 27.42500 29.12148 0.13408 -13
-2.15045 0.09333 99.13845 0 -2.82500 64.70000 41.95208 0.23902 13
-0.20227 -0.14664 58.17592 0 4.42500 5.77500 57.04467 0.10379 13
0.04035 0.12571 63.59379 0 -3.80000 -1.37500 63.54289 0.10158 13
0.04153 -0.27424 63.59379 0 8.27500 -1.42500 63.54289 0.10450 13
0.65880 -0.12232 49.73754 0 3.70000 -19.85000 41.62700 0.12123 -13
-0.46993 0.12891 71.90806 0 -3.87500 16.27500 65.17687 0.11202 -13
-0.48286 -0.27082 71.90806 0 8.17500 16.67500 65.17687 0.11512 -13
-0.41950 0.05387 90.11873 0 -1.62500 15.32500 83.12055 0.10934 -13
-1.28921 0.13851 66.77375 0 -4.20000 40.17500 41.16793 0.16491 13
-1.31976 -0.26076 66.77375 0 7.85000 41.10000 41.16793 0.16879 13
-0.55507 0.03208 75.38497 0 -0.97500 16.50000 65.91969 0.11522 13
0.32448 0.12357 66.71385 0 -3.72500 -6.42500 63.50260 0.10660 13
0.33412 -0.27650 66.71385 0 8.32500 -6.72500 63.50260 0.10976 13
1.13254 0.03470 93.14600 0 -1.05000 -35.70000 61.67221 0.15219 -13
-1.40354 0.09881 6.17296 0 -3.12500 42.30000 3.59325 0.17395 13
-0.58257 -0.00510 96.45500 0 0.15000 16.12500 83.34375 0.11655 -13
-0.16718 0.00854 80.49095 0 -0.27500 5.22500 79.38927 0.10210 13
-1.12155 -0.16161 62.30322 0 4.87500 31.45000 41.76028 0.15219 13
1.56527 0.13566 33.97681 0 -4.12500 -46.15000 18.40845 0.18760 13
1.60407 -0.26373 33.97681 0 7.92500 -47.30000 18.40845 0.19219 13
1.49846 0.09510 49.07561 0 -2.87500 -45.12500 27.32747 0.18167 13
0.77267 -0.11493 26.96512 0 3.45000 -24.37500 21.38997 0.12778 13
2.02925 0.05680 65.14222 0 -1.72500 -60.15000 28.83213 0.22790 13
-0.54033 -0.00181 65.38989 0 0.05000 16.95000 57.52896 0.11446 13
0.79706 0.03768 99.52505 0 -1.12500 -24.90000 77.84873 0.12883 -13
-0.64216 -0.06511 65.04337 0 1.95000 17.70000 54.76436 0.11985 13
2.02591 -0.22141 76.53998 0 6.65000 -61.55000 34.53325 0.22857 13
0.17738 -0.07026 65.43638 0 2.10000 0.10000 64.43497 0.10252 13
0.97021 0.01259 9.94452 0 -0.30000 -28.47500 7.13721 0.14033 -13
0.09244 -0.16765 97.99936 0 5.05000 -4.62500 97.59468 0.10253 13
0.60919 -0.10224 3.38536 0 3.27500 -18.92500 2.89508 0.11850 -13
1.35358 0.07935 60.50420 0 -2.40000 -40.87500 36.02515 0.16967 13
0.66376 -0.17087 75.17829 0 5.15000 -20.32500 62.90914 0.12208 13
1.69086 0.02003 48.66533 0 -0.57500 -49.57500 24.77650 0.19784 -13
-0.44141 0.14435 15.89141 0 -4.32500 13.17500 14.56214 0.11102 -13
-0.45077 -0.25460 15.89141 0 7.72500 13.47500 14.56214 0.11344 -13
-0.58950 -0.06120 84.72848 0 1.85000 19.27500 73.02524 0.11706 -13
0.18063 -0.19161 41.57421 0 5.77500 -4.00000 40.93507 0.10413 13
-0.30728 -0.22397 55.86161 0 6.75000 8.22500 53.50762 0.10773 13
-1.51252 0.10715 8.45614 0 -3.12500 46.37500 4.68098 0.18292 -13
-1.08362 -0.14951 53.84839 0 4.52500 33.17500 36.73641 0.14927 -13
-0.57416 -0.24595 25.17561 0 7.45000 16.95000 21.98919 0.11875 -13
-0.25617 -0.05005 48.92998 0 1.50000 7.37500 47.40307 0.10407 13
0.02694 0.13132 92.64561 0 -3.95000 -0.65000 92.61260 0.10160 -13
0.02766 -0.26829 92.64561 0 8.10000 -0.67500 92.61260 0.10431 -13
-0.86639 0.05135 54.98787 0 -1.55000 25.35000 41.58350 0.13334 13
0.16251 -0.01781 68.69096 0 0.52500 -6.15000 67.80185 0.10204 13
1.60087 -0.14571 72.11199 0 4.40000 -48.92500 38.49286 0.19066 -13
0.01205 -0.15408 47.35019 0 4.62500 1.05000 47.34683 0.10189 13
0.30026 -0.20564 26.29038 0 6.17500 -9.30000 25.22202 0.10715 13
-1.89632 0.03471 52.65347 0 -1.07500 58.25000 24.57186 0.21592 13
-0.02689 -0.01282 98.22961 0 0.40000 2.27500 98.19413 0.10075 -13
-0.24613 -0.23779 35.82378 0 7.15000 8.15000 34.83883 0.10643 13
0.81644 -0.01377 76.52167 0 0.40000 -23.05000 59.27740 0.13001 13
-2.00055 -0.24367 26.01531 0 7.40000 61.42500 11.90262 0.22662 -13
0.05176 0.12503 90.19341 0 -3.77500 -2.57500 90.07469 0.10162 13
0.05328 -0.27495 90.19341 0 8.30000 -2.62500 90.07469 0.10457 13
0.31562 -0.17239 23.96787 0 5.22500 -9.17500 22.88635 0.10703 -13
-1.27453 0.01846 47.14812 0 -0.55000 37.70000 29.10653 0.16315 -13
0.32037 -0.07786 63.51903 0 2.35000 -10.55000 60.50739 0.10604 13
-0.55181 -0.12607 21.66661 0 3.77500 17.47500 19.00474 0.11571 13
-0.85398 -0.20866 32.83695 0 6.27500 24.00000 25.19344 0.13407 13
1.91592 0.06969 12.49852 0 -2.02500 -55.90000 5.79444 0.21771 -13
0.26988 -0.06492 7.53242 0 1.90000 -8.45000 7.27324 0.10450 13
1.20094 0.06450 93.41918 0 -1.92500 -36.05000 59.85117 0.15751 -13
-0.25691 -0.17256 74.47264 0 5.20000 9.85000 72.19504 0.10541 13
0.54078 0.13961 2.13894 0 -4.47500 -13.65000 1.88589 0.11561 13
0.55315 -0.26045 2.13894 0 7.57500 -13.97500 1.88589 0.11790 13
1.20941 -0.05349 73.81118 0 1.60000 -35.92500 47.07412 0.15813 13
-0.66193 -0.22985 27.38985 0 6.95000 20.25000 23.01622 0.12298 -13
0.78996 0.02531 82.83316 0 -0.77500 -23.10000 65.00696 0.12836 13
0.51866 0.08159 65.09442 0 -2.45000 -15.32500 57.82524 0.11374 -13
0.63701 0.01790 94.21195 0 -0.52500 -19.95000 79.46342 0.11941 -13
0.68822 0.09394 35.17210 0 -2.82500 -20.77500 29.01408 0.12261 -13
-0.04313 -0.13075 10.79913 0 3.90000 -1.70000 10.78923 0.10164 13
0.42382 0.10471 76.07352 0 -3.15000 -11.50000 70.10027 0.10988 -13
0.76065 -0.14576 98.45165 0 4.40000 -22.62500 78.65957 0.12737 13
0.95681 0.06472 26.17309 0 -1.92500 -31.40000 18.93009 0.13952 -13
0.82690 -0.18142 45.15432 0 5.47500 -25.45000 35.02623 0.13195 -13
2.00520 -0.18202 99.84930 0 5.47500 -57.85000 45.14406 0.22638 13
-0.29885 -0.15613 83.95582 0 4.70000 8.80000 80.51906 0.10627 13
-0.54002 -0.22015 60.40267 0 6.62500 13.35000 53.42757 0.11657 13
1.73666 0.12843 12.74734 0 -3.95000 -50.42500 6.40012 0.20229 13
1.78494 -0.27157 12.74734 0 8.10000 -51.82500 6.40012 0.20770 13
1.11526 0.10650 25.41855 0 -3.17500 -33.55000 17.02236 0.15121 -13
0.85984 0.10130 23.81737 0 -3.02500 -27.70000 18.09870 0.13319 -13
-0.75096 -0.12972 52.27657 0 3.90000 23.20000 41.92779 0.12661 13
-0.21437 -0.18477 90.18282 0 5.57500 8.77500 88.24333 0.10466 -13
-1.63368 0.06947 90.20133 0 -2.07500 51.72500 47.17446 0.19301 -13
0.76955 -0.17598 57.13738 0 5.32500 -23.32500 45.53660 0.12831 -13
-0.04126 -0.14350 77.57738 0 4.32500 1.27500 77.51276 0.10182 -13
-0.74876 0.00216 87.03916 0 -0.05000 24.17500 69.67286 0.12580 -13
-2.03565 0.13952 73.80559 0 -4.22500 61.72500 32.79397 0.22885 13
-2.08295 -0.25970 73.80559 0 7.82500 63.12500 32.79397 0.23412 13
-0.21346 -0.10931 68.34585 0 3.30000 6.85000 66.85740 0.10356 -13
-2.11186 -0.18196 13.62723 0 5.40000 63.10000 5.91067 0.23587 13
-0.81512 0.12098 64.04377 0 -3.65000 25.82500 49.78526 0.13049 13
-0.84018 -0.27927 64.04377 0 8.42500 26.57500 49.78526 0.13449 13
0.25161 0.07698 90.46296 0 -2.32500 -6.90000 87.74385 0.10413 -13
0.51662 -0.01893 1.07774 0 1.07500 -14.62500 0.95771 0.11395 -13
2.03349 -0.01702 50.11198 0 0.52500 -62.07500 22.11698 0.22821 -13
-0.64447 0.04638 42.03581 0 -1.37500 18.92500 35.34488 0.11989 -13
-0.69427 -0.06330 99.75706 0 1.90000 20.10000 81.99760 0.12276 13
1.22153 0.10224 53.26644 0 -3.07500 -37.27500 33.84671 0.15930 -13
0.42660 -0.21191 89.26940 0 6.40000 -11.77500 82.38309 0.11155 -13
0.13624 -0.15960 10.71766 0 4.77500 -1.30000 10.62200 0.10287 13
-1.24919 -0.21977 17.20709 0 6.67500 36.17500 10.90728 0.16272 -13
0.22309 -0.09065 6.00344 0 2.82500 -6.55000 5.86045 0.10362 -13
-1.84422 0.07155 27.23683 0 -2.12500 56.27500 13.00846 0.21137 -13
-0.52111 -0.10738 31.13719 0 3.25000 16.77500 27.64654 0.11408 -13
0.15666 -0.11934 32.55235 0 3.57500 -6.52500 32.16558 0.10263 13
-1.71416 -0.00580 74.50606 0 0.15000 51.37500 37.54397 0.19984 13
-1.00668 0.07356 15.66163 0 -2.17500 29.20000 11.05213 0.14308 -13
-0.36795 0.02711 47.23236 0 -0.80000 6.87500 44.32881 0.10733 -13
-0.43335 0.14278 55.89215 0 -4.30000 16.17500 51.36465 0.11069 -13
-0.44285 -0.25627 55.89215 0 7.75000 16.45000 51.36465 0.11313 -13
-0.72918 -0.21870 59.80373 0 6.60000 21.92500 48.70919 0.12658 -13
0.47948 -0.00325 8.61861 0 0.15000 -13.85000 7.77190 0.11168 -13
0.37917 -0.00870 36.77355 0 0.25000 -11.95000 34.38499 0.10770 13
1.35835 -0.15823 98.28430 0 4.77500 -40.40000 58.73509 0.17060 13
2.02874 -0.14746 52.84356 0 4.47500 -60.90000 23.56507 0.22829 -13
1.97256 -0.18468 80.75709 0 5.55000 -61.67500 37.00387 0.22347 13
0.27780 -0.19438 36.70045 0 5.85000 -6.82500 35.40761 0.10633 13
1.16461 -0.24201 99.43288 0 7.30000 -38.20000 65.83272 0.15648 13
-0.67977 0.09133 88.49692 0 -2.75000 17.82500 73.28424 0.12211 -13
0.92029 -0.22810 43.37772 0 6.87500 -29.02500 32.28649 0.13876 13
0.66649 -0.21017 61.35455 0 6.32500 -20.37500 51.38960 0.12285 13
-0.21768 -0.19367 82.26576 0 5.85000 6.85000 80.44925 0.10490 -13
-0.51498 0.00264 98.61178 0 -0.07500 18.10000 87.66946 0.11327 13
1.79796 -0.07999 49.32419 0 2.40000 -55.20000 24.03390 0.20732 13
-1.11992 0.03921 22.58185 0 -1.15000 33.80000 15.04685 0.15125 -13
0.61467 -0.14614 63.09248 0 4.42500 -18.57500 53.90522 0.11912 -13
0.38879 -0.10963 77.87804 0 3.30000 -12.67500 72.64164 0.10860 13
1.85468 0.12822 79.42552 0 -3.87500 -55.05000 37.93296 0.21260 13
1.90627 -0.27160 79.42552 0 8.17500 -56.60000 37.93296 0.21842 13
-1.58403 4.94988 79.42552 0 8.32500 -56.67500 37.93296 0.21879 13
-0.00371 -0.27698 79.42552 0 -2.70000 -56.90000 37.93296 0.22604 13
3.13846 3.86912 79.42552 0 -3.65000 -16.42500 37.93296 0.40516 13
-0.55815 -0.05553 53.58256 0 1.67500 16.87500 46.80496 0.11546 13
1.38046 -0.18651 59.86604 0 5.65000 -39.77500 35.51342 0.17270 -13
-0.11655 -0.06387 20.03962 0 1.95000 3.97500 19.90546 0.10160 -13
0.57288 0.01448 91.18779 0 -0.42500 -18.40000 79.12555 0.11607 -13
-0.30781 0.06884 61.95874 0 -2.07500 11.80000 59.22893 0.10559 13
-0.36019 -0.10966 37.30441 0 3.30000 15.20000 35.12114 0.10760 13
0.71442 -0.24454 34.34753 0 7.40000 -20.55000 28.21814 0.12621 -13
-0.84672 0.01889 17.04179 0 -0.60000 29.25000 13.00682 0.13197 13
0.09494 -0.21980 83.33734 0 6.62500 -0.47500 82.98132 0.10356 -13
1.00558 -0.02292 80.77132 0 0.70000 -30.45000 56.96276 0.14283 -13
-0.08853 0.13823 56.05271 0 -4.17500 2.25000 55.83845 0.10205 13
-0.09066 -0.26105 56.05271 0 7.87500 2.30000 55.83845 0.10447 13
-0.16793 -0.21716 80.30900 0 6.55000 6.52500 79.24902 0.10442 13
-1.06295 -0.14584 59.33444 0 4.40000 29.70000 40.88444 0.14770 -13
-0.27630 -0.16309 1.33631 0 5.30000 8.42500 1.28925 0.10631 -13
1.27461 -0.04807 46.35840 0 1.42500 -41.00000 28.63536 0.16321 13
0.81114 -0.13367 95.71157 0 4.02500 -25.67500 74.59292 0.13036 13
-0.24983 -0.05579 37.25787 0 1.70000 9.70000 36.15025 0.10396 -13
0.21946 -0.03118 98.25479 0 0.95000 -6.42500 95.97313 0.10315 -13
1.55967 -0.18103 74.96747 0 5.47500 -46.07500 40.92624 0.18748 -13
-0.70174 -0.21311 65.09858 0 6.45000 22.10000 53.67312 0.12489 -13
-0.97321 -0.18761 78.11221 0 5.67500 29.87500 56.44690 0.14179 -13
-0.66989 -0.00136 42.02956 0 0.05000 19.55000 34.91837 0.12121 -13
0.48654 -0.23253 21.67676 0 7.00000 -14.10000 19.58850 0.11439 13
0.86580 -0.12915 74.71145 0 3.90000 -24.32500 56.68189 0.13385 -13
-0.68649 -0.24226 91.28612 0 7.30000 22.37500 75.93631 0.12455 13
-0.13336 0.05936 35.61417 0 -1.77500 5.02500 35.30279 0.10177 -13
0.14694 -0.03020 59.58097 0 0.90000 -5.95000 58.94861 0.10182 13
1.49114 -0.03870 69.14829 0 1.15000 -44.72500 38.53320 0.18084 13
-0.88148 -0.23658 67.63054 0 7.15000 28.80000 51.33256 0.13635 -13
-0.72312 0.10587 55.82545 0 -3.17500 20.30000 45.32352 0.12473 -13
-0.37995 0.05301 80.86311 0 -1.60000 12.40000 75.60402 0.10785 13
-0.00372 -0.03208 13.04303 0 1.00000 -1.07500 13.04294 0.10077 -13
-0.77415 -0.20409 53.12384 0 6.15000 23.57500 42.32531 0.12899 13
0.41205 0.14268 67.07380 0 -4.30000 -11.12500 62.10564 0.10986 13
0.42112 -0.25640 67.07380 0 7.72500 -11.40000 62.10564 0.11227 13
1.72593 0.00534 57.64629 0 -0.17500 -52.10000 28.89904 0.20088 13
0.27974 0.04946 98.18715 0 -1.50000 -11.02500 94.56546 0.10469 -13
0.12316 -0.07931 76.57684 0 2.37500 -4.02500 76.00611 0.10177 13
0.40187 0.04976 55.69637 0 -1.50000 -13.45000 51.68828 0.10865 -13
-0.25317 0.13848 70.33784 0 -4.17500 8.77500 68.22529 0.10481 -13
-0.25916 -0.26076 70.33784 0 7.87500 8.95000 68.22529 0.10730 -13
0.07701 -0.01878 83.01904 0 0.55000 -3.22500 82.77403 0.10101 13
1.66576 0.11999 51.04391 0 -3.65000 -50.77500 26.41098 0.19604 13
1.71764 -0.28031 51.04391 0 8.42500 -52.32500 26.41098 0.20209 13
-0.72977 0.06491 76.42661 0 -1.97500 22.25000 61.78072 0.12484 13
2.14422 -0.15723 80.58909 0 4.72500 -64.17500 34.40447 0.23877 13
-0.21467 0.04996 80.91442 0 -1.50000 5.07500 79.11647 0.10312 -13
-1.27983 -0.19394 71.04260 0 5.85000 38.80000 44.24218 0.16473 -13
-1.54431 0.12948 85.52200 0 -3.90000 46.05000 46.75604 0.18572 -13
-1.58645 -0.27023 85.52200 0 8.15000 47.32500 46.75604 0.19082 -13
0.19991 -0.10308 92.15449 0 3.12500 -3.85000 90.38457 0.10322 -13
0.55691 0.11796 97.32958 0 -3.55000 -17.47500 85.17088 0.11587 -13
1.32889 -0.17899 91.12565 0 5.40000 -41.22500 55.34306 0.16846 -13
-1.62491 -0.00860 27.59220 0 0.22500 51.02500 14.46197 0.19214 13
2.17282 -0.23495 26.96862 0 7.05000 -64.47500 11.52665 0.24195 13
1.19533 -0.12274 69.20459 0 3.72500 -33.82500 44.60105 0.15743 -13
-0.92625 0.13635 79.87393 0 -4.10000 27.37500 58.84823 0.13793 -13
-0.94897 -0.26299 79.87393 0 7.95000 28.07500 58.84823 0.14133 -13
-0.04096 -0.23976 85.29143 0 7.25000 2.55000 85.22385 0.10365 -13
-0.86913 0.13445 82.51169 0 -4.05000 25.40000 62.51625 0.13410 -13
-0.89109 -0.26499 82.51169 0 8.00000 26.07500 62.51625 0.13751 -13
-1.51204 0.13257 37.74921 0 -3.97500 45.45000 20.94940 0.18303 -13
-1.55135 -0.26694 37.74921 0 8.07500 46.65000 20.94940 0.18786 -13
-0.51756 -0.18275 37.31893 0 5.50000 12.77500 33.25654 0.11487 13
0.00107 -0.23529 40.86180 0 7.07500 -4.10000 40.86178 0.10345 13
0.19109 -0.11217 44.34105 0 3.40000 -5.87500 43.56257 0.10314 -13
1.63952 -0.24936 59.66266 0 7.50000 -51.12500 31.75231 0.19498 13
0.11716 0.02764 84.98347 0 -0.85000 -5.40000 84.40659 0.10143 13
0.24178 -0.13895 41.90668 0 4.17500 -7.82500 40.75427 0.10454 13
-0.03315 -0.22532 56.49899 0 6.77500 1.37500 56.46946 0.10328 13
0.19448 -0.24354 93.20718 0 7.35000 -4.97500 91.58658 0.10548 13
-1.67263 0.12050 7.38300 0 -3.50000 52.10000 3.80802 0.19657 -13
1.10649 -0.20458 95.65442 0 6.17500 -35.57500 64.85823 0.15159 13
-0.34040 -0.02839 82.32392 0 0.85000 10.65000 77.93562 0.10642 13
-0.80940 0.07276 47.05226 0 -2.20000 23.67500 36.61157 0.12977 13
0.12126 -0.21633 93.50306 0 6.52500 -1.05000 92.85319 0.10376 -13
0.05098 0.00114 63.97933 0 -0.02500 -2.35000 63.89632 0.10083 -13
-0.08556 0.02669 26.81054 0 -0.82500 3.07500 26.71300 0.10111 13
-1.44624 0.12476 93.29133 0 -3.75000 44.17500 53.33461 0.17751 -13
-1.48853 -0.27524 93.29133 0 8.30000 45.47500 53.33461 0.18271 -13
2.02574 0.10895 12.08285 0 -3.20000 -61.15000 5.37352 0.22772 -13
2.14421 0.07366 34.56939 0 -2.25000 -63.97500 14.64365 0.23840 13
0.33915 -0.14294 21.28971 0 4.30000 -8.85000 20.18257 0.10730 13
-0.22275 0.05646 57.64198 0 -1.70000 7.35000 56.26708 0.10333 13
-0.12028 0.09844 42.09620 0 -2.97500 2.62500 41.79775 0.10192 13
0.23882 -0.21722 6.17391 0 6.45000 -6.65000 6.01237 0.10577 13
1.11764 0.03304 5.90742 0 -1.12500 -33.60000 3.93989 0.15112 13
0.34003 0.00099 2.12251 0 -0.27500 -10.25000 2.00941 0.10651 13
-0.72217 0.05910 9.10312 0 -1.72500 18.82500 7.38471 0.12435 -13
0.67321 -0.14548 50.48968 0 4.40000 -21.12500 42.01934 0.12228 -13
0.96449 -0.16606 80.81660 0 5.02500 -30.77500 58.54919 0.14092 -13
1.74931 0.01101 36.88296 0 -0.30000 -54.37500 18.30681 0.20290 -13
-1.70172 -0.04601 33.12504 0 1.35000 51.32500 16.79550 0.19881 13
0.54509 -0.02625 77.24716 0 0.77500 -15.82500 67.83060 0.11472 13
1.63256 -0.08815 44.60167 0 2.67500 -52.62500 23.36209 0.19302 -13
1.21186 -0.13077 44.73545 0 3.92500 -36.75000 28.61624 0.15876 13
1.07012 0.03739 77.77508 0 -1.15000 -30.40000 53.12192 0.14754 13
0.46392 0.00493 9.24121 0 -0.10000 -13.75000 8.38316 0.11102 -13
-1.51818 0.03803 90.25571 0 -1.15000 48.85000 49.67195 0.18311 13
-0.96862 -0.12141 48.49087 0 3.65000 28.42500 34.95371 0.14072 13
1.07859 -0.19878 14.80888 0 5.95000 -33.52500 10.17259 0.14943 13
0.04482 0.05284 75.74301 0 -1.60000 -1.15000 75.66726 0.10095 13
0.42909 0.14216 1.46575 0 -3.92500 -10.02500 1.34853 0.11066 -13
0.43826 -0.25607 1.46575 0 8.12500 -10.37500 1.34853 0.11364 -13
-0.84697 -0.00716 23.59307 0 0.20000 23.62500 18.00365 0.13196 13
-0.93127 -0.07173 85.62253 0 2.17500 28.52500 62.73397 0.13780 -13
-0.46950 -0.07110 32.82266 0 2.12500 15.37500 29.72421 0.11148 13
-0.06371 -0.16863 61.52768 0 5.07500 2.60000 61.40664 0.10232 13
-0.18177 0.11080 58.27884 0 -3.32500 4.97500 57.35034 0.10296 -13
-0.00078 0.01407 86.33172 0 -0.42500 0.02500 86.33169 0.10071 -13
0.00965 -0.12425 15.43889 0 3.77500 -0.05000 15.43819 0.10150 -13
-0.56945 -0.08084 63.41018 0 2.42500 17.85000 55.14611 0.11617 13
0.23911 -0.04355 43.58012 0 1.30000 -6.65000 42.38746 0.10363 13
1.23664 0.09797 32.45678 0 -2.97500 -38.55000 20.46757 0.16047 13
1.79775 0.01108 46.20363 0 -0.30000 -56.55000 22.46083 0.20716 -13
0.32709 -0.17091 41.30075 0 5.17500 -7.80000 39.30805 0.10735 -13
0.23930 0.11704 13.35835 0 -3.50000 -4.57500 12.99637 0.10420 -13
0.62388 0.13843 86.90123 0 -4.17500 -17.65000 73.92377 0.11951 13
0.63867 -0.26083 86.90123 0 7.85000 -18.10000 73.92377 0.12234 13
0.64526 -0.09098 41.84752 0 2.75000 -18.30000 35.20535 0.12020 -13
-0.31486 -0.12315 62.46266 0 3.72500 8.77500 59.61936 0.10631 -13
-0.27858 -0.23888 67.85566 0 7.20000 10.82500 65.49424 0.10726 13
-0.59823 0.08374 51.11137 0 -2.52500 17.60000 43.90228 0.11765 13
0.49995 0.06224 47.95964 0 -1.90000 -15.25000 42.91387 0.11276 13
-0.76224 0.10821 86.35568 0 -3.25000 23.67500 68.82502 0.12708 -13
0.40885 0.08787 9.69046 0 -2.60000 -14.97500 8.97487 0.10915 -13
0.24329 -0.04487 34.67519 0 1.37500 -7.92500 33.69414 0.10375 -13
-1.66033 -0.02649 18.57694 0 0.85000 50.12500 9.58687 0.19506 -13
-0.23896 -0.06678 86.76231 0 2.00000 6.00000 84.39657 0.10375 13
-1.08407 -0.15164 74.59392 0 4.57500 33.97500 50.88633 0.14932 -13
-1.16411 0.05339 18.38407 0 -1.65000 37.65000 11.98912 0.15465 13
-0.06646 0.00208 90.45974 0 -0.07500 1.40000 90.26059 0.10093 13
-0.10635 -0.11035 32.87537 0 3.32500 4.50000 32.69315 0.10187 13
1.57925 -0.17665 17.40875 0 5.37500 -45.25000 9.41486 0.18915 -13
0.38264 0.06137 70.68826 0 -1.85000 -9.87500 66.03611 0.10800 -13
0.46613 -0.19177 22.11087 0 5.80000 -16.32500 20.10418 0.11279 -13
1.23343 -0.15887 54.22875 0 4.77500 -37.60000 34.40760 0.16069 13
0.09410 -0.16126 41.86729 0 4.85000 -2.17500 41.68778 0.10244 13
0.07751 -0.01511 26.81823 0 0.42500 0.22500 26.73806 0.10102 13
-1.50090 -0.15181 15.16938 0 4.52500 46.35000 8.47736 0.18222 13
0.20316 -0.22460 52.02375 0 6.77500 -7.97500 51.03087 0.10521 13
-1.60108 -0.09756 70.40238 0 2.92500 47.95000 37.42211 0.19035 13
0.35761 -0.21429 25.70345 0 6.45000 -13.90000 24.26293 0.10909 13
0.03716 0.07619 86.29971 0 -2.30000 -1.97500 86.24056 0.10106 13
-0.38090 -0.17314 15.17943 0 5.20000 12.90000 14.21157 0.10914 13
1.97501 -0.24003 94.98641 0 7.22500 -57.70000 43.86901 0.22421 13
-0.35098 -0.13375 25.21856 0 4.05000 11.52500 23.81851 0.10758 -13
-1.47623 -0.00006 24.96320 0 0.02500 45.72500 13.99959 0.17957 -13
-1.52473 0.05565 95.03214 0 -1.67500 47.42500 52.17440 0.18370 -13
-0.65936 0.10868 68.60257 0 -3.27500 18.77500 57.37495 0.12112 -13
0.12225 -0.19314 59.38358 0 5.82500 -4.42500 58.96038 0.10330 13
0.71551 -0.10854 72.30991 0 3.27500 -23.82500 58.92337 0.12431 -13
0.13985 0.07803 81.23773 0 -2.35000 -3.97500 80.45938 0.10199 13
-0.62455 -0.23558 2.99551 0 6.90000 19.82500 2.55968 0.12096 13
-0.69546 0.09116 46.60992 0 -2.77500 19.47500 38.31706 0.12301 13
-0.43870 0.06379 37.34670 0 -1.92500 12.55000 34.21181 0.11015 13
0.14435 -0.04916 59.90167 0 1.47500 -6.82500 59.28862 0.10186 13
