-0.60342 -0.10085 62.61147 0 3.02500 16.35000 53.67967 0.11805 13
0.61776 0.12107 17.32377 0 -3.62500 -18.92500 14.76787 0.11898 -13
0.63670 -0.27907 17.32377 0 8.45000 -19.50000 14.76787 0.12269 -13
-0.80335 0.08929 58.77423 0 -2.67500 22.27500 45.89091 0.12948 -13
-0.67800 0.12396 33.98384 0 -3.75000 17.95000 28.19552 0.12231 13
-0.69805 -0.27611 33.98384 0 8.30000 18.52500 28.19552 0.12589 13
0.70365 -0.21456 14.11668 0 6.52500 -21.55000 11.62945 0.12506 -13
0.65901 -0.05270 83.30638 0 1.60000 -17.75000 69.58898 0.12073 -13
-2.14710 -0.15114 88.65434 0 4.57500 62.60000 37.77815 0.23902 -13
0.45471 -0.15459 10.13535 0 4.60000 -12.97500 9.24524 0.11169 13
4.13082 -0.54369 10.13535 0 4.05000 -44.72500 9.24524 0.46522 13
0.29920 0.06265 10.41047 0 -1.82500 -10.02500 9.97496 0.10530 -13
-0.48809 0.13018 38.57381 0 -3.92500 17.02500 34.72074 0.11282 -13
-0.50127 -0.26946 38.57381 0 8.15000 17.42500 34.72074 0.11588 -13
-0.35096 -0.00985 9.01516 0 0.25000 11.25000 8.50663 0.10674 13
0.11284 -0.01770 18.04791 0 0.50000 -4.07500 17.93410 0.10136 13
0.60734 -0.10006 61.80109 0 3.00000 -19.15000 52.89247 0.11825 13
-0.42363 0.02202 42.42316 0 -0.67500 11.72500 39.06403 0.10939 13
-1.28695 -0.12282 35.67305 0 3.67500 39.87500 21.99027 0.16457 13
0.94737 -0.92576 35.67305 0 3.52500 45.25000 21.99027 0.33405 13
0.59113 -0.11439 9.47794 0 3.50000 -17.90000 8.17255 0.11758 -13
-0.58269 -0.05348 34.96431 0 1.62500 15.57500 30.22075 0.11668 -13
-1.27254 0.13837 8.21436 0 -4.07500 38.87500 5.10516 0.16351 -13
-1.30256 -0.26051 8.21436 0 7.97500 39.82500 5.10516 0.16760 -13
0.62276 -0.20125 72.81943 0 6.07500 -17.22500 62.15171 0.12036 -13
0.09998 -0.00439 12.46278 0 0.17500 -3.02500 12.40096 0.10121 -13
0.16442 0.10078 82.31829 0 -3.05000 -7.47500 81.23831 0.10256 13
-0.01357 0.13076 45.73283 0 -3.92500 -0.47500 45.72868 0.10157 -13
-0.01395 -0.26887 45.73283 0 8.12500 -0.45000 45.72868 0.10430 -13
-0.07443 0.03032 5.68119 0 -1.00000 3.47500 5.66553 0.10105 13
-0.09699 -0.07531 91.90301 0 2.27500 2.20000 91.47619 0.10146 -13
-0.35077 0.14894 88.54465 0 -4.50000 9.72500 83.65319 0.10770 13
-0.35760 -0.24986 88.54465 0 7.52500 9.95000 83.65319 0.10987 13
-1.25802 0.05045 83.19674 0 -1.52500 35.12500 51.80978 0.16191 -13
-0.92097 0.14262 20.79975 0 -4.32500 28.92500 15.37013 0.13768 13
-0.94123 -0.25646 20.79975 0 7.70000 29.52500 15.37013 0.14065 13
0.03898 0.05286 36.64140 0 -1.57500 1.00000 36.61369 0.10092 -13
-1.00740 -0.21647 97.50910 0 6.52500 29.52500 69.48241 0.14459 13
1.64564 -0.19775 40.49984 0 5.95000 -50.20000 21.32733 0.19490 13
1.59721 -0.15114 63.58492 0 4.55000 -48.00000 34.01696 0.19035 13
0.50389 0.01772 27.89146 0 -0.55000 -15.00000 24.90893 0.11278 13
0.06503 -0.24544 92.67978 0 7.40000 -0.52500 92.49550 0.10390 -13
1.36092 -0.18623 29.54139 0 5.60000 -43.37500 17.68624 0.17107 13
-0.02958 -0.03141 39.04938 0 0.92500 1.80000 39.03233 0.10080 13
-0.30879 -0.06556 38.51856 0 2.00000 8.65000 36.81072 0.10560 -13
-0.62200 0.08464 98.44298 0 -2.55000 18.07500 83.67504 0.11890 13
0.78302 0.11937 37.65824 0 -3.62500 -23.62500 29.72946 0.12848 13
0.80764 -0.28102 37.65824 0 8.45000 -24.35000 29.72946 0.13248 13
1.83367 -0.00005 64.12965 0 0.02500 -56.27500 30.70441 0.21033 -13
-1.17913 0.01388 14.55189 0 -0.37500 35.75000 9.41273 0.15570 -13
0.22003 -0.08470 38.60102 0 2.57500 -8.55000 37.70603 0.10347 -13
-0.61703 -0.12522 5.54052 0 3.67500 15.42500 4.72509 0.11897 13
0.34818 -0.16106 24.19416 0 4.82500 -7.10000 22.88011 0.10785 13
-0.44337 -0.10178 90.23567 0 3.07500 14.45000 82.56086 0.11063 13
-0.23913 0.06220 87.72496 0 -1.87500 10.25000 85.32845 0.10373 13
-0.54910 -0.21683 31.16008 0 6.55000 16.70000 27.45655 0.11696 -13
0.63530 0.01952 67.56952 0 -0.57500 -19.27500 57.03670 0.11932 -13
-0.57476 0.00558 97.27626 0 -0.17500 16.85000 84.33841 0.11615 13
2.05579 -0.05542 50.76164 0 1.70000 -61.82500 22.23175 0.23030 -13
0.00530 0.03729 67.03658 0 -1.12500 1.60000 67.03564 0.10078 -13
0.14678 -0.01810 48.25364 0 0.52500 -4.10000 47.74227 0.10180 13
0.32318 0.00490 98.79316 0 -0.15000 -10.17500 94.00583 0.10583 -13
-0.45115 -0.23679 89.53818 0 7.12500 13.82500 81.98554 0.11302 13
1.60797 -0.03727 68.08160 0 1.12500 -47.72500 35.97225 0.19073 -13
0.74553 0.04828 69.72704 0 -1.45000 -19.45000 55.92474 0.12571 -13
0.44713 -0.02201 51.33277 0 0.67500 -15.20000 46.86355 0.11034 -13
-1.50634 0.10444 89.94648 0 -3.15000 44.17500 49.93530 0.18237 -13
1.50241 0.10000 81.80579 0 -3.00000 -47.10000 45.48375 0.18202 -13
1.13040 -0.19000 3.79908 0 5.52500 -33.40000 2.54195 0.15308 13
-0.58730 -0.20026 8.14071 0 6.12500 19.80000 7.05486 0.11857 -13
-1.06840 -0.18483 1.99483 0 5.20000 30.70000 1.37538 0.14842 13
0.68073 -0.12153 87.12951 0 3.67500 -18.17500 72.19167 0.12244 -13
-1.08593 -0.22632 49.49052 0 6.85000 30.60000 33.97562 0.15042 -13
-0.01120 -0.23665 21.11660 0 7.12500 -0.32500 21.11534 0.10348 13
-1.27765 -0.14030 25.30792 0 4.20000 37.80000 15.69353 0.16396 13
0.82123 0.12890 26.03074 0 -3.87500 -25.25000 20.18336 0.13094 -13
0.84384 -0.27077 26.03074 0 8.20000 -25.95000 20.18336 0.13459 -13
-1.16421 -0.07924 74.57479 0 2.37500 33.67500 48.67920 0.15476 13
-0.80907 -0.21487 62.94937 0 6.50000 25.42500 49.37119 0.13134 -13
1.37873 0.09525 81.24712 0 -2.87500 -39.42500 47.84438 0.17179 13
-0.78886 -0.15849 84.90884 0 4.77500 21.95000 66.97848 0.12925 13
0.81956 0.01396 96.94542 0 -0.42500 -24.02500 74.98418 0.13021 -13
1.60638 0.14470 67.15870 0 -4.35000 -49.75000 35.75745 0.19109 -13
1.64046 -0.25425 67.15870 0 7.67500 -50.77500 35.75745 0.19518 -13
-0.25051 -0.07084 95.01823 0 2.12500 7.27500 92.18376 0.10405 13
0.15182 0.09693 96.88421 0 -2.92500 -3.90000 95.79660 0.10232 -13
-2.02873 -0.16049 73.62977 0 4.82500 60.87500 32.88756 0.22831 13
-0.42240 -0.04295 47.79053 0 1.30000 11.25000 44.03031 0.10941 -13
-1.38689 0.07631 24.84877 0 -2.32500 40.67500 14.56085 0.17237 13
-1.32738 -0.03495 79.00410 0 1.07500 38.72500 47.55663 0.16740 -13
0.22734 0.09686 84.88194 0 -2.92500 -4.52500 82.78885 0.10373 13
-0.10493 -0.07015 15.37666 0 2.15000 3.45000 15.29309 0.10152 -13
1.60311 0.03314 49.42666 0 -0.97500 -48.07500 26.16986 0.19031 -13
0.03248 0.07188 37.21497 0 -2.17500 -0.87500 37.19547 0.10102 13
0.54214 -0.14821 13.86492 0 4.50000 -15.22500 12.21876 0.11555 -13
-0.63345 0.11995 93.62529 0 -3.62500 17.25000 79.25350 0.11982 13
-0.65319 -0.28036 93.62529 0 8.45000 17.82500 79.25350 0.12355 13
-0.21291 -0.13638 14.32551 0 4.07500 7.30000 14.01711 0.10386 13
-1.01467 0.05734 47.70239 0 -1.75000 32.22500 33.51204 0.14358 13
0.99637 -0.13181 18.31481 0 4.02500 -31.62500 13.02982 0.14280 -13
0.98337 -0.14755 43.95289 0 4.42500 -27.55000 31.50450 0.14201 13
0.01660 0.02429 97.33166 0 -0.72500 -1.27500 97.31826 0.10075 -13
1.61137 0.06651 20.70371 0 -2.05000 -51.55000 10.93430 0.19112 13
0.27320 0.00383 60.51894 0 -0.12500 -9.15000 58.37949 0.10439 13
0.00362 0.09549 7.39276 0 -2.82500 0.20000 7.39271 0.10115 -13
0.07514 -0.14095 29.78770 0 4.27500 -1.00000 29.70555 0.10199 -13
0.76347 -0.01107 58.04611 0 0.32500 -23.65000 46.13787 0.12670 13
0.82334 -0.03270 32.04387 0 0.97500 -24.77500 24.74362 0.13048 13
0.55158 0.05063 35.64860 0 -1.50000 -16.67500 31.22452 0.11512 -13
-0.51166 0.12028 82.15975 0 -3.62500 17.65000 73.25024 0.11376 -13
-0.52753 -0.27996 82.15975 0 8.45000 18.12500 73.25024 0.11730 -13
-0.29920 -0.05343 16.88734 0 1.57500 10.32500 16.18061 0.10525 13
1.62126 -0.10851 57.29287 0 3.30000 -49.32500 30.20480 0.19215 -13
-0.90922 0.11171 67.92001 0 -3.37500 24.85000 50.39412 0.13658 13
-2.05657 -0.09367 34.25257 0 2.85000 60.62500 15.03200 0.23050 -13
1.03091 -0.21263 51.61244 0 6.40000 -29.05000 36.34229 0.14620 13
0.21639 -0.20273 84.70366 0 6.10000 -7.10000 82.86083 0.10503 13
-0.23875 -0.02158 44.14451 0 0.65000 7.87500 42.93816 0.10356 13
-1.75870 0.08303 38.49261 0 -2.52500 52.67500 19.07673 0.20392 13
-0.76376 -0.23865 71.07616 0 7.20000 23.10000 57.05510 0.12898 -13
-0.93216 -0.16847 15.82425 0 5.02500 24.35000 11.64974 0.13868 13
-0.08765 0.05428 87.60660 0 -1.65000 0.52500 87.27294 0.10124 13
1.85547 -0.01386 1.61368 0 1.05000 -55.20000 0.76469 0.21311 -13
1.26142 0.54622 1.61368 0 1.00000 -55.35000 0.76469 0.21374 -13
-1.11221 -0.66741 1.61368 0 1.75000 -57.37500 0.76469 0.22540 -13
0.92934 -0.10220 24.38931 0 3.10000 -27.55000 17.90851 0.13787 -13
-0.67923 -0.08556 82.47798 0 2.57500 23.10000 68.30611 0.12204 13
1.01939 -0.12404 24.85989 0 3.72500 -30.37500 17.47624 0.14433 13
0.54229 -0.12801 22.58404 0 3.82500 -15.85000 19.88913 0.11527 13
0.06527 -0.08718 26.42923 0 2.60000 -0.62500 26.37354 0.10129 13
-1.26941 0.01920 3.97483 0 -0.77500 38.95000 2.46010 0.16282 13
-1.00776 -0.21602 5.59727 0 6.37500 33.67500 3.98821 0.14448 13
0.13307 -0.11659 28.81850 0 3.50000 -2.80000 28.57001 0.10226 13
-0.55334 -0.09752 54.57614 0 2.92500 15.12500 47.80586 0.11551 13
0.16693 -0.24177 26.91122 0 7.27500 -5.27500 26.56373 0.10495 13
0.19488 0.01188 39.55872 0 -0.35000 -6.47500 38.82840 0.10260 -13
0.17933 -0.07937 18.81382 0 2.37500 -9.82500 18.52030 0.10261 13
0.86369 -0.16662 13.56227 0 4.97500 -25.27500 10.32342 0.13409 13
1.55182 0.01569 75.47322 0 -0.45000 -49.97500 40.88587 0.18591 -13
-1.15795 -0.03849 84.38065 0 1.17500 33.47500 55.17499 0.15412 -13
0.68250 -0.12417 41.81663 0 3.72500 -20.32500 34.62278 0.12256 13
1.94395 0.11693 77.82332 0 -3.52500 -58.27500 35.79074 0.22045 -13
-0.09367 0.10798 85.03609 0 -3.27500 4.30000 84.66978 0.10173 13
-0.12992 -0.23027 9.91067 0 7.00000 3.92500 9.83212 0.10421 -13
0.31783 -0.13135 67.05079 0 3.95000 -7.90000 63.95065 0.10649 13
1.86842 -0.05106 90.14338 0 1.52500 -55.80000 42.58037 0.21348 13
-0.80435 -0.10244 25.74079 0 3.07500 23.45000 20.09823 0.12964 13
0.21871 -0.05344 59.12134 0 1.60000 -5.37500 57.75993 0.10322 13
-1.60684 -0.05439 62.60144 0 1.62500 50.12500 33.11231 0.19066 13
0.41688 0.05427 99.83895 0 -1.62500 -12.27500 92.17226 0.10924 -13
-0.09745 -0.14001 70.25329 0 4.22500 2.12500 69.92835 0.10216 -13
-1.25908 -0.18204 28.90725 0 5.52500 40.25000 18.15736 0.16299 -13
-0.89041 -0.23897 38.84842 0 7.22500 24.47500 29.36665 0.13699 -13
0.26579 0.13137 52.59047 0 -3.97500 -8.82500 50.85425 0.10504 13
0.27285 -0.26826 52.59047 0 8.07500 -9.05000 50.85425 0.10781 13
-0.43799 0.07066 90.55719 0 -2.12500 13.75000 82.98284 0.11017 13
0.41117 -0.14265 53.85077 0 4.30000 -13.15000 49.87674 0.10983 13
-0.95369 -0.20566 35.94310 0 6.22500 30.87500 26.26590 0.14071 -13
0.25346 -0.22947 93.43508 0 6.92500 -6.35000 90.70828 0.10642 13
1.78761 -0.12808 76.46722 0 3.87500 -52.87500 37.56377 0.20669 -13
0.78338 -0.10990 23.71752 0 3.30000 -21.17500 18.71296 0.12839 13
0.39839 -0.07998 63.88421 0 2.42500 -12.12500 59.37376 0.10870 -13
-2.03183 0.06492 10.33435 0 -2.07500 60.57500 4.57067 0.22823 13
0.89013 -0.05270 77.03341 0 1.60000 -25.70000 57.57519 0.13493 -13
-1.25740 -0.01627 64.43908 0 0.47500 37.62500 40.11283 0.16179 13
-0.23820 -0.12660 55.85831 0 3.82500 8.90000 54.36102 0.10431 -13
-0.59608 0.11732 23.97142 0 -3.55000 16.35000 20.62756 0.11784 13
-1.34554 0.05477 49.63333 0 -1.62500 37.12500 29.63534 0.16891 -13
-0.00326 -0.18995 57.73539 0 5.72500 0.80000 57.73509 0.10250 13
-0.41485 0.05199 39.23408 0 -1.55000 12.70000 36.24640 0.10914 -13
1.16465 -0.17726 73.56785 0 5.32500 -36.80000 48.35103 0.15560 13
0.02673 -0.18663 60.78592 0 5.65000 -0.75000 60.76496 0.10248 -13
2.11613 -0.24601 17.20172 0 7.35000 -63.80000 7.52725 0.23688 13
-0.14445 0.04370 75.99368 0 -1.32500 4.87500 75.21448 0.10185 13
0.13842 -0.04193 35.78603 0 1.27500 -5.77500 35.44863 0.10175 -13
1.23677 0.02735 27.55069 0 -0.85000 -37.82500 17.32674 0.16019 13
-0.56900 -0.11675 4.13717 0 3.37500 17.87500 3.60202 0.11643 13
0.39810 0.14803 53.34152 0 -4.47500 -13.20000 49.63181 0.10941 13
0.40602 -0.25083 53.34152 0 7.55000 -13.42500 49.63181 0.11157 13
1.29513 0.14278 59.36762 0 -4.32500 -38.37500 36.51108 0.16542 13
1.32361 -0.25631 59.36762 0 7.72500 -39.22500 36.51108 0.16902 13
-0.25786 -0.04135 17.47690 0 1.27500 6.87500 16.92415 0.10409 -13
1.25176 -0.21255 2.47612 0 6.75000 -38.37500 1.56621 0.16330 -13
-1.35990 -0.19129 99.15043 0 5.77500 41.50000 59.42377 0.17108 -13
-0.09557 -0.17613 96.69126 0 5.32500 5.15000 96.26586 0.10270 -13
0.19952 -0.01728 76.71135 0 0.52500 -6.25000 75.22910 0.10270 -13
-1.92690 -0.17374 37.19787 0 5.27500 56.02500 17.33733 0.21921 -13
-0.44878 0.02826 16.18813 0 -0.82500 12.60000 14.77007 0.11041 -13
-0.43485 0.05092 78.67924 0 -1.55000 11.70000 72.16738 0.10994 13
-1.25628 -0.23491 39.89304 0 7.10000 37.35000 25.25247 0.16345 -13
-0.04732 -0.23477 9.82027 0 7.02500 2.55000 9.80988 0.10351 13
-0.48806 -0.07145 33.69330 0 2.15000 17.50000 30.29449 0.11228 13
0.06165 -0.01880 32.53015 0 0.55000 -4.02500 32.46853 0.10091 13
-1.03846 0.04776 83.67683 0 -1.45000 34.52500 58.07624 0.14526 13
0.55775 -0.10091 92.97912 0 3.05000 -16.55000 81.29982 0.11576 -13
-0.23652 -0.16618 70.71452 0 5.00000 8.47500 68.86505 0.10482 13
-1.38246 0.10406 98.79764 0 -3.15000 42.17500 58.10876 0.17215 13
-1.21185 -0.15361 24.52292 0 4.60000 36.05000 15.71615 0.15895 13
-0.29621 -0.19920 93.11331 0 6.02500 11.50000 89.41665 0.10694 -13
-0.98985 -0.00311 54.34762 0 0.07500 29.92500 38.62537 0.14170 13
-0.02777 0.02594 93.37283 0 -0.80000 -0.35000 93.33686 0.10078 13
0.79830 -0.20883 16.69988 0 6.25000 -26.60000 13.15872 0.13053 13
-0.13021 0.09497 90.03796 0 -2.87500 5.85000 89.29095 0.10201 13
1.09234 -0.04219 5.58704 0 1.15000 -29.02500 3.77457 0.14920 13
-1.96003 -0.16502 71.24108 0 4.97500 61.95000 32.72183 0.22219 13
1.93576 0.02856 5.54254 0 -0.67500 -59.55000 2.54469 0.21943 -13
-0.77393 0.03428 73.34183 0 -1.02500 25.52500 58.01310 0.12739 -13
-1.03262 0.12635 25.63370 0 -3.85000 31.50000 17.90546 0.14533 13
-1.06217 -0.27358 25.63370 0 8.22500 32.37500 17.90546 0.14943 13
1.59286 0.06615 59.14583 0 -1.97500 -46.40000 31.49720 0.18951 -13
-0.86083 -0.24414 71.41397 0 7.35000 29.25000 54.78354 0.13512 13
0.21698 -0.17850 40.67549 0 5.40000 -7.97500 39.77805 0.10461 -13
0.52704 -0.02230 85.86493 0 0.67500 -15.92500 75.96493 0.11385 -13
-1.86620 -0.14646 84.76873 0 4.40000 57.05000 40.36840 0.21371 13
-1.87907 -0.17696 85.46509 0 5.32500 60.00000 40.63404 0.21509 13
0.25953 0.03098 47.22356 0 -0.92500 -10.85000 45.71056 0.10409 -13
0.48210 -0.01473 69.35497 0 0.45000 -14.27500 62.47496 0.11180 -13
-0.15322 0.11731 61.77333 0 -3.55000 3.72500 61.07025 0.10257 13
-1.91155 -0.10686 50.90765 0 3.25000 59.10000 23.70381 0.21752 -13
1.30174 0.09989 59.64549 0 -3.00000 -39.55000 36.45009 0.16560 -13
0.35768 0.12601 65.19056 0 -3.80000 -11.60000 61.43689 0.10771 13
0.36795 -0.27392 65.19056 0 8.25000 -11.92500 61.43689 0.11079 13
-0.09170 -0.07180 88.25529 0 2.15000 1.70000 87.88847 0.10138 13
-1.48925 0.12474 62.51015 0 -3.75000 47.25000 35.03200 0.18106 -13
-1.53279 -0.27521 62.51015 0 8.32500 48.55000 35.03200 0.18639 -13
-0.78739 -0.03022 89.26674 0 0.90000 22.30000 70.14712 0.12821 13
-1.67707 -0.23694 66.15839 0 7.17500 51.20000 34.56684 0.19810 -13
-0.15213 -0.01770 23.46686 0 0.52500 5.52500 23.20005 0.10188 13
1.08749 0.06117 15.64865 0 -1.80000 -33.57500 10.60268 0.14890 -13
0.74714 -0.08719 99.57773 0 2.62500 -24.77500 79.88007 0.12601 -13
0.75618 -0.16475 54.64482 0 4.97500 -19.67500 43.79763 0.12734 -13
1.97359 -0.00254 93.16098 0 0.07500 -57.12500 42.10704 0.22280 13
1.23711 -0.21527 3.06677 0 6.77500 -36.80000 1.95362 0.16212 -13
1.28660 0.02170 31.47795 0 -0.67500 -42.35000 19.31993 0.16412 13
1.29230 0.03950 71.48695 0 -1.20000 -38.27500 43.77050 0.16460 13
-0.97166 0.12347 5.89228 0 -3.85000 28.15000 4.24153 0.14105 13
-1.00074 -0.27710 5.89228 0 8.22500 28.97500 4.24153 0.14502 13
0.99783 -0.02434 9.48865 0 0.80000 -31.17500 6.71757 0.14230 -13
-0.32990 -0.06249 75.91536 0 1.87500 6.57500 72.10724 0.10623 13
0.15821 -0.06549 2.30222 0 2.20000 -6.80000 2.27404 0.10233 -13
-1.99924 -0.08979 72.39037 0 2.70000 60.45000 32.48875 0.22527 13
-1.25335 -0.04477 70.15729 0 1.35000 35.85000 43.78254 0.16154 -13
-0.47653 -0.05591 81.16434 0 1.67500 13.17500 73.29152 0.11169 13
-0.29801 -0.20177 77.76965 0 6.10000 6.37500 74.64994 0.10703 -13
0.65552 -0.09217 45.52009 0 2.77500 -19.32500 38.11813 0.12076 13
-1.98681 -0.12434 29.21928 0 3.77500 60.75000 13.21793 0.22437 -13
0.20594 -0.04184 80.24767 0 1.27500 -6.55000 78.60108 0.10291 -13
-0.01409 -0.21866 76.72039 0 6.60000 0.77500 76.71311 0.10310 -13
-1.37242 -0.21188 43.13971 0 6.37500 40.12500 25.76861 0.17231 13
0.63523 -0.17503 67.88618 0 5.27500 -19.17500 57.54912 0.12059 13
0.17004 0.12511 72.09653 0 -3.77500 -5.60000 71.09138 0.10292 -13
0.17498 -0.27483 72.09653 0 8.30000 -5.75000 71.09138 0.10592 -13
1.79180 -0.18450 43.70488 0 5.60000 -53.00000 21.57127 0.20750 -13
0.77877 -0.11000 9.27909 0 3.25000 -24.72500 7.33722 0.12809 13
1.24097 0.09254 34.77130 0 -2.77500 -34.47500 21.87440 0.16075 -13
-0.71020 -0.21530 95.73425 0 6.50000 23.17500 78.63874 0.12541 -13
-2.03285 0.06625 94.76813 0 -2.00000 61.02500 41.90504 0.22825 13
-0.23850 -0.03903 48.18294 0 1.17500 6.50000 46.87023 0.10360 13
-0.02543 -0.15864 62.32796 0 4.80000 3.37500 62.30831 0.10200 -13
1.20208 0.05431 63.24475 0 -1.65000 -35.97500 40.48254 0.15755 13
0.38487 -0.16640 79.82752 0 5.00000 -14.55000 74.63000 0.10919 13
-0.10448 0.00900 82.09969 0 -0.27500 3.57500 81.65517 0.10125 13
1.15708 -0.23753 82.05714 0 7.17500 -34.37500 54.49533 0.15586 -13
0.88998 -0.20274 31.82438 0 6.12500 -28.62500 23.98274 0.13637 -13
-1.09577 -0.15043 67.00764 0 4.55000 34.27500 45.44452 0.15016 -13
-1.13764 0.07456 51.24250 0 -2.22500 33.15000 33.88410 0.15272 -13
-0.33183 -0.13197 75.69352 0 3.97500 8.20000 71.90256 0.10693 13
0.55437 -0.15887 33.50351 0 4.77500 -16.90000 29.38731 0.11625 13
-1.81674 -0.00580 9.39333 0 0.27500 53.90000 4.52985 0.20885 -13
1.90983 0.08639 99.68984 0 -2.60000 -57.97500 46.37811 0.21727 -13
1.83071 0.11631 7.47204 0 -3.37500 -53.75000 3.60075 0.21029 -13
0.15855 -0.07025 72.19490 0 2.12500 -2.00000 71.30855 0.10221 -13
-1.76312 -0.00907 64.71706 0 0.30000 52.40000 31.92888 0.20413 -13
-1.81461 -0.20328 10.63347 0 6.22500 53.47500 5.21188 0.20981 -13
-0.09563 -0.11515 70.75947 0 3.47500 2.72500 70.44230 0.10182 13
-0.00629 -0.04452 44.16493 0 1.32500 0.25000 44.16406 0.10080 13
-0.09860 0.06811 5.12315 0 -2.15000 2.75000 5.09847 0.10147 13
1.91472 0.02047 55.52402 0 -0.62500 -58.32500 25.70805 0.21756 13
1.00032 -0.06424 83.07707 0 1.95000 -27.67500 58.79465 0.14259 -13
0.24831 0.05681 46.29936 0 -1.70000 -5.77500 44.93890 0.10392 -13
1.79759 -0.23415 38.11984 0 7.05000 -58.25000 18.91077 0.20845 13
-0.91658 -0.22756 4.26899 0 7.02500 25.52500 3.18292 0.13873 -13
2.09450 -0.12946 15.27092 0 3.97500 -64.25000 6.62272 0.23422 -13
-0.58071 0.01793 56.99217 0 -0.52500 16.70000 49.28684 0.11646 -13
0.03907 0.09109 4.14635 0 -2.62500 -1.47500 4.14319 0.10120 -13
-1.46223 0.07771 82.91324 0 -2.32500 42.40000 46.90010 0.17856 -13
0.43300 -0.13653 54.60718 0 4.10000 -13.80000 50.18369 0.11059 13
0.27586 -0.20361 83.07391 0 6.15000 -11.20000 80.19548 0.10646 -13
0.49594 -0.08719 38.73958 0 2.62500 -15.52500 34.73165 0.11274 13
0.28151 -0.02166 12.88392 0 0.62500 -6.75000 12.40219 0.10464 13
0.84117 -0.13635 79.87924 0 4.10000 -27.37500 61.36102 0.13230 13
2.00212 -0.09445 8.94872 0 2.97500 -60.12500 4.01257 0.22569 -13
-0.00780 -0.08346 82.25058 0 2.50000 -0.02500 82.24810 0.10106 13
-2.12031 0.09552 87.62989 0 -2.90000 63.77500 37.51773 0.23629 13
0.12309 -0.02149 36.71992 0 0.65000 -5.22500 36.44502 0.10149 -13
-0.39895 -0.00121 79.90831 0 0.05000 12.57500 74.22000 0.10842 -13
-0.78109 -0.06505 95.99201 0 1.95000 23.80000 75.71038 0.12795 13
0.44790 0.08612 62.72417 0 -2.60000 -15.20000 57.27943 0.11069 13
-0.67379 -0.19775 9.05918 0 6.02500 18.67500 7.55762 0.12311 -13
1.15564 -0.16504 32.31242 0 5.00000 -33.55000 21.30626 0.15481 -13
1.07832 -0.06400 42.09248 0 1.95000 -33.95000 28.65293 0.14825 -13
-0.66434 -0.10977 10.44195 0 3.25000 20.92500 8.71317 0.12139 13
0.55572 0.13958 72.57485 0 -4.22500 -12.72500 63.58119 0.11607 13
0.56863 -0.25964 72.57485 0 7.82500 -13.10000 63.58119 0.11875 13
-1.89866 -0.24651 92.69334 0 7.45000 58.85000 44.19800 0.21753 -13
-1.27895 0.02424 72.66469 0 -0.72500 38.77500 44.76687 0.16350 -13
-0.11056 -0.15706 49.63412 0 4.75000 4.65000 49.34075 0.10255 -13
0.14667 -0.16184 39.41215 0 4.90000 -3.95000 39.00544 0.10309 -13
-1.33261 0.04853 55.76633 0 -1.47500 41.75000 33.49657 0.16785 13
-0.28405 0.14025 30.57561 0 -4.25000 9.75000 29.43326 0.10565 13
-0.29056 -0.25892 30.57561 0 7.80000 9.95000 29.43326 0.10805 13
-1.09098 -0.12501 50.14730 0 3.77500 34.92500 34.02710 0.14957 -13
-0.47788 0.06784 41.78270 0 -2.02500 18.90000 37.71533 0.11182 -13
0.29801 0.10721 45.00040 0 -3.22500 -10.22500 43.14631 0.10563 -13
0.76241 -0.03515 44.76131 0 1.07500 -23.25000 35.60404 0.12669 -13
0.25047 0.10130 33.69728 0 -3.07500 -6.40000 32.69732 0.10433 13
0.50932 -0.13821 19.30351 0 4.15000 -15.92500 17.23419 0.11385 13
1.32690 -0.19902 85.56095 0 6.02500 -40.00000 52.13296 0.16853 -13
-0.17047 0.09783 12.81243 0 -3.00000 3.75000 12.63199 0.10265 13
-1.49341 0.14962 39.08563 0 -4.50000 46.15000 21.91395 0.18159 -13
-1.52215 -0.24912 39.08563 0 7.52500 47.02500 21.91395 0.18514 -13
1.91207 0.13687 84.78578 0 -4.12500 -58.62500 39.57946 0.21773 -13
1.95854 -0.26245 84.78578 0 7.92500 -60.05000 39.57946 0.22306 -13
-0.56222 -0.18364 88.58145 0 5.52500 18.70000 77.51893 0.11700 13
1.67929 -0.09216 16.95484 0 2.72500 -50.80000 8.70176 0.19702 13
-0.58104 -0.04259 31.31800 0 1.27500 19.32500 27.08533 0.11655 13
0.88837 0.09045 11.00171 0 -2.80000 -28.87500 8.23938 0.13505 13
0.12357 0.00874 13.87752 0 -0.30000 -2.57500 13.77272 0.10148 13
-0.03808 -0.22659 29.76014 0 6.85000 0.27500 29.73963 0.10334 -13
0.31501 -0.03047 39.56402 0 0.90000 -7.87500 37.73763 0.10562 13
-1.83924 0.02633 36.44482 0 -0.77500 54.62500 17.41335 0.21084 -13
0.65193 -0.13095 11.05311 0 4.00000 -17.40000 9.28226 0.12097 -13
1.00637 -0.09530 89.13214 0 2.87500 -32.65000 62.96768 0.14319 13
0.20317 -0.00727 85.08578 0 0.22500 -6.97500 83.38244 0.10276 13
-1.28333 0.12540 25.28921 0 -3.82500 40.87500 15.61907 0.16435 13
-1.32042 -0.27462 25.28921 0 8.25000 41.97500 15.61907 0.16904 13
0.37657 -0.14049 68.98159 0 4.22500 -9.20000 64.63364 0.10853 13
0.09916 -0.01097 14.14621 0 0.30000 -3.20000 14.07700 0.10121 13
1.35258 -0.10470 27.98885 0 3.12500 -38.57500 16.69750 0.16971 13
1.49328 0.12008 67.57854 0 -3.62500 -40.85000 37.78818 0.18140 13
1.53976 -0.28026 67.57854 0 8.45000 -42.25000 37.78818 0.18701 13
-0.66979 -0.14574 84.09258 0 4.40000 20.60000 70.09475 0.12209 13
0.29717 0.00396 44.89886 0 -0.10000 -6.67500 43.03865 0.10506 -13
0.60612 -0.02745 66.04082 0 0.82500 -18.62500 56.48217 0.11779 13
0.33678 -0.11884 76.36953 0 3.57500 -10.35000 72.42669 0.10692 13
0.76014 0.04589 67.52712 0 -1.37500 -24.62500 53.77951 0.12658 -13
0.31005 -0.18082 95.97821 0 5.45000 -10.92500 91.80047 0.10700 -13
0.21285 0.07925 90.74163 0 -2.37500 -5.50000 88.76541 0.10327 -13
0.03159 -0.09893 29.78329 0 2.97500 -3.55000 29.76860 0.10124 13
-0.39298 0.12039 57.11403 0 -3.65000 12.55000 53.20757 0.10888 13
-0.40515 -0.28025 57.11403 0 8.42500 12.90000 53.20757 0.11224 13
-0.25482 -0.09253 35.67421 0 2.80000 11.37500 34.57853 0.10435 -13
0.74350 -0.10333 56.49469 0 3.10000 -24.00000 45.42235 0.12591 13
0.33022 0.10686 22.29966 0 -3.20000 -11.72500 21.18680 0.10659 -13
0.08657 0.09693 57.83662 0 -2.92500 -3.10000 57.62308 0.10155 -13
-0.39307 0.04938 31.88971 0 -1.50000 10.25000 29.68408 0.10832 13
-0.02081 -0.17293 34.40175 0 5.20000 -1.02500 34.39452 0.10221 13
-0.01693 -0.18721 31.87490 0 5.67500 0.05000 31.87048 0.10243 -13
-0.68875 -0.13856 15.79066 0 4.15000 20.47500 13.04402 0.12305 13
-0.15160 -0.20616 38.70816 0 6.20000 3.00000 38.28843 0.10393 13
-0.95681 0.08226 66.45534 0 -2.50000 29.25000 48.09354 0.13963 13
0.82139 -0.01072 17.66329 0 0.35000 -24.65000 13.64916 0.13033 -13
-0.97368 -0.11294 73.66033 0 3.40000 29.82500 52.93799 0.14101 13
-0.12063 -0.02385 17.89157 0 0.75000 2.55000 17.76285 0.10146 -13
-0.16444 -0.04004 65.20460 0 1.22500 2.52500 64.34182 0.10214 -13
-0.14979 -0.05738 37.65821 0 1.75000 3.32500 37.24392 0.10199 -13
1.51110 -0.06826 72.15295 0 2.07500 -45.10000 39.88330 0.18262 -13
-0.71018 -0.02970 67.73995 0 0.90000 19.70000 55.23723 0.12355 -13
-0.63735 -0.17378 49.43917 0 5.22500 19.30000 41.86860 0.12069 13
-0.00749 -0.04503 30.45725 0 1.37500 0.90000 30.45640 0.10081 -13
-0.06326 -0.06345 39.86532 0 1.90000 3.72500 39.78613 0.10110 13
1.34972 0.01712 58.54150 0 -0.50000 -43.67500 34.85340 0.16917 -13
-1.72871 0.10340 39.55192 0 -3.10000 52.72500 19.88241 0.20138 -13
1.10086 0.04778 2.90955 0 -1.20000 -31.47500 1.95773 0.14988 -13
-2.13302 -0.09851 27.81035 0 2.92500 64.07500 11.85250 0.23740 13
0.68161 -0.05156 50.15024 0 1.55000 -20.77500 41.45699 0.12198 13
0.28819 -0.15278 36.63176 0 4.60000 -9.40000 35.23005 0.10592 13
0.97679 -0.08618 3.66665 0 2.77500 -29.07500 2.62744 0.14119 -13
-1.13321 -0.14760 22.50848 0 4.42500 33.15000 14.98288 0.15290 13
-0.57944 0.04724 38.55444 0 -1.40000 16.42500 33.36810 0.11648 -13
0.30613 -0.01063 84.80327 0 0.32500 -8.95000 81.08913 0.10532 -13
0.02771 -0.20349 77.55842 0 6.15000 3.07500 77.52985 0.10281 -13
1.49292 -0.14194 69.75777 0 4.30000 -46.05000 39.08873 0.18154 -13
1.51428 -0.16590 16.04260 0 5.05000 -44.95000 8.92474 0.18355 -13
0.33508 0.06730 99.79737 0 -2.02500 -10.27500 94.64775 0.10642 13
0.76710 -0.21318 96.97893 0 6.45000 -23.52500 77.57392 0.12873 -13
1.02505 0.05664 35.32696 0 -1.72500 -31.72500 24.68976 0.14433 13
1.43702 0.13013 49.16369 0 -3.95000 -42.82500 28.24069 0.17681 13
1.47586 -0.26959 49.16369 0 8.12500 -44.00000 28.24069 0.18155 13
-0.36569 0.05914 44.21110 0 -1.77500 10.30000 41.53049 0.10739 -13
0.17880 -0.01687 75.68053 0 0.52500 -3.22500 74.49941 0.10232 -13
0.89192 -0.23057 71.59862 0 6.95000 -24.45000 54.04063 0.13691 13
-0.52061 -0.24309 58.72917 0 7.35000 14.05000 52.40539 0.11615 -13
0.58110 0.11839 50.64486 0 -3.55000 -14.05000 43.86479 0.11708 -13
-1.88043 -0.19559 47.35289 0 5.87500 59.67500 22.55938 0.21536 13
0.93543 0.00289 34.09812 0 -0.10000 -27.77500 24.90171 0.13789 13
-0.36566 -0.05329 56.03997 0 1.62500 9.97500 52.64051 0.10736 -13
-0.52820 -0.19000 67.17658 0 5.75000 12.55000 59.62675 0.11549 -13
-0.80568 0.14069 37.87646 0 -4.22500 24.30000 29.60790 0.13009 -13
-0.82404 -0.25843 37.87646 0 7.82500 24.85000 29.60790 0.13308 -13
-0.84946 0.02299 4.76440 0 -0.82500 27.52500 3.63164 0.13220 13
-1.07856 0.10970 73.16595 0 -3.32500 30.32500 49.90361 0.14854 13
-0.22964 -0.00223 79.62009 0 0.05000 6.32500 77.60019 0.10332 13
0.34350 0.06373 60.93260 0 -1.92500 -11.00000 57.63981 0.10667 13
-0.51797 -0.00311 76.71146 0 0.07500 15.22500 68.11617 0.11341 13
0.28565 -0.04992 97.37949 0 1.50000 -10.90000 93.64314 0.10485 13
-0.70561 -0.06286 75.33016 0 1.90000 19.60000 61.59051 0.12341 -13
1.10560 -0.02599 32.51014 0 0.80000 -33.50000 21.81202 0.15015 -13
1.06452 -0.22287 24.25626 0 6.75000 -34.32500 16.82059 0.14881 -13
-1.28818 -0.10826 1.86953 0 3.67500 38.80000 1.15064 0.16510 -13
-1.52444 -0.14868 50.07669 0 4.47500 46.97500 27.67685 0.18420 13
-0.07826 -0.09609 93.88979 0 2.90000 3.32500 93.60620 0.10147 -13
0.67712 -0.03009 78.85364 0 0.90000 -20.52500 65.30260 0.12165 13
0.39727 0.14078 79.15099 0 -4.25000 -11.60000 73.65602 0.10928 -13
0.40631 -0.25836 79.15099 0 7.80000 -11.87500 73.65602 0.11178 -13
0.14161 -0.06552 15.85436 0 2.00000 -4.52500 15.69845 0.10193 -13
-0.31623 0.10774 91.74792 0 -3.25000 12.37500 87.52398 0.10618 13
0.38393 -0.15981 39.17182 0 4.82500 -12.20000 36.62766 0.10907 -13
-1.84397 -0.24006 5.38514 0 7.45000 59.62500 2.62375 0.21294 -13
-0.23312 0.14269 8.41810 0 -4.37500 8.20000 8.20265 0.10444 13
-0.23819 -0.25650 8.41810 0 7.67500 8.35000 8.20265 0.10665 13
-0.30612 -0.05895 18.55325 0 1.80000 8.80000 17.74329 0.10549 -13
0.61740 0.10432 20.14286 0 -3.17500 -19.55000 17.16506 0.11883 13
0.19989 -0.15902 68.15441 0 4.80000 -9.35000 66.86399 0.10393 13
1.32141 -0.06091 24.28434 0 1.87500 -37.77500 14.67286 0.16699 -13
-0.09676 -0.13294 86.34248 0 4.02500 3.25000 85.94808 0.10206 -13
0.03692 -0.01044 23.75392 0 0.32500 -4.35000 23.73775 0.10078 -13
1.11935 0.05632 66.65917 0 -1.70000 -32.17500 44.44916 0.15126 13
-1.44249 0.10305 90.30607 0 -3.10000 44.07500 51.63365 0.17706 -13
0.47707 -0.14466 16.60702 0 4.40000 -15.52500 15.01750 0.11254 -13
0.82411 -0.18773 37.67654 0 5.65000 -25.22500 29.27768 0.13184 13
1.63837 -0.19838 1.44493 0 5.35000 -49.05000 0.76287 0.19424 13
0.53361 -0.12519 52.77311 0 3.77500 -17.30000 46.63935 0.11483 13
-0.70378 -0.16003 85.77507 0 4.82500 20.65000 70.43690 0.12419 13
-1.40310 -0.14026 9.19060 0 4.32500 43.35000 5.36927 0.17415 -13
-1.97374 0.05952 33.50421 0 -1.82500 59.90000 15.16248 0.22293 13
0.07010 -0.21859 82.76357 0 6.60000 -2.17500 82.57020 0.10332 13
0.68636 -0.02924 53.73098 0 0.90000 -21.90000 44.30602 0.12218 -13
0.28958 0.13910 78.62871 0 -4.20000 -9.52500 75.58140 0.10577 13
0.29637 -0.26013 78.62871 0 7.85000 -9.72500 75.58140 0.10824 13
0.71589 -0.19650 79.52625 0 5.95000 -21.72500 65.07415 0.12543 -13
1.08326 -0.11681 37.54160 0 3.55000 -29.60000 25.55808 0.14894 -13
-0.51681 0.10665 58.04291 0 -3.20000 14.82500 51.62540 0.11386 -13
-1.16099 0.00022 58.90497 0 -0.00000 35.12500 38.44226 0.15431 -13
0.43674 -0.06730 12.88350 0 2.07500 -12.87500 11.81100 0.11011 -13
0.44656 -0.23302 99.32325 0 7.02500 -12.07500 91.08208 0.11276 -13
0.58143 0.13013 40.38873 0 -3.95000 -19.60000 34.98955 0.11723 13
0.59712 -0.26959 40.38873 0 8.12500 -20.05000 34.98955 0.12038 13
-0.87221 0.04721 55.62738 0 -1.42500 26.57500 41.94204 0.13371 13
0.13423 -0.10175 35.37993 0 3.05000 -6.82500 35.06866 0.10212 13
1.12620 0.04609 45.73647 0 -1.37500 -31.85000 30.38541 0.15174 -13
-1.88091 -0.16403 63.24247 0 4.97500 56.22500 29.99738 0.21517 -13
0.28229 0.02494 97.85218 0 -0.75000 -8.62500 94.17411 0.10467 -13
-1.97693 0.10627 89.81042 0 -3.22500 60.75000 40.71949 0.22337 13
1.23705 0.00040 41.25333 0 -0.00000 -37.80000 25.93424 0.16020 -13
-0.88919 0.09333 32.87134 0 -2.82500 29.00000 24.61157 0.13509 13
1.30958 -0.01351 33.26934 0 0.37500 -39.42500 20.19226 0.16593 13
0.43499 0.12501 93.46629 0 -3.77500 -11.70000 85.81379 0.11054 13
0.44764 -0.27498 93.46629 0 8.30000 -12.07500 85.81379 0.11375 13
-0.58374 -0.19083 38.09770 0 5.77500 19.65000 33.05012 0.11819 -13
0.26081 -0.14203 36.94231 0 4.30000 -6.55000 35.76914 0.10506 -13
0.68288 -0.10892 5.15732 0 3.17500 -21.50000 4.26707 0.12241 13
0.99637 0.11928 28.44945 0 -3.62500 -29.20000 20.22416 0.14268 13
1.02767 -0.28116 28.44945 0 8.45000 -30.12500 20.22416 0.14712 13
-0.50205 -0.21485 76.32942 0 6.47500 16.82500 68.52019 0.11474 13
-1.48937 -0.17808 67.43752 0 5.35000 43.62500 37.99556 0.18154 13
0.82474 -0.14577 43.91787 0 4.37500 -25.55000 34.02506 0.13135 13
0.10447 0.10775 11.35040 0 -3.30000 -2.35000 11.28967 0.10185 13
0.29104 -0.17963 88.97291 0 5.40000 -9.60000 85.53290 0.10642 13
-0.38747 0.06940 42.98914 0 -2.07500 9.82500 40.09796 0.10822 -13
-0.53184 -0.20925 78.15834 0 6.30000 13.30000 69.32742 0.11598 13
-2.06995 -0.08705 57.99267 0 2.65000 63.22500 25.30397 0.23168 -13
-1.50539 -0.19106 15.72317 0 5.70000 41.97500 8.80860 0.18295 13
0.30507 0.05853 84.89922 0 -1.77500 -5.00000 81.21623 0.10545 13
-0.12017 -0.18557 84.39543 0 5.60000 4.75000 83.81248 0.10313 13
1.33205 -0.12965 62.28109 0 3.90000 -40.10000 37.59040 0.16823 13
-0.90391 0.08856 45.12399 0 -2.67500 28.27500 33.53431 0.13604 13
-1.61982 0.03153 99.66776 0 -0.95000 49.87500 52.37533 0.19173 -13
1.98037 -0.17866 82.87725 0 5.37500 -61.62500 37.82526 0.22413 13
-0.20233 -0.20079 30.61068 0 6.07500 3.50000 30.02563 0.10473 -13
-0.71356 -0.15409 7.70322 0 4.57500 21.65000 6.29516 0.12465 13
1.53834 -0.11100 41.28307 0 3.37500 -47.70000 22.59648 0.18513 -13
-0.59504 -0.03816 38.34069 0 1.17500 20.25000 32.95508 0.11725 -13
0.36683 -0.15147 74.63740 0 4.55000 -11.10000 70.16496 0.10835 13
0.37190 0.11060 89.56304 0 -3.35000 -12.02500 84.00753 0.10802 13
-1.04788 0.00742 66.95490 0 -0.20000 31.00000 46.22548 0.14588 -13
1.48588 -0.22174 17.94990 0 6.75000 -46.47500 10.18820 0.18180 -13
1.16841 1.63037 17.94990 0 7.02500 -46.12500 10.18820 0.18227 -13
0.70752 -0.83339 17.94990 0 5.87500 -47.15000 10.18820 0.19194 -13
-0.34863 -0.03454 17.94990 0 6.70000 -47.97500 10.18820 0.19892 -13
-1.78136 -0.02018 20.80483 0 0.55000 55.30000 10.18601 0.20573 13
-0.52716 -0.24097 40.89684 0 7.27500 14.92500 36.39549 0.11641 -13
0.20711 0.10475 84.44754 0 -3.17500 -4.42500 82.71118 0.10338 13
-0.27733 0.13756 75.94355 0 -4.15000 8.00000 73.23004 0.10541 -13
-0.28401 -0.26173 75.94355 0 7.90000 8.20000 73.23004 0.10795 -13
0.84012 0.02239 31.08635 0 -0.70000 -24.87500 23.80406 0.13154 13
-0.01797 -0.15823 22.25285 0 4.75000 2.10000 22.24933 0.10196 13
-0.76151 -0.03123 41.15341 0 0.92500 22.10000 32.74671 0.12661 13
-0.28168 0.04064 23.49386 0 -1.25000 10.25000 22.61523 0.10471 13
-0.54705 -0.14348 11.53504 0 4.37500 15.42500 10.14327 0.11572 -13
