-1.00462 0.10505 67.27573 0 0 -3.09838 47.59111 0.78584 13
0.08653 -0.19336 20.72960 0 0 5.93963 20.65519 1.65555 -13
1.04908 -0.20183 31.68316 0 0 6.14673 22.08813 2.37017 13
-0.40273 0.12441 97.77466 0 0 -3.67719 90.79234 1.19059 13
-0.41456 -0.27562 97.77466 0 0 8.38932 90.79234 1.19059 13
-1.14445 -0.00880 10.89916 0 0 0.41402 7.17170 0.71816 -13
1.66737 -0.13189 2.60335 0 0 4.41188 1.34808 2.59755 -13
1.06304 -0.18185 92.20428 0 0 5.55898 63.71992 2.37862 13
0.11455 0.03879 40.01116 0 0 -1.10147 39.75164 1.68476 13
-1.23604 -0.12428 95.28607 0 0 3.82161 60.20973 0.68398 13
0.21945 -0.21630 11.45351 0 0 6.55980 11.19875 1.78208 13
0.06984 -0.04582 43.33902 0 0 1.45227 43.23396 1.64045 13
-0.21865 -0.01713 64.89485 0 0 0.60564 63.39763 1.35557 -13
-0.08767 0.09046 81.74150 0 0 -2.64137 81.43165 1.48370 -13
0.90486 -0.16642 15.92174 0 0 5.14230 11.87811 2.29950 -13
0.33854 0.00612 20.20405 0 0 -0.12849 19.13715 1.89722 13
-0.31028 -0.06168 1.23566 0 0 1.51435 1.18037 1.27047 13
0.34529 0.02768 37.11696 0 0 -0.76779 35.08572 1.90315 13
-0.87673 -0.07013 54.71846 0 0 2.18510 41.18832 0.85220 13
1.63654 -0.19661 46.79747 0 0 5.99035 24.73834 2.58462 13
-1.42271 0.03437 4.46222 0 0 -0.76403 2.56700 0.61294 -13
-1.54437 -0.11246 99.55358 0 0 3.46418 54.34797 0.57750 13
0.49805 -0.17614 48.99714 0 0 5.40564 43.99045 2.02681 -13
-0.14930 -0.24705 92.61625 0 0 7.53893 91.65852 1.42686 -13
0.08117 -0.18211 43.15169 0 0 5.56359 43.01473 1.65049 13
-0.68626 -0.14091 56.10658 0 0 4.32168 46.40584 0.97393 13
-0.32377 -0.07136 36.39748 0 0 2.22043 34.63604 1.25842 13
0.60581 -0.03090 69.30925 0 0 1.00528 59.28733 2.11526 13
-0.88384 -0.21439 16.33749 0 0 6.59281 12.36105 0.85812 -13
0.66269 -0.01109 90.28557 0 0 0.42210 75.26160 2.15601 -13
0.39005 0.06879 18.09498 0 0 -1.96323 16.86319 1.94189 -13
1.08723 -0.22235 43.22410 0 0 6.77144 29.64188 2.38593 13
-1.00783 0.05641 27.36975 0 0 -1.59500 19.29323 0.78229 -13
1.66284 -0.09484 25.06844 0 0 2.98179 12.96171 2.59818 -13
-0.11355 -0.16146 74.13284 0 0 4.95793 73.67139 1.45916 -13
-0.02287 0.00354 75.70943 0 0 -0.01896 75.68965 1.54793 -13
-0.74737 -0.22883 24.77526 0 0 7.00976 20.02466 0.94117 -13
-0.03067 -0.09631 39.28453 0 0 2.99918 39.26624 1.54028 -13
1.33155 -0.07388 78.26254 0 0 2.29908 47.07924 2.49614 13
0.65695 0.07946 33.31693 0 0 -2.33348 27.87215 2.15060 13
-0.18180 -0.23655 76.95798 0 0 7.22324 75.78121 1.39569 -13
1.03860 -0.14673 72.28905 0 0 4.51762 50.41622 2.36980 -13
0.94654 -0.19453 29.21782 0 0 5.92594 21.40468 2.31947 13
0.29525 0.02769 91.34298 0 0 -0.74869 87.60721 1.85778 -13
0.95088 -0.00691 18.71824 0 0 0.25328 13.56500 2.33101 13
-0.26458 0.07877 98.81385 0 0 -2.28968 95.54612 1.31291 -13
-2.15452 -0.23098 27.11533 0 0 7.08895 11.66088 0.44456 -13
-0.38224 -0.17999 19.40669 0 0 5.48249 18.16395 1.21098 13
0.00340 -0.23304 28.82286 0 0 7.12909 28.82270 1.57411 -13
0.32130 0.42878 28.82286 0 0 7.09862 28.82270 1.85794 -13
-0.13047 -0.12343 28.82286 0 0 8.53444 28.82270 1.69957 -13
-0.11690 -0.23748 6.44381 0 0 7.16532 6.40248 1.45754 13
0.12337 -0.23666 14.88021 0 0 7.18589 14.77417 1.69028 13
-0.86303 -0.15941 81.87172 0 0 4.89750 62.31077 0.86499 -13
0.65004 -0.00448 37.81808 0 0 0.23220 31.70818 2.14719 -13
-0.95016 0.12646 65.21232 0 0 -3.72285 47.45227 0.81491 -13
-0.97727 -0.27342 65.21232 0 0 8.33984 47.45227 0.81490 -13
-1.78358 -0.15898 69.82202 0 0 4.89220 34.47074 0.51634 -13
-0.11744 0.06930 86.48604 0 0 -2.00343 85.89857 1.45417 -13
-0.75472 -0.08857 96.08080 0 0 2.74696 76.79958 0.92616 13
0.49687 0.01248 67.11846 0 0 -0.30283 60.10865 2.03191 13
1.16147 -0.07243 12.16126 0 0 2.20591 7.94664 2.42946 13
1.53014 -0.16141 65.87885 0 0 4.93669 36.36436 2.55683 13
1.01561 -0.07147 52.27563 0 0 2.25058 36.72412 2.36267 -13
0.82224 -0.05737 9.93225 0 0 1.74683 7.67653 2.25814 13
-0.70981 0.14184 89.76172 0 0 -4.20395 73.43896 0.95821 13
-0.72565 -0.25728 89.76172 0 0 7.83544 73.43896 0.95821 13
-0.59376 0.50362 89.76172 0 0 6.55261 73.43896 1.08320 13
0.49580 -0.39070 89.76172 0 0 7.80252 73.43896 1.13817 13
-0.53197 -0.14528 63.73249 0 0 4.45447 56.39522 1.08622 13
0.36348 -0.01880 80.46759 0 0 0.65473 75.62828 1.91937 -13
0.83140 0.09164 44.01672 0 0 -2.69802 33.90460 2.26234 13
0.66947 -0.04755 82.82140 0 0 1.52246 68.84666 2.16021 -13
0.17168 -0.22532 25.85743 0 0 6.89758 25.50228 1.73674 -13
-0.71889 -0.18262 78.97936 0 0 5.59778 64.48368 0.95526 -13
-0.53925 0.04558 37.54577 0 0 -1.30815 33.05478 1.07668 13
0.36985 0.01184 80.35272 0 0 -0.28249 75.36401 1.92502 13
0.22007 -0.22178 81.91865 0 0 6.76467 80.09092 1.78243 13
-2.00535 -0.15680 18.62598 0 0 4.86613 8.39227 0.46745 -13
0.17508 -0.20994 31.37172 0 0 6.43042 30.92100 1.74049 -13
0.27574 -0.10041 80.37709 0 0 3.10351 77.51281 1.83857 13
-0.89234 0.04982 52.03490 0 0 -1.43413 38.84606 0.84285 13
-0.76872 0.11826 51.19216 0 0 -3.47439 40.69052 0.91877 -13
0.63718 -0.12362 75.40339 0 0 3.81741 63.73049 2.13467 -13
0.63760 -0.20660 69.62823 0 0 6.30486 59.06022 2.12898 13
0.09147 -0.19456 61.83442 0 0 5.94211 61.58671 1.66034 13
0.65058 -0.09954 97.91061 0 0 3.07776 82.19128 2.14533 13
-0.87113 -0.22944 25.39912 0 0 6.97533 19.36187 0.86684 13
-0.50155 -0.12858 23.17194 0 0 3.98478 20.74671 1.10918 -13
0.01118 -0.16308 19.51452 0 0 4.97440 19.51334 1.58183 13
-1.93309 -0.23094 3.57816 0 0 6.73378 1.67808 0.48808 13
-0.54636 0.13742 23.51752 0 0 -4.03948 20.68235 1.07468 -13
-0.55951 -0.26182 23.51752 0 0 8.00581 20.68235 1.07468 -13
-0.20553 -0.08990 53.95329 0 0 2.80135 52.85718 1.36888 -13
1.50566 -0.14501 17.17670 0 0 4.50880 9.57156 2.55052 -13
-0.06463 -0.18179 62.67315 0 0 5.57320 62.54683 1.50730 -13
0.38807 0.03738 86.60756 0 0 -1.04029 80.74828 1.94074 -13
0.45708 -0.09745 74.95382 0 0 3.02792 68.22563 1.99774 -13
-0.85639 -0.13548 20.50092 0 0 4.20008 15.63118 0.86710 -13
-1.16143 0.07169 97.24280 0 0 -2.08898 63.54214 0.71212 13
-0.19845 0.03437 18.97640 0 0 -0.98228 18.61379 1.37500 13
0.70748 0.14687 6.63539 0 0 -4.25817 5.43563 2.18150 -13
0.72183 -0.25178 6.63539 0 0 7.77534 5.43563 2.18151 -13
-0.85752 0.08868 5.63496 0 0 -2.70754 4.28504 0.86389 13
1.01555 -0.21853 73.16261 0 0 6.66483 51.93716 2.35225 13
-1.54019 0.00046 75.18736 0 0 0.07849 40.94366 0.57586 -13
0.45734 -0.22740 12.40032 0 0 6.89645 11.32525 1.99028 13
0.98747 0.12007 26.93364 0 0 -3.56583 19.23209 2.34631 13
1.01819 -0.28028 26.93364 0 0 8.50796 19.23209 2.34630 13
1.01651 -0.01842 97.21371 0 0 0.62903 68.18144 2.36430 13
-0.05911 0.13524 4.71618 0 0 -4.10417 4.70810 1.51229 13
-0.06058 -0.26432 4.71618 0 0 7.94200 4.70810 1.51229 13
-0.65410 -0.18671 63.65598 0 0 5.72459 53.54618 0.99937 -13
1.64560 -0.17141 82.10718 0 0 5.26340 43.09003 2.58910 -13
-0.12261 -0.22338 63.13040 0 0 6.82764 62.68336 1.45171 -13
1.94061 -0.11380 40.25281 0 0 3.53936 18.53156 2.66315 -13
0.51217 -0.15355 5.42177 0 0 4.60484 4.83739 2.03942 13
0.18517 -0.08263 85.58630 0 0 2.56815 84.16516 1.75328 13
1.58784 0.14642 72.46814 0 0 -4.32313 38.91172 2.57476 -13
1.62038 -0.25246 72.46814 0 0 7.70913 38.91172 2.57477 -13
-1.03581 0.05001 68.41468 0 0 -1.41805 47.54896 0.76843 -13
1.93891 0.10577 94.84494 0 0 -3.12084 43.66546 2.66315 13
-1.73464 0.08596 28.28178 0 0 -2.54660 14.16369 0.52455 13
-1.56070 -0.12690 31.45998 0 0 3.93984 17.07062 0.57347 -13
-1.10957 0.07600 33.37072 0 0 -2.23365 22.37654 0.73494 13
1.83770 -0.04006 90.41762 0 0 1.30034 43.24368 2.64291 -13
0.64912 0.01128 84.67383 0 0 -0.26571 71.02419 2.14652 13
0.42072 -0.07754 64.92427 0 0 2.41193 59.87029 1.96797 13
-0.84500 -0.05322 11.59743 0 0 1.63063 8.86321 0.86991 13
-0.53023 0.11939 21.78119 0 0 -3.49783 19.27307 1.08618 -13
-0.54685 -0.28087 21.78119 0 0 8.57592 19.27307 1.08619 -13
0.63472 -0.07577 8.55627 0 0 2.29907 7.23010 2.13506 13
-1.24369 -0.15076 69.30176 0 0 4.64025 43.72240 0.68271 -13
-0.05953 0.14142 6.82146 0 0 -4.25509 6.80965 1.51193 13
-0.06092 -0.25778 6.82146 0 0 7.78307 6.80965 1.51187 13
0.08152 -0.07213 31.74046 0 0 2.24173 31.63605 1.65193 13
-0.74894 -0.01062 21.96900 0 0 0.37388 17.58416 0.92800 13
0.54552 -0.13711 94.52088 0 0 4.21213 83.15377 2.06629 13
-0.72490 0.00832 91.53415 0 0 -0.16332 74.11128 0.94357 -13
-1.78573 -2.59011 91.53415 0 0 0.19840 74.11128 0.99924 -13
1.83905 -0.23658 79.81342 0 0 7.23001 38.93183 2.63204 -13
0.24053 0.01789 26.83582 0 0 -0.43938 26.09189 1.80681 -13
0.05138 -0.17954 93.25401 0 0 5.50216 93.13494 1.62133 -13
-0.75305 -0.23301 51.06741 0 0 7.09865 41.17955 0.93800 13
1.90790 -0.24652 13.29137 0 0 7.43549 6.31354 2.64659 13
-1.32709 0.02941 3.77409 0 0 -0.59234 2.27180 0.64596 -13
0.98202 -0.23874 87.18842 0 0 7.29111 63.04839 2.33327 -13
-0.61014 -0.06179 57.17386 0 0 1.95421 48.83170 1.02380 -13
-0.05193 -0.00241 93.56375 0 0 0.15908 93.43785 1.51891 -13
-1.07684 -0.13649 67.57926 0 0 4.18807 46.21353 0.75302 13
-0.27702 -0.03930 90.11064 0 0 1.27232 86.84489 1.30075 -13
0.40308 0.05836 22.17123 0 0 -1.65435 20.56854 1.95337 -13
-1.58631 -0.23809 43.32374 0 0 7.24188 23.56033 0.57498 13
-0.63744 -0.06426 84.41032 0 0 2.02640 71.22136 1.00423 -13
0.46784 0.14337 31.31165 0 0 -4.26068 28.41249 2.00449 13
0.47799 -0.25568 31.31165 0 0 7.77582 28.41249 2.00449 13
-0.99794 0.03766 32.21712 0 0 -1.07615 22.81271 0.78678 13
-0.13639 -0.19198 35.62431 0 0 5.85774 35.30902 1.43765 13
0.85283 -0.13166 23.27934 0 0 4.02457 17.77636 2.27269 13
-0.44015 0.12655 87.10838 0 0 -3.74194 79.82926 1.15909 13
-0.45269 -0.27336 87.10838 0 0 8.32054 79.82926 1.15908 13
-0.60929 0.12249 20.01227 0 0 -3.58403 17.12452 1.02688 -13
-0.62764 -0.27758 20.01227 0 0 8.48590 17.12452 1.02687 -13
1.63274 0.02562 75.84035 0 0 -0.67941 39.62029 2.59191 -13
0.09361 0.07271 5.45544 0 0 -2.20020 5.43183 1.66389 13
-0.23841 -0.09779 21.38524 0 0 3.00750 20.80748 1.33783 13
-1.83380 0.07620 22.13419 0 0 -2.26387 10.62115 0.50046 13
0.40878 -0.00828 99.89355 0 0 0.32585 92.46636 1.95884 13
-0.32756 -0.12740 64.42417 0 0 3.93243 61.27086 1.25663 -13
-0.92454 -0.00179 58.56310 0 0 0.12348 43.00129 0.82459 13
-0.93408 -0.23535 44.87689 0 0 7.19660 33.20380 0.83290 -13
-0.11004 -0.03119 83.70123 0 0 1.02703 83.19954 1.46125 -13
-0.10437 -0.15868 96.99668 0 0 4.87275 96.48542 1.46808 -13
-0.96292 0.03660 59.43374 0 0 -1.01165 42.82642 0.80462 -13
0.45457 -0.15316 96.11506 0 0 4.70677 87.67113 1.99310 -13
1.52926 -0.17492 29.24121 0 0 5.39001 16.17246 2.55555 -13
0.62286 -0.05875 47.90966 0 0 1.86513 40.68583 2.12709 -13
1.33508 -0.08780 4.19567 0 0 2.92932 2.52164 2.49688 -13
0.54732 0.11159 36.27462 0 0 -3.26891 31.86535 2.06898 -13
0.36576 -0.19671 91.46885 0 0 6.01009 86.09229 1.91537 13
0.01622 0.04856 2.44052 0 0 -1.18508 2.44019 1.58699 -13
-1.53939 0.07390 95.52989 0 0 -2.13820 52.14033 0.57735 -13
1.11622 -0.14263 83.32702 0 0 4.37493 55.91150 2.40605 13
0.53122 -0.16470 35.36109 0 0 5.06527 31.31919 2.05359 -13
-0.60329 -0.14435 24.39866 0 0 4.41261 20.94841 1.03251 13
-0.01765 0.08200 55.10631 0 0 -2.40145 55.09778 1.55321 13
-0.09442 -0.13642 58.41862 0 0 4.18819 58.16461 1.47751 13
0.33392 0.07052 12.69547 0 0 -2.00927 12.04487 1.89233 -13
1.45463 -0.22758 90.83924 0 0 6.95560 52.34376 2.52749 -13
-0.81242 -0.06951 13.43190 0 0 2.22366 10.43561 0.88970 -13
-1.51593 -0.10196 59.77342 0 0 3.14165 33.03325 0.58552 13
-1.84673 -0.07835 25.09812 0 0 2.48440 11.97920 0.49757 -13
0.56339 0.12527 38.75324 0 0 -3.68346 33.82628 2.08054 -13
0.57972 -0.27464 38.75324 0 0 8.38153 33.82628 2.08054 -13
-1.11324 -0.12586 88.86423 0 0 3.88621 59.64159 0.73577 -13
-1.89629 0.10182 31.95528 0 0 -2.95641 14.96648 0.48741 -13
-0.21328 -0.20887 93.95064 0 0 6.37677 91.96771 1.36498 13
1.79070 -0.11483 49.10240 0 0 3.56544 24.06026 2.62950 -13
-1.78618 -0.02429 93.56852 0 0 0.82460 45.71942 0.51050 -13
-0.39432 -0.16008 39.86170 0 0 4.89695 37.14534 1.19949 13
0.50417 -0.04041 58.11868 0 0 1.30935 51.90459 2.03745 -13
0.76193 -0.01029 8.18967 0 0 0.46672 6.51440 2.22186 -13
-0.78760 -0.14283 7.60607 0 0 4.30446 5.99846 0.90857 13
0.58153 -0.14662 17.13274 0 0 4.53788 14.85019 2.09292 -13
0.27734 0.05784 16.45177 0 0 -1.63348 15.85523 1.84091 -13
-0.40048 -0.10040 11.06045 0 0 3.06441 10.27460 1.19161 13
1.66307 -0.02955 29.09839 0 0 0.94215 14.99937 2.60003 13
-0.02834 0.01079 94.41947 0 0 -0.24948 94.38159 1.54247 13
0.10309 -0.23822 90.09035 0 0 7.27295 89.64070 1.67074 -13
1.62057 0.06592 52.41580 0 0 -1.92647 27.56904 2.58775 13
-0.93509 -0.13567 45.13457 0 0 4.18865 33.10681 0.82348 -13
-2.12558 -0.06230 66.47310 0 0 1.94300 28.34299 0.44048 13
-0.46419 -0.00351 62.66805 0 0 0.19561 56.84247 1.13620 -13
1.50737 -0.22128 14.65201 0 0 6.82269 8.23433 2.54479 -13
-0.04228 -0.15716 28.37829 0 0 4.83921 28.35358 1.52905 -13
-1.07264 -0.00976 69.92026 0 0 0.38517 47.68024 0.75039 -13
-0.63479 0.03719 44.61644 0 0 -1.05353 37.67551 1.00550 13
0.17351 0.08463 69.75593 0 0 -2.46396 68.73623 1.74199 -13
-0.37540 0.07795 1.14196 0 0 -1.82429 1.06916 1.21267 -13
-0.10128 -0.02368 87.68856 0 0 0.78981 87.24254 1.46989 13
0.95634 0.00719 25.63812 0 0 -0.16224 18.52925 2.33387 13
2.15407 -0.23628 84.79677 0 0 7.19254 36.50866 2.69650 13
-0.85386 0.02381 4.52495 0 0 -0.50028 3.44145 0.86421 -13
1.22240 0.08197 52.77238 0 0 -2.37676 33.48087 2.45429 -13
0.17675 -0.16736 10.29759 0 0 5.08154 10.14455 1.74339 13
0.33086 0.09761 91.38282 0 0 -2.85745 86.79821 1.88890 -13
1.97034 0.00576 38.58802 0 0 -0.12115 17.46416 2.67194 13
0.49750 -0.00220 70.61567 0 0 0.15515 63.22387 2.03244 -13
0.85404 -0.04460 59.24814 0 0 1.43715 45.07240 2.27714 -13
0.02193 0.05641 10.24181 0 0 -1.57345 10.23936 1.59269 -13
-0.05347 0.07379 58.33674 0 0 -2.15296 58.25398 1.51752 13
-0.88358 -0.07786 99.39229 0 0 2.43621 74.58103 0.84862 -13
-1.21912 0.09700 25.15266 0 0 -2.87599 15.99651 0.68927 13
-0.39141 -0.02974 27.70951 0 0 0.99704 25.80479 1.19787 -13
-0.07959 -0.21901 76.35600 0 0 6.69360 76.12625 1.49321 -13
1.29226 -0.22604 61.66921 0 0 6.91125 38.32833 2.47091 -13
1.29226 -0.22604 61.66921 0 0 6.91689 38.32833 2.47091 -13
0.01572 -0.07522 38.33463 0 0 2.36336 38.32992 1.58647 -13
-0.03181 -0.06512 92.87718 0 0 2.05101 92.83040 1.53906 -13
-0.08537 -0.02117 56.85894 0 0 0.72835 56.65294 1.48565 -13
-0.77834 0.02962 81.29629 0 0 -0.80485 64.16434 0.90961 -13
0.40443 0.14398 58.96226 0 0 -4.25350 54.73911 1.95157 -13
0.41311 -0.25501 58.96226 0 0 7.78251 54.73911 1.95156 -13
1.33398 -0.02346 77.52312 0 0 0.79926 46.50737 2.49819 -13
-0.59789 -0.13082 52.76348 0 0 4.01663 45.38727 1.03566 13
-0.30423 0.07137 86.03996 0 0 -2.07768 82.33235 1.27617 13
-0.05595 -0.08407 83.94700 0 0 2.62186 83.81681 1.51510 -13
1.38086 -0.11844 73.38838 0 0 3.64229 43.24178 2.51150 13
-1.52791 0.06771 69.89102 0 0 -1.97363 38.33545 0.58057 13
0.81964 0.09672 90.61877 0 0 -2.82923 70.21578 2.25512 -13
0.74227 0.12039 62.42337 0 0 -3.54222 50.25268 2.20589 -13
0.76527 -0.27984 62.42337 0 0 8.53166 50.25268 2.20590 -13
-0.98496 -0.17598 10.80416 0 0 5.32460 7.75538 0.80060 13
-0.67563 0.10033 72.63430 0 0 -2.93775 60.27959 0.97893 -13
0.01880 -0.22446 29.53617 0 0 6.83473 29.53119 1.58914 13
-1.33616 0.14863 14.70718 0 0 -4.34774 8.87415 0.64773 -13
-1.36236 -0.25019 14.70718 0 0 7.68260 8.87415 0.64774 -13
1.57780 -0.13835 85.63994 0 0 4.26569 46.15557 2.57240 -13
-0.71586 -0.08420 5.48036 0 0 2.51024 4.46143 0.95118 13
-0.47940 -0.12028 34.93401 0 0 3.72573 31.54335 1.12656 -13
-0.12721 -0.22769 75.84405 0 0 6.95626 75.26726 1.44739 -13
-0.13998 -0.05073 80.99714 0 0 1.61746 80.21703 1.43190 -13
-0.08144 -0.18389 68.82099 0 0 5.62097 68.60129 1.49087 13
1.10281 -0.08467 8.54655 0 0 2.55278 5.75213 2.40327 13
-0.61337 -0.14325 60.95420 0 0 4.41174 52.10244 1.02512 -13
-0.60398 0.14041 9.18043 0 0 -4.21835 7.87910 1.03177 13
-0.61786 -0.25885 9.18043 0 0 7.82134 7.87910 1.03174 13
-1.16747 0.08072 91.71794 0 0 -2.36215 59.77784 0.70989 13
1.18199 0.14792 19.68534 0 0 -4.41731 12.79504 2.43407 13
1.20557 -0.25095 19.68534 0 0 7.61127 12.79504 2.43408 13
0.37259 -0.18638 59.16019 0 0 5.69513 55.55104 1.92190 13
0.63092 -0.17665 4.12222 0 0 5.56226 3.50179 2.12673 -13
0.04023 0.00171 87.05423 0 0 0.02412 86.98384 1.61101 13
1.34041 -0.24223 13.22687 0 0 7.32341 8.05405 2.48691 13
-1.67861 0.11254 19.19885 0 0 -3.35996 9.87179 0.54005 13
0.30255 0.05685 61.04277 0 0 -1.62572 58.43521 1.86415 -13
-1.07070 -0.24772 32.17823 0 0 7.57697 22.31097 0.76614 -13
-2.14876 -0.07879 22.33084 0 0 2.40614 9.44651 0.43676 13
-0.43567 -0.03957 22.42580 0 0 1.25071 20.56178 1.16021 13
-0.25407 -0.00142 55.90392 0 0 0.11528 54.18253 1.32199 13
-0.23444 0.05363 65.00258 0 0 -1.52898 63.29156 1.34084 -13
-0.10151 -0.22174 73.00544 0 0 6.77711 72.64960 1.47201 -13
0.13738 -0.07340 28.23889 0 0 2.31302 27.97748 1.70696 -13
0.36099 0.08048 9.92294 0 0 -2.39841 9.33695 1.91620 13
0.27327 -0.23071 9.04927 0 0 7.10011 8.74467 1.83104 -13
-1.12758 0.03567 57.11848 0 0 -1.00755 37.91250 0.72582 13
0.32824 -0.05199 24.90973 0 0 1.62906 23.67049 1.88755 13
-0.21216 0.10432 2.24469 0 0 -3.28619 2.19629 1.36283 13
0.08740 -0.12952 1.62041 0 0 4.27007 1.61445 1.65726 -13
-0.47314 -0.24272 46.30800 0 0 7.41448 42.07376 1.13983 -13
-1.79572 -0.17176 19.32360 0 0 5.31644 9.50751 0.51431 -13
1.35299 -0.24005 79.57220 0 0 7.33338 48.15213 2.49166 -13
-1.38333 -0.03417 40.52497 0 0 1.13255 23.75046 0.62620 -13
-0.10859 -0.03679 31.34223 0 0 1.20717 31.15931 1.46271 -13
-0.19927 0.10289 64.77870 0 0 -3.03025 63.54232 1.37511 13
0.53499 0.01362 32.83865 0 0 -0.31262 28.95605 2.06200 -13
-0.08627 -0.22500 61.63458 0 0 6.86077 61.41738 1.48683 13
1.18591 -0.11324 89.57678 0 0 3.50500 57.95993 2.43790 -13
-1.09530 0.05312 70.32930 0 0 -1.51095 47.45599 0.74065 -13
-1.28750 0.11339 97.73311 0 0 -3.33108 60.18881 0.66347 -13
-1.50439 0.13189 53.91357 0 0 -3.88003 30.02501 0.59064 -13
-1.54401 -0.26765 53.91357 0 0 8.17311 30.02501 0.59063 -13
-1.15760 0.05681 92.44202 0 0 -1.64050 60.48661 0.71328 13
-0.82271 -0.22531 98.60883 0 0 6.88416 76.90276 0.89448 -13
0.34589 0.07183 58.13177 0 0 -2.07649 54.95368 1.90302 -13
0.27088 -0.19262 97.46156 0 0 5.88651 94.18627 1.83077 13
1.73735 -0.14838 34.64305 0 0 4.58414 17.42376 2.61460 -13
-1.85565 0.08270 29.13530 0 0 -2.45003 13.85849 0.49570 13
1.04992 0.04605 73.21120 0 0 -1.31787 50.52069 2.38001 13
-0.96352 -0.18248 43.04084 0 0 5.57064 31.23811 0.81216 13
1.48275 -0.04949 29.89258 0 0 1.60260 16.72863 2.54767 -13
-1.98127 -0.11198 91.78478 0 0 3.47206 41.56273 0.46993 -13
-0.93913 -0.22383 22.58304 0 0 6.86670 16.64842 0.82896 -13
-1.93023 -0.24013 26.79479 0 0 7.28492 12.59994 0.48954 13
-0.01738 -0.10940 18.00394 0 0 3.35304 18.00125 1.55352 13
-1.83992 0.00599 92.76734 0 0 -0.08816 44.29999 0.49785 -13
1.71814 -0.04041 20.16691 0 0 1.25240 10.15104 2.61414 13
0.44474 -0.10705 73.58560 0 0 3.30287 67.29939 1.98715 13
-1.75502 -0.24789 93.66152 0 0 7.54847 47.41633 0.53084 13
-0.06465 -0.05901 72.96528 0 0 1.85495 72.81384 1.50634 13
1.81019 -0.19862 18.17797 0 0 6.01435 8.92032 2.62866 13
-0.00522 0.00204 86.24246 0 0 0.02432 86.24129 1.56557 -13
-0.60009 -0.23025 94.74595 0 0 7.03331 81.78744 1.04164 -13
-1.59094 -0.19973 14.88352 0 0 6.03931 8.03140 0.57000 13
-1.06907 0.01333 80.67546 0 0 -0.32988 55.11354 0.75207 13
-0.45727 -0.05772 33.11773 0 0 1.80624 30.12714 1.14255 13
0.57917 -0.24672 19.17588 0 0 7.55124 16.71402 2.08304 -13
0.88819 -0.10044 79.40405 0 0 3.10311 59.50008 2.29456 13
1.49829 -0.08380 2.75268 0 0 2.26906 1.53163 2.55145 13
0.33350 0.01572 95.31507 0 0 -0.39845 90.42042 1.89266 13
0.90531 -0.00265 86.02232 0 0 0.16817 63.77133 2.30654 -13
0.05037 -0.05088 53.36925 0 0 1.62511 53.30189 1.62106 -13
0.71339 -0.09992 64.47683 0 0 3.08576 52.57730 2.18810 13
-1.84161 -0.11910 71.74768 0 0 3.65975 34.42287 0.50041 13
1.00970 -0.12327 1.61837 0 0 4.22297 1.14321 2.35725 -13
-0.08085 -0.16854 67.36111 0 0 5.15857 67.14809 1.49124 13
-0.00569 0.02857 59.99399 0 0 -0.78867 59.99301 1.56511 13
1.50145 -0.03785 35.06860 0 0 1.19689 19.44896 2.55371 13
-0.14852 0.11738 73.13641 0 0 -3.45366 72.35345 1.42434 -13
-0.55281 -0.06689 1.07498 0 0 1.57748 0.94126 1.06674 13
-0.67329 -0.16641 13.49552 0 0 5.05726 11.24182 0.98454 13
-1.50508 0.04971 37.11152 0 0 -1.39438 20.55560 0.58701 -13
-1.16681 0.13165 70.05724 0 0 -3.90096 45.81535 0.71281 13
-1.19767 -0.26798 70.05724 0 0 8.15344 45.81535 0.71280 13
-0.01933 -0.07784 14.46115 0 0 2.39521 14.45847 1.55153 13
0.01138 -0.15144 60.71022 0 0 4.64113 60.70639 1.58205 13
0.56431 0.10022 81.78915 0 0 -2.94883 71.31598 2.08242 13
0.49535 -0.16787 8.63507 0 0 5.08002 7.75891 2.02521 13
1.07014 -0.21544 34.54227 0 0 6.55858 23.86835 2.37874 13
-1.25487 0.72029 34.54227 0 0 6.56843 23.86835 2.36523 13
0.44765 0.12232 13.16957 0 0 -3.56793 12.03506 1.98893 -13
0.46120 -0.27772 13.16957 0 0 8.50260 12.03506 1.98897 -13
0.65381 0.14724 12.76670 0 0 -4.40505 10.71970 2.14494 13
0.66696 -0.25166 12.76670 0 0 7.62643 10.71970 2.14492 13
-0.05598 -0.06083 13.11376 0 0 1.87826 13.09333 1.51498 13
-1.52542 0.04084 47.26649 0 0 -1.17022 25.92927 0.58065 13
-0.98096 -0.23221 94.58686 0 0 7.07848 68.38523 0.80813 13
-0.43973 0.13460 29.78891 0 0 -3.96084 27.30846 1.15982 -13
-0.45082 -0.26481 29.78891 0 0 8.08828 27.30846 1.15982 -13
0.98319 -0.05413 44.67911 0 0 1.72985 31.88197 2.34699 -13
0.08054 -0.08842 5.70717 0 0 2.65904 5.68885 1.65085 13
1.06193 -0.11327 55.61204 0 0 3.51120 38.25365 2.38304 -13
-0.65562 0.03441 11.41166 0 0 -1.00798 9.54519 0.99075 13
-0.63271 -0.13294 79.57779 0 0 4.09852 67.41541 1.01062 -13
0.53137 -0.10368 71.12348 0 0 3.21669 62.88083 2.05701 -13
-0.17665 0.06535 52.50755 0 0 -1.88106 51.71035 1.39632 -13
-0.04656 -0.21096 91.34926 0 0 6.45004 91.25457 1.52527 -13
-0.45514 0.03223 85.31919 0 0 -0.89676 77.66145 1.14388 13
0.52157 -0.08339 11.80954 0 0 2.55120 10.47889 2.05013 13
0.70913 -0.15083 7.93428 0 0 4.55310 6.49648 2.18233 13
0.11989 0.09813 59.24298 0 0 -2.87048 58.82570 1.68955 -13
-0.66090 -0.02620 58.78543 0 0 0.88160 49.04778 0.98696 -13
-1.00033 0.11378 74.22602 0 0 -3.36015 52.64573 0.78845 13
1.08335 0.07630 52.11957 0 0 -2.23457 35.40611 2.39474 13
-0.73344 -0.19795 82.98583 0 0 6.04456 67.36335 0.94712 13
1.65946 -0.00639 77.20311 0 0 0.26156 39.84751 2.59925 13
-1.93413 0.02115 93.82108 0 0 -0.54531 43.09679 0.47727 -13
1.29312 -0.08173 10.34545 0 0 2.62084 6.34166 2.48172 -13
1.29315 -0.08172 10.34545 0 0 2.62286 6.34166 2.48173 -13
0.37400 -0.26240 10.34545 0 0 0.09399 6.34166 1.91791 -13
-0.17099 0.33166 10.34545 0 0 1.73444 6.34166 1.73169 -13
-0.27928 -0.92971 10.34545 0 0 0.44882 6.34166 1.36904 -13
1.11793 1.20815 10.34545 0 0 1.14711 6.34166 0.95152 -13
-0.07546 4.18630 10.34545 0 0 0.53058 6.34166 1.55327 -13
-0.00197 0.01817 35.58272 0 0 -0.48076 35.58265 1.56883 13
1.51915 -0.10323 78.18327 0 0 3.20691 43.14681 2.55699 -13
-1.06159 -0.01090 40.42352 0 0 0.42784 27.71837 0.75556 -13
-1.90933 -0.17383 16.20984 0 0 5.39132 7.60936 0.48861 -13
-0.11575 -0.16555 64.69413 0 0 5.08250 64.27645 1.45709 -13
1.04393 -0.04284 41.80489 0 0 1.35637 28.93239 2.37722 13
0.19980 -0.12022 81.20864 0 0 3.70191 79.65644 1.76663 13
-0.69766 0.03384 42.80637 0 0 -0.95352 35.11364 0.96191 13
0.64626 -0.06928 4.62044 0 0 2.04957 3.88346 2.14345 13
2.07518 -0.18909 27.97333 0 0 5.74120 12.31713 2.68563 13
0.49441 0.05959 53.42165 0 0 -1.72606 47.90504 2.02926 13
-0.48925 0.04626 22.54834 0 0 -1.28987 20.25860 1.11621 -13
-1.75076 -0.07914 1.63776 0 0 1.84830 0.81392 0.52031 13
-0.91651 -0.14676 61.83443 0 0 4.49826 45.80622 0.83424 13
0.68589 -0.24510 5.66612 0 0 7.58924 4.71529 2.15845 -13
0.30869 -0.15416 16.25085 0 0 4.76372 15.54344 1.86691 -13
-0.02381 0.12257 44.35891 0 0 -3.60520 44.34656 1.54717 -13
-0.02450 -0.27753 44.35891 0 0 8.46471 44.34656 1.54719 -13
0.72882 0.01473 75.34983 0 0 -0.35446 60.89472 2.20055 -13
0.67054 -0.07301 67.14785 0 0 2.27508 55.81642 2.16024 13
-1.44672 0.00536 69.85745 0 0 -0.09261 39.72193 0.60482 13
-0.61999 -0.15933 24.14309 0 0 4.91183 20.59033 1.02141 -13
0.12041 -0.19904 82.29810 0 0 6.07921 81.73018 1.68834 13
0.57021 -0.08981 22.33324 0 0 2.81522 19.42003 2.08729 -13
-0.60042 0.07224 37.33367 0 0 -2.08279 32.02984 1.03122 -13
-1.37287 -0.12985 37.68242 0 0 4.01946 22.30674 0.63352 -13
0.38207 -0.15577 81.50064 0 0 4.77286 76.24795 1.93177 13
1.48622 0.05726 56.08987 0 0 -1.62987 31.34722 2.54857 -13
0.46178 -0.08421 58.79486 0 0 2.63050 53.41166 2.00206 -13
1.01855 -0.17084 56.56073 0 0 5.22210 39.91448 2.35819 13
0.33521 -0.02607 62.52130 0 0 0.85936 59.28149 1.89413 13
-0.37772 -0.12550 23.52400 0 0 3.84511 22.02774 1.21222 13
-0.44460 0.07782 65.93561 0 0 -2.27433 60.27940 1.15356 13
0.56809 -0.10069 23.28860 0 0 3.14226 20.27400 2.08526 -13
-0.65520 -0.23554 89.11283 0 0 7.19296 75.13396 1.00308 -13
-0.98065 0.00583 55.02851 0 0 -0.08262 39.28968 0.79518 -13
-1.64824 0.06573 21.64622 0 0 -1.85750 11.24644 0.54629 -13
1.18871 0.04465 26.76858 0 0 -1.23707 17.24262 2.44171 -13
0.60062 0.08281 25.24028 0 0 -2.43943 21.65711 2.11017 13
-0.43661 0.00066 94.23935 0 0 0.06705 86.36606 1.15913 -13
-1.47061 -0.08808 16.88208 0 0 2.68594 9.51809 0.59897 13
-0.38736 -0.06817 64.55649 0 0 2.12952 60.21623 1.20201 13
-1.04122 -0.21234 13.57246 0 0 6.42990 9.50895 0.77623 13
-0.29791 0.02296 5.87361 0 0 -0.52519 5.62927 1.28133 -13
2.09045 -0.15984 67.42011 0 0 4.88697 29.39364 2.69047 13
0.81818 0.12211 34.59738 0 0 -3.62022 26.85653 2.25290 13
0.84292 -0.27805 34.59738 0 0 8.45053 26.85653 2.25288 13
-1.79826 0.14683 55.09273 0 0 -4.33054 26.99429 0.51205 -13
-1.83483 -0.25203 55.09273 0 0 7.70186 26.99429 0.51205 -13
-0.29964 0.14273 65.92534 0 0 -4.23232 63.20320 1.28243 13
-0.30623 -0.25634 65.92534 0 0 7.80530 63.20320 1.28243 13
-0.57280 -0.12551 49.43804 0 0 3.85559 42.98195 1.05398 13
-0.36959 0.08809 49.43804 0 0 3.81492 42.98195 1.21803 13
0.59963 -0.15555 49.43804 0 0 5.61530 42.98195 1.03591 13
0.87359 0.95467 49.43804 0 0 3.71047 42.98195 2.13433 13
-0.65262 -0.37497 49.43804 0 0 4.56662 42.98195 2.11932 13
-0.09111 0.00500 84.12497 0 0 -0.07536 83.77802 1.47994 13
0.00477 -0.08097 51.70195 0 0 2.51480 51.70137 1.57555 13
1.53036 0.13603 22.58206 0 0 -4.05963 12.43180 2.55860 13
1.56811 -0.26339 22.58206 0 0 7.98680 12.43180 2.55860 13
0.40723 -0.12436 46.71483 0 0 3.84445 43.31193 1.95484 -13
-1.19192 -0.16058 40.10942 0 0 4.90509 25.97192 0.70434 13
0.29493 0.13877 28.29561 0 0 -4.08728 27.16035 1.85502 -13
0.30187 -0.26044 28.29561 0 0 7.95613 27.16035 1.85502 -13
-0.33556 0.09809 18.32396 0 0 -2.84818 17.38049 1.24849 -13
1.42396 -0.22770 65.42862 0 0 6.96374 38.23840 2.51741 -13
1.47321 -0.24536 41.81123 0 0 7.46058 23.95144 2.53159 13
-0.23968 -0.16401 95.22894 0 0 5.02378 92.67209 1.33855 13
-1.81148 -0.02704 71.78625 0 0 0.91133 34.70306 0.50456 -13
-1.99261 0.00166 28.79639 0 0 0.06872 12.91596 0.46513 -13
0.02817 -0.01836 82.84823 0 0 0.63951 82.81537 1.59895 -13
-1.92823 -0.00497 91.41822 0 0 0.24278 42.08790 0.47843 -13
-1.17216 -0.10250 1.95050 0 0 2.77947 1.26951 0.70889 13
-1.32613 -0.04575 82.66078 0 0 1.45173 49.80140 0.64661 13
-1.59525 -0.10410 89.22084 0 0 3.23100 47.57184 0.56236 -13
-0.12611 0.02180 18.72024 0 0 -0.55024 18.57322 1.44538 -13
-0.03358 -0.24362 89.96024 0 0 7.43609 89.91241 1.53818 -13
-1.53255 -0.19162 66.50404 0 0 5.84827 36.80263 0.58642 13
0.56796 0.13791 98.76824 0 0 -4.08479 86.07883 2.08329 13
0.58153 -0.26138 98.76824 0 0 7.95954 86.07883 2.08329 13
1.37801 -0.24608 66.66954 0 0 7.49066 39.90962 2.49980 13
-1.93564 0.04590 99.12839 0 0 -1.31345 45.53639 0.47729 13
-0.02673 -0.10852 97.88896 0 0 3.35947 97.85441 1.54423 -13
0.74812 -0.00468 78.30707 0 0 0.21489 62.70243 2.21309 13
-1.94409 -0.04863 89.62057 0 0 1.53599 41.03163 0.47557 13
0.01722 0.01217 44.50807 0 0 -0.29683 44.50147 1.58802 13
-1.29528 -0.20630 77.08891 0 0 6.29349 47.72281 0.66756 13
1.86106 0.00062 53.87844 0 0 0.04341 25.50200 2.64853 13
-0.42109 -0.12130 92.42914 0 0 3.73453 85.27798 1.17485 13
0.14281 -0.24467 97.32329 0 0 7.45651 96.40012 1.70863 13
0.80433 0.07609 90.46279 0 0 -2.20736 70.57069 2.24676 -13
-0.19302 -0.17651 44.74457 0 0 5.41726 43.95749 1.38296 -13
-0.48313 0.13255 4.71036 0 0 -4.03176 4.24798 1.12414 13
-0.49573 -0.26720 4.71036 0 0 8.01884 4.24798 1.12415 13
-1.33797 -0.01455 5.37352 0 0 0.37478 3.21748 0.64189 13
-0.35265 0.09432 60.38550 0 0 -2.77266 56.97604 1.23315 13
-0.60552 -0.19283 12.09546 0 0 5.94701 10.39659 1.03438 -13
-0.47423 -0.11467 41.53846 0 0 3.52771 37.57688 1.13050 13
1.99622 0.07778 36.02278 0 0 -2.23401 16.17320 2.67598 -13
0.37618 0.03914 44.24583 0 0 -1.11144 41.41624 1.93035 13
0.28065 0.12317 76.39058 0 0 -3.62500 73.58867 1.84246 -13
0.28903 -0.27690 76.39058 0 0 8.44352 73.58867 1.84246 -13
0.17555 -0.22176 8.73515 0 0 6.83241 8.60959 1.74053 -13
-0.55251 0.11276 89.49219 0 0 -3.31370 78.44691 1.06870 -13
-1.68558 -0.00763 83.74048 0 0 0.29958 42.72797 0.53547 13
0.58321 0.07807 50.31913 0 0 -2.26286 43.50041 2.09746 -13
1.15552 -0.04523 78.98814 0 0 1.43613 51.71896 2.42771 13
-0.02563 -0.13094 82.37875 0 0 4.02494 82.35217 1.54539 13
-0.58439 -0.21413 96.08793 0 0 6.53367 83.42746 1.05165 13
0.75712 -0.17127 86.37647 0 0 5.25366 69.22477 2.21190 -13
0.96137 0.07132 22.80349 0 0 -2.09899 16.45925 2.33523 13
1.70035 -0.00041 89.04737 0 0 0.08290 45.14172 2.60996 13
-0.84361 0.07078 18.37681 0 0 -2.02024 14.06057 0.87126 -13
-0.84876 0.05325 49.19670 0 0 -1.51280 37.53005 0.86772 -13
1.36473 -0.16521 62.62150 0 0 5.07688 37.33766 2.50279 -13
0.60190 0.10806 77.93046 0 0 -3.17169 66.87136 2.11005 -13
