-0.85256 0.14393 80.36133 0 0 -4.25199 61.41600 0.86988 -13
-0.87091 -0.25506 80.36133 0 0 7.78383 61.41600 0.86986 -13
0.25424 -0.21736 81.15989 0 0 6.64432 78.76539 1.81431 -13
-1.67796 0.08952 35.71038 0 0 -2.64597 18.33523 0.53920 13
-0.68299 0.09123 77.51432 0 0 -2.66283 64.09449 0.97351 -13
-0.06825 -0.05817 67.10029 0 0 1.82870 66.94504 1.50276 13
1.23821 -0.14431 1.49802 0 0 3.88267 0.94718 2.45718 13
1.27877 -0.01120 88.62785 0 0 0.41005 54.59778 2.47789 13
0.61362 -0.02992 44.02268 0 0 0.99671 37.52669 2.12097 -13
0.04948 -0.18963 16.03824 0 0 5.83318 16.01933 1.61937 -13
-0.31242 0.07024 41.17568 0 0 -2.04990 39.31071 1.26868 13
-0.36811 0.02949 83.75113 0 0 -0.81451 78.59944 1.21822 13
-1.96931 0.05368 19.89382 0 0 -1.59307 9.01684 0.47044 13
1.48931 -0.22722 17.36157 0 0 6.88404 9.84547 2.53858 13
-1.00440 -0.06605 34.07954 0 0 2.05328 24.07106 0.78429 13
0.30559 -0.00711 12.38670 0 0 0.25408 11.84614 1.86737 13
-0.43731 -0.08619 47.00515 0 0 2.69288 43.09225 1.15990 -13
0.88869 -0.23577 37.05332 0 0 7.21212 28.02431 2.28392 -13
-0.02873 -0.14745 38.68965 0 0 4.54156 38.67402 1.54238 -13
1.60813 0.09966 26.33870 0 0 -2.88691 13.95875 2.58305 -13
0.99184 -0.13882 5.18205 0 0 4.13926 3.69628 2.34733 13
0.19985 -0.14038 87.16263 0 0 4.32177 85.50414 1.76619 -13
0.88612 -0.17792 48.69073 0 0 5.43431 36.69040 2.28816 13
-0.40087 -0.01618 74.97057 0 0 0.57634 69.58887 1.18958 -13
-0.55563 0.10577 11.38471 0 0 -3.05779 9.96464 1.06600 -13
-0.98100 0.04541 88.97248 0 0 -1.29644 63.54543 0.79551 13
-0.55952 -0.18172 18.86853 0 0 5.53280 16.52901 1.06756 13
-0.14794 -0.20886 20.22188 0 0 6.40765 20.01318 1.42698 -13
-0.47047 -0.03825 28.72391 0 0 1.21598 25.99466 1.13133 13
-0.09409 -0.09749 63.94742 0 0 3.01396 63.66900 1.47742 13
0.28733 0.06367 77.42505 0 0 -1.83295 74.42539 1.85006 -13
-1.01789 -0.23366 68.76509 0 0 7.11977 48.83876 0.78982 13
-0.96963 0.10310 83.83760 0 0 -3.02058 60.34295 0.80346 -13
1.07494 -0.18861 83.48766 0 0 5.76218 57.39642 2.38358 13
0.41591 -0.23232 24.22699 0 0 7.11178 22.45424 1.95571 -13
0.11794 -0.02277 79.09988 0 0 0.77424 78.55563 1.68817 -13
-0.80699 -0.05187 9.89594 0 0 1.71066 7.70517 0.89246 -13
0.49575 0.01685 22.01999 0 0 -0.40263 19.72925 2.03098 -13
0.05244 -0.22887 74.08322 0 0 6.99167 73.98659 1.62187 -13
-0.95538 -0.00484 94.98702 0 0 0.21998 68.68106 0.80822 13
0.27777 0.00444 15.21410 0 0 -0.01936 14.65899 1.84173 -13
-1.27900 -0.22937 38.69468 0 0 6.97874 24.21139 0.67606 13
0.84897 -0.22893 52.91734 0 0 6.97406 40.76758 2.26212 13
1.08186 0.09029 98.74177 0 0 -2.63575 67.17000 2.39347 -13
0.60285 -0.14629 95.55679 0 0 4.48799 82.06596 2.10864 13
0.86272 0.08610 72.15581 0 0 -2.50728 54.72060 2.28080 -13
1.57668 -0.20191 6.93877 0 0 6.03817 3.76966 2.56730 13
0.18904 0.02253 34.03488 0 0 -0.58373 33.44289 1.75758 -13
0.72356 0.08380 64.65624 0 0 -2.43728 52.44502 2.19550 -13
0.18008 0.01190 55.69360 0 0 -0.26885 54.81199 1.74896 -13
0.00224 -0.07466 80.35452 0 0 2.33925 80.35431 1.57303 -13
-1.95725 -0.18588 28.21949 0 0 5.72695 13.01239 0.47926 -13
0.18185 -0.15266 55.76593 0 0 4.69489 54.88624 1.74866 -13
0.99923 -0.15726 5.98907 0 0 4.94432 4.26243 2.34970 -13
1.90541 -0.06637 18.78951 0 0 2.02539 8.74645 2.65738 13
1.36607 -0.11531 54.40650 0 0 3.57465 32.27323 2.50654 -13
1.56983 -0.16141 72.25275 0 0 4.96306 39.17454 2.56856 -13
-0.79238 -0.02374 15.24135 0 0 0.75729 11.94701 0.90086 13
-0.39745 -0.10095 44.58498 0 0 3.11494 41.46128 1.19422 13
-0.02773 -0.21712 64.12524 0 0 6.62336 64.10172 1.54371 13
-1.03015 -0.13951 99.42342 0 0 4.28264 69.59451 0.77536 13
-0.88977 0.10798 50.09256 0 0 -3.18859 37.51912 0.84654 13
-0.38990 -0.07889 96.18752 0 0 2.45518 89.65346 1.20008 13
0.22048 0.13035 2.93016 0 0 -3.67740 2.86254 1.78604 -13
0.22637 -0.26901 2.93016 0 0 8.38288 2.86254 1.78601 -13
-0.91677 0.10572 45.28638 0 0 -3.12264 33.46600 0.83156 13
1.98493 -0.21011 48.57063 0 0 6.44247 22.23120 2.66618 -13
-0.48051 -0.05719 95.06696 0 0 1.81193 85.71410 1.12350 -13
-0.21774 -0.10340 60.03885 0 0 3.19255 58.67820 1.35750 13
0.80270 -0.05811 23.67788 0 0 1.80779 18.47692 2.24636 13
1.63283 0.10360 26.17003 0 0 -3.00897 13.72058 2.58970 -13
-1.15420 -0.16120 72.59863 0 0 4.93447 47.88604 0.72029 13
-1.72377 -0.05244 93.88299 0 0 1.65242 47.15883 0.52627 13
0.76552 -0.02965 25.00549 0 0 0.99938 19.85923 2.22394 -13
-0.19264 0.01619 33.07741 0 0 -0.39224 32.48041 1.38051 -13
-0.16521 0.08613 11.74040 0 0 -2.47425 11.58450 1.40766 -13
-0.05538 -0.00139 24.44771 0 0 0.10329 24.41032 1.51548 13
1.33773 -0.12837 30.25866 0 0 3.92497 18.21221 2.49575 13
0.45983 0.10389 70.56487 0 0 -3.04523 64.17123 1.99976 -13
-1.42908 -0.11405 52.18281 0 0 3.50702 30.04746 0.61360 13
2.12610 -0.02414 97.58430 0 0 0.82119 41.54318 2.70184 -13
0.55426 0.10171 27.62373 0 0 -2.96647 24.18997 2.07473 -13
0.34905 -0.12567 44.94043 0 0 3.86075 42.46617 1.90419 13
-0.21479 0.11191 39.57439 0 0 -3.28249 38.70254 1.36050 -13
-0.93393 -0.19784 51.73355 0 0 6.06150 38.14522 0.82912 -13
0.55763 -0.03670 7.46042 0 0 1.26454 6.51668 2.07920 -13
-0.68980 -0.11778 13.78182 0 0 3.67675 11.36978 0.97016 -13
-0.21325 0.11967 14.32002 0 0 -3.49200 14.00930 1.36214 -13
-0.21988 -0.28052 14.32002 0 0 8.57905 14.00930 1.36217 -13
-1.64295 0.13348 18.98397 0 0 -3.99476 9.93371 0.55069 13
-1.68528 -0.26616 18.98397 0 0 8.05517 9.93371 0.55067 13
-0.85548 0.13690 88.98618 0 0 -4.04118 67.88308 0.86771 -13
-0.87629 -0.26241 88.98618 0 0 8.00384 67.88308 0.86770 -13
-0.03385 0.03602 38.06051 0 0 -1.01831 38.03875 1.53698 13
0.60615 0.10320 20.54120 0 0 -3.00284 17.59157 2.11338 -13
-0.17072 -0.21506 53.59982 0 0 6.57747 52.86854 1.40542 -13
0.12553 -0.18978 90.53986 0 0 5.81169 89.85900 1.69351 -13
-0.41165 0.08207 48.62142 0 0 -2.38334 44.98269 1.18147 -13
-1.17523 0.03725 23.48677 0 0 -1.00880 15.22619 0.70536 -13
-0.15946 0.09992 63.55217 0 0 -2.94024 62.76695 1.41344 13
1.21161 -0.13804 94.29313 0 0 4.25376 60.35867 2.44695 -13
0.83111 -0.14170 66.63998 0 0 4.36564 51.45729 2.25934 -13
1.11884 -0.18874 80.67351 0 0 5.78348 54.28199 2.40352 -13
0.88326 0.09069 10.67849 0 0 -2.71439 8.01784 2.29225 13
-1.69638 0.01534 97.68055 0 0 -0.39136 49.60876 0.53271 13
0.17815 -0.24502 24.48905 0 0 7.49394 24.13051 1.74213 -13
1.03608 0.05605 83.38422 0 0 -1.61829 57.95462 2.37313 13
-0.98207 0.07869 66.30446 0 0 -2.28227 47.37779 0.79599 -13
0.85220 -0.10454 38.29782 0 0 3.25168 29.21543 2.27388 -13
-1.56708 -0.02489 31.38014 0 0 0.86304 16.88428 0.56812 -13
1.28649 -0.18406 65.44893 0 0 5.64525 40.58308 2.47275 -13
-0.00894 -0.10046 23.75837 0 0 3.09119 23.75743 1.56190 13
0.21111 0.02782 41.29354 0 0 -0.74610 40.40357 1.77877 -13
-0.00834 -0.01771 82.34687 0 0 0.62131 82.34400 1.56246 -13
0.45875 0.14253 40.36613 0 0 -4.23089 36.75331 1.99711 13
0.46887 -0.25655 40.36613 0 0 7.80715 36.75331 1.99711 13
0.17787 0.04676 46.77000 0 0 -1.31847 46.04885 1.74664 -13
0.23427 -0.01537 52.21235 0 0 0.53523 50.83629 1.80089 13
0.90658 -0.05489 5.23282 0 0 1.61600 3.87919 2.30649 13
0.53613 -0.21501 94.55206 0 0 6.56185 83.74552 2.05358 13
0.39417 -0.05251 89.04673 0 0 1.66000 82.85850 1.94580 13
1.03731 -0.07206 53.22282 0 0 2.26790 36.98826 2.37321 -13
-0.22595 -0.22855 26.87252 0 0 6.95489 26.24327 1.35399 13
1.70569 -0.24193 5.89715 0 0 7.20835 3.04574 2.59883 13
0.10600 -0.18160 54.63430 0 0 5.55079 54.33955 1.67472 13
-0.25356 -0.22642 30.70959 0 0 6.89384 29.81139 1.32836 13
1.25371 0.10561 21.53401 0 0 -3.13958 13.47239 2.46559 13
3.15535 3.23940 21.53401 0 0 -2.23341 13.47239 0.82127 13
-0.28909 0.01796 30.12853 0 0 -0.47689 28.94372 1.28942 13
-1.43713 -0.01992 31.73057 0 0 0.65532 18.12641 0.60801 13
1.88469 -0.18800 24.73677 0 0 5.70811 11.75148 2.64655 13
-0.90295 0.01265 19.08093 0 0 -0.33481 14.16266 0.83639 13
-1.61406 -0.09611 65.21617 0 0 2.99541 34.46144 0.55673 -13
1.48643 -0.14927 72.98992 0 0 4.59590 41.05092 2.54428 -13
1.57531 -0.23198 54.76940 0 0 7.06244 29.90191 2.56406 13
-0.73000 -0.16234 27.12212 0 0 4.95653 22.00471 0.94640 13
1.09789 -0.18757 35.19564 0 0 5.71794 23.92289 2.39421 13
-2.05159 0.03320 37.99386 0 0 -0.94918 16.65429 0.45376 13
-0.17328 -0.17939 81.95154 0 0 5.48621 80.78490 1.40186 13
1.24465 0.02642 91.73295 0 0 -0.70735 57.46706 2.46459 -13
-1.38710 -0.15410 71.75624 0 0 4.74112 42.28596 0.63021 -13
-1.95150 0.03038 16.43175 0 0 -0.89997 7.49630 0.47373 13
1.83230 -0.23030 91.53376 0 0 7.01728 44.72660 2.63107 13
1.51574 0.10752 98.12272 0 0 -3.15282 54.25188 2.55575 -13
-0.47929 -0.07063 95.58241 0 0 2.21693 86.23336 1.12482 -13
-1.91147 0.11887 49.27141 0 0 -3.52557 22.96563 0.48489 13
-1.97182 -0.28153 49.27141 0 0 8.55133 22.96563 0.48490 13
-0.62840 -0.08348 88.86400 0 0 2.60605 75.31506 1.01132 -13
0.34156 0.14046 75.51882 0 0 -4.16247 71.53738 1.89695 13
0.34938 -0.25872 75.51882 0 0 7.87850 71.53738 1.89696 13
-0.52893 -0.23443 10.89369 0 0 7.20546 9.68487 1.09525 -13
0.40689 -0.18040 72.77126 0 0 5.51595 67.55636 1.95167 13
-0.23925 -0.09639 49.72002 0 0 2.97884 48.36753 1.33700 13
1.01278 -0.21586 58.06423 0 0 6.60512 41.26434 2.35116 -13
0.26952 0.08872 3.42144 0 0 -2.74123 3.30440 1.83308 13
-0.74399 0.09577 22.86300 0 0 -2.78095 18.37293 0.93334 -13
0.71617 -0.09158 67.04911 0 0 2.85239 54.58861 2.19032 -13
1.44820 0.08018 52.50961 0 0 -2.35462 29.90174 2.53576 13
-1.50685 0.11152 51.06133 0 0 -3.26545 28.35539 0.58875 -13
0.50939 0.04943 70.79388 0 0 -1.40189 63.09717 2.04144 -13
-0.16340 -0.11808 66.68232 0 0 3.65094 65.82142 1.40993 -13
0.94092 -0.23949 91.89075 0 0 7.29759 67.79278 2.31186 13
0.73092 -0.12203 9.04407 0 0 3.82669 7.32069 2.19845 -13
1.18337 0.09965 58.96156 0 0 -2.91162 38.16652 2.43755 -13
-0.73222 -0.10815 40.74689 0 0 3.32856 32.94242 0.94154 13
-1.99479 -0.04425 62.99698 0 0 1.43297 28.25375 0.46508 -13
-0.42756 0.14029 60.60676 0 0 -4.15907 55.80988 1.17027 13
-0.43739 -0.25890 60.60676 0 0 7.88173 55.80988 1.17026 13
1.89024 -0.22791 19.99329 0 0 6.90080 9.53482 2.64445 13
0.67149 0.00934 77.87393 0 0 -0.19325 64.65167 2.16211 -13
-1.26152 -0.16765 31.29842 0 0 5.11375 19.60804 0.67703 13
-0.30079 -0.18786 57.04210 0 0 5.75735 54.70184 1.28336 -13
-1.78881 0.01671 1.75118 0 0 -1.00908 0.85517 0.50981 13
-0.51997 0.14517 43.90689 0 0 -4.28490 39.04127 1.09555 -13
-0.53092 -0.25376 43.90689 0 0 7.74914 39.04127 1.09553 -13
0.74080 0.04820 90.43617 0 0 -1.36617 72.69860 2.20783 -13
-0.66774 -0.09413 66.11022 0 0 2.92949 55.05460 0.98409 -13
1.45631 0.00497 49.80618 0 0 -0.05105 28.19329 2.53987 -13
-1.03227 -0.23068 24.27461 0 0 7.00957 17.11482 0.78248 13
0.09177 -0.02814 99.96852 0 0 0.93500 99.55052 1.66227 -13
0.79920 -0.12434 88.25892 0 0 3.82537 69.15063 2.24131 13
-0.56859 -0.12229 98.08907 0 0 3.77534 85.42305 1.05697 -13
-0.52094 0.07711 24.05609 0 0 -2.22176 21.34799 1.09175 -13
-1.22377 -0.20621 72.76907 0 0 6.29195 46.61909 0.69533 13
1.51167 0.01021 70.05496 0 0 -0.23891 38.65275 2.55714 13
2.08591 -0.09393 47.02453 0 0 2.94003 20.40131 2.69284 -13
-1.51127 0.05348 99.95731 0 0 -1.52315 55.21422 0.58521 -13
-0.10711 -0.10251 77.48773 0 0 3.16695 77.05168 1.46465 13
-1.13382 0.13663 89.68453 0 0 -4.04811 59.63119 0.72736 13
-1.16153 -0.26274 89.68453 0 0 7.99841 59.63119 0.72735 13
-0.65016 -0.16887 91.79454 0 0 5.18136 77.27788 1.00071 -13
-0.39529 -0.24410 25.66028 0 0 7.46672 23.95492 1.20415 -13
0.38206 0.01097 48.70679 0 0 -0.23888 45.49956 1.93572 -13
-2.11828 -0.05707 10.32332 0 0 1.91304 4.41321 0.44169 -13
0.97349 0.04469 39.38909 0 0 -1.28437 28.23715 2.34226 13
0.50801 -0.04579 47.83279 0 0 1.47331 42.65484 2.04041 -13
0.23578 -0.09576 4.43369 0 0 2.85683 4.31640 1.80133 13
-0.02851 -0.24163 33.93589 0 0 7.35498 33.92288 1.54309 13
0.45154 -0.16155 56.19285 0 0 4.94465 51.32454 1.99012 13
0.80176 -0.07689 52.20527 0 0 2.38826 40.77720 2.24517 13
0.71525 -0.03568 93.97641 0 0 1.16393 76.45316 2.19138 -13
-0.26185 0.04219 51.16585 0 0 -1.20131 49.49979 1.31491 13
-0.26344 -0.23874 81.73715 0 0 7.28915 79.17838 1.31995 -13
-1.04492 -0.05634 56.53123 0 0 1.76744 39.11844 0.76422 13
1.89113 -0.03415 94.39485 0 0 1.10082 44.14555 2.65494 13
-0.58662 -0.08064 44.98487 0 0 2.50106 38.83317 1.04169 13
-0.28079 -0.14397 78.50263 0 0 4.43021 75.63580 1.29971 -13
0.68139 -0.17606 65.96891 0 0 5.38300 54.77835 2.16184 13
-0.72702 -0.10595 98.39014 0 0 3.27095 79.73378 0.94482 13
-0.62315 -0.24091 60.81606 0 0 7.35842 52.01513 1.02611 -13
0.23625 0.13697 64.95080 0 0 -4.05806 63.24157 1.80072 13
0.24199 -0.26238 64.95080 0 0 7.98753 63.24157 1.80073 13
0.63060 0.09260 84.90041 0 0 -2.71850 71.90100 2.13149 13
0.68182 -0.22061 31.84224 0 0 6.71673 26.50480 2.15821 13
-0.25345 -0.11159 55.92083 0 0 3.45629 54.22686 1.32404 -13
0.20826 -0.14323 85.08769 0 0 4.39595 83.33507 1.77411 13
1.25794 -0.21171 39.08932 0 0 6.48839 24.65025 2.45924 -13
-0.65708 -0.01945 67.69823 0 0 0.65928 56.58021 0.98955 13
-0.51063 0.11497 43.71774 0 0 -3.39898 38.98805 1.10133 13
-1.46869 0.09177 10.07969 0 0 -2.76539 5.69028 0.59973 13
-1.02080 0.12664 1.35837 0 0 -4.23806 0.95364 0.77908 13
-1.04948 -0.27426 1.35837 0 0 7.81071 0.95364 0.77938 13
0.63197 0.01862 4.76288 0 0 -0.60121 4.02660 2.13431 13
-0.19509 0.13759 98.01187 0 0 -4.06393 96.23114 1.37989 -13
-0.19977 -0.26169 98.01187 0 0 7.98102 96.23114 1.37989 -13
0.41162 -0.22184 71.22841 0 0 6.78075 66.09166 1.95290 -13
0.24166 -0.00975 79.50929 0 0 0.38079 77.28475 1.80790 -13
-0.74179 -0.03954 96.13973 0 0 1.26769 77.23633 0.93295 13
0.02531 0.02852 25.92695 0 0 -0.76055 25.91865 1.59609 -13
-0.65291 0.01122 61.91457 0 0 -0.26657 51.84370 0.99241 13
0.07372 0.06884 4.98266 0 0 -1.89387 4.96922 1.64421 -13
-1.08592 0.07313 57.58285 0 0 -2.11263 39.06283 0.74556 -13
0.11444 0.11498 28.01336 0 0 -3.40423 27.83403 1.68401 13
0.49300 -0.07674 70.61735 0 0 2.38851 63.37476 2.02767 13
-0.87247 -0.05778 85.17194 0 0 1.81622 64.22496 0.85423 13
-0.20417 0.05115 27.34631 0 0 -1.44368 26.79492 1.36965 -13
-0.72827 -0.23973 85.10600 0 0 7.30489 69.45246 0.95459 13
-0.08386 -0.10191 66.89592 0 0 3.14778 66.66432 1.48756 13
-0.52467 -0.12906 17.80975 0 0 3.94240 15.79840 1.09100 13
-0.62424 -0.20662 89.00549 0 0 6.30748 75.93985 1.02209 13
0.29566 -0.17366 74.70258 0 0 5.32665 71.72157 1.85425 -13
1.79418 -0.03894 83.72868 0 0 1.24377 40.78656 2.63280 13
-0.01490 0.10936 33.01482 0 0 -3.20334 33.01121 1.55598 -13
0.41244 -0.24777 52.00050 0 0 7.54467 48.27612 1.95159 13
-0.15506 0.08790 71.96093 0 0 -2.56322 71.11756 1.41754 -13
-1.34548 -0.07008 29.37849 0 0 2.16813 17.55248 0.64033 13
-0.38620 -0.22652 76.15657 0 0 6.92107 71.26866 1.21057 -13
-0.78967 -0.19365 58.01663 0 0 5.93328 45.85168 0.91132 -13
0.45522 -0.17944 73.13288 0 0 5.48660 66.73954 1.99204 13
-0.61924 0.00927 6.73755 0 0 -0.28288 5.72817 1.01637 13
1.26490 -0.08358 74.51500 0 0 2.61287 46.31174 2.47093 -13
-0.81820 -0.19424 28.26081 0 0 5.91806 22.03363 0.89411 13
-0.84031 -0.15417 23.36423 0 0 4.70437 17.97400 0.87773 13
-0.96823 -0.05824 14.83191 0 0 1.88349 10.66459 0.80238 -13
-1.88013 -0.17896 92.82961 0 0 5.46781 44.12779 0.49539 13
0.05630 -0.16720 70.51217 0 0 5.13208 70.40371 1.62627 -13
1.72580 0.08904 54.66980 0 0 -2.62234 27.48974 2.61471 13
-0.49570 -0.07750 46.02756 0 0 2.40743 41.26362 1.11178 13
0.16012 0.10683 82.36635 0 0 -3.14726 81.34179 1.72868 13
-0.94105 -0.20602 56.51716 0 0 6.28359 41.55716 0.82612 13
-1.51677 0.03404 83.27473 0 0 -0.93630 45.85526 0.58315 -13
-1.71105 -0.23823 91.98583 0 0 7.27830 47.37227 0.54100 -13
-0.95630 -0.12739 74.77987 0 0 3.91508 54.25284 0.81175 13
-1.95623 -0.03384 26.04936 0 0 1.06235 11.86199 0.47279 13
0.84419 -0.06939 47.82442 0 0 2.18828 36.57989 2.27072 -13
-1.18673 -0.05393 96.05628 0 0 1.71591 61.94937 0.70093 -13
0.29307 -0.00864 42.19205 0 0 0.33003 40.48911 1.85587 13
-0.48715 -0.13016 16.68350 0 0 3.97529 15.02231 1.12078 13
-0.31394 -0.00440 23.56804 0 0 0.23506 22.48610 1.26661 -13
-0.40297 0.12232 93.27502 0 0 -3.60291 86.60386 1.19030 -13
-0.41514 -0.27781 93.27502 0 0 8.46699 86.60386 1.19030 -13
0.86549 -0.05861 99.23331 0 0 1.84239 75.08811 2.28337 13
-1.33165 -0.00767 32.14795 0 0 0.28819 19.30565 0.64412 13
0.76245 -0.03384 66.39181 0 0 1.09303 52.80730 2.22194 13
-1.09688 -0.11095 64.38015 0 0 3.43791 43.51879 0.74227 -13
0.01389 0.12239 93.74739 0 0 -3.61597 93.73848 1.58459 13
0.01431 -0.27776 93.74739 0 0 8.45427 93.73848 1.58459 13
0.02446 -0.09684 37.54248 0 0 3.01515 37.53136 1.59514 -13
-0.57447 0.12775 3.26456 0 0 -3.95378 2.83651 1.05285 13
-0.59056 -0.27233 3.26456 0 0 8.10247 2.83651 1.05287 13
0.19820 0.11078 24.85691 0 0 -3.24059 24.38825 1.76530 -13
-1.37959 -0.11390 12.99789 0 0 3.58146 7.66088 0.63028 -13
0.55228 -0.16833 45.00976 0 0 5.17184 39.52782 2.06950 -13
0.79729 0.14701 37.70968 0 0 -4.33611 29.60695 2.23868 -13
0.81342 -0.25180 37.70968 0 0 7.69621 29.60695 2.23867 -13
1.16523 0.14899 2.50847 0 0 -4.11021 1.64449 2.42693 -13
1.18813 -0.24919 2.50847 0 0 7.92511 1.64449 2.42708 -13
0.44455 -0.13984 2.50847 0 0 -4.07977 1.64449 1.98553 -13
-3.48161 -0.74867 2.50847 0 0 -3.14598 1.64449 2.79710 -13
-0.75737 -1.39991 2.50847 0 0 -2.76626 1.64449 1.98550 -13
-1.42246 -4.67117 2.50847 0 0 -2.86282 1.64449 1.86021 -13
-3.46908 -2.20110 2.50847 0 0 -2.79582 1.64449 2.53295 -13
0.77983 -0.19399 69.03525 0 0 5.94217 54.81596 2.22418 -13
-0.35504 -0.02602 90.32174 0 0 0.87107 85.11963 1.22975 -13
0.39784 0.03422 6.63377 0 0 -0.87026 6.16426 1.94924 -13
1.23756 -0.17646 39.42716 0 0 5.38499 25.00950 2.45446 13
-1.00654 -0.24826 74.83710 0 0 7.56047 53.53295 0.79709 13
0.47864 -0.20352 28.03059 0 0 6.20091 25.37789 2.00936 13
0.00215 -0.13188 4.65583 0 0 3.94919 4.65582 1.57293 13
1.80742 0.13377 80.95854 0 0 -3.96546 39.45935 2.63247 13
1.85365 -0.26573 80.95854 0 0 8.08565 39.45935 2.63248 13
0.49093 -0.16042 42.97516 0 0 4.90709 38.67158 2.02216 13
0.01511 -0.02510 46.12086 0 0 0.82794 46.11560 1.58590 13
0.48260 0.10885 70.82963 0 0 -3.20988 63.86054 2.01813 13
-0.77886 0.03743 51.46801 0 0 -1.03599 40.61575 0.90942 -13
-0.13928 -0.20818 67.45212 0 0 6.36803 66.83358 1.43527 -13
1.82666 0.15274 3.01138 0 0 -4.17714 1.45911 2.63584 -13
1.85937 -0.24501 3.01138 0 0 7.85377 1.45911 2.63589 -13
-1.22141 -0.05633 45.85792 0 0 1.79743 29.07850 0.68683 -13
0.14444 0.04054 42.35694 0 0 -1.15333 41.92267 1.71412 13
-2.00986 -0.21448 96.61661 0 0 6.53914 43.81807 0.47071 13
-0.38745 -0.02720 27.37907 0 0 0.92040 25.53096 1.20128 -13
0.43884 -0.22564 18.44147 0 0 6.85808 16.95329 1.97527 13
-1.35324 -0.11529 82.36336 0 0 3.54911 49.15877 0.63956 13
-0.00373 0.11123 78.64468 0 0 -3.26790 78.64414 1.56709 -13
1.66953 -0.10449 79.25689 0 0 3.22115 40.88784 2.59953 13
0.24783 -0.01724 68.07727 0 0 0.59410 66.07883 1.81369 13
1.24310 0.07177 37.32121 0 0 -2.06358 23.42851 2.46290 -13
-0.52335 0.13398 71.94812 0 0 -3.96797 63.86699 1.09229 13
-0.53671 -0.26551 71.94812 0 0 8.08227 63.86699 1.09227 13
1.03878 -0.21592 50.32631 0 0 6.60859 35.31330 2.36383 -13
0.46368 0.06852 12.16818 0 0 -2.02936 11.04368 2.00407 13
0.29762 0.03667 73.29144 0 0 -1.01791 70.25011 1.85988 -13
1.51084 0.05363 66.08834 0 0 -1.52318 36.51263 2.55625 -13
0.45936 -0.18798 68.18914 0 0 5.74363 62.14941 1.99485 13
-0.86327 0.13257 35.12681 0 0 -3.89966 26.68777 0.86295 -13
-0.88577 -0.26699 35.12681 0 0 8.15310 26.68777 0.86295 -13
1.20942 -0.09125 12.65926 0 0 2.77070 8.08683 2.44866 13
-0.29721 0.08700 32.88523 0 0 -2.55837 31.53232 1.28293 13
1.86949 -0.09056 74.41346 0 0 2.79872 35.20884 2.64871 13
1.20662 0.00832 95.60307 0 0 -0.16191 61.00603 2.44954 -13
-1.14485 -0.14174 42.04507 0 0 4.37466 27.81516 0.72290 -13
0.36295 -0.03175 70.71024 0 0 1.03154 66.47147 1.91880 13
-0.49489 0.14698 44.65565 0 0 -4.34074 40.10615 1.11548 -13
-0.50492 -0.25187 44.65565 0 0 7.69121 40.10615 1.11548 -13
0.08185 0.03249 71.16585 0 0 -0.90565 70.92885 1.65243 13
-0.38824 -0.06913 67.80309 0 0 2.17418 63.22633 1.20127 -13
0.84256 -0.06995 28.90073 0 0 2.21409 22.12357 2.26975 -13
1.33970 0.08313 6.27949 0 0 -2.29846 3.76405 2.49873 -13
0.47431 -0.04383 38.20485 0 0 1.41754 34.52514 2.01331 -13
-0.27502 -0.22163 43.56302 0 0 6.75520 42.07274 1.30848 13
-1.65215 0.01213 36.36010 0 0 -0.25923 18.82829 0.54432 -13
-1.44336 0.06352 32.91659 0 0 -1.86148 18.77145 0.60684 13
1.32444 0.14718 12.05809 0 0 -4.29128 7.31570 2.48972 -13
1.35099 -0.25168 12.05809 0 0 7.74171 7.31570 2.48965 -13
-1.56033 0.14677 26.91804 0 0 -4.38063 14.63497 0.57480 13
-1.59208 -0.25215 26.91804 0 0 7.65129 14.63497 0.57481 13
1.07342 -0.20368 32.22800 0 0 6.24854 22.20596 2.38145 -13
0.69783 -0.19747 75.55477 0 0 6.03030 62.34406 2.17112 13
0.59864 0.06435 64.59723 0 0 -1.85070 55.45523 2.10931 -13
-0.35433 -0.12755 21.21935 0 0 3.90432 20.01875 1.23280 13
-0.52105 -0.07768 34.67348 0 0 2.40817 30.76920 1.09169 13
0.89982 -0.02348 24.01452 0 0 0.81580 17.85350 2.30337 -13
-0.93145 0.05007 48.37065 0 0 -1.44281 35.41538 0.82150 13
-0.21209 -0.13791 58.34229 0 0 4.23275 57.09562 1.36370 13
-0.65890 -0.06947 27.11394 0 0 2.19848 22.65740 0.98930 -13
-0.49048 0.07920 95.90193 0 0 -2.30219 86.15487 1.11603 -13
1.53487 -0.07965 73.07170 0 0 2.47188 39.97708 2.56270 13
-0.08723 -0.14671 62.50342 0 0 4.49955 62.27204 1.48471 13
0.02624 -0.21727 19.22555 0 0 6.60835 19.21923 1.59643 13
0.75476 -0.08634 53.09758 0 0 2.69757 42.43827 2.21555 -13
-0.76000 0.14621 5.65338 0 0 -4.21778 4.51843 0.92601 -13
-0.77547 -0.25265 5.65338 0 0 7.81666 4.51843 0.92611 -13
1.39997 -0.20082 55.00801 0 0 6.15440 32.39203 2.51195 -13
-0.19814 -0.23323 47.79642 0 0 7.10645 46.93069 1.38018 13
-1.13340 -0.08617 70.70306 0 0 2.67006 46.87435 0.72479 13
-0.09829 0.09105 39.73901 0 0 -2.65305 39.54996 1.47323 -13
-2.00808 -0.14845 72.64683 0 0 4.54453 32.66787 0.46640 13
0.61390 -0.23314 85.44960 0 0 7.10656 73.34099 2.10965 13
-0.13258 0.02772 89.41072 0 0 -0.74979 88.63572 1.43904 -13
0.24273 -0.05427 14.26771 0 0 1.75209 13.86623 1.80858 -13
1.81616 -0.13335 96.74110 0 0 4.09367 46.97662 2.63455 13
-1.70580 0.12770 38.66050 0 0 -3.79704 19.66925 0.53377 13
-1.75363 -0.27221 38.66050 0 0 8.26293 19.66925 0.53377 13
0.78662 -0.18071 2.01778 0 0 5.20944 1.59514 2.22953 13
-0.09520 -0.05999 29.37730 0 0 1.87434 29.24546 1.47605 13
0.72558 -0.11224 78.97567 0 0 3.45954 64.05934 2.19551 13
-0.49455 -0.17530 34.17198 0 0 5.38493 30.72074 1.11750 -13
0.99123 0.02796 98.15382 0 0 -0.75498 69.72401 2.35160 -13
0.23162 0.04042 96.46523 0 0 -1.14323 93.98135 1.79822 13
0.33011 -0.05781 47.85664 0 0 1.81439 45.45189 1.88915 13
-0.04822 0.12004 63.35648 0 0 -3.54698 63.28396 1.52295 13
-0.04972 -0.28024 63.35648 0 0 8.52728 63.28396 1.52296 13
1.37462 0.14893 91.29921 0 0 -4.41781 54.09467 2.50744 13
1.40141 -0.24988 91.29921 0 0 7.60902 54.09467 2.50743 13
0.59919 -0.11158 84.84472 0 0 3.45401 72.89853 2.10790 -13
0.43898 0.03178 80.41169 0 0 -0.88388 73.63560 1.98427 13
-0.22918 -0.16965 26.66890 0 0 5.17917 26.01330 1.34858 13
0.89787 -0.06997 70.92061 0 0 2.18255 52.82817 2.30122 13
0.70415 0.11625 12.33532 0 0 -3.47298 10.10849 2.18115 13
-1.55107 -0.10015 9.37318 0 0 3.00606 5.09735 0.57493 13
-1.14470 -0.12669 85.37795 0 0 3.89407 56.42345 0.72198 13
0.40055 -0.22457 86.21032 0 0 6.86071 80.29604 1.94336 -13
0.95394 -0.16162 37.91200 0 0 4.97444 27.59982 2.32619 -13
1.91515 -0.20419 55.88752 0 0 6.22210 26.28387 2.65195 13
-0.85573 -0.22879 38.15535 0 0 6.99959 29.29993 0.87556 -13
0.63118 0.00392 74.98745 0 0 -0.02912 63.41261 2.13383 -13
-0.21782 0.00425 5.65149 0 0 -0.13459 5.52198 1.35632 13
-0.55318 0.09158 75.91614 0 0 -2.67402 66.49426 1.06728 -13
-0.42426 -0.11567 44.53256 0 0 3.58186 41.03678 1.17194 -13
1.08254 -0.04475 4.14618 0 0 1.25762 2.81478 2.39531 13
-0.13350 0.13500 18.93478 0 0 -3.96405 18.77120 1.43926 -13
-0.13682 -0.26441 18.93478 0 0 8.08496 18.77120 1.43928 -13
0.86213 -0.16762 68.18349 0 0 5.12807 51.94481 2.27544 13
0.49557 -0.13766 72.24509 0 0 4.22625 64.85120 2.02717 13
0.78461 -0.01745 84.82595 0 0 0.60121 66.73983 2.23601 13
0.19301 -0.24592 65.89439 0 0 7.49101 64.76669 1.75607 13
0.37426 0.13560 88.00599 0 0 -4.00346 82.51424 1.92594 -13
0.38355 -0.26378 88.00599 0 0 8.04446 82.51424 1.92594 -13
0.89887 -0.10320 84.96547 0 0 3.18648 63.33921 2.30036 13
0.31049 0.13789 54.41301 0 0 -4.08767 52.00849 1.86920 13
0.31792 -0.26140 54.41301 0 0 7.95679 52.00849 1.86920 13
0.17815 0.12504 60.77550 0 0 -3.69878 59.84765 1.74576 13
0.18332 -0.27495 60.77550 0 0 8.36673 59.84765 1.74575 13
-0.42783 0.12998 31.37660 0 0 -3.82255 28.88471 1.16955 -13
-0.43941 -0.26965 31.37660 0 0 8.23452 28.88471 1.16956 -13
-1.04054 -0.13110 7.29949 0 0 3.93646 5.07998 0.76979 13
0.34160 0.01505 88.12913 0 0 -0.37850 83.39865 1.89993 13
-0.02073 -0.00640 64.66588 0 0 0.28094 64.65199 1.55007 -13
-0.58532 0.14650 79.12993 0 0 -4.34498 68.47591 1.04586 13
-0.59728 -0.25240 79.12993 0 0 7.68816 68.47591 1.04587 13
0.33556 0.10700 3.49845 0 0 -3.29980 3.31846 1.89284 13
-0.85742 -0.20190 97.61995 0 0 6.17738 74.73098 0.87187 -13
-1.13801 -0.10938 92.85755 0 0 3.37305 61.49957 0.72389 13
-0.86191 -0.08948 62.06179 0 0 2.79094 47.08962 0.86140 -13
-1.24706 0.04367 81.26798 0 0 -1.24555 50.87008 0.67635 13
-0.08772 -0.24239 56.88410 0 0 7.38434 56.67849 1.48575 13
-1.42676 -0.16160 29.96844 0 0 4.98617 17.34869 0.61739 -13
0.58354 0.07519 68.05326 0 0 -2.17711 58.81887 2.09780 -13
-1.33794 -0.04286 9.37705 0 0 1.28593 5.61696 0.64229 13
-0.50177 0.05921 51.82103 0 0 -1.71553 46.33365 1.10644 13
-0.84885 0.02728 22.88092 0 0 -0.76997 17.44666 0.86715 13
0.11581 -0.21255 17.14461 0 0 6.52316 17.03566 1.68359 -13
1.10040 -0.22098 74.26678 0 0 6.73679 50.59706 2.39208 13
1.15598 0.08288 25.57334 0 0 -2.44647 16.76250 2.42672 13
0.40427 0.11604 64.74073 0 0 -3.42746 60.07772 1.95266 13
0.10357 -0.05619 33.29467 0 0 1.79089 33.11815 1.67384 -13
-1.21202 0.05407 75.94787 0 0 -1.56160 48.37683 0.69056 13
-0.36731 -0.00532 64.97724 0 0 0.24972 60.99299 1.21879 -13
0.27502 -0.05708 52.51637 0 0 1.79383 50.64221 1.83876 13
0.28349 0.02272 82.72373 0 0 -0.59790 79.58901 1.84697 -13
-0.63304 0.04602 11.63650 0 0 -1.25637 9.83488 1.00692 -13
0.12923 -0.07270 49.86201 0 0 2.26415 49.45293 1.69898 13
-0.02668 -0.19050 34.48466 0 0 5.84183 34.47283 1.54460 -13
0.80003 0.13878 5.34354 0 0 -4.22564 4.18787 2.24091 13
0.81876 -0.26074 5.34354 0 0 7.81524 4.18787 2.24081 13
-0.60980 -0.10374 82.84348 0 0 3.20408 70.83214 1.02558 13
-1.32097 -0.21062 87.00400 0 0 6.42541 53.23723 0.65845 13
-0.97830 -0.21782 12.26201 0 0 6.59522 8.86390 0.80795 13
1.27545 -0.08895 25.29153 0 0 2.79242 15.64162 2.47475 -13
0.30553 1.18151 25.29153 0 0 2.52807 15.64162 1.76568 -13
-0.08701 -1.14835 25.29153 0 0 3.68652 15.64162 1.62787 -13
0.32161 0.15450 25.29153 0 0 3.04047 15.64162 1.87854 -13
-0.40538 0.04069 25.29153 0 0 4.34885 15.64162 1.95564 -13
-1.08025 -0.24836 79.49010 0 0 7.56364 54.86484 0.76177 13
-0.04954 -0.17850 95.18210 0 0 5.46052 95.06911 1.52207 13
-1.62425 -0.06489 94.52041 0 0 2.02886 49.63012 0.55280 13
0.37927 0.04602 61.94557 0 0 -1.29867 57.92726 1.93295 -13
-1.02223 -0.13354 98.81870 0 0 4.10229 69.41468 0.77882 13
-0.22299 -0.21595 5.27249 0 0 6.69432 5.15158 1.35619 -13
-0.46820 -0.18390 31.70352 0 0 5.61142 28.79706 1.13926 13
0.89774 -0.23889 93.25094 0 0 7.28073 70.24231 2.28859 13
-1.63606 -0.05456 21.49568 0 0 1.77042 11.22219 0.54929 -13
0.03427 0.10763 42.84211 0 0 -3.17698 42.81727 1.60486 13
0.57794 -0.02016 4.51253 0 0 0.81599 3.90744 2.09475 -13
-0.33328 0.00084 24.21364 0 0 0.07712 22.97154 1.24909 -13
-0.47708 -0.07941 35.67183 0 0 2.49131 32.21451 1.12687 -13
-1.95080 -0.01869 29.20850 0 0 0.68236 13.32594 0.47376 -13
-1.34596 0.04631 86.39907 0 0 -1.30696 51.56271 0.63950 -13
-1.39841 -0.10874 67.92000 0 0 3.37406 39.66020 0.62357 -13
0.23709 0.07967 68.94978 0 0 -2.32921 67.10134 1.80288 13
0.30256 -0.22574 92.24761 0 0 6.89604 88.47470 1.85778 -13
-0.16697 0.14635 97.59892 0 0 -4.33860 96.29373 1.40707 13
-0.17039 -0.25256 97.59892 0 0 7.69468 96.29373 1.40707 13
-0.27969 0.00114 79.85955 0 0 0.04102 76.90809 1.29807 13
0.65043 0.12141 4.29701 0 0 -3.71297 3.60981 2.14413 13
0.67028 -0.27920 4.29701 0 0 8.35591 3.60981 2.14407 13
1.80990 -0.12368 93.93809 0 0 3.80208 45.69377 2.63360 13
0.17202 -0.20157 11.28419 0 0 6.20515 11.12702 1.73786 -13
-0.24137 0.09562 42.83873 0 0 -2.79154 41.65336 1.33499 -13
1.12036 -0.08069 50.74145 0 0 2.50081 33.84897 2.41128 13
0.31548 -0.08081 33.02282 0 0 2.50378 31.50198 1.87546 13
-0.12859 -0.24193 98.47452 0 0 7.38420 97.71424 1.44646 -13
0.31451 -0.17646 14.73482 0 0 5.36919 14.07501 1.87115 13
-0.09275 0.03972 3.70175 0 0 -1.25441 3.68598 1.47839 13
0.09914 0.01736 79.48169 0 0 -0.44865 79.09413 1.66959 13
-0.37022 -0.21126 62.18591 0 0 6.44554 58.46819 1.22327 13
-0.46566 -0.15371 14.52427 0 0 4.75543 13.19388 1.13945 -13
1.16111 -0.04460 42.91748 0 0 1.40868 28.02278 2.43012 13
0.75205 -0.17588 68.41593 0 0 5.39538 54.97801 2.20831 -13
0.98921 0.00750 35.02518 0 0 -0.12598 24.90063 2.35075 -13
-0.73241 0.12898 83.18827 0 0 -3.80236 67.30495 0.94257 -13
-0.75255 -0.27075 83.18827 0 0 8.25564 67.30495 0.94257 -13
0.80304 -0.23536 43.25470 0 0 7.16625 34.07865 2.23427 13
0.88471 0.09079 4.93449 0 0 -2.51828 3.70242 2.29306 -13
0.96715 -0.07628 75.54636 0 0 2.38978 54.37969 2.33805 -13
-0.25460 0.06934 96.32058 0 0 -2.00591 93.35635 1.32206 -13
0.02448 -0.00361 38.84689 0 0 0.17747 38.83527 1.59527 13
-0.53592 0.06398 80.74466 0 0 -1.85559 71.20142 1.07968 13
-1.34828 -0.24580 49.60297 0 0 7.47751 30.10826 0.65225 13
