-0.21316 -0.20023 40.30799 0 0 6.13410 39.45538 1.36475 -13
-1.63924 0.09726 41.99195 0 0 -2.87442 21.94333 0.54986 13
0.34518 -0.18438 53.14980 0 0 5.63340 50.32904 1.89805 13
-0.19449 -0.23453 2.69504 0 0 7.35022 2.64806 1.38366 -13
-0.55394 -0.13925 92.19161 0 0 4.27606 80.82586 1.06899 13
-0.96729 -0.08847 50.48356 0 0 2.73593 36.35414 0.80397 13
0.74863 0.10822 79.98385 0 0 -3.19100 64.16263 2.21063 13
0.87014 -0.11368 55.38887 0 0 3.49925 41.89962 2.28369 13
0.27792 0.07873 73.11422 0 0 -2.30071 70.45998 1.84108 13
0.60928 -0.11384 23.43539 0 0 3.53939 20.04781 2.11515 -13
0.57945 0.04496 55.30628 0 0 -1.28537 47.86532 2.09553 13
0.66533 0.08523 99.66651 0 0 -2.48355 83.07061 2.15621 -13
-1.10936 0.09141 68.99174 0 0 -2.68734 46.30009 0.73567 13
0.65772 -0.19821 72.58312 0 0 6.06822 60.99126 2.14377 -13
-0.10582 -0.03194 33.97797 0 0 1.03080 33.78953 1.46543 13
-1.23271 -0.18220 33.90631 0 0 5.55472 21.57069 0.68955 13
-0.54488 -0.02004 23.02805 0 0 0.66162 20.22223 1.07197 13
1.06085 -0.12136 16.52464 0 0 3.78745 11.37843 2.38207 -13
-1.94510 -0.14847 28.32608 0 0 4.52377 13.06345 0.47932 13
0.78285 0.03690 47.46290 0 0 -1.04478 37.38238 2.23466 13
0.14394 -0.10812 87.18011 0 0 3.33690 86.30099 1.71294 13
-0.41069 -0.16653 31.05699 0 0 5.08713 28.78449 1.18589 13
0.32807 -0.22597 45.72606 0 0 6.88617 43.55072 1.88050 13
-0.97238 -0.03440 1.49264 0 0 1.56157 1.07051 0.79970 -13
-1.46253 -0.11434 30.67358 0 0 3.55807 17.38931 0.60276 -13
-0.28960 -0.14550 75.89708 0 0 4.47710 72.96030 1.29170 -13
-0.19294 -0.10107 59.26649 0 0 3.12180 58.20389 1.38114 13
-0.69243 0.01307 47.82977 0 0 -0.32516 39.32394 0.96521 13
-1.95136 -0.08229 29.85618 0 0 2.52868 13.65266 0.47494 13
0.69430 0.05409 14.63609 0 0 -1.51084 12.02786 2.17700 -13
-0.12710 -0.02031 54.55747 0 0 0.70287 54.12229 1.44440 -13
0.15315 -0.24006 76.06788 0 0 7.32979 75.23832 1.71863 -13
-0.82609 -0.17322 7.23348 0 0 5.39450 5.60966 0.88760 -13
1.18975 0.08699 84.88099 0 0 -2.53390 54.73466 2.44078 -13
-0.22543 0.00952 98.03604 0 0 -0.21118 95.63640 1.34908 13
0.98283 0.11777 2.96132 0 0 -3.24368 2.11959 2.34409 -13
-0.39144 0.05808 70.08041 0 0 -1.66329 65.27354 1.19826 -13
0.30394 -0.01184 49.38625 0 0 0.44836 47.25214 1.86584 -13
0.12038 -0.05525 75.50606 0 0 1.75445 74.96643 1.69042 -13
-1.35047 -0.14951 16.54055 0 0 4.53822 9.91424 0.64268 13
-1.27074 -0.12729 98.12623 0 0 3.92895 60.98455 0.67064 -13
1.65041 -0.15719 14.22804 0 0 4.75492 7.43879 2.59142 13
1.92299 -0.20087 21.83030 0 0 6.18963 10.23054 2.65391 -13
0.33598 0.10871 82.05371 0 0 -3.19203 77.82710 1.89316 -13
0.90079 -0.24636 81.61045 0 0 7.50447 61.42957 2.28942 13
0.27012 0.03218 97.54471 0 0 -0.89383 94.17277 1.83449 13
0.38018 -0.09031 35.36199 0 0 2.82020 33.07072 1.93276 -13
-0.04751 -0.07307 3.75852 0 0 2.15751 3.75431 1.52345 13
-0.17119 -0.18100 96.46283 0 0 5.53605 95.12274 1.40391 13
-1.37383 0.12563 17.08991 0 0 -3.66069 10.10885 0.63293 -13
-1.41344 -0.27432 17.08991 0 0 8.40456 10.10885 0.63294 -13
-1.05595 -0.10452 56.88801 0 0 3.24659 39.22822 0.76090 -13
1.18365 -0.12349 66.91354 0 0 3.79536 43.37413 2.43637 13
0.97744 0.00271 61.31200 0 0 -0.01159 43.84590 2.34478 13
-0.25414 -0.21440 65.23713 0 0 6.54161 63.31159 1.32724 13
-0.06454 -0.10754 18.27646 0 0 3.35161 18.23890 1.50671 -13
-0.12772 -0.12167 13.42408 0 0 3.71359 13.31745 1.44469 13
-0.53257 -0.14241 28.83132 0 0 4.35870 25.50367 1.08559 13
2.11716 -0.08711 5.90379 0 0 2.51355 2.52970 2.69886 13
-0.32399 0.00820 46.90813 0 0 -0.17681 44.62480 1.25749 13
-1.65180 -0.02315 56.97502 0 0 0.76270 29.51261 0.54450 13
0.02633 -0.04721 96.02826 0 0 1.51043 95.99507 1.59709 -13
0.03113 -0.17202 20.29802 0 0 5.24656 20.28846 1.60147 13
-1.94176 -0.16616 17.69884 0 0 5.15326 8.19050 0.48114 -13
-0.28209 0.13090 80.14084 0 0 -3.87337 77.17843 1.29806 13
-0.28963 -0.26876 80.14084 0 0 8.18250 77.17843 1.29806 13
1.06250 0.06131 26.13138 0 0 -1.73977 17.92822 2.38555 -13
-0.98402 -0.13629 30.80046 0 0 4.21439 22.05349 0.79805 -13
-1.00313 0.02015 18.77869 0 0 -0.56266 13.25881 0.78394 13
0.05865 0.03223 90.80135 0 0 -0.88623 90.64574 1.62935 -13
-0.81363 -0.10489 89.52255 0 0 3.23791 69.59259 0.89048 13
0.33937 -0.10452 24.43036 0 0 3.25503 23.14750 1.89632 -13
-1.51752 0.03229 14.12385 0 0 -0.95525 7.77406 0.58290 13
-0.18203 -0.12393 83.19053 0 0 3.81349 81.86533 1.39207 13
-0.40971 -0.23618 58.33067 0 0 7.19609 54.18217 1.19137 13
-0.65362 -0.10175 21.25490 0 0 3.12276 17.81895 0.99424 13
-0.91461 -0.00726 66.86831 0 0 0.30979 49.34358 0.82998 -13
-2.11089 0.13967 85.85597 0 0 -4.14610 37.04668 0.44616 13
-0.73578 0.07828 4.44774 0 0 -2.14439 3.58616 0.93791 -13
-0.60312 0.10497 54.09372 0 0 -3.07533 46.38845 1.03050 -13
1.04185 -0.14150 20.18219 0 0 4.31138 14.04722 2.37174 13
-0.96368 0.00288 49.12342 0 0 -0.01967 35.37219 0.80389 13
0.57006 0.05709 47.82980 0 0 -1.62939 41.56875 2.08821 -13
0.62178 -0.03545 57.49423 0 0 1.14073 48.83412 2.12680 13
0.44382 0.03608 22.18351 0 0 -1.03129 20.27831 1.98826 13
0.02900 0.12946 11.59795 0 0 -3.78090 11.59318 1.59955 -13
0.02981 -0.27016 11.59795 0 0 8.27735 11.59318 1.59957 -13
-1.12395 -0.16028 84.19398 0 0 4.92497 56.35988 0.73341 -13
-0.10903 0.06786 85.10217 0 0 -1.96045 84.60304 1.46244 -13
0.44212 -0.07420 5.10632 0 0 2.21126 4.67224 1.98607 13
-1.60377 0.06904 65.04762 0 0 -2.01689 34.47689 0.55861 13
0.18622 -0.09796 36.86412 0 0 3.04946 36.24674 1.75405 -13
-0.34061 -0.02883 77.93335 0 0 0.94421 73.77472 1.24264 13
0.94875 0.10455 2.83212 0 0 -2.83218 2.05994 2.32719 -13
-1.57800 0.03385 62.97520 0 0 -0.95457 33.72298 0.56510 13
0.31869 0.09983 8.29444 0 0 -2.87042 7.90639 1.87788 -13
0.13402 -0.05188 48.91060 0 0 1.65638 48.47835 1.70385 -13
0.27427 -0.11165 7.64888 0 0 3.51370 7.37956 1.83691 -13
0.30451 -0.23002 23.67247 0 0 7.04360 22.69427 1.85927 -13
-0.10518 -0.21308 56.12695 0 0 6.51734 55.83231 1.46828 -13
-1.47513 0.01725 74.74209 0 0 -0.42732 41.94421 0.59581 -13
-0.40091 -0.20320 88.12818 0 0 6.21657 82.02462 1.19644 -13
-0.99247 -0.04219 93.21667 0 0 1.34635 66.19183 0.78962 13
0.34925 -0.10703 43.44908 0 0 3.32185 41.04467 1.90503 -13
-0.53353 -0.19426 16.40629 0 0 5.90542 14.53388 1.08833 13
0.58496 -0.20818 28.10007 0 0 6.38227 24.38470 2.09089 -13
0.71847 -0.11057 25.94861 0 0 3.43903 21.11657 2.19094 -13
0.50662 0.10278 55.87848 0 0 -3.00963 49.89976 2.03761 -13
1.13992 0.02982 68.37912 0 0 -0.82879 45.10464 2.42127 13
0.16058 0.08815 55.08692 0 0 -2.58699 54.39544 1.72941 13
-0.46505 -0.02739 31.82872 0 0 0.89091 28.86226 1.13564 13
-1.42745 0.00521 61.38893 0 0 -0.08929 35.22330 0.61110 13
0.02928 -0.22236 39.71704 0 0 6.76209 39.70058 1.59937 13
-0.76214 -0.23031 75.77057 0 0 7.03661 60.82836 0.93198 -13
1.61399 0.06115 34.50874 0 0 -1.78975 18.19956 2.58606 13
1.34699 -0.20678 98.83390 0 0 6.30993 59.70828 2.49293 13
0.45114 -0.24630 90.19573 0 0 7.50441 82.61659 1.98367 13
0.02828 -0.15990 14.65477 0 0 4.93830 14.64907 1.59871 -13
-2.06635 -0.15452 10.61584 0 0 4.85856 4.66897 0.45536 -13
-0.42301 -0.22128 7.30095 0 0 6.68017 6.74787 1.17911 13
0.27749 -0.22200 28.12053 0 0 6.75943 27.14232 1.83534 13
-0.89607 0.03729 72.29646 0 0 -1.03571 53.85954 0.84050 -13
1.19073 0.10406 12.82183 0 0 -3.11781 8.27165 2.44038 13
0.30101 0.08329 17.50736 0 0 -2.45980 16.76901 1.86223 13
0.43540 -0.14264 65.63068 0 0 4.37608 60.27028 1.97777 13
0.17520 0.04847 89.58543 0 0 -1.37538 88.24454 1.74403 -13
0.77338 0.02806 3.68360 0 0 -0.59553 2.91426 2.22890 -13
1.24564 -0.08174 25.01856 0 0 2.57718 15.69373 2.46352 -13
1.73278 0.07216 22.84291 0 0 -2.13810 11.44000 2.61705 13
1.94150 -0.11390 37.82858 0 0 3.54631 17.41057 2.66334 -13
1.42378 0.03757 94.62558 0 0 -1.06121 54.41249 2.52896 13
1.44178 0.04965 6.98511 0 0 -1.53949 3.98391 2.53461 13
0.04647 0.00968 7.73270 0 0 -0.27386 7.72435 1.61723 13
-0.28802 0.10884 22.55640 0 0 -3.17898 21.68512 1.29192 -13
-0.23501 -0.04645 69.59346 0 0 1.48946 67.75148 1.34021 -13
1.84232 0.05314 24.34872 0 0 -1.56319 11.62809 2.64371 13
-0.83275 -0.13819 61.66606 0 0 4.26022 47.56968 0.88105 -13
-1.16844 0.03225 83.32609 0 0 -0.88253 54.19671 0.70813 -13
-0.94320 0.00016 57.60702 0 0 0.08839 41.90717 0.81462 -13
0.53240 0.08013 19.67355 0 0 -2.30663 17.37766 2.05870 -13
-0.01943 -0.04928 5.25643 0 0 1.65897 5.25543 1.55139 -13
-1.08324 -0.13169 46.71558 0 0 4.03755 31.83470 0.74975 13
1.10858 0.02391 10.06129 0 0 -0.56750 6.74023 2.40750 -13
1.11792 -0.17774 5.04892 0 0 5.29106 3.39522 2.40408 13
-0.60028 0.06424 22.20423 0 0 -1.82972 19.04792 1.03108 -13
-0.31491 -0.10672 42.13939 0 0 3.31304 40.21391 1.26733 -13
-1.05639 -0.13641 96.64046 0 0 4.20313 66.75888 0.76259 -13
0.03422 -0.11918 79.44124 0 0 3.67068 79.39541 1.60476 13
1.87923 0.05556 17.05855 0 0 -1.65480 8.02299 2.65193 13
-0.82798 0.08195 33.74764 0 0 -2.37217 26.02926 0.88087 -13
0.77364 -0.17544 75.19348 0 0 5.38192 59.80861 2.22194 -13
1.15070 -0.16422 84.81009 0 0 5.02633 56.05230 2.41956 13
0.75425 -0.23939 74.06224 0 0 7.31120 59.71932 2.20367 -13
0.88311 -0.14545 43.32796 0 0 4.48388 32.62526 2.28901 -13
-0.22938 -0.04094 34.95888 0 0 1.30086 34.07534 1.34550 13
0.72247 0.14422 1.54164 0 0 -3.81814 1.25464 2.19156 -13
0.73883 -0.25273 1.54164 0 0 8.22597 1.25464 2.19238 -13
-1.77909 0.08979 23.60241 0 0 -2.66945 11.59964 0.51379 13
0.83047 0.12929 3.27078 0 0 -3.60044 2.52509 2.25977 -13
0.85304 -0.26979 3.27078 0 0 8.46236 2.52509 2.25976 -13
-0.00423 -0.09621 46.04144 0 0 2.99460 46.04104 1.56659 -13
1.73500 0.09723 77.64917 0 0 -2.83914 38.91192 2.61669 -13
-1.53006 -0.21492 4.65296 0 0 6.76293 2.58670 0.58927 -13
0.20018 -0.20275 49.74957 0 0 6.18750 48.81881 1.76452 13
-1.34296 -0.21272 96.76889 0 0 6.50666 58.61625 0.65068 -13
-0.26676 -0.01848 95.66608 0 0 0.63347 92.43475 1.31015 13
0.25238 -0.18376 49.36003 0 0 5.61373 47.90610 1.81410 13
-0.00597 0.06659 29.42584 0 0 -1.91059 29.42532 1.56484 -13
0.41634 -0.04586 7.14152 0 0 1.53923 6.59395 1.96494 -13
0.03230 -0.19855 94.32838 0 0 6.07469 94.28107 1.60247 -13
-1.20182 -0.01279 8.49613 0 0 0.55626 5.43449 0.69403 -13
0.25057 -0.23407 11.74116 0 0 7.18716 11.40642 1.81010 -13
-0.51050 0.09665 99.58123 0 0 -2.82868 88.77720 1.10066 -13
0.35793 -0.00462 78.92594 0 0 0.21509 74.30949 1.91451 13
-1.75603 -0.08309 17.33797 0 0 2.64923 8.60173 0.51915 -13
0.12460 -0.10483 10.01620 0 0 3.29564 9.94016 1.69409 -13
1.15450 -0.18795 95.83748 0 0 5.74296 63.36829 2.41918 13
0.83627 0.11745 40.83952 0 0 -3.47703 31.41660 2.26390 13
0.32440 -0.06980 45.89592 0 0 2.19806 43.66619 1.88377 -13
-0.23206 -0.13960 89.21882 0 0 4.29806 86.95182 1.34488 -13
0.83411 -0.19437 7.54039 0 0 5.85859 5.83438 2.25689 13
-0.04615 -0.20935 63.86742 0 0 6.38806 63.80234 1.52565 13
0.05271 0.12638 14.91342 0 0 -3.76406 14.89309 1.62304 13
0.05417 -0.27360 14.91342 0 0 8.29799 14.89309 1.62300 13
-0.27620 -0.04048 93.88029 0 0 1.29698 90.49725 1.30153 13
-0.42632 0.14708 27.46388 0 0 -4.37519 25.30507 1.17166 13
-0.43495 -0.25178 27.46388 0 0 7.65662 25.30507 1.17165 13
0.69769 -0.04402 25.64336 0 0 1.38617 21.03715 2.17952 13
0.79575 0.06246 99.66970 0 0 -1.80892 78.04922 2.24199 13
-1.41187 -0.05668 4.37143 0 0 1.98675 2.52912 0.61702 -13
-0.66490 -0.01083 70.14567 0 0 0.39953 58.41326 0.98404 13
-0.17879 -0.12259 69.72593 0 0 3.78518 68.65330 1.39517 -13
-1.31651 -0.24316 80.29360 0 0 7.40593 49.45055 0.66349 13
1.97688 -0.14468 1.70001 0 0 5.13276 0.77296 2.66909 -13
0.26987 -0.21129 42.81577 0 0 6.46700 41.39701 1.82895 -13
0.10226 -0.04902 76.46255 0 0 1.56641 76.06683 1.67258 -13
-0.02782 -0.05185 95.31925 0 0 1.64961 95.28247 1.54302 -13
-1.45393 0.00724 3.22604 0 0 -0.40730 1.82797 0.60250 13
-0.36441 0.04252 39.35024 0 0 -1.21445 36.97595 1.22163 13
1.29219 0.08238 3.28813 0 0 -2.15940 2.01628 2.48135 -13
0.01670 0.06880 47.99294 0 0 -1.98403 47.98629 1.58745 -13
0.24850 -0.07021 1.60778 0 0 1.88403 1.56053 1.81378 13
1.18016 -0.16048 54.66008 0 0 4.93532 35.59825 2.43237 -13
0.99214 -0.18134 81.94199 0 0 5.54326 58.63489 2.34416 13
0.36515 -0.10656 48.08639 0 0 3.30611 45.19915 1.91909 -13
0.74098 0.05679 94.29761 0 0 -1.63797 75.80767 2.20773 13
-0.55227 -0.16231 20.62420 0 0 5.00389 18.10851 1.07170 -13
1.23453 -0.20468 46.75650 0 0 6.27163 29.79399 2.45071 -13
-0.44597 0.02813 28.10767 0 0 -0.74806 25.67226 1.15144 -13
0.34965 -0.01898 39.01048 0 0 0.64081 36.82518 1.90710 13
0.88115 -0.18888 81.92056 0 0 5.78678 61.93186 2.28441 -13
-0.06139 0.06921 90.77518 0 0 -2.01290 90.60538 1.50963 13
-2.11272 -0.08784 8.43787 0 0 2.87341 3.62135 0.44357 -13
0.19932 -0.11639 11.31572 0 0 3.63715 11.10019 1.76625 -13
-0.49600 0.11669 47.52503 0 0 -3.45021 42.63265 1.11304 13
0.71167 0.10321 62.59098 0 0 -3.02332 51.08623 2.18681 -13
0.53166 -0.19282 94.23702 0 0 5.89165 83.53826 2.05192 13
0.99905 -0.10558 42.43140 0 0 3.28159 30.10113 2.35295 -13
0.94545 -0.21049 16.57107 0 0 6.47270 12.16323 2.31735 -13
1.78021 -0.17161 91.51837 0 0 5.26850 45.31730 2.62357 -13
0.14329 -0.09071 63.76504 0 0 2.80958 63.12546 1.71255 13
-0.61720 0.03023 84.25441 0 0 -0.83759 71.70667 1.01803 13
-0.02369 -0.15731 45.38755 0 0 4.81641 45.37512 1.54740 13
-0.39011 -0.22069 96.95781 0 0 6.74359 90.60617 1.20683 -13
1.51895 -0.18351 5.12638 0 0 5.43601 2.85209 2.55174 13
0.50872 0.00844 55.12299 0 0 -0.16347 49.13139 2.04138 -13
-1.68274 -0.18377 75.52392 0 0 5.63700 39.05604 0.54352 -13
0.39263 -0.10267 81.05910 0 0 3.17174 75.50425 1.94315 13
-1.22333 0.07679 39.33345 0 0 -2.21591 24.93777 0.68673 -13
-0.90610 -0.11907 55.81109 0 0 3.68510 41.48963 0.83812 -13
-0.05702 -0.22801 11.54890 0 0 7.00645 11.53109 1.51526 -13
-0.15413 0.06614 66.02829 0 0 -1.90621 65.26102 1.41820 -13
0.98122 -0.07688 57.78565 0 0 2.38871 41.30560 2.34524 13
-0.40109 0.05639 93.18752 0 0 -1.62529 86.50906 1.18990 13
0.03020 -0.15479 15.93922 0 0 4.71908 15.93213 1.60063 13
0.14611 -0.16730 68.57631 0 0 5.13511 67.87509 1.71392 -13
0.36715 -0.02503 87.53100 0 0 0.83031 82.17105 1.92257 13
-1.45302 -0.05772 10.08668 0 0 1.90965 5.72447 0.60355 -13
-1.56361 0.13490 15.77880 0 0 -4.04437 8.55645 0.57309 13
-1.60294 -0.26451 15.77880 0 0 8.00350 8.55645 0.57307 13
0.38700 0.13944 52.57113 0 0 -4.11539 49.08858 1.93682 -13
0.39601 -0.25976 52.57113 0 0 7.92687 49.08858 1.93681 -13
-0.79123 0.11139 87.06372 0 0 -3.27142 68.43758 0.90442 -13
-0.12023 -0.20403 85.30897 0 0 6.24205 84.72317 1.45353 -13
-0.00794 -0.14648 68.45651 0 0 4.50510 68.45434 1.56294 -13
-1.31133 0.00931 54.04067 0 0 -0.21463 32.77044 0.65153 13
1.05065 -0.20382 99.84424 0 0 6.23648 69.56725 2.37072 -13
0.15757 0.08338 62.48284 0 0 -2.42612 61.72653 1.72655 -13
-0.84900 -0.12735 88.39591 0 0 3.91559 67.61204 0.87085 13
-0.48390 -0.11186 98.71204 0 0 3.45075 88.95978 1.12254 13
-0.27375 -0.04757 89.82579 0 0 1.52202 86.64499 1.30388 -13
-2.01025 -0.18088 70.67751 0 0 5.52120 31.88606 0.46806 13
0.42571 0.12872 56.10569 0 0 -3.79267 51.68747 1.97031 -13
0.43745 -0.27103 56.10569 0 0 8.26629 51.68747 1.97030 -13
-0.07628 0.06030 44.00705 0 0 -1.74863 43.88004 1.49480 13
0.52978 0.08644 6.68979 0 0 -2.61040 5.91584 2.05645 13
-0.42362 -0.09684 93.80306 0 0 3.00737 86.43382 1.17177 -13
0.26750 0.06540 3.05814 0 0 -2.05866 2.95454 1.83164 13
1.42939 0.00735 98.09929 0 0 -0.14805 56.23544 2.53112 13
-0.77865 0.09025 45.37602 0 0 -2.65457 35.85683 0.91118 13
0.38602 -0.01555 90.44752 0 0 0.55591 84.38027 1.93916 -13
1.08610 -0.04042 33.27614 0 0 1.32117 22.54928 2.39704 -13
0.86107 -0.20802 27.76830 0 0 6.37962 21.23041 2.27123 -13
-0.09573 0.02634 25.55109 0 0 -0.69433 25.43490 1.47539 -13
0.01575 0.06983 91.41704 0 0 -2.01980 91.40577 1.58650 -13
0.54836 -0.07904 29.52849 0 0 2.44641 25.91030 2.07107 13
-0.07105 -0.17700 90.35750 0 0 5.42593 90.13714 1.50094 -13
-0.11090 -0.11062 21.82701 0 0 3.44094 21.69558 1.46101 -13
0.45730 -0.13524 74.37252 0 0 4.15338 67.74105 1.99628 13
-1.52686 -0.15191 98.28801 0 0 4.67132 54.28151 0.58508 -13
-0.82595 0.03107 85.23838 0 0 -0.86325 65.73261 0.88067 13
0.55809 0.03297 84.57863 0 0 -0.91963 73.86470 2.07960 13
-0.79131 -0.00136 52.29081 0 0 0.13431 41.00544 0.90138 -13
-0.32254 -0.23021 93.86692 0 0 7.03055 89.54784 1.26626 -13
0.08475 0.03927 71.68088 0 0 -1.09649 71.42514 1.65528 -13
-0.09951 0.01456 36.35563 0 0 -0.34448 36.17697 1.47162 -13
0.76275 0.10924 91.22948 0 0 -3.22064 72.69507 2.21955 13
-0.35323 0.06969 15.39751 0 0 -2.05253 14.52213 1.23201 13
1.67732 0.06043 63.32561 0 0 -1.75655 32.47152 2.60318 13
-0.20928 -0.15610 97.31347 0 0 4.79489 95.29763 1.36690 -13
1.51060 -0.09235 63.55452 0 0 2.85267 35.18627 2.55488 13
0.75298 0.10805 70.41320 0 0 -3.18654 56.36755 2.21342 13
0.73539 0.12239 88.49641 0 0 -3.60388 71.47921 2.20134 -13
0.75758 -0.27773 88.49641 0 0 8.46630 71.47921 2.20134 -13
0.52487 -0.02597 20.15687 0 0 0.89168 17.84916 2.05400 -13
1.55959 -0.05756 47.98056 0 0 1.83738 25.92912 2.57068 -13
0.15128 0.03112 21.71438 0 0 -0.83528 21.47022 1.72087 -13
-0.62593 0.09522 92.30730 0 0 -2.78526 78.34282 1.01355 -13
-0.84650 -0.12366 1.44452 0 0 3.38767 1.10556 0.87208 13
1.01285 0.02326 33.50052 0 0 -0.59961 23.54015 2.36244 -13
-0.51565 -0.11040 18.54375 0 0 3.38341 16.50246 1.09717 13
0.21738 -0.05637 2.22649 0 0 1.55836 2.17589 1.78451 13
-0.48183 -0.19445 45.41431 0 0 5.95886 41.05379 1.12901 -13
-0.74239 -0.20130 8.34753 0 0 6.22766 6.74906 0.94166 -13
-0.74664 0.00565 47.31551 0 0 -0.07634 37.91367 0.92945 -13
-0.56051 -0.11252 91.20704 0 0 3.48110 79.68070 1.06260 -13
1.06178 -0.00843 65.03975 0 0 0.34668 44.59308 2.38613 -13
0.22404 -0.16389 57.91697 0 0 5.03347 56.55123 1.78839 -13
0.48414 -0.23939 6.08868 0 0 7.40180 5.50851 2.01084 -13
1.23503 0.11573 74.89171 0 0 -3.39969 47.31773 2.45771 -13
1.12032 -0.12612 83.66531 0 0 3.89417 55.95826 2.40896 -13
0.54986 -0.17068 24.71187 0 0 5.25308 21.72602 2.06749 -13
1.05511 -0.14705 75.60330 0 0 4.52731 52.29975 2.37766 -13
1.21779 0.03775 15.73421 0 0 -1.10615 9.98912 2.45373 13
0.72736 0.10838 6.92595 0 0 -3.09462 5.61260 2.19688 -13
2.08936 -0.03909 11.61835 0 0 1.16549 5.01847 2.69490 13
1.97330 -0.07579 94.32893 0 0 2.35649 42.73760 2.67139 13
0.37137 0.03159 82.60272 0 0 -0.87802 77.43978 1.92622 13
0.97589 -0.01198 63.78493 0 0 0.45228 45.65121 2.34396 -13
0.05114 -0.10838 27.70402 0 0 3.36895 27.66826 1.62160 -13
0.80508 -0.01843 72.90622 0 0 0.62860 56.79316 2.24854 13
0.11765 -0.06124 13.80998 0 0 1.96350 13.71573 1.68769 -13
1.12187 0.02225 68.87931 0 0 -0.60088 45.83833 2.41344 13
0.35753 -0.04648 71.27478 0 0 1.49083 67.12235 1.91382 -13
0.73757 -0.23697 41.63802 0 0 7.24495 33.82767 2.19330 -13
0.06736 -0.00688 96.39590 0 0 0.28369 96.17799 1.63806 13
1.45169 0.09011 41.11491 0 0 -2.61607 23.38755 2.53650 -13
-2.11928 0.10791 67.15294 0 0 -3.19097 28.79284 0.44312 13
0.24033 -0.01816 31.05030 0 0 0.61338 30.19085 1.80662 13
0.52124 -0.20420 83.45992 0 0 6.23415 74.32821 2.04296 13
-1.86324 0.08795 2.41389 0 0 -3.00922 1.14573 0.49418 13
0.41615 0.11357 37.01509 0 0 -3.35764 34.20614 1.96288 13
-0.31627 -0.06927 58.96204 0 0 2.16226 56.22962 1.26517 13
-1.19064 -0.02672 60.73256 0 0 0.89941 39.06792 0.69877 -13
-1.26598 -0.08088 6.53844 0 0 2.64389 4.06063 0.67014 -13
-0.49867 -0.22732 76.67889 0 0 6.94562 68.95819 1.11819 -13
-0.42339 0.02132 2.83751 0 0 -0.36933 2.61291 1.17037 -13
-0.57542 -0.03713 9.40843 0 0 1.26113 8.15645 1.04894 -13
0.33759 0.05003 20.50601 0 0 -1.45510 19.43004 1.89599 13
0.06815 -0.08926 44.25159 0 0 2.78479 44.15000 1.63857 -13
0.86977 0.12520 87.98033 0 0 -3.70316 66.60495 2.28281 13
0.89503 -0.27478 87.98033 0 0 8.36199 66.60495 2.28281 13
-0.29216 0.09163 34.56904 0 0 -2.69780 33.19256 1.28767 13
1.28604 -0.02715 84.69820 0 0 0.89064 52.00280 2.48050 13
-0.02064 -0.06929 60.35868 0 0 2.17952 60.34590 1.55021 -13
1.06906 -0.11194 39.94051 0 0 3.43984 27.37541 2.38645 13
0.66175 0.10539 98.16596 0 0 -3.10362 82.00198 2.15285 13
0.44257 -0.13415 47.09435 0 0 4.13930 43.12770 1.98417 -13
-0.54860 -0.07402 22.73337 0 0 2.33826 19.94382 1.07018 -13
-0.10742 0.03847 58.82321 0 0 -1.07075 58.48722 1.46386 -13
-0.71853 -0.12237 65.39139 0 0 3.76377 53.23818 0.95126 13
1.18502 -0.16750 41.13802 0 0 5.15203 26.74563 2.43384 -13
1.90618 0.07873 11.14273 0 0 -2.19993 5.18896 2.65718 -13
0.58903 -0.03358 19.47889 0 0 1.12267 16.78620 2.10287 -13
-1.03126 0.10042 34.41697 0 0 -2.96803 24.02079 0.77252 13
-0.54121 -0.14403 41.41543 0 0 4.41244 36.50733 1.07901 13
0.06499 -0.01905 97.89227 0 0 0.66109 97.68632 1.63568 -13
-0.06786 0.07280 86.87232 0 0 -2.10919 86.67405 1.50322 -13
0.66136 0.14113 13.23355 0 0 -4.22019 11.07098 2.15059 13
0.67632 -0.25810 13.23355 0 0 7.81886 11.07098 2.15058 13
-0.46459 0.14337 51.13058 0 0 -4.25432 46.45342 1.13975 13
-0.47469 -0.25568 51.13058 0 0 7.78307 46.45342 1.13974 13
0.59513 -0.12222 45.00921 0 0 3.75579 38.75261 2.10437 13
-0.31576 0.07507 90.62351 0 0 -2.17770 86.43969 1.26575 -13
-1.60552 0.12955 7.96466 0 0 -3.70085 4.23535 0.56079 -13
-1.64912 -0.26992 7.96466 0 0 8.35916 4.23535 0.56081 -13
0.58388 0.00815 87.80417 0 0 -0.15806 75.82642 2.09926 -13
-0.15076 -0.05920 86.18152 0 0 1.87301 85.22186 1.42142 -13
-0.45902 0.00424 75.99855 0 0 -0.03992 69.06985 1.14047 -13
-1.33995 0.15029 6.03789 0 0 -4.31283 3.63709 0.64649 -13
-1.36590 -0.24840 6.03789 0 0 7.71717 3.63709 0.64629 -13
-0.29166 -0.06799 80.98055 0 0 2.13829 77.75541 1.28763 -13
0.23398 0.12273 44.51848 0 0 -3.60958 43.36423 1.79899 -13
0.24099 -0.27736 44.51848 0 0 8.46009 43.36423 1.79898 -13
-0.77603 -0.13369 91.13477 0 0 4.10771 72.23723 0.91513 13
-0.48506 0.10673 68.58667 0 0 -3.13081 61.77661 1.12139 -13
-0.07598 -0.01083 22.28414 0 0 0.43027 22.22008 1.49496 -13
1.54527 0.13718 49.26792 0 0 -4.03768 26.94422 2.56297 -13
1.58277 -0.26212 49.26792 0 0 8.00751 26.94422 2.56301 -13
0.48678 0.13906 29.87504 0 0 -4.13193 26.91019 2.02005 13
0.49846 -0.26023 29.87504 0 0 7.91055 26.91019 2.02026 13
-0.54009 -0.17665 28.10836 0 0 5.38925 24.81642 1.08199 13
0.81875 0.09776 15.46769 0 0 -2.82630 11.99109 2.25454 -13
-0.89281 0.14773 68.06931 0 0 -4.38549 51.01821 0.84733 13
-0.91063 -0.25111 68.06931 0 0 7.64568 51.01821 0.84733 13
-0.60121 -0.07776 60.99153 0 0 2.41805 52.31381 1.03082 13
0.22382 0.06566 63.10344 0 0 -1.89135 61.58617 1.79053 -13
-0.08666 -0.20246 20.76446 0 0 6.21278 20.68999 1.48606 -13
-1.84835 0.04577 54.89826 0 0 -1.28083 26.14454 0.49636 -13
0.19591 -0.15113 59.99287 0 0 4.63206 58.89806 1.76213 13
-1.68093 -0.15343 17.73371 0 0 4.65101 9.14559 0.54179 13
-0.26296 -0.15607 68.91758 0 0 4.79662 66.70299 1.31660 -13
-0.66597 -0.05361 23.90447 0 0 1.67360 19.90479 0.98394 13
0.14038 -0.11294 62.04762 0 0 3.49621 61.45262 1.70939 -13
-0.38728 0.01704 15.42228 0 0 -0.39856 14.38171 1.20136 -13
-1.02766 0.14967 51.97312 0 0 -4.41690 36.45141 0.77729 -13
-1.04739 -0.24909 51.97312 0 0 7.61006 36.45141 0.77729 -13
0.73710 -0.19173 38.49094 0 0 5.84914 31.17915 2.19739 13
0.32489 -0.23610 77.19011 0 0 7.20982 73.59869 1.87705 -13
0.77818 -0.14052 66.96381 0 0 4.32969 53.04131 2.22736 -13
1.27791 -0.22757 33.12247 0 0 6.96925 20.73217 2.46531 -13
0.64862 -0.03375 7.15465 0 0 1.01610 6.00351 2.14594 13
-0.29516 -0.13500 60.06726 0 0 4.14464 57.65166 1.28623 13
-0.01656 -0.05881 45.79327 0 0 1.84423 45.78701 1.55427 13
-0.64570 -0.21599 77.55293 0 0 6.58864 65.58257 1.00779 13
0.78786 -0.01610 32.63756 0 0 0.58557 25.63784 2.23803 -13
0.63119 -0.03918 92.51821 0 0 1.25674 78.25367 2.13349 13
0.15310 0.03518 46.29777 0 0 -0.96942 45.76525 1.72263 -13
1.48909 -0.05736 6.93758 0 0 1.93839 3.87237 2.54945 -13
-0.26159 0.06906 55.11501 0 0 -2.01133 53.32901 1.31552 13
-0.03915 0.14568 43.69359 0 0 -4.30209 43.66084 1.53208 -13
-0.03996 -0.25323 43.69359 0 0 7.73151 43.66084 1.53208 -13
0.16418 0.09714 8.51156 0 0 -2.90852 8.40015 1.73278 13
0.01410 0.01431 62.28532 0 0 -0.34295 62.27914 1.58489 -13
-1.31263 -0.15195 71.46420 0 0 4.65294 43.61994 0.65654 13
0.50475 -0.23687 85.97071 0 0 7.22055 77.16557 2.02734 13
-1.17490 0.06486 78.51612 0 0 -1.86541 50.95268 0.70619 -13
-0.58132 -0.08976 21.22662 0 0 2.76281 18.36967 1.04596 13
1.69915 0.13252 19.44312 0 0 -3.86784 9.92668 2.60584 -13
1.74347 -0.26691 19.44312 0 0 8.18547 9.92668 2.60586 -13
-0.00551 -0.07705 73.27248 0 0 2.41209 73.27137 1.56530 -13
0.99361 -0.08242 24.40019 0 0 2.59554 17.33797 2.35130 -13
0.00892 -0.12843 72.74910 0 0 3.96249 72.74626 1.57965 -13
0.54714 0.10995 40.82781 0 0 -3.22094 35.86668 2.06891 -13
1.55768 -0.00530 51.48420 0 0 0.25843 27.81436 2.57087 -13
-0.10873 0.06483 36.31719 0 0 -1.86051 36.10527 1.46272 -13
-0.24485 -0.20568 49.66068 0 0 6.29643 48.29142 1.33542 -13
1.11213 -0.12941 93.41053 0 0 3.99266 62.74302 2.40510 -13
1.84717 0.03833 63.04950 0 0 -1.05839 30.03358 2.64509 -13
-0.49545 -0.03903 9.53599 0 0 1.31448 8.54600 1.11110 -13
0.03119 -0.10257 83.17775 0 0 3.16939 83.13773 1.60181 13
1.21162 0.00173 71.49085 0 0 0.03997 45.50683 2.45159 -13
0.58892 -0.19499 10.59612 0 0 6.02023 9.17389 2.09491 -13
-0.47393 0.08672 23.03808 0 0 -2.55722 20.83256 1.12967 13
0.18018 -0.12189 35.77929 0 0 3.77133 35.22036 1.74778 -13
0.65100 0.06344 53.35134 0 0 -1.84178 44.73856 2.14695 13
0.52550 0.05106 65.99988 0 0 -1.45009 58.44051 2.05410 -13
-0.40957 0.08035 44.27400 0 0 -2.33048 40.98973 1.18320 -13
-1.65934 0.11537 38.93924 0 0 -3.42273 20.19530 0.54529 13
-0.36112 0.02135 77.65180 0 0 -0.56942 73.03742 1.22432 13
1.22422 -0.00170 43.55250 0 0 0.11470 27.55248 2.45666 13
0.26242 0.07615 66.66601 0 0 -2.22319 64.49460 1.82672 13
-0.58564 -0.20805 5.36512 0 0 6.46686 4.65436 1.05019 -13
-0.22741 0.04017 66.42232 0 0 -1.13785 64.77124 1.34736 13
-0.49320 -0.04513 27.30423 0 0 1.42265 24.49284 1.11300 13
2.05342 -0.22994 66.97598 0 0 7.00048 29.93870 2.67819 13
-0.30858 -0.21112 91.42031 0 0 6.45494 87.51836 1.27758 -13
0.32000 -0.11472 44.81975 0 0 3.55333 42.71335 1.87860 -13
1.95700 -0.17373 57.32294 0 0 5.33997 26.39118 2.66314 -13
0.94465 0.06819 23.56513 0 0 -1.94658 17.14937 2.32658 -13
2.01900 -0.10171 93.58530 0 0 3.16139 41.70812 2.67967 -13
0.06586 0.09439 44.78930 0 0 -2.77755 44.69333 1.63627 13
0.17263 -0.05883 22.92321 0 0 1.83400 22.59020 1.74146 13
0.33346 -0.02496 75.93850 0 0 0.84107 72.04115 1.89257 -13
0.20567 -0.08893 49.24796 0 0 2.77373 48.24598 1.77286 -13
0.90796 -0.14348 96.29419 0 0 4.40321 71.61901 2.30292 13
2.12716 -0.01299 5.81945 0 0 0.66718 2.47576 2.70211 -13
-0.08668 -0.15122 27.04887 0 0 4.66135 26.95011 1.48530 -13
-0.19926 0.05874 10.76213 0 0 -1.64473 10.55531 1.37445 -13
-0.26429 -0.20564 58.00548 0 0 6.29356 56.15426 1.31748 -13
-0.77939 -0.08098 61.21535 0 0 2.53395 48.34226 0.91034 -13
-0.01704 0.07369 89.09832 0 0 -2.14703 89.08546 1.55381 13
-0.49917 -0.02708 16.42048 0 0 0.86525 14.69277 1.10796 13
-0.78697 -0.04204 94.48294 0 0 1.34314 74.27325 0.90448 13
-0.03489 0.12476 48.18467 0 0 -3.67158 48.15584 1.53619 -13
-0.03592 -0.27522 48.18467 0 0 8.39412 48.15584 1.53618 -13
0.08141 -0.15634 8.15112 0 0 4.85907 8.12487 1.65106 -13
0.67468 -0.18349 61.49701 0 0 5.60709 51.24083 2.15668 13
0.88210 -0.05298 75.24325 0 0 1.68837 56.46175 2.29294 -13
0.04405 -0.12064 14.09184 0 0 3.68566 14.07836 1.61450 13
-1.34840 -0.00668 10.21177 0 0 0.36177 6.08339 0.63813 -13
-1.11688 0.08768 41.75983 0 0 -2.54651 27.91451 0.73214 -13
0.11752 -0.10186 61.22461 0 0 3.16170 60.81042 1.68718 -13
-0.31270 0.10377 83.14631 0 0 -3.05489 79.39468 1.26925 13
0.58656 -0.09286 73.12987 0 0 2.87491 63.14823 2.09940 13
0.91750 -0.03295 3.38588 0 0 0.88007 2.49575 2.31292 13
-0.49507 0.07427 5.17754 0 0 -2.26041 4.64248 1.11219 13
0.76901 0.06192 94.14767 0 0 -1.78055 74.68466 2.22543 -13
-0.42349 0.11590 18.62277 0 0 -3.44296 17.16591 1.17260 13
-1.47929 -0.14271 70.71413 0 0 4.39870 39.87674 0.59912 -13
0.89971 0.06534 82.25042 0 0 -1.88161 61.20277 2.30239 -13
-0.89255 -0.22934 56.35111 0 0 6.98776 42.51422 0.85482 13
0.56270 0.00117 42.71604 0 0 0.05915 37.22699 2.08334 -13
0.91845 -0.18632 71.74243 0 0 5.69275 53.24838 2.30522 13
0.16831 -0.20099 2.81493 0 0 5.95939 2.77744 1.73433 13
-0.08722 0.02608 61.17661 0 0 -0.71264 60.94540 1.48382 13
0.57069 0.04791 7.03823 0 0 -1.28063 6.11483 2.08889 -13
-0.62948 0.01625 32.16720 0 0 -0.39144 27.22400 1.00904 -13
0.61686 0.08909 21.16006 0 0 -2.57974 18.02869 2.12175 -13
-0.78560 0.13928 4.45948 0 0 -4.26020 3.52011 0.90956 13
-0.80408 -0.26020 4.45948 0 0 7.77989 3.52011 0.90951 13
-0.42513 -0.02980 73.83683 0 0 0.98737 67.95570 1.16898 -13
1.54528 0.02658 26.48162 0 0 -0.75410 14.39123 2.56708 13
-0.39335 -0.24667 16.27675 0 0 7.48829 15.20566 1.20599 13
0.03359 -0.07655 5.15404 0 0 2.48290 5.15118 1.60428 -13
-0.73241 -0.07579 22.79122 0 0 2.33820 18.40733 0.94001 13
0.08010 0.07274 14.73364 0 0 -2.14752 14.68682 1.65052 13
1.14642 -0.17823 77.20066 0 0 5.46655 51.19664 2.41655 -13
0.61930 0.10729 48.17582 0 0 -3.14295 41.02238 2.12272 -13
-0.26553 -0.17830 1.80048 0 0 5.16539 1.74202 1.31511 13
0.22099 -0.05573 1.66530 0 0 1.45751 1.62630 1.78796 13
0.20851 -0.02998 29.21120 0 0 1.00235 28.59668 1.77627 -13
-0.75203 -0.18598 59.38837 0 0 5.68142 47.75394 0.93414 13
-1.88653 -0.18381 99.12117 0 0 5.61533 47.02756 0.49432 13
0.46171 -0.00484 17.37427 0 0 0.25800 15.77416 2.00334 -13
0.11621 -0.05985 57.93523 0 0 1.87833 57.54933 1.68628 13
-0.07029 -0.05613 56.84586 0 0 1.76566 56.70636 1.50073 13
-1.66878 -0.09642 4.61055 0 0 3.18861 2.37852 0.54190 -13
1.37881 -0.00030 75.26038 0 0 0.07935 44.18587 2.51411 13
0.16617 -0.18320 32.44244 0 0 5.59188 32.01759 1.73281 13
