-0.18711 -0.10898 17.62627 0 0 3.33954 17.32908 1.38689 13
0.28414 -0.01831 96.98114 0 0 0.63860 93.28956 1.84759 -13
-0.37202 0.13704 88.37853 0 0 -4.05857 82.92550 1.21767 13
-0.38103 -0.26228 88.37853 0 0 7.98740 82.92550 1.21768 13
2.02713 0.07513 7.85996 0 0 -2.05182 3.48499 2.68220 -13
-1.80042 -0.11597 76.62596 0 0 3.56611 37.39709 0.50984 13
-1.84338 0.09240 17.13115 0 0 -2.76041 8.19556 0.49884 13
0.16486 0.09056 67.05457 0 0 -2.65788 66.16870 1.73354 13
0.71268 -0.06120 13.03261 0 0 1.88023 10.61965 2.18910 13
-0.19189 0.03703 91.99767 0 0 -1.03061 90.35148 1.38134 -13
-0.95901 -0.20253 64.16572 0 0 6.20126 46.75435 0.81635 -13
0.64695 0.06555 92.45500 0 0 -1.88981 77.67556 2.14405 -13
0.02344 0.06554 6.97106 0 0 -1.96651 6.96915 1.59418 13
-0.05683 -0.02338 94.76411 0 0 0.78146 94.61154 1.51404 13
0.19503 0.05498 32.74272 0 0 -1.56211 32.13906 1.76313 -13
-0.89626 0.05575 31.04819 0 0 -1.57929 23.13660 0.84082 -13
-1.31944 0.13099 64.86557 0 0 -3.85781 39.39204 0.65264 -13
-1.35464 -0.26861 64.86557 0 0 8.19749 39.39204 0.65263 -13
0.35342 0.10503 84.72539 0 0 -3.09281 79.93151 1.90880 13
-0.11028 -0.10415 51.47488 0 0 3.21352 51.16804 1.46155 13
0.03925 -0.22177 5.03730 0 0 6.66888 5.03361 1.60910 13
-0.30879 -0.18340 4.20826 0 0 5.48625 4.02644 1.27592 13
-0.65303 0.02034 33.85993 0 0 -0.51518 28.35199 0.99239 -13
0.15222 -0.19719 60.77334 0 0 6.03787 60.10679 1.71905 -13
-0.12451 -0.13801 63.84864 0 0 4.23646 63.36843 1.44808 13
0.30245 -0.13004 67.21969 0 0 4.01116 64.38627 1.86218 -13
1.02663 -0.08953 45.34298 0 0 2.76643 31.70311 2.36734 13
0.35256 -0.12964 59.84608 0 0 4.00066 56.49272 1.90714 -13
1.39491 -0.01502 95.07377 0 0 0.52552 55.39734 2.51957 13
0.04700 -0.00358 70.47695 0 0 0.19604 70.39925 1.61776 -13
0.78436 -0.16716 96.02271 0 0 5.11732 75.94760 2.22925 13
-0.10915 0.11252 77.50355 0 0 -3.30645 77.05158 1.46275 -13
0.55435 -0.09161 39.24677 0 0 2.83031 34.35877 2.07521 13
0.03421 0.08343 12.06529 0 0 -2.47634 12.05828 1.60488 13
0.98137 -0.20591 12.45230 0 0 6.23720 8.97788 2.33642 13
-1.88600 0.07003 80.06451 0 0 -2.01809 37.57795 0.48855 -13
-0.35278 -0.14454 90.77926 0 0 4.44674 85.70556 1.23488 -13
0.58884 0.11932 54.85974 0 0 -3.50821 47.35860 2.09989 -13
0.60734 -0.28100 54.85974 0 0 8.56785 47.35860 2.09989 -13
-0.42406 -0.04765 3.16150 0 0 1.35087 2.91096 1.17013 13
0.85229 0.10144 85.92133 0 0 -2.98467 65.53357 2.27409 13
-0.84260 -0.07529 13.99185 0 0 2.30672 10.71185 0.87201 13
0.19544 0.01819 30.85200 0 0 -0.48336 30.27937 1.76377 13
1.38453 -0.02657 7.60655 0 0 0.99024 4.45473 2.51591 -13
-1.43953 0.13909 71.80163 0 0 -4.10206 41.22950 0.61164 -13
-1.47326 -0.26012 71.80163 0 0 7.94027 41.22950 0.61164 -13
-0.11723 -0.07968 12.47691 0 0 2.52495 12.39258 1.45447 -13
1.57214 -0.19163 10.08811 0 0 5.95410 5.48338 2.56687 -13
-0.78666 0.14718 67.65966 0 0 -4.36741 53.39442 0.90944 13
-0.80255 -0.25171 67.65966 0 0 7.66458 53.39442 0.90945 13
-1.34487 -0.16952 11.51208 0 0 5.11857 6.93196 0.64617 13
1.73233 -0.19854 52.38684 0 0 6.08818 26.56981 2.60965 -13
0.61415 -0.02983 56.22913 0 0 0.97148 47.92017 2.12135 13
1.44259 0.02906 38.78861 0 0 -0.77241 22.10390 2.53525 -13
-1.19736 0.06290 27.62970 0 0 -1.78798 17.73182 0.69679 -13
0.00491 0.07484 99.10997 0 0 -2.17135 99.10878 1.57569 -13
-1.94028 -0.21366 49.36213 0 0 6.55016 23.01466 0.48503 -13
0.06438 -0.05843 11.04041 0 0 1.88807 11.01768 1.63498 -13
0.56840 0.08863 36.08294 0 0 -2.60754 31.39966 2.08597 13
-0.51930 -0.21538 4.77784 0 0 6.45553 4.26043 1.10104 13
1.29724 -0.02291 93.78210 0 0 0.76401 57.26559 2.48474 13
-0.38892 -0.23190 67.57792 0 0 7.06806 63.19460 1.20864 13
0.41175 -0.10609 70.37692 0 0 3.28886 65.12900 1.95943 -13
0.06801 0.09834 93.05152 0 0 -2.89042 92.83910 1.63837 13
0.19952 0.14620 4.50309 0 0 -4.21230 4.41784 1.76571 -13
0.20382 -0.25243 4.50309 0 0 7.82241 4.41784 1.76590 -13
-1.59211 0.07507 87.20907 0 0 -2.19340 46.47821 0.56209 13
0.18768 -0.17111 44.31152 0 0 5.23091 43.57245 1.75372 13
-1.92007 0.03338 4.14288 0 0 -0.66493 1.91486 0.48039 -13
-1.67036 0.03420 46.17506 0 0 -0.97107 23.72853 0.53970 13
-2.11129 0.03513 39.20541 0 0 -0.94959 16.79060 0.44258 -13
-0.91988 -0.13442 72.55332 0 0 4.12651 53.61617 0.83156 13
-1.02332 0.04507 10.33882 0 0 -1.21431 7.22995 0.77438 -13
0.46832 -0.11875 38.53987 0 0 3.64954 34.94583 2.00610 13
0.99439 0.00366 75.84986 0 0 -0.01971 53.78476 2.35338 -13
1.52129 -0.13022 59.48531 0 0 3.99567 32.86673 2.55621 13
0.97573 -0.00176 98.70287 0 0 0.14079 70.64576 2.34391 -13
-0.76976 -0.04309 18.61176 0 0 1.34758 14.75334 0.91521 13
0.01218 -0.09293 22.16077 0 0 2.86112 22.15914 1.58293 13
1.95697 0.13739 28.53538 0 0 -4.10277 13.08016 2.66539 13
2.00402 -0.26203 28.53538 0 0 7.94169 13.08016 2.66535 13
1.70607 -0.01612 14.10303 0 0 0.49752 7.13211 2.61137 13
-0.90261 0.12161 8.15825 0 0 -3.66262 6.07603 0.84019 13
-0.93019 -0.27881 8.15825 0 0 8.40700 6.07603 0.84019 13
-0.43742 0.06739 75.10611 0 0 -1.95881 68.83601 1.15928 13
-1.64266 -0.04997 97.98620 0 0 1.57970 50.99869 0.54740 13
1.08568 0.10558 99.67776 0 0 -3.09664 67.73279 2.39449 -13
-0.24993 0.00175 14.12714 0 0 -0.00636 13.70559 1.32589 13
-0.93258 -0.05572 38.67146 0 0 1.74447 28.30224 0.82105 13
1.31221 -0.12400 11.58156 0 0 3.75326 7.05394 2.48673 13
0.30890 -0.02929 50.02271 0 0 0.97474 47.79621 1.87027 -13
0.61023 0.11953 91.34178 0 0 -3.51778 78.12000 2.11556 -13
0.62935 -0.28077 91.34178 0 0 8.55762 78.12000 2.11556 -13
1.55314 -0.21718 65.52686 0 0 6.61924 36.05081 2.55901 13
-0.62033 -0.14082 53.02134 0 0 4.33999 45.17894 1.01995 -13
-0.45361 -0.15897 67.29918 0 0 4.88413 61.41781 1.14962 -13
-0.76276 -0.20120 4.32765 0 0 6.29173 3.46592 0.92872 -13
1.43198 0.00895 98.23690 0 0 -0.18088 56.24678 2.53197 -13
1.05885 -0.02346 32.23850 0 0 0.76708 22.13843 2.38463 13
-0.03777 -0.13383 67.94121 0 0 4.11108 67.89367 1.53338 13
2.10196 -0.19887 19.07529 0 0 6.13955 8.32548 2.68997 -13
0.34583 -0.16309 14.50633 0 0 4.96377 13.72878 1.89972 13
-0.19717 -0.18463 84.40501 0 0 5.65597 82.86179 1.37928 -13
0.75343 -0.03371 41.05087 0 0 1.11336 32.79383 2.21622 -13
-1.96137 -0.12077 56.14349 0 0 3.74344 25.64783 0.47443 -13
0.16615 -0.21940 35.80160 0 0 6.68470 35.33927 1.73168 13
-1.56655 0.10711 34.62476 0 0 -3.12358 18.70470 0.57073 -13
-1.23789 -0.15120 44.57151 0 0 4.66002 28.19993 0.68503 -13
-0.87920 -0.04497 16.23456 0 0 1.39834 12.19788 0.85010 13
-0.71144 -0.15560 55.05645 0 0 4.76455 45.04143 0.95808 13
1.08005 -0.07454 16.26343 0 0 2.28471 11.06550 2.39328 13
2.04818 -0.21168 12.80190 0 0 6.55609 5.71843 2.67870 -13
-1.67871 0.11171 34.55001 0 0 -3.26077 17.76254 0.53998 -13
-0.17278 -0.12319 67.24497 0 0 3.79006 66.27758 1.40097 13
0.37445 0.09314 51.07799 0 0 -2.73862 47.85969 1.92767 13
-0.00574 0.06311 56.99437 0 0 -1.81371 56.99344 1.56507 -13
0.04741 0.11839 3.37161 0 0 -3.63647 3.36785 1.61785 13
0.04901 -0.28253 3.37161 0 0 8.43759 3.36785 1.61793 13
0.06819 -0.21963 70.42029 0 0 6.69933 70.26454 1.63730 13
-1.03509 0.05828 83.68820 0 0 -1.66851 58.19899 0.76900 -13
0.05595 -0.02679 24.70444 0 0 0.86954 24.66590 1.62667 13
0.81052 -0.08981 45.42768 0 0 2.77657 35.34716 2.24996 13
-0.40219 -0.19112 19.63174 0 0 5.81925 18.25844 1.19458 13
0.09047 -0.20495 67.76363 0 0 6.27105 67.49913 1.65919 -13
-0.96885 -0.19164 27.79688 0 0 5.88736 20.13718 0.81023 -13
-1.68818 0.12863 74.62093 0 0 -3.78584 38.26095 0.53838 -13
-1.73491 -0.27115 74.62093 0 0 8.27282 38.26095 0.53837 -13
-0.18033 0.03330 39.25254 0 0 -0.91103 38.63015 1.39248 -13
1.34185 0.05016 43.38532 0 0 -1.41416 25.94635 2.50054 -13
0.85512 -0.00548 75.07582 0 0 0.23824 57.05932 2.27825 13
1.69328 -0.21896 20.09632 0 0 6.73928 10.39884 2.59783 -13
0.05638 -0.23401 92.02809 0 0 7.14501 91.88973 1.62564 -13
-0.87382 0.00212 23.15418 0 0 0.04552 17.43548 0.85264 -13
1.88861 -0.15119 15.18131 0 0 4.57110 7.16685 2.64994 13
-0.20876 0.03160 25.64733 0 0 -0.85077 25.10674 1.36509 -13
0.48031 -0.13911 30.73848 0 0 4.26038 27.75747 2.01484 13
1.33056 -0.12069 17.95920 0 0 3.76804 10.83980 2.49362 -13
0.92096 0.13259 53.36806 0 0 -3.93085 39.41289 2.31073 13
0.94497 -0.26699 53.36806 0 0 8.12142 39.41289 2.31074 13
-1.02922 0.11147 98.30600 0 0 -3.28822 68.72237 0.77408 13
-0.20146 0.11133 20.79833 0 0 -3.25322 20.39362 1.37319 -13
-0.49914 0.07332 53.07286 0 0 -2.14057 47.51164 1.10891 13
-0.34815 -0.11099 76.71780 0 0 3.42249 72.49993 1.23766 13
-0.88995 0.05045 57.41424 0 0 -1.42568 42.91296 0.84419 -13
0.72900 0.08416 26.26064 0 0 -2.43431 21.24595 2.19905 -13
0.20316 -0.05256 52.66770 0 0 1.67608 51.61621 1.77096 -13
-0.84591 -0.04762 66.26555 0 0 1.52726 50.61596 0.86924 -13
-1.28195 0.06528 55.65524 0 0 -1.90245 34.27641 0.66350 13
-0.28786 -0.16665 77.45240 0 0 5.10202 74.50708 1.29413 13
0.13108 0.00204 90.74090 0 0 0.01422 89.97127 1.70113 13
-0.03007 -0.02345 38.38186 0 0 0.80083 38.36455 1.54074 -13
0.60711 0.00703 75.86915 0 0 -0.12347 64.85344 2.11642 -13
-0.22987 -0.19840 58.85354 0 0 6.07505 57.41228 1.34903 -13
-1.89601 0.03709 39.65733 0 0 -1.06332 18.51078 0.48563 13
-0.45399 -0.00001 89.53277 0 0 0.07557 81.52456 1.14463 13
-0.73409 -0.06022 63.97062 0 0 1.88869 51.60034 0.93842 13
0.52631 -0.03342 77.67873 0 0 1.09635 68.74784 2.05504 -13
1.53292 0.12150 92.89734 0 0 -3.59357 51.01761 2.56021 13
1.57968 -0.27870 92.89734 0 0 8.47830 51.01761 2.56020 13
-0.77703 -0.15258 96.99655 0 0 4.67719 76.92178 0.91578 13
-0.03375 -0.17221 30.52512 0 0 5.25940 30.50825 1.53754 13
-0.32866 -0.03031 67.68888 0 0 1.00298 64.30774 1.25340 -13
2.00682 0.04286 67.47718 0 0 -1.19576 30.11638 2.67894 -13
0.20363 -0.02912 37.67898 0 0 0.97268 36.92197 1.77159 -13
0.90476 0.02699 10.81544 0 0 -0.79412 8.02136 2.30605 13
0.79120 0.10506 83.74234 0 0 -3.09547 65.81129 2.23748 13
1.06054 -0.17125 95.11231 0 0 5.23953 65.74782 2.37835 13
1.06020 -0.21417 31.03996 0 0 6.51729 21.54925 2.37421 13
-0.62090 -0.01836 39.59304 0 0 0.64978 33.63833 1.01523 -13
0.19929 -0.24860 81.01641 0 0 7.58596 79.54246 1.76184 -13
1.60797 -0.19184 80.73810 0 0 5.87991 43.19474 2.57709 -13
0.34215 -0.04852 15.63619 0 0 1.57778 14.79600 1.90010 -13
0.82862 0.04973 95.13996 0 0 -1.41289 73.29437 2.26214 -13
-1.47498 -0.13215 31.59998 0 0 4.04048 17.83830 0.59982 13
-1.93703 0.10131 57.08043 0 0 -2.99206 26.29086 0.47865 13
0.37032 -0.23082 88.48605 0 0 7.03816 83.23327 1.91709 13
1.97256 0.03111 73.70167 0 0 -0.87157 33.33888 2.67220 13
-0.34027 -0.16422 46.40683 0 0 5.04628 43.99286 1.24685 -13
-0.07971 -0.22126 36.34850 0 0 6.74133 36.23887 1.49313 13
1.50567 -0.22143 33.21462 0 0 6.78916 18.68219 2.54425 -13
0.47299 0.07975 43.14063 0 0 -2.33731 39.02111 2.01138 13
-1.10148 -0.03180 30.29920 0 0 1.06421 20.37175 0.73740 -13
-1.43710 -0.19588 12.74024 0 0 5.91949 7.36962 0.61679 13
-1.53364 0.03167 69.32457 0 0 -0.86162 37.87733 0.57804 -13
0.38133 -0.19637 18.57442 0 0 5.97572 17.39663 1.92885 13
0.83080 -0.05481 84.62539 0 0 1.74221 65.13189 2.26330 -13
-0.88525 -0.08093 98.07365 0 0 2.52912 73.53890 0.84781 -13
1.38273 -0.00183 24.61884 0 0 0.16908 14.42712 2.51546 -13
1.30217 0.03400 10.33955 0 0 -1.02031 6.29968 2.48642 13
2.06074 -0.10025 27.22583 0 0 3.14579 11.93531 2.68784 -13
-0.98317 0.12822 5.30719 0 0 -3.65510 3.79950 0.79796 -13
-1.01031 -0.27114 5.30719 0 0 8.40704 3.79950 0.79800 -13
0.38712 0.06026 35.84609 0 0 -1.75105 33.43654 1.93954 13
0.44038 -0.13526 98.50987 0 0 4.15597 90.28699 1.98229 13
-0.21147 -0.05646 38.56205 0 0 1.77162 37.73035 1.36272 13
0.02136 0.09657 32.17970 0 0 -2.84733 32.17243 1.59205 13
-0.19348 0.14863 82.94958 0 0 -4.40872 81.47105 1.38171 13
-0.19727 -0.25020 82.94958 0 0 7.62165 81.47105 1.38171 13
0.38902 -0.14717 22.06659 0 0 4.49638 20.59375 1.93820 13
0.93248 -0.01333 98.01201 0 0 0.47655 71.68592 2.32122 13
0.13425 -0.11223 78.83540 0 0 3.47208 78.14310 1.70342 -13
-0.09987 -0.09747 40.93369 0 0 3.00953 40.73302 1.47172 13
-0.43833 -0.00116 51.92166 0 0 0.12636 47.55401 1.15769 -13
-1.34696 -0.12093 95.36341 0 0 3.73743 57.11237 0.64211 -13
-0.95815 0.00366 77.51961 0 0 -0.03783 55.97343 0.80677 13
-0.09084 0.07943 35.61954 0 0 -2.30088 35.47432 1.48048 -13
0.59434 -0.03882 22.72307 0 0 1.22743 19.53739 2.10671 13
1.12091 -0.13548 48.69113 0 0 4.15331 32.57789 2.40862 13
-0.13971 0.09387 70.62163 0 0 -2.74320 69.94821 1.43259 -13
-0.22971 0.06655 61.15738 0 0 -1.91812 59.61160 1.34548 -13
1.53825 -0.20238 63.64407 0 0 6.17122 35.17817 2.55595 13
0.76439 0.05315 48.69738 0 0 -1.53469 38.70915 2.22277 13
1.45827 -0.18371 82.12370 0 0 5.63272 46.96901 2.53273 -13
-0.50098 0.01903 66.98418 0 0 -0.48487 59.89110 1.10644 -13
-0.48160 -0.08892 83.89249 0 0 2.75739 75.63951 1.12351 13
1.21544 0.01655 2.46937 0 0 -0.10686 1.56915 2.45307 -13
0.81720 -0.05009 19.70632 0 0 1.62283 15.26682 2.25533 -13
-0.07253 0.03964 14.91820 0 0 -1.08198 14.87919 1.49845 -13
0.44686 -0.13079 78.66727 0 0 4.01990 71.92357 1.98788 13
0.60974 0.03446 91.49964 0 0 -0.96501 78.13481 2.11808 13
-0.60462 -0.10920 59.77866 0 0 3.36534 51.23620 1.02961 13
-0.13234 -0.14057 2.83855 0 0 4.14259 2.81441 1.44049 13
-0.07760 -0.12535 79.48591 0 0 3.86867 79.25127 1.49395 -13
1.45374 -0.19722 34.09884 0 0 6.05768 19.57465 2.53011 -13
-2.03024 0.00697 74.57034 0 0 -0.14370 32.95036 0.45768 13
0.13161 -0.17916 19.43384 0 0 5.45905 19.27280 1.69962 13
-0.73253 -0.00325 21.42802 0 0 0.20781 17.28634 0.93857 -13
-0.73943 0.09899 49.23717 0 0 -2.89205 39.65805 0.93643 -13
-0.38038 0.06930 15.06029 0 0 -1.97526 14.08086 1.20811 -13
-1.67670 0.05473 51.25232 0 0 -1.58856 26.28166 0.53843 13
1.24301 0.08898 18.14344 0 0 -2.55960 11.40057 2.46219 -13
0.85083 -0.16031 90.93165 0 0 4.92411 69.62300 2.26952 -13
-0.34267 -0.03231 45.06343 0 0 1.06735 42.63232 1.24083 -13
0.84161 0.14537 6.53408 0 0 -4.40140 5.02112 2.26526 13
0.85922 -0.25368 6.53408 0 0 7.63102 5.02112 2.26525 13
1.56128 -0.20821 20.23775 0 0 6.31426 11.08042 2.56225 13
0.82847 -0.04118 89.78686 0 0 1.33065 69.16516 2.26224 -13
0.05749 -0.23925 59.65925 0 0 7.29050 59.56623 1.62665 13
-1.81897 -0.19103 65.73467 0 0 5.82813 32.10445 0.51026 13
-0.23940 -0.15414 65.61264 0 0 4.72343 63.84976 1.33846 13
-0.11467 -0.00609 64.20059 0 0 0.25733 63.78256 1.45663 13
-0.21497 0.01326 75.67330 0 0 -0.31293 73.98339 1.35906 -13
1.15424 -0.15298 41.56789 0 0 4.66292 27.40106 2.42194 13
1.17159 0.01935 79.95144 0 0 -0.49399 51.91087 2.43496 -13
0.31768 -0.07142 88.98046 0 0 2.24206 84.82397 1.87766 -13
0.46333 0.05604 11.45066 0 0 -1.56369 10.39229 2.00408 -13
-0.37408 -0.10565 90.30088 0 0 3.26283 84.63443 1.21465 13
0.25846 -0.11434 3.10433 0 0 3.36583 3.00687 1.82216 13
-0.67512 -0.05953 21.39437 0 0 1.84958 17.74124 0.97778 13
-0.53882 0.10007 86.65683 0 0 -2.93144 76.37238 1.07866 -13
-1.86204 0.06842 97.77361 0 0 -1.97216 46.34331 0.49382 -13
-0.98102 0.09215 43.49570 0 0 -2.68276 31.11392 0.79709 -13
-0.01170 0.14769 38.82830 0 0 -4.36143 38.82570 1.55922 -13
-0.01193 -0.25112 38.82830 0 0 7.66968 38.82570 1.55923 -13
-0.46766 0.08990 88.56821 0 0 -2.63659 80.28630 1.13489 13
-0.52707 0.13686 62.22713 0 0 -4.03837 55.15922 1.08955 -13
-0.53987 -0.26244 62.22713 0 0 8.00726 55.15922 1.08956 -13
-0.93825 -0.17746 44.66675 0 0 5.44898 32.80969 0.82498 -13
0.09285 0.13617 9.62128 0 0 -4.07850 9.58084 1.66254 13
0.09509 -0.26333 9.62128 0 0 7.96755 9.58084 1.66250 13
-0.98751 -0.08872 38.68664 0 0 2.74065 27.58109 0.79364 13
1.00348 -0.20516 76.03341 0 0 6.26083 54.22249 2.34763 13
-0.36358 0.09532 45.85999 0 0 -2.80555 43.12252 1.22353 13
-0.93902 -0.21468 68.24498 0 0 6.54781 50.27118 0.82807 13
-0.22728 -0.04514 92.42976 0 0 1.43778 90.13571 1.34753 13
-0.34670 -0.11165 67.03259 0 0 3.44134 63.37587 1.23897 13
0.01505 -0.13438 64.09526 0 0 4.14341 64.08814 1.58571 -13
-0.34653 0.07821 21.89340 0 0 -2.30300 20.69321 1.23816 13
-0.53035 0.07100 27.12467 0 0 -2.08089 23.97666 1.08420 13
0.38100 0.06724 38.84012 0 0 -1.93431 36.30544 1.93407 -13
-0.80265 -0.17529 10.95012 0 0 5.30943 8.59012 0.90182 13
-0.36838 0.03050 26.27940 0 0 -0.85818 24.66075 1.21799 13
0.23269 -0.11920 97.99936 0 0 3.68199 95.48383 1.79786 -13
-0.15722 0.09094 35.99012 0 0 -2.64920 35.55687 1.41548 -13
0.29516 -0.12264 10.26146 0 0 3.72913 9.84763 1.85578 13
0.38005 0.02464 63.44277 0 0 -0.67023 59.30652 1.93389 13
-0.94742 -0.19729 60.09369 0 0 6.02020 44.01564 0.82192 13
-1.69851 -0.02452 56.50581 0 0 0.83833 28.67472 0.53224 -13
2.14428 -0.03547 64.43014 0 0 1.13333 27.24570 2.70498 13
0.70378 -0.14394 53.29760 0 0 4.43468 43.73233 2.17924 -13
-1.00799 -0.23607 41.10921 0 0 7.22103 29.34508 0.79498 -13
-0.11848 -0.22979 15.94512 0 0 6.97978 15.83989 1.45583 13
-0.33482 -0.01733 68.74822 0 0 0.59659 65.19224 1.24775 13
0.04383 -0.17285 32.46004 0 0 5.31071 32.42980 1.61396 -13
-0.92601 -0.04795 18.34854 0 0 1.56368 13.46983 0.82437 -13
-0.74109 -0.04560 30.21391 0 0 1.43674 24.28313 0.93352 13
-2.07957 -0.17929 17.54977 0 0 5.55205 7.70196 0.45444 -13
-1.30825 1.67759 17.54977 0 0 5.53042 7.70196 0.98059 -13
0.17948 -0.11637 26.33392 0 0 3.61024 25.92512 1.74722 -13
0.03054 0.02798 24.13860 0 0 -0.78316 24.12735 1.60131 13
-0.97444 0.07889 95.72005 0 0 -2.29144 68.65848 0.79989 -13
1.63641 0.01808 83.86042 0 0 -0.45277 43.73387 2.59298 -13
-1.53148 -0.12441 25.23704 0 0 3.86899 13.87186 0.58198 -13
-1.21437 0.13413 93.95828 0 0 -3.97324 60.04370 0.69327 13
-1.24525 -0.26535 93.95828 0 0 8.07667 60.04370 0.69327 13
0.07282 -0.11095 93.65826 0 0 3.42287 93.41389 1.64305 13
-0.92887 -0.18734 25.83724 0 0 5.70645 19.08094 0.83085 13
-1.61079 -0.04428 99.27494 0 0 1.40739 52.39890 0.55602 13
-1.32403 -0.15045 42.68933 0 0 4.60056 25.91182 0.65225 13
-0.57369 0.04590 75.11067 0 0 -1.29577 65.16750 1.05040 -13
0.77518 -0.06907 20.30497 0 0 2.13496 16.06190 2.22907 13
0.21814 0.07133 32.32628 0 0 -2.08645 31.58722 1.78504 13
-0.27106 0.05114 51.20451 0 0 -1.45162 49.42538 1.30642 -13
-1.36612 -0.10209 28.64123 0 0 3.18881 16.97509 0.63435 -13
-0.12210 -0.22739 37.57321 0 0 6.92660 37.30976 1.45229 13
0.50428 -0.22624 52.25219 0 0 6.89459 46.88764 2.02790 13
-0.55208 -0.14565 50.67021 0 0 4.46315 44.46754 1.07079 13
-0.60996 -0.15538 72.32883 0 0 4.77572 61.94664 1.02837 -13
1.35178 -0.20817 63.96991 0 0 6.37347 38.56523 2.49450 -13
-0.95249 0.06640 44.45133 0 0 -1.93688 32.22111 0.81083 13
-1.13936 -0.00889 38.61671 0 0 0.33031 25.47392 0.72037 13
0.98432 -0.15309 80.09507 0 0 4.70776 57.40641 2.34250 -13
-0.54719 -0.20178 23.84885 0 0 6.19235 21.01660 1.07847 -13
0.33733 0.01599 63.69841 0 0 -0.39329 60.35754 1.89610 -13
1.66822 0.03416 43.43035 0 0 -0.97121 22.33893 2.60133 13
-0.26572 -0.24731 41.85128 0 0 7.55331 40.52479 1.31835 -13
-1.24193 0.07250 34.74039 0 0 -2.12874 21.82277 0.67918 13
-0.41386 -0.24844 2.05016 0 0 7.30048 1.90220 1.18887 13
-1.06349 -0.12919 6.45054 0 0 4.09016 4.43747 0.75877 -13
-0.01281 -0.00866 70.96051 0 0 0.33565 70.95469 1.55799 13
0.07092 -0.13032 45.18309 0 0 4.00163 45.07176 1.64100 13
-1.19728 -0.01855 63.34229 0 0 0.65413 40.60794 0.69594 -13
0.06692 -0.20051 9.19346 0 0 6.07338 9.17372 1.63631 13
-0.55296 0.06246 84.16159 0 0 -1.79639 73.68488 1.06651 -13
0.72697 -0.00435 82.67146 0 0 0.20506 66.86933 2.19939 13
-1.10559 -0.02443 10.17437 0 0 0.74684 6.82650 0.73544 13
1.07439 -0.05653 36.72864 0 0 1.80547 25.04488 2.39124 -13
0.98589 -0.08869 10.68933 0 0 2.81998 7.62654 2.34713 -13
1.51199 -0.18626 90.65706 0 0 5.70953 50.60406 2.54939 -13
-1.02747 -0.21491 30.39108 0 0 6.58868 21.44075 0.78314 -13
1.34803 0.06092 63.53810 0 0 -1.74407 37.90033 2.50246 -13
1.55537 -0.21541 45.87583 0 0 6.55819 25.20899 2.55984 13
0.40891 0.05041 19.09537 0 0 -1.41156 17.67809 1.95852 -13
-1.01894 -0.01652 33.89173 0 0 0.55908 23.74125 0.77609 13
0.87793 0.07701 19.30811 0 0 -2.27464 14.52825 2.28982 13
-0.24579 -0.02472 41.08633 0 0 0.83957 39.89927 1.32985 -13
-0.66102 0.05383 92.75282 0 0 -1.54799 77.41040 0.98738 13
-1.12313 -0.04695 17.57531 0 0 1.45599 11.69401 0.72802 13
0.57647 -0.24079 67.06175 0 0 7.35347 58.50053 2.08163 -13
-0.07523 0.07698 53.72919 0 0 -2.23147 53.57869 1.49593 -13
1.14718 0.06895 43.68664 0 0 -2.01524 28.74521 2.42346 13
0.29549 -0.01151 31.34421 0 0 0.41222 30.05946 1.85810 13
-1.22034 0.02652 64.76249 0 0 -0.73067 41.05681 0.68666 13
0.32612 -0.21484 40.73904 0 0 6.54863 38.81387 1.87945 13
-0.45526 -0.20944 15.47303 0 0 6.43475 14.13353 1.15162 -13
-0.11431 -0.10728 26.00544 0 0 3.33631 25.83913 1.45763 -13
-1.55727 0.13188 35.78376 0 0 -3.87112 19.45351 0.57476 -13
-1.59822 -0.26772 35.78376 0 0 8.18210 19.45351 0.57478 -13
0.25120 -0.08633 67.80255 0 0 2.67789 65.77382 1.81603 13
-0.29648 -0.22024 84.89573 0 0 6.73036 81.54638 1.28897 -13
1.52148 0.06380 99.65482 0 0 -1.85230 54.81268 2.55920 13
0.61012 -0.24835 93.29623 0 0 7.57901 80.27780 2.10541 -13
-0.01065 0.09606 17.15620 0 0 -2.78642 17.15523 1.56020 -13
0.04706 -1.37203 17.15620 0 0 -2.75109 17.15523 1.59851 -13
-0.37529 1.21214 17.15620 0 0 -1.62691 17.15523 1.80523 -13
2.13482 -0.02531 65.08249 0 0 0.86210 27.61468 2.70340 -13
-0.89471 -0.23264 45.61229 0 0 7.08388 34.38748 0.85399 13
0.00336 -0.23525 30.55188 0 0 7.16070 30.55171 1.57407 13
0.34796 0.00134 6.89266 0 0 -0.03430 6.50984 1.90565 13
-0.23922 0.08570 98.27570 0 0 -2.49876 95.59789 1.33682 -13
1.02342 -0.22625 59.64729 0 0 6.89438 42.21453 2.35529 13
0.03575 -0.09570 26.34931 0 0 2.98622 26.33264 1.60637 -13
0.48667 0.06254 61.04213 0 0 -1.79631 54.90792 2.02295 -13
-0.26389 -0.04256 45.13714 0 0 1.37647 43.64566 1.31301 -13
-1.38201 -0.15403 50.11631 0 0 4.74276 29.60488 0.63196 -13
-0.02359 -0.12482 46.31893 0 0 3.83568 46.30623 1.54739 13
0.43062 -0.01383 73.88694 0 0 0.49122 67.86324 1.97739 13
-0.57493 0.13667 55.91962 0 0 -4.05147 48.58927 1.05300 13
-0.58895 -0.26269 55.91962 0 0 7.99453 48.58927 1.05301 13
-0.45424 -0.20103 83.73512 0 0 6.13937 76.49301 1.15183 13
0.22165 -0.18752 92.53108 0 0 5.74323 90.41048 1.78530 -13
0.09822 0.13572 73.14230 0 0 -4.00655 72.79839 1.66782 -13
0.10066 -0.26365 73.14230 0 0 8.04109 72.79839 1.66782 -13
0.89795 -0.02691 65.97335 0 0 0.90274 49.09554 2.30230 -13
-0.56921 -0.20639 45.56102 0 0 6.31942 39.79527 1.06225 -13
-1.95732 -0.06852 36.22017 0 0 2.17760 16.50969 0.47328 -13
1.14415 -0.14806 31.42793 0 0 4.52372 20.80900 2.41795 13
-0.13262 0.02719 23.05485 0 0 -0.71788 22.85488 1.43900 -13
1.42910 -0.19520 7.11630 0 0 5.85056 4.13168 2.52223 13
-1.35574 -0.19019 33.84090 0 0 5.79463 20.31929 0.64403 13
0.76113 0.13284 18.48157 0 0 -3.96032 14.75356 2.21718 13
0.78084 -0.26675 18.48157 0 0 8.09178 14.75356 2.21715 13
0.00696 0.05690 12.04726 0 0 -1.59580 12.04697 1.57774 -13
-0.13534 0.02299 81.50214 0 0 -0.61718 80.76623 1.43631 13
0.47124 -0.21607 41.46464 0 0 6.58502 37.66137 2.00244 13
0.50258 -0.02564 6.12234 0 0 0.76574 5.47073 2.03637 13
1.08773 0.13001 36.84479 0 0 -3.81976 25.04890 2.39401 -13
1.11709 -0.26961 36.84479 0 0 8.23725 25.04890 2.39398 -13
0.19706 0.13542 54.51675 0 0 -3.99444 53.50619 1.76365 -13
0.20198 -0.26398 54.51675 0 0 8.05360 53.50619 1.76366 -13
-0.28324 -0.13279 46.35040 0 0 4.09770 44.62480 1.29707 -13
-1.09745 -0.19408 30.07540 0 0 5.91229 20.46049 0.74818 13
-0.13551 0.05124 7.51339 0 0 -1.53048 7.44554 1.43628 13
0.56468 -0.04948 7.28596 0 0 1.64931 6.34602 2.08432 -13
-2.07985 -0.17939 73.23969 0 0 5.47664 32.14637 0.45439 13
1.01308 0.11771 76.94272 0 0 -3.47853 54.24033 2.35925 13
0.42710 -0.13993 55.51703 0 0 4.29255 51.13114 1.97095 13
0.04764 -0.16535 80.47055 0 0 5.06306 80.38181 1.61777 13
-0.84100 -0.06776 87.91617 0 0 2.13274 67.34883 0.87268 -13
0.05985 -0.15704 36.66406 0 0 4.80515 36.60012 1.62985 13
-0.77137 -0.14961 67.39982 0 0 4.58491 53.58744 0.91911 13
-0.16178 -0.07803 53.37921 0 0 2.42593 52.69810 1.41089 13
0.81174 -0.21212 9.94255 0 0 6.54559 7.78621 2.24191 -13
-0.44987 -0.18174 86.44585 0 0 5.56933 79.04853 1.15409 -13
1.22797 -0.05631 52.82966 0 0 1.79410 33.39152 2.45739 -13
-0.63835 -0.03162 49.31338 0 0 1.02345 41.57228 1.00288 13
-1.25379 -0.06872 1.61571 0 0 1.66256 1.00917 0.67441 13
0.44326 -0.06944 75.94895 0 0 2.16891 69.46069 1.98714 13
0.52336 -0.14266 64.38378 0 0 4.37590 57.16674 2.04883 13
1.17872 0.00637 62.91593 0 0 -0.12387 40.70192 2.43803 13
-1.79525 0.05303 74.97995 0 0 -1.50515 36.52601 0.50882 -13
-1.93644 -0.23067 3.74989 0 0 7.34841 1.75645 0.48734 -13
-0.56880 -0.15087 20.72484 0 0 4.66001 18.06362 1.05846 -13
-1.69373 -0.24938 54.65680 0 0 7.58531 28.41137 0.54664 13
-0.04770 -0.05915 9.25263 0 0 1.91940 9.24217 1.52322 -13
-1.35437 0.05478 63.56066 0 0 -1.58443 37.79020 0.63672 13
0.17306 -0.10515 39.43191 0 0 3.26807 38.86082 1.74123 -13
0.54774 0.09598 60.64934 0 0 -2.82279 53.24878 2.06997 13
1.37440 0.05318 56.69343 0 0 -1.50815 33.38566 2.51192 -13
-0.39665 -0.21688 54.91763 0 0 6.63344 51.20507 1.20099 -13
-0.79903 -0.10556 48.29833 0 0 3.27773 37.81398 0.89935 -13
0.56646 -0.20119 72.84499 0 0 6.14233 63.68396 2.07773 13
-0.94174 0.10919 2.28082 0 0 -3.50924 1.66516 0.81835 13
-0.97590 -0.29270 2.28082 0 0 8.57588 1.66516 0.81812 13
0.46159 -0.01336 96.17561 0 0 0.47861 87.32339 2.00321 13
-1.90777 -0.06084 81.98705 0 0 1.92846 38.11872 0.48356 -13
-0.43804 -0.14835 52.31461 0 0 4.54572 48.00226 1.16192 13
0.37430 -0.14508 98.07220 0 0 4.46293 91.96557 1.92555 -13
0.64993 -0.14452 71.20956 0 0 4.44909 59.88939 2.14241 -13
1.26369 0.09617 73.01545 0 0 -2.80834 45.43725 2.46992 -13
-1.88339 -0.14654 36.04493 0 0 4.47300 17.04303 0.49252 13
1.04284 0.09601 26.28022 0 0 -2.84189 18.23240 2.37487 13
-2.11137 0.10755 33.96376 0 0 -3.19664 14.60581 0.44456 13
-0.16255 0.10900 48.70087 0 0 -3.19690 48.07721 1.41059 -13
-0.79443 -0.03812 83.17495 0 0 1.23892 65.14312 0.89981 -13
-1.75364 0.00365 73.34033 0 0 -0.01540 36.32983 0.51825 -13
-2.04696 -0.20319 59.71648 0 0 6.19009 26.64261 0.46246 13
-0.03474 -0.04204 26.97169 0 0 1.33113 26.95547 1.53610 13
1.36416 -0.15457 80.60347 0 0 4.73326 48.01921 2.50339 13
0.14528 -0.21290 18.76223 0 0 6.52996 18.57569 1.71195 -13
1.53234 -0.18881 15.62464 0 0 5.71733 8.64479 2.55535 13
0.06746 0.01085 61.72948 0 0 -0.23828 61.58951 1.63815 -13
1.97433 0.09690 29.20161 0 0 -2.88024 13.24316 2.67087 13
1.66027 -0.14477 55.56218 0 0 4.43235 28.88667 2.59488 13
-1.19348 -0.01468 84.38544 0 0 0.51531 54.19934 0.69747 13
1.98025 0.08551 92.94102 0 0 -2.51034 42.01711 2.67250 13
-1.42065 -0.23174 48.76915 0 0 7.08946 28.56192 0.62571 -13
-0.13629 -0.20250 95.58414 0 0 6.19504 94.74263 1.43800 -13
-0.26918 -0.10980 25.69685 0 0 3.41762 24.82374 1.30935 -13
-0.39097 -0.19850 51.41950 0 0 6.05885 48.01019 1.20461 13
-0.72148 0.14607 18.97590 0 0 -4.35874 15.44431 0.95080 13
-0.73649 -0.25289 18.97590 0 0 7.67395 15.44431 0.95073 13
-0.97932 0.08206 12.59447 0 0 -2.34144 9.01307 0.79752 -13
-0.60273 -0.00362 86.14113 0 0 0.18374 73.77673 1.02838 13
0.13978 -0.17644 47.13458 0 0 5.39310 46.69414 1.70759 13
0.87416 -0.12107 81.25954 0 0 3.72518 61.37200 2.28554 13
0.73277 0.08775 25.30064 0 0 -2.54116 20.43540 2.20135 -13
0.45987 -0.09905 18.56543 0 0 3.03914 16.88155 1.99998 13
-0.34326 -0.01064 88.77199 0 0 0.40798 83.96350 1.24015 -13
-0.66929 0.09386 65.83621 0 0 -2.74072 54.78676 0.98300 -13
-1.02793 0.02854 45.79465 0 0 -0.76462 31.93944 0.77183 -13
-0.18339 -0.01465 44.06187 0 0 0.53423 43.33923 1.38944 -13
-0.90912 -0.01587 69.68522 0 0 0.55038 51.56508 0.83303 13
-1.32670 0.03601 50.86622 0 0 -0.98912 30.62965 0.64621 -13
0.97498 -0.06711 18.19887 0 0 2.14380 13.04521 2.34240 -13
-1.16198 -0.09514 26.29199 0 0 2.97820 17.19464 0.71284 -13
-0.64239 -0.00045 79.54027 0 0 0.10206 66.92180 0.99979 -13
-0.10415 0.04862 88.85233 0 0 -1.37955 88.37538 1.46714 -13
0.39467 0.03746 6.81776 0 0 -0.97368 6.34236 1.94646 -13
0.41745 -0.02772 52.64981 0 0 0.92713 48.58907 1.96612 -13
-1.74258 -0.02526 77.31532 0 0 0.85503 38.49138 0.52112 -13
-0.09703 -0.05298 98.00254 0 0 1.68428 97.54571 1.47420 -13
-1.97696 0.02908 11.05405 0 0 -0.70006 4.99112 0.46847 -13
-0.09830 -0.01014 19.37823 0 0 0.41191 19.28530 1.47282 -13
1.40107 -0.16237 70.91119 0 0 4.98991 41.55074 2.51554 -13
0.93073 -0.02894 6.56558 0 0 0.85469 4.80734 2.32012 13
0.56539 0.02470 37.31215 0 0 -0.67849 32.48243 2.08525 13
0.09297 -0.14256 21.71354 0 0 4.35819 21.62210 1.66258 13
-0.60929 0.04841 56.57036 0 0 -1.38890 48.32510 1.02410 13
0.22421 -0.08206 21.18013 0 0 2.53244 20.67036 1.79064 13
0.90934 -0.05800 98.86585 0 0 1.82401 73.20133 2.30791 13
-1.18164 0.07110 80.18366 0 0 -2.05438 51.87422 0.70357 -13
0.59980 0.06369 76.80016 0 0 -1.84729 65.89624 2.11018 13
-1.70057 -0.13871 24.58276 0 0 4.22637 12.54885 0.53575 13
-0.14734 -0.01339 90.88453 0 0 0.49058 89.91401 1.42453 -13
0.75259 -0.23220 80.49538 0 0 7.07751 64.91934 2.20339 13
1.15885 -0.17824 51.82231 0 0 5.47173 34.15939 2.42190 -13
-1.14950 -0.06511 44.53527 0 0 2.02854 29.26484 0.71700 13
0.66003 0.04188 92.69015 0 0 -1.17565 77.37965 2.15379 -13
1.63463 -0.12059 75.79035 0 0 3.73041 39.75940 2.58935 -13
0.25537 -0.04305 25.70916 0 0 1.39994 24.91128 1.82060 -13
0.27042 -0.07738 14.84733 0 0 2.44984 14.33537 1.83415 -13
0.69361 -0.24037 66.14385 0 0 7.32248 54.83831 2.16414 13
0.35750 -0.18738 35.50386 0 0 5.71882 33.49591 1.90870 13
0.40888 -0.00634 21.56316 0 0 0.29657 19.95940 1.95893 -13
0.40781 0.06754 99.62066 0 0 -1.95080 92.27483 1.95722 -13
0.49924 -0.10097 61.23785 0 0 3.11791 54.84518 2.03182 13
0.42411 0.00377 66.62508 0 0 -0.04035 61.33682 1.97191 13
-1.76611 0.04633 56.34828 0 0 -1.29844 27.78623 0.51567 -13
-0.35644 0.10099 67.64218 0 0 -2.97075 63.75184 1.23000 13
