-1.98273 -0.06666 78.81468 0 0 2.10549 35.55442 0.46802 -13
0.42919 0.08775 67.34549 0 0 -2.57344 61.92351 1.97482 13
1.67909 0.10891 59.53298 0 0 -3.21976 30.59514 2.60185 13
0.48446 0.08388 45.31610 0 0 -2.46192 40.80935 2.02056 13
-0.25096 -0.21299 38.59302 0 0 6.49249 37.48053 1.33010 13
1.17340 -0.06071 43.83590 0 0 1.92953 28.46359 2.43490 -13
0.81283 -0.10388 20.01289 0 0 3.18291 15.56327 2.25069 13
-0.66259 -0.23584 53.96063 0 0 7.18447 45.34829 0.99801 13
0.12555 -0.16404 94.75456 0 0 5.02405 94.03559 1.69406 13
0.20939 -0.14085 66.35247 0 0 4.33735 64.97054 1.77524 -13
0.14300 0.08764 38.13628 0 0 -2.57651 37.75480 1.71230 13
2.01797 -0.04717 18.83312 0 0 1.56299 8.36938 2.68107 -13
0.53103 -0.12953 10.49775 0 0 4.04053 9.28851 2.05552 -13
-0.34292 -0.12784 15.39750 0 0 3.90168 14.57733 1.24292 13
0.54715 -0.19436 34.71891 0 0 5.96097 30.58651 2.06368 -13
-0.92503 -0.02579 79.83472 0 0 0.86747 58.61486 0.82449 -13
0.64815 0.06793 8.34763 0 0 -1.89660 7.00972 2.14482 -13
-0.00997 -0.17823 44.11245 0 0 5.44639 44.11033 1.56098 13
-0.51123 -0.17852 11.14927 0 0 5.41497 9.95887 1.10454 13
0.38259 0.10401 71.36336 0 0 -3.06363 66.69736 1.93441 13
0.19196 -0.22925 11.53438 0 0 6.95353 11.33768 1.75576 13
-1.51077 -0.12134 37.58975 0 0 3.71827 20.85384 0.58807 13
-0.73146 0.13426 71.69959 0 0 -3.97732 58.04994 0.94351 13
-0.75003 -0.26521 71.69959 0 0 8.07248 58.04994 0.94351 13
1.36552 0.06196 21.36612 0 0 -1.82752 12.63938 2.50859 13
0.06567 0.11017 70.81742 0 0 -3.23503 70.66701 1.63598 -13
-0.02649 0.02836 37.95513 0 0 -0.76148 37.94184 1.54433 -13
0.66187 -0.03401 12.33271 0 0 1.06033 10.28603 2.15520 13
1.02331 -0.22546 75.68280 0 0 6.89117 53.56330 2.35532 -13
0.00901 -0.06165 14.12125 0 0 1.97463 14.12068 1.57979 -13
0.62032 0.00683 43.26823 0 0 -0.11163 36.76888 2.12601 -13
-1.30252 0.09497 37.06920 0 0 -2.80468 22.63751 0.65693 13
-0.23221 0.11751 39.16283 0 0 -3.45104 38.16098 1.34414 -13
-1.00856 0.01250 55.59686 0 0 -0.28314 39.14633 0.78118 -13
1.04034 -0.13876 32.76977 0 0 4.24646 22.82154 2.37120 13
-0.44018 -0.13452 90.71684 0 0 4.14504 83.14897 1.15944 -13
0.88130 0.06037 76.34583 0 0 -1.74838 57.32242 2.29228 13
-1.09552 -0.02129 5.54601 0 0 0.59573 3.73964 0.73996 13
0.13722 0.10459 12.03511 0 0 -3.11420 11.92462 1.70644 13
0.36231 0.01635 56.34411 0 0 -0.42110 52.97531 1.91835 13
0.37778 0.08964 51.06458 0 0 -2.63316 47.79318 1.93068 13
1.55597 0.00958 13.87958 0 0 -0.14213 7.50391 2.57036 -13
-0.87309 0.08427 60.71177 0 0 -2.44968 45.80323 0.85480 -13
0.97272 -0.23181 15.76334 0 0 7.03041 11.44182 2.32929 13
0.12947 -0.07522 47.25279 0 0 2.33992 46.86385 1.69919 13
-0.64191 -0.00996 30.13429 0 0 0.36249 25.35932 1.00015 13
1.56471 -0.23360 7.86583 0 0 7.24726 4.31496 2.56080 -13
-1.09238 -0.24266 43.31856 0 0 7.38383 29.70206 0.75554 13
-0.59858 0.11449 56.88467 0 0 -3.38209 48.89218 1.03428 13
-0.62888 -0.14653 48.43301 0 0 4.48889 41.12197 1.01419 13
0.42654 -0.07769 41.30774 0 0 2.43804 38.01361 1.97289 -13
-1.79443 -0.00441 35.46947 0 0 0.24239 17.26638 0.50842 -13
1.49022 -0.20955 85.09068 0 0 6.39157 48.11695 2.54059 13
-0.43325 -0.07820 12.42162 0 0 2.48150 11.40332 1.16307 -13
-1.24547 -0.19412 68.74198 0 0 5.92463 43.52109 0.68556 13
-1.27609 -0.12291 86.33202 0 0 3.79809 53.49786 0.66833 -13
0.67836 0.09135 9.54184 0 0 -2.73633 7.90685 2.16492 13
0.12994 -0.14084 83.30559 0 0 4.32357 82.62447 1.69876 13
-0.11763 -0.02672 69.58762 0 0 0.88028 69.11151 1.45375 13
0.02396 -0.10828 19.13891 0 0 3.37316 19.13347 1.59461 -13
0.87875 -0.15175 54.59220 0 0 4.67040 41.21203 2.28611 -13
0.49652 -0.08112 13.91160 0 0 2.56841 12.46814 2.03035 -13
0.49005 0.07013 13.74933 0 0 -2.07430 12.35248 2.02548 13
1.64380 -0.21051 37.94514 0 0 6.40518 20.03425 2.58539 13
1.72808 -0.04115 40.97271 0 0 1.29824 20.53482 2.61663 13
-0.41318 0.10110 10.62837 0 0 -2.91819 9.83023 1.18077 -13
-0.53610 -0.16040 59.46052 0 0 4.91045 52.55253 1.08395 13
-0.51223 -0.13300 60.81001 0 0 4.08399 54.22090 1.10096 13
-1.91640 -0.23993 15.62179 0 0 7.39075 7.38614 0.49251 -13
0.27055 -0.15239 18.41389 0 0 4.65040 17.78870 1.83214 13
-0.42308 -0.23884 47.84574 0 0 7.27442 44.24603 1.18041 13
0.81891 0.08426 92.79254 0 0 -2.46723 71.89367 2.25523 13
1.08550 -0.07268 29.17456 0 0 2.29871 19.79515 2.39586 -13
-1.67799 -0.16242 99.71999 0 0 4.98993 51.54185 0.54318 -13
0.44571 -0.20168 33.20591 0 0 6.18145 30.42822 1.98272 -13
-1.36773 -0.14326 7.14691 0 0 4.28886 4.24619 0.63617 13
0.00425 0.01828 55.96380 0 0 -0.46163 55.96330 1.57505 -13
-0.95948 -0.06246 78.58406 0 0 1.95645 56.75762 0.80705 13
2.12520 -0.23493 71.39433 0 0 7.15168 31.06947 2.69135 13
0.05841 -0.04274 29.98085 0 0 1.38654 29.92992 1.62908 -13
-0.92263 -0.06265 58.95134 0 0 1.95973 43.36611 0.82659 13
-0.65897 -0.09850 81.19152 0 0 3.04517 67.89406 0.99036 13
-1.57031 -0.05285 22.15832 0 0 1.71854 11.91318 0.56768 -13
0.93751 -0.01877 93.29423 0 0 0.65466 68.06690 2.32387 -13
0.39983 -0.15622 16.06598 0 0 4.82658 14.94223 1.94702 -13
1.53710 0.06636 47.50309 0 0 -1.93907 25.94488 2.56381 13
-1.14005 0.12932 88.08727 0 0 -3.82872 58.35852 0.72416 13
-1.17124 -0.27045 88.08727 0 0 8.22951 58.35852 0.72417 13
1.32091 -0.03864 19.13270 0 0 1.20453 11.55377 2.49323 13
1.70840 -0.00385 37.26568 0 0 0.17183 18.82402 2.61202 13
-0.10876 -0.18076 26.02004 0 0 5.55271 25.87231 1.46417 -13
1.84420 -0.05827 83.77406 0 0 1.85080 39.98535 2.64402 -13
-1.82283 -0.15447 85.55921 0 0 4.75258 41.52575 0.50675 -13
2.11566 -0.20006 17.36589 0 0 6.05223 7.54057 2.69242 13
-0.02227 -0.11166 69.68627 0 0 3.45604 69.66922 1.54867 -13
-0.36652 0.03043 5.15339 0 0 -0.93670 4.83881 1.21963 13
-1.25049 -0.00669 2.11383 0 0 -0.07319 1.31995 0.67456 13
0.81282 -0.21823 61.76381 0 0 6.67446 48.36817 2.24194 -13
0.20850 0.05331 8.83375 0 0 -1.58184 8.64830 1.77607 13
0.07381 0.08599 28.02358 0 0 -2.49427 27.94809 1.64420 -13
1.72930 0.02315 82.98347 0 0 -0.62802 41.54738 2.61719 13
1.38440 -0.00989 89.24648 0 0 0.38895 52.25940 2.51601 -13
0.25005 -0.18954 51.52688 0 0 5.78863 50.03905 1.81170 13
-0.67222 -0.22833 62.01615 0 0 6.95884 51.87001 0.99066 13
-1.38446 -0.08773 57.87571 0 0 2.71305 33.97308 0.62736 13
-0.19544 0.05595 77.84902 0 0 -1.61297 76.40805 1.37809 13
-0.68161 0.05118 47.51165 0 0 -1.47531 39.27532 0.97313 13
0.86452 0.14101 46.25486 0 0 -4.18742 35.13807 2.27879 13
0.88412 -0.25815 46.25486 0 0 7.85244 35.13807 2.27880 13
0.22123 -0.18580 41.65046 0 0 5.67361 40.69881 1.78497 13
-1.46499 -0.01942 64.60631 0 0 0.65270 36.42739 0.59904 13
-0.41347 0.09788 95.05558 0 0 -2.87690 87.90385 1.18041 13
-0.37340 -0.08617 54.50799 0 0 2.67112 51.08755 1.21464 13
0.97973 0.10173 88.91472 0 0 -2.99537 63.67320 2.34338 13
-0.83448 -0.03299 29.59849 0 0 1.05519 22.73069 0.87565 13
0.30906 0.02019 9.64058 0 0 -0.47441 9.21092 1.87048 -13
0.06258 -0.00994 89.37534 0 0 0.38642 89.20087 1.63329 -13
-0.69085 -0.19315 10.42416 0 0 5.96741 8.62700 0.97478 -13
0.22958 -0.12572 22.85827 0 0 3.89486 22.28746 1.79476 -13
0.41617 -0.00707 42.29359 0 0 0.30672 39.04729 1.96516 -13
0.59451 0.02343 57.73712 0 0 -0.63516 49.63232 2.10705 13
-1.26752 -0.06595 61.78828 0 0 2.08270 38.32032 0.66902 -13
1.19166 0.14377 89.97990 0 0 -4.24742 58.18769 2.43838 -13
1.21733 -0.25521 89.97990 0 0 7.78875 58.18769 2.43838 -13
-2.32897 -2.14305 89.97990 0 0 -4.08807 58.18769 2.34854 -13
-0.05623 -0.13008 22.81650 0 0 4.02403 22.78114 1.51510 -13
-0.53679 -0.10663 57.65493 0 0 3.28819 50.86308 1.08051 13
0.14207 -0.16769 75.78648 0 0 5.14635 75.05328 1.71001 -13
-0.11036 -0.20554 54.70566 0 0 6.29113 54.38878 1.46311 -13
0.51049 -0.13246 27.53248 0 0 4.05741 24.56600 2.03929 13
0.59517 -0.13922 25.99468 0 0 4.26025 22.39360 2.10344 13
-0.88488 -0.04653 71.36622 0 0 1.49376 53.47173 0.84694 -13
-2.15125 -0.18181 58.54705 0 0 5.54556 25.01044 0.44138 13
-0.23793 -0.07919 97.72869 0 0 2.47527 95.09071 1.33792 -13
-0.29567 -0.11258 90.73705 0 0 3.47198 87.05717 1.28502 13
0.84202 -0.00311 52.43145 0 0 0.18721 40.10712 2.27064 -13
-0.65665 -0.14672 2.93039 0 0 4.29321 2.45735 0.99463 13
0.32304 -0.22174 16.16108 0 0 6.80390 15.41297 1.87630 -13
-1.68073 -0.17202 91.30006 0 0 5.26010 47.18737 0.54315 13
-0.47832 -0.20131 53.66759 0 0 6.16337 48.59077 1.13233 -13
-1.52548 0.10998 16.22241 0 0 -3.17993 8.93157 0.58301 -13
0.31266 -0.23788 58.75028 0 0 7.26611 56.20762 1.86607 -13
0.30210 -0.08663 90.69275 0 0 2.68886 86.84482 1.86315 13
0.10668 -0.05574 36.21745 0 0 1.77595 36.01379 1.67691 -13
0.39633 -0.11911 35.66925 0 0 3.65961 33.19156 1.94573 13
-1.00534 -0.06955 76.47510 0 0 2.18844 53.99698 0.78394 -13
0.54573 0.02947 94.49714 0 0 -0.81326 82.95729 2.07017 13
-0.36046 0.05502 83.28242 0 0 -1.57214 78.36163 1.22532 -13
0.54639 -0.05918 84.03867 0 0 1.85976 73.77773 2.07013 13
-1.91431 -0.18737 42.18110 0 0 5.70615 19.79628 0.48851 13
-0.99952 -0.21892 73.85711 0 0 6.67572 52.84444 0.79734 13
-0.48886 -0.01703 8.62726 0 0 0.65798 7.75073 1.11616 -13
1.37150 0.13640 89.38839 0 0 -4.04246 52.98031 2.50719 13
1.40509 -0.26297 89.38839 0 0 8.00396 52.98031 2.50718 13
0.15484 0.04567 99.96252 0 0 -1.30117 98.78777 1.72426 13
-0.76354 0.12969 98.42680 0 0 -3.82474 78.46952 0.92271 -13
-0.78431 -0.27001 98.42680 0 0 8.23247 78.46952 0.92271 -13
-0.44313 -0.18589 6.66353 0 0 5.60371 6.10900 1.15993 13
-0.27912 -0.02557 62.88292 0 0 0.86060 60.56920 1.29868 -13
1.55170 -0.11819 35.66778 0 0 3.62207 19.41594 2.56596 13
1.43926 0.02483 49.85766 0 0 -0.68442 28.45431 2.53422 13
0.90402 -0.07785 86.64818 0 0 2.42264 64.36328 2.30432 13
-1.22458 -0.00419 3.53421 0 0 -0.00602 2.23538 0.68479 13
1.64738 -0.06210 38.73520 0 0 1.93170 20.12787 2.59517 13
-0.03098 -0.03324 2.95203 0 0 0.91821 2.95061 1.53984 13
-0.21421 0.14540 3.15261 0 0 -4.14453 3.08404 1.36191 -13
-0.21875 -0.25331 3.15261 0 0 7.89169 3.08404 1.36184 -13
0.47570 -0.21766 9.94416 0 0 6.58897 9.01780 2.00590 13
0.88085 -0.16356 52.99246 0 0 5.02682 39.99426 2.28639 -13
0.85031 -0.24100 7.60495 0 0 7.25745 5.86139 2.26157 13
0.10836 -0.09170 21.52216 0 0 2.87079 21.39790 1.67828 -13
0.27386 -0.15680 5.22507 0 0 4.91286 5.04375 1.83502 -13
2.12019 -0.03976 14.85716 0 0 1.35831 6.34215 2.70057 -13
-0.04402 -0.14408 44.54189 0 0 4.43818 44.49965 1.52725 -13
-0.66532 -0.22889 9.72716 0 0 7.04989 8.16123 0.99544 -13
-0.72398 -0.05529 84.24368 0 0 1.74211 68.27361 0.94488 13
-1.31380 0.11249 52.86502 0 0 -3.29651 32.14489 0.65363 -13
-1.41243 -0.10667 44.00795 0 0 3.28017 25.52572 0.61874 13
-1.26003 0.00875 61.01231 0 0 -0.19549 37.92894 0.67086 13
0.70285 0.13726 65.85210 0 0 -4.06846 54.04131 2.17905 13
0.71984 -0.26209 65.85210 0 0 7.97740 54.04131 2.17905 13
-0.54813 -0.14798 41.78045 0 0 4.53127 36.72889 1.07394 13
0.39735 -0.05611 99.82312 0 0 1.76885 92.78764 1.94848 13
0.60463 -0.08066 61.94219 0 0 2.50510 53.05222 2.11318 13
-0.47058 0.04388 49.26540 0 0 -1.23124 44.58396 1.13133 -13
1.96422 0.03166 4.49902 0 0 -1.11067 2.04241 2.67048 13
-0.17977 -0.24971 78.09585 0 0 7.60731 76.93448 1.39812 13
-1.41477 -0.06458 10.45733 0 0 2.11081 6.04413 0.61628 -13
1.87527 0.06192 66.32260 0 0 -1.80218 31.25311 2.65090 13
0.33940 -0.03130 75.27865 0 0 1.03199 71.28841 1.89785 -13
-0.75646 0.05416 47.21831 0 0 -1.56538 37.67749 0.92388 13
0.55719 -0.16568 38.83100 0 0 5.09237 34.02906 2.07341 -13
-1.09212 -0.17261 66.40441 0 0 5.27710 45.20101 0.74871 13
1.26982 0.05746 70.48855 0 0 -1.64058 43.65532 2.47371 -13
1.12764 0.14689 39.36801 0 0 -4.36854 26.27629 2.41081 13
1.15060 -0.25205 39.36801 0 0 7.66347 26.27629 2.41083 13
-0.80151 0.00772 45.73769 0 0 -0.16514 35.68918 0.89515 13
-0.25738 -0.10197 46.20381 0 0 3.16802 44.75993 1.32013 -13
-0.18915 0.10342 12.58253 0 0 -2.99876 12.36553 1.38482 -13
1.39255 -0.09911 16.02064 0 0 3.11613 9.37311 2.51650 -13
0.65039 -0.08224 14.43796 0 0 2.60362 12.11543 2.14591 -13
-1.47663 -0.04158 81.60316 0 0 1.32513 45.78449 0.59567 13
-1.62021 0.08009 57.55791 0 0 -2.31785 30.30054 0.55440 -13
-0.25939 -0.17953 53.16708 0 0 5.50605 51.51476 1.32082 -13
-0.82149 -0.24878 64.67912 0 0 7.59611 50.57545 0.89777 -13
0.35580 -0.12486 38.73133 0 0 3.86090 36.52194 1.91019 -13
-1.11329 0.14564 41.39825 0 0 -4.33063 27.82448 0.73706 13
-1.13641 -0.25330 41.39825 0 0 7.70329 27.82448 0.73708 13
-0.91403 -0.04243 27.98793 0 0 1.33790 20.66708 0.83073 13
-0.29922 -0.20676 80.33827 0 0 6.32410 77.09639 1.28575 -13
0.22691 -0.17042 76.15458 0 0 5.22879 74.31805 1.79086 -13
-1.39567 -0.03899 79.64138 0 0 1.26803 46.40882 0.62208 -13
1.92313 -0.15270 71.68491 0 0 4.70194 33.37201 2.65735 -13
-0.76263 -0.14655 45.69787 0 0 4.51566 36.47803 0.92438 -13
-1.02068 -0.15521 97.49811 0 0 4.75579 68.64588 0.78112 13
-0.99010 -0.04733 12.49774 0 0 1.45277 8.88619 0.79093 13
-1.00365 -0.24241 11.92443 0 0 7.33668 8.53627 0.79785 13
1.64494 -0.03125 23.91848 0 0 1.06366 12.42907 2.59515 -13
0.56750 0.08655 22.92869 0 0 -2.50380 19.95935 2.08537 -13
0.40417 -0.24643 17.42888 0 0 7.48260 16.22417 1.94476 13
0.28981 0.05902 13.39678 0 0 -1.66172 12.86901 1.85241 -13
0.14050 -0.01300 42.28441 0 0 0.48474 41.87317 1.71037 -13
-0.58458 -0.14938 25.77689 0 0 4.60887 22.31553 1.04659 -13
1.01851 -0.11215 66.47616 0 0 3.47632 46.72059 2.36224 -13
0.78336 0.03858 28.59163 0 0 -1.10404 22.51398 2.23495 13
1.99240 -0.16284 9.82621 0 0 4.87554 4.45380 2.67115 13
0.49555 -0.09505 59.38325 0 0 2.95724 53.25565 2.02909 -13
-0.35052 -0.23057 78.99651 0 0 7.02930 74.75605 1.24166 13
1.34529 -0.06869 13.24313 0 0 2.09344 7.91273 2.50124 13
-1.38814 -0.23493 61.21313 0 0 7.18260 36.41218 0.63707 -13
-0.55893 0.06492 93.56366 0 0 -1.88284 81.71292 1.06202 13
-0.38328 -0.02093 33.33250 0 0 0.69720 31.12549 1.20486 13
1.86802 -0.06210 62.18619 0 0 1.97088 29.39327 2.64928 -13
0.03138 -0.07237 67.13612 0 0 2.27155 67.10326 1.60209 -13
-0.76778 0.00820 99.59501 0 0 -0.15982 78.99800 0.91603 -13
0.21207 0.00898 85.03987 0 0 -0.19507 83.18993 1.77976 13
0.05049 -0.04694 65.87270 0 0 1.50479 65.78910 1.62118 -13
0.16401 -0.06397 79.67611 0 0 2.01687 78.62978 1.73304 -13
0.81218 0.02795 1.66425 0 0 -1.14855 1.29174 2.25273 13
0.33358 -0.12030 32.67481 0 0 3.69471 31.01801 1.89062 13
-0.23374 0.03444 97.09695 0 0 -0.95231 94.55132 1.34131 -13
-0.98925 -0.20039 7.09862 0 0 6.22453 5.09526 0.80064 -13
-0.29815 -0.22725 19.44040 0 0 6.96428 18.66745 1.28786 -13
-0.97223 0.13345 25.47165 0 0 -3.96976 18.34105 0.80389 13
-0.99722 -0.26609 25.47165 0 0 8.08089 18.34105 0.80389 13
-0.48750 -0.03214 33.36040 0 0 1.06648 29.98971 1.11740 -13
-0.31236 -0.10884 94.18791 0 0 3.35917 89.95118 1.26971 13
0.31212 0.01357 12.45259 0 0 -0.28738 11.88717 1.87331 -13
0.96242 0.04418 41.84190 0 0 -1.26838 30.16278 2.33656 13
-0.31374 -0.11727 65.56468 0 0 3.61094 62.59616 1.26872 13
-0.03825 -0.03422 50.66051 0 0 1.12329 50.62355 1.53259 -13
-0.14487 -0.05728 78.04403 0 0 1.81552 77.24033 1.42716 -13
-1.72641 -0.02715 49.44825 0 0 0.91985 24.79189 0.52517 -13
0.01948 -0.17582 42.74702 0 0 5.39620 42.73917 1.58998 -13
-0.16003 0.03931 34.05613 0 0 -1.11927 33.62882 1.41223 13
-0.85741 -0.04151 58.74309 0 0 1.34388 44.61139 0.86244 -13
0.63454 0.01168 49.81629 0 0 -0.28233 42.06370 2.13619 13
-0.35360 -0.24537 61.53054 0 0 7.49174 58.19456 1.24000 -13
-2.12854 -0.21691 60.59968 0 0 6.64340 26.25617 0.44811 -13
0.65343 -0.10823 21.24466 0 0 3.37332 17.81526 2.14691 -13
-1.98169 -0.16721 41.81298 0 0 5.09945 19.04490 0.47291 13
-0.64999 -0.17871 70.58643 0 0 5.47996 59.45725 1.00159 -13
-0.05161 -0.19691 30.82275 0 0 6.03754 30.78330 1.52021 -13
-0.05359 -0.02749 90.44696 0 0 0.90510 90.31747 1.51728 13
-0.91977 0.06907 49.39969 0 0 -2.01567 36.39846 0.82835 13
1.20329 -0.09189 25.59679 0 0 2.88146 16.40014 2.44613 -13
0.63787 0.08919 60.08303 0 0 -2.61830 50.71280 2.13680 13
1.60229 -0.11585 1.71108 0 0 4.11253 0.90999 2.58064 -13
0.14806 -0.12956 23.31660 0 0 3.96790 23.06926 1.71658 13
0.38158 -0.04278 15.50215 0 0 1.40471 14.48516 1.93502 -13
0.44709 0.11142 73.65630 0 0 -3.28677 67.31078 1.98893 13
-0.01956 -0.10967 86.41287 0 0 3.39502 86.39655 1.55136 -13
1.32226 0.01226 5.75703 0 0 -0.14631 3.47241 2.49405 -13
0.35757 0.04373 13.61886 0 0 -1.20056 12.82530 1.91390 -13
0.22083 0.07557 50.34017 0 0 -2.18854 49.16203 1.78754 -13
0.95783 -0.11175 48.48099 0 0 3.46618 35.11520 2.33156 -13
0.14930 -0.08116 54.17979 0 0 2.52003 53.58966 1.71852 13
-0.28948 -0.16352 73.96639 0 0 5.02033 71.12092 1.29252 -13
0.24562 -0.22299 86.78223 0 0 6.80209 84.39092 1.80609 13
0.47687 -0.09217 90.59538 0 0 2.85552 81.83735 2.01413 13
-1.63931 -0.22330 59.27640 0 0 6.83364 31.41773 0.55862 -13
0.71576 -0.01741 15.08221 0 0 0.56432 12.26579 2.19195 13
-0.33223 -0.10848 48.22224 0 0 3.36383 45.78930 1.25178 -13
0.37481 0.13248 56.45660 0 0 -3.92445 52.92145 1.92655 13
0.38461 -0.26709 56.45660 0 0 8.12860 52.92145 1.92657 13
-1.46751 -0.13242 32.30422 0 0 4.04828 18.29940 0.60220 13
1.22798 0.05672 30.81772 0 0 -1.60522 19.47837 2.45738 -13
0.32716 -0.13566 53.71198 0 0 4.16361 51.09393 1.88429 13
-0.36863 -0.15812 63.68817 0 0 4.85865 59.84465 1.22161 -13
-0.12940 0.07658 55.39689 0 0 -2.23757 54.94154 1.44248 13
-1.26416 -0.09095 7.84610 0 0 2.91748 4.87843 0.67126 -13
-1.08763 0.01597 51.25191 0 0 -0.41330 34.69136 0.74351 13
1.24404 -0.10839 25.10932 0 0 3.38310 15.78768 2.46166 -13
-1.22466 -0.11758 31.86532 0 0 3.60449 20.23653 0.68812 13
-0.34282 -0.18405 23.77567 0 0 5.65543 22.52965 1.24561 -13
-1.00309 -0.07136 89.61903 0 0 2.24151 63.35319 0.78513 -13
0.11586 0.09626 12.96019 0 0 -2.86099 12.87483 1.68561 13
-0.15187 -0.24057 8.56947 0 0 7.40120 8.47760 1.42420 -13
1.19817 0.06945 97.46035 0 0 -2.02115 62.53760 2.44492 13
-0.05775 0.14457 18.29264 0 0 -4.30438 18.26281 1.51370 13
-0.05897 -0.25439 18.29264 0 0 7.73119 18.26281 1.51371 13
0.03536 -0.06487 46.12357 0 0 2.02731 46.09488 1.60607 13
-0.39855 -0.12802 96.58790 0 0 3.93731 89.82379 1.19433 13
-1.69242 -0.07193 60.78790 0 0 2.23473 30.98146 0.53481 13
-1.03028 -0.20293 53.09214 0 0 6.18840 37.36007 0.78057 13
0.61818 -0.18051 17.03957 0 0 5.56160 14.55763 2.11733 -13
-0.53817 0.14811 66.37311 0 0 -4.39480 58.58800 1.08160 13
-0.54882 -0.25074 66.37311 0 0 7.63635 58.58800 1.08161 13
-0.13774 0.12760 43.21185 0 0 -3.75668 42.81410 1.43501 -13
-0.14161 -0.27219 43.21185 0 0 8.30427 42.81410 1.43500 -13
-1.10810 0.04093 10.38185 0 0 -1.22502 6.95906 0.73458 13
1.15981 -0.06582 17.64760 0 0 2.10815 11.53820 2.42898 -13
0.20292 0.12806 50.83000 0 0 -3.79109 49.83054 1.76942 13
0.20858 -0.27175 50.83000 0 0 8.26895 49.83054 1.76943 13
-1.24784 0.02636 64.41872 0 0 -0.70183 40.29306 0.67575 -13
1.84583 -0.04817 62.22500 0 0 1.55079 29.66809 2.64461 -13
-1.67429 -0.24538 2.67172 0 0 7.11334 1.39956 0.55137 13
0.62761 0.04458 7.51661 0 0 -1.34147 6.36855 2.13082 13
-1.27143 0.02623 20.36257 0 0 -0.74932 12.59107 0.66663 13
1.06715 0.05605 52.67918 0 0 -1.62492 36.05050 2.38789 13
-0.65762 -0.02687 87.41159 0 0 0.89769 73.04380 0.98925 -13
-0.18527 0.03475 37.47440 0 0 -0.98035 36.84807 1.38771 13
-0.69075 0.00180 95.42162 0 0 0.02090 78.51204 0.96631 13
1.54650 -0.24285 34.64581 0 0 7.38044 19.19257 2.55446 13
0.46548 0.02741 68.20270 0 0 -0.73816 61.83719 2.00630 -13
0.67143 -0.06351 51.19089 0 0 1.98558 42.52613 2.16116 13
-0.47811 -0.03851 21.70184 0 0 1.26798 19.58157 1.12510 -13
2.00171 -0.17582 2.90377 0 0 5.80465 1.31367 2.67217 -13
-1.43592 -0.21410 86.10584 0 0 6.52950 49.95090 0.61887 13
-0.65417 -0.01210 69.92702 0 0 0.45476 58.51932 0.99153 -13
-0.03806 0.03633 9.12579 0 0 -0.96186 9.11919 1.53278 -13
0.19999 -0.12115 49.63213 0 0 3.72576 48.68213 1.76678 13
-0.12385 -0.07921 48.36867 0 0 2.48027 48.00417 1.44795 -13
-0.51096 0.05595 53.67163 0 0 -1.59604 47.80965 1.09906 -13
2.01302 -0.01101 36.90466 0 0 0.38371 16.41921 2.68051 13
0.41307 -0.21744 12.20117 0 0 6.59391 11.31414 1.95444 13
0.27808 0.06709 6.72940 0 0 -2.01772 6.48444 1.84145 13
0.91962 -0.02740 6.27454 0 0 0.80137 4.61920 2.31416 13
-0.71215 -0.06956 95.10295 0 0 2.17310 77.52951 0.95310 13
-0.47917 -0.05906 3.39199 0 0 1.70769 3.05977 1.12463 13
0.80367 -0.20863 68.28619 0 0 6.38365 53.66817 2.23739 -13
0.08570 -0.12516 58.50229 0 0 3.84838 58.29196 1.65563 13
-0.65069 0.03612 35.11388 0 0 -1.02501 29.43745 0.99424 13
-0.13263 -0.22134 22.26019 0 0 6.73565 22.07584 1.44202 13
1.32510 -0.17942 11.28874 0 0 5.41848 6.86893 2.48748 13
-2.09367 -0.11809 19.07215 0 0 3.58086 8.26638 0.44829 13
0.72098 0.10179 83.83292 0 0 -2.99662 68.12098 2.19302 13
-0.93029 -0.16247 98.46974 0 0 4.98876 72.53019 0.82799 -13
-0.63067 -0.02288 5.25849 0 0 0.87863 4.44821 1.00825 -13
-0.74296 -0.20394 13.81285 0 0 6.27934 11.16759 0.94154 -13
-0.38809 0.06497 43.38760 0 0 -1.89008 40.45945 1.20131 13
-1.73421 -0.12491 38.49792 0 0 3.87477 19.34257 0.52641 -13
-0.27623 -0.07790 46.65164 0 0 2.42049 44.97719 1.30207 13
-0.84587 0.03943 26.24262 0 0 -1.08363 20.04261 0.86909 -13
0.35819 -0.09666 19.12351 0 0 3.02433 18.01295 1.91328 -13
1.27540 -0.17909 31.74107 0 0 5.50851 19.77634 2.46896 -13
0.97827 0.14206 89.93005 0 0 -4.19606 64.59791 2.34022 -13
1.00003 -0.25702 89.93005 0 0 7.84250 64.59791 2.34022 -13
0.26620 0.12873 19.87814 0 0 -3.82793 19.21944 1.82893 13
0.27360 -0.27112 19.87814 0 0 8.23026 19.21944 1.82897 13
-0.84784 -0.12650 92.00165 0 0 3.90363 70.40629 0.87147 -13
-0.58924 0.02351 47.74251 0 0 -0.61615 41.13567 1.03845 -13
1.80855 -0.23411 11.62999 0 0 7.04932 5.74323 2.62513 13
-1.47412 -0.13382 13.60756 0 0 4.18447 7.68510 0.60019 -13
-0.02388 0.08876 56.02253 0 0 -2.60448 56.00670 1.54701 13
0.45330 -0.01713 5.41508 0 0 0.49996 4.93204 1.99633 13
0.17298 -0.09796 74.26148 0 0 3.02941 73.18479 1.74128 13
1.04743 0.07107 80.57354 0 0 -2.05464 55.71279 2.37810 -13
0.10810 -0.03580 67.83566 0 0 1.15402 67.44325 1.67841 13
-0.01751 -0.15494 27.36824 0 0 4.73706 27.36413 1.55349 13
1.67746 0.09503 95.91722 0 0 -2.77551 49.27789 2.60204 -13
-0.48080 0.03501 58.72934 0 0 -0.96639 52.93553 1.12287 -13
0.48733 -0.20486 46.86236 0 0 6.24833 42.29020 2.01621 13
-1.22282 0.05847 3.30145 0 0 -1.45689 2.09290 0.68633 -13
0.02859 0.09413 86.44755 0 0 -2.75255 86.41255 1.59925 -13
-1.62402 0.09489 47.84185 0 0 -2.80075 25.16624 0.55393 13
-0.26859 -0.03462 56.52844 0 0 1.11670 54.59574 1.30855 13
0.31549 0.10190 99.82428 0 0 -2.99758 95.24314 1.87492 13
1.59702 0.01390 47.13408 0 0 -0.35784 25.01634 2.58211 13
0.67243 -0.18514 40.91760 0 0 5.65091 34.13184 2.15500 13
1.28408 0.05834 40.09873 0 0 -1.69796 24.66386 2.47911 13
1.98811 -0.16591 15.20008 0 0 5.01509 6.90397 2.67008 13
0.10996 0.02386 83.10141 0 0 -0.64444 82.60373 1.68028 13
1.94868 -0.01422 94.68204 0 0 0.49912 43.23136 2.66743 13
-0.50349 -0.20806 45.78720 0 0 6.34461 41.06847 1.11281 13
-1.01279 0.08597 73.81431 0 0 -2.52151 51.95869 0.78088 13
0.42238 -0.02920 49.04842 0 0 0.97287 45.18609 1.97029 -13
-0.21871 -0.24060 66.54543 0 0 7.33088 65.09019 1.36128 13
1.83311 0.01360 32.50089 0 0 -0.36131 15.56521 2.64216 13
0.36728 -0.25019 25.22453 0 0 7.60611 23.76100 1.91307 13
-0.01013 -0.08770 43.44552 0 0 2.71541 43.44330 1.56070 13
1.29822 0.10385 56.70662 0 0 -3.06552 34.72133 2.48264 13
0.02047 0.01788 8.68326 0 0 -0.51418 8.68145 1.59126 13
0.48364 0.08815 11.93651 0 0 -2.53213 10.75403 2.01976 -13
-0.65467 0.02585 31.36257 0 0 -0.68032 26.24226 0.99130 -13
-1.82568 -0.22520 59.77706 0 0 6.85672 29.26465 0.51160 13
-0.30890 -0.09976 89.12089 0 0 3.08479 85.18734 1.27258 13
-0.17224 -0.03969 5.18668 0 0 1.18536 5.11157 1.40036 13
0.84363 0.10507 85.75508 0 0 -3.08063 65.69548 2.26887 -13
-0.05068 0.08807 1.97408 0 0 -2.32957 1.97157 1.52035 -13
-0.61403 0.00925 5.43979 0 0 -0.09269 4.63571 1.02015 -13
0.54831 0.05883 76.26738 0 0 -1.68637 66.90103 2.07161 -13
1.85900 -0.16240 43.24842 0 0 4.95627 20.69709 2.64262 13
-0.77644 -0.13065 47.58646 0 0 4.03562 37.70576 0.91468 -13
0.47271 -0.17879 13.16984 0 0 5.51703 11.94035 2.00633 -13
1.33461 0.06528 32.84654 0 0 -1.91267 19.72187 2.49753 13
0.22290 -0.12621 24.38572 0 0 3.86684 23.81044 1.78844 13
-0.02429 0.06018 82.71479 0 0 -1.73992 82.69047 1.54655 13
-0.41176 -0.17751 57.35932 0 0 5.42657 53.15681 1.18563 13
0.54931 -0.00737 62.46680 0 0 0.31244 54.75072 2.07310 -13
-0.59436 -0.03195 91.21137 0 0 1.03899 78.41797 1.03476 13
1.89556 -0.11211 39.63554 0 0 3.43630 18.58459 2.65357 13
0.38703 0.04942 17.88229 0 0 -1.38000 16.67936 1.93966 -13
1.80731 0.10102 29.78735 0 0 -2.99993 14.47723 2.63406 13
-2.10496 0.06324 54.99381 0 0 -1.80641 23.63592 0.44428 -13
0.52260 -0.07721 22.85350 0 0 2.38573 20.26775 2.05114 13
-1.70067 -0.21173 63.66728 0 0 6.48242 32.79894 0.54118 -13
-0.98693 0.06124 40.93223 0 0 -1.74942 29.16000 0.79291 -13
1.94878 0.02963 74.77214 0 0 -0.79743 34.14859 2.66731 -13
0.10269 -0.05016 97.44121 0 0 1.58944 96.93265 1.67300 13
-0.52266 -0.04139 57.58454 0 0 1.33935 51.04379 1.08954 -13
0.47491 -0.17962 37.93253 0 0 5.51394 34.36410 2.00805 -13
-1.37116 0.07156 80.03110 0 0 -2.08800 47.23712 0.63134 13
1.83399 -0.00242 11.36963 0 0 0.06570 5.44242 2.64239 13
-0.99424 -0.13104 23.05281 0 0 4.06250 16.41650 0.79254 -13
1.32188 0.13620 31.03516 0 0 -4.00056 18.83320 2.48952 -13
1.35437 -0.26312 31.03516 0 0 8.04620 18.83320 2.48952 -13
-0.53217 0.12279 79.51412 0 0 -3.61653 70.30877 1.08484 -13
-0.54814 -0.27731 79.51412 0 0 8.45282 70.30877 1.08484 -13
0.28383 0.10861 78.86794 0 0 -3.20128 75.90396 1.84581 13
0.09419 -0.16352 5.80539 0 0 5.10115 5.78045 1.66348 -13
1.89911 0.05908 85.10677 0 0 -1.68885 39.70663 2.65620 -13
0.53597 0.00969 22.60598 0 0 -0.23501 19.92467 2.06279 13
-0.93749 -0.06398 66.53357 0 0 2.02112 48.58549 0.81867 -13
0.08101 0.02779 58.33866 0 0 -0.76529 58.14834 1.65160 13
0.17708 -0.04347 9.42259 0 0 1.44597 9.27849 1.74590 -13
1.16750 0.04696 84.99350 0 0 -1.34388 55.32525 2.43278 13
-1.64038 -0.18869 76.06239 0 0 5.78631 40.09698 0.55527 -13
0.69920 0.01330 61.73947 0 0 -0.32955 50.59923 2.18095 13
-1.58807 0.01828 64.91281 0 0 -0.45600 34.59293 0.56204 -13
-0.49293 0.09957 93.89010 0 0 -2.91706 84.29545 1.11478 -13
-0.45020 -0.16011 95.47348 0 0 4.90509 87.24181 1.15249 13
-1.98964 -0.22943 19.56866 0 0 6.94585 8.96880 0.47610 13
1.90809 -0.10140 20.83211 0 0 3.09241 9.70793 2.65676 13
0.30361 -0.03800 25.08122 0 0 1.20748 24.00083 1.86536 13
-0.16615 -0.04259 93.42477 0 0 1.37132 92.16366 1.40630 -13
0.98644 -0.11761 66.21423 0 0 3.63896 47.29842 2.34593 -13
1.25210 -0.05478 66.54563 0 0 1.72139 41.56598 2.46694 13
0.43333 -0.03691 24.40711 0 0 1.21701 22.39742 1.97946 -13
-0.75217 0.02065 50.09313 0 0 -0.55407 40.03616 0.92601 13
0.24139 -0.07158 46.72024 0 0 2.25137 45.42217 1.80708 -13
0.45040 0.03929 91.32707 0 0 -1.09798 83.28172 1.99369 -13
-1.49813 -0.22132 95.77975 0 0 6.74776 54.05478 0.59967 13
0.93235 -0.08712 21.90037 0 0 2.67824 16.04594 2.31931 13
-2.03307 -0.21635 65.80553 0 0 6.62474 29.58149 0.46624 -13
-0.15900 0.12759 51.58117 0 0 -3.75770 50.95134 1.41437 -13
-0.16346 -0.27223 51.58117 0 0 8.30252 50.95134 1.41436 -13
-0.66061 0.00052 31.74347 0 0 0.08414 26.48578 0.98700 -13
-0.15560 -0.20714 42.41664 0 0 6.34089 41.93261 1.41959 -13
0.54428 0.05066 31.81438 0 0 -1.46404 27.95160 2.06870 13
-0.46646 -0.22295 23.85305 0 0 6.83143 21.70883 1.14356 -13
0.60376 -0.13020 87.99492 0 0 4.00255 75.49790 2.11027 13
-1.27847 0.07722 17.02915 0 0 -2.29305 10.51064 0.66523 13
-0.64934 -0.07225 70.93960 0 0 2.25274 59.54245 0.99607 13
0.18574 -0.12621 91.66366 0 0 3.89368 90.14570 1.75303 -13
-2.00087 0.13314 92.39111 0 0 -3.92314 41.59493 0.46700 -13
-2.05254 -0.26637 92.39111 0 0 8.12800 41.59493 0.46699 -13
0.16023 -0.19771 49.16428 0 0 6.05551 48.56776 1.72671 -13
0.79828 -0.02515 22.62480 0 0 0.81228 17.68418 2.24433 13
-0.21172 -0.09302 82.77165 0 0 2.88153 80.99148 1.36303 13
0.95323 -0.01638 74.11091 0 0 0.56637 53.64743 2.33219 13
1.73724 -0.01940 79.24221 0 0 0.65415 39.53767 2.61921 13
0.61642 0.11457 34.60482 0 0 -3.39121 29.51050 2.12030 13
-0.72091 0.13346 79.02978 0 0 -3.93675 64.30073 0.95036 -13
-0.73941 -0.26603 79.02978 0 0 8.11431 64.30073 0.95036 -13
0.86569 -0.07442 17.92799 0 0 2.36356 13.57004 2.28296 -13
-1.16958 0.02282 94.03618 0 0 -0.59919 61.11889 0.70752 -13
-0.63685 0.05526 8.14928 0 0 -1.51367 6.87665 1.00441 -13
-0.82335 0.13569 82.73873 0 0 -4.00370 64.10966 0.88645 -13
-0.84375 -0.26368 82.73873 0 0 8.04401 64.10966 0.88645 -13
0.11535 0.00344 65.04188 0 0 -0.02996 64.61347 1.68564 13
-0.84753 0.00466 71.48078 0 0 -0.06827 54.53074 0.86774 13
-0.42933 -0.14956 52.66495 0 0 4.60300 48.47592 1.16926 -13
-1.16522 -0.11360 60.79912 0 0 3.52037 39.74159 0.71241 -13
0.05987 0.12804 12.18895 0 0 -3.82027 12.16748 1.63011 13
0.06155 -0.27179 12.18895 0 0 8.23892 12.16748 1.63012 13
1.68735 0.05268 43.46267 0 0 -1.53031 22.18165 2.60599 13
-1.23597 -0.06312 18.12847 0 0 1.94284 11.41642 0.68123 13
-1.15980 -0.02416 94.08680 0 0 0.80236 61.44977 0.71169 13
-0.63174 0.12333 23.81858 0 0 -3.61508 20.18044 1.01077 -13
-0.65052 -0.27664 23.81858 0 0 8.45376 20.18044 1.01078 -13
-1.01825 -0.07923 74.52714 0 0 2.46151 52.30297 0.77792 13
-1.30599 -0.03427 93.80174 0 0 1.12352 57.04745 0.65376 -13
0.49638 0.03183 83.60331 0 0 -0.88547 74.89275 2.03134 13
-0.45395 0.03511 5.52635 0 0 -0.88286 5.03268 1.14490 -13
-1.03321 0.13783 63.33201 0 0 -4.08792 44.25828 0.77377 13
-1.05795 -0.26149 63.33201 0 0 7.95646 44.25828 0.77377 13
-1.36017 -0.17572 82.67937 0 0 5.39230 49.45809 0.64123 -13
-2.05024 -0.25922 3.16832 0 0 7.51247 1.42460 0.46674 13
1.76955 0.13957 29.19910 0 0 -4.16322 14.47053 2.62308 13
