-0.18556 0.11660 16.21427 0 0 -3.46676 15.94572 1.38853 13
0.72888 0.07842 91.61684 0 0 -2.29097 74.11548 2.19919 13
0.65855 -0.16874 25.41584 0 0 5.14766 21.31571 2.14673 13
-0.80332 -0.23923 3.24856 0 0 7.50730 2.56000 0.90758 -13
-0.07331 -0.09598 82.99135 0 0 2.98227 82.77127 1.49795 -13
0.40275 -0.17392 63.65652 0 0 5.33569 59.16850 1.94853 -13
-0.22767 0.07185 17.93890 0 0 -2.11408 17.49339 1.34750 13
0.38452 -0.09713 30.27482 0 0 3.02891 28.27469 1.93632 -13
-0.53749 -0.04350 49.07860 0 0 1.38210 43.23896 1.07800 13
0.04293 -0.14764 36.91071 0 0 4.52106 36.87745 1.61324 13
0.40859 -0.07899 26.03552 0 0 2.44453 24.11194 1.95759 13
1.13276 -0.07271 81.39923 0 0 2.28337 53.95067 2.41705 -13
0.57046 -0.19376 10.87524 0 0 5.98165 9.48857 2.08132 -13
0.37589 0.11236 10.16646 0 0 -3.26153 9.52359 1.92828 -13
-0.41825 0.10076 53.33164 0 0 -2.94883 49.23827 1.17645 -13
0.00524 -0.10089 31.80476 0 0 3.13922 31.80433 1.57601 -13
0.34271 -0.08762 50.72073 0 0 2.73382 48.00057 1.89979 -13
0.71319 0.08875 8.78985 0 0 -2.66567 7.16607 2.18847 13
-0.31305 0.05194 2.60795 0 0 -1.28751 2.48907 1.26779 -13
-0.39646 0.02359 65.06286 0 0 -0.62227 60.48508 1.19344 -13
-2.15075 -0.23506 80.53230 0 0 7.18547 34.70760 0.44559 -13
0.51881 -0.09264 84.42394 0 0 2.86967 75.00650 2.04763 13
1.02693 -0.18674 50.24922 0 0 5.72807 35.36349 2.36091 -13
-0.37247 -0.07613 92.46941 0 0 2.38329 86.68409 1.21519 -13
1.92983 -0.01391 92.59106 0 0 0.48952 42.60226 2.66347 13
-0.14561 0.08531 18.71863 0 0 -2.46591 18.52470 1.42672 -13
-0.22020 -0.19317 16.33269 0 0 5.87762 15.96386 1.35787 13
1.22349 0.09182 44.21307 0 0 -2.67070 28.05044 2.45431 -13
-0.24314 -0.09037 56.66697 0 0 2.79826 55.07529 1.33322 13
0.25596 -0.16229 46.86721 0 0 4.96605 45.43960 1.81827 13
1.33847 0.12625 75.61694 0 0 -3.71615 45.48752 2.49614 -13
1.37672 -0.27361 75.61694 0 0 8.34682 45.48752 2.49613 -13
0.80333 -0.24220 33.02073 0 0 7.40696 26.02692 2.23369 -13
-0.89024 0.09457 32.85244 0 0 -2.75102 24.58601 0.84561 -13
0.58481 0.09752 65.75450 0 0 -2.85133 56.82890 2.09792 -13
0.85877 -0.14996 66.75326 0 0 4.61415 50.87983 2.27487 -13
0.08842 -0.11821 9.37153 0 0 3.69853 9.33561 1.65838 -13
-0.84371 -0.13332 10.17888 0 0 4.16281 7.80805 0.87430 -13
0.00120 0.08938 60.52582 0 0 -2.62304 60.52577 1.57199 13
-0.39188 -0.21171 78.72963 0 0 6.46110 73.51202 1.20469 13
1.16367 -0.14739 61.73789 0 0 4.51519 40.48714 2.42638 13
-1.38796 0.13817 19.13892 0 0 -4.04464 11.25776 0.62883 -13
-1.42091 -0.26102 19.13892 0 0 7.99962 11.25776 0.62885 -13
-0.81939 -0.13913 63.13395 0 0 4.28859 49.02127 0.88904 -13
0.59739 0.00541 71.02445 0 0 -0.08999 60.97334 2.10928 13
-0.34735 0.02267 98.24623 0 0 -0.59768 92.80898 1.23656 -13
1.35193 -0.22629 77.12693 0 0 6.91903 46.60578 2.49275 -13
0.19566 0.02953 93.40001 0 0 -0.81490 91.66355 1.76393 13
-1.39670 0.11081 60.64613 0 0 -3.24721 35.44748 0.62426 -13
-0.80141 -0.24631 23.69234 0 0 7.48226 18.69811 0.90952 13
0.53802 0.05998 47.07728 0 0 -1.71727 41.47481 2.06365 -13
-0.44277 -0.04636 77.09648 0 0 1.48674 70.50779 1.15437 -13
-0.87725 -0.13128 1.48645 0 0 4.48822 1.12203 0.85492 -13
0.75558 0.00632 48.76378 0 0 -0.12232 38.90679 2.21785 13
-1.73523 0.05264 88.20454 0 0 -1.49570 44.08780 0.52340 -13
-0.94853 0.04054 17.87930 0 0 -1.10386 12.97693 0.81221 -13
1.90866 -0.01905 79.41165 0 0 0.64243 36.85924 2.65891 13
-1.34996 0.10091 15.46190 0 0 -2.90690 9.23277 0.63999 -13
0.21901 -0.01228 60.82262 0 0 0.44383 59.41473 1.78639 13
0.02883 -0.15224 78.93753 0 0 4.66724 78.90547 1.59929 13
0.25248 0.13072 70.28220 0 0 -3.85510 68.17808 1.81610 -13
0.25924 -0.26892 70.28220 0 0 8.20051 68.17808 1.81610 -13
0.35168 -0.11033 12.85221 0 0 3.44980 12.13233 1.90707 -13
-1.28599 -0.08336 63.47118 0 0 2.60878 39.04566 0.66262 -13
0.54906 0.01645 39.70700 0 0 -0.42875 34.80675 2.07286 13
1.31297 -0.05691 35.64467 0 0 1.82002 21.61916 2.48991 -13
0.54357 -0.09255 25.45020 0 0 2.89487 22.38203 2.06690 -13
0.06669 -0.02807 88.95086 0 0 0.92283 88.75386 1.63736 13
0.74122 0.07948 52.86934 0 0 -2.30447 42.52074 2.20715 -13
-2.10305 0.01849 78.81936 0 0 -0.46224 33.85140 0.44392 -13
1.28926 0.11707 95.41079 0 0 -3.44192 58.72463 2.47858 -13
1.81252 -0.08093 62.38976 0 0 2.53787 30.21248 2.63605 -13
0.20624 -0.08106 49.57711 0 0 2.51656 48.56163 1.77353 13
-0.95298 -0.15705 46.22415 0 0 4.83382 33.65639 0.81555 -13
-1.05633 -0.21437 95.06200 0 0 6.54010 66.12347 0.76923 13
-0.68770 -0.14138 69.63817 0 0 4.33739 57.56081 0.97298 13
-1.32171 -0.20706 31.96822 0 0 6.35233 19.54662 0.65784 -13
-0.85642 -0.11142 51.36914 0 0 3.45461 39.11788 0.86563 -13
0.38871 -0.08338 23.55873 0 0 2.57513 21.96814 1.94036 13
-0.98044 -0.14202 66.86968 0 0 4.37583 47.98229 0.80026 -13
-0.73877 0.00842 76.77053 0 0 -0.17985 61.74879 0.93454 13
0.23820 -0.16461 70.94235 0 0 5.03956 69.06070 1.80164 13
0.85012 -0.10525 27.43535 0 0 3.28061 20.95103 2.27264 -13
-0.04563 -0.02903 75.06610 0 0 0.96349 74.98816 1.52522 -13
-1.73873 0.12877 33.68047 0 0 -3.77321 16.89495 0.52549 -13
-1.78675 -0.27098 33.68047 0 0 8.28624 16.89495 0.52548 -13
-1.92114 -0.20349 58.90626 0 0 6.20119 27.63334 0.48829 13
0.20295 0.09830 8.51044 0 0 -2.94225 8.34219 1.77009 13
-0.82250 -0.18415 5.91532 0 0 5.75221 4.59892 0.89065 -13
0.08151 0.07302 35.34565 0 0 -2.13492 35.22936 1.65191 13
-1.11467 0.06914 27.26112 0 0 -1.97740 18.22889 0.73241 -13
-0.06634 -0.15270 91.63565 0 0 4.68238 91.43920 1.50531 13
-0.26842 0.02312 21.40408 0 0 -0.59259 20.67271 1.30862 -13
-1.19799 0.11986 29.47713 0 0 -3.56041 18.96868 0.69908 13
-1.23536 -0.28047 29.47713 0 0 8.51427 18.96868 0.69908 13
0.77391 -0.19180 83.88870 0 0 5.87472 66.78697 2.22070 -13
-0.23490 -0.07310 90.37810 0 0 2.28066 87.99542 1.34067 13
-0.33720 -0.04178 69.39609 0 0 1.33416 65.76398 1.24583 13
0.50711 0.09414 43.78280 0 0 -2.77089 39.08413 2.03834 13
-0.75216 -0.15981 48.23860 0 0 4.91422 38.72497 0.93196 -13
0.82657 1.11876 48.23860 0 0 4.72463 38.72497 2.07429 -13
-0.66188 -0.56007 48.23860 0 0 5.65344 38.72497 2.09449 -13
0.71309 -0.15919 5.58822 0 0 4.77496 4.56905 2.18435 13
-1.24979 -0.21847 15.29417 0 0 6.72587 9.69070 0.68622 -13
1.44179 0.00667 12.13755 0 0 -0.19257 6.91768 2.53518 13
0.43469 0.12393 93.51943 0 0 -3.65142 85.87009 1.97807 -13
0.44753 -0.27610 93.51943 0 0 8.41589 85.87009 1.97806 -13
0.14286 0.04114 11.46296 0 0 -1.11712 11.34797 1.71257 -13
0.65096 -0.10693 56.28348 0 0 3.29680 47.24941 2.14525 13
-0.34749 -0.16445 48.75729 0 0 5.03131 46.12138 1.24048 13
-0.40169 -0.19765 63.45881 0 0 6.03555 59.04009 1.19541 13
0.20550 -0.21873 68.70139 0 0 6.67204 67.35742 1.76892 13
-0.08183 0.08904 81.05914 0 0 -2.61067 80.79118 1.48946 13
0.06316 0.15562 2.24882 0 0 -4.39326 2.24445 1.63313 -13
0.06407 -0.24269 2.24882 0 0 7.63257 2.24445 1.63298 -13
0.36570 -0.08318 8.07712 0 0 2.65488 7.58912 1.92028 -13
-0.60628 0.05305 29.07874 0 0 -1.53804 24.87495 1.02639 13
0.28154 -0.01375 94.87084 0 0 0.49067 91.32134 1.84520 13
-0.58286 0.11024 21.39575 0 0 -3.27098 18.51323 1.04570 13
-0.80572 0.02672 61.01855 0 0 -0.73540 47.52094 0.89275 13
-1.81529 -0.23240 82.89284 0 0 7.10392 40.80624 0.51471 -13
-2.09481 -0.14322 89.87341 0 0 4.41420 39.03780 0.44934 -13
0.11097 -0.07745 24.11697 0 0 2.43758 23.97073 1.68099 -13
0.49521 -0.24622 89.21246 0 0 7.51521 80.40043 2.01901 -13
-1.19525 -0.13289 22.55807 0 0 4.05693 14.54972 0.70100 13
-0.13580 -0.09531 1.40585 0 0 2.59441 1.39318 1.43642 13
0.75492 -0.11648 75.47012 0 0 3.58633 60.38041 2.21420 13
-0.33443 0.01208 92.31867 0 0 -0.28876 87.55276 1.24808 13
0.42600 0.09563 84.01166 0 0 -2.80977 77.34420 1.97188 13
0.66166 -0.22323 85.07409 0 0 6.80805 71.46793 2.14419 13
-2.00343 -0.16953 64.60769 0 0 5.17823 29.18177 0.46865 13
0.94073 0.09835 73.07244 0 0 -2.87643 53.34378 2.32326 -13
1.62433 -0.09036 38.20944 0 0 2.82764 20.09136 2.58794 -13
-1.64853 0.08875 48.88046 0 0 -2.57678 25.42481 0.54700 -13
-0.18857 0.03739 45.55782 0 0 -1.05739 44.76993 1.38454 13
0.58942 0.02411 89.12301 0 0 -0.65226 76.78412 2.10327 13
-0.80478 -0.02702 89.65322 0 0 0.90279 69.85424 0.89332 -13
-1.84876 -0.16186 36.17701 0 0 4.93426 17.38358 0.50126 13
1.00400 0.08851 60.00724 0 0 -2.60047 42.42969 2.35624 13
-1.87741 0.07245 59.95436 0 0 -2.08818 28.24842 0.49051 -13
0.43590 -0.01295 72.93394 0 0 0.47903 66.85889 1.98183 -13
-1.09746 -0.08971 88.68502 0 0 2.79527 59.86138 0.74096 -13
-0.74720 -0.04957 74.54035 0 0 1.58456 59.73875 0.92968 -13
1.22859 0.07924 45.28376 0 0 -2.29250 28.64028 2.45688 -13
0.66673 -0.19522 96.86512 0 0 5.96372 81.05378 2.15024 13
-1.49447 -0.24458 68.12078 0 0 7.47149 38.64421 0.60321 -13
0.33674 -0.22946 18.99355 0 0 7.03148 18.04638 1.88793 -13
-1.43661 -0.15062 84.51042 0 0 4.61428 48.64578 0.61336 13
-0.64305 0.46397 84.51042 0 0 4.52995 48.64578 1.04273 13
0.90199 -0.32522 84.51042 0 0 5.41400 48.64578 0.86181 13
1.38433 -0.32591 84.51042 0 0 5.26974 48.64578 2.49187 13
0.07792 -0.14753 53.58332 0 0 4.52217 53.42481 1.64773 13
-0.24619 -0.07982 91.58655 0 0 2.49456 88.94728 1.33014 -13
-0.42524 -0.05414 67.01952 0 0 1.70665 61.68862 1.16925 13
-1.02224 0.01228 40.98283 0 0 -0.30645 28.65979 0.77444 13
0.12504 0.04252 77.18726 0 0 -1.19477 76.59185 1.69508 -13
0.19036 -0.03177 76.73936 0 0 1.04624 75.38689 1.75881 -13
-0.48168 -0.08505 23.47222 0 0 2.67082 21.16128 1.12332 -13
-1.95728 -0.00758 32.24462 0 0 0.27580 14.67069 0.47235 13
1.78117 0.08312 66.41105 0 0 -2.44059 32.59710 2.62855 13
-0.32773 -0.02236 24.22868 0 0 0.77719 23.02431 1.25417 -13
-0.08526 -0.09832 16.83804 0 0 3.07581 16.77772 1.48615 -13
-0.37929 0.12249 58.24254 0 0 -3.60505 54.50764 1.21073 -13
-0.39071 -0.27763 58.24254 0 0 8.46496 54.50764 1.21074 -13
0.61392 -0.02701 85.86374 0 0 0.90256 73.18150 2.12123 -13
-0.34618 0.11032 15.82550 0 0 -3.27883 14.96411 1.23939 13
-0.29516 0.00660 69.95320 0 0 -0.11023 67.09192 1.28379 -13
-0.42964 -0.00480 44.48273 0 0 0.21408 40.87026 1.16501 13
0.02512 0.12805 1.15170 0 0 -3.34663 1.15134 1.59571 -13
0.17173 -0.12219 30.07269 0 0 3.78346 29.64499 1.73964 -13
0.06798 0.03386 88.47584 0 0 -0.93467 88.27235 1.63864 -13
0.69132 0.04379 29.06480 0 0 -1.21804 23.91558 2.17523 -13
0.43491 -0.08391 98.03132 0 0 2.60706 89.94759 1.97975 13
-1.47174 0.13265 8.44071 0 0 -3.81917 4.77161 0.60087 -13
-1.50994 -0.26677 8.44071 0 0 8.23553 4.77161 0.60089 -13
0.69691 0.04988 84.09873 0 0 -1.43074 69.02518 2.17886 13
1.92293 -0.23842 55.98295 0 0 7.25411 26.39476 2.65064 13
-1.22214 -0.10142 52.50188 0 0 3.12692 33.35026 0.68827 13
0.32971 -0.22255 94.83658 0 0 6.78980 90.27648 1.88216 13
-0.78538 -0.11771 43.16088 0 0 3.64645 34.03257 0.90837 -13
-0.12574 -0.07089 18.72989 0 0 2.24452 18.58420 1.44602 -13
-0.59208 -0.02255 10.68697 0 0 0.81472 9.19644 1.03633 -13
-0.42552 0.12461 34.60489 0 0 -3.69319 31.87941 1.17126 13
-0.43798 -0.27543 34.60489 0 0 8.37325 31.87941 1.17125 13
-1.75422 -0.07797 21.69678 0 0 2.47900 10.76912 0.51942 -13
0.80235 0.06885 59.30256 0 0 -2.00767 46.29703 2.24581 13
1.14995 -0.08563 55.20326 0 0 2.67783 36.29983 2.42402 -13
0.22831 -0.05465 8.04411 0 0 1.79218 7.84294 1.79494 -13
-1.22430 0.10312 27.83211 0 0 -3.00217 17.66208 0.68749 -13
0.50946 -0.14240 99.69122 0 0 4.37146 89.01038 2.03793 13
1.25812 0.03959 17.73804 0 0 -1.06753 11.04257 2.46963 -13
-1.26179 -0.15757 72.16245 0 0 4.84532 45.15842 0.67614 -13
-1.22191 -0.06726 33.34247 0 0 2.08817 21.14574 0.68696 13
-0.11500 0.06669 78.83997 0 0 -1.92456 78.32609 1.45655 -13
-1.72477 0.03157 9.37392 0 0 -0.78116 4.70403 0.52564 -13
-0.49358 0.07771 25.48050 0 0 -2.28490 22.86243 1.11349 13
0.39646 -0.22115 45.21845 0 0 6.76473 42.16925 1.94014 -13
0.02296 -0.03983 88.10195 0 0 1.28823 88.07879 1.59373 -13
1.05863 -0.09306 2.05506 0 0 3.24888 1.41377 2.38251 -13
-0.93019 -0.01176 84.43874 0 0 0.42823 61.82833 0.82159 13
-0.60148 -0.16036 18.17547 0 0 4.95051 15.62709 1.03488 -13
-1.39385 0.00605 60.58017 0 0 -0.11501 35.31441 0.62234 13
0.02288 0.00117 18.87054 0 0 0.02048 18.86560 1.59367 13
-2.05757 -0.07186 67.03411 0 0 2.23130 29.36213 0.45341 13
-0.69337 -0.15525 70.67071 0 0 4.75628 58.29923 0.97010 13
-0.16309 0.11940 41.51510 0 0 -3.53255 40.98118 1.41025 13
-0.16819 -0.28094 41.51510 0 0 8.54368 40.98118 1.41027 13
-0.70678 -0.02140 50.80646 0 0 0.71509 41.49259 0.95564 13
-0.15661 0.02238 24.89870 0 0 -0.57384 24.59907 1.41549 -13
-0.64489 -0.05984 76.16651 0 0 1.89401 64.04311 0.99883 -13
-0.72577 -0.15965 33.86588 0 0 4.87868 27.52657 0.94896 13
-0.73104 0.07806 1.93652 0 0 -2.58537 1.56486 0.94099 13
1.34880 -0.14036 40.62042 0 0 4.29432 24.34403 2.49895 13
-1.08934 -0.18939 55.79923 0 0 5.80692 38.09408 0.75145 -13
0.89978 0.10934 39.19155 0 0 -3.23391 29.21123 2.30054 13
-1.30214 -0.13224 41.72018 0 0 4.05194 25.54961 0.65909 13
1.23092 0.11846 2.03815 0 0 -3.89829 1.29143 2.45592 13
1.27015 -0.28243 2.03815 0 0 8.16665 1.29143 2.45591 13
0.61050 -0.41200 2.03815 0 0 -3.93607 1.29143 2.08468 13
-0.02825 0.36172 2.03815 0 0 -3.24777 1.29143 1.59735 13
-0.23695 -0.70522 2.03815 0 0 -3.16198 1.29143 1.37952 13
1.13247 0.04237 58.58582 0 0 -1.18455 38.79765 2.41779 -13
-0.11083 0.01715 70.86765 0 0 -0.44272 70.43648 1.46043 13
0.66329 -0.12937 40.21325 0 0 3.99886 33.59602 2.15264 -13
-0.40721 -0.19330 59.13318 0 0 5.90356 54.90723 1.19045 13
-0.23860 -0.01528 68.05267 0 0 0.54957 66.19496 1.33660 -13
0.60017 -0.24610 2.38776 0 0 7.24762 2.06291 2.09846 13
0.96453 -0.02719 34.18636 0 0 0.88256 24.61044 2.33796 13
-0.26942 -0.12614 77.47900 0 0 3.89243 74.85084 1.30960 -13
0.01539 0.08210 23.23592 0 0 -2.37460 23.23318 1.58613 -13
-1.11766 0.09195 3.15028 0 0 -2.93106 2.10631 0.73198 13
0.36774 0.10947 91.99398 0 0 -3.21523 86.40264 1.92126 -13
-1.61763 -0.21835 7.15960 0 0 6.79845 3.82813 0.56416 -13
0.02440 0.04177 62.56978 0 0 -1.17110 62.55120 1.59517 -13
-0.43300 -0.13102 30.62090 0 0 4.01533 28.13759 1.16527 13
0.07207 -0.24335 83.61319 0 0 7.42779 83.40900 1.64070 -13
1.71199 0.03691 74.43630 0 0 -1.01826 37.56295 2.61264 -13
1.03110 0.10483 30.67101 0 0 -3.05750 21.41330 2.36878 -13
-0.92376 0.05000 17.64542 0 0 -1.46481 12.96882 0.82563 13
-0.25332 0.11353 63.04517 0 0 -3.35129 61.13815 1.32422 13
0.35482 -0.05215 15.24578 0 0 1.68683 14.37047 1.91133 -13
0.16741 -0.15609 93.34453 0 0 4.78461 92.09320 1.73472 13
-0.38011 -0.10797 41.29271 0 0 3.35070 38.62631 1.20947 -13
-0.48432 -0.01813 9.30149 0 0 0.68703 8.37176 1.11984 -13
0.65760 -0.10465 25.12465 0 0 3.26117 21.02729 2.15000 -13
0.30697 -0.19794 89.16692 0 0 6.05805 85.37976 1.86329 -13
0.25186 0.05927 15.37637 0 0 -1.67402 14.91228 1.81711 -13
-0.60192 -0.17530 75.50192 0 0 5.37656 64.94508 1.03563 -13
-0.55641 -0.19878 15.46214 0 0 6.03958 13.57243 1.07124 13
0.81908 0.11882 35.80025 0 0 -3.52131 27.77358 2.25363 13
0.84497 -0.28158 35.80025 0 0 8.55508 27.77358 2.25362 13
-0.11853 -0.22388 4.00884 0 0 6.97016 3.98230 1.45564 -13
1.26968 0.09337 97.59817 0 0 -2.72701 60.54918 2.47235 -13
0.61228 0.13402 94.97563 0 0 -3.95540 81.19436 2.11624 -13
0.62788 -0.26545 94.97563 0 0 8.09463 81.19436 2.11625 -13
-0.84178 -0.20826 10.70729 0 0 6.29788 8.26269 0.88153 13
0.02016 0.09527 24.51891 0 0 -2.81199 24.51397 1.59086 13
-0.63761 -0.07113 97.05682 0 0 2.23212 81.89639 1.00433 -13
-0.74086 -0.04323 98.81936 0 0 1.37929 79.42877 0.93362 13
1.35543 -0.10282 3.86792 0 0 2.97014 2.30362 2.50345 13
-0.89130 0.09148 51.12807 0 0 -2.69137 38.23845 0.84488 13
-1.66455 -0.18143 26.22824 0 0 5.59002 13.66806 0.54815 -13
0.90214 -0.01887 14.37319 0 0 0.60633 10.67270 2.30470 13
-1.27015 -0.23909 81.73053 0 0 7.28266 51.42381 0.68051 13
-0.80878 -0.24744 70.26122 0 0 7.53602 55.26421 0.90521 13
-0.25276 0.04931 55.77116 0 0 -1.39723 54.07460 1.32351 -13
-0.00627 0.06386 4.11979 0 0 -1.96083 4.11971 1.56454 13
-0.27992 -0.05068 18.51489 0 0 1.63728 17.83128 1.29819 -13
-0.13267 -0.16556 20.73708 0 0 5.09915 20.56167 1.44065 -13
0.62140 -0.06255 93.45178 0 0 1.97411 79.41821 2.12593 -13
-0.86515 -0.20744 5.22897 0 0 6.47130 3.98985 0.86798 -13
-0.53850 -0.20909 22.76815 0 0 6.41262 20.14133 1.08571 -13
-1.56578 -0.16540 23.25222 0 0 5.02867 12.63612 0.57450 13
-0.45244 -0.01513 63.99176 0 0 0.52939 58.30307 1.14595 13
0.09065 -0.00750 57.26806 0 0 0.31612 57.03424 1.66119 -13
1.56270 -0.08122 52.10762 0 0 2.51457 28.15230 2.57084 13
-0.10426 -0.09052 41.22561 0 0 2.80045 41.00508 1.46733 13
1.85217 0.11301 61.75934 0 0 -3.34442 29.48445 2.64387 13
-0.92383 -0.12613 98.30373 0 0 3.87967 72.46883 0.82890 13
-0.39042 0.09462 95.43403 0 0 -2.76725 88.95125 1.20008 -13
0.39238 0.03901 95.43403 0 0 -2.90633 88.95125 1.19714 -13
-0.30159 -0.19395 9.82996 0 0 5.87936 9.42534 1.28294 13
0.51660 0.08380 14.26907 0 0 -2.48492 12.68659 2.04621 13
1.51349 -0.07813 67.98489 0 0 2.45084 37.55599 2.55632 -13
0.06324 -0.23100 21.58139 0 0 7.07324 21.54048 1.63234 -13
0.83534 0.05365 53.53201 0 0 -1.52536 41.10856 2.26601 -13
1.75637 0.11002 40.72063 0 0 -3.21121 20.23934 2.62142 -13
-0.24481 0.09598 67.62539 0 0 -2.80687 65.70244 1.33177 -13
0.56185 0.07567 38.86168 0 0 -2.21566 33.90334 2.08148 13
-0.71959 0.03000 73.12598 0 0 -0.81565 59.36486 0.94725 -13
0.74998 -0.24659 43.30600 0 0 7.53390 35.00832 2.20018 -13
0.30844 0.05991 53.34749 0 0 -1.73529 50.98557 1.86947 13
-0.14812 0.04275 96.77405 0 0 -1.20305 95.73154 1.42388 -13
0.27340 0.13959 19.68325 0 0 -4.15500 18.99896 1.83523 13
0.27974 -0.25964 19.68325 0 0 7.88640 18.99896 1.83522 13
-1.05925 -0.20767 18.38631 0 0 6.30403 12.76225 0.76718 13
0.64007 -0.20399 61.94625 0 0 6.22462 52.47955 2.13095 13
-0.44627 -0.02252 71.11406 0 0 0.76809 64.94350 1.15114 -13
-1.16803 -0.20341 75.73231 0 0 6.22736 49.82757 0.71808 -13
1.94252 0.02824 64.04936 0 0 -0.78752 29.32487 2.66602 13
-0.77390 0.14887 23.47813 0 0 -4.38450 18.64347 0.91747 -13
-0.78905 -0.24988 23.47813 0 0 7.64571 18.64347 0.91744 -13
0.82769 -0.20513 8.05535 0 0 6.35044 6.25725 2.25209 -13
-0.27501 -0.18044 26.74766 0 0 5.50475 25.81891 1.30649 13
1.52527 0.05443 21.53596 0 0 -1.51935 11.82058 2.56060 -13
0.89611 -0.01082 14.06169 0 0 0.45457 10.47265 2.30143 -13
0.69117 -0.23097 36.40503 0 0 7.06535 30.19609 2.16347 -13
1.83178 -0.12018 69.00665 0 0 3.72145 33.24871 2.63887 -13
-0.34087 -0.11421 65.34673 0 0 3.53413 61.89359 1.24425 -13
1.50853 0.04576 60.91153 0 0 -1.31350 33.67953 2.55572 13
-2.14043 -0.10317 55.45968 0 0 3.17279 23.57712 0.43910 13
-0.41870 0.12660 12.17393 0 0 -3.78247 11.24257 1.17710 13
-0.43064 -0.27341 12.17393 0 0 8.27939 11.24257 1.17709 13
0.65857 0.08600 24.00102 0 0 -2.53717 20.06734 2.15148 13
-0.60525 -0.01402 51.74305 0 0 0.49321 44.26762 1.02657 13
0.88978 0.13255 62.81198 0 0 -3.92773 47.10585 2.29361 13
0.91299 -0.26703 62.81198 0 0 8.12469 47.10585 2.29362 13
-0.84063 -0.14843 50.59694 0 0 4.54575 38.90477 0.87713 13
1.04754 -0.02118 97.21579 0 0 0.72738 67.13572 2.37930 -13
0.22407 0.11961 21.39457 0 0 -3.54903 20.88392 1.78972 13
0.23106 -0.28074 21.39457 0 0 8.52584 20.88392 1.78969 13
-0.43706 -0.14460 5.67943 0 0 4.34603 5.21269 1.16254 13
-1.19326 -0.06936 96.73659 0 0 2.16544 62.22203 0.69869 13
1.35562 -0.02336 90.76204 0 0 0.79478 53.88886 2.50590 -13
-1.33736 -0.10189 88.65528 0 0 3.14555 53.26723 0.64453 13
0.23073 0.09486 10.00414 0 0 -2.72826 9.74974 1.79658 -13
1.42464 -0.09105 54.95585 0 0 2.84365 31.66036 2.52763 -13
-1.92144 -0.00504 41.71457 0 0 0.25744 19.25787 0.47987 -13
1.54967 0.07447 41.95093 0 0 -2.18565 22.79015 2.56727 13
-0.58944 0.06047 33.61695 0 0 -1.72655 28.97380 1.03897 -13
1.20926 0.12787 10.73339 0 0 -3.85181 6.87312 2.44665 13
1.24320 -0.27219 10.73339 0 0 8.20654 6.87312 2.44667 13
-0.97950 -0.23053 33.07149 0 0 7.01407 23.92350 0.80869 13
-0.15342 -0.21593 38.65588 0 0 6.60773 38.22834 1.42194 -13
0.25015 -0.09455 33.62296 0 0 2.91783 32.62639 1.81487 13
0.50251 -0.19636 59.57420 0 0 5.99446 53.43187 2.02890 13
0.07362 -0.02517 53.14907 0 0 0.83152 53.00569 1.64426 13
0.34285 -0.05221 12.51743 0 0 1.61611 11.84244 1.90067 13
-0.79889 0.08293 42.26736 0 0 -2.43521 33.06724 0.89840 13
-0.95670 0.03377 63.25206 0 0 -0.92664 45.71695 0.80781 -13
0.93476 -0.23284 20.09550 0 0 7.06989 14.85922 2.30933 13
0.61004 0.06550 88.07107 0 0 -1.90082 75.22874 2.11761 13
-0.29021 -0.04077 59.67583 0 0 1.31943 57.31488 1.28857 -13
0.10875 -0.10531 1.93570 0 0 3.00089 1.92451 1.67853 13
-0.52364 -0.01462 14.12805 0 0 0.48366 12.51625 1.08846 13
1.65194 -0.19011 59.77129 0 0 5.80047 31.35602 2.58935 13
0.15576 -0.14620 18.38403 0 0 4.51930 18.16955 1.72371 -13
1.14358 -0.19342 89.89471 0 0 5.90853 59.78750 2.41397 13
-2.08200 -0.17807 13.78970 0 0 5.53427 6.04575 0.45389 -13
0.09923 -0.12857 91.59054 0 0 3.95392 91.15020 1.66890 13
0.54858 -0.09226 55.08917 0 0 2.85401 48.34592 2.07076 13
0.77677 0.07352 23.62598 0 0 -2.11145 18.67729 2.22991 -13
0.76869 0.06394 45.25821 0 0 -1.86120 35.90969 2.22517 13
0.46890 -0.10202 18.33662 0 0 3.18733 16.61784 2.00727 -13
-0.74488 -0.11440 56.76274 0 0 3.54295 45.62742 0.93369 -13
-1.10812 0.05600 88.31721 0 0 -1.61638 59.22017 0.73494 13
0.32331 -0.22849 12.40009 0 0 7.01611 11.82651 1.87612 -13
-1.53930 0.10042 82.45480 0 0 -2.95808 45.07778 0.57842 13
-1.33452 0.07623 83.23350 0 0 -2.20865 50.00423 0.64446 -13
-0.57388 -0.00120 43.17115 0 0 0.13018 37.44378 1.04981 -13
-0.33688 -0.20855 21.77289 0 0 6.39734 20.67728 1.25224 -13
0.06407 0.09027 54.93830 0 0 -2.65025 54.82685 1.63452 13
-0.32214 0.14638 93.95378 0 0 -4.32914 89.51643 1.26223 -13
-0.32874 -0.25251 93.95378 0 0 7.70383 89.51643 1.26224 -13
0.24261 0.08706 7.19886 0 0 -2.47564 6.99725 1.80794 -13
-0.41297 -0.04784 79.54513 0 0 1.51775 73.53467 1.17956 13
0.13943 -0.16618 61.71322 0 0 5.10157 61.13763 1.70748 -13
-0.24889 -0.03632 13.10911 0 0 1.21533 12.72138 1.32701 -13
-0.39634 0.09827 18.71855 0 0 -2.91028 17.41357 1.19509 13
0.23764 0.01257 52.56021 0 0 -0.30768 51.13634 1.80410 13
-1.34610 -0.04410 82.09864 0 0 1.42152 48.98927 0.63940 -13
-0.05568 -0.01142 26.93661 0 0 0.40772 26.89496 1.51518 13
-0.32441 -0.23099 45.15346 0 0 7.03805 43.05361 1.26465 13
0.04270 -0.00892 64.81859 0 0 0.34289 64.75959 1.61347 13
-0.73452 -0.22716 45.94527 0 0 6.94767 37.35222 0.94923 -13
0.68384 0.13791 3.81714 0 0 -4.23638 3.16038 2.16621 13
0.70000 -0.26139 3.81714 0 0 7.80467 3.16038 2.16609 13
-1.22886 -0.11794 4.65032 0 0 3.81063 2.94765 0.68646 -13
0.48259 -0.16726 47.39237 0 0 5.13822 42.79216 2.01504 -13
-0.15869 0.03716 11.62374 0 0 -1.08158 11.48027 1.41353 13
1.94176 -0.04999 51.26937 0 0 1.56723 23.49658 2.66551 13
-0.37896 -0.20046 35.15928 0 0 6.11361 32.95764 1.21504 13
1.84731 -0.04400 73.46669 0 0 1.39406 35.00006 2.64503 13
-0.42146 -0.13092 47.67381 0 0 4.04185 43.98742 1.17496 -13
-0.43531 -0.23057 28.38739 0 0 7.05625 26.13363 1.16962 -13
1.22955 0.12932 55.08312 0 0 -3.83312 34.92917 2.45473 13
1.26320 -0.27046 55.08312 0 0 8.22449 34.92917 2.45473 13
0.10452 0.11277 6.82090 0 0 -3.39477 6.78441 1.67429 13
-0.02447 0.13444 36.49347 0 0 -3.96100 36.48275 1.54655 -13
-0.02510 -0.26499 36.49347 0 0 8.08813 36.48275 1.54654 -13
-0.83169 0.03103 67.46406 0 0 -0.86452 51.87939 0.87726 13
0.93686 -0.04166 71.90226 0 0 1.32854 52.49311 2.32318 13
-0.08319 -0.24011 66.89856 0 0 7.31830 66.68124 1.49009 13
0.23506 0.05524 23.12000 0 0 -1.60671 22.50839 1.80133 13
-0.66014 -0.19056 83.91653 0 0 5.83659 70.40809 0.99549 -13
-0.74069 -0.03648 85.20719 0 0 1.17477 68.48650 0.93360 13
0.53137 -0.13163 79.83679 0 0 4.05881 70.63407 2.05567 -13
0.68055 0.09339 51.69665 0 0 -2.72442 42.79730 2.16633 -13
-0.41257 -0.03551 92.29438 0 0 1.14638 85.32621 1.17972 13
0.03740 -0.06045 55.32722 0 0 1.89648 55.28872 1.60811 13
0.72718 -0.22576 71.75856 0 0 6.88264 58.52970 2.18775 13
-1.42094 0.12954 75.13176 0 0 -3.81570 43.48115 0.61717 -13
-1.45970 -0.27015 75.13176 0 0 8.24200 43.48115 0.61716 -13
0.06894 0.00087 44.49630 0 0 0.04414 44.39094 1.63963 13
-0.58050 -0.18561 91.11907 0 0 5.68674 79.13661 1.05216 -13
-0.65498 -0.23559 7.26700 0 0 7.09901 6.12760 1.00324 13
-0.68348 -0.04147 70.22867 0 0 1.32342 57.99568 0.97165 13
1.34296 -0.17317 16.19363 0 0 5.25478 9.76283 2.49445 13
-1.79323 -0.21070 22.14734 0 0 6.38512 10.96608 0.51799 13
0.91531 0.14431 29.06374 0 0 -4.24931 21.53945 2.30688 -13
0.93481 -0.25466 29.06374 0 0 7.78659 21.53945 2.30686 -13
0.30933 -0.14727 62.76725 0 0 4.53182 60.01930 1.86778 -13
0.50399 -0.13562 96.92071 0 0 4.17767 86.70871 2.03398 -13
-1.07770 0.11235 80.63045 0 0 -3.31693 55.02844 0.75115 13
0.00885 -0.01268 20.75185 0 0 0.48705 20.75104 1.57965 -13
0.95828 -0.10678 25.88054 0 0 3.32932 18.73653 2.33206 -13
1.87847 -0.02230 70.68811 0 0 0.76869 33.22394 2.65230 -13
0.09094 0.08104 91.65918 0 0 -2.35832 91.28495 1.66119 -13
-1.78093 0.07884 27.60404 0 0 -2.26093 13.54610 0.51296 -13
1.78451 0.02024 65.73998 0 0 -0.51428 32.14235 2.63073 -13
0.76171 0.09402 59.60450 0 0 -2.74442 47.49208 2.21963 -13
1.44809 -0.21250 35.84952 0 0 6.46555 20.67541 2.52686 13
-0.62238 -0.08248 45.69551 0 0 2.58217 38.83200 1.01560 -13
-0.18591 -0.19387 51.04231 0 0 5.91982 50.21282 1.39027 13
-0.99493 -0.07965 30.54599 0 0 2.46130 21.68859 0.78952 13
0.32826 0.00017 20.91665 0 0 0.10072 19.87323 1.88798 -13
1.13673 0.03180 66.09579 0 0 -0.88944 43.66876 2.41985 13
-0.71999 0.07877 11.01699 0 0 -2.24292 8.95003 0.94825 -13
1.11970 -0.09435 50.20064 0 0 2.94172 33.52151 2.41040 -13
-0.22734 0.03299 46.72259 0 0 -0.92478 45.56129 1.34738 13
0.04602 0.01699 83.49893 0 0 -0.43700 83.41068 1.61678 13
-1.08129 0.09831 88.28399 0 0 -2.89264 60.09745 0.74876 13
-0.60876 0.06443 18.34263 0 0 -1.89479 15.67637 1.02488 13
0.16230 -0.03539 98.30688 0 0 1.15362 97.03865 1.73160 -13
0.72110 -0.01303 25.76216 0 0 0.49716 20.89661 2.19550 -13
-1.94905 -0.17050 15.92631 0 0 5.15577 7.35269 0.47989 13
-0.48614 0.04019 15.21067 0 0 -1.16567 13.68207 1.11862 13
0.33085 -0.20163 58.73621 0 0 6.17187 55.87140 1.88441 -13
-0.86347 0.04586 6.67204 0 0 -1.20211 5.05227 0.85905 -13
-1.11576 -0.20673 34.63600 0 0 6.33934 23.38368 0.74115 -13
0.43488 0.06409 88.62017 0 0 -1.85799 81.29434 1.98026 13
-0.59099 -0.20644 63.06046 0 0 6.29930 54.57810 1.04613 13
-0.16033 0.07894 2.30495 0 0 -2.07688 2.27607 1.41230 -13
-0.73321 0.00464 56.98504 0 0 -0.04851 45.95595 0.93813 -13
0.01092 0.01978 63.50283 0 0 -0.50801 63.49905 1.58171 -13
0.11516 -0.14869 38.94046 0 0 4.57915 38.69031 1.68422 -13
-0.15046 -0.02047 58.60859 0 0 0.70702 57.95650 1.42149 -13
-0.84898 -0.22957 4.76836 0 0 7.15642 3.67373 0.87953 -13
-2.03071 -0.01516 49.51288 0 0 0.51662 21.87563 0.45763 13
-0.13417 -0.00684 93.30439 0 0 0.28240 92.47573 1.43742 13
0.99770 0.10542 8.65888 0 0 -3.19232 6.14803 2.35228 13
0.75753 -0.22287 78.64830 0 0 6.79572 63.23934 2.20747 13
0.10468 0.09941 33.23035 0 0 -2.90252 33.05147 1.67459 -13
0.66954 -0.02118 77.16257 0 0 0.72751 64.12253 2.16068 -13
1.79766 0.14563 43.62427 0 0 -4.28716 21.37661 2.62947 -13
1.83504 -0.25322 43.62427 0 0 7.74716 21.37661 2.62947 -13
-0.15147 -0.24603 51.38628 0 0 7.51322 50.83933 1.42476 -13
-2.04482 -0.06870 74.72777 0 0 2.13956 32.89192 0.45577 13
0.38291 -0.19609 66.13636 0 0 5.98786 61.91009 1.93023 13
1.36476 -0.07585 88.20358 0 0 2.37917 52.23011 2.50787 -13
0.63888 -0.09676 97.89108 0 0 3.00576 82.60311 2.13721 -13
-0.41220 -0.02880 12.42457 0 0 0.99262 11.48770 1.17997 -13
-1.50682 -0.02085 86.91025 0 0 0.72066 48.06516 0.58601 -13
2.00440 -0.06933 86.50046 0 0 2.18448 38.69171 2.67786 -13
0.45540 -0.12575 59.77548 0 0 3.88283 54.47279 1.99518 -13
0.68678 -0.16950 78.31871 0 0 5.20185 64.85064 2.16600 -13
2.00042 -0.19626 21.30170 0 0 5.94687 9.66982 2.67043 13
-1.03635 0.10769 61.18822 0 0 -3.15579 42.61371 0.77043 -13
-0.02821 -0.16843 37.40654 0 0 5.17464 37.39208 1.54298 -13
-0.89919 -0.14587 44.07852 0 0 4.49647 32.93091 0.84366 -13
0.62806 -0.03441 3.42580 0 0 1.28766 2.90154 2.13133 -13
0.65192 -0.05365 40.41415 0 0 1.71351 33.86983 2.14786 -13
-0.62000 0.09413 4.81127 0 0 -2.87844 4.09397 1.01777 13
-0.74845 -0.20915 86.00671 0 0 6.39677 69.38100 0.93853 -13
0.02774 -0.09179 55.65451 0 0 2.84087 55.63329 1.59841 13
0.03052 0.88659 55.65451 0 0 2.81828 55.63329 1.59363 13
0.13507 -1.11656 55.65451 0 0 4.56897 55.63329 1.48092 13
0.20043 -0.11766 55.65451 0 0 4.38219 55.63329 1.76728 13
-0.27379 0.07270 55.65451 0 0 6.42454 55.63329 1.83737 13
1.66588 -2.10582 55.65451 0 0 5.01430 55.63329 2.19126 13
11.57707 1.66277 55.65451 0 0 5.56291 55.63329 2.97554 13
-0.73551 -1.36984 55.65451 0 0 6.38521 55.63329 1.97999 13
6.17764 -12.66145 55.65451 0 0 2.50541 55.63329 2.02350 13
-2.52502 -0.68374 55.65451 0 0 2.54258 55.63329 0.44732 13
0.36162 -0.06232 64.77793 0 0 1.95294 60.93077 1.91716 13
0.58347 -0.01246 97.16063 0 0 0.45146 83.92183 2.09894 13
-0.05855 0.04046 92.02369 0 0 -1.14447 91.86664 1.51236 13
-0.75579 -0.16210 18.95090 0 0 5.00408 15.18989 0.92982 -13
-2.08116 0.02502 72.87461 0 0 -0.65817 31.56939 0.44805 -13
-0.40805 0.14347 60.08918 0 0 -4.25536 55.71592 1.18692 13
-0.41688 -0.25557 60.08918 0 0 7.78197 55.71592 1.18694 13
-0.30929 -0.13287 82.76316 0 0 4.08354 79.12764 1.27330 13
-1.83654 -0.03086 30.94514 0 0 0.97955 14.80346 0.49881 13
-0.11000 0.00891 96.91484 0 0 -0.18257 96.33378 1.46124 -13
0.83578 -0.00827 95.00959 0 0 0.32436 72.90165 2.26696 13
-0.06440 -0.22145 78.55331 0 0 6.75490 78.39851 1.50800 13
-0.47874 -0.01283 38.45138 0 0 0.48169 34.68228 1.12433 -13
-1.08952 0.05098 86.42014 0 0 -1.44819 58.47775 0.74323 -13
1.16041 0.09901 73.59831 0 0 -2.91519 48.17989 2.42790 13
0.99586 -0.00014 63.10089 0 0 0.09655 44.71162 2.35412 -13
