-0.20017 -0.22993 98.07264 0 0 7.01178 96.25812 1.37814 13
-0.04948 -0.10950 78.40003 0 0 3.39075 78.30537 1.52165 -13
0.34946 0.10716 38.62379 0 0 -3.13861 36.48422 1.90521 -13
0.70512 -0.11501 21.11142 0 0 3.52092 17.29104 2.18186 13
-0.24245 -0.14241 28.05337 0 0 4.35858 27.27869 1.33522 13
-1.64206 -0.07795 76.75259 0 0 2.41982 40.00889 0.54835 13
0.62256 -0.19756 31.63596 0 0 6.05926 26.99892 2.11909 -13
-0.78779 -0.14248 34.17866 0 0 4.36004 26.95151 0.90842 13
1.65508 -0.15888 90.09172 0 0 4.88407 47.01531 2.59256 -13
-0.16454 0.10378 39.08688 0 0 -3.03668 38.57346 1.40858 -13
-0.70807 -0.18391 45.75666 0 0 5.61528 37.54907 0.96250 13
0.63613 0.01751 26.98420 0 0 -0.46871 22.76872 2.13729 13
-0.11069 -0.16231 3.35735 0 0 5.13149 3.33744 1.46197 -13
-1.22868 -0.14960 73.94675 0 0 4.58287 46.98821 0.68857 13
0.67410 0.07548 34.98369 0 0 -2.17915 29.03363 2.16261 -13
0.03694 0.03252 24.27178 0 0 -0.91951 24.25525 1.60770 13
-1.92995 -0.07716 18.30675 0 0 2.35294 8.44227 0.47927 13
-0.32311 0.10708 16.75207 0 0 -3.17936 15.94928 1.25994 13
1.59590 0.04403 70.50007 0 0 -1.25962 37.46006 2.58140 13
1.32818 0.11669 94.64330 0 0 -3.44699 57.17294 2.49298 13
0.37188 -0.11829 47.24532 0 0 3.66072 44.31965 1.92456 -13
-1.46987 0.03197 45.85826 0 0 -0.90136 25.80468 0.59764 13
-1.96772 0.01185 83.39558 0 0 -0.26425 37.78528 0.47022 -13
0.34315 -0.07979 9.79629 0 0 2.54189 9.26922 1.90038 -13
0.69166 -0.02911 81.70838 0 0 0.96694 67.20939 2.17571 -13
0.27024 -0.15171 15.01319 0 0 4.69231 14.50449 1.83188 -13
0.23739 0.12403 16.10783 0 0 -3.69120 15.67853 1.80216 13
0.24432 -0.27608 16.10783 0 0 8.37536 15.67853 1.80209 13
-0.09105 -0.09247 70.63739 0 0 2.87748 70.34883 1.48038 -13
0.21578 -0.14298 13.32603 0 0 4.35545 13.03205 1.78125 13
-0.67550 -0.14559 57.03801 0 0 4.48379 47.41923 0.98156 -13
1.80311 0.13765 8.39022 0 0 -4.19210 4.09872 2.63124 13
1.84561 -0.26187 8.39022 0 0 7.85000 4.09872 2.63103 13
1.04457 0.04030 52.88753 0 0 -1.14799 36.58901 2.37758 13
0.24338 -0.12792 16.41716 0 0 3.90892 15.95877 1.80768 13
1.74785 0.09286 76.32310 0 0 -2.70779 38.02423 2.62006 -13
-0.64379 0.04047 70.66854 0 0 -1.14764 59.43416 0.99917 13
-0.19051 -0.00000 96.07340 0 0 0.07621 94.37598 1.38254 13
-0.09581 0.07370 16.38507 0 0 -2.11238 16.31085 1.47553 -13
1.05801 0.03258 83.05614 0 0 -0.89302 57.06756 2.38411 -13
1.08196 0.05937 30.44172 0 0 -1.73309 20.68151 2.39466 13
0.46904 0.02193 64.43358 0 0 -0.57197 58.33798 2.00928 -13
-0.21356 0.10540 34.81750 0 0 -3.08475 34.05777 1.36152 -13
-0.57822 -0.08568 39.34992 0 0 2.65164 34.09612 1.04813 13
1.55084 0.04905 85.47824 0 0 -1.38740 46.36134 2.56833 -13
-0.32884 0.08261 41.96291 0 0 -2.39880 39.87636 1.25410 -13
0.36383 -0.12058 7.95666 0 0 3.65306 7.48328 1.91742 13
1.95371 0.02349 15.60593 0 0 -0.69759 7.11192 2.66840 13
0.81168 0.02118 69.94637 0 0 -0.56672 54.31308 2.25251 13
-0.44172 -0.03179 33.81917 0 0 1.02383 30.93798 1.15503 13
0.46388 -0.03120 41.65518 0 0 1.03495 37.79084 2.00495 -13
0.89988 0.12330 80.79417 0 0 -3.64619 60.26030 2.29979 13
0.92669 -0.27679 80.79417 0 0 8.42210 60.26030 2.29979 13
0.51532 0.04495 68.66515 0 0 -1.28256 61.05020 2.04622 13
-0.43388 -0.03095 58.56151 0 0 1.00571 53.72699 1.16161 13
-0.44669 -0.23774 15.53468 0 0 7.29030 14.24735 1.16084 -13
-0.49622 0.12780 29.21051 0 0 -3.75472 26.20764 1.11340 -13
-0.51009 -0.27198 29.21051 0 0 8.30612 26.20764 1.11340 -13
-0.82971 -0.05032 60.06749 0 0 1.60997 46.25148 0.87882 -13
0.33150 -0.06414 41.47199 0 0 2.00363 39.37325 1.89028 13
-0.65272 0.09099 29.45639 0 0 -2.64421 24.69693 0.99440 -13
-0.66740 -0.22194 60.51999 0 0 6.78601 50.70629 0.99333 -13
-0.66169 0.13703 19.94536 0 0 -4.02174 16.68082 0.99052 -13
-0.67776 -0.26230 19.94536 0 0 8.02456 16.68082 0.99051 -13
-0.63220 0.10031 34.60762 0 0 -2.96205 29.29417 1.00929 13
-0.31464 -0.07081 12.84622 0 0 2.17752 12.25680 1.26668 13
-1.18330 0.05110 29.38537 0 0 -1.48657 18.98160 0.70228 13
-0.54039 0.01905 73.80356 0 0 -0.50115 64.93236 1.07544 13
1.48097 -0.08743 20.41111 0 0 2.67457 11.45196 2.54592 13
-1.52339 -0.23200 19.40722 0 0 7.03114 10.84467 0.59297 13
1.05646 -0.02299 62.83209 0 0 0.78637 43.19921 2.38351 -13
0.18993 -0.03001 65.13615 0 0 0.99445 63.99320 1.75841 -13
0.94266 0.04018 34.09643 0 0 -1.14966 24.81968 2.32628 13
0.36988 0.14956 16.58930 0 0 -4.39780 15.57949 1.92149 -13
0.37690 -0.24920 16.58930 0 0 7.63147 15.57949 1.92140 -13
0.47291 -0.24433 68.08919 0 0 7.45905 61.87267 2.00144 -13
-0.45409 -0.07085 26.52213 0 0 2.19788 24.15947 1.14549 13
0.62582 -0.21598 92.08133 0 0 6.60276 78.55012 2.11979 -13
-1.09196 0.10878 16.98963 0 0 -3.24272 11.51201 0.74440 13
-1.20212 -0.09217 33.93792 0 0 2.83912 21.75830 0.69595 13
0.77801 -0.01123 63.17633 0 0 0.42974 49.86402 2.23196 -13
-0.70641 -0.21254 39.01168 0 0 6.50886 32.09481 0.96615 -13
0.14227 -0.20385 86.13775 0 0 6.23619 85.31277 1.70930 -13
-1.59062 -0.03839 63.98292 0 0 1.25399 34.07225 0.56158 -13
-0.36059 -0.14974 82.86994 0 0 4.60468 78.05528 1.22824 -13
-0.24869 -0.24579 71.37044 0 0 7.48804 69.37604 1.33383 13
0.39819 -0.00801 43.99672 0 0 0.31103 40.87553 1.94973 13
-0.18264 0.00412 80.45400 0 0 -0.03712 79.14481 1.39015 -13
1.27739 -0.08183 40.33865 0 0 2.56967 24.91750 2.47578 -13
-1.21893 -0.00383 35.71591 0 0 0.21725 22.65342 0.68706 -13
0.38701 0.06573 85.21314 0 0 -1.90762 79.49159 1.93933 13
1.30044 -0.06603 57.11653 0 0 2.05873 34.86444 2.48501 13
-0.03064 -0.16260 70.75729 0 0 4.97928 70.72495 1.54056 13
1.74428 -0.04211 48.46924 0 0 1.37141 24.12312 2.62065 -13
-0.90709 -0.17601 15.88847 0 0 5.43216 11.84834 0.84166 -13
-0.94053 0.00290 51.85721 0 0 0.00676 37.77460 0.81604 -13
0.24184 0.07289 60.83410 0 0 -2.10933 59.13835 1.80747 -13
-1.23126 -0.16735 85.21353 0 0 5.13873 54.16906 0.68889 -13
-0.40769 0.11651 14.71774 0 0 -3.46981 13.64167 1.18603 13
0.62618 -0.24562 62.18655 0 0 7.49990 53.13357 2.11715 -13
-1.71245 -0.08138 75.91316 0 0 2.54965 38.37512 0.52998 -13
0.33225 -0.17053 89.47152 0 0 5.21924 85.02732 1.88730 13
1.05328 -0.13867 80.32116 0 0 4.27332 55.57927 2.37738 -13
-0.53137 -0.21913 96.82918 0 0 6.68535 85.94184 1.09203 13
0.14173 -0.06297 85.06209 0 0 1.97497 84.22380 1.71131 13
-0.48743 -0.12187 81.94236 0 0 3.76317 73.76153 1.12015 -13
0.61408 -0.08804 19.58235 0 0 2.70742 16.70459 2.11978 13
0.47847 -0.07341 98.02431 0 0 2.30095 88.46804 2.01602 -13
1.00667 0.10699 44.59666 0 0 -3.16152 31.51936 2.35667 13
-0.46216 0.00976 90.35752 0 0 -0.21896 82.02241 1.13790 13
-0.71747 0.04975 80.98774 0 0 -1.42591 65.83075 0.94902 13
0.40098 -0.09954 39.67978 0 0 3.09654 36.85445 1.95045 -13
-0.40686 -0.19735 26.89970 0 0 6.01482 24.98314 1.19101 13
-1.09995 0.07919 55.40310 0 0 -2.29391 37.33195 0.73939 -13
-1.85255 0.00204 61.73031 0 0 0.03603 29.32245 0.49498 -13
-2.14637 0.00832 57.27828 0 0 -0.15053 24.18993 0.43601 -13
1.27520 0.00586 71.48370 0 0 -0.10657 44.11155 2.47656 13
-1.50313 -0.14079 89.30265 0 0 4.33793 49.80069 0.59158 -13
0.35754 -0.11870 49.83629 0 0 3.65139 46.96422 1.91196 13
0.41994 0.07911 13.53075 0 0 -2.34446 12.48120 1.96726 13
0.06630 -0.06197 4.89346 0 0 1.85121 4.88282 1.63688 13
0.43762 0.08938 54.90340 0 0 -2.60506 50.33015 1.98185 -13
0.34054 0.08422 79.16510 0 0 -2.46561 74.96691 1.89794 13
0.25205 -0.03740 35.27138 0 0 1.22343 34.20308 1.81754 -13
-0.03543 -0.02847 82.19832 0 0 0.94584 82.14681 1.53539 -13
1.82491 0.14184 51.54194 0 0 -4.21761 24.95914 2.63610 13
1.86567 -0.25728 51.54194 0 0 7.82126 24.95914 2.63610 13
0.79634 -0.20363 78.23720 0 0 6.23207 61.68029 2.23343 -13
1.19078 -0.08099 1.95748 0 0 2.91518 1.26138 2.44145 -13
-0.10745 -0.11604 27.09065 0 0 3.59994 26.93763 1.46446 -13
-0.08917 -0.21521 25.38887 0 0 6.55285 25.29291 1.48385 13
1.37394 -0.23666 49.11550 0 0 7.23633 29.41758 2.49941 -13
-0.81319 -0.04363 37.58797 0 0 1.41445 29.17387 0.88853 -13
-0.28371 -0.15743 92.23780 0 0 4.82503 88.81579 1.29755 13
-1.21911 0.06080 2.69367 0 0 -1.46188 1.71024 0.68789 -13
-0.94000 0.05171 51.24442 0 0 -1.49142 37.36111 0.81698 13
0.71674 -0.09917 15.94466 0 0 3.10924 12.98120 2.19035 -13
1.08513 0.14431 34.66652 0 0 -4.25112 23.62145 2.39186 -13
1.10828 -0.25469 34.66652 0 0 7.78440 23.62145 2.39186 -13
-0.01271 0.12637 14.39692 0 0 -3.76331 14.39578 1.55818 13
-0.01306 -0.27363 14.39692 0 0 8.29911 14.39578 1.55820 13
-0.04189 0.05008 80.21884 0 0 -1.43456 80.14868 1.52898 13
-0.05929 0.05485 96.76185 0 0 -1.57827 96.59274 1.51167 13
2.13147 -0.03853 42.88498 0 0 1.27134 18.22643 2.70263 -13
0.19609 -0.18279 5.19076 0 0 5.69538 5.09679 1.76135 -13
0.16265 -0.00879 77.37002 0 0 0.35200 76.36644 1.73203 -13
0.55875 0.14173 16.43197 0 0 -4.16115 14.37830 2.07611 -13
0.57116 -0.25737 16.43197 0 0 7.87779 14.37830 2.07604 -13
0.45988 0.08385 21.07681 0 0 -2.42264 19.16045 2.00051 -13
-0.43796 -0.00716 34.14698 0 0 0.31284 31.27882 1.15801 -13
0.25345 -0.06405 96.59582 0 0 2.01892 93.64691 1.81853 -13
1.24315 -0.12201 42.67319 0 0 3.74336 26.86702 2.46056 13
-1.48823 -0.11292 10.49835 0 0 3.41524 5.88219 0.59458 13
-0.49418 -0.06160 58.23456 0 0 1.92984 52.22686 1.11257 13
-0.56681 -0.19149 67.98378 0 0 5.84962 59.40003 1.06283 13
-0.36686 0.01954 57.39637 0 0 -0.51733 53.88595 1.21924 13
0.57700 0.06060 87.62085 0 0 -1.75331 75.92796 2.09334 13
-0.17959 -0.23858 51.74361 0 0 7.26793 50.97176 1.39786 13
1.22203 0.02676 75.66926 0 0 -0.73629 47.93155 2.45561 13
0.05947 0.06371 70.40558 0 0 -1.83363 70.28193 1.63008 -13
0.87535 -0.04273 21.96172 0 0 1.39894 16.53205 2.28937 -13
-0.04900 -0.23344 26.32056 0 0 7.10372 26.29064 1.52311 13
-0.85114 -0.06545 72.98445 0 0 2.04682 55.62840 0.86670 13
-0.25563 -0.10385 35.45361 0 0 3.22787 34.36032 1.32181 -13
0.29401 0.01048 45.28601 0 0 -0.24592 43.44730 1.85673 13
1.24271 -0.01518 26.38214 0 0 0.51113 16.54083 2.46394 13
0.42741 -0.08140 89.87557 0 0 2.54284 82.68569 1.97351 -13
1.06492 -0.11945 15.63651 0 0 3.63851 10.74404 2.38409 13
-0.61420 -0.03932 9.82738 0 0 1.32396 8.37585 1.02034 -13
0.08968 0.00748 62.79517 0 0 -0.15114 62.54413 1.66024 13
0.15643 0.03828 95.61033 0 0 -1.07818 94.46327 1.72585 13
0.01724 -0.10059 66.63627 0 0 3.12281 66.62646 1.58795 -13
-0.18595 -0.21804 12.68868 0 0 6.61925 12.48422 1.39107 13
0.90897 0.02305 31.61139 0 0 -0.59343 23.39442 2.30841 -13
-0.46169 -0.24158 67.39004 0 0 7.37660 61.48256 1.14896 -13
0.63535 0.06368 33.93300 0 0 -1.85641 28.65811 2.13589 13
-1.89874 -0.20467 12.72083 0 0 6.34044 6.02339 0.49326 -13
0.07020 0.10623 10.17757 0 0 -3.07402 10.15290 1.64049 -13
-0.91335 -0.13802 2.78327 0 0 4.48174 2.06338 0.83535 -13
-0.38977 0.86090 2.78327 0 0 4.47297 2.06338 1.28358 -13
0.05738 -0.58350 2.78327 0 0 6.30807 2.06338 1.52127 -13
-0.10760 0.04129 2.78327 0 0 4.06499 2.06338 1.46370 -13
0.02836 -0.01524 2.78327 0 0 6.12957 2.06338 1.54244 -13
-10.23485 0.64157 2.78327 0 0 4.73016 2.06338 0.11557 -13
-0.99734 0.03041 72.09399 0 0 -0.84559 51.05831 0.78696 13
-0.33850 -0.15471 24.24722 0 0 4.72806 22.99516 1.24798 13
0.03164 0.06202 42.18566 0 0 -1.80126 42.16465 1.60236 13
1.72269 -0.05191 95.87569 0 0 1.65728 48.18111 2.61506 -13
1.02858 -0.00040 7.85742 0 0 0.18260 5.47706 2.37028 -13
-1.29296 -0.00569 66.13282 0 0 0.26487 40.45961 0.65833 -13
-1.29296 -0.00569 66.13282 0 0 0.26501 40.45961 0.65833 -13
-0.01938 0.09208 52.09737 0 0 -2.68710 52.08769 1.55150 -13
1.09260 -0.23144 97.45259 0 0 7.07052 66.72518 2.38741 -13
-1.21903 0.10854 25.68192 0 0 -3.16303 16.34566 0.68988 -13
-0.74811 0.07018 17.95191 0 0 -2.06883 14.38721 0.92969 13
0.87924 0.01740 3.06571 0 0 -0.65695 2.30269 2.29195 13
1.31655 0.07698 96.20085 0 0 -2.24907 58.29729 2.49058 13
-0.87146 -0.24100 46.18677 0 0 7.36588 35.23989 0.86793 -13
1.30836 0.11781 59.80100 0 0 -3.48583 36.47254 2.48566 13
0.43405 -0.18796 94.95862 0 0 5.74597 87.34363 1.97400 13
-1.10665 -0.07914 25.35770 0 0 2.43899 17.02981 0.73637 13
-1.56167 0.06231 66.49161 0 0 -1.78423 35.90522 0.57043 -13
-1.34984 -0.01170 92.66579 0 0 0.44287 55.16423 0.63764 -13
-0.02830 -0.04448 91.57101 0 0 1.42749 91.53445 1.54253 -13
0.95950 -0.10474 84.58697 0 0 3.24884 61.19459 2.33280 -13
-0.06209 -0.07083 17.88703 0 0 2.19065 17.85281 1.50894 13
-0.78454 -0.11014 99.02714 0 0 3.40994 78.08983 0.90848 -13
-0.90033 -0.18340 97.12616 0 0 5.60694 72.71363 0.84602 13
1.09634 -0.16954 4.47287 0 0 5.36289 3.03767 2.39506 -13
1.58419 -0.09967 98.33496 0 0 3.09714 52.67577 2.57629 -13
-1.89601 -0.01567 19.59393 0 0 0.50133 9.14138 0.48540 13
0.77404 0.01650 57.42275 0 0 -0.42719 45.41113 2.22944 13
0.70843 -0.10728 1.45023 0 0 2.90156 1.18589 2.18446 13
-1.80793 -0.01411 47.08694 0 0 0.52870 22.79248 0.50528 -13
0.15342 -0.24678 11.07394 0 0 7.47572 10.95304 1.71866 13
-0.26425 0.14164 33.45735 0 0 -4.17644 32.36795 1.31489 -13
-0.27017 -0.25745 33.45735 0 0 7.86287 32.36795 1.31489 -13
-0.38490 0.09599 21.60893 0 0 -2.83904 20.17842 1.20491 13
0.02238 -0.04105 90.57263 0 0 1.32482 90.54999 1.59316 -13
1.50238 0.03183 26.33432 0 0 -0.91180 14.59695 2.55409 13
-1.30350 0.09511 64.20417 0 0 -2.77537 39.19153 0.65657 -13
1.28151 -0.00569 64.48664 0 0 0.26486 39.67229 2.47895 -13
-0.20520 0.09963 79.29344 0 0 -2.91783 77.69055 1.36938 -13
-0.97999 -0.05557 68.88755 0 0 1.74731 49.23794 0.79628 13
0.21483 0.10317 90.79896 0 0 -3.02536 88.79425 1.78132 -13
-0.00308 0.10673 62.19878 0 0 -3.14592 62.19849 1.56773 13
0.12917 -0.24904 21.22484 0 0 7.56879 21.06012 1.69548 13
1.89084 0.09898 40.48017 0 0 -2.92965 18.99735 2.65310 13
-1.48497 0.13530 16.15870 0 0 -3.94873 9.08231 0.59687 -13
-1.52203 -0.26405 16.15870 0 0 8.10064 9.08231 0.59686 -13
0.74164 0.01264 37.22101 0 0 -0.28479 29.89732 2.20889 -13
0.49450 -0.02397 70.87582 0 0 0.81203 63.53591 2.02992 -13
1.04693 0.12039 55.11497 0 0 -3.53792 38.21146 2.37552 -13
1.07932 -0.27984 55.11497 0 0 8.53613 38.21146 2.37551 -13
0.16222 -0.07662 20.74754 0 0 2.36861 20.48135 1.73115 13
-1.64752 -0.03381 32.99347 0 0 1.12896 17.12712 0.54578 -13
0.34980 -0.22616 52.98990 0 0 6.91490 50.15062 1.89959 -13
0.44589 -0.01532 64.01079 0 0 0.53491 58.46352 1.99018 13
-0.05277 -0.02467 63.58707 0 0 0.83293 63.49879 1.51809 -13
-0.43586 -0.04331 89.70607 0 0 1.39352 82.24652 1.16011 -13
1.59353 -0.19336 58.36352 0 0 5.92947 31.43250 2.57287 -13
1.07426 0.01502 83.19728 0 0 -0.38034 56.69042 2.39193 13
1.20946 -0.03479 10.29217 0 0 1.05774 6.56081 2.45041 13
-0.16744 -0.10004 14.09095 0 0 3.13500 13.89931 1.40571 -13
-0.45757 0.12021 6.18746 0 0 -3.45508 5.63353 1.14437 -13
-0.50259 -0.08474 98.39565 0 0 2.64292 87.97979 1.10651 -13
1.39881 0.11467 71.58294 0 0 -3.36588 41.80986 2.51785 -13
0.56243 -0.23786 39.68005 0 0 7.27152 34.80996 2.07146 -13
1.06786 -0.16600 74.31386 0 0 5.07971 51.16292 2.38222 13
0.01108 0.01542 41.19856 0 0 -0.39570 41.19603 1.58188 13
-2.13416 -0.15680 61.25432 0 0 4.79264 26.25044 0.44287 13
-0.26056 -0.12333 41.78503 0 0 3.81341 40.45422 1.31774 -13
1.98137 0.02333 39.03627 0 0 -0.59551 17.59236 2.67408 -13
0.09646 -0.11191 92.95304 0 0 3.45149 92.52903 1.66636 13
-0.10600 -0.05336 53.57381 0 0 1.68157 53.27615 1.46534 13
0.24891 -0.01878 5.28898 0 0 0.55114 5.13257 1.81471 13
-2.01676 -0.08230 19.16616 0 0 2.62081 8.53707 0.46166 -13
1.67319 -0.21045 57.03261 0 0 6.41223 29.72718 2.59330 13
-0.63400 -0.00158 41.84732 0 0 0.11546 35.34260 1.00576 13
-0.79241 -0.09178 97.83871 0 0 2.84354 76.80643 0.90274 13
-2.13150 0.10901 1.95756 0 0 -3.79646 0.83507 0.44094 13
-0.11433 0.09808 75.09418 0 0 -2.87073 74.61276 1.45750 -13
-0.41402 0.03461 90.19978 0 0 -0.95679 83.34666 1.17847 -13
-1.83506 0.12393 79.51941 0 0 -3.64462 38.27393 0.50216 -13
-1.88929 -0.27611 79.51941 0 0 8.42255 38.27393 0.50216 -13
1.65190 -0.09348 33.84958 0 0 2.87168 17.58542 2.59531 13
1.06160 -0.11485 10.03640 0 0 3.61944 6.90580 2.38280 -13
0.49666 -0.05584 76.23776 0 0 1.77294 68.30108 2.03115 -13
-0.37479 -0.11578 82.38475 0 0 3.56758 77.20735 1.21439 13
-0.30585 -0.16705 46.70802 0 0 5.10906 44.71765 1.27781 13
-0.11713 0.06623 62.30965 0 0 -1.92462 61.88844 1.45445 13
-0.00953 -0.08138 87.86702 0 0 2.54140 87.86305 1.56130 -13
-0.12359 -0.02837 17.03269 0 0 0.90809 16.90421 1.44788 13
-0.61779 -0.16537 12.05762 0 0 5.02128 10.29585 1.02341 13
1.72679 -0.01528 58.81176 0 0 0.52646 29.47550 2.61663 13
-0.19975 -0.22181 72.94401 0 0 6.77919 71.59543 1.37820 -13
-1.90753 0.13108 93.27075 0 0 -3.86183 43.59633 0.48636 -13
-1.95828 -0.26856 93.27075 0 0 8.19329 43.59633 0.48638 -13
0.81270 -0.23456 72.92292 0 0 7.14752 57.18669 2.24016 13
-0.90073 -0.14310 5.21869 0 0 4.52737 3.89537 0.84262 -13
-0.09955 0.10807 82.74838 0 0 -3.18467 82.34602 1.47214 13
-1.02425 0.02937 56.69609 0 0 -0.81676 39.61602 0.77364 13
-0.09305 -0.24676 17.26476 0 0 7.49382 17.19468 1.48070 13
-1.44257 -0.17447 2.92029 0 0 5.62825 1.68012 0.61319 -13
1.09338 -0.08941 27.72990 0 0 2.80413 18.75580 2.39879 -13
-0.28462 -0.15678 2.27943 0 0 5.04369 2.19434 1.29669 -13
-0.19020 -0.11979 65.99097 0 0 3.70225 64.84471 1.38414 -13
-1.77536 -0.06231 12.83639 0 0 1.88367 6.30920 0.51380 13
0.96995 -0.16843 95.52230 0 0 5.15461 69.02959 2.33395 13
-0.35784 -0.19129 2.81008 0 0 5.65998 2.65085 1.23281 13
-1.42827 0.06734 44.00148 0 0 -1.93129 25.27454 0.61189 -13
-0.60308 -0.04996 22.19530 0 0 1.56317 19.01310 1.02867 13
0.54792 0.12589 26.76648 0 0 -3.69496 23.51613 2.06873 -13
0.56365 -0.27396 26.76648 0 0 8.36890 23.51613 2.06873 -13
-0.27697 -0.17095 60.80005 0 0 5.24595 58.65354 1.30428 -13
0.52617 -0.07631 25.15643 0 0 2.40514 22.27636 2.05397 -13
0.81689 -0.22446 56.82135 0 0 6.86344 44.43345 2.24374 -13
-0.81857 0.02886 75.58193 0 0 -0.79757 58.49590 0.88504 13
2.02878 -0.11828 77.33718 0 0 3.66387 34.38340 2.68088 -13
0.03917 -0.17116 75.30883 0 0 5.23756 75.25273 1.60939 13
-1.00241 -0.00350 92.06717 0 0 0.19463 65.02330 0.78420 -13
-0.02913 -0.19607 1.63203 0 0 5.68745 1.63134 1.54222 13
-0.54953 0.03762 24.96963 0 0 -1.03191 21.88672 1.06862 -13
1.79248 0.12466 47.64791 0 0 -3.69948 23.35106 2.62943 13
1.84489 -0.27537 47.64791 0 0 8.36686 23.35106 2.62942 13
0.35572 -0.16860 90.20888 0 0 5.16174 85.12376 1.90816 13
-0.10587 -0.02485 49.91971 0 0 0.82110 49.64241 1.46535 13
0.65668 -0.04535 2.24212 0 0 1.19184 1.87466 2.15138 13
1.37231 0.05411 27.33436 0 0 -1.52069 16.11264 2.51117 -13
-0.69020 -0.18548 35.26884 0 0 5.65876 29.18316 0.97456 13
-0.22767 -0.05949 11.50169 0 0 1.83178 11.21567 1.34732 13
1.55139 -0.20183 79.70809 0 0 6.15834 43.79537 2.55991 13
0.02564 -0.10335 79.04195 0 0 3.20509 79.01627 1.59629 -13
-0.49032 0.14730 13.62001 0 0 -4.32278 12.25431 1.11915 -13
-0.50011 -0.25133 13.62001 0 0 7.70973 12.25431 1.11920 -13
-0.99072 -0.19206 90.33560 0 0 5.86739 64.74741 0.79911 13
-0.28258 -0.04751 99.65975 0 0 1.51930 95.91205 1.29569 -13
1.04319 0.13355 23.01930 0 0 -3.97854 16.00281 2.37291 13
1.06998 -0.26603 23.01930 0 0 8.07173 16.00281 2.37292 13
-0.96681 -0.16286 62.85607 0 0 5.00449 45.47435 0.80881 -13
0.63601 -0.22771 26.52627 0 0 6.97341 22.54351 2.12589 -13
1.04701 -0.07908 86.47312 0 0 2.47543 59.82382 2.37760 -13
0.18551 -0.14432 4.93399 0 0 4.33241 4.85291 1.75238 13
-1.22358 0.11563 62.27313 0 0 -3.39404 39.56320 0.68844 -13
1.69410 0.10887 36.56614 0 0 -3.17699 18.66924 2.60577 -13
-1.03253 -0.18536 71.24320 0 0 5.66267 49.99435 0.77784 13
-0.78225 0.09943 75.54304 0 0 -2.90965 59.61274 0.90936 -13
1.90978 -0.11352 74.61366 0 0 3.51795 34.78453 2.65659 -13
-0.61668 -0.22790 74.54938 0 0 6.94839 63.89025 1.02945 13
0.10748 0.03196 63.98892 0 0 -0.87505 63.62289 1.67781 -13
-0.50125 0.04851 3.83141 0 0 -1.23648 3.42594 1.10662 -13
-0.28304 0.09750 97.71095 0 0 -2.86523 94.05039 1.29620 13
0.23943 0.11396 49.43006 0 0 -3.36633 48.08832 1.80434 13
0.75937 0.06212 44.06345 0 0 -1.80601 35.11710 2.21934 13
-0.74959 0.01972 5.30574 0 0 -0.40049 4.24550 0.92765 -13
0.13049 0.00796 24.79160 0 0 -0.13914 24.58323 1.70055 -13
0.45056 0.02506 56.12413 0 0 -0.66509 51.17275 1.99400 -13
1.75907 -0.18970 45.04613 0 0 5.78167 22.56071 2.61704 13
-1.25551 -0.19109 95.29698 0 0 5.83735 60.02187 0.68135 13
-1.60484 -0.23885 11.56719 0 0 7.20918 6.23929 0.56977 13
0.21548 1.98624 11.56719 0 0 -4.03899 6.23929 1.47420 13
-1.85681 2.04574 11.56719 0 0 -3.73410 6.23929 2.25488 13
-0.19601 -0.17395 43.32918 0 0 5.31718 42.54334 1.38003 13
0.77468 -0.19737 19.50474 0 0 6.06928 15.52862 2.22068 -13
0.39061 -0.03448 53.18139 0 0 1.11146 49.54027 1.94298 13
-0.93705 -0.04185 12.95984 0 0 1.29072 9.46094 0.81832 13
-1.26218 0.08676 77.32746 0 0 -2.52529 48.13075 0.67184 -13
-0.33047 0.11187 54.93713 0 0 -3.30289 52.19429 1.25347 13
0.39088 0.06537 39.72784 0 0 -1.90357 37.01196 1.94270 13
0.34021 0.11330 55.82249 0 0 -3.32760 52.88264 1.89678 -13
-1.21824 -0.23060 2.96528 0 0 7.31150 1.91086 0.70006 -13
-1.33933 0.12622 38.20037 0 0 -3.70474 22.97060 0.64514 -13
-1.37756 -0.27360 38.20037 0 0 8.35877 22.97060 0.64516 -13
-1.32509 -0.06902 43.78653 0 0 2.14468 26.41647 0.64762 13
-0.46485 0.13620 64.35436 0 0 -4.01928 58.45206 1.13917 -13
-0.47628 -0.26314 64.35436 0 0 8.02770 58.45206 1.13916 -13
0.85251 0.03170 89.85359 0 0 -0.88233 68.39324 2.27650 13
1.51755 0.10084 21.82620 0 0 -3.00004 12.05195 2.55662 13
0.92480 -0.10621 13.32932 0 0 3.23653 9.81129 2.31435 13
-0.18872 -0.18795 53.16027 0 0 5.74180 52.26888 1.38740 13
-0.43719 0.09571 68.58455 0 0 -2.79831 62.88727 1.16032 -13
1.05616 -0.22963 36.32066 0 0 7.02884 25.30852 2.37066 -13
-0.39349 -0.00581 97.22477 0 0 0.26202 90.47256 1.19592 -13
-1.77015 -0.04916 80.61435 0 0 1.55225 39.68716 0.51475 13
-0.44328 -0.11470 16.95574 0 0 3.51067 15.51773 1.15596 13
-1.03517 -0.03431 29.29285 0 0 1.09193 20.35807 0.76841 13
0.35745 -0.17775 7.66518 0 0 5.37222 7.23059 1.90920 13
0.07867 0.01192 55.43020 0 0 -0.28692 55.25947 1.64930 13
-0.36153 -0.21459 44.36365 0 0 6.56441 41.82707 1.23102 -13
0.64832 -0.05308 52.85145 0 0 1.67157 44.36531 2.14535 13
0.42033 0.12627 90.67607 0 0 -3.72211 83.69038 1.96589 -13
0.43235 -0.27362 90.67607 0 0 8.34097 83.69038 1.96589 -13
-0.40673 -0.21913 47.15863 0 0 6.70321 43.82638 1.19261 -13
1.90798 -0.03036 64.63271 0 0 0.98051 30.01473 2.65865 13
-0.29457 0.02104 49.01769 0 0 -0.56360 47.02096 1.28439 13
-0.41901 -0.13257 60.91706 0 0 4.07194 56.25709 1.17710 13
0.33716 0.14049 53.86942 0 0 -4.14729 51.09628 1.89304 -13
0.34489 -0.25866 53.86942 0 0 7.89352 51.09628 1.89306 -13
0.36992 -0.03829 88.01040 0 0 1.23054 82.55117 1.92487 13
1.70425 -0.25227 11.67544 0 0 7.60209 6.04502 2.59739 13
-2.09444 -0.13615 77.47594 0 0 4.20296 33.63310 0.44903 -13
-0.10277 -0.14111 38.90888 0 0 4.35095 38.70903 1.46939 -13
-0.25181 -0.08073 38.42363 0 0 2.50312 37.26764 1.32488 13
-1.79363 0.11897 94.69493 0 0 -3.49663 46.36078 0.51160 -13
-1.85025 -0.28136 94.69493 0 0 8.57683 46.36078 0.51159 -13
1.18078 -0.21567 53.41769 0 0 6.60185 34.97791 2.42767 -13
1.64663 -0.06727 49.28154 0 0 2.13076 25.62370 2.59482 -13
0.23052 -0.08016 68.99149 0 0 2.50663 67.23927 1.79665 -13
0.64993 0.02599 54.83165 0 0 -0.71348 45.97939 2.14697 13
0.43695 -0.02973 1.17935 0 0 1.41365 1.08073 1.98258 -13
-0.71348 0.07181 31.84355 0 0 -2.06647 25.94469 0.95230 -13
-1.52859 -0.14453 73.61479 0 0 4.45313 40.59238 0.58407 -13
0.61905 0.06954 22.32720 0 0 -1.99054 18.99719 2.12403 -13
-0.01093 -0.03111 62.61437 0 0 1.02749 62.61063 1.55987 -13
0.59121 0.12941 11.92875 0 0 -3.87012 10.29010 2.10110 13
0.60750 -0.27042 11.92875 0 0 8.18647 10.29010 2.10118 13
0.35449 0.08469 8.19703 0 0 -2.40998 7.72885 1.91034 -13
-0.17732 -0.19547 38.29897 0 0 5.99072 37.73187 1.39850 -13
2.05535 -0.07124 81.48649 0 0 2.24439 35.72398 2.68778 -13
0.70920 0.12304 8.02668 0 0 -3.55442 6.56367 2.18413 -13
0.73036 -0.27690 8.02668 0 0 8.51620 6.56367 2.18411 -13
0.78262 0.12305 10.69608 0 0 -3.68919 8.44694 2.23121 13
0.80610 -0.27733 10.69608 0 0 8.37821 8.44694 2.23122 13
-0.97724 -0.16560 76.14905 0 0 5.08569 54.81987 0.80367 -13
1.93040 -0.19882 47.32672 0 0 6.10133 22.10362 2.65567 -13
-0.73189 0.02239 41.33309 0 0 -0.60882 33.35697 0.93910 13
-0.20263 -0.10009 56.77607 0 0 3.09182 55.65609 1.37184 13
0.26679 -0.15932 13.58262 0 0 4.92476 13.13424 1.82841 -13
-0.88096 -0.21972 7.72831 0 0 6.80016 5.85841 0.86027 -13
0.34402 -0.03876 90.05207 0 0 1.24490 85.16082 1.90190 13
1.38891 -0.12772 85.70417 0 0 3.94367 50.34341 2.51373 -13
-0.98218 0.00202 26.34443 0 0 0.04610 18.79545 0.79439 -13
0.41861 -0.00390 44.09006 0 0 0.18693 40.67040 1.96724 13
1.75337 0.01354 52.40565 0 0 -0.34617 25.96466 2.62323 13
-0.65475 -0.13430 73.31816 0 0 4.14026 61.50371 0.99518 -13
-2.11491 -0.23265 28.80504 0 0 7.05488 12.57997 0.45195 13
0.82048 0.06873 95.98699 0 0 -1.99836 74.27698 2.25674 13
0.18794 -0.11911 91.26766 0 0 3.66845 89.71874 1.75529 13
-0.31574 -0.12202 19.72143 0 0 3.78762 18.81889 1.26708 -13
-0.22045 0.08371 20.63177 0 0 -2.41962 20.15129 1.35455 -13
-1.11745 -0.01323 7.81592 0 0 0.38810 5.21245 0.73003 13
0.65861 0.10952 34.49000 0 0 -3.23961 28.85565 2.15046 13
-0.02320 -0.06412 89.02821 0 0 2.02088 89.00436 1.54765 -13
-1.15048 -0.07772 24.39380 0 0 2.39393 16.03001 0.71703 13
-0.81586 0.06606 91.54168 0 0 -1.91859 70.99188 0.88753 13
1.79759 0.12882 49.95634 0 0 -3.78565 24.43969 2.63042 -13
1.84711 -0.27093 49.95634 0 0 8.27323 24.43969 2.63042 -13
-0.75243 0.14814 21.20926 0 0 -4.41551 17.01336 0.93095 13
-0.76734 -0.25076 21.20926 0 0 7.61461 17.01336 0.93095 13
-1.19110 -0.15681 83.58561 0 0 4.80237 54.12729 0.70439 13
-1.83994 -0.22864 99.59763 0 0 6.98774 48.49868 0.50860 -13
-0.17733 -0.22910 47.22563 0 0 6.98122 46.53557 1.39964 13
-1.40023 -0.14593 82.42771 0 0 4.49347 48.23920 0.62516 -13
1.19985 0.08549 36.29522 0 0 -2.51860 23.28742 2.44500 13
1.76493 -0.20655 58.63405 0 0 6.29484 29.36250 2.61709 13
-0.78092 0.05946 59.43011 0 0 -1.72260 46.87006 0.90865 13
0.59179 -0.00909 99.74697 0 0 0.34984 85.84269 2.10514 13
0.27294 0.14357 13.84618 0 0 -4.28772 13.36698 1.83467 13
0.27887 -0.25553 13.84618 0 0 7.74813 13.36698 1.83469 13
0.19397 0.09314 19.97750 0 0 -2.75174 19.61506 1.76158 13
-1.65581 0.13041 28.52468 0 0 -3.88666 14.83770 0.54704 13
-1.70036 -0.26930 28.52468 0 0 8.16918 14.83770 0.54706 13
-0.75262 0.00820 29.20129 0 0 -0.18709 23.33195 0.92564 13
-1.56619 -0.00866 9.28205 0 0 0.24708 4.99528 0.56826 13
-1.02358 -0.22725 47.62709 0 0 6.92084 33.70883 0.78634 13
1.41059 -0.15872 5.45365 0 0 5.02719 3.18026 2.51902 -13
-0.21902 -0.17863 95.20669 0 0 5.47488 93.06811 1.35844 -13
0.30149 0.08244 48.35399 0 0 -2.41571 46.30864 1.86269 13
-0.43674 -0.23087 44.54672 0 0 7.03208 40.98934 1.16846 13
-0.07301 0.03784 6.67525 0 0 -0.98921 6.65752 1.49797 -13
1.37539 0.01549 77.90968 0 0 -0.39609 45.81918 2.51287 13
0.97364 -0.06438 69.80227 0 0 2.01391 50.06276 2.34180 13
-0.58886 0.04453 51.12006 0 0 -1.25120 44.06120 1.03904 -13
1.43568 -0.11978 88.88517 0 0 3.68452 51.04579 2.52985 13
-0.10627 0.03865 11.37662 0 0 -1.04275 11.31302 1.46500 -13
1.04253 -0.06857 42.60690 0 0 2.16704 29.53009 2.37584 -13
1.02814 0.07416 70.88405 0 0 -2.14586 49.49197 2.36870 -13
1.99689 -0.11254 10.05318 0 0 3.37527 4.52451 2.67480 13
-0.91463 -0.11408 22.07525 0 0 3.55260 16.33720 0.83317 -13
-0.31707 -0.22509 22.73105 0 0 6.89434 21.71593 1.27080 -13
0.13909 -0.12665 60.28229 0 0 3.89451 59.71638 1.70792 13
-0.01780 -0.22697 9.09265 0 0 6.86964 9.09129 1.55344 13
0.98429 -0.10875 74.92321 0 0 3.35246 53.55042 2.34534 13
-0.40663 -0.21151 48.30752 0 0 6.47267 44.88589 1.19216 -13
-0.61738 -0.22912 60.97487 0 0 7.00278 52.24433 1.02907 -13
1.14183 -0.06419 23.78935 0 0 2.04927 15.69150 2.42130 -13
1.56835 -0.13114 99.03778 0 0 4.04685 53.56878 2.57010 -13
0.20137 -0.54655 99.03778 0 0 4.07262 53.56878 1.74569 -13
-0.23832 0.62518 99.03778 0 0 5.61535 53.56878 1.77019 -13
7.38499 2.66930 99.03778 0 0 2.70936 53.56878 2.77323 -13
-1.61555 -0.18429 47.51761 0 0 5.62055 25.31205 0.56176 13
0.41545 0.13425 75.38363 0 0 -3.97513 69.70591 1.96139 13
0.42600 -0.26523 75.38363 0 0 8.07531 69.70591 1.96140 13
-0.45240 -0.22153 40.41341 0 0 6.75076 36.96775 1.15487 13
-0.00368 -0.24377 87.36809 0 0 7.44008 87.36753 1.56722 -13
-0.12982 0.02723 6.64851 0 0 -0.81413 6.59320 1.44174 13
1.18132 -0.11930 7.92788 0 0 3.58386 5.14356 2.43564 13
-1.34437 -0.04710 44.93444 0 0 1.52006 26.83756 0.64008 -13
-0.42040 0.07850 20.95480 0 0 -2.31241 19.32609 1.17393 13
0.85403 0.10057 17.59669 0 0 -2.91669 13.40938 2.27514 -13
0.53710 0.09631 75.21698 0 0 -2.83154 66.33210 2.06176 13
-1.80152 -0.05667 44.13429 0 0 1.76727 21.44543 0.50742 13
-0.05989 0.05021 64.90284 0 0 -1.44106 64.78704 1.51105 13
-0.23378 0.12380 23.18227 0 0 -3.63067 22.58256 1.34282 -13
-0.24074 -0.27618 23.18227 0 0 8.43637 22.58256 1.34278 -13
-1.23967 -0.14805 53.78328 0 0 4.56177 33.98930 0.68410 -13
-0.94595 -0.24570 92.84132 0 0 7.48549 68.37172 0.82778 13
0.58164 0.14179 8.14983 0 0 -4.12453 7.06226 2.09329 -13
0.59462 -0.25716 8.14983 0 0 7.91522 7.06226 2.09329 -13
-0.45509 -0.01150 53.80133 0 0 0.43810 48.96941 1.14375 -13
-0.16325 -0.21570 56.62011 0 0 6.59736 55.91267 1.41255 -13
0.39138 0.10967 98.43903 0 0 -3.22150 91.74084 1.94182 -13
-1.31904 0.00058 47.40339 0 0 0.04673 28.63832 0.64868 13
-0.02366 -0.23473 2.72876 0 0 7.34965 2.72804 1.54777 -13
0.01004 -0.15521 98.66604 0 0 4.76811 98.66118 1.58072 -13
1.27770 -0.09331 98.57888 0 0 2.90404 60.92058 2.47541 -13
-0.80752 -0.20237 15.22541 0 0 6.22939 11.93836 0.90127 -13
0.33152 -0.01590 52.67506 0 0 0.55114 49.99957 1.89088 13
1.34526 -0.23375 62.33032 0 0 7.11866 37.82132 2.48958 13
1.73663 0.12779 96.43237 0 0 -3.76341 48.41399 2.61563 -13
