0.43548 0.10315 67.97530 0 0 -3.02214 62.37449 1.97958 -13
1.13089 -0.03333 17.75373 0 0 1.12786 11.76407 2.41727 -13
0.18164 0.13970 70.23040 0 0 -4.12565 69.12068 1.74879 -13
0.18585 -0.25949 70.23040 0 0 7.91630 69.12068 1.74879 -13
-0.93941 -0.20263 98.14720 0 0 6.20076 72.20463 0.82666 -13
-0.31894 -0.08079 71.73366 0 0 2.52548 68.36250 1.26300 -13
-0.04798 -0.08434 94.66933 0 0 2.62052 94.56132 1.52303 13
0.50800 -0.14698 71.41931 0 0 4.52265 63.81262 2.03653 -13
-0.31483 0.06560 20.81738 0 0 -1.87273 19.86049 1.26641 -13
1.30343 -0.08370 72.72107 0 0 2.61697 44.36317 2.48548 -13
-0.41838 -0.22038 10.16726 0 0 6.67437 9.41195 1.18292 13
-0.85488 0.06244 66.46798 0 0 -1.79306 50.56449 0.86444 -13
-0.03320 -0.17097 23.84311 0 0 5.21735 23.83037 1.53809 13
1.82958 -0.02546 82.28698 0 0 0.86180 39.47544 2.64125 -13
-1.83412 0.08576 4.71075 0 0 -2.72307 2.26016 0.50071 13
-1.39524 -0.20571 12.37014 0 0 6.21209 7.30538 0.63170 13
-1.51334 0.12257 22.46154 0 0 -3.57591 12.44694 0.58736 -13
-1.55883 -0.27744 22.46154 0 0 8.49471 12.44694 0.58736 -13
1.94203 -0.23276 44.37849 0 0 7.07833 20.74172 2.65526 13
0.26795 -0.16443 44.37849 0 0 7.29478 20.74172 1.31231 13
0.68826 0.08340 13.68670 0 0 -2.38879 11.28668 2.17198 -13
1.03797 0.13982 41.73007 0 0 -4.11765 29.09319 2.36999 -13
1.06195 -0.25934 41.73007 0 0 7.92386 29.09319 2.36997 -13
0.91817 -0.16439 16.44227 0 0 4.99847 12.18514 2.30692 13
-0.54095 -0.24720 64.82844 0 0 7.52728 57.39620 1.08724 13
-0.28628 -0.14556 82.48455 0 0 4.47830 79.36156 1.29473 -13
-0.45515 0.06322 16.11571 0 0 -1.85889 14.67309 1.14442 13
0.06120 -0.10443 25.69338 0 0 3.25020 25.64594 1.63159 -13
0.06576 0.10186 43.87359 0 0 -3.00256 43.78008 1.63612 13
-0.16385 -0.06393 53.54270 0 0 2.01824 52.84095 1.40872 -13
0.21636 -0.23209 7.79352 0 0 7.01134 7.62597 1.77851 13
-0.26221 -0.18167 85.87795 0 0 5.56669 83.15491 1.31831 -13
-1.38154 -0.13560 87.20566 0 0 4.18073 51.43748 0.63087 -13
-1.81676 0.08472 93.46222 0 0 -2.48499 45.19211 0.50469 13
-0.14613 0.07121 83.49091 0 0 -2.06091 82.61787 1.42606 -13
-0.66435 -0.15339 91.20893 0 0 4.70206 76.24025 0.98975 13
-0.79325 -0.21491 55.54428 0 0 6.57592 43.89112 0.91115 -13
0.04090 -0.23164 8.60785 0 0 7.00699 8.60102 1.61062 13
0.06813 0.02888 15.55063 0 0 -0.75892 15.51466 1.63879 -13
1.00839 0.04875 5.92069 0 0 -1.27162 4.17147 2.35978 -13
0.09106 0.03423 22.81754 0 0 -0.97288 22.72366 1.66155 13
0.52179 0.01662 83.39224 0 0 -0.42676 73.93476 2.05167 13
0.13075 0.04370 66.14660 0 0 -1.22958 65.58937 1.70068 -13
1.39214 0.06807 49.69935 0 0 -1.98867 29.03947 2.51758 13
-1.12767 0.08407 91.47720 0 0 -2.44677 60.81243 0.72721 -13
2.00597 -0.08763 20.45242 0 0 2.67361 9.15247 2.67761 13
0.27310 0.03882 77.85690 0 0 -1.08325 75.11029 1.83721 -13
0.10261 -0.22222 50.10951 0 0 6.77503 49.86004 1.67063 13
-0.09973 -0.12766 9.23628 0 0 3.98442 9.19137 1.47219 -13
0.74212 -0.00774 77.32207 0 0 0.30713 62.09254 2.20922 13
0.27430 -0.08942 11.88865 0 0 2.82124 11.46835 1.83750 -13
0.19464 -0.19252 47.43818 0 0 5.89969 46.59489 1.75964 -13
2.04026 0.10536 90.36029 0 0 -3.11029 39.94538 2.68368 13
2.03378 -0.23255 98.92963 0 0 7.10685 44.58205 2.67410 -13
-0.23012 -0.06329 55.92820 0 0 1.98162 54.50915 1.34505 13
0.66869 -0.01705 35.95121 0 0 0.57958 29.88654 2.16013 13
0.01616 0.04844 37.42069 0 0 -1.36725 37.41581 1.58694 -13
-0.42276 0.03324 72.47095 0 0 -0.91397 66.75636 1.17102 -13
0.61053 0.06017 98.15170 0 0 -1.72784 83.81367 2.11812 -13
-0.21126 -0.22656 90.88222 0 0 6.90935 89.01259 1.36760 13
0.18014 -0.06441 94.52250 0 0 2.01919 93.03131 1.74867 13
0.05979 -0.10991 2.47783 0 0 3.18722 2.47348 1.63016 13
0.80074 -0.13081 29.50078 0 0 4.00644 23.10374 2.24185 13
-0.14970 -0.17415 79.69186 0 0 5.34047 78.83914 1.42437 -13
1.69234 0.03340 99.19729 0 0 -0.93620 50.48401 2.60765 13
-0.31414 0.10607 50.85368 0 0 -3.12868 48.54025 1.26801 13
0.48800 0.06276 89.39449 0 0 -1.80614 80.36898 2.02402 -13
0.53702 -0.05999 13.82340 0 0 1.92853 12.18327 2.06287 -13
0.44594 0.04609 78.15268 0 0 -1.30158 71.38931 1.98987 -13
0.79717 -0.02907 6.21249 0 0 0.85770 4.85876 2.24360 13
-1.73534 -0.09254 16.32089 0 0 2.92800 8.17568 0.52462 -13
-0.72885 -0.11241 42.10623 0 0 3.48605 34.10106 0.94396 -13
0.34545 -0.04095 58.33081 0 0 1.32524 55.13879 1.90315 -13
1.38004 0.09048 69.30102 0 0 -2.66102 40.77238 2.51260 13
0.63817 0.04833 50.67028 0 0 -1.36540 42.72821 2.13828 -13
-1.24912 -0.02413 76.70674 0 0 0.81971 47.94728 0.67522 -13
-0.89483 -0.13953 59.24256 0 0 4.27923 44.33667 0.84563 13
0.48517 0.13821 92.34645 0 0 -4.08223 83.23287 2.01881 -13
0.49671 -0.26104 92.34645 0 0 7.96168 83.23287 2.01881 -13
1.35213 0.06274 71.84354 0 0 -1.80014 42.77350 2.50386 -13
0.16829 -0.09387 81.74432 0 0 2.91874 80.62042 1.73681 -13
-0.17346 0.01251 70.41840 0 0 -0.28914 69.38255 1.39906 -13
-1.35568 -0.07304 17.57178 0 0 2.23680 10.44921 0.63681 13
-2.04582 0.11094 44.90958 0 0 -3.24225 19.81905 0.45707 -13
-0.60252 -0.18309 84.18544 0 0 5.61089 72.42104 1.03579 -13
0.68279 -0.16280 41.73939 0 0 4.97770 34.61299 2.16380 13
-1.32502 -0.03798 5.61934 0 0 1.08204 3.38688 0.64685 13
-0.19829 0.11094 20.69802 0 0 -3.28933 20.30742 1.37621 13
1.23039 0.06383 64.76908 0 0 -1.85613 40.89949 2.45813 13
2.00475 0.14214 60.13931 0 0 -4.18891 27.05967 2.67489 -13
2.04943 -0.25694 60.13931 0 0 7.84986 27.05967 2.67492 -13
0.25328 0.09453 41.40185 0 0 -2.78252 40.14538 1.81780 13
0.96307 0.09074 64.27515 0 0 -2.66647 46.38766 2.33534 13
0.01385 0.14412 33.95913 0 0 -4.25177 33.95593 1.58450 -13
0.01414 -0.25488 33.95913 0 0 7.78330 33.95593 1.58450 -13
-0.29767 -0.09667 58.67290 0 0 2.98830 56.25544 1.28275 13
0.93493 0.14175 18.23716 0 0 -4.23120 13.38322 2.31762 13
0.95580 -0.25750 18.23716 0 0 7.80707 13.38322 2.31758 13
0.15966 0.04648 33.51878 0 0 -1.33582 33.10050 1.72895 13
-0.53043 -0.11133 1.03746 0 0 3.96580 0.91746 1.08565 -13
0.38807 -0.20747 1.78775 0 0 6.64886 1.67103 1.93392 -13
-0.35135 -0.21719 88.07428 0 0 6.62686 83.30104 1.24006 13
0.29901 0.04102 4.06024 0 0 -1.28309 3.89033 1.86112 13
-0.28703 0.02484 56.53003 0 0 -0.65931 54.33727 1.29136 -13
-1.15776 -0.11373 59.38584 0 0 3.52411 38.96182 0.71559 -13
-1.30579 0.13977 34.76324 0 0 -4.15812 21.26503 0.65822 13
-1.33601 -0.25947 34.76324 0 0 7.88316 21.26503 0.65824 13
-0.09094 0.13580 61.96499 0 0 -4.02351 61.71498 1.48093 13
-0.09320 -0.26359 61.96499 0 0 8.02420 61.71498 1.48092 13
-0.47437 -0.17274 25.63786 0 0 5.31234 23.22572 1.13353 -13
-0.85756 -0.22372 17.63240 0 0 6.86805 13.52236 0.87398 -13
-0.24573 0.08019 88.89260 0 0 -2.34324 86.34025 1.33058 13
-0.23140 -0.18270 6.32865 0 0 5.50675 6.17066 1.34698 13
-0.96394 0.04980 47.74205 0 0 -1.43474 34.39351 0.80438 13
-0.32499 0.05307 70.67150 0 0 -1.52678 67.22044 1.25699 13
0.16428 -0.08810 9.94674 0 0 2.78938 9.81611 1.73300 -13
-1.21299 0.11360 83.74597 0 0 -3.35447 53.47511 0.69260 13
0.25463 0.08476 11.52883 0 0 -2.42974 11.17464 1.81927 -13
1.41646 -0.05196 70.45615 0 0 1.66065 40.67125 2.52622 -13
-0.15872 0.11686 81.56817 0 0 -3.43767 80.57316 1.41444 -13
-1.12797 -0.16434 67.73051 0 0 5.02809 45.26596 0.73195 13
-0.46401 0.05999 97.24107 0 0 -1.72279 88.23600 1.13704 -13
0.28325 0.04255 77.76448 0 0 -1.20880 74.82586 1.84658 13
1.35231 -0.13673 81.93677 0 0 4.21484 49.00863 2.50043 -13
1.79443 -0.08058 67.42303 0 0 2.52686 32.90262 2.63180 -13
0.17195 -0.17917 29.46982 0 0 5.46815 29.05651 1.73846 13
0.52076 0.13296 2.36049 0 0 -4.15318 2.09755 2.04733 13
0.53443 -0.26704 2.36049 0 0 7.89398 2.09755 2.04742 13
-0.27748 -0.23529 72.69151 0 0 7.17191 70.17659 1.30698 13
-0.45081 -0.04585 45.58136 0 0 1.47612 41.56112 1.14766 -13
-0.06446 -0.10903 59.00240 0 0 3.37847 58.88164 1.50681 -13
-0.31311 0.03439 7.34649 0 0 -1.02552 7.01133 1.26752 13
0.16700 0.01595 69.80294 0 0 -0.39272 68.84975 1.73625 -13
1.12334 0.14787 89.60419 0 0 -4.37055 59.93749 2.40884 -13
1.14570 -0.25096 89.60419 0 0 7.66061 59.93749 2.40884 -13
2.01646 0.08037 96.69672 0 0 -2.33260 43.07260 2.67993 -13
-0.78551 -0.00687 16.78741 0 0 0.32557 13.20151 0.90496 -13
-0.54271 -0.13356 42.56128 0 0 4.09732 37.48265 1.07727 13
-0.33433 -0.12160 43.17276 0 0 3.76176 40.97499 1.25035 -13
0.16825 -0.06191 73.16564 0 0 1.94193 72.15530 1.73717 13
1.96656 -0.06678 29.79069 0 0 2.06054 13.52672 2.67027 13
1.00191 0.06296 19.51411 0 0 -1.78283 13.79906 2.35616 -13
1.05277 -0.19552 40.03399 0 0 5.96049 27.84195 2.37252 13
-1.74853 0.06020 94.56937 0 0 -1.74503 47.01359 0.52029 13
-1.56440 -0.17905 28.21030 0 0 5.44830 15.36413 0.57594 13
-0.25338 -0.21255 78.75485 0 0 6.49943 76.44215 1.32785 -13
1.79375 0.13165 52.58596 0 0 -3.87195 25.77362 2.62935 -13
1.84111 -0.26791 52.58596 0 0 8.18177 25.77362 2.62935 -13
0.85352 0.12274 46.12278 0 0 -3.60782 35.19171 2.27364 -13
0.87912 -0.27733 46.12278 0 0 8.46170 35.19171 2.27363 -13
1.03117 0.14990 22.04560 0 0 -4.41010 15.43500 2.36599 -13
1.05091 -0.24876 22.04560 0 0 7.61899 15.43500 2.36601 -13
0.03249 -0.10423 8.75407 0 0 3.27896 8.74952 1.60310 -13
-0.04517 -0.06358 50.17384 0 0 1.98951 50.12294 1.52575 13
-1.32047 -0.07339 92.55039 0 0 2.28619 55.97000 0.64945 13
-1.21884 -0.11168 9.94266 0 0 3.53159 6.33073 0.69013 -13
-1.50725 -0.06797 71.63418 0 0 2.12060 39.66733 0.58684 13
-0.82224 -0.18767 50.64028 0 0 5.75435 39.38689 0.89112 -13
1.58891 0.04450 4.47725 0 0 -1.07171 2.38640 2.57942 -13
0.24667 -0.10744 31.80837 0 0 3.30649 30.89280 1.81130 13
0.32668 -0.02829 63.60305 0 0 0.94306 60.46151 1.88643 -13
-0.15248 0.08982 63.60305 0 0 0.94024 60.46151 1.42008 -13
-0.52925 2.40768 63.60305 0 0 2.92047 60.46151 1.77108 -13
-0.18733 0.97312 63.60305 0 0 4.38457 60.46151 1.70425 -13
0.00597 -0.12570 63.60305 0 0 2.96728 60.46151 1.57672 -13
-0.03996 -0.10183 63.60305 0 0 4.58173 60.46151 1.61053 -13
-0.70907 -0.18891 63.60305 0 0 3.26727 60.46151 0.96226 -13
0.43722 0.82914 63.60305 0 0 4.20126 60.46151 1.24613 -13
0.72744 -4.41641 63.60305 0 0 4.37528 60.46151 1.73008 -13
-0.54111 -0.18416 61.93962 0 0 5.64582 54.67938 1.08176 -13
-0.01842 -0.10238 94.19292 0 0 3.16405 94.17707 1.55247 13
1.22275 0.03352 64.52548 0 0 -0.94395 40.86219 2.45580 13
0.38153 0.05205 68.25604 0 0 -1.49644 63.78318 1.93483 13
-0.68969 0.02646 75.54270 0 0 -0.70925 62.19375 0.96719 -13
-1.18039 -0.10736 2.87457 0 0 3.59430 1.86352 0.70568 -13
-0.40778 0.05605 94.26546 0 0 -1.60405 87.30682 1.18415 -13
-0.54902 -0.04114 71.01875 0 0 1.33010 62.26590 1.06907 -13
-1.80717 -0.18830 62.03024 0 0 5.74610 30.43466 0.51283 13
-0.55797 -0.17319 21.96254 0 0 5.27945 19.24630 1.06812 13
-0.88286 -0.23932 79.03602 0 0 7.29139 59.96476 0.86132 13
1.34457 -0.17815 56.40140 0 0 5.46994 33.99724 2.49462 -13
-1.37092 0.07400 6.10259 0 0 -2.01921 3.60276 0.63151 -13
0.02990 -0.09182 56.95531 0 0 2.84254 56.93008 1.60057 13
0.91216 -0.01351 69.09471 0 0 0.49849 51.04995 2.31024 -13
-0.62526 -0.07591 91.04457 0 0 2.36504 77.25889 1.01330 13
-1.19823 0.07212 41.64547 0 0 -2.07621 26.72428 0.69674 -13
0.34812 -0.18159 40.29090 0 0 5.54616 38.11699 1.90079 13
-0.26958 -0.12183 55.59522 0 0 3.76517 53.70545 1.30932 -13
-0.02692 0.07290 96.98355 0 0 -2.12291 96.94864 1.54395 13
-1.01755 -0.12421 45.15207 0 0 3.81259 31.77124 0.78053 13
0.92987 -0.03098 23.38826 0 0 1.04480 17.13130 2.31963 -13
-0.58007 0.06430 53.15514 0 0 -1.84782 46.00368 1.04606 -13
-0.46658 -0.04069 62.68211 0 0 1.31746 56.81186 1.13455 -13
-0.06143 -0.00218 96.68094 0 0 0.14214 96.49903 1.50944 13
-0.06142 0.04081 96.66263 0 0 -1.14461 96.48111 1.50950 -13
-0.47726 -0.13326 93.92779 0 0 4.09515 84.90633 1.12892 13
-0.74121 0.11458 28.66112 0 0 -3.39665 23.07866 0.93606 13
-1.31355 -0.11597 43.04824 0 0 3.56148 26.18580 0.65391 13
1.19153 -0.09690 76.40683 0 0 3.01433 49.25370 2.44107 -13
-0.74396 0.02360 97.63840 0 0 -0.62486 78.34507 0.93131 -13
-0.29664 0.13628 20.66681 0 0 -4.05195 19.82802 1.28493 13
-0.30393 -0.26311 20.66681 0 0 7.99482 19.82802 1.28492 13
-0.32070 -0.13491 87.27239 0 0 4.15660 83.17289 1.26307 -13
0.46619 -0.21625 91.56606 0 0 6.59853 83.32385 1.99834 13
-1.42293 0.00249 31.01432 0 0 0.03376 17.83269 0.61259 -13
1.37230 -0.09650 97.79528 0 0 3.00077 57.76902 2.50965 -13
-1.54663 0.01755 28.29472 0 0 -0.47918 15.36493 0.57403 13
0.44277 -0.08707 72.98752 0 0 2.70011 66.77929 1.98623 13
1.74107 -0.03679 57.88390 0 0 1.17354 28.84406 2.61995 13
-0.68497 -0.02006 38.39146 0 0 0.67126 31.67549 0.97033 13
-0.71498 -0.19560 45.46420 0 0 5.99525 37.21673 0.95894 -13
1.14264 0.07763 53.01231 0 0 -2.27520 34.97266 2.42118 13
0.53290 -0.18824 1.74688 0 0 6.08712 1.54729 2.05322 -13
-1.41051 0.09449 37.78056 0 0 -2.74810 21.91524 0.61882 -13
-1.22105 -0.05515 26.42778 0 0 1.77400 16.76020 0.68694 -13
1.59647 -0.14362 10.07025 0 0 4.32251 5.38545 2.57740 13
0.10000 -0.04599 72.60189 0 0 1.47590 72.24222 1.67037 -13
1.03503 -0.05619 69.66624 0 0 1.76613 48.44603 2.37262 13
-0.29311 -0.07648 90.55121 0 0 2.39352 86.91512 1.28645 -13
-0.68594 -0.08796 56.83325 0 0 2.74493 46.92518 0.97137 -13
-0.95741 -0.03943 72.84868 0 0 1.26129 52.63963 0.80754 13
1.09482 0.02967 63.78993 0 0 -0.80244 43.03070 2.40121 -13
-1.44900 -0.13576 33.43265 0 0 4.20328 19.10667 0.60835 -13
-0.28034 0.00421 77.78272 0 0 -0.03918 74.89552 1.29748 -13
-0.72235 -0.14794 60.99248 0 0 4.55342 49.62506 0.95036 -13
0.40943 -0.02587 88.94677 0 0 0.86721 82.31868 1.95929 -13
0.56804 -0.03763 51.39260 0 0 1.22708 44.69418 2.08708 -13
0.22892 -0.01594 1.47596 0 0 0.22277 1.43870 1.79581 13
0.74553 0.10961 88.91521 0 0 -3.21801 71.43644 2.20857 -13
0.32493 -0.04682 22.26425 0 0 1.51661 21.17667 1.88464 -13
-0.31397 -0.20464 85.89498 0 0 6.26032 82.09887 1.27239 -13
0.55713 -0.22387 82.32101 0 0 6.82726 72.32338 2.06877 13
1.34529 0.01685 68.06283 0 0 -0.43867 40.60725 2.50230 13
0.53872 -0.03870 74.01676 0 0 1.25613 65.17344 2.06463 -13
0.68613 -0.14708 28.12464 0 0 4.53872 23.26974 2.16717 -13
0.45555 0.02840 76.51194 0 0 -0.76840 69.63226 1.99811 -13
-0.13096 -0.10808 15.44381 0 0 3.37477 15.31453 1.44132 -13
-0.11347 -0.04910 4.45227 0 0 1.45160 4.42392 1.45795 13
-1.01153 -0.15966 10.93236 0 0 4.96020 7.73470 0.78596 -13
0.39170 -0.00804 63.51270 0 0 0.31545 59.13801 1.94412 13
-0.43490 -0.10828 21.16703 0 0 3.32246 19.42892 1.16270 13
0.23730 -0.10867 64.01983 0 0 3.35105 62.30939 1.80247 13
0.37649 -0.04271 57.22405 0 0 1.36040 53.56026 1.93057 13
0.84069 0.14751 65.39374 0 0 -4.37819 50.27706 2.26456 13
0.85758 -0.25135 65.39374 0 0 7.65338 50.27706 2.26458 13
-0.74451 -0.06444 31.78675 0 0 2.04501 25.51500 0.93181 -13
-0.32932 0.10797 96.61736 0 0 -3.17041 91.82100 1.25438 -13
-0.83907 -0.02424 6.62705 0 0 0.90968 5.07724 0.87282 -13
-0.36431 -0.24580 33.22293 0 0 7.47910 31.32087 1.23076 13
-0.80511 -0.13885 79.44402 0 0 4.27779 62.11165 0.89760 -13
-1.55872 -0.07796 5.42579 0 0 2.61805 2.93747 0.57179 -13
-1.30414 0.13385 12.31867 0 0 -3.88955 7.53806 0.65845 -13
-1.33752 -0.26550 12.31867 0 0 8.16174 7.53806 0.65841 -13
-1.22522 -0.01929 51.81004 0 0 0.64787 32.76350 0.68462 13
-0.97483 -0.00345 30.52864 0 0 0.16289 21.86039 0.79815 13
0.54346 -0.18546 73.04454 0 0 5.68273 64.42398 2.06154 -13
0.73771 -0.01684 93.03830 0 0 0.59565 74.87444 2.20631 -13
0.73256 0.09253 62.41904 0 0 -2.70004 50.42847 2.20101 -13
-0.00911 -0.20683 89.45205 0 0 6.31482 89.44849 1.56188 13
-0.05435 0.14321 72.04431 0 0 -4.23205 71.94025 1.51705 -13
-0.05553 -0.25582 72.04431 0 0 7.80485 71.94025 1.51705 -13
1.28012 -0.19910 33.72358 0 0 6.11135 21.01054 2.46898 -13
0.44366 -0.01670 90.05071 0 0 0.57933 82.31531 1.98831 13
0.91695 -0.10187 16.17198 0 0 3.19335 11.94750 2.31033 -13
2.00835 0.07244 76.04865 0 0 -2.08874 33.96729 2.67856 -13
0.18573 -0.08975 48.53289 0 0 2.77810 47.72322 1.75371 13
0.16253 0.02275 6.28257 0 0 -0.68265 6.20129 1.73188 13
1.48665 -0.21076 81.54861 0 0 6.44882 46.19600 2.53935 -13
0.39629 -0.08123 22.66668 0 0 2.50793 21.08156 1.94697 13
0.34877 -0.07220 64.95994 0 0 2.26679 61.35376 1.90557 -13
-1.12091 -0.05877 83.36260 0 0 1.86272 55.54862 0.72931 -13
0.34827 -0.17250 80.67890 0 0 5.27804 76.30999 1.90140 13
-0.88475 -0.06941 78.77383 0 0 2.16671 59.05954 0.84766 13
1.40575 -0.04164 78.56460 0 0 1.32641 45.56684 2.52287 13
1.26218 -0.07703 16.04350 0 0 2.35615 9.98179 2.47013 13
-0.02726 0.12621 46.83787 0 0 -3.71554 46.82075 1.54375 -13
-0.02803 -0.27367 46.83787 0 0 8.34777 46.82075 1.54377 -13
-0.17657 0.10199 85.40898 0 0 -2.98969 84.12112 1.39691 -13
1.64639 -0.26403 2.20582 0 0 7.61469 1.17181 2.58069 13
-1.75804 0.05694 49.91311 0 0 -1.65600 24.70841 0.51787 13
0.60424 0.07323 22.72948 0 0 -2.10195 19.46799 2.11315 -13
-1.02142 0.13487 60.02875 0 0 -3.99858 42.18788 0.77931 13
-1.04706 -0.26459 60.02875 0 0 8.05087 42.18788 0.77932 13
-1.83203 -0.19218 32.24380 0 0 5.84688 15.66479 0.50731 13
1.90397 0.07134 94.89206 0 0 -2.08146 44.21176 2.65693 13
-1.74616 -0.19684 19.71377 0 0 6.07005 9.93710 0.52833 -13
-0.57844 -0.16551 38.67990 0 0 5.08870 33.59402 1.05222 -13
-0.10305 -0.04837 13.97919 0 0 1.50577 13.90571 1.46823 13
-0.86502 -0.14059 71.79275 0 0 4.33135 54.52361 0.86249 -13
1.33436 -0.09635 84.49816 0 0 2.99696 50.82390 2.49624 -13
2.01704 -0.11323 11.26528 0 0 3.59234 5.02882 2.67879 -13
-0.21761 -0.24127 51.79791 0 0 7.34885 50.67643 1.36233 13
0.41601 -0.18600 39.33381 0 0 5.67822 36.40650 1.95904 13
-0.09070 0.12028 70.53052 0 0 -3.53961 70.24630 1.48099 -13
-0.09352 -0.27996 70.53052 0 0 8.53360 70.24630 1.48098 -13
-118.32036 142.05596 70.53052 0 0 -2.59806 70.24630 2.26527 -13
-0.20488 0.11868 52.03767 0 0 -3.48932 50.99280 1.37008 -13
-0.17086 0.05885 51.82159 0 0 -1.70371 51.08381 1.40186 13
0.90427 -0.11049 88.56570 0 0 3.40651 65.86939 2.30295 13
-0.99952 -0.04039 90.14510 0 0 1.29794 63.79546 0.78604 13
1.13153 -0.16304 85.54451 0 0 4.99107 57.06539 2.41131 13
-1.45793 0.14818 56.59148 0 0 -4.37391 32.24627 0.60628 -13
-1.48678 -0.25063 56.59148 0 0 7.65627 32.24627 0.60628 -13
-0.51232 -0.12896 41.98957 0 0 3.98480 37.43442 1.10068 -13
-0.98365 -0.07561 44.18935 0 0 2.34650 31.54737 0.79507 13
-1.81858 0.03377 54.10186 0 0 -0.91986 26.07968 0.50299 -13
0.82055 -0.10015 4.16131 0 0 2.95113 3.22338 2.25550 13
-0.53654 -0.21719 99.44181 0 0 6.63774 88.07027 1.08789 -13
-0.67543 0.04265 14.13479 0 0 -1.16329 11.71656 0.97718 -13
1.00409 -0.21739 67.33525 0 0 6.62835 48.06287 2.34669 13
0.00141 -0.00347 29.90147 0 0 0.20196 29.90144 1.57220 -13
-0.31680 0.10313 3.75944 0 0 -3.16027 3.58536 1.26552 13
-0.53347 -0.06172 20.10369 0 0 1.96894 17.74441 1.08152 -13
0.05350 -0.15425 32.75803 0 0 4.74931 32.71233 1.62362 -13
-0.59238 0.00233 64.92770 0 0 0.01868 55.86199 1.03600 -13
0.67434 -0.10003 18.79083 0 0 3.12921 15.60391 2.16179 -13
1.79331 -0.03065 12.89747 0 0 1.07971 6.28300 2.63271 -13
1.23807 -0.00136 67.92765 0 0 0.13363 42.68198 2.46217 -13
-0.81737 -0.06673 51.81464 0 0 2.08189 40.15406 0.88664 13
0.75982 -0.02382 95.81253 0 0 0.79336 76.29657 2.22042 13
-1.10080 0.00262 19.47177 0 0 0.03895 13.09292 0.73745 -13
-0.17340 -0.06619 69.76003 0 0 2.08385 68.73877 1.39947 -13
-0.49100 0.01423 38.21030 0 0 -0.36215 34.29962 1.11441 13
0.11988 -0.12859 87.13436 0 0 3.95433 86.52490 1.68914 13
2.06226 0.06545 88.19281 0 0 -1.88003 38.54584 2.68925 -13
-0.39104 -0.12446 45.10115 0 0 3.82429 42.04645 1.20064 13
0.84144 0.10960 6.80562 0 0 -3.31634 5.22021 2.26736 13
0.21988 0.07392 68.10581 0 0 -2.14137 66.52533 1.78666 -13
-1.90895 0.04749 77.48079 0 0 -1.36446 35.98568 0.48301 13
0.64986 -0.12563 47.70983 0 0 3.88308 40.09731 2.14350 -13
1.18807 -0.19544 92.39207 0 0 5.96910 60.14767 2.43269 13
-0.12661 -0.18604 71.79119 0 0 5.68665 71.24145 1.44696 13
-0.27472 0.14866 56.89105 0 0 -4.39432 54.90019 1.30547 -13
-0.28011 -0.25013 56.89105 0 0 7.63514 54.90019 1.30546 -13
0.91740 -0.17965 51.42288 0 0 5.48773 38.16626 2.30524 13
0.60474 0.08297 22.48250 0 0 -2.39543 19.25600 2.11318 -13
-0.84247 -0.08840 75.29234 0 0 2.73945 57.67470 0.87261 13
1.84588 -0.21027 14.72010 0 0 6.49771 7.12950 2.63599 -13
2.10161 -0.21832 23.34411 0 0 6.61606 10.22085 2.68837 13
1.00553 -0.07015 81.18753 0 0 2.18884 57.32043 2.35772 13
-0.79434 0.10276 96.23503 0 0 -3.02541 75.50800 0.90207 13
0.79801 -0.12694 56.45436 0 0 3.92130 44.26316 2.24043 -13
1.49721 -0.22579 76.77922 0 0 6.87986 43.37776 2.54120 13
0.01860 0.11569 56.53848 0 0 -3.41747 56.52880 1.58927 13
-1.37972 -0.09561 34.11491 0 0 2.98951 20.07932 0.62933 -13
-0.92725 -0.16573 87.96682 0 0 5.08780 64.90619 0.82988 -13
0.49853 -0.20025 74.74234 0 0 6.11446 67.14917 2.02546 13
-1.80106 0.11016 18.66837 0 0 -3.29320 9.10370 0.50941 13
-0.95852 0.08805 43.05893 0 0 -2.55942 31.14242 0.80850 -13
-2.06895 -0.17361 68.58716 0 0 5.33500 30.20715 0.45607 -13
0.04707 -0.04659 38.64689 0 0 1.47396 38.60425 1.61778 13
-1.24217 -0.22405 57.82879 0 0 6.82612 36.80102 0.68980 13
-0.91492 0.09298 8.56298 0 0 -2.64905 6.33033 0.83194 -13
1.94154 -0.17496 75.33374 0 0 5.34511 34.90667 2.65981 13
1.18827 -0.05079 65.89527 0 0 1.62473 42.46177 2.44138 -13
-0.85558 -0.16332 29.00768 0 0 4.98539 22.16330 0.86957 13
-0.44584 0.07011 8.58336 0 0 -1.96960 7.84273 1.15232 -13
-1.48117 -0.09638 37.33995 0 0 2.96594 20.96091 0.59599 13
0.53647 0.07741 66.55128 0 0 -2.26182 58.68383 2.06195 13
0.31795 -0.15177 64.39423 0 0 4.66733 61.43048 1.87536 -13
0.06725 0.10663 25.06957 0 0 -3.15612 25.01374 1.63757 13
-0.53374 -0.23980 44.73153 0 0 7.30257 39.70203 1.09205 13
0.29977 0.00770 56.54269 0 0 -0.14189 54.16164 1.86203 -13
-1.02143 0.03905 71.96159 0 0 -1.08721 50.36191 0.77518 -13
0.65727 0.07738 32.45168 0 0 -2.27030 27.14292 2.15090 13
0.54067 -0.09151 46.24555 0 0 2.82966 40.71891 2.06471 13
-0.43884 -0.21830 19.32264 0 0 6.69666 17.75927 1.16576 -13
-0.47533 -0.07736 61.96464 0 0 2.42331 55.99479 1.12823 -13
-1.26487 -0.11978 77.56450 0 0 3.68463 48.31486 0.67245 13
0.36594 -0.21010 18.12049 0 0 6.44803 17.05968 1.91469 -13
-0.83969 0.06461 94.09689 0 0 -1.86069 72.12321 0.87334 -13
-4.16928 -1.36637 94.09689 0 0 -1.84202 72.12321 0.38577 -13
1.92776 1.56408 94.09689 0 0 -0.90153 72.12321 0.76655 -13
-0.53631 -0.38732 94.09689 0 0 -2.52208 72.12321 1.10706 -13
0.78870 0.49625 94.09689 0 0 -0.87197 72.12321 0.95572 -13
2.25461 0.74842 94.09689 0 0 -1.43332 72.12321 2.63568 -13
0.12269 -0.53115 94.09689 0 0 -0.65467 72.12321 1.67873 -13
0.40080 0.17338 94.09689 0 0 0.26483 72.12321 1.19469 -13
-1.33750 -0.08453 37.94498 0 0 2.60944 22.77433 0.64371 13
-0.19062 0.13435 23.77575 0 0 -3.94986 23.36258 1.38408 -13
-0.19547 -0.26512 23.77575 0 0 8.10017 23.36258 1.38406 -13
0.15259 0.05010 60.07200 0 0 -1.42238 59.38617 1.72203 -13
-1.08679 0.08724 6.61790 0 0 -2.65434 4.49130 0.74572 13
-0.33767 -0.01806 49.29901 0 0 0.61577 46.70878 1.24519 13
-0.63156 0.14311 15.83062 0 0 -4.27293 13.42316 1.01206 13
-0.64536 -0.25596 15.83062 0 0 7.76366 13.42316 1.01205 13
1.63301 0.14638 41.54055 0 0 -4.35737 21.86158 2.58740 13
1.66647 -0.25248 41.54055 0 0 7.67598 21.86158 2.58739 13
-1.35596 -0.15078 7.75049 0 0 4.51856 4.63306 0.64082 13
1.89147 -0.22737 56.45395 0 0 6.91899 26.90230 2.64477 13
0.25665 -0.03016 99.60262 0 0 0.98570 96.47861 1.82192 13
-0.52681 -0.03746 2.65109 0 0 1.41911 2.34596 1.08622 -13
0.81665 0.01753 83.89928 0 0 -0.45486 64.98721 2.25553 13
-1.10268 -0.17650 56.20588 0 0 5.41863 38.07473 0.74424 -13
0.43642 -0.21031 82.18719 0 0 6.43189 75.58284 1.97442 -13
0.48684 -0.13359 72.48924 0 0 4.11821 65.28535 2.02039 -13
-0.08338 -0.17745 57.93019 0 0 5.42501 57.73597 1.48888 13
-0.30301 0.03270 63.65948 0 0 -0.91323 60.92697 1.27673 13
0.90821 -0.20186 35.61335 0 0 6.18917 26.60012 2.29820 -13
0.30739 -0.22778 22.38090 0 0 6.97514 21.43875 1.86199 -13
0.72237 -0.16996 24.00821 0 0 5.23320 19.55583 2.18964 -13
-0.32024 -0.02124 74.84865 0 0 0.71489 71.28406 1.26094 13
0.92204 0.01613 71.81235 0 0 -0.41458 52.79858 2.31559 13
-1.52353 -0.15414 96.53433 0 0 4.74000 53.40578 0.58624 -13
1.00985 -0.24482 81.60523 0 0 7.45738 58.25810 2.34654 13
-0.37504 -0.01714 81.39503 0 0 0.59175 76.21287 1.21204 13
0.42959 -0.07057 84.47934 0 0 2.20368 77.65015 1.97565 13
-1.52191 -0.17334 23.48911 0 0 5.27221 13.03327 0.58814 13
0.29896 -0.16760 1.27149 0 0 4.72712 1.21962 1.85752 13
0.87917 -0.16668 87.37772 0 0 5.10111 66.01315 2.28520 13
0.87703 -0.06635 7.92602 0 0 2.16203 5.96434 2.28968 -13
0.92885 -0.13998 16.20671 0 0 4.34551 11.92718 2.31449 -13
-1.44732 -0.15220 58.56507 0 0 4.65689 33.54786 0.60998 13
-0.69741 -0.00345 14.82177 0 0 0.22573 12.15733 0.96182 -13
0.70482 0.03079 59.39354 0 0 -0.83746 48.55475 2.18453 -13
-1.86495 -0.24839 88.54323 0 0 7.58483 42.81992 0.50476 -13
-0.57524 0.02477 92.68197 0 0 -0.67226 80.34445 1.04892 13
-1.15513 -0.01263 91.72020 0 0 0.46987 60.03500 0.71358 -13
0.56213 -0.11559 75.46938 0 0 3.57534 65.89220 2.08007 -13
1.30989 0.03094 33.13544 0 0 -0.82852 20.11341 2.48933 -13
1.83373 -0.07466 68.31758 0 0 2.34855 32.77806 2.64117 -13
0.88493 -0.16669 99.94098 0 0 5.10316 75.29185 2.28843 13
1.53991 0.06438 19.03682 0 0 -1.90856 10.38241 2.56470 13
1.68473 -0.06548 81.55527 0 0 2.06728 41.69303 2.60498 -13
0.41228 -0.00653 51.28240 0 0 0.26773 47.41141 1.96183 13
0.02803 0.06604 26.01538 0 0 -1.89270 26.00521 1.59876 -13
0.58624 -0.12399 37.34772 0 0 3.80627 32.28186 2.09771 13
0.75839 -0.21368 13.45268 0 0 6.57800 10.80605 2.20893 -13
1.42447 0.12829 71.92502 0 0 -3.77660 41.55132 2.52567 -13
1.46407 -0.27146 71.92502 0 0 8.28297 41.55132 2.52569 -13
-0.04471 0.04652 21.58714 0 0 -1.29979 21.56566 1.52616 -13
0.14440 -0.08796 13.56373 0 0 2.77134 13.42556 1.71366 -13
-0.20815 0.07963 60.70934 0 0 -2.32894 59.44327 1.36621 13
-1.60477 -0.00688 17.65060 0 0 0.23638 9.33501 0.55727 13
1.66904 -0.15737 47.68027 0 0 4.80813 24.72639 2.59639 13
0.42052 0.03548 27.50904 0 0 -1.00845 25.36047 1.96864 13
-0.87314 -0.20495 98.60094 0 0 6.25687 74.92918 0.86320 13
-0.42832 -0.17030 39.81923 0 0 5.23195 36.68330 1.17126 -13
-0.05031 -0.12208 66.93073 0 0 3.77122 66.84741 1.52089 -13
-1.13058 0.01754 66.00586 0 0 -0.45843 43.73412 0.72426 13
0.27183 -0.08361 94.60028 0 0 2.59890 91.30971 1.83533 13
-0.11349 -0.20033 49.44362 0 0 6.13387 49.14028 1.45998 -13
0.99328 -0.22732 95.52098 0 0 6.93137 68.61326 2.34023 13
1.07682 0.01125 66.12037 0 0 -0.26848 44.99544 2.39313 13
0.74351 0.09995 7.15860 0 0 -2.85044 5.75514 2.20775 -13
-0.04203 -0.20422 36.70789 0 0 6.22790 36.67681 1.52964 13
0.14983 0.01419 90.12530 0 0 -0.34130 89.13049 1.71951 -13
-0.64929 -0.18825 28.98276 0 0 5.73869 24.43285 1.00284 13
-0.54031 0.05886 18.74618 0 0 -1.66496 16.49921 1.07615 -13
-2.09426 0.05941 36.67875 0 0 -1.74420 15.82778 0.44617 13
2.05432 -0.15260 34.54763 0 0 4.65004 15.26354 2.68403 13
-0.42978 -0.07616 67.17358 0 0 2.38663 61.74264 1.16593 -13
-0.28361 0.03376 84.96632 0 0 -0.94319 81.74592 1.29459 13
-0.08596 0.04564 36.81582 0 0 -1.30805 36.68081 1.48513 13
0.55703 -0.13602 20.52075 0 0 4.21259 17.96587 2.07514 -13
1.28683 -0.21675 94.84496 0 0 6.61094 59.02900 2.46982 13
-1.24309 -0.01743 20.16791 0 0 0.56936 12.64333 0.67752 13
-1.19210 0.10093 36.66613 0 0 -2.94222 23.63430 0.70048 -13
-1.76905 -0.06955 10.91550 0 0 2.09108 5.38105 0.51553 13
0.43833 -0.24711 52.33961 0 0 7.52496 48.16067 1.97312 13
-0.12711 -0.24712 95.15183 0 0 7.53066 94.43562 1.44802 13
0.05637 0.03776 43.27010 0 0 -1.06909 43.20160 1.62706 13
0.55645 -0.03308 58.56071 0 0 1.06964 51.17868 2.07834 13
1.26189 0.12439 88.26967 0 0 -3.67965 55.08114 2.46773 13
1.29893 -0.27564 88.26967 0 0 8.38654 55.08114 2.46772 13
0.40927 -0.19086 86.77521 0 0 5.84447 80.51291 1.95304 -13
0.93054 -0.14798 4.53111 0 0 4.39385 3.33360 2.31483 13
-1.34056 0.06524 84.90096 0 0 -1.89644 50.83407 0.64193 13
1.64556 -0.14558 77.44594 0 0 4.48428 40.52846 2.59087 -13
-0.19707 0.07517 34.89906 0 0 -2.17156 34.24415 1.37675 -13
-0.29536 -0.09451 93.22500 0 0 2.93766 89.43846 1.28481 -13
-1.48119 0.00749 56.66164 0 0 -0.15975 31.70530 0.59385 13
-1.87579 -0.12349 24.21602 0 0 3.85086 11.45944 0.49293 -13
-0.22481 -0.17446 24.21602 0 0 3.85333 11.45944 1.35285 -13
0.11743 0.19086 24.21602 0 0 6.14541 11.45944 1.45596 -13
-0.05053 -1.80271 24.21602 0 0 4.81155 11.45944 1.54629 -13
0.03850 1.98968 24.21602 0 0 5.47808 11.45944 1.55351 -13
0.00493 -5.58010 24.21602 0 0 4.62368 11.45944 1.57167 -13
-0.17016 -0.12855 83.96708 0 0 3.95301 82.79608 1.40360 13
-1.90834 -0.20448 8.13518 0 0 6.38425 3.83677 0.49114 -13
1.12398 0.11275 72.33953 0 0 -3.30885 48.25313 2.41136 -13
0.28623 0.03617 13.24509 0 0 -0.97152 12.73437 1.84940 -13
-0.39024 -0.08637 37.47721 0 0 2.67235 34.93014 1.19999 13
1.82381 -0.10747 99.52811 0 0 3.33359 48.06240 2.63763 -13
-1.07553 0.07445 13.64939 0 0 -2.11228 9.30812 0.75040 -13
-1.78031 -0.23519 15.18064 0 0 7.24766 7.58746 0.52335 -13
-1.17093 -0.22453 13.10544 0 0 6.91323 8.63186 0.71899 -13
1.96154 0.09550 29.06630 0 0 -2.83749 13.24947 2.66829 13
-1.52461 0.01750 52.36888 0 0 -0.42972 28.72467 0.58058 -13
0.44869 0.06275 69.59260 0 0 -1.81933 63.51484 1.99183 13
0.53500 -0.16346 83.52402 0 0 5.01839 73.86052 2.05659 -13
-0.77849 -0.02150 18.34591 0 0 0.69532 14.47771 0.90942 13
-0.18358 0.03455 26.16064 0 0 -0.94143 25.73112 1.38934 -13
-0.23403 0.01015 3.26596 0 0 -0.37423 3.18011 1.34091 13
1.22624 -0.17751 38.54111 0 0 5.45563 24.58396 2.44986 -13
0.47182 -0.21684 1.67581 0 0 6.97121 1.52206 2.00284 -13
-1.35125 0.02666 76.82751 0 0 -0.71245 45.71290 0.63728 -13
-0.38001 0.03521 24.11652 0 0 -0.95940 22.54539 1.20785 -13
0.33221 -0.13182 9.12486 0 0 3.99980 8.66713 1.88896 13
-1.28986 -0.21359 22.05169 0 0 6.56158 13.69970 0.67031 -13
