-0.50488 0.12091 11.12336 0 0 -3.51863 9.94418 1.10617 -13
-0.52052 -0.27923 11.12336 0 0 8.55519 9.94418 1.10608 -13
-1.54479 0.15072 1.73528 0 0 -3.97188 0.95033 0.57964 -13
-1.57489 -0.24667 1.73528 0 0 8.06445 0.95033 0.57918 -13
-1.28583 0.05368 30.76882 0 0 -1.56261 18.90605 0.66170 13
0.16265 -0.07769 47.82330 0 0 2.41423 47.20665 1.73156 13
-1.42784 0.05806 74.06617 0 0 -1.65851 42.53705 0.61176 -13
0.27217 -0.01007 68.73023 0 0 0.37791 66.31803 1.83652 13
1.45518 -0.22777 8.05442 0 0 6.83177 4.63988 2.52765 13
-0.30641 -0.18972 4.91746 0 0 5.91444 4.70885 1.27839 -13
0.60637 -0.15542 65.71651 0 0 4.76121 56.37164 2.11061 13
0.86015 -0.00170 45.18348 0 0 0.11824 34.25516 2.28115 13
-1.22644 -0.00461 75.89041 0 0 0.21045 47.95796 0.68405 13
-1.21057 0.12621 48.57805 0 0 -3.74150 31.08270 0.69431 13
-1.24524 -0.27373 48.57805 0 0 8.32128 31.08270 0.69431 13
-1.37716 0.11105 29.56826 0 0 -3.24055 17.44304 0.63097 -13
-1.09598 -0.15992 75.56626 0 0 4.91342 51.28321 0.74593 -13
1.13020 0.12375 62.06302 0 0 -3.64024 41.30158 2.41347 -13
1.16371 -0.27628 62.06302 0 0 8.42749 41.30158 2.41349 -13
1.05305 0.06265 67.82304 0 0 -1.79834 46.75154 2.38105 -13
1.55187 0.02003 6.68422 0 0 -0.65856 3.62123 2.56908 13
-1.84907 0.11383 6.96674 0 0 -3.20718 3.33072 0.49846 -13
0.82627 -0.14599 61.82698 0 0 4.47477 47.86521 2.25618 13
-1.10211 -0.22562 87.73862 0 0 6.89544 59.75658 0.74923 -13
0.90313 -0.01294 41.76384 0 0 0.48762 30.99603 2.30530 -13
-0.72668 -0.09153 69.60145 0 0 2.83439 56.38597 0.94437 13
1.03529 -0.10760 13.79824 0 0 3.37852 9.61487 2.37065 -13
0.93664 -0.17362 37.87175 0 0 5.30050 27.83192 2.31609 13
0.43492 -0.06661 51.83505 0 0 2.10124 47.55084 1.98023 -13
0.32128 0.03682 19.88316 0 0 -1.05564 18.93129 1.88147 13
-0.35781 -0.18986 51.64523 0 0 5.81877 48.72237 1.23276 -13
0.61054 -0.10721 63.85399 0 0 3.30610 54.58383 2.11639 13
-0.75568 -0.18966 97.77978 0 0 5.79632 78.50768 0.93215 13
0.56789 -0.20769 94.31489 0 0 6.35225 82.42962 2.07826 -13
0.77298 0.05453 20.46859 0 0 -1.59392 16.20368 2.22812 13
0.51284 0.14741 32.43227 0 0 -4.34988 28.92217 2.04031 -13
0.52315 -0.25142 32.43227 0 0 7.68099 28.92217 2.04032 -13
-0.69567 -0.12785 14.03910 0 0 3.89492 11.55500 0.96678 13
1.09491 0.11881 62.27412 0 0 -3.51442 42.15703 2.39798 13
1.12955 -0.28157 62.27412 0 0 8.56230 42.15703 2.39798 13
-0.32182 0.12203 54.46780 0 0 -3.59034 51.88457 1.26160 -13
-0.33156 -0.27810 54.46780 0 0 8.48050 51.88457 1.26161 -13
-0.30429 -0.03002 87.47120 0 0 0.98078 83.68580 1.27553 13
2.15147 -0.25182 4.31343 0 0 7.38984 1.86521 2.69463 13
-1.47714 0.06347 57.03348 0 0 -1.81828 32.01694 0.59605 -13
-1.01272 -0.13879 96.86133 0 0 4.27521 68.38480 0.78385 -13
-0.11332 -0.02786 54.88614 0 0 0.93055 54.53733 1.45800 -13
1.68838 -0.15781 67.79978 0 0 4.85575 34.86692 2.60146 -13
1.74751 -0.19897 53.42677 0 0 6.10198 26.92411 2.61342 -13
0.89236 -0.24579 93.82879 0 0 7.50324 70.90926 2.28483 -13
0.04293 0.05660 1.55992 0 0 -1.93518 1.55851 1.61363 13
0.95475 -0.18369 75.87552 0 0 5.63124 55.31154 2.32476 -13
-1.16766 0.10584 41.55244 0 0 -3.09364 27.11500 0.71096 -13
0.44070 0.00666 72.92183 0 0 -0.12712 66.72921 1.98589 13
-0.09983 0.03294 35.56723 0 0 -0.89820 35.39153 1.47135 -13
-0.19354 -0.16952 18.02817 0 0 5.22250 17.70866 1.38225 -13
0.35120 0.01564 11.78587 0 0 -0.43393 11.12009 1.90850 13
-0.26958 -0.06016 15.33978 0 0 1.86443 14.81293 1.30793 13
-0.22408 -0.04612 96.13262 0 0 1.46712 93.81114 1.35059 13
0.44598 -0.03014 64.68140 0 0 0.99912 59.07746 1.99013 -13
-1.43723 -0.11758 73.59661 0 0 3.61649 42.22799 0.61111 13
-0.23435 0.03653 13.48104 0 0 -0.98417 13.12599 1.34074 -13
-0.54733 -0.12120 84.51098 0 0 3.74406 74.25746 1.07307 -13
-0.07996 -0.02847 89.39624 0 0 0.93480 89.11207 1.49104 13
1.20875 -0.07621 69.13522 0 0 2.36911 44.14442 2.44900 13
0.43542 -0.02793 89.06567 0 0 0.92962 81.66532 1.98132 -13
-1.92916 0.07101 77.54757 0 0 -2.04673 35.75821 0.47926 -13
0.83500 0.12136 78.45711 0 0 -3.58759 60.40320 2.26292 13
0.86051 -0.27885 78.45711 0 0 8.48417 60.40320 2.26291 13
1.23239 0.03654 99.68104 0 0 -1.01334 62.83366 2.45959 -13
-0.92290 -0.00867 26.73483 0 0 0.36756 19.64695 0.82549 -13
0.52919 -0.05961 83.73130 0 0 1.87266 74.03608 2.05679 13
0.57857 -0.09711 59.20873 0 0 3.01996 51.30926 2.09328 -13
0.25768 -0.16416 34.02075 0 0 5.01872 32.97138 1.81980 13
-0.15226 -0.21379 30.73365 0 0 6.54830 30.39851 1.42298 -13
-1.31517 0.14654 36.75754 0 0 -4.36216 22.39744 0.65522 13
-1.34210 -0.25238 36.75754 0 0 7.67023 22.39744 0.65521 13
-0.28454 0.03973 59.69091 0 0 -1.12545 57.41537 1.29379 13
0.45818 -0.17070 99.23152 0 0 5.23584 90.43580 1.99502 -13
0.97349 -0.23302 39.58666 0 0 7.09372 28.72790 2.32955 13
-0.34314 0.06438 18.21477 0 0 -1.83236 17.23228 1.24088 -13
-0.61688 -0.08646 69.61458 0 0 2.68133 59.30861 1.01972 13
0.00995 0.04497 9.73238 0 0 -1.22442 9.73190 1.58073 -13
0.27417 -0.08188 48.61760 0 0 2.54115 46.89831 1.83754 13
-0.65027 0.02212 79.03867 0 0 -0.57875 66.26611 0.99434 -13
0.95778 -0.01384 27.64173 0 0 0.47437 19.96318 2.33459 13
1.30360 -0.20255 58.45790 0 0 6.20510 36.03013 2.47750 -13
-0.29837 -0.03679 85.55973 0 0 1.18497 81.99290 1.28102 13
-1.64086 -0.11810 87.15322 0 0 3.63316 45.58415 0.55041 13
-1.63271 -0.02583 85.52319 0 0 0.84922 44.67925 0.54969 13
1.35672 -0.16128 17.15336 0 0 4.99552 10.26227 2.50027 -13
-0.24967 0.06653 53.14961 0 0 -1.93505 51.57323 1.32664 13
0.01219 -0.05298 22.44554 0 0 1.65819 22.44388 1.58297 13
0.80642 0.04221 24.60852 0 0 -1.21813 19.16251 2.24900 13
-0.24663 -0.13771 85.14518 0 0 4.24135 82.71229 1.33116 -13
-0.16328 0.08345 23.87504 0 0 -2.41520 23.56506 1.40949 -13
0.19277 0.14668 39.88819 0 0 -4.35484 39.18197 1.75926 13
0.19670 -0.25222 39.88819 0 0 7.67769 39.18197 1.75926 13
0.05404 -0.03267 72.04620 0 0 1.07346 71.94133 1.62476 -13
-0.29572 0.11662 33.82947 0 0 -3.42181 32.45837 1.28510 -13
0.90159 0.11921 57.03086 0 0 -3.50338 42.49053 2.30098 -13
0.92996 -0.28110 57.03086 0 0 8.57292 42.49053 2.30099 -13
0.24143 -0.10498 18.75255 0 0 3.22184 18.23430 1.80644 13
0.10518 -0.01564 36.86282 0 0 0.54006 36.66067 1.67558 13
-0.71099 -0.00232 36.65097 0 0 0.13507 29.87077 0.95274 13
1.02580 0.02821 99.92952 0 0 -0.76304 69.76969 2.36873 -13
1.21204 -0.03732 5.65186 0 0 1.06848 3.59823 2.45142 13
0.18456 0.09485 96.25227 0 0 -2.77468 94.66761 1.75250 -13
-0.32264 0.13057 68.75275 0 0 -3.84992 65.48325 1.26116 -13
-0.33130 -0.26909 68.75275 0 0 8.20522 65.48325 1.26117 -13
-1.12657 -0.05890 51.03509 0 0 1.87244 33.91158 0.72681 -13
-0.84963 -0.14023 60.68231 0 0 4.30078 46.43278 0.87132 13
1.15186 -0.04736 56.18264 0 0 1.49727 36.85519 2.42610 13
0.18618 -0.13563 52.87259 0 0 4.16290 51.99508 1.75324 13
0.18937 -0.18208 81.41495 0 0 5.57982 80.03758 1.75499 -13
-1.39715 -0.08888 61.07453 0 0 2.74891 35.63939 0.62308 13
1.65517 -0.07432 22.58585 0 0 2.28178 11.70331 2.59690 13
-0.45963 -0.23138 31.85491 0 0 7.07913 29.07327 1.14977 -13
-0.31973 -0.06514 83.94200 0 0 2.03995 79.97037 1.26195 13
0.35998 0.10298 73.45766 0 0 -3.03215 69.15741 1.91466 13
-0.89529 -0.04804 86.01354 0 0 1.53706 64.11577 0.84116 -13
-0.74360 -0.13185 85.08684 0 0 4.05133 68.48642 0.93552 13
-0.46537 -0.16475 13.06153 0 0 5.00676 11.87025 1.14034 13
-0.14500 0.09617 61.46630 0 0 -2.81171 60.83591 1.42745 -13
-0.06057 -0.21815 63.63562 0 0 6.65420 63.52451 1.51169 13
1.59464 -0.23973 53.36700 0 0 7.32946 28.92126 2.56883 -13
-1.11260 -0.18113 55.80553 0 0 5.53214 37.63633 0.74018 13
1.44150 -0.11622 43.94912 0 0 3.60686 25.16385 2.53195 -13
0.61782 -0.01597 15.83434 0 0 0.52679 13.47142 2.12416 13
-0.83665 -0.10677 15.39159 0 0 3.34355 11.83246 0.87689 -13
0.57378 -0.07438 77.08323 0 0 2.31763 66.90453 2.09052 13
0.87301 -0.05841 25.18497 0 0 1.81791 18.98613 2.28766 13
-0.50976 -0.24366 95.66129 0 0 7.42538 85.72336 1.11094 13
-1.73429 0.06236 6.35206 0 0 -1.95063 3.17794 0.52388 13
0.05977 0.00127 80.00104 0 0 0.04881 79.85851 1.63050 -13
-0.57611 -0.09146 46.03939 0 0 2.82779 39.93413 1.04992 13
0.76325 -0.22924 87.55515 0 0 6.98936 70.24776 2.21042 13
1.01446 0.01202 28.95181 0 0 -0.30544 20.32489 2.36334 13
1.12116 -0.01128 39.77414 0 0 0.43994 26.47620 2.41322 -13
-0.04540 0.14617 47.24402 0 0 -4.31928 47.19639 1.52591 -13
-0.04632 -0.25281 47.24402 0 0 7.71344 47.19639 1.52592 -13
-0.41334 -0.21118 54.29292 0 0 6.44104 50.33256 1.18648 13
0.10585 0.01902 91.51029 0 0 -0.49705 91.00205 1.67624 13
-1.82946 -0.22151 34.48518 0 0 6.79228 16.84668 0.51038 -13
0.40147 -0.17768 21.60169 0 0 5.41530 20.08905 1.94722 13
1.16716 -0.05034 37.12101 0 0 1.62004 24.16993 2.43255 -13
0.20901 0.13566 69.80027 0 0 -4.01792 68.34968 1.77502 13
0.21420 -0.26375 69.80027 0 0 8.02989 68.34968 1.77503 13
0.59002 0.13608 73.36498 0 0 -4.03082 63.33520 2.09984 13
0.60455 -0.26332 73.36498 0 0 8.01615 63.33520 2.09983 13
1.02307 -0.24591 51.53927 0 0 7.51343 36.56300 2.35292 -13
-0.55450 0.08985 6.55023 0 0 -2.71331 5.73381 1.06621 13
0.35252 -0.18233 89.46616 0 0 5.57544 84.52736 1.90462 13
-0.19969 0.08268 88.71542 0 0 -2.40697 87.00920 1.37436 -13
-0.06497 0.04834 5.06843 0 0 -1.47392 5.05780 1.50599 13
1.44931 -0.12099 56.63592 0 0 3.71540 32.32032 2.53422 13
0.53903 -0.24872 23.33983 0 0 7.55905 20.68110 2.05275 13
1.92484 0.08831 53.51447 0 0 -2.60346 24.74696 2.66086 13
0.32820 -0.03596 16.84214 0 0 1.13537 16.00330 1.88772 13
1.46865 0.03898 73.75553 0 0 -1.10629 41.53247 2.54345 13
-0.45415 0.01529 19.21018 0 0 -0.40760 17.49115 1.14454 13
0.03464 -0.05582 93.50490 0 0 1.76927 93.44905 1.60536 -13
-0.68125 -0.04293 29.70972 0 0 1.35601 24.56033 0.97319 13
0.06680 0.07832 26.93374 0 0 -2.29983 26.87425 1.63730 13
1.40293 -0.17998 51.94008 0 0 5.49396 30.46610 2.51478 13
1.41375 -0.06446 38.21727 0 0 2.00394 22.10006 2.52498 13
1.60793 -0.10210 62.07029 0 0 3.14704 32.90325 2.58289 13
1.15284 0.09973 48.73571 0 0 -2.94262 32.02452 2.42462 13
0.26017 -0.19113 42.63645 0 0 5.83481 41.30883 1.82099 13
-1.85014 -0.03496 45.06199 0 0 1.11362 21.43629 0.49578 13
0.24810 -0.13863 49.21311 0 0 4.25350 47.79102 1.81177 13
-0.62637 -0.15025 15.78644 0 0 4.57710 13.42067 1.01622 13
0.08226 -0.19457 81.22812 0 0 5.94450 80.96460 1.65137 13
0.14763 -0.00946 25.97407 0 0 0.38442 25.69556 1.71737 -13
0.43700 0.12223 37.37056 0 0 -3.59176 34.28388 1.98007 -13
0.45020 -0.27791 37.37056 0 0 8.47823 34.28388 1.98006 -13
1.69859 -0.24236 89.23388 0 0 7.40349 46.23444 2.59694 -13
-0.24723 0.10571 14.01003 0 0 -3.14601 13.60481 1.32972 13
0.07392 -0.17219 1.70289 0 0 4.97423 1.69844 1.64352 13
-0.38275 0.12982 11.45359 0 0 -3.88074 10.70804 1.20803 13
-0.39322 -0.26994 11.45359 0 0 8.17532 10.70804 1.20797 13
-1.59615 0.14496 50.78638 0 0 -4.30963 27.16523 0.56437 13
-1.62984 -0.25407 50.78638 0 0 7.72508 27.16523 0.56437 13
-0.39428 -0.22800 48.47411 0 0 6.96970 45.24625 1.20380 -13
-0.83109 0.14068 31.16758 0 0 -4.14299 24.06554 0.88220 -13
-0.85002 -0.25843 31.16758 0 0 7.89769 24.06554 0.88220 -13
0.15586 -0.16747 12.69961 0 0 5.09275 12.55222 1.72332 13
0.01650 0.11682 72.64576 0 0 -3.44919 72.63601 1.58719 13
1.26014 -0.14799 32.98089 0 0 4.51943 20.63734 2.46551 13
-0.63607 -0.14207 76.93543 0 0 4.35939 65.10168 1.00879 13
0.74870 -0.06159 54.44831 0 0 1.95047 43.61548 2.21256 -13
1.38115 0.10579 64.29453 0 0 -3.09762 37.84325 2.51227 -13
-0.82120 -0.21086 77.20305 0 0 6.43401 60.18147 0.89391 13
0.09081 0.02727 45.32723 0 0 -0.73065 45.14159 1.66132 -13
-0.32799 -0.16938 25.28312 0 0 5.17131 24.05665 1.25802 13
0.53348 0.10232 49.41884 0 0 -3.01641 43.65241 2.05871 13
0.04866 -0.04997 93.87901 0 0 1.59393 93.76832 1.61936 -13
-0.44808 -0.19392 68.71674 0 0 5.93906 62.89990 1.15638 -13
-0.49009 -0.18963 14.88561 0 0 5.76469 13.41152 1.12205 13
-0.32138 -0.11192 41.64330 0 0 3.44612 39.66923 1.26165 13
0.83377 -0.10770 82.21283 0 0 3.32308 63.29341 2.26296 13
0.53156 -0.13775 10.20697 0 0 4.18256 9.03144 2.05549 13
0.15763 -0.01020 56.84105 0 0 0.37993 56.14779 1.72714 13
-1.13625 -0.05774 93.44808 0 0 1.81506 61.79503 0.72253 13
-0.95484 -0.04733 8.57410 0 0 1.58987 6.20470 0.80905 -13
0.32158 0.14495 8.57410 0 0 1.70111 6.20470 1.26268 -13
0.09378 0.11676 87.25908 0 0 -3.44621 86.88298 1.66367 13
0.57922 -0.24309 30.66311 0 0 7.43399 26.72161 2.08343 -13
-0.82253 -0.03494 80.37069 0 0 1.12757 62.08635 0.88277 13
-1.25859 -0.16303 34.30334 0 0 5.02068 21.51206 0.67780 -13
1.70252 -0.03895 82.67746 0 0 1.26803 41.89625 2.61019 -13
1.68902 -0.01526 61.15835 0 0 0.55803 31.16056 2.60698 -13
-0.04062 -0.14372 2.98308 0 0 4.24905 2.98069 1.53061 13
1.37258 -0.09097 20.04538 0 0 2.86881 11.83576 2.50999 -13
1.21150 0.01198 59.42190 0 0 -0.29295 37.82819 2.45151 13
0.12659 0.05564 60.86199 0 0 -1.60523 60.38160 1.69652 13
-0.09372 -0.03064 74.40450 0 0 1.01209 74.08017 1.47739 -13
1.81699 -0.10152 75.87079 0 0 3.13090 36.72563 2.63630 13
0.46036 -0.25013 5.85218 0 0 7.52613 5.34399 1.99082 13
1.02457 -0.16877 53.71668 0 0 5.15858 37.78822 2.36131 13
-0.60938 -0.24141 51.23849 0 0 7.37542 44.08399 1.03601 -13
-0.27547 0.04421 18.31530 0 0 -1.22519 17.65879 1.30225 -13
-0.08923 0.07579 26.75926 0 0 -2.18717 26.65393 1.48205 -13
-0.68573 -0.23101 48.15809 0 0 7.03721 40.04263 0.98178 13
0.17045 0.03561 33.86751 0 0 -0.97822 33.38659 1.73952 -13
-0.79433 0.19681 33.86751 0 0 -0.98113 33.38659 0.90876 -13
1.42685 0.56161 33.86751 0 0 0.17560 33.38659 0.67706 -13
1.95222 2.34650 33.86751 0 0 0.37755 33.38659 0.91753 -13
1.93937 -0.12708 96.20819 0 0 3.90361 44.37125 2.66225 13
0.54986 0.14411 39.52244 0 0 -4.25110 34.71435 2.06921 -13
0.56164 -0.25486 39.52244 0 0 7.78481 34.71435 2.06921 -13
0.52881 -0.14921 11.54953 0 0 4.63145 10.23452 2.05269 -13
-0.16978 -0.10633 99.06781 0 0 3.29351 97.68542 1.40354 -13
0.06787 -0.11820 70.76549 0 0 3.63978 70.60523 1.63810 13
0.77182 -0.09896 12.81765 0 0 3.02047 10.16557 2.22576 13
0.92591 0.00187 57.55131 0 0 0.01338 42.22945 2.31774 13
1.68706 0.02627 85.41852 0 0 -0.72220 43.56637 2.60637 13
-0.83977 -0.10558 43.86432 0 0 3.28009 33.66781 0.87500 -13
-0.52367 -0.09150 20.02936 0 0 2.86911 17.75972 1.09010 -13
-0.08870 -0.21469 65.31376 0 0 6.56499 65.06954 1.48428 -13
0.19735 0.14351 3.24142 0 0 -4.09510 3.18131 1.76372 -13
0.20175 -0.25524 3.24142 0 0 7.94445 3.18131 1.76384 -13
-1.02414 0.25329 3.24142 0 0 7.89769 3.18131 0.78902 -13
-1.66916 -0.31471 3.24142 0 0 8.01916 3.18131 0.56080 -13
-0.50518 -0.78514 3.24142 0 0 8.06842 3.18131 1.19258 -13
-0.50611 0.06902 3.24142 0 0 8.20616 3.18131 2.03837 -13
-0.05266 0.04864 3.24142 0 0 8.57751 3.18131 1.62335 -13
0.34036 0.05975 70.30811 0 0 -1.71383 66.57108 1.89831 -13
-1.85525 0.12210 22.94821 0 0 -3.55654 10.95152 0.49746 -13
-1.91147 -0.27801 22.94821 0 0 8.51429 10.95152 0.49745 -13
-1.30687 0.09760 23.16317 0 0 -2.82841 14.11810 0.65544 -13
0.43878 -0.23801 80.17994 0 0 7.25421 73.74257 1.97424 13
0.51203 0.02643 14.29103 0 0 -0.67719 12.72137 2.04388 -13
-1.96957 -0.05124 16.15410 0 0 1.56249 7.32131 0.47034 13
-0.69291 -0.16040 36.98541 0 0 4.90323 30.52499 0.97077 13
1.74692 0.10218 29.79685 0 0 -2.96733 14.86032 2.61945 -13
2.02575 0.08110 97.77065 0 0 -2.35375 43.39311 2.68174 -13
-0.63034 -0.01995 48.41425 0 0 0.69514 40.95896 1.00846 -13
-0.21764 0.08562 75.51052 0 0 -2.49489 73.79529 1.35726 -13
0.12925 0.07736 40.43758 0 0 -2.26452 40.10595 1.69896 13
-0.78275 -0.08025 32.59982 0 0 2.48313 25.70216 0.90822 13
-0.99782 0.10329 69.27198 0 0 -3.04484 49.16599 0.78914 13
1.03592 0.11005 52.61384 0 0 -3.22398 36.65507 2.37083 -13
-0.46962 -0.19186 15.51558 0 0 5.83337 14.08921 1.13866 13
-1.48689 -0.07369 15.62611 0 0 2.24512 8.73606 0.59332 13
-0.63108 -0.24476 16.87595 0 0 7.50130 14.38795 1.02088 -13
2.14896 -0.18033 52.22019 0 0 5.54158 22.32265 2.69990 -13
-0.16864 -0.10100 91.12581 0 0 3.13359 89.86958 1.40456 -13
1.60738 0.06119 54.21872 0 0 -1.78076 28.67870 2.58422 13
1.28648 -0.08877 88.81389 0 0 2.74993 54.63948 2.47894 13
-0.65924 -0.10334 28.92826 0 0 3.21889 24.19089 0.99039 -13
0.03416 -0.21299 79.66677 0 0 6.50001 79.62234 1.60419 13
-1.90590 -0.04131 16.71311 0 0 1.39185 7.76868 0.48355 -13
0.16824 0.11829 14.98879 0 0 -3.45295 14.78387 1.73635 -13
-0.25889 -0.22096 18.22242 0 0 6.77441 17.66668 1.32319 -13
1.66120 -0.16663 33.83577 0 0 5.13693 17.62555 2.59365 -13
1.69132 0.14435 14.39839 0 0 -4.20817 7.38374 2.60310 -13
1.72738 -0.25451 14.39839 0 0 7.82851 7.38374 2.60311 -13
1.60284 -0.01296 71.15003 0 0 0.48504 37.66400 2.58375 -13
-0.19719 -0.09499 85.39590 0 0 2.95231 83.79652 1.37695 -13
0.36374 0.07552 20.15123 0 0 -2.22210 18.94339 1.91875 13
-1.71037 -0.01851 63.42119 0 0 0.65450 32.01431 0.52914 -13
1.37730 -0.11677 54.31755 0 0 3.61885 32.05409 2.51037 -13
-0.45207 0.01256 58.69512 0 0 -0.30679 53.48430 1.14625 13
1.33337 -0.13206 54.86951 0 0 4.05007 33.10281 2.49395 13
2.00055 -0.15328 98.14785 0 0 4.69366 44.29094 2.67339 13
-1.22931 -0.11876 15.52704 0 0 3.61375 9.83954 0.68633 13
-1.37938 0.08315 89.97185 0 0 -2.41816 52.92878 0.62892 -13
0.47156 -0.21985 39.92345 0 0 6.72647 36.26209 2.00240 -13
0.82074 -0.22865 6.52089 0 0 7.08500 5.09156 2.24559 -13
0.37391 -0.05052 73.19101 0 0 1.61243 68.56630 1.92819 -13
-0.70758 -0.07811 72.74427 0 0 2.42883 59.44245 0.95644 13
0.51250 -0.23934 41.74400 0 0 7.28639 37.36092 2.03318 13
0.06452 -0.22236 32.33058 0 0 6.80455 32.26669 1.63369 -13
1.68732 0.02962 27.33980 0 0 -0.84733 13.94301 2.60640 13
0.20887 -0.18366 52.15136 0 0 5.61169 51.08449 1.77341 13
1.06789 -0.18290 53.26301 0 0 5.61235 36.72471 2.38080 -13
0.31357 -0.03919 23.41405 0 0 1.24186 22.34307 1.87444 13
-0.41271 0.13887 2.44426 0 0 -3.87957 2.26242 1.18273 -13
-0.42220 -0.26019 2.44426 0 0 8.16797 2.26242 1.18290 -13
0.17665 -0.15888 72.31789 0 0 4.86695 71.24185 1.74352 13
0.22871 -0.02820 73.80655 0 0 0.92517 71.95025 1.79555 13
0.06473 -0.12605 1.56754 0 0 3.57742 1.56429 1.63493 13
0.20271 -0.12013 48.72552 0 0 3.69499 47.76772 1.76941 13
0.03502 -0.05533 73.63794 0 0 1.75616 73.59295 1.60575 -13
-0.05704 -0.20965 66.74615 0 0 6.41209 66.64242 1.51503 -13
0.52209 0.11122 4.01706 0 0 -3.41447 3.56541 2.04944 13
-0.77577 -0.14232 18.49980 0 0 4.40778 14.67178 0.91585 -13
0.42902 -0.05632 91.63208 0 0 1.78602 84.23034 1.97549 -13
-0.92112 -0.02865 63.47024 0 0 0.95606 46.69294 0.82664 -13
0.55849 0.03914 29.03038 0 0 -1.08019 25.35019 2.07981 -13
-0.91452 -0.23969 98.08882 0 0 7.30438 73.29592 0.84391 13
-0.02517 0.01964 37.71238 0 0 -0.49885 37.70044 1.54563 -13
0.16812 -0.08116 55.25398 0 0 2.53825 54.49420 1.73682 -13
-1.24785 0.11755 34.47045 0 0 -3.48714 21.64611 0.67893 13
-0.63313 0.00903 23.64592 0 0 -0.16644 19.97866 1.00639 -13
0.60177 -0.15445 56.62505 0 0 4.73005 48.66846 2.10732 13
-0.67787 0.14167 62.67396 0 0 -4.20197 52.03990 0.97969 13
-0.69304 -0.25745 62.67396 0 0 7.83697 52.03990 0.97969 13
0.30306 -0.04490 55.77605 0 0 1.42653 53.38305 1.86478 13
1.39190 0.05387 45.17374 0 0 -1.56204 26.38311 2.51791 13
0.02115 -0.07121 79.23714 0 0 2.22337 79.21952 1.59189 13
1.32864 -0.11782 40.73656 0 0 3.65421 24.60504 2.49308 -13
0.51734 0.03588 1.73518 0 0 -1.31881 1.54140 2.04796 13
0.71150 0.04773 66.42413 0 0 -1.34961 54.14346 2.18866 -13
-1.25139 -0.16125 40.94487 0 0 4.92546 25.76093 0.68047 13
-1.66318 -0.13895 98.26809 0 0 4.28223 50.99182 0.54558 -13
0.73399 0.09701 29.71907 0 0 -2.82449 23.99747 2.20174 -13
1.13292 0.15220 4.57462 0 0 -4.34913 3.04680 2.41275 -13
1.15350 -0.24637 4.57462 0 0 7.67887 3.04680 2.41274 -13
-1.17441 0.10558 1.00051 0 0 -2.32643 0.65052 0.70810 -13
-0.53587 -0.01221 70.97334 0 0 0.43971 62.55988 1.07890 13
0.72009 0.12252 81.61003 0 0 -3.60740 66.39481 2.19135 -13
0.74176 -0.27760 81.61003 0 0 8.46166 66.39481 2.19134 -13
-0.21051 0.04984 26.93144 0 0 -1.40349 26.35528 1.36357 -13
-0.27733 -0.09043 93.46684 0 0 2.81410 90.09358 1.30131 -13
1.20034 -0.19607 92.22189 0 0 5.98686 59.68498 2.43770 13
-0.33384 -0.05542 82.88464 0 0 1.74687 78.63147 1.24905 13
0.58367 -0.18409 59.38181 0 0 5.62475 51.49981 2.09190 13
-0.28249 -0.12678 64.65453 0 0 3.91327 62.25616 1.29756 -13
0.95542 -0.16535 83.74097 0 0 5.07657 60.93644 2.32666 -13
-0.40428 -0.24088 23.19391 0 0 7.32279 21.58650 1.19630 13
-0.74107 -0.21471 30.12863 0 0 6.53724 24.39693 0.94378 13
0.24409 -0.12577 4.69118 0 0 3.98799 4.55921 1.80840 -13
0.52918 0.08494 26.59311 0 0 -2.50076 23.52362 2.05603 13
-0.60544 -0.62479 26.59311 0 0 -2.36466 23.52362 1.09644 13
0.62143 -0.49014 26.59311 0 0 -1.05972 23.52362 1.06183 13
0.16455 -0.19661 26.59311 0 0 -2.11879 23.52362 1.73087 13
-0.04829 0.04555 26.59311 0 0 -0.86183 23.52362 1.61900 13
0.58211 0.94591 26.59311 0 0 -0.98367 23.52362 1.97088 13
-1.28443 -0.75885 26.59311 0 0 -0.28855 23.52362 2.36765 13
0.56734 -0.05559 7.87579 0 0 1.83075 6.85267 2.08619 -13
-0.52775 -0.24555 47.43179 0 0 7.47669 42.21071 1.09718 13
1.53689 0.15778 1.36487 0 0 -4.01770 0.75153 2.55911 -13
1.55934 -0.23982 1.36487 0 0 8.01196 0.75153 2.55858 -13
-1.37051 0.04250 8.62261 0 0 -1.10310 5.08537 0.63078 -13
-1.80173 -0.17973 21.19683 0 0 5.45140 10.41259 0.51346 13
-0.36392 -0.11976 18.97666 0 0 3.66755 17.84715 1.22405 13
0.41079 -0.17768 6.88970 0 0 5.52091 6.38706 1.95514 -13
-0.27576 -0.07462 66.37693 0 0 2.33957 64.00114 1.30244 -13
-0.02004 -0.21636 14.61513 0 0 6.64285 14.61232 1.55122 -13
0.56710 0.06375 49.88351 0 0 -1.83011 43.41323 2.08580 -13
-1.24366 0.10787 1.93623 0 0 -3.62150 1.21852 0.68005 13
-1.28697 -0.29386 1.93623 0 0 8.46305 1.21852 0.68073 13
0.18975 0.06833 61.17665 0 0 -1.97194 60.10902 1.75789 -13
-0.18815 -0.01825 52.11734 0 0 0.62220 51.21887 1.38485 13
0.73745 0.05627 44.96520 0 0 -1.60248 36.20907 2.20546 -13
-0.36988 -0.18982 5.42840 0 0 5.90924 5.10192 1.22224 -13
-0.19469 -0.04115 40.48283 0 0 1.33468 39.73793 1.37867 -13
-0.35525 -0.00903 1.66808 0 0 0.65061 1.57167 1.22946 -13
0.75675 -0.11738 5.49613 0 0 3.73610 4.39320 2.21532 -13
0.57968 0.07463 22.47425 0 0 -2.19552 19.45693 2.09494 13
-0.71035 -0.03588 45.54888 0 0 1.17674 37.14174 0.95346 -13
0.66944 -0.08024 58.65768 0 0 2.51138 48.79215 2.15924 -13
-0.06988 -0.19388 88.72747 0 0 5.92404 88.51939 1.50230 13
0.23521 -0.05539 5.47053 0 0 1.66109 5.32559 1.80146 13
-0.92855 -0.21163 26.23981 0 0 6.49272 19.42213 0.83334 -13
-0.97061 -0.15109 1.93026 0 0 5.00032 1.39302 0.80595 -13
-1.67179 -0.00065 57.93142 0 0 0.11701 29.73791 0.53907 -13
-1.73759 -0.21220 61.71780 0 0 6.46805 31.29573 0.53179 13
0.96312 -0.11660 61.46919 0 0 3.60908 44.41790 2.33404 -13
0.60546 0.05629 84.28894 0 0 -1.60984 72.13369 2.11452 -13
0.88532 0.06715 65.94802 0 0 -1.95409 49.42638 2.29432 13
-1.10765 0.04597 30.56274 0 0 -1.32924 20.49282 0.73489 13
-1.11886 0.02395 50.70477 0 0 -0.65552 33.79454 0.72950 13
-1.10653 0.10280 74.36325 0 0 -3.00995 50.00431 0.73749 -13
0.18800 -0.04707 10.49129 0 0 1.45365 10.31111 1.75643 13
0.19420 -0.03315 85.47220 0 0 1.08695 83.90637 1.76250 -13
-1.50205 0.00422 66.07954 0 0 -0.03275 36.62019 0.58738 -13
-0.48861 -0.15649 75.69234 0 0 4.80908 68.16563 1.12105 -13
1.08501 -0.17035 91.38398 0 0 5.22785 62.41013 2.38981 -13
0.13001 -0.15049 6.02258 0 0 4.53624 5.97349 1.69865 13
-0.25600 0.05554 5.71390 0 0 -1.68192 5.53571 1.32055 13
0.51805 -0.07088 52.41438 0 0 2.20926 46.56474 2.04775 13
2.12653 -0.11031 84.91591 0 0 3.39560 36.31554 2.69969 13
0.88475 0.04833 45.89731 0 0 -1.36226 34.39264 2.29454 -13
-0.20689 -0.19158 81.26902 0 0 5.86644 79.64170 1.37033 -13
-0.09549 0.14460 18.03501 0 0 -4.30892 17.95500 1.47657 13
-0.09749 -0.25441 18.03501 0 0 7.72601 17.95500 1.47660 13
0.10224 0.14746 74.18158 0 0 -4.37368 73.80499 1.67160 13
0.10428 -0.25141 74.18158 0 0 7.65815 73.80499 1.67159 13
1.54348 0.13372 58.41059 0 0 -3.93689 31.95864 2.56265 -13
1.58297 -0.26576 58.41059 0 0 8.11381 31.95864 2.56266 -13
0.61638 -0.02825 3.65461 0 0 1.08789 3.11145 2.12299 -13
0.14924 -0.23129 91.00162 0 0 7.05274 90.05454 1.71519 13
-0.87296 -0.10480 94.64133 0 0 3.23538 71.46468 0.85583 13
-0.01764 0.08796 47.73538 0 0 -2.56223 47.72801 1.55323 -13
1.30567 -0.14469 47.78395 0 0 4.46223 29.24397 2.48299 -13
-0.45692 0.02076 13.32402 0 0 -0.58444 12.11919 1.14229 13
-0.43642 -0.19344 89.06622 0 0 5.91016 81.86779 1.16598 13
-0.75069 0.00076 77.30657 0 0 0.06607 61.82501 0.92686 -13
0.16153 0.12371 35.85741 0 0 -3.63628 35.40526 1.72975 -13
0.16632 -0.27630 35.85741 0 0 8.43151 35.40526 1.72976 -13
-1.41316 -0.05268 88.55811 0 0 1.67998 51.20157 0.61648 -13
0.90862 0.10954 47.74783 0 0 -3.23721 35.43346 2.30539 13
1.50903 0.10762 73.58162 0 0 -3.15236 40.80949 2.55370 -13
0.01766 -0.09141 34.03417 0 0 2.82282 34.02903 1.58838 13
-0.03413 0.14499 64.71351 0 0 -4.29982 64.67661 1.53703 13
-0.03485 -0.25399 64.71351 0 0 7.73506 64.67661 1.53703 13
-1.08518 0.11890 60.97419 0 0 -3.51740 41.47638 0.74807 13
-1.11945 -0.28147 60.97419 0 0 8.55893 41.47638 0.74807 13
0.68597 -0.09645 13.32859 0 0 3.03799 11.00710 2.16989 -13
-2.12129 -0.07439 69.50042 0 0 2.34264 29.70325 0.44158 -13
0.93260 0.03768 91.29617 0 0 -1.06230 66.78939 2.32098 13
-0.47081 0.03044 85.04231 0 0 -0.84329 76.94795 1.13095 13
-1.39049 -0.19448 62.31672 0 0 5.95623 36.82787 0.63230 -13
-1.65109 -0.23190 97.81703 0 0 7.06664 51.64764 0.55625 13
-0.22862 -0.07830 65.49194 0 0 2.43590 63.85442 1.34670 13
-0.30839 0.13843 55.00506 0 0 -4.10409 52.60566 1.27432 13
-0.31570 -0.26085 55.00506 0 0 7.93937 52.60566 1.27432 13
-0.11675 -0.15349 75.14007 0 0 4.71764 74.64466 1.45591 -13
1.15503 -0.11132 39.54975 0 0 3.45752 25.97783 2.42496 -13
-0.33968 -0.14209 45.53632 0 0 4.35508 43.16082 1.24638 13
-0.49500 0.42186 45.53632 0 0 4.30239 43.16082 1.14290 13
0.58369 -0.34536 45.53632 0 0 6.39266 43.16082 1.06664 13
-0.14570 -0.10758 45.53632 0 0 4.23689 43.16082 1.42693 13
-0.00921 0.09462 45.53632 0 0 6.39593 43.16082 1.57997 13
-1.50155 1.62457 45.53632 0 0 4.40753 43.16082 0.90396 13
0.59388 -0.07240 49.98516 0 0 2.25391 43.00699 2.10555 13
-0.01961 -0.24044 70.76146 0 0 7.32688 70.74861 1.55173 13
-0.14067 -0.10766 65.76976 0 0 3.33651 65.13576 1.43184 -13
-1.51317 -0.01607 53.95100 0 0 0.58171 29.74883 0.58403 -13
-0.65798 0.07503 19.18885 0 0 -2.15115 16.04361 0.99012 -13
-0.30926 -0.11013 94.86946 0 0 3.39787 90.68184 1.27257 13
-1.60971 -0.06827 90.89807 0 0 2.15036 48.04713 0.55693 -13
0.20277 0.12938 50.74631 0 0 -3.81156 49.75022 1.76925 -13
0.20831 -0.27032 50.74631 0 0 8.24609 49.75022 1.76924 -13
0.34250 0.11929 68.72005 0 0 -3.52461 65.06040 1.89861 13
0.35324 -0.28106 68.72005 0 0 8.55162 65.06040 1.89859 13
-0.63359 0.03103 18.77628 0 0 -0.88507 15.86268 1.00626 13
-0.05235 -0.00572 24.02016 0 0 0.23431 23.98731 1.51849 13
0.36919 0.12422 56.58838 0 0 -3.67522 53.13469 1.92199 13
0.38006 -0.27583 56.58838 0 0 8.39127 53.13469 1.92199 13
0.13883 -0.20142 74.47610 0 0 6.15003 73.79570 1.70607 13
-0.35638 -0.16972 55.72329 0 0 5.19124 52.57272 1.23291 13
0.89673 -0.14120 26.92833 0 0 4.31569 20.13663 2.29690 13
-1.11617 -0.21730 70.76228 0 0 6.62592 47.82047 0.74204 13
-0.85449 -0.03254 70.76228 0 0 6.91519 47.82047 0.86396 13
0.19449 -1.13282 70.76228 0 0 8.05585 47.82047 1.44279 13
5.52269 9.33745 70.76228 0 0 8.03579 47.82047 2.10241 13
-45.96451 54.50157 70.76228 0 0 8.48783 47.82047 2.27134 13
-0.51785 0.07557 24.56785 0 0 -2.22099 21.82927 1.09413 13
-0.14106 0.03884 11.39796 0 0 -1.13310 11.28638 1.43076 13
-0.79241 0.05548 39.68701 0 0 -1.60804 31.12361 0.90145 13
-0.69528 -0.15209 33.72886 0 0 4.68726 27.79554 0.96860 -13
0.10458 0.11691 90.91084 0 0 -3.45079 90.42431 1.67430 13
0.13029 0.03403 13.19858 0 0 -0.90757 13.08812 1.70028 -13
-0.14097 -0.03248 60.26252 0 0 1.05289 59.67318 1.43082 13
-0.12856 -0.10801 63.44338 0 0 3.33181 62.93137 1.44367 13
0.60345 0.00313 42.92683 0 0 0.00051 36.75342 2.11374 -13
0.84099 -0.04582 6.96120 0 0 1.37362 5.33015 2.26952 13
-0.20683 0.04483 65.88141 0 0 -1.26328 64.51857 1.36704 -13
-1.70089 -0.08008 93.84227 0 0 2.48712 47.67444 0.53289 13
-1.11619 -0.22532 84.17407 0 0 6.88695 56.93568 0.74287 -13
-0.84857 -0.16309 86.00421 0 0 4.99308 65.93494 0.87360 13
-1.45128 -0.22455 24.04843 0 0 6.81906 13.87252 0.61488 13
0.25875 0.13932 26.78609 0 0 -4.13983 25.94763 1.82168 13
0.26479 -0.25992 26.78609 0 0 7.90220 25.94763 1.82167 13
-1.46226 -0.23330 2.91038 0 0 6.80136 1.67173 0.61222 13
0.32801 -0.18138 34.65016 0 0 5.53757 32.97526 1.88298 13
-0.50516 -0.14768 78.51772 0 0 4.52924 70.23583 1.10736 13
0.78429 -0.22559 93.38414 0 0 6.87925 74.16761 2.22387 13
-0.49325 -0.02654 22.30706 0 0 0.90542 20.00695 1.11270 -13
0.76283 0.01287 10.95294 0 0 -0.25087 8.70859 2.22242 -13
0.18926 0.12915 90.29247 0 0 -3.80934 88.74279 1.75634 -13
0.19446 -0.27057 90.29247 0 0 8.24873 88.74279 1.75635 -13
0.35913 -0.07645 56.37628 0 0 2.37826 53.07639 1.91465 13
-1.01958 -0.24727 84.80666 0 0 7.53192 60.27572 0.79054 13
0.20017 -0.18418 77.14818 0 0 5.63014 75.69535 1.76517 13
0.68559 0.11578 1.89114 0 0 -3.71499 1.56293 2.16868 13
0.70761 -0.28522 1.89114 0 0 8.35877 1.56293 2.16830 13
0.41373 -0.04615 45.88169 0 0 1.46141 42.40299 1.96270 13
-0.92518 -0.02525 26.21248 0 0 0.81827 19.24353 0.82440 13
1.58932 -0.04386 81.45720 0 0 1.41569 43.41009 2.57954 -13
-1.09911 0.10499 29.94358 0 0 -3.06402 20.21181 0.74095 -13
-0.30416 -0.06557 45.62872 0 0 2.07057 43.66197 1.27613 -13
-1.70703 0.08627 58.94968 0 0 -2.53863 29.87923 0.53154 13
-1.58028 -0.08926 47.98426 0 0 2.79205 25.73169 0.56598 -13
0.78790 -0.08364 42.06916 0 0 2.61892 33.08875 2.23642 -13
-0.93275 -0.01988 19.66431 0 0 0.71494 14.38121 0.82028 -13
