0.41869 -0.21117 60.54345 0 0 6.44272 56.02459 1.95960 13
1.57727 0.09576 41.55822 0 0 -2.78891 22.32553 2.57448 -13
0.78938 0.03873 95.69104 0 0 -1.09324 75.13154 2.23866 13
1.84885 0.01648 97.87803 0 0 -0.42648 46.57001 2.64572 13
1.83144 0.10374 77.41364 0 0 -3.06162 37.25144 2.63956 13
0.86553 -0.18086 29.62284 0 0 5.51483 22.55144 2.27628 13
-0.03873 -0.15664 52.09988 0 0 4.79702 52.06179 1.53255 13
-1.01369 0.14512 83.18783 0 0 -4.30475 58.72886 0.78381 13
-1.03497 -0.25385 83.18783 0 0 7.72979 58.72886 0.78382 13
-0.33571 -0.06892 57.30411 0 0 2.16928 54.33758 1.24763 -13
-1.82487 0.06399 31.23662 0 0 -1.88116 15.03453 0.50216 13
-1.82781 -0.01492 22.53763 0 0 0.48691 10.81814 0.50066 13
-0.63356 -0.00679 81.27105 0 0 0.29308 68.65274 1.00608 -13
-0.48545 -0.21695 1.17999 0 0 7.11407 1.06629 1.12782 -13
-1.59663 -0.19115 52.30132 0 0 5.83069 28.11881 0.56765 13
0.35513 0.02467 4.35651 0 0 -0.54108 4.10550 1.91194 -13
1.43307 -0.06685 13.23035 0 0 2.03118 7.58354 2.53130 13
-1.92409 -0.04136 45.95499 0 0 1.30582 21.20700 0.47965 13
-0.32888 -0.22268 20.01908 0 0 6.76911 19.06111 1.26017 13
-0.02340 0.13174 23.06610 0 0 -3.91437 23.05990 1.54760 13
-0.02403 -0.26789 23.06610 0 0 8.13937 23.05990 1.54759 13
1.05996 0.00501 2.25295 0 0 0.23839 1.54590 2.38529 -13
-0.05958 -0.07307 89.31602 0 0 2.29069 89.15873 1.51144 -13
-0.74172 -0.22360 18.47591 0 0 6.86086 14.96628 0.94424 -13
1.09495 0.07283 62.45827 0 0 -2.10510 42.18050 2.40017 -13
-1.10922 -0.05794 72.02711 0 0 1.81915 48.27345 0.73449 13
0.43905 -0.03103 59.31839 0 0 1.02604 54.31812 1.98433 -13
1.61050 0.06636 12.50383 0 0 -1.84451 6.60644 2.58494 -13
-1.11237 -0.18527 7.29503 0 0 5.55624 4.92196 0.74065 13
-0.22654 0.04838 96.82393 0 0 -1.38310 94.43645 1.34827 13
0.04453 -0.20178 85.71279 0 0 6.17373 85.63122 1.61442 -13
-0.26761 0.02601 97.19819 0 0 -0.69872 93.89637 1.30940 -13
-0.37898 0.08483 25.86189 0 0 -2.49765 24.19420 1.20973 13
0.80955 0.08565 49.31092 0 0 -2.48977 38.38130 2.24955 -13
0.94444 -0.12528 96.76633 0 0 3.86698 70.60775 2.32374 -13
1.26820 -0.23196 88.40708 0 0 7.08744 55.62264 2.46111 -13
0.96302 -0.20433 29.10311 0 0 6.22135 21.16777 2.32714 13
-1.54794 -0.22853 95.43141 0 0 6.98407 52.71647 0.58523 -13
-0.62601 -0.13884 91.56714 0 0 4.26319 77.82094 1.01575 13
-0.52312 -0.21310 67.40976 0 0 6.50101 60.01131 1.09788 13
-0.32490 0.07996 31.88532 0 0 -2.34725 30.33417 1.25759 13
0.19722 -0.10326 78.02983 0 0 3.18923 76.57044 1.76451 13
-0.73830 0.13021 64.74078 0 0 -3.85615 52.23743 0.93884 13
-0.75824 -0.26949 64.74078 0 0 8.20099 52.23743 0.93883 13
-0.35575 0.01216 5.31994 0 0 -0.18873 5.01230 1.22903 -13
-1.01662 0.06073 47.40101 0 0 -1.73615 33.27129 0.77808 -13
-0.29640 -0.24516 29.89660 0 0 7.49353 28.72982 1.29050 -13
-0.14918 -0.20191 90.28563 0 0 6.17646 89.33553 1.42560 -13
0.13758 -0.02015 9.63085 0 0 0.63804 9.54101 1.70749 13
-1.19581 -0.09724 40.51269 0 0 3.03406 26.06118 0.69878 -13
-0.14979 -0.07896 67.06608 0 0 2.45564 66.33077 1.42257 13
-1.66649 -0.08231 28.73629 0 0 2.59724 14.82248 0.54196 -13
1.11480 -0.02318 12.56284 0 0 0.83862 8.38988 2.41029 -13
-0.87115 -0.02316 81.96342 0 0 0.78757 61.80891 0.85428 -13
-0.52366 0.14646 36.12935 0 0 -4.32178 32.07915 1.09275 -13
-0.53419 -0.25237 36.12935 0 0 7.71117 32.07915 1.09289 -13
1.91729 0.02871 30.49102 0 0 -0.81906 14.10516 2.66067 13
-0.10754 0.13122 81.87010 0 0 -3.87132 81.40869 1.46457 -13
-0.11039 -0.26839 81.87010 0 0 8.18342 81.40869 1.46458 -13
0.14802 -0.03502 95.11933 0 0 1.13250 94.09526 1.71767 13
0.01450 0.10658 50.88568 0 0 -3.12422 50.88039 1.58522 -13
0.87348 0.04335 19.22878 0 0 -1.19348 14.48761 2.28830 -13
-1.54905 0.03474 7.40406 0 0 -1.08689 4.01681 0.57352 13
-0.98825 0.03803 88.47308 0 0 -1.05842 62.95107 0.79167 -13
1.42047 -0.16513 66.78140 0 0 5.07490 38.78919 2.52185 -13
0.84751 -0.05395 40.53714 0 0 1.69281 30.94367 2.27313 13
0.20036 -0.01068 6.44030 0 0 0.32701 6.31478 1.76853 13
0.25634 0.14858 41.95603 0 0 -4.38848 40.66910 1.81912 -13
0.26137 -0.25021 41.95603 0 0 7.64129 40.66910 1.81912 -13
-1.14504 -0.13557 2.30388 0 0 4.49592 1.52354 0.72240 -13
0.04483 0.06548 94.70135 0 0 -1.89901 94.60673 1.61550 13
2.03016 -0.01107 53.53176 0 0 0.39519 23.65587 2.68388 13
-0.19039 0.01278 82.55645 0 0 -0.31022 81.09993 1.38267 13
0.99960 0.00333 54.85935 0 0 -0.03157 38.79938 2.35599 13
-0.23265 0.11872 7.85053 0 0 -3.43615 7.64912 1.34376 -13
-1.47211 0.12013 43.60258 0 0 -3.52297 24.62065 0.60003 -13
-1.51782 -0.28011 43.60258 0 0 8.55142 24.62065 0.60004 -13
1.84859 0.11119 56.15677 0 0 -3.29194 26.84551 2.64315 13
0.46035 0.01113 75.93459 0 0 -0.24799 68.97738 2.00220 -13
-0.08467 -0.02549 66.09825 0 0 0.84285 65.86271 1.48635 13
-0.92823 -0.09457 68.65454 0 0 2.92400 50.42169 0.82482 13
1.16453 0.04864 4.18611 0 0 -1.56536 2.72975 2.43148 13
0.26103 0.12209 33.87549 0 0 -3.58634 32.79257 1.82433 -13
0.26893 -0.27801 33.87549 0 0 8.48444 32.79257 1.82432 -13
-0.37239 -0.13961 84.80351 0 0 4.28662 79.56448 1.21746 13
-0.08883 -0.01348 17.59111 0 0 0.51605 17.52213 1.48221 -13
-1.60879 0.13866 62.86757 0 0 -4.11576 33.41615 0.56042 13
-1.64679 -0.26063 62.86757 0 0 7.92757 33.41615 0.56042 13
-1.41769 0.03111 69.64266 0 0 -0.86926 40.15527 0.61455 13
-1.02982 0.10494 83.17269 0 0 -3.09267 58.10428 0.77345 13
-1.10920 -0.15444 27.42242 0 0 4.76728 18.48139 0.73954 -13
-0.22409 0.12777 42.32652 0 0 -3.76118 41.31822 1.35207 -13
-0.23036 -0.27200 42.32652 0 0 8.29949 41.31822 1.35207 -13
0.18593 -0.23119 11.60450 0 0 7.10104 11.41853 1.75001 -13
1.29188 -0.01591 42.98993 0 0 0.54389 26.31713 2.48280 13
-0.46870 -0.14310 11.84300 0 0 4.35375 10.74307 1.13638 13
-0.22801 -0.17664 58.55952 0 0 5.41852 57.13691 1.34993 -13
-2.11095 -0.18717 78.00359 0 0 5.71288 33.86478 0.44910 13
0.96019 -0.24636 95.92168 0 0 7.52035 70.15961 2.32118 -13
-0.82147 -0.09396 14.82568 0 0 2.96310 11.47657 0.88526 -13
0.45963 -0.14731 93.90823 0 0 4.51908 85.48536 1.99757 13
-0.14013 -0.24811 79.49941 0 0 7.55916 78.77418 1.43562 13
1.16447 -0.24198 90.02786 0 0 7.38906 59.60956 2.41794 -13
0.71682 -0.06325 8.84214 0 0 1.91952 7.19163 2.19178 13
-0.68950 -0.23875 48.43759 0 0 7.29542 40.22851 0.98004 -13
-0.01744 0.04925 38.91910 0 0 -1.39195 38.91320 1.55338 -13
-0.48847 -0.04407 64.15988 0 0 1.40237 57.66034 1.11680 13
0.77239 -0.06851 94.86140 0 0 2.15461 75.13994 2.22734 -13
0.91154 0.02471 19.12067 0 0 -0.69873 14.13297 2.30980 13
-0.22279 -0.10226 41.12792 0 0 3.15431 40.15345 1.35269 13
0.18818 -0.08841 93.07533 0 0 2.75353 91.48183 1.75610 -13
0.30400 -0.12164 66.23868 0 0 3.74279 63.41408 1.86388 13
1.97590 -0.06367 6.10807 0 0 2.17030 2.76176 2.67226 -13
-0.92449 0.13413 12.34004 0 0 -4.01933 9.09835 0.82906 13
-0.94805 -0.26550 12.34004 0 0 8.02981 9.09835 0.82905 13
-0.98741 -0.09326 93.73996 0 0 2.88694 66.84514 0.79390 13
0.13521 -0.12849 82.78701 0 0 3.96326 82.05250 1.70410 -13
0.12414 -0.01658 61.44856 0 0 0.58942 60.98060 1.69429 -13
0.39320 -0.09060 60.40292 0 0 2.82271 56.24423 1.94404 -13
-2.03099 -0.03107 27.43253 0 0 1.05783 12.12258 0.45772 -13
-0.70942 -0.15572 62.57712 0 0 4.78761 51.24170 0.95942 -13
-0.82579 -0.23713 56.54627 0 0 7.24712 44.08028 0.89392 -13
-0.03199 -0.01754 93.27986 0 0 0.60570 93.23217 1.53882 13
0.25273 0.01888 41.57522 0 0 -0.50019 40.30828 1.81830 13
-0.19482 -0.07078 13.62059 0 0 2.25251 13.37033 1.37885 -13
1.88492 -0.07980 56.39129 0 0 2.47137 26.49453 2.65251 13
-0.25782 -0.21086 18.29414 0 0 6.41165 17.73825 1.32368 13
0.10197 0.03876 49.99430 0 0 -1.07810 49.73677 1.67234 -13
-1.76997 -0.03822 33.87541 0 0 1.20611 16.67311 0.51458 13
0.00243 -0.09655 9.45422 0 0 3.04482 9.45419 1.57321 -13
1.94665 0.02278 47.09014 0 0 -0.62837 21.52198 2.66694 13
0.16391 -0.14944 78.66095 0 0 4.58271 77.64733 1.73151 13
1.22685 0.09317 61.74363 0 0 -2.74217 39.11099 2.45560 13
-0.95265 -0.22107 27.80106 0 0 6.77428 20.35603 0.82155 -13
1.93394 -0.17570 14.51164 0 0 5.45706 6.74508 2.65815 -13
-0.03114 0.13829 58.12422 0 0 -4.09955 58.09664 1.53996 13
-0.03188 -0.26101 58.12422 0 0 7.94481 58.09664 1.53996 13
-0.78912 -0.12913 61.78480 0 0 3.96650 48.65489 0.90674 13
-0.78524 -0.06267 90.58128 0 0 1.97860 71.29593 0.90607 -13
-0.34586 -0.13550 91.09801 0 0 4.17368 86.17693 1.24061 -13
-0.98915 -0.03105 90.62831 0 0 1.01023 64.44774 0.79110 13
-0.87293 -0.23380 92.57300 0 0 7.12660 70.53501 0.86630 13
0.30458 -0.13561 62.01206 0 0 4.18069 59.36712 1.86392 -13
0.43111 -0.05537 48.94251 0 0 1.74027 44.95460 1.97728 13
0.43111 -0.05538 48.94251 0 0 1.74165 44.95460 1.97728 13
0.09874 -0.09005 65.99787 0 0 2.80510 65.68107 1.66882 -13
-1.38847 -0.00991 16.25991 0 0 0.32804 9.50260 0.62419 13
1.53725 0.11362 87.77114 0 0 -3.35598 48.07642 2.56192 13
1.57176 -0.14772 80.44453 0 0 4.52579 43.51434 2.57006 13
1.70465 0.04734 24.94570 0 0 -1.30890 12.63225 2.61057 -13
-1.28040 0.02349 54.14308 0 0 -0.61284 33.33193 0.66318 -13
-0.06311 -0.14624 77.97673 0 0 4.49836 77.82517 1.50843 -13
-0.13350 0.00077 53.27327 0 0 0.04895 52.80481 1.43808 13
0.03434 -0.04012 88.50538 0 0 1.28585 88.45333 1.60509 13
0.69306 0.00020 18.35681 0 0 0.04265 15.08741 2.17685 13
1.62918 0.13995 83.32533 0 0 -4.12919 43.89635 2.58675 -13
1.66677 -0.25920 83.32533 0 0 7.91226 43.89635 2.58675 -13
-0.02011 0.06003 70.54791 0 0 -1.73642 70.53371 1.55073 13
0.97700 0.11816 43.81381 0 0 -3.49785 31.44514 2.34110 13
1.00819 -0.28226 43.81381 0 0 8.57701 31.44514 2.34111 13
-1.03959 -0.07080 56.86676 0 0 2.20428 39.47371 0.76724 13
-0.85522 -0.00974 85.49295 0 0 0.38276 64.97438 0.86330 -13
-0.31849 0.01783 62.19086 0 0 -0.46460 59.25887 1.26251 13
1.59548 0.07915 37.95452 0 0 -2.33109 20.20204 2.58031 13
-1.28666 0.03054 81.28579 0 0 -0.83062 49.89596 0.66091 -13
1.35996 -0.05770 86.77449 0 0 1.81230 51.46064 2.50676 13
-1.41339 -0.09538 93.41212 0 0 2.94886 54.11570 0.61789 13
-1.42904 -0.09824 37.89106 0 0 3.02364 21.79356 0.61283 13
-0.40867 -0.10238 10.27547 0 0 3.11762 9.51911 1.18466 13
-0.06590 0.05199 80.14943 0 0 -1.48162 79.97644 1.50508 -13
1.57347 0.08327 80.58205 0 0 -2.41916 43.33019 2.57389 -13
0.25771 -0.00262 72.14264 0 0 0.16747 69.86004 1.82302 -13
-0.66869 0.09632 90.09982 0 0 -2.83059 75.00412 0.98353 13
-1.46182 -0.01781 52.24998 0 0 0.60197 29.50379 0.60003 13
0.20501 -0.16926 97.64258 0 0 5.18216 95.70701 1.77024 13
0.93704 -0.00776 25.11744 0 0 0.28893 18.32852 2.32369 13
-0.16465 -0.11662 58.84389 0 0 3.59076 58.07242 1.40869 13
-0.97814 -0.19652 43.32587 0 0 5.99367 31.25832 0.80591 13
-0.61571 0.03056 38.38603 0 0 -0.85528 32.69127 1.01912 13
-0.13867 -0.00132 66.35093 0 0 0.11370 65.72204 1.43301 13
1.71241 -0.02776 26.47412 0 0 0.95420 13.35416 2.61287 -13
-1.99142 0.13546 24.97149 0 0 -4.04821 11.28767 0.46903 13
-2.04086 -0.26395 24.97149 0 0 7.99903 11.28767 0.46905 13
-0.68379 0.05324 6.76857 0 0 -1.61063 5.58974 0.97169 13
0.06952 -0.22633 95.46301 0 0 6.91394 95.24431 1.63850 -13
0.92809 -0.16529 28.07693 0 0 5.04349 20.70808 2.31220 13
-0.57994 -0.00812 7.72600 0 0 0.25385 6.68344 1.04527 13
0.43805 -0.01984 65.86341 0 0 0.68782 60.33092 1.98360 -13
0.79439 -0.19228 31.90701 0 0 5.86197 25.15787 2.23328 13
1.63574 0.07367 82.75645 0 0 -2.12996 43.24956 2.59167 -13
1.58637 -0.08208 8.66053 0 0 2.66295 4.62926 2.57763 -13
0.76844 0.08205 50.13320 0 0 -2.40635 39.80148 2.22437 13
0.14625 -0.10154 73.47534 0 0 3.15078 72.70968 1.71529 -13
-0.34428 0.07732 50.67167 0 0 -2.26147 47.92657 1.24014 13
-0.51791 0.02649 66.40166 0 0 -0.70937 58.96734 1.09307 -13
1.05271 0.11054 7.79112 0 0 -3.16258 5.38235 2.37883 -13
0.29585 -0.24906 10.97662 0 0 7.54402 10.55058 1.85036 13
0.91642 0.06887 10.08037 0 0 -2.06152 7.43999 2.31143 13
-0.91001 0.00668 75.34458 0 0 -0.12909 55.72581 0.83249 13
-1.82163 -0.15238 22.50926 0 0 4.72256 10.92811 0.50690 -13
-0.40354 0.09176 96.82684 0 0 -2.68147 89.84414 1.18869 -13
-0.54479 -0.21583 67.73191 0 0 6.58282 59.78337 1.08147 13
1.45848 -0.02511 67.08801 0 0 0.85140 37.94568 2.54042 -13
-0.13600 -0.14519 36.04122 0 0 4.47409 35.71921 1.43701 -13
0.09171 0.07589 78.60612 0 0 -2.20225 78.27957 1.66199 -13
0.41117 0.09835 79.71264 0 0 -2.89259 73.77498 1.95920 13
-2.07625 0.14001 41.65278 0 0 -4.11489 18.21737 0.45266 -13
-2.12405 -0.25913 41.65278 0 0 7.92690 18.21737 0.45267 -13
0.05580 -0.15003 6.76126 0 0 4.53406 6.75099 1.62593 13
-0.67042 0.03443 91.01363 0 0 -0.96377 75.61052 0.98047 13
-0.87445 -0.15339 53.38164 0 0 4.72072 40.38561 0.85803 -13
-0.04583 0.08197 18.98043 0 0 -2.41662 18.96067 1.52515 13
0.27686 0.00462 40.43689 0 0 -0.04564 38.97084 1.84089 -13
0.38079 -0.19853 15.89385 0 0 6.03467 14.88942 1.92825 13
1.61798 -0.15783 8.24303 0 0 4.72325 4.37196 2.58249 13
-0.01783 -0.01354 46.01108 0 0 0.47921 46.00377 1.55297 13
1.29986 -0.22728 66.46113 0 0 6.95071 41.16395 2.47364 -13
-1.25491 -0.09191 86.34215 0 0 2.84433 53.94673 0.67488 13
0.11538 -0.21746 67.73849 0 0 6.64813 67.31203 1.68307 -13
1.05399 0.12964 50.04713 0 0 -3.84371 34.59736 2.37831 13
1.08267 -0.27007 50.04713 0 0 8.21329 34.59736 2.37830 13
-1.40397 -0.13865 53.54470 0 0 4.24781 31.25979 0.62342 13
0.10396 -0.20838 59.91755 0 0 6.35840 59.60961 1.67222 13
1.70879 -0.03363 70.01041 0 0 1.08174 35.37580 2.61187 13
-0.50677 0.12431 75.25688 0 0 -3.67588 67.23367 1.10483 13
-0.52167 -0.27572 75.25688 0 0 8.39048 67.23367 1.10483 13
-0.95194 0.07300 69.05487 0 0 -2.13054 50.07991 0.81134 13
-0.57886 0.07692 79.82131 0 0 -2.23216 69.13317 1.04734 -13
-0.96428 0.14714 73.40989 0 0 -4.36646 53.11610 0.80893 13
-0.98383 -0.25176 73.40989 0 0 7.66606 53.11610 0.80891 13
0.05243 -0.21826 6.58906 0 0 6.58593 6.58044 1.62198 13
-1.96416 -0.02112 75.10056 0 0 0.70434 34.07927 0.47101 13
-1.26728 0.13262 33.35924 0 0 -3.94295 20.77540 0.67230 13
-1.30019 -0.26694 33.35924 0 0 8.10974 20.77540 0.67233 13
1.00670 -0.21159 4.01455 0 0 6.64054 2.86041 2.34859 -13
-0.99799 0.13853 96.08425 0 0 -4.10487 68.33183 0.79116 13
-1.02158 -0.26069 96.08425 0 0 7.93882 68.33183 0.79116 13
0.53638 -0.24236 42.62842 0 0 7.40554 37.80089 2.05133 -13
-0.14758 0.11506 93.36678 0 0 -3.38430 92.37931 1.42522 -13
-1.91868 0.11479 16.62529 0 0 -3.31794 7.72389 0.48315 -13
-0.40707 -0.17742 28.67289 0 0 5.45188 26.61439 1.18959 -13
-1.01247 0.10651 5.87537 0 0 -3.01868 4.14028 0.78202 -13
0.95259 0.12488 14.08549 0 0 -3.72997 10.23552 2.32806 13
0.98037 -0.27517 14.08549 0 0 8.33458 10.23552 2.32805 13
2.00805 0.00295 56.45941 0 0 -0.02723 25.16864 2.67955 13
0.58038 0.07131 31.68176 0 0 -2.05235 27.41871 2.09556 -13
-0.00940 0.10198 33.31372 0 0 -3.01064 33.31226 1.56145 13
-1.15394 0.03638 64.19478 0 0 -1.02740 42.05688 0.71438 13
-1.03600 -0.07166 86.82621 0 0 2.23490 60.38012 0.76900 13
-0.03663 0.04016 51.99796 0 0 -1.13967 51.96315 1.53421 13
0.81091 0.05230 66.69292 0 0 -1.48691 51.82983 2.25149 -13
-2.12298 0.11893 7.35413 0 0 -3.66610 3.15150 0.44292 13
-0.00377 0.06714 74.64773 0 0 -1.95056 74.64720 1.56704 13
1.15611 0.08172 61.83737 0 0 -2.39664 40.53094 2.42682 13
0.63907 -0.24659 37.61334 0 0 7.53657 31.96079 2.12614 -13
1.32511 -0.24201 94.81319 0 0 7.39066 58.14736 2.48138 -13
-0.49682 -0.22381 25.62631 0 0 6.80921 23.05907 1.11936 13
0.13415 -0.23102 94.39124 0 0 7.05449 93.59508 1.70077 -13
0.35885 0.08170 57.36218 0 0 -2.39238 54.01151 1.91428 13
-0.46005 -0.05316 35.03479 0 0 1.70042 31.83591 1.14015 -13
-0.82504 0.09971 2.17080 0 0 -2.62314 1.67786 0.88340 -13
-0.25621 -0.03756 3.48884 0 0 1.07935 3.37966 1.32015 13
0.75708 0.04470 44.39705 0 0 -1.28051 35.41017 2.21833 13
0.45632 0.08297 67.10281 0 0 -2.42983 61.08325 1.99760 13
-0.02871 -0.11301 64.66804 0 0 3.48264 64.64174 1.54227 13
1.20908 0.03994 93.29962 0 0 -1.11573 59.49135 2.45017 -13
-1.15731 0.04632 84.82755 0 0 -1.32472 55.49518 0.71314 13
1.91019 -0.04336 86.28884 0 0 1.40092 40.04916 2.65893 -13
-0.30058 0.12542 50.30233 0 0 -3.71167 48.20417 1.28095 13
-0.30928 -0.27455 50.30233 0 0 8.35267 48.20417 1.28095 13
0.09957 -0.18971 48.78240 0 0 5.81436 48.55063 1.66831 -13
-0.07628 0.10593 5.94262 0 0 -3.02921 5.92557 1.49509 -13
-0.75634 -0.22872 57.63395 0 0 6.99048 46.38861 0.93547 -13
0.09856 -0.13860 13.81776 0 0 4.22612 13.75238 1.66812 13
0.62824 -0.11331 59.67296 0 0 3.50872 50.62006 2.12885 -13
0.23667 -0.23139 19.41167 0 0 7.08840 18.91536 1.79742 -13
-0.46010 -0.13761 52.26262 0 0 4.22219 47.55546 1.14313 13
-0.49410 0.09957 32.23116 0 0 -2.90527 28.92415 1.11384 -13
0.78873 0.13412 64.84940 0 0 -3.97417 51.09170 2.23430 13
0.80880 -0.26536 64.84940 0 0 8.07632 51.09170 2.23431 13
-0.25756 0.08139 28.50139 0 0 -2.35648 27.60633 1.31952 -13
0.39856 0.05464 16.11400 0 0 -1.59918 14.97203 1.94955 13
0.52122 -0.17338 72.25828 0 0 5.30390 64.27741 2.04523 13
-1.53633 0.01208 5.42141 0 0 -0.45138 2.95764 0.57704 13
-1.22400 -0.04626 67.39724 0 0 1.46494 42.66850 0.68554 13
0.04216 0.04874 21.72562 0 0 -1.36638 21.70638 1.61288 -13
-1.41470 -0.12838 99.59481 0 0 3.94612 57.80084 0.61918 13
1.32313 0.13536 6.04731 0 0 -4.13422 3.66750 2.49003 13
1.35616 -0.26422 6.04731 0 0 7.91082 3.66750 2.49002 13
0.42908 0.12684 54.04903 0 0 -3.73417 49.73107 1.97324 -13
0.44125 -0.27301 54.04903 0 0 8.32791 49.73107 1.97324 -13
1.66329 -0.19977 62.60675 0 0 6.09248 32.72286 2.59160 13
1.11650 0.10538 89.07321 0 0 -3.10583 59.60923 2.40844 13
1.57409 0.03456 76.28906 0 0 -0.94951 40.92598 2.57536 -13
-2.10457 -0.02548 56.44565 0 0 0.82935 24.23055 0.44370 13
-1.47792 -0.12669 95.71205 0 0 3.91175 53.92949 0.59857 -13
0.43698 -0.00341 52.63152 0 0 0.19460 48.22769 1.98277 -13
0.74164 0.06240 65.12719 0 0 -1.79182 52.34743 2.20799 -13
2.03324 0.14573 84.93309 0 0 -4.30103 37.80170 2.68033 -13
2.07541 -0.25319 84.93309 0 0 7.73261 37.80170 2.68032 -13
-0.47282 -0.09983 93.56789 0 0 3.08693 84.66553 1.13104 13
-0.10001 -0.05050 21.54576 0 0 1.58172 21.43913 1.47124 13
0.70137 -0.11176 46.28400 0 0 3.43924 37.97062 2.17952 13
0.25501 -0.11830 57.94263 0 0 3.65812 56.16919 1.81883 -13
1.70773 -0.17350 24.60327 0 0 5.27448 12.56874 2.60536 13
-1.13557 -0.07806 51.12736 0 0 2.42143 33.84774 0.72351 13
-0.95658 0.00670 47.08225 0 0 -0.10762 34.02298 0.80760 -13
-1.62035 0.08414 3.72436 0 0 -2.21091 1.96049 0.55451 -13
-0.82620 -0.07444 52.22728 0 0 2.31435 40.30818 0.88164 13
0.04757 0.09835 51.94029 0 0 -2.89507 51.88220 1.61811 13
-1.87981 0.03614 10.45745 0 0 -0.90749 4.91369 0.48916 -13
1.78636 -0.09545 78.05303 0 0 2.94824 38.25875 2.62932 13
1.17950 0.00767 50.08605 0 0 -0.13495 32.39011 2.43835 -13
0.92174 -0.11511 23.98540 0 0 3.58048 17.68973 2.31222 -13
0.17631 -0.21796 98.63040 0 0 6.65063 97.19889 1.74139 13
0.61023 -0.20971 39.99422 0 0 6.42243 34.33616 2.10918 -13
-0.70376 -0.12806 8.77225 0 0 4.00798 7.19318 0.96137 -13
1.46110 -0.01427 61.27668 0 0 0.52613 34.61178 2.54136 -13
0.41914 -0.02024 94.78815 0 0 0.69690 87.42234 1.96762 -13
-1.15934 0.08466 97.64304 0 0 -2.46534 63.90627 0.71351 -13
0.23427 -0.17268 45.67201 0 0 5.30073 44.50139 1.79768 -13
-0.40552 -0.03571 91.51177 0 0 1.15342 84.81166 1.18576 13
-1.11456 -0.12785 72.69032 0 0 3.94774 48.76163 0.73531 -13
-0.06105 -0.14039 17.08405 0 0 4.28637 17.05294 1.51041 13
0.37083 0.08041 21.58529 0 0 -2.36842 20.24633 1.92486 13
1.74415 -0.06900 36.56329 0 0 2.13542 18.21846 2.61998 13
-0.33742 -0.06139 5.25493 0 0 1.83942 4.98009 1.24594 13
-1.13053 0.05350 10.55411 0 0 -1.60066 6.99811 0.72492 13
-0.60973 -0.13409 35.42735 0 0 4.10966 30.32062 1.02721 13
0.20788 0.10584 53.29514 0 0 -3.12039 52.19179 1.77465 13
0.37450 0.03321 64.78619 0 0 -0.92844 60.67544 1.92895 13
-0.49880 0.01680 46.22753 0 0 -0.41406 41.36804 1.10817 -13
1.40911 -0.09615 18.08322 0 0 2.93506 10.49762 2.52224 13
-0.21802 0.04213 32.09485 0 0 -1.20548 31.35954 1.35632 13
0.16689 0.03904 79.46276 0 0 -1.09015 78.38042 1.73604 -13
1.14172 0.14773 43.90632 0 0 -4.35781 29.10567 2.41691 -13
1.16457 -0.25108 43.90632 0 0 7.67306 29.10567 2.41694 -13
1.84440 -0.07606 5.03203 0 0 2.54655 2.40228 2.64356 -13
-0.07721 0.01851 15.87147 0 0 -0.50847 15.82439 1.49376 13
0.86549 0.01919 21.04681 0 0 -0.46625 15.91520 2.28412 -13
-1.38441 -0.00020 48.22138 0 0 0.06999 28.23619 0.62555 13
0.23192 -0.08358 16.01540 0 0 2.63566 15.60401 1.79792 -13
1.99203 -0.13019 39.73755 0 0 3.98113 17.94724 2.67297 13
0.31991 -0.20525 67.12826 0 0 6.26487 64.05662 1.87448 13
1.62128 0.11949 12.27844 0 0 -3.44527 6.47801 2.58574 -13
-0.21466 -0.03400 41.01533 0 0 1.11886 40.10291 1.35947 -13
-1.90970 -0.08616 89.16552 0 0 2.66909 41.48295 0.48390 13
-0.20596 -0.07592 47.55192 0 0 2.36082 46.57979 1.36825 13
1.35841 -0.21130 65.89022 0 0 6.44282 39.61484 2.49655 13
-0.81240 -0.10439 84.36776 0 0 3.22140 65.62266 0.89119 13
-1.51429 -0.10416 69.88008 0 0 3.21105 38.65249 0.58612 13
0.61502 0.05529 97.70999 0 0 -1.59222 83.26397 2.12151 13
1.10211 0.03395 22.41983 0 0 -0.91127 15.06964 2.40445 -13
-0.89506 0.11266 70.40684 0 0 -3.32579 52.60837 0.84385 13
0.81387 0.10596 92.60659 0 0 -3.10852 71.98452 2.25120 -13
-0.52758 -0.23880 71.94701 0 0 7.27670 64.01183 1.09668 13
-0.79578 -0.16097 60.59764 0 0 4.92658 47.64991 0.90486 13
-0.58337 -0.05357 94.67499 0 0 1.69127 81.80634 1.04331 13
0.01810 -0.11105 58.53517 0 0 3.42242 58.52570 1.58878 13
1.89889 -0.18956 40.58226 0 0 5.77309 19.17163 2.64956 13
-0.50090 0.02426 59.88575 0 0 -0.65982 53.54744 1.10655 13
0.97788 -0.15262 51.67408 0 0 4.67211 37.15312 2.33926 13
0.19641 0.02219 35.92339 0 0 -0.57435 35.25024 1.76469 -13
0.55835 0.01250 14.86197 0 0 -0.33396 12.97646 2.08000 13
-1.71626 -0.14819 38.16278 0 0 4.57760 19.36852 0.53231 -13
-0.03064 -0.05134 25.60939 0 0 1.61071 25.59742 1.54021 13
-0.53937 0.08367 69.24577 0 0 -2.43459 60.99369 1.07761 -13
0.03617 -0.03581 19.83985 0 0 1.18615 19.82692 1.60693 -13
-0.48794 -0.17094 20.16445 0 0 5.26560 18.17199 1.12249 -13
-1.99376 0.07656 33.17487 0 0 -2.19526 14.90793 0.46607 -13
1.81113 -0.09375 66.32956 0 0 2.89478 32.16789 2.63525 13
-1.74951 -0.19377 1.71907 0 0 6.49010 0.86421 0.52724 -13
0.06971 -0.01755 45.20056 0 0 0.62129 45.09114 1.64038 -13
1.26147 -0.05854 34.46031 0 0 1.86937 21.42889 2.47047 -13
0.51325 0.08734 8.94571 0 0 -2.49072 7.96492 2.04345 -13
1.33459 0.01782 11.87352 0 0 -0.38542 7.12079 2.49847 -13
0.24540 -0.15082 52.26393 0 0 4.62159 50.79006 1.80885 13
0.80726 0.03040 45.39525 0 0 -0.82182 35.32848 2.24972 -13
0.23043 0.12807 60.35333 0 0 -3.77361 58.83614 1.79550 -13
0.23684 -0.27172 60.35333 0 0 8.28632 58.83614 1.79549 -13
-0.08369 -0.06903 84.98857 0 0 2.15750 84.69384 1.48749 13
1.03707 0.14670 38.06047 0 0 -4.32564 26.56392 2.36907 -13
1.05822 -0.25217 38.06047 0 0 7.70644 26.56392 2.36907 -13
-0.54279 -0.01237 35.36783 0 0 0.47000 31.08456 1.07354 -13
-1.26303 0.07051 22.24146 0 0 -2.08206 13.82604 0.67090 13
-1.83080 0.01584 47.83793 0 0 -0.41837 22.93359 0.49998 13
0.65058 -0.21921 37.68872 0 0 6.67710 31.80946 2.13690 13
-0.75579 0.01119 25.20845 0 0 -0.23255 20.11107 0.92363 -13
-1.49459 -0.23117 98.89717 0 0 7.06347 55.98523 0.60176 -13
0.01497 -0.23344 66.46864 0 0 7.13015 66.46158 1.58537 -13
1.12463 -0.08652 75.22337 0 0 2.68248 50.08782 2.41294 13
0.67273 -0.11072 95.16578 0 0 3.42693 79.11044 2.16017 -13
0.88057 0.09686 57.42629 0 0 -2.82908 43.18578 2.29045 -13
-0.93262 0.05509 82.59890 0 0 -1.58884 60.44806 0.82100 13
1.34673 -0.15764 34.38377 0 0 4.81357 20.66028 2.49700 13
0.19742 0.04452 42.96922 0 0 -1.27326 42.15722 1.76552 13
-0.93552 -0.09730 5.99898 0 0 2.90676 4.38982 0.82105 13
1.09966 0.07438 23.67287 0 0 -2.13176 15.95070 2.40225 -13
0.51128 -0.21383 14.71668 0 0 6.56883 13.16282 2.03442 -13
-0.15275 0.01979 90.97062 0 0 -0.52069 89.92796 1.41924 13
-0.76832 -0.06512 74.96482 0 0 2.05421 59.49167 0.91669 -13
1.50210 -0.00302 51.55668 0 0 0.15505 28.57114 2.55423 13
-1.33420 0.13092 22.56584 0 0 -3.83211 13.60745 0.64727 -13
-1.36990 -0.26871 22.56584 0 0 8.22291 13.60745 0.64725 -13
-1.75042 0.03988 70.73802 0 0 -1.13596 35.11071 0.51938 13
0.29646 0.13767 44.50129 0 0 -4.06061 42.69798 1.85646 -13
0.30356 -0.26162 44.50129 0 0 7.98427 42.69798 1.85645 -13
0.39545 -0.15684 41.16416 0 0 4.82479 38.34195 1.94324 -13
0.99592 0.06992 22.95012 0 0 -1.99857 16.28081 2.35293 -13
-0.65983 -0.03842 61.27436 0 0 1.24986 51.15551 0.98788 -13
0.49312 -0.21250 48.76203 0 0 6.47939 43.91987 2.02022 13
0.76454 0.08033 81.84738 0 0 -2.34898 65.09840 2.22198 13
0.88897 -0.24725 12.74735 0 0 7.58841 9.65144 2.28278 -13
-0.68178 -0.22348 56.55664 0 0 6.83320 47.08615 0.98370 -13
-0.16787 -0.08904 95.08461 0 0 2.77227 93.78262 1.40512 -13
-0.78801 0.04196 44.57067 0 0 -1.17087 35.01932 0.90384 -13
-0.35065 -0.02319 59.00910 0 0 0.77242 55.68647 1.23362 13
-1.42658 0.02159 76.51817 0 0 -0.58115 43.92852 0.61149 13
0.62965 -0.00079 14.65163 0 0 0.14393 12.39865 2.13273 -13
-1.43970 -0.14164 79.01640 0 0 4.34315 45.37842 0.61174 13
1.01626 -0.22936 95.40124 0 0 6.99280 67.77885 2.35144 13
-0.25259 -0.23051 86.82005 0 0 7.04078 84.30400 1.32946 -13
-0.15212 0.00112 57.52608 0 0 0.03883 56.87177 1.41983 13
0.64260 -0.18326 85.60771 0 0 5.61603 72.36445 2.13446 -13
1.31798 0.03301 91.75937 0 0 -0.92290 55.48260 2.49226 13
0.26307 0.03321 88.35656 0 0 -0.92632 85.45235 1.82790 13
1.08645 -0.09077 23.04558 0 0 2.78978 15.64212 2.39556 13
0.05055 -0.19328 50.93723 0 0 5.90148 50.87462 1.62039 13
0.14957 0.02203 80.89510 0 0 -0.58909 80.00559 1.71923 13
0.94507 0.03346 93.85455 0 0 -0.92103 68.23053 2.32768 -13
0.30376 -0.21005 77.71039 0 0 6.42413 74.48879 1.85975 -13
-1.61282 0.12852 64.44991 0 0 -3.78142 34.16342 0.55869 -13
-1.65746 -0.27124 64.44991 0 0 8.27796 34.16342 0.55870 -13
1.02696 -0.13043 20.14290 0 0 3.98117 14.11328 2.36528 13
-0.54275 -0.22870 24.15473 0 0 7.00440 21.35076 1.08415 -13
-1.07964 0.10184 8.25189 0 0 -3.08249 5.62316 0.74969 13
0.18029 -0.02693 92.01715 0 0 0.89885 90.55822 1.74911 -13
-0.63450 -0.22148 26.27423 0 0 6.73956 22.33546 1.01617 13
1.18744 -0.07939 39.44112 0 0 2.45728 25.45307 2.44013 13
1.00134 0.11057 79.49993 0 0 -3.24633 56.34734 2.35383 -13
0.71718 -0.18187 60.06662 0 0 5.55715 49.07897 2.18527 13
-0.54327 -0.18069 31.93412 0 0 5.54980 28.16250 1.07984 -13
1.92408 0.15087 22.37213 0 0 -4.41859 10.40861 2.65767 -13
1.96023 -0.24782 22.37213 0 0 7.60606 10.40861 2.65769 -13
-0.40174 -0.22230 2.47018 0 0 6.57329 2.29928 1.19706 13
-0.27352 -0.05044 15.26589 0 0 1.56898 14.72641 1.30413 13
0.66154 -0.05189 53.91470 0 0 1.63564 44.98416 2.15462 13
-1.33113 -0.06804 45.37279 0 0 2.15116 27.29199 0.64540 -13
0.86019 -0.04687 63.05145 0 0 1.48511 47.82289 2.28063 13
0.12002 0.05745 46.51858 0 0 -1.64144 46.18817 1.69005 -13
1.65840 -0.06984 67.71338 0 0 2.20155 35.02828 2.59790 -13
0.28414 -0.18090 92.28636 0 0 5.53261 88.87767 1.84343 13
0.46205 -0.00280 32.74744 0 0 0.18244 29.72774 2.00362 -13
0.78712 0.13257 87.93301 0 0 -3.91080 69.32507 2.23341 -13
0.80762 -0.26698 87.93301 0 0 8.14186 69.32507 2.23340 -13
-0.59728 0.06206 12.98882 0 0 -1.83502 11.15696 1.03322 13
-0.24019 -0.07889 34.08345 0 0 2.47625 33.14644 1.33578 -13
0.22017 -0.00748 13.02472 0 0 0.26904 12.72013 1.78750 13
-0.38912 -0.00552 35.95800 0 0 0.26211 33.51071 1.19971 -13
-0.57513 0.00202 31.17798 0 0 0.00238 27.02685 1.04887 13
-0.71755 0.07182 13.74653 0 0 -2.12842 11.17840 0.94961 13
-1.45058 -0.08356 98.80156 0 0 2.61085 56.21010 0.60519 -13
-0.23203 0.00973 48.62252 0 0 -0.22248 47.36443 1.34281 13
1.77644 0.07921 7.93666 0 0 -2.20529 3.90324 2.62754 -13
0.38475 0.12925 46.16699 0 0 -3.82892 43.13349 1.93532 13
0.39528 -0.27051 46.16699 0 0 8.22881 43.13349 1.93531 13
1.38478 -0.19189 38.40014 0 0 5.84694 22.74892 2.50756 13
1.87235 0.12491 56.52512 0 0 -3.70445 26.78953 2.64783 13
1.92698 -0.27512 56.52512 0 0 8.36073 26.78953 2.64783 13
-0.13491 0.01598 94.42822 0 0 -0.40626 93.58073 1.43671 13
-2.02622 -0.07557 13.49131 0 0 2.44556 5.98387 0.45959 -13
0.72520 -0.07660 59.27999 0 0 2.38135 48.03751 2.19685 13
-2.05948 -0.08801 90.92768 0 0 2.72343 39.84079 0.45355 13
-1.51007 0.07950 77.60198 0 0 -2.32782 42.94057 0.58637 13
-0.05941 -0.23874 29.79311 0 0 7.30057 29.74351 1.51307 -13
-0.12827 -0.06927 66.27700 0 0 2.16335 65.74093 1.44352 13
-1.60416 -0.15970 88.13000 0 0 4.90898 47.04513 0.56310 -13
-1.49743 -0.11695 78.29153 0 0 3.62061 43.68427 0.59194 -13
-0.17157 -0.10515 37.63505 0 0 3.26610 37.09887 1.40180 -13
-0.51628 -0.03140 87.95859 0 0 1.02230 78.16513 1.09441 13
0.10939 -0.11038 90.46048 0 0 3.41612 89.93053 1.67910 -13
0.21326 -0.09799 67.07343 0 0 3.02931 65.61184 1.77994 13
0.75753 -0.09139 4.30115 0 0 2.98562 3.43353 2.21710 -13
0.33953 0.09415 62.53487 0 0 -2.76748 59.24172 1.89677 13
-0.10203 -0.08589 37.29420 0 0 2.65889 37.10290 1.46949 13
0.16740 0.01408 1.44880 0 0 0.00938 1.42893 1.73665 -13
0.54312 -0.19061 27.76013 0 0 5.81041 24.49270 2.06090 13
-0.80015 -0.04640 54.39430 0 0 1.49206 42.48930 0.89649 -13
0.77036 -0.11894 93.75616 0 0 3.67563 74.46629 2.22381 -13
0.53506 -0.02939 34.45336 0 0 0.95174 30.38122 2.06192 13
0.45087 0.04367 74.99400 0 0 -1.22848 68.37751 1.99401 -13
-0.76967 -0.14725 51.71432 0 0 4.51082 41.14365 0.92000 13
-0.61002 -0.17572 33.54702 0 0 5.36452 28.75631 1.02978 13
0.51384 -0.16587 76.27024 0 0 5.09225 68.02917 2.03996 -13
-0.51422 0.09419 70.37743 0 0 -2.75222 62.64502 1.09763 -13
-0.34487 -0.18921 50.38296 0 0 5.79944 47.71787 1.24409 -13
-1.71692 0.04977 18.91279 0 0 -1.36928 9.52799 0.52794 -13
0.38635 0.06351 75.19881 0 0 -1.84170 70.16435 1.93880 13
0.09656 -0.20893 3.99444 0 0 6.51490 3.97679 1.66504 -13
-0.47875 0.07413 56.08676 0 0 -2.16454 50.61336 1.12536 13
