0.16566 -0.15583 34.12590 0 0 4.79638 33.67763 1.73305 -13
-0.16823 -0.22428 98.41546 0 0 6.84135 97.11563 1.40809 13
0.68002 -0.04911 77.54674 0 0 1.57025 64.14946 2.16742 -13
-0.46867 0.07137 49.29962 0 0 -2.08320 44.66057 1.13350 13
-1.29523 -0.12574 8.27961 0 0 3.78014 5.08469 0.66127 13
-1.87331 -0.05172 27.03845 0 0 1.60341 12.74591 0.49089 13
-0.46661 0.11843 73.70568 0 0 -3.49856 66.87499 1.13688 13
-0.48144 -0.28197 73.70568 0 0 8.57656 66.87499 1.13688 13
1.39581 -0.02744 90.14113 0 0 0.89970 52.51045 2.51975 13
-0.41391 -0.12727 4.86076 0 0 4.03283 4.49667 1.18119 -13
-0.10585 -0.13550 50.85078 0 0 4.17921 50.57331 1.46629 -13
1.15078 -0.06995 89.82053 0 0 2.18321 58.99727 2.42498 13
0.33015 -0.24144 74.79587 0 0 7.35679 71.21822 1.88134 13
-1.11401 0.05372 16.86569 0 0 -1.49625 11.27522 0.73224 -13
0.23686 0.02054 9.96064 0 0 -0.58860 9.69255 1.80332 13
0.11683 -0.16132 3.74607 0 0 5.08431 3.72136 1.68563 -13
-0.17732 0.14370 83.33105 0 0 -4.24773 82.07640 1.39705 -13
-0.18114 -0.25531 83.33105 0 0 7.78861 82.07640 1.39705 -13
0.08062 -0.19189 7.76706 0 0 5.93461 7.74278 1.64981 -13
-0.13433 -0.15875 59.78719 0 0 4.87832 59.26792 1.43890 -13
-1.11949 0.12423 10.56115 0 0 -3.73242 7.06623 0.73289 13
-1.15252 -0.27599 10.56115 0 0 8.33261 7.06623 0.73287 13
0.22356 0.06112 99.55587 0 0 -1.75727 97.16627 1.79034 -13
-0.40709 0.13491 27.49177 0 0 -4.00757 25.49526 1.18734 13
-0.41732 -0.26458 27.49177 0 0 8.04112 25.49526 1.18733 13
0.34784 -0.20474 39.87545 0 0 6.24432 37.74406 1.89923 13
1.50191 0.13925 88.09914 0 0 -4.10834 49.15089 2.54974 -13
1.53701 -0.25994 88.09914 0 0 7.93422 49.15089 2.54974 -13
1.53537 0.04796 38.62193 0 0 -1.38841 21.09557 2.56377 13
-0.08909 -0.23284 51.40773 0 0 7.09426 51.21526 1.48424 13
0.46713 0.08458 87.97165 0 0 -2.47646 79.75535 2.00644 13
-0.87149 0.10852 32.56258 0 0 -3.21260 24.61057 0.85686 13
-0.24710 -0.18572 27.54063 0 0 5.70180 26.76231 1.33247 -13
-0.09080 0.09833 79.59287 0 0 -2.89090 79.26986 1.48068 13
-0.73019 0.05425 27.81874 0 0 -1.57810 22.47806 0.94079 13
0.37310 -0.17881 39.89777 0 0 5.48833 37.45166 1.92278 -13
0.55851 0.11597 67.97024 0 0 -3.42548 59.43620 2.07731 13
1.25359 0.06947 20.16511 0 0 -2.05289 12.59317 2.46708 13
-0.33710 -0.22162 15.29753 0 0 6.73837 14.53107 1.25285 13
-0.03161 -0.05022 73.63896 0 0 1.60273 73.60228 1.53924 -13
0.21358 -0.16427 11.74183 0 0 4.99351 11.48944 1.77851 13
1.32097 -0.02943 53.08633 0 0 0.95390 32.05060 2.49341 13
0.85562 -0.11219 59.38207 0 0 3.45445 45.23935 2.27545 13
-0.38644 0.05767 33.55662 0 0 -1.64314 31.30744 1.20259 -13
-0.13448 0.00841 97.50308 0 0 -0.17755 96.63330 1.43713 13
0.05110 -0.04799 37.18469 0 0 1.51622 37.13633 1.62179 13
0.17453 -0.11305 99.90973 0 0 3.49635 98.44030 1.74252 -13
-0.65866 0.10761 90.48845 0 0 -3.15811 75.70022 0.99100 -13
1.21095 0.13959 27.59315 0 0 -4.15889 17.67129 2.44658 13
1.23914 -0.25969 27.59315 0 0 7.88350 17.67129 2.44659 13
0.33742 -0.04456 47.86245 0 0 1.43626 45.35510 1.89592 -13
-1.11678 -0.10092 53.04396 0 0 3.13896 35.48456 0.73280 -13
-0.56930 -0.03762 34.97652 0 0 1.20025 30.40128 1.05356 13
-1.75299 -0.06968 37.93657 0 0 2.15539 18.83174 0.51945 13
0.51106 -0.14331 7.96023 0 0 4.33629 7.10310 2.03915 13
0.58923 0.04929 16.07795 0 0 -1.44019 13.85642 2.10273 13
1.51271 0.11832 2.86579 0 0 -3.18453 1.58791 2.55427 -13
0.05506 -0.07081 46.60469 0 0 2.20678 46.53457 1.62566 13
0.08258 -0.06029 89.25464 0 0 1.90544 88.95297 1.65304 -13
0.69618 -0.08465 11.60298 0 0 2.58388 9.53366 2.17728 13
-0.19065 0.04482 11.11850 0 0 -1.22658 10.92221 1.38259 -13
-0.33574 -0.10461 52.06448 0 0 3.22722 49.38412 1.24852 13
0.68336 0.00928 80.42596 0 0 -0.20589 66.40306 2.17025 13
-0.45300 0.03307 45.88086 0 0 -0.90438 41.79659 1.14566 -13
-2.06561 0.01099 15.64800 0 0 -0.17710 6.81830 0.45089 -13
1.18519 -0.00122 73.30073 0 0 0.10737 47.26928 2.44074 13
-0.71237 0.06099 87.94575 0 0 -1.75193 71.67411 0.95269 -13
0.06049 0.08797 10.44121 0 0 -2.52433 10.42227 1.63099 -13
-0.36491 -0.02954 35.71613 0 0 0.98675 33.55371 1.22104 -13
-0.58700 -0.24147 78.26855 0 0 7.37306 67.98010 1.05227 -13
-0.61430 -0.19516 32.97035 0 0 5.98529 28.23540 1.02823 -13
0.81769 -0.23468 18.00322 0 0 7.12390 14.08517 2.24313 13
-0.61408 0.06142 70.88066 0 0 -1.76344 60.43241 1.02093 -13
-0.19177 -0.07365 72.91668 0 0 2.30959 71.61859 1.38182 -13
0.02123 0.08213 22.36114 0 0 -2.41791 22.35614 1.59195 13
-0.79974 -0.01516 14.87862 0 0 0.49793 11.62030 0.89627 13
-0.52924 -0.07624 36.43060 0 0 2.36541 32.21968 1.08523 13
0.14512 0.11900 52.82624 0 0 -3.51745 52.28616 1.71391 13
0.14971 -0.28137 52.82624 0 0 8.55876 52.28616 1.71393 13
1.45155 -0.14638 31.00335 0 0 4.46901 17.71587 2.53338 13
-0.23966 -0.10964 49.37586 0 0 3.39878 48.03172 1.33692 -13
-0.37521 0.05925 51.83803 0 0 -1.69530 48.54440 1.21242 -13
-1.94954 0.11152 14.42866 0 0 -3.35932 6.61850 0.47646 13
-0.44589 -0.11709 55.52174 0 0 3.60343 50.76593 1.15389 13
-0.16300 0.06040 37.99436 0 0 -1.72749 37.50120 1.40950 -13
0.30780 0.09652 71.88516 0 0 -2.83736 68.73155 1.86809 13
-0.85242 -0.08442 63.27954 0 0 2.63728 48.22983 0.86665 -13
-0.66239 0.10574 54.79196 0 0 -3.09790 45.75667 0.98832 -13
1.10436 0.07142 42.83975 0 0 -2.09023 28.79411 2.40448 13
-0.44267 -0.20873 83.59084 0 0 6.38405 76.69934 1.16189 -13
0.79830 -0.19463 90.82263 0 0 5.95924 71.48930 2.23546 -13
0.38987 0.06009 63.34978 0 0 -1.72285 59.03656 1.94193 -13
1.02722 0.01132 6.11995 0 0 -0.14676 4.26924 2.36959 -13
-0.37505 0.01055 74.71808 0 0 -0.22960 69.96028 1.21200 -13
0.18216 0.08719 88.51981 0 0 -2.54289 87.09739 1.75031 -13
1.67537 0.02186 25.38281 0 0 -0.61488 13.01128 2.60336 13
2.02336 -0.05657 94.67339 0 0 1.77617 41.99967 2.68194 13
0.52145 -0.23521 50.27001 0 0 7.16516 44.82571 2.04051 13
0.81786 -0.18735 3.74285 0 0 5.55559 2.91702 2.24789 13
1.63946 -0.09548 36.59049 0 0 2.93578 19.11785 2.59187 13
0.11819 -0.02200 65.48469 0 0 0.75235 65.03231 1.68841 -13
-0.68140 -0.07836 61.81296 0 0 2.45485 51.13110 0.97409 -13
-0.67860 0.03230 34.68943 0 0 -0.90980 28.70912 0.97482 13
1.65682 -0.14861 45.38637 0 0 4.58530 23.64106 2.59371 -13
-0.22676 0.03522 56.63001 0 0 -0.97243 55.22953 1.34794 -13
0.76076 -0.09102 74.77700 0 0 2.81873 59.60230 2.21916 13
-1.21595 0.09476 73.70012 0 0 -2.78612 46.93820 0.69045 13
3.87342 4.07496 73.70012 0 0 -2.61691 46.93820 0.82534 13
0.28554 -3.47564 73.70012 0 0 -3.50315 46.93820 1.64958 13
-2.99620 -4.64542 73.70012 0 0 -2.83094 46.93820 1.00823 13
1.11916 0.26812 73.70012 0 0 -1.89787 46.93820 0.74650 13
-0.16678 0.15014 1.86675 0 0 -4.18954 1.84182 1.40733 -13
-0.17011 -0.24837 1.86675 0 0 7.84274 1.84182 1.40718 -13
0.98162 -0.04651 96.88916 0 0 1.49133 69.18026 2.34638 -13
-1.09419 -0.03528 53.78162 0 0 1.15889 36.29566 0.74076 -13
-1.58897 0.05370 84.90619 0 0 -1.54911 45.26994 0.56236 13
0.77288 -0.04572 58.34454 0 0 1.47075 46.18168 2.22828 -13
0.82644 -0.19139 27.33398 0 0 5.87896 21.22227 2.25264 -13
0.03383 0.05393 90.82787 0 0 -1.55099 90.77607 1.60457 13
-1.80602 0.00062 73.97039 0 0 0.04972 35.83128 0.50568 13
-0.30837 -0.03486 20.46180 0 0 1.15802 19.55425 1.27185 -13
0.20929 -0.14602 76.58389 0 0 4.49219 74.99280 1.77500 -13
0.87368 -0.09729 3.44618 0 0 3.20211 2.60057 2.28654 -13
-0.46145 -0.10453 3.77277 0 0 3.09533 3.42884 1.14052 13
-1.79692 0.09884 79.75886 0 0 -2.91243 38.92920 0.50989 13
-1.51837 0.02174 78.07798 0 0 -0.56242 42.95230 0.58251 -13
0.72754 -0.15606 84.29835 0 0 4.78172 68.44869 2.19406 13
-0.49349 0.00470 93.85879 0 0 -0.05474 84.16818 1.11238 -13
-0.06793 0.06027 66.37916 0 0 -1.72945 66.22708 1.50309 -13
-0.19908 -0.12496 42.41821 0 0 3.83967 41.61390 1.37576 13
0.21435 0.02214 26.79403 0 0 -0.60507 26.19926 1.78190 13
0.00707 0.02809 57.53162 0 0 -0.75769 57.53018 1.57787 -13
-0.30666 -0.17664 49.56087 0 0 5.41959 47.44492 1.27752 -13
0.02989 0.07573 76.94299 0 0 -2.20947 76.90885 1.60059 13
1.24762 -0.22537 31.81504 0 0 6.85332 20.19703 2.45380 13
-0.53477 -0.23046 5.84556 0 0 7.13046 5.18360 1.09040 -13
-0.05847 -0.05940 91.29446 0 0 1.87820 91.13934 1.51250 -13
0.72060 -0.18604 1.97454 0 0 5.38691 1.61113 2.18717 13
-1.08404 -0.01797 77.63386 0 0 0.61412 52.64341 0.74517 13
0.63702 0.13672 54.49619 0 0 -4.03301 46.08445 2.13381 -13
0.65254 -0.26260 54.49619 0 0 8.01326 46.08445 2.13380 -13
0.15008 -0.06703 46.41653 0 0 2.09312 45.90474 1.71944 13
-0.18465 0.07188 1.43165 0 0 -1.74565 1.40801 1.38866 -13
0.92935 -0.21401 84.47210 0 0 6.52870 62.51450 2.30844 13
-0.29443 0.00025 51.36678 0 0 0.06379 49.27539 1.28446 13
0.72438 0.12634 78.29734 0 0 -3.73765 63.58072 2.19394 13
0.74507 -0.27357 78.29734 0 0 8.32538 63.58072 2.19394 13
-1.15279 0.11678 35.47767 0 0 -3.42100 23.33684 0.71790 -13
-0.32473 -0.00023 40.03731 0 0 0.10076 38.07986 1.25681 -13
0.21454 -0.00327 58.43758 0 0 0.18842 57.13753 1.78213 -13
-1.43665 -0.10640 62.20112 0 0 3.30448 35.66912 0.61072 -13
-0.54026 0.00808 85.33907 0 0 -0.15588 75.08260 1.07547 -13
-1.51429 -0.13767 72.94473 0 0 4.22242 40.45995 0.58796 13
-1.85504 -0.01469 89.31480 0 0 0.51252 42.38510 0.49446 13
0.58305 -0.23857 37.51103 0 0 7.26174 32.62884 2.08670 13
-0.66639 0.02821 44.18488 0 0 -0.78262 36.77343 0.98317 13
-2.10467 -0.05314 89.07315 0 0 1.67129 38.27035 0.44410 13
1.03728 0.03013 43.35623 0 0 -0.81116 30.09874 2.37426 -13
-1.40083 0.05300 79.70196 0 0 -1.52768 46.35098 0.62063 13
-1.17210 -0.13563 21.22102 0 0 4.20654 13.84612 0.71084 -13
0.75713 -0.03771 66.27582 0 0 1.22801 52.85312 2.21850 -13
-1.66918 -0.09825 8.65063 0 0 3.15072 4.46121 0.54188 -13
0.59331 -0.05477 94.90869 0 0 1.72741 81.65525 2.10562 13
0.74637 0.10673 90.42601 0 0 -3.14465 72.61363 2.20926 13
1.52258 0.13503 63.50502 0 0 -3.97745 35.08196 2.55631 -13
1.56075 -0.26433 63.50502 0 0 8.07156 35.08196 2.55633 -13
1.77906 -0.20286 11.04699 0 0 6.11269 5.49627 2.62085 13
0.20605 -0.05205 52.80814 0 0 1.66081 51.72450 1.77374 -13
0.62357 -0.04304 16.44989 0 0 1.34393 13.96214 2.12795 13
-0.47331 -0.10686 1.81110 0 0 3.60038 1.63863 1.13092 -13
-0.71106 -0.02301 85.40139 0 0 0.76835 69.60641 0.95281 13
0.88717 -0.03366 73.77948 0 0 1.10530 55.20414 2.29619 -13
1.35355 0.00784 46.27015 0 0 -0.17281 27.49546 2.50529 13
-0.01625 -0.22756 49.94703 0 0 6.93502 49.94076 1.55495 13
-1.34913 -0.08575 62.01080 0 0 2.68129 37.01231 0.63961 -13
-0.86909 -0.09467 37.71642 0 0 2.95464 28.52222 0.85753 -13
-0.86910 -0.14992 23.50987 0 0 4.57625 17.82928 0.86082 13
-0.91054 0.07466 83.38255 0 0 -2.17886 61.73124 0.83357 13
-0.23167 0.10319 2.76750 0 0 -3.21407 2.69667 1.34431 13
1.63708 -0.00547 84.01000 0 0 0.25737 43.79340 2.59323 -13
-1.79125 -0.03732 99.23209 0 0 1.19672 48.39705 0.50947 13
0.14007 -0.18451 9.08770 0 0 5.70290 9.00261 1.70768 -13
-0.04486 -0.17012 73.06007 0 0 5.21963 72.98873 1.52660 -13
0.72594 -0.08581 25.43711 0 0 2.69364 20.61071 2.19698 -13
-0.54009 0.12484 61.19623 0 0 -3.67527 53.93833 1.07882 -13
-0.55583 -0.27513 61.19623 0 0 8.39049 53.93833 1.07883 -13
0.44932 -0.06455 70.81646 0 0 2.02089 64.61803 1.99231 13
0.82161 -0.08480 78.06161 0 0 2.64798 60.40166 2.25682 -13
0.70016 -0.18769 15.74686 0 0 5.70359 12.97241 2.17352 13
0.54411 0.11293 43.87111 0 0 -3.33772 38.59168 2.06645 13
-0.59762 0.13829 99.06126 0 0 -4.08524 85.24450 1.03629 -13
-0.61180 -0.26096 99.06126 0 0 7.95782 85.24450 1.03630 -13
0.38443 0.04253 54.98551 0 0 -1.21138 51.32964 1.93750 13
0.68252 0.00263 50.14117 0 0 0.01366 41.41437 2.16969 -13
-0.00032 0.01980 20.33682 0 0 -0.53950 20.33682 1.57048 13
0.49562 -0.14589 62.74590 0 0 4.47323 56.33565 2.02676 13
1.81118 0.02658 96.21712 0 0 -0.70977 46.51901 2.63697 -13
-1.01350 0.02539 98.36301 0 0 -0.69194 69.09644 0.77886 13
-1.61637 0.00613 87.71146 0 0 -0.11395 46.14772 0.55404 13
-0.17710 0.00968 93.05046 0 0 -0.21591 91.62478 1.39552 13
1.55085 -0.14303 21.43090 0 0 4.44007 11.69670 2.56425 -13
-0.52580 0.14743 80.00196 0 0 -4.37267 70.97397 1.09114 13
-0.53636 -0.25143 80.00196 0 0 7.65938 70.97397 1.09114 13
-0.61224 0.04258 45.65705 0 0 -1.19108 38.94840 1.02183 -13
1.76702 -0.03261 64.61499 0 0 1.05002 31.83725 2.62638 13
0.36469 0.00488 27.38705 0 0 -0.04678 25.72952 1.92049 -13
1.04765 -0.16797 92.07571 0 0 5.15580 64.03614 2.37251 -13
-1.09877 -0.15855 14.21814 0 0 4.80893 9.63496 0.74455 13
-2.15550 -0.04646 26.80934 0 0 1.43876 11.29238 0.43479 13
-1.68230 0.12252 76.77460 0 0 -3.62585 39.44594 0.53959 13
-1.73301 -0.27765 76.77460 0 0 8.44362 39.44594 0.53958 13
0.25958 0.04091 11.47802 0 0 -1.10904 11.11047 1.82457 -13
0.31766 0.09895 50.03275 0 0 -2.91357 47.70581 1.87697 13
0.56811 0.01284 77.55311 0 0 -0.31314 67.43241 2.08740 13
-1.10368 -0.03242 7.20089 0 0 1.16376 4.83623 0.73642 -13
1.35456 -0.06683 74.62275 0 0 2.10754 44.38456 2.50459 -13
-1.71936 0.11019 39.42899 0 0 -3.21730 19.91249 0.52941 -13
0.68963 -0.09009 74.16493 0 0 2.80570 61.13369 2.17264 -13
-0.92865 -0.01541 52.65294 0 0 0.53372 38.58442 0.82243 13
2.05101 0.07662 13.74591 0 0 -2.15228 6.03786 2.68679 -13
1.32091 -0.24393 88.06262 0 0 7.43065 54.12895 2.47963 13
-0.12803 -0.05605 33.92169 0 0 1.78656 33.64786 1.44366 -13
1.69153 -0.03975 75.21268 0 0 1.26732 38.29905 2.60734 13
0.90018 -0.15614 11.96908 0 0 4.84842 8.94391 2.29772 -13
0.04465 -0.11356 68.05555 0 0 3.49959 67.98869 1.61513 13
1.20063 0.07514 20.66157 0 0 -2.14924 13.24468 2.44573 -13
-1.72884 0.03357 29.36970 0 0 -0.89785 14.71132 0.52465 -13
-1.53714 -0.10099 53.92067 0 0 3.14343 29.50971 0.57909 -13
-1.67094 -0.23022 94.63959 0 0 7.01635 49.52754 0.55074 13
-1.02613 0.00424 94.92006 0 0 -0.05377 66.24742 0.77250 13
0.35035 -0.22921 77.17940 0 0 7.00286 73.03791 1.89987 -13
0.28722 -0.07184 87.91231 0 0 2.24253 84.51252 1.84981 13
2.14505 0.05011 72.85137 0 0 -1.44617 30.81351 2.70488 13
-1.77835 -0.24310 10.15264 0 0 7.51354 5.08549 0.52461 -13
0.89697 -0.12656 4.43844 0 0 4.04780 3.31563 2.29799 -13
-0.01952 -0.19889 8.92871 0 0 6.13770 8.92708 1.55165 -13
0.30356 -0.21570 49.48398 0 0 6.59854 47.43943 1.85925 -13
-1.78929 -0.19928 68.98332 0 0 6.07756 34.15475 0.51797 13
-2.10337 -0.06122 18.76885 0 0 1.98684 8.07146 0.44452 -13
0.13879 0.09326 96.26816 0 0 -2.73721 95.36199 1.70811 13
0.08187 -0.05425 37.36071 0 0 1.70470 37.23647 1.65237 13
0.24792 -0.03332 74.97117 0 0 1.07957 72.77073 1.81368 13
0.44433 -0.03691 76.89967 0 0 1.18780 70.28264 1.98867 13
-0.95361 0.11221 92.14233 0 0 -3.31081 66.88099 0.81226 13
1.37908 -0.10272 47.43409 0 0 3.16140 27.94116 2.51171 13
-0.98192 -0.09803 49.20926 0 0 3.05243 35.19385 0.79691 -13
-0.24626 -0.08090 88.41965 0 0 2.52745 85.87067 1.33009 -13
-0.20805 -0.11372 33.82534 0 0 3.49642 33.12503 1.36695 13
1.82289 0.11909 80.56706 0 0 -3.52360 38.95931 2.63687 13
1.88029 -0.28126 80.56706 0 0 8.55301 38.95931 2.63686 13
1.26163 -0.19570 94.36304 0 0 5.97593 59.29059 2.46220 13
-0.04773 -0.19163 67.88523 0 0 5.86912 67.81078 1.52396 -13
-1.94008 0.01584 66.80239 0 0 -0.38091 30.60964 0.47598 -13
0.95099 -0.06007 33.92387 0 0 1.91450 24.60435 2.33018 -13
0.54219 -0.17876 13.16582 0 0 5.51734 11.61464 2.06106 -13
-0.61359 0.07159 76.69539 0 0 -2.07016 65.41613 1.02159 -13
-1.17388 -0.10761 40.00838 0 0 3.34593 26.03118 0.70842 -13
0.42345 -0.06113 8.24154 0 0 1.86426 7.59151 1.97068 13
1.78469 -0.06397 79.87779 0 0 1.99838 39.10631 2.62999 13
0.29207 -0.04152 84.49426 0 0 1.32787 81.11119 1.85473 13
1.71700 0.05658 30.08896 0 0 -1.65741 15.16110 2.61351 13
0.07381 0.11529 18.66752 0 0 -3.42187 18.61754 1.64399 13
-0.69829 0.02617 94.82528 0 0 -0.70184 77.75499 0.96138 -13
1.24005 0.07453 83.62042 0 0 -2.15760 52.57952 2.46160 -13
-0.00333 0.06433 40.45752 0 0 -1.84692 40.45730 1.56748 -13
0.83043 -0.23396 33.28060 0 0 7.11804 25.87924 2.25076 13
0.02641 -0.16071 42.12581 0 0 4.91704 42.11151 1.59686 13
0.33323 -0.07607 4.19504 0 0 2.26347 3.98198 1.89159 13
0.45542 -0.00737 19.03759 0 0 0.27570 17.32554 1.99814 13
0.82598 -0.18812 31.08215 0 0 5.77620 24.13204 2.25266 -13
-0.85542 -0.22673 65.63138 0 0 6.93032 50.39655 0.87552 -13
0.48201 -0.16093 18.43187 0 0 4.96547 16.64336 2.01497 -13
-0.74830 -0.04450 25.25516 0 0 1.44774 20.22782 0.92886 -13
-1.99422 -0.10678 7.06356 0 0 3.45021 3.18093 0.46708 -13
-0.11059 -0.00896 31.81257 0 0 0.36640 31.61983 1.46066 -13
0.41538 0.09586 63.50693 0 0 -2.81831 58.68786 1.96288 13
1.23070 -0.21288 66.06673 0 0 6.51556 42.21794 2.44838 -13
0.41639 -0.17256 71.75530 0 0 5.29312 66.38399 1.96018 -13
-0.54459 0.08413 56.82781 0 0 -2.44669 49.94712 1.07359 -13
-0.88083 -0.13870 69.24015 0 0 4.25565 52.17373 0.85340 13
0.53707 -0.12016 33.22419 0 0 3.68920 29.31670 2.06068 13
-0.59718 -0.14334 67.32442 0 0 4.39684 57.95520 1.03692 13
0.16224 -0.00280 84.13767 0 0 0.15980 83.05180 1.73163 13
0.26998 0.12620 1.86251 0 0 -3.99853 1.79924 1.83251 13
0.27791 -0.27461 1.86251 0 0 8.05800 1.79924 1.83263 13
1.18003 -0.10147 70.73832 0 0 3.13138 45.87003 2.43606 13
0.04500 0.00824 8.31183 0 0 -0.10947 8.30342 1.61577 -13
-1.59171 0.02918 42.09380 0 0 -0.82066 22.40017 0.56113 13
0.00211 0.07364 27.87802 0 0 -2.12250 27.87796 1.57290 -13
1.76675 0.07191 32.51620 0 0 -2.05743 16.04868 2.62543 -13
1.30551 -0.12937 14.93452 0 0 4.03997 9.12864 2.48393 -13
-1.22026 -0.15184 98.63417 0 0 4.66986 62.94496 0.69211 -13
-0.86653 0.11766 11.26433 0 0 -3.52580 8.53821 0.86018 13
-0.89450 -0.28298 11.26433 0 0 8.55198 8.53821 0.86012 13
-0.19269 -0.13333 5.02310 0 0 4.20452 4.93408 1.38207 -13
0.55166 -0.12490 94.42953 0 0 3.85384 82.83107 2.07165 -13
-0.16028 -0.10852 57.27304 0 0 3.36372 56.55954 1.41278 -13
-0.06150 -0.09624 48.66706 0 0 2.97437 48.57616 1.50965 13
1.11835 0.06512 76.18971 0 0 -1.89264 50.84493 2.41095 13
0.17268 0.06521 81.49186 0 0 -1.87966 80.30833 1.74143 -13
-0.78959 0.11943 74.12849 0 0 -3.51309 58.33636 0.90587 -13
-0.81435 -0.28087 74.12849 0 0 8.56236 58.33636 0.90588 -13
0.17839 -0.15631 81.93444 0 0 4.79045 80.69086 1.74525 13
0.22127 0.05505 79.46236 0 0 -1.58586 77.59118 1.78824 13
-0.04685 0.00457 90.46752 0 0 -0.06205 90.36842 1.52399 13
-1.61098 0.03788 16.09424 0 0 -1.00243 8.49329 0.55585 -13
2.12977 -0.19257 12.54583 0 0 5.98521 5.41202 2.69557 -13
-0.36264 0.06219 76.20309 0 0 -1.78798 71.65411 1.22352 -13
-0.46461 0.10437 51.58392 0 0 -3.07777 46.82613 1.13793 13
0.90106 -0.15952 24.28883 0 0 4.86667 18.14554 2.29795 13
0.29250 -0.18280 23.56251 0 0 5.61718 22.64388 1.85096 -13
1.16041 0.12275 53.23208 0 0 -3.63586 34.89903 2.42661 13
1.19521 -0.27739 53.23208 0 0 8.43326 34.89903 2.42659 13
1.29257 0.13861 64.57367 0 0 -4.08695 39.74828 2.47851 -13
1.29257 0.13861 64.57367 0 0 -4.09041 39.74828 2.47851 -13
1.32312 -0.26064 64.57367 0 0 7.95558 39.74828 2.47852 -13
0.67077 0.36664 64.57367 0 0 7.88257 39.74828 2.13282 -13
0.45869 0.12511 73.01218 0 0 -3.68550 66.45269 1.99792 -13
0.47202 -0.27483 73.01218 0 0 8.37904 66.45269 1.99792 -13
-1.71820 -0.24842 19.76538 0 0 7.52314 10.16543 0.54019 13
-0.07648 -0.24049 11.06411 0 0 7.38173 11.03367 1.49657 -13
0.87860 -0.06207 61.37586 0 0 1.96428 46.14623 2.29071 -13
-0.29946 0.02486 86.09105 0 0 -0.66288 82.47459 1.27992 -13
-0.04536 -0.22406 4.27161 0 0 6.72035 4.26746 1.52656 13
-1.73774 -0.20354 46.36509 0 0 6.20036 23.47915 0.53100 13
-0.67267 0.03222 11.98960 0 0 -0.93980 9.94979 0.97889 13
0.06674 -0.15299 35.00208 0 0 4.70992 34.92618 1.63667 -13
1.17362 0.06300 30.92784 0 0 -1.79418 20.08209 2.43492 -13
0.85171 -0.21953 95.34199 0 0 6.69681 73.29566 2.26469 13
-0.41468 -0.01303 90.14955 0 0 0.48013 83.27485 1.17773 -13
-0.25705 -0.03383 29.38259 0 0 1.08526 28.45847 1.31933 13
0.03959 0.03137 5.01965 0 0 -0.96235 5.01572 1.61034 13
1.12841 0.11799 90.95670 0 0 -3.48599 60.55997 2.41302 13
0.82269 -0.17783 50.08958 0 0 5.45819 38.92311 2.25160 -13
-1.98930 -0.11775 1.44185 0 0 4.37841 0.65106 0.46857 -13
0.50387 -0.13390 95.73039 0 0 4.12615 85.64385 2.03398 -13
-0.35840 -0.16020 51.27498 0 0 4.90289 48.33773 1.23066 13
0.08327 -0.11810 68.45208 0 0 3.63646 68.21928 1.65330 13
0.44961 -0.02704 64.64678 0 0 0.90523 58.96513 1.99319 -13
1.33897 -0.13351 72.04361 0 0 4.11995 43.35396 2.49587 -13
0.47267 0.06405 66.60962 0 0 -1.84287 60.24356 2.01155 -13
-1.75638 0.06509 64.03131 0 0 -1.86703 31.73240 0.51849 -13
-1.25859 -0.04663 57.23967 0 0 1.47417 35.63123 0.67193 13
0.04669 -0.03421 9.30466 0 0 1.06107 9.29455 1.61742 13
0.75749 0.08276 93.31415 0 0 -2.42164 74.47571 2.21743 13
-0.17319 0.09723 70.81387 0 0 -2.84455 69.78448 1.40009 -13
-0.36713 -0.10929 5.65095 0 0 3.47052 5.30852 1.22086 -13
1.36666 -0.07580 4.00399 0 0 2.57469 2.36891 2.50853 -13
1.39129 -0.00543 96.38628 0 0 0.25385 56.25551 2.51838 -13
1.17827 -0.06153 41.33559 0 0 1.95617 26.77689 2.43692 -13
1.35112 -0.13864 29.42336 0 0 4.23479 17.61200 2.49988 13
-0.97912 -0.23857 94.01529 0 0 7.28520 68.07997 0.80978 -13
0.91040 -0.00402 21.44772 0 0 0.23330 15.85980 2.30933 -13
1.33911 0.14459 17.89854 0 0 -4.23385 10.78018 2.49520 -13
1.36755 -0.25432 17.89854 0 0 7.80210 10.78018 2.49521 -13
-0.37676 -0.17568 2.18109 0 0 5.62069 2.04476 1.21547 -13
-1.17298 -0.05993 82.11303 0 0 1.87971 53.32654 0.70684 13
-1.03025 0.00356 48.76096 0 0 -0.03983 33.96188 0.77050 13
-0.94150 -0.23286 43.35540 0 0 7.12117 31.95488 0.82868 -13
-0.08245 -0.16246 83.57314 0 0 4.98726 83.29775 1.48959 -13
0.18252 -0.08622 66.08538 0 0 2.67416 65.01929 1.75068 13
0.35890 0.46777 66.08538 0 0 2.63023 65.01929 1.88511 13
-0.32927 -0.62189 66.08538 0 0 4.69315 65.01929 1.84344 13
-0.38519 0.49171 66.08538 0 0 2.84249 65.01929 1.23799 13
-0.60182 -1.09589 66.08538 0 0 4.50287 65.01929 1.95617 13
-2.06494 -2.34464 66.08538 0 0 4.41641 65.01929 2.25167 13
0.94318 -0.20534 1.29009 0 0 5.73134 0.94765 2.31666 13
-0.14969 0.09075 36.02320 0 0 -2.66946 35.62951 1.42281 13
0.20228 -0.03811 23.07142 0 0 1.25331 22.61409 1.77024 -13
0.14184 -0.00803 15.73504 0 0 0.35513 15.57910 1.71169 -13
-0.22202 0.04784 33.00920 0 0 -1.37687 32.22624 1.35257 13
-1.66353 -0.17809 39.74001 0 0 5.42842 20.70873 0.54817 13
-0.81917 -0.20159 69.63217 0 0 6.17101 54.29410 0.89422 -13
1.10849 -0.23887 40.62635 0 0 7.26810 27.62683 2.39379 13
-1.10571 -0.11340 61.48810 0 0 3.51484 41.38939 0.73842 -13
-0.29238 0.11731 21.51471 0 0 -3.48102 20.66124 1.28818 13
0.07041 -0.20857 22.45234 0 0 6.39597 22.39924 1.63961 -13
0.14025 -0.16944 93.34389 0 0 5.18707 92.46416 1.70820 13
1.15291 -0.19980 28.93227 0 0 6.08197 19.16885 2.41740 13
-0.21510 0.09618 63.08307 0 0 -2.81177 61.68512 1.35987 -13
0.00848 -0.13252 32.96122 0 0 4.06398 32.96005 1.57920 13
0.55676 0.06200 97.08359 0 0 -1.79466 84.86118 2.07800 13
0.14911 -0.17500 41.10961 0 0 5.34743 40.67325 1.71664 13
-1.10113 0.00008 44.64107 0 0 0.09545 30.01218 0.73730 -13
-0.16329 0.02005 31.11398 0 0 -0.50787 30.70747 1.40897 -13
1.66531 -0.12447 47.25619 0 0 3.81516 24.46529 2.59742 13
-1.55936 -0.00638 70.11499 0 0 0.28732 37.85061 0.57024 -13
-0.10898 -0.23555 35.66296 0 0 7.20118 35.46398 1.46511 -13
1.31893 -0.03739 84.64419 0 0 1.21895 51.16265 2.49253 -13
-0.39662 -0.08229 75.94347 0 0 2.55635 70.62591 1.19436 13
-0.32592 -0.05033 14.14241 0 0 1.56332 13.44778 1.25610 13
0.34382 0.07516 27.04579 0 0 -2.20456 25.58398 1.90109 13
1.72046 0.08505 46.81858 0 0 -2.50500 23.58978 2.61352 13
0.57139 -0.10512 25.24263 0 0 3.22970 21.94659 2.08755 13
0.83178 -0.14233 1.58558 0 0 3.96872 1.22416 2.25969 13
-0.21030 -0.00962 72.38632 0 0 0.37829 70.83715 1.36352 -13
-1.26713 0.11015 3.40267 0 0 -3.02054 2.11535 0.67105 -13
0.21195 0.04634 70.05213 0 0 -1.32364 68.53282 1.77944 13
0.06796 0.00967 95.79857 0 0 -0.20549 95.57812 1.63865 -13
0.39768 -0.24830 59.21383 0 0 7.57977 55.24208 1.93914 -13
-1.31133 -0.23461 3.30904 0 0 7.41553 2.04018 0.66447 -13
-0.38702 0.04375 98.99445 0 0 -1.23325 92.33290 1.20185 -13
-0.24675 0.06730 9.05968 0 0 -2.00830 8.79705 1.32940 13
0.61093 -0.23803 28.15857 0 0 7.23914 24.20577 2.10703 13
-2.10593 -0.11756 9.49290 0 0 3.50372 4.09360 0.44599 13
-2.06729 -0.10338 79.73939 0 0 3.21332 34.87249 0.45263 -13
-0.32097 0.10044 80.35316 0 0 -2.95480 76.54439 1.26167 13
-0.77214 0.04884 54.20163 0 0 -1.40323 42.92028 0.91385 13
-0.88727 -0.00690 92.97351 0 0 0.28219 69.54559 0.84507 13
0.17642 -0.08270 71.35984 0 0 2.56884 70.28170 1.74484 13
1.39291 -0.23889 91.66606 0 0 7.27819 54.43746 2.50574 13
-0.70837 -0.07295 66.97744 0 0 2.29070 54.70268 0.95573 -13
-0.17161 -0.17660 4.82323 0 0 5.51578 4.75589 1.40338 -13
-1.36943 0.05450 33.74809 0 0 -1.53872 19.92157 0.63143 -13
-0.02403 -0.08638 70.88796 0 0 2.69385 70.86767 1.54686 -13
0.39484 -0.06342 82.44217 0 0 2.00060 76.70230 1.94616 -13
-0.82211 -0.18986 35.13302 0 0 5.82717 27.33222 0.89139 -13
1.89889 -0.00494 31.86611 0 0 0.19718 14.84796 2.65687 13
-1.24941 -0.08421 54.01636 0 0 2.63520 33.82598 0.67670 -13
0.37982 0.07207 2.07299 0 0 -2.35039 1.93860 1.93293 13
1.72584 0.02931 13.92356 0 0 -0.72778 6.98247 2.61625 -13
0.32202 -0.05419 67.96102 0 0 1.70849 64.69857 1.88190 13
0.84475 0.08082 16.36700 0 0 -2.39803 12.51956 2.27063 13
1.02671 -0.07328 62.82580 0 0 2.30253 43.89592 2.36804 -13
0.69885 -0.04316 75.63364 0 0 1.39089 62.01406 2.18031 -13
-1.42520 -0.07462 28.10671 0 0 2.30113 16.17360 0.61314 13
-0.08844 -0.01986 16.63991 0 0 0.70992 16.57522 1.48260 -13
-0.21680 -0.01888 70.13493 0 0 0.65779 68.54332 1.35734 -13
0.31647 -0.12628 98.17519 0 0 3.89545 93.66679 1.87503 -13
0.71755 0.05381 38.23468 0 0 -1.55719 31.08026 2.19252 13
-0.95443 -0.01173 24.39542 0 0 0.40736 17.64791 0.80875 13
0.82661 0.01599 86.07981 0 0 -0.40785 66.35101 2.26149 13
-0.31724 -0.10790 42.54106 0 0 3.34879 40.57096 1.26526 -13
0.47289 -0.14018 92.94115 0 0 4.30366 84.16853 2.00877 13
1.71981 -0.06020 22.64087 0 0 1.85569 11.39626 2.61413 13
0.66050 -0.18255 56.20429 0 0 5.59764 47.12919 2.14700 -13
0.13126 -0.18795 93.85812 0 0 5.74552 93.08666 1.69909 13
-0.03446 0.01652 73.83489 0 0 -0.41073 73.79110 1.53636 -13
1.02488 -0.03077 3.53090 0 0 0.81230 2.46655 2.36825 13
0.18307 -0.03474 90.11889 0 0 1.12351 88.64728 1.75176 13
-2.02491 -0.00836 93.15447 0 0 0.32188 41.24944 0.45873 13
-1.25941 -0.10954 88.63682 0 0 3.39411 55.31893 0.67399 -13
-1.33062 -0.21586 62.94415 0 0 6.57900 38.36580 0.65545 13
-0.74837 -0.01929 47.20301 0 0 0.67732 37.79445 0.92843 -13
0.65826 -0.13480 75.52523 0 0 4.14041 63.25570 2.14883 13
0.54878 -0.11246 70.63776 0 0 3.46536 62.01493 2.07006 13
0.27624 -0.22893 55.03467 0 0 6.97724 53.14181 1.83383 13
-0.68140 -0.21472 5.66255 0 0 6.66601 4.71218 0.98311 -13
1.12465 -0.21347 58.21812 0 0 6.50792 39.16405 2.40372 13
-0.70159 -0.04768 17.76179 0 0 1.48527 14.54552 0.95954 13
1.57003 0.12269 67.55655 0 0 -3.60634 36.48482 2.57107 -13
1.61723 -0.27737 67.55655 0 0 8.46348 36.48482 2.57108 -13
0.02892 -0.24245 63.18885 0 0 7.40255 63.16391 1.59890 -13
0.48272 -0.05957 80.51246 0 0 1.87153 72.53092 2.01983 13
-0.96942 -0.00156 21.08669 0 0 0.16046 15.14021 0.80093 -13
0.46556 -0.20971 66.70425 0 0 6.39894 60.70001 1.99834 13
0.86123 -0.05263 56.40505 0 0 1.68087 42.76463 2.28109 -13
1.39468 0.07019 48.74553 0 0 -2.01873 28.45041 2.51838 -13
-0.09407 0.10803 26.17973 0 0 -3.19551 26.06600 1.47754 13
1.81673 0.11655 73.04111 0 0 -3.44884 35.40394 2.63556 13
0.81896 0.04173 39.73761 0 0 -1.16121 30.75458 2.25657 -13
-0.24107 0.03859 53.55240 0 0 -1.07348 52.06320 1.33441 -13
-0.71557 -0.01392 40.75121 0 0 0.48615 33.14143 0.94974 13
0.44365 0.03750 21.93323 0 0 -1.02592 20.05088 1.98810 -13
-0.37127 -0.04400 77.59940 0 0 1.40198 72.75585 1.21561 13
-0.28355 -0.08229 77.76880 0 0 2.55714 74.83827 1.29539 13
1.88343 -0.24313 62.30106 0 0 7.43265 29.87318 2.64151 -13
-1.03038 -0.05068 86.21344 0 0 1.60188 60.08300 0.77108 13
0.01165 -0.11538 10.57529 0 0 3.51536 10.57460 1.58236 13
0.75485 -0.10841 16.99031 0 0 3.38615 13.58900 2.21458 -13
-0.24912 0.13078 8.16042 0 0 -3.80215 7.92215 1.32863 -13
-0.25588 -0.26874 8.16042 0 0 8.25470 7.92215 1.32854 -13
0.46318 0.06759 37.83231 0 0 -1.94311 34.34258 2.00369 -13
-0.25499 -0.13662 49.61315 0 0 4.21227 48.10177 1.32333 -13
1.50160 0.02755 98.43567 0 0 -0.75907 54.57593 2.55391 13
-0.85239 0.02527 39.32747 0 0 -0.66460 29.93399 0.86507 -13
-0.22699 -0.11581 69.60932 0 0 3.56760 67.90445 1.34902 13
0.97397 -0.24994 11.65209 0 0 7.55895 8.46919 2.32787 13
1.47592 0.05930 13.92749 0 0 -1.77216 7.82169 2.54528 13
1.81662 -0.17956 23.15981 0 0 5.54184 11.30418 2.63166 -13
1.34095 -0.13889 19.63872 0 0 4.22714 11.81288 2.49624 13
-0.77405 -0.10511 93.33715 0 0 3.25828 73.96036 0.91473 -13
-0.31491 -0.21264 84.12479 0 0 6.50165 80.39735 1.27200 -13
0.03074 0.01283 14.88623 0 0 -0.33881 14.87921 1.60152 13
-0.42545 0.12185 2.61885 0 0 -3.39935 2.41233 1.17119 -13
-0.09245 -0.07461 37.78077 0 0 2.31884 37.62120 1.47886 13
0.66629 0.10641 53.81161 0 0 -3.11787 44.85896 2.15594 -13
-0.26250 -0.12272 51.12558 0 0 3.79255 49.47394 1.31592 -13
-0.93365 -0.13896 74.78136 0 0 4.26399 54.90290 0.82446 13
0.06250 0.14373 64.38577 0 0 -4.26201 64.26294 1.63258 13
0.06385 -0.25530 64.38577 0 0 7.77447 64.26294 1.63258 13
-1.47989 0.02427 75.60782 0 0 -0.63946 42.34051 0.59438 -13
-0.98914 -0.21573 13.24550 0 0 6.64260 9.52235 0.80223 -13
-0.03236 -0.18688 60.93837 0 0 5.72636 60.90756 1.53900 -13
-0.73288 0.00567 59.65916 0 0 -0.09974 48.12020 0.93835 13
-1.26049 -0.19284 76.77865 0 0 5.88748 48.25203 0.67958 13
-0.55161 -0.12485 82.04282 0 0 3.84046 71.96770 1.06999 13
0.04909 0.02075 64.97804 0 0 -0.55175 64.89991 1.61984 13
0.11336 -0.11763 38.31914 0 0 3.61710 38.07860 1.68291 13
1.49380 -0.14158 4.73209 0 0 4.15822 2.65099 2.54708 13
