-1.40542 0.06143 17.82167 0 0 -1.81954 10.34502 0.61931 13
-0.97826 0.10644 48.12054 0 0 -3.11551 34.49291 0.79920 -13
-0.72820 0.07706 65.43863 0 0 -2.25292 52.95382 0.94280 13
-0.34715 0.00646 78.39874 0 0 -0.10789 74.06313 1.23667 -13
-0.69200 0.11270 21.49681 0 0 -3.34561 17.71328 0.96841 13
1.36858 -0.22148 88.59966 0 0 6.75318 53.08800 2.49912 13
-1.21870 -0.21079 32.91499 0 0 6.46317 21.14945 0.69783 -13
1.29587 -0.11010 43.11856 0 0 3.42030 26.44155 2.48144 -13
0.72215 -0.23163 78.94480 0 0 7.07585 64.56633 2.18388 -13
0.42540 -0.20670 91.13391 0 0 6.31016 84.12609 1.96553 13
-0.15730 -0.10566 92.02936 0 0 3.26315 90.92351 1.41562 13
1.03860 -0.08971 4.21893 0 0 2.96088 2.93236 2.37313 -13
0.86413 -0.05501 43.50208 0 0 1.75563 32.93657 2.28269 -13
-0.17911 0.05839 41.94861 0 0 -1.66855 41.29363 1.39386 -13
0.19139 -0.09042 61.04434 0 0 2.81685 59.96470 1.75915 -13
0.50004 0.06336 79.95665 0 0 -1.83665 71.54300 2.03367 13
-0.25508 -0.22446 82.51035 0 0 6.84649 80.06772 1.32687 13
-1.00590 -0.02684 30.87782 0 0 0.91278 21.77344 0.78264 -13
-0.61840 0.04840 72.82415 0 0 -1.38667 61.95775 1.01748 13
-1.30631 -0.23867 21.83083 0 0 7.24237 13.50107 0.66677 13
-1.10851 -0.02627 70.82925 0 0 0.86357 47.45264 0.73415 13
-0.42328 0.00367 36.04171 0 0 -0.01465 33.19082 1.17039 -13
-0.51637 -0.14869 30.92054 0 0 4.54813 27.53696 1.09858 13
1.38418 0.04876 60.32243 0 0 -1.40333 35.35339 2.51539 13
0.96481 -0.23882 57.31423 0 0 7.27282 41.79365 2.32443 13
0.61538 -0.11836 40.19607 0 0 3.66577 34.29830 2.11935 -13
-0.56141 -0.12486 83.15903 0 0 3.85431 72.64669 1.06253 -13
-0.37573 -0.18497 78.75214 0 0 5.65435 73.87156 1.21689 13
0.83570 -0.07699 80.68317 0 0 2.39606 61.98594 2.26547 13
-0.25106 -0.14647 58.32072 0 0 4.49069 56.60053 1.32732 13
0.66366 -0.03066 69.17613 0 0 0.99718 57.64606 2.15650 13
1.14497 0.04562 90.79124 0 0 -1.28714 59.75994 2.42316 -13
-0.64604 -0.16420 27.44525 0 0 5.05544 23.14253 1.00325 -13
-0.14722 0.07873 81.35134 0 0 -2.28751 80.48892 1.42507 -13
1.15359 -0.05426 88.96524 0 0 1.72635 58.32235 2.42667 -13
0.84821 -0.12536 75.06283 0 0 3.85468 57.43066 2.27041 13
-0.14686 -0.18984 10.15831 0 0 5.75687 10.05428 1.42750 13
0.56856 0.03976 81.16810 0 0 -1.11126 70.57458 2.08744 -13
0.50423 -0.02040 56.62203 0 0 0.70637 50.56061 2.03774 -13
0.25291 -0.20032 77.12340 0 0 6.11770 74.85609 1.81388 13
0.73755 -0.05361 49.79167 0 0 1.68621 40.09171 2.20560 13
-1.38684 0.00826 28.24968 0 0 -0.19784 16.52290 0.62474 13
-1.37516 0.05674 73.00408 0 0 -1.61848 42.97959 0.62950 -13
-0.81491 -0.20924 82.28737 0 0 6.38580 64.32953 0.89750 13
0.80384 -0.16828 42.39736 0 0 5.14244 33.22508 2.24107 13
0.50279 -0.01053 64.15502 0 0 0.39046 57.31862 2.03665 13
0.82711 -0.21732 69.94148 0 0 6.64561 54.39541 2.25054 -13
0.78557 -0.12046 58.58907 0 0 3.72468 46.19956 2.23318 -13
1.59778 0.12808 61.31076 0 0 -3.76739 32.71659 2.57871 -13
1.64229 -0.27170 61.31076 0 0 8.29291 32.71659 2.57870 -13
-0.26104 -0.22769 70.84852 0 0 6.95704 68.65946 1.32156 -13
0.11180 0.01537 96.59250 0 0 -0.37741 95.99456 1.68212 -13
1.32785 -0.00922 69.78197 0 0 0.37088 41.98059 2.49609 -13
-0.29181 0.00885 72.79933 0 0 -0.19235 69.88494 1.28688 13
0.09696 -0.16576 34.79232 0 0 5.09495 34.63428 1.66616 -13
-0.79589 0.13352 62.08265 0 0 -3.93654 48.74149 0.90287 -13
-0.81631 -0.26595 62.08265 0 0 8.11446 48.74149 0.90287 -13
-0.59609 0.04065 82.37456 0 0 -1.13804 70.77317 1.03362 -13
-0.33954 -0.20456 62.52178 0 0 6.26036 59.32535 1.24966 -13
0.13863 -0.01640 1.67571 0 0 0.29007 1.65988 1.70853 13
-0.22260 -0.10579 31.70669 0 0 3.28781 30.95723 1.35295 -13
0.99437 -0.04221 6.98746 0 0 1.45386 4.95742 2.35293 -13
0.12307 -0.08262 52.35119 0 0 2.58285 51.96184 1.69284 -13
-0.42280 -0.22637 60.27889 0 0 6.90044 55.72640 1.17967 13
-0.31580 0.11392 69.63296 0 0 -3.36270 66.43931 1.26676 13
1.40847 0.04333 46.80757 0 0 -1.24469 27.11453 2.52375 13
-0.53979 0.10812 51.84118 0 0 -3.16924 45.67900 1.07825 -13
-1.86066 0.00196 94.70208 0 0 0.03218 44.83228 0.49315 -13
0.04609 -0.11386 92.28707 0 0 3.52123 92.19047 1.61656 -13
1.12700 -0.17556 30.22741 0 0 5.40188 20.23241 2.40829 -13
1.06834 -0.10502 11.65625 0 0 3.31056 7.98880 2.38649 -13
0.41706 0.00761 60.78444 0 0 -0.14044 56.10083 1.96591 -13
-0.92780 -0.15922 16.77230 0 0 4.84253 12.36611 0.82907 13
0.33002 0.02954 15.32366 0 0 -0.77731 14.55226 1.88943 -13
-0.01999 -0.17479 57.46834 0 0 5.34548 57.45720 1.55111 13
0.31921 -0.08126 63.25986 0 0 2.54066 60.28240 1.87883 -13
1.41481 -0.01803 60.18752 0 0 0.61142 34.74298 2.52624 13
-1.25437 0.06869 24.53910 0 0 -1.95732 15.31887 0.67419 -13
0.16749 0.08837 18.27557 0 0 -2.61164 18.02634 1.73611 13
1.08952 -0.04525 2.27585 0 0 1.75995 1.53981 2.39850 -13
-1.22539 -0.16891 5.91828 0 0 5.03730 3.77361 0.69136 13
-0.00813 0.15000 6.78960 0 0 -4.36921 6.78938 1.56275 -13
-0.00837 -0.24856 6.78960 0 0 7.65968 6.78938 1.56267 -13
-0.78288 0.03950 7.75776 0 0 -1.18834 6.11026 0.90696 13
-0.01532 -0.05409 40.34794 0 0 1.70050 40.34322 1.55550 13
-0.13022 -0.22656 48.84073 0 0 6.92608 48.45152 1.44448 -13
-0.48979 -0.15147 61.79898 0 0 4.65937 55.61992 1.11981 -13
0.40199 -0.07851 66.57746 0 0 2.44175 61.79964 1.95195 13
-1.07520 0.13974 71.67465 0 0 -4.12407 49.06568 0.75400 -13
-1.10008 -0.25944 71.67465 0 0 7.91780 49.06568 0.75401 -13
-0.32178 -0.21777 36.18481 0 0 6.63558 34.51864 1.26617 13
0.02506 0.11976 16.48226 0 0 -3.56006 16.47715 1.59568 13
0.02582 -0.28059 16.48226 0 0 8.51507 16.47715 1.59565 13
-0.00456 0.04172 58.89185 0 0 -1.16905 58.89124 1.56624 -13
0.23176 -0.16713 55.54614 0 0 5.11377 54.14932 1.79552 13
-0.36979 -0.21772 99.55692 0 0 6.65433 93.63202 1.22407 -13
1.45479 -0.03270 21.37858 0 0 1.10765 12.11449 2.53913 -13
0.22016 0.02056 80.90184 0 0 -0.53286 79.01050 1.78745 -13
-0.20134 0.09211 42.48436 0 0 -2.70901 41.65538 1.37292 13
1.43554 0.04551 39.25194 0 0 -1.26979 22.45162 2.53267 -13
-0.85987 -0.24146 38.82243 0 0 7.34808 29.78754 0.87457 13
-0.30049 0.14908 85.99690 0 0 -4.41041 82.43435 1.28190 -13
-0.30634 -0.24971 85.99690 0 0 7.61904 82.43435 1.28190 -13
1.93197 -0.11582 17.56068 0 0 3.63183 8.11481 2.66123 -13
0.58317 -0.11865 45.32451 0 0 3.67324 39.22216 2.09572 -13
0.24945 -0.14171 39.48491 0 0 4.36871 38.33301 1.81293 -13
-1.46138 -0.10609 83.72188 0 0 3.29159 47.46029 0.60271 -13
-0.20253 0.12607 69.32420 0 0 -3.71406 67.96572 1.37249 -13
-0.20834 -0.27382 69.32420 0 0 8.34935 67.96572 1.37250 -13
-1.81114 -0.24006 86.60144 0 0 7.31075 42.76113 0.51642 13
-0.68684 -0.23973 55.59539 0 0 7.32455 46.23166 0.98193 -13
-1.12979 0.04381 24.82458 0 0 -1.26936 16.46213 0.72501 13
-0.23820 -0.19556 83.85471 0 0 5.97426 81.65326 1.34115 13
-0.31367 0.06116 39.91171 0 0 -1.75061 38.08854 1.26737 -13
0.46010 0.11659 87.26930 0 0 -3.44160 79.37342 1.99946 13
-0.37893 -0.12331 20.94338 0 0 3.82519 19.60279 1.21108 -13
-1.11504 -0.16100 20.64950 0 0 4.90219 13.88417 0.73742 13
1.33165 0.08845 42.98284 0 0 -2.56879 25.87447 2.49561 -13
0.79206 -0.04840 63.78635 0 0 1.55121 50.02446 2.24011 -13
0.71813 -0.05310 35.42752 0 0 1.66567 28.78980 2.19292 13
-1.93615 -0.15616 3.27195 0 0 4.45838 1.51594 0.48168 13
0.42294 -0.17684 93.56312 0 0 5.42134 86.37186 1.96542 -13
1.04014 -0.00249 54.59024 0 0 0.16918 37.83424 2.37587 -13
0.22111 -0.14373 53.26889 0 0 4.42561 52.03718 1.78626 -13
-0.12843 -0.13357 18.79697 0 0 4.13673 18.64644 1.44418 -13
0.23424 0.02055 44.88060 0 0 -0.54978 43.69826 1.80084 13
1.35072 -0.08314 64.58469 0 0 2.57630 38.51440 2.50265 13
-0.02627 0.07022 97.28047 0 0 -2.04176 97.24710 1.54460 13
-0.98285 -0.04154 16.85970 0 0 1.29451 12.02919 0.79448 13
0.55487 -0.11504 73.40961 0 0 3.55852 64.28904 2.07459 -13
-0.75500 0.01431 85.06826 0 0 -0.34330 67.89410 0.92415 -13
0.00338 -0.24650 14.79962 0 0 7.48184 14.79954 1.57407 13
1.35266 0.13074 10.15030 0 0 -3.77629 6.06746 2.50093 -13
1.38844 -0.26860 10.15030 0 0 8.28123 6.06746 2.50081 -13
0.43600 -0.09832 48.87716 0 0 3.05775 44.83804 1.98018 -13
0.06016 -0.07908 16.62979 0 0 2.43851 16.59996 1.63070 13
0.04395 0.07946 27.57192 0 0 -2.29654 27.54553 1.61458 -13
-0.89378 0.04586 57.71133 0 0 -1.29087 43.04904 0.84195 -13
-1.07451 0.01464 54.86856 0 0 -0.34752 37.38199 0.74955 -13
-2.06114 0.12681 70.72789 0 0 -3.75870 31.07320 0.45485 13
-2.11967 -0.27304 70.72789 0 0 8.30393 31.07320 0.45484 13
0.87228 0.00113 48.73019 0 0 0.06057 36.72276 2.28808 -13
-0.22180 0.01806 42.17469 0 0 -0.45175 41.17435 1.35256 -13
0.23040 -0.09684 61.83473 0 0 2.99469 60.27029 1.79623 13
0.29708 0.04482 80.67837 0 0 -1.27683 77.34399 1.85929 13
0.98619 -0.07225 29.07399 0 0 2.23775 20.72709 2.34794 13
1.49985 -0.04461 51.56529 0 0 1.41024 28.62536 2.55309 13
1.62084 0.14173 54.05596 0 0 -4.21093 28.58836 2.58434 13
1.65713 -0.25739 54.05596 0 0 7.82821 28.58836 2.58434 13
0.05781 0.12101 57.95054 0 0 -3.56007 57.85531 1.62812 -13
0.05958 -0.27918 57.95054 0 0 8.51272 57.85531 1.62812 -13
1.06683 -0.18038 59.90020 0 0 5.53367 41.31300 2.38053 -13
1.74350 0.01904 99.21822 0 0 -0.50273 49.37114 2.62076 13
-0.07588 0.11848 63.28124 0 0 -3.48541 63.10217 1.49559 -13
-1.70239 -0.14942 78.95960 0 0 4.57644 40.32092 0.53594 13
-0.84565 -0.08186 43.01464 0 0 2.56548 32.89068 0.87048 -13
1.53101 -0.15422 20.85706 0 0 4.69189 11.49930 2.55760 13
-0.12810 -0.11518 93.65300 0 0 3.55044 92.90378 1.44421 13
0.54205 -0.13857 26.12233 0 0 4.28233 23.01485 2.06354 -13
-0.50378 -0.07386 55.65666 0 0 2.31958 49.73270 1.10522 -13
1.52469 0.01295 69.09562 0 0 -0.29699 37.89656 2.56106 -13
-1.22206 -0.10121 66.59198 0 0 3.12136 42.30093 0.68829 13
0.93915 -0.24272 16.48801 0 0 7.35836 12.17871 2.31056 13
0.21242 -0.22515 61.87314 0 0 6.86412 60.58584 1.77514 13
0.57933 0.12567 10.46023 0 0 -3.65355 9.06887 2.09249 -13
0.59602 -0.27423 10.46023 0 0 8.41203 9.06887 2.09248 -13
-0.65121 -0.23484 14.77039 0 0 7.12283 12.47477 1.00578 13
-0.26254 -0.03997 90.73203 0 0 1.28160 87.76256 1.31425 13
1.59644 -0.10093 4.76596 0 0 3.32921 2.53938 2.57971 -13
-0.98003 -0.02648 93.30063 0 0 0.87275 66.64699 0.79566 13
-0.10340 -0.18098 29.80550 0 0 5.55642 29.65240 1.46940 -13
-1.62481 -0.05554 53.26074 0 0 1.77414 27.94723 0.55240 -13
0.54038 -0.16310 88.34376 0 0 4.99551 77.94991 2.06075 13
0.86431 0.06599 29.36248 0 0 -1.88706 22.23567 2.28246 -13
1.88121 -0.13345 75.44121 0 0 4.09358 35.65428 2.64934 13
-1.36867 0.12296 44.80207 0 0 -3.60957 26.56097 0.63457 -13
-1.40961 -0.27707 44.80207 0 0 8.45974 26.56097 0.63457 -13
0.08665 -0.18042 25.86488 0 0 5.54341 25.77139 1.65586 -13
0.08748 -0.15225 67.59634 0 0 4.66614 67.34490 1.65706 13
0.44151 0.08606 41.29819 0 0 -2.52768 37.80252 1.98521 13
-1.42223 0.03772 82.78841 0 0 -1.04612 47.64109 0.61315 -13
-0.12672 0.13558 66.94479 0 0 -4.00079 66.42327 1.44588 -13
-0.12984 -0.26381 66.94479 0 0 8.04700 66.42327 1.44590 -13
-1.26833 -0.17038 20.57267 0 0 5.18333 12.84938 0.67462 13
1.62969 -0.01906 56.78264 0 0 0.63957 29.70086 2.59114 13
0.62309 0.07734 80.87120 0 0 -2.25907 68.69434 2.12668 13
-0.09257 -0.17373 13.59757 0 0 5.28580 13.54138 1.47984 13
-1.07499 -0.11512 31.11816 0 0 3.57698 21.26972 0.75256 -13
-1.04501 0.13068 55.60930 0 0 -3.87363 38.61615 0.76762 13
-1.07302 -0.26904 55.60930 0 0 8.18171 38.61615 0.76763 13
0.44871 0.04791 30.95067 0 0 -1.38166 28.24372 1.99215 13
1.05371 0.01253 2.50964 0 0 -0.57638 1.72747 2.38230 13
-0.65111 0.01808 25.28610 0 0 -0.43983 21.19082 0.99371 -13
-1.10399 0.11317 49.38653 0 0 -3.31815 33.27073 0.73918 -13
0.59068 -0.21916 23.40821 0 0 6.71699 20.27522 2.09412 -13
-0.51122 -0.03099 84.57965 0 0 1.02247 75.31668 1.09841 -13
0.81728 -0.24194 80.08762 0 0 7.38745 62.71049 2.24209 -13
-1.02199 -0.24742 32.02161 0 0 7.56643 22.73273 0.78938 -13
-0.68835 0.01419 31.53744 0 0 -0.36579 25.97853 0.96798 13
0.18098 -0.24758 22.85743 0 0 7.52653 22.51268 1.74470 13
-0.83997 0.08559 2.96846 0 0 -2.71639 2.27613 0.87395 13
1.85998 -0.18799 9.93912 0 0 5.64694 4.77077 2.64101 13
-1.37952 0.08327 80.27908 0 0 -2.43976 47.22356 0.62888 13
0.02438 -0.09899 30.54435 0 0 3.05080 30.53537 1.59506 13
1.04929 -0.05975 8.77528 0 0 1.96479 6.05978 2.37935 -13
-0.00367 -0.12838 47.95304 0 0 3.96357 47.95272 1.56715 -13
0.29951 -0.01991 92.42207 0 0 0.67634 88.53764 1.86175 13
1.58922 -0.12842 13.08527 0 0 4.02201 7.00889 2.57626 -13
0.57319 0.05796 46.06407 0 0 -1.65474 39.98144 2.09054 -13
-1.26452 -0.02294 64.17992 0 0 0.78562 39.81672 0.66924 -13
0.02507 -0.13239 31.52913 0 0 4.09004 31.51940 1.59565 -13
-1.88783 0.06953 71.06966 0 0 -2.00088 33.33018 0.48813 -13
-0.21309 -0.04260 40.65078 0 0 1.35370 39.75976 1.36103 13
0.68997 -0.18338 88.89052 0 0 5.60571 73.55268 2.16705 13
-1.44728 0.07442 68.30026 0 0 -2.15021 38.89832 0.60592 -13
1.09502 -0.14640 52.06280 0 0 4.48310 35.31118 2.39624 13
-1.03941 0.14198 66.09904 0 0 -4.19133 46.06502 0.77106 -13
-1.06257 -0.25711 66.09904 0 0 7.84681 46.06502 0.77106 -13
0.05821 -0.03306 27.89397 0 0 1.06010 27.84689 1.62891 13
0.46736 -0.21063 51.65399 0 0 6.44378 46.97427 1.99972 -13
2.07053 0.08811 93.00270 0 0 -2.58873 40.57346 2.69015 13
0.47148 0.07180 79.63037 0 0 -2.07854 72.05989 2.01038 -13
0.26432 -0.16944 22.18947 0 0 5.21577 21.47219 1.82573 -13
-1.15560 0.03428 72.54600 0 0 -0.94262 47.48736 0.71363 -13
0.72152 -0.18264 95.00036 0 0 5.59681 77.46967 2.18806 -13
0.40365 0.10427 30.69774 0 0 -3.04727 28.48751 1.95257 -13
0.12392 0.14860 45.03226 0 0 -4.39003 44.69773 1.69276 -13
0.12634 -0.25019 45.03226 0 0 7.63972 44.69773 1.69275 -13
-0.06159 -0.17953 78.13548 0 0 5.49075 77.99232 1.51025 13
0.27221 -0.16124 4.88631 0 0 4.83349 4.71886 1.83333 13
0.12410 -0.11698 55.84570 0 0 3.60103 55.42628 1.69344 13
-0.65505 0.11257 25.52045 0 0 -3.29175 21.38825 0.99376 -13
0.98479 -0.03464 53.07600 0 0 1.13920 37.82804 2.34823 -13
-0.72499 -0.13337 99.86383 0 0 4.09894 81.09525 0.94767 13
-0.02408 0.02974 61.31657 0 0 -0.80795 61.29881 1.54673 -13
0.87242 -0.18955 13.77695 0 0 5.84698 10.46030 2.27943 -13
0.97873 -0.19789 40.74484 0 0 6.03391 29.39142 2.33585 13
1.38118 -0.07910 56.02140 0 0 2.48209 32.92064 2.51345 -13
0.68255 0.12331 6.05843 0 0 -3.73752 5.01559 2.16621 13
0.70289 -0.27702 6.05843 0 0 8.32882 5.01559 2.16618 13
1.80204 -0.03888 27.62573 0 0 1.21630 13.41245 2.63466 13
0.22506 -0.20131 31.16167 0 0 6.13691 30.42982 1.78795 13
1.98172 0.04997 35.84520 0 0 -1.45732 16.16414 2.67376 13
-1.13451 0.00347 53.35653 0 0 -0.01001 35.28103 0.72247 -13
1.56603 0.10940 46.37756 0 0 -3.23786 25.06592 2.57060 13
0.32663 0.06573 43.91857 0 0 -1.88955 41.75664 1.88586 -13
0.22218 -0.09814 73.89036 0 0 3.04821 72.14752 1.78842 -13
-0.40736 -0.00526 12.02642 0 0 0.28555 11.13772 1.18396 -13
-1.95722 -0.17851 71.93685 0 0 5.45196 33.13745 0.47874 13
0.45837 -0.06901 34.55958 0 0 2.14756 31.42932 1.99969 13
0.98361 -0.20982 88.00873 0 0 6.41853 63.40493 2.33716 -13
2.01859 -0.09581 23.17253 0 0 3.02090 10.32436 2.67982 -13
0.13314 -0.16396 2.78831 0 0 4.84895 2.76458 1.70144 13
-0.90842 0.00478 90.08458 0 0 -0.07033 66.68006 0.83336 13
0.28177 -0.11138 80.51188 0 0 3.44696 77.52978 1.84384 -13
-0.80435 0.13816 13.90581 0 0 -4.13134 10.87587 0.89802 13
-0.82352 -0.26121 13.90581 0 0 7.91219 10.87587 0.89802 13
0.37301 0.12903 18.01900 0 0 -3.84019 16.89942 1.92513 13
0.38323 -0.27075 18.01900 0 0 8.21834 16.89942 1.92510 13
0.44802 0.03381 19.95818 0 0 -0.91160 18.21528 1.99179 -13
1.05407 -0.01086 94.71922 0 0 0.40125 65.19275 2.38248 13
-0.00265 -0.04721 88.01861 0 0 1.49990 88.01830 1.56815 13
0.80215 -0.22441 14.49342 0 0 6.89558 11.41350 2.23489 -13
0.03774 0.06795 19.63129 0 0 -1.94511 19.61739 1.60843 -13
-1.18455 0.06727 59.57087 0 0 -1.93609 38.47817 0.70223 -13
-0.04293 -0.16245 18.33253 0 0 4.95499 18.31609 1.52845 13
0.56018 -0.00088 63.41982 0 0 0.09918 55.33001 2.08142 13
0.39366 0.02053 75.62221 0 0 -0.54472 70.36805 1.94576 13
-1.97951 0.00425 58.90664 0 0 -0.02858 26.56164 0.46778 -13
0.51322 -0.05833 68.04272 0 0 1.83276 60.55728 2.04427 13
-0.33300 -0.03025 36.93862 0 0 0.98069 35.04827 1.24949 13
1.13101 -0.05229 71.80004 0 0 1.66882 47.59595 2.41692 -13
2.15572 -0.08204 46.66738 0 0 2.52879 19.69283 2.70597 13
1.29540 -0.04571 67.36997 0 0 1.44820 41.19456 2.48368 13
0.64105 0.06341 90.43298 0 0 -1.82501 76.17754 2.13994 -13
1.04508 -0.17441 92.54751 0 0 5.35045 64.48150 2.37075 -13
0.75681 -0.20431 79.34305 0 0 6.23645 63.73380 2.20883 13
-0.65839 -0.07805 2.63619 0 0 2.65566 2.20355 0.98994 -13
-0.59583 -0.13680 77.44298 0 0 4.20027 66.68939 1.03752 13
-0.50989 0.09438 42.62564 0 0 -2.77924 38.00866 1.10106 13
-0.10489 -0.01852 1.13508 0 0 1.07045 1.12892 1.46631 -13
-1.89027 -0.12030 9.63533 0 0 3.81650 4.53133 0.48957 -13
1.55882 -0.10255 93.08481 0 0 3.16458 50.44788 2.56883 13
-0.51567 0.06867 63.65113 0 0 -1.98160 56.60038 1.09565 -13
-1.42125 -0.10655 62.28971 0 0 3.28125 35.97910 0.61580 13
0.18343 0.07244 13.96277 0 0 -2.14102 13.73477 1.75175 13
0.46921 0.13864 82.25742 0 0 -4.09445 74.59436 2.00586 -13
0.48029 -0.26059 82.25742 0 0 7.94839 74.59436 2.00586 -13
0.09131 -0.16783 89.24613 0 0 5.14893 88.88647 1.66061 -13
-0.52764 -0.18368 59.53579 0 0 5.63128 52.84361 1.09210 -13
1.42958 0.13862 33.76326 0 0 -4.12530 19.47639 2.52672 13
1.46333 -0.26065 33.76326 0 0 7.91769 19.47639 2.52671 13
-1.12467 -0.01784 70.57877 0 0 0.62959 46.90169 0.72687 -13
2.10235 -0.21282 63.01463 0 0 6.48270 27.55837 2.68896 13
0.59211 -0.18855 96.21377 0 0 5.77484 83.16075 2.09777 -13
-0.14414 -0.13411 46.31630 0 0 4.11533 45.85080 1.42890 13
-1.15325 0.03258 66.63942 0 0 -0.91260 43.67001 0.71461 13
0.29736 -0.06243 7.59057 0 0 2.02855 7.27707 1.85930 -13
0.87217 -0.17947 65.21158 0 0 5.50512 49.48015 2.28018 -13
-1.53869 -0.06495 66.59554 0 0 2.05350 36.34343 0.57727 -13
1.93839 -0.19052 1.11465 0 0 6.70662 0.51984 2.65801 -13
0.27293 -0.17474 74.51323 0 0 5.34564 71.95805 1.83344 13
1.27280 0.06252 4.17678 0 0 -1.61727 2.58396 2.47470 -13
-0.29269 -0.00481 97.77056 0 0 0.22124 93.83384 1.28606 13
0.60209 -0.15287 79.65743 0 0 4.68597 68.45179 2.10766 13
1.68480 0.02842 16.67422 0 0 -0.71889 8.51303 2.60576 -13
0.24793 -0.00098 30.98506 0 0 0.12677 30.07459 1.81382 -13
0.35563 -0.15926 28.48249 0 0 4.90368 26.87329 1.90854 -13
-0.51395 0.03419 12.37522 0 0 -0.99444 11.00800 1.09629 13
-0.66926 -0.01532 62.72769 0 0 0.53404 52.13202 0.98105 13
-0.64317 0.01090 30.16229 0 0 -0.26632 25.36887 0.99927 13
0.13671 0.11914 43.72543 0 0 -3.52362 43.32802 1.70572 13
0.14102 -0.28122 43.72543 0 0 8.55228 43.32802 1.70573 13
0.05670 -0.13294 84.43814 0 0 4.09657 84.30510 1.62694 -13
0.69508 0.00986 81.92012 0 0 -0.22341 67.26756 2.17819 13
-0.34078 -0.06113 41.34577 0 0 1.91176 39.14345 1.24293 13
0.69890 -0.24877 46.58288 0 0 7.59722 38.55298 2.16676 -13
0.73788 -0.10277 46.54769 0 0 3.19519 37.52442 2.20398 -13
-1.18185 -0.16188 19.42518 0 0 5.00590 12.64189 0.70863 -13
-0.96868 0.03443 36.17913 0 0 -0.97513 25.99359 0.80160 13
-2.10674 -0.06147 51.74146 0 0 1.95751 22.22216 0.44391 -13
0.42942 -0.00862 99.51171 0 0 0.33575 91.43806 1.97639 13
1.31958 -0.07342 82.85775 0 0 2.30567 50.12617 2.49181 -13
1.97363 -0.05042 67.82325 0 0 1.61812 30.68592 2.67210 -13
0.04618 -0.07678 98.43191 0 0 2.40226 98.32775 1.61681 -13
-0.02956 -0.15734 6.35140 0 0 4.74846 6.34870 1.54160 13
1.69806 0.09490 71.96278 0 0 -2.79421 36.63995 2.60741 13
0.21597 -0.13694 34.21902 0 0 4.19723 33.46163 1.78159 13
-1.78572 -0.09166 11.58596 0 0 2.93073 5.67851 0.51227 -13
-0.57404 0.03240 77.33588 0 0 -0.88972 67.07936 1.04991 -13
0.03989 -0.16114 59.80073 0 0 4.95010 59.75443 1.61016 -13
0.73482 -0.02298 42.32235 0 0 0.75993 34.10780 2.20439 13
-0.74532 0.13597 32.42838 0 0 -4.00184 26.08601 0.93468 -13
-0.76367 -0.26339 32.42838 0 0 8.04577 26.08601 0.93471 -13
-1.19226 -0.24079 46.02490 0 0 7.36222 30.06519 0.71183 -13
-0.49312 0.00326 48.01120 0 0 -0.00581 43.06026 1.11267 -13
-1.47678 -0.06201 44.07350 0 0 1.93147 24.74422 0.59612 13
0.56477 0.14412 74.19137 0 0 -4.27363 64.76008 2.08052 13
0.57687 -0.25490 74.19137 0 0 7.76294 64.76008 2.08052 13
-1.31566 0.08191 95.44934 0 0 -2.38059 57.88041 0.65153 -13
0.77393 -0.12208 61.28529 0 0 3.77353 48.59972 2.22586 -13
1.74337 0.00593 75.26824 0 0 -0.11043 37.45087 2.62080 13
0.16714 -0.05626 77.39696 0 0 1.78486 76.34132 1.73615 -13
1.20623 -0.14700 20.27661 0 0 4.55187 13.02204 2.44414 -13
-1.49296 0.00991 67.95162 0 0 -0.20471 37.81715 0.59020 -13
0.83482 -0.21776 16.66443 0 0 6.61049 12.91313 2.25504 13
-1.17564 0.12884 34.82786 0 0 -3.78364 22.67328 0.70891 -13
-1.20801 -0.27089 34.82786 0 0 8.27519 22.67328 0.70891 -13
-1.24504 -0.03198 44.17220 0 0 1.02765 27.66950 0.67693 13
0.72164 -0.16586 57.76776 0 0 5.07445 47.05979 2.18948 13
1.38908 -0.16161 97.66935 0 0 4.94776 57.54756 2.51151 13
0.37548 -0.01353 28.13680 0 0 0.50761 26.34143 1.92996 -13
-1.35813 -0.04601 25.80312 0 0 1.49868 15.30892 0.63518 -13
-2.07874 -0.23715 32.36141 0 0 7.27347 14.34180 0.45916 -13
-0.44189 -0.19482 39.30500 0 0 5.94302 36.05962 1.16155 13
0.35623 0.01884 62.76689 0 0 -0.47890 59.12839 1.91296 -13
-0.97356 0.06978 33.64185 0 0 -2.00379 24.13331 0.80001 -13
0.00813 0.14447 43.73320 0 0 -4.28742 43.73179 1.57884 13
0.00831 -0.25452 43.73320 0 0 7.74835 43.73179 1.57885 13
-0.10110 -0.15473 31.35133 0 0 4.76484 31.19607 1.47122 -13
-0.11943 -0.23885 98.13882 0 0 7.28123 97.48322 1.45515 13
1.58112 0.08260 87.41290 0 0 -2.39981 46.83859 2.57611 -13
0.63516 0.10185 51.98031 0 0 -3.00208 43.94209 2.13434 13
0.42740 0.14867 75.66702 0 0 -4.41056 69.69507 1.97076 13
0.43577 -0.25015 75.66702 0 0 7.61964 69.69507 1.97076 13
-0.45135 0.01025 77.09754 0 0 -0.22128 70.27201 1.14684 -13
1.79559 -0.23741 91.25278 0 0 7.23146 45.33206 2.62171 13
-0.24252 -0.04037 82.53422 0 0 1.29303 80.21280 1.33306 13
-0.16242 0.11641 56.74692 0 0 -3.43919 56.02258 1.41085 13
0.18767 -0.22850 89.93844 0 0 6.96838 88.46990 1.75175 13
0.57404 -0.09007 86.61725 0 0 2.79165 75.19540 2.09017 13
0.62502 0.08812 70.18542 0 0 -2.56846 59.57991 2.12768 -13
-0.97512 -0.01934 24.50931 0 0 0.69069 17.54893 0.79809 -13
-1.35930 0.11092 38.68907 0 0 -3.28707 23.01669 0.63719 13
-0.30413 0.07504 22.29118 0 0 -2.15814 21.33176 1.27634 -13
-0.17154 -0.20382 84.26735 0 0 6.22369 83.10169 1.40427 13
-0.26435 0.02663 77.58497 0 0 -0.71548 75.01016 1.31245 -13
-0.80550 -0.07198 97.76859 0 0 2.24628 76.21702 0.89398 13
1.72502 -0.14551 20.73139 0 0 4.42387 10.47907 2.61167 13
-1.12427 0.09923 12.80129 0 0 -2.85669 8.53109 0.72940 -13
-0.76731 -0.05238 85.58319 0 0 1.66829 67.93323 0.91697 -13
-0.92257 -0.11109 71.38402 0 0 3.42258 52.61398 0.82871 13
-1.84491 -0.07098 86.42567 0 0 2.23420 41.26372 0.49776 -13
1.71007 0.07145 68.76172 0 0 -2.06157 34.77755 2.61134 -13
-0.66699 0.01138 39.42822 0 0 -0.27684 32.80288 0.98260 13
-0.68714 -0.02345 36.31267 0 0 0.77269 29.93090 0.96888 13
-2.10631 0.07048 65.68808 0 0 -2.02748 28.22913 0.44422 -13
0.50886 0.07742 89.42197 0 0 -2.26027 79.74592 2.04030 13
-0.38035 -0.17393 50.29656 0 0 5.31754 47.09831 1.21227 13
1.02834 -0.07479 64.08627 0 0 2.34832 44.74206 2.36877 -13
0.89054 -0.02744 35.99196 0 0 0.89085 26.88313 2.29817 13
-0.81859 -0.16882 45.09976 0 0 5.18526 35.09473 0.89170 -13
-0.85465 -0.07425 66.21608 0 0 2.31119 50.39550 0.86496 13
-0.06338 -0.07262 41.11932 0 0 2.28376 41.03739 1.50767 -13
-0.28227 0.09260 60.25270 0 0 -2.72070 58.00500 1.29680 13
-0.24118 0.10826 27.73681 0 0 -3.20199 26.97222 1.33546 13
0.01168 -0.11486 21.39139 0 0 3.52204 21.38995 1.58239 13
-0.42864 -0.14534 26.89313 0 0 4.48416 24.75782 1.16962 -13
1.53047 -0.16692 92.68592 0 0 5.12369 51.17080 2.55652 -13
0.02298 -0.17691 62.11181 0 0 5.42568 62.09591 1.59342 -13
1.21931 0.13774 4.01524 0 0 -3.86857 2.56052 2.45008 -13
1.24886 -0.26137 4.01524 0 0 8.18048 2.56052 2.45023 -13
-0.60152 0.05678 30.65025 0 0 -1.64970 26.27604 1.02997 13
0.44964 -0.09254 17.80111 0 0 2.84422 16.24680 1.99176 13
0.04343 -0.00174 85.49436 0 0 0.12819 85.41387 1.61420 13
-2.00227 -0.11373 50.78603 0 0 3.49093 22.80923 0.46577 13
1.03564 -0.05732 73.16092 0 0 1.80048 50.86233 2.37288 13
1.47761 0.02706 19.38250 0 0 -0.69001 10.86612 2.54646 -13
-0.58861 -0.23626 97.88444 0 0 7.21318 84.93559 1.05059 -13
-0.35191 -0.06454 51.65210 0 0 2.03807 48.73442 1.23307 -13
-1.43962 0.03751 64.14180 0 0 -1.06369 36.61003 0.60744 13
0.41645 0.03331 74.10080 0 0 -0.91637 68.41164 1.96520 -13
0.32137 0.08087 15.31136 0 0 -2.39055 14.58135 1.88080 13
-0.69959 -0.11212 66.99225 0 0 3.45445 55.00499 0.96328 13
-0.66560 -0.14724 9.55621 0 0 4.45770 7.98122 0.98847 13
1.69460 -0.23759 53.00334 0 0 7.26737 27.48724 2.59638 -13
-0.00305 -0.08824 43.48573 0 0 2.73144 43.48552 1.56776 13
1.42847 -0.14953 27.61553 0 0 4.62216 15.95509 2.52563 -13
0.51678 -0.13823 53.91432 0 0 4.26052 47.99137 2.04393 -13
0.16583 -0.18214 21.63412 0 0 5.59830 21.35175 1.73252 -13
-0.88189 0.07446 47.53722 0 0 -2.17820 35.69619 0.84945 13
1.95780 0.09516 40.65610 0 0 -2.76405 18.55981 2.66753 -13
1.49353 -0.13067 72.34416 0 0 4.01047 40.48494 2.54767 13
-0.57932 -0.10518 86.11164 0 0 3.24797 74.61396 1.04810 13
0.84385 0.04224 54.68286 0 0 -1.18146 41.80702 2.27127 -13
-1.06433 0.03217 88.11326 0 0 -0.89661 60.35115 0.75450 13
-0.02309 0.14071 11.28152 0 0 -4.12046 11.27857 1.54794 -13
-0.02367 -0.25838 11.28152 0 0 7.92056 11.27857 1.54788 -13
-1.12000 0.11035 93.50939 0 0 -3.23978 62.48872 0.73186 -13
-0.79857 0.08441 65.73290 0 0 -2.45525 51.43516 0.89866 -13
0.15856 -0.02385 49.81798 0 0 0.79106 49.20369 1.72800 13
1.91146 0.10855 45.05212 0 0 -3.16999 20.98092 2.65718 -13
0.98083 -0.15631 41.45294 0 0 4.77902 29.76834 2.34049 13
0.28034 -0.14972 23.36000 0 0 4.57385 22.51088 1.84125 13
1.00729 0.12618 34.33001 0 0 -3.74464 24.28228 2.35588 13
1.03608 -0.27376 34.33001 0 0 8.31809 24.28228 2.35585 13
-0.28781 0.08988 81.33571 0 0 -2.63674 78.18685 1.29163 13
-0.51647 -0.18322 12.29223 0 0 5.65729 10.95922 1.10076 -13
0.13894 -0.19132 13.05753 0 0 5.81129 12.93777 1.70642 13
-0.02317 -0.04772 46.30716 0 0 1.51025 46.29476 1.54766 13
0.49398 -0.12183 61.82208 0 0 3.76481 55.50803 2.02670 -13
1.23652 -0.21830 72.74542 0 0 6.67695 46.38566 2.45015 -13
-0.68281 -0.14436 59.91218 0 0 4.44556 49.63961 0.97649 -13
0.67488 -0.11004 23.71274 0 0 3.37518 19.69241 2.16168 13
-0.11823 0.12319 36.89396 0 0 -3.64883 36.64247 1.45399 13
-0.12177 -0.27693 36.89396 0 0 8.41946 36.64247 1.45397 13
-0.54366 -0.04489 23.28082 0 0 1.45843 20.45800 1.07325 -13
-1.11034 -0.20557 14.70153 0 0 6.33414 9.95044 0.74346 -13
0.87287 -0.18436 41.85200 0 0 5.62645 31.75674 2.28015 13
-0.59603 -0.19685 9.17582 0 0 5.95539 7.92100 1.04162 13
-0.31030 -0.21733 43.87031 0 0 6.62500 41.98272 1.27638 13
-0.06283 -0.19129 96.52065 0 0 5.84659 96.33738 1.50916 13
-0.04042 0.14235 25.67437 0 0 -4.19353 25.65382 1.53080 -13
-0.04133 -0.25669 25.67437 0 0 7.84452 25.65382 1.53079 -13
-0.17964 0.02846 53.26301 0 0 -0.76798 52.42448 1.39312 -13
0.75157 0.09337 90.91494 0 0 -2.72863 72.79071 2.21322 -13
0.84697 0.06480 65.30331 0 0 -1.88333 49.87482 2.27250 13
0.07530 -0.12036 52.98066 0 0 3.72137 52.83319 1.64542 -13
-1.19090 0.13467 66.62345 0 0 -3.99235 43.06882 0.70291 13
-1.22094 -0.26478 66.62345 0 0 8.05720 43.06882 0.70290 13
-1.86612 -0.21302 81.72780 0 0 6.49500 39.26856 0.50123 13
0.25904 -0.18095 33.03848 0 0 5.55606 32.01475 1.82038 -13
-1.21244 -0.01309 19.87418 0 0 0.51387 12.64615 0.68971 -13
2.10160 -0.01851 59.15384 0 0 0.62025 25.41967 2.69740 13
0.53442 -0.03301 12.86421 0 0 1.11958 11.34680 2.06137 -13
-0.31935 0.06582 94.96950 0 0 -1.89872 90.48645 1.26231 -13
0.21414 -0.11543 70.72320 0 0 3.57024 69.17556 1.78040 -13
-1.32643 0.01311 87.72891 0 0 -0.30489 52.81476 0.64604 -13
0.17100 0.07800 78.81027 0 0 -2.26537 77.68938 1.73966 -13
0.05647 -0.10842 94.85619 0 0 3.34668 94.70704 1.62688 13
1.38018 0.09496 2.41574 0 0 -2.44063 1.42131 2.51245 -13
0.19392 -0.09575 26.41300 0 0 2.95091 25.93419 1.76149 13
0.52722 -0.02661 94.56828 0 0 0.87810 83.66007 2.05584 13
0.00602 0.02246 32.86966 0 0 -0.61093 32.86906 1.57682 13
-0.14633 -0.07032 1.92217 0 0 2.45994 1.90197 1.42586 -13
-1.81435 -0.09406 38.29936 0 0 2.89244 18.54960 0.50560 13
-0.72586 0.13052 80.42685 0 0 -3.84848 65.27660 0.94694 -13
-0.74536 -0.26914 80.42685 0 0 8.20704 65.27660 0.94694 -13
1.59993 -0.03146 19.25806 0 0 1.07720 10.21067 2.58275 -13
2.03774 -0.04600 68.01752 0 0 1.48517 29.99075 2.68496 -13
0.25008 0.05296 41.34202 0 0 -1.50380 40.11017 1.81553 -13
0.60164 -0.14356 45.61284 0 0 4.39934 39.18954 2.10793 13
-0.08554 -0.09872 91.44562 0 0 3.06462 91.11601 1.48587 -13
-0.74364 -0.22126 74.21953 0 0 6.76419 60.05751 0.94278 -13
-0.79692 -0.00339 88.10889 0 0 0.17649 68.90498 0.89794 13
0.08873 -0.12338 65.13836 0 0 3.79545 64.88726 1.65863 13
-0.69517 -0.10529 35.88284 0 0 3.24064 29.51600 0.96590 13
0.11102 -0.25063 7.64532 0 0 7.56962 7.60135 1.67807 13
0.31067 -0.01412 74.71462 0 0 0.50058 71.35139 1.87198 13
-2.03535 -0.21698 33.11178 0 0 6.66055 14.87394 0.46584 -13
1.29837 -0.04295 86.98389 0 0 1.36850 53.10769 2.48484 13
1.52640 -0.16066 79.97044 0 0 4.93839 44.21530 2.55576 -13
-0.71445 -0.12919 24.47159 0 0 4.00369 19.96714 0.95435 -13
1.14948 -0.05561 75.77856 0 0 1.76908 49.78060 2.42486 -13
-1.60886 -0.00452 33.96220 0 0 0.18988 17.92865 0.55612 13
-0.05000 -0.10279 39.96531 0 0 3.17013 39.91596 1.52110 13
0.43112 -0.19573 51.28774 0 0 5.97261 47.23444 1.97105 13
0.43112 -0.19573 51.28774 0 0 5.97751 47.23444 1.97105 13
0.02005 -0.02196 82.81511 0 0 0.73798 82.79848 1.59084 13
1.36210 -0.00214 39.56681 0 0 0.12465 23.41557 2.50831 13
