-1.95478 0.10739 15.66034 0 0 -3.22693 7.16411 0.47519 13
0.36451 0.13489 78.25560 0 0 -3.98174 73.60057 1.91744 -13
0.37366 -0.26452 78.25560 0 0 8.06724 73.60057 1.91745 -13
0.64916 0.06359 68.75021 0 0 -1.82819 57.69993 2.14566 -13
1.44233 -0.21570 68.52390 0 0 6.60049 39.64315 2.52467 -13
1.21992 -0.17490 78.55662 0 0 5.36628 50.24956 2.44754 -13
-0.75355 -0.16516 91.30665 0 0 5.05640 73.27388 0.93148 13
-0.26693 0.01746 44.70304 0 0 -0.43423 43.19130 1.30999 -13
0.19283 0.13001 3.43177 0 0 -3.68724 3.37081 1.75973 -13
0.19803 -0.26939 3.43177 0 0 8.37268 3.37081 1.75973 -13
0.34909 -0.15213 73.64859 0 0 4.67770 69.61921 1.90312 -13
-1.14504 0.07633 12.83034 0 0 -2.28072 8.45353 0.71932 13
-0.83097 0.11506 82.56720 0 0 -3.38185 63.67432 0.88069 -13
-0.82453 0.10703 32.30704 0 0 -3.12821 24.98404 0.88407 -13
0.06785 -0.19284 85.87232 0 0 5.90425 85.68238 1.63732 -13
0.18009 -0.11729 89.49983 0 0 3.62471 88.10153 1.74779 -13
0.57416 0.04381 56.44886 0 0 -1.23030 48.96509 2.09159 -13
-0.07815 -0.20041 19.02976 0 0 6.15408 18.97413 1.49432 -13
-0.71058 0.12704 98.43767 0 0 -3.75751 80.45722 0.95678 13
-0.73068 -0.27284 98.43767 0 0 8.30416 80.45722 0.95678 13
-1.04843 -0.14972 66.48402 0 0 4.60824 46.15193 0.76730 -13
-0.69823 -0.01828 83.09066 0 0 0.62559 68.13102 0.96134 13
-1.65330 -0.13370 73.14192 0 0 4.10097 38.10040 0.54791 13
-1.47991 -0.19115 20.43453 0 0 5.89197 11.58072 0.60259 -13
0.99941 0.14174 36.83936 0 0 -4.17554 26.18590 2.35093 -13
1.02178 -0.25736 36.83936 0 0 7.86376 26.18590 2.35093 -13
1.88130 -0.22951 64.92124 0 0 7.02249 31.08375 2.64231 -13
0.64492 0.03817 64.08178 0 0 -1.07909 53.86496 2.14326 13
0.20708 0.14666 42.63644 0 0 -4.33121 41.76863 1.77289 -13
0.21129 -0.25221 42.63644 0 0 7.70132 41.76863 1.77288 -13
-1.07580 0.09304 83.11189 0 0 -2.71678 56.71624 0.75105 -13
0.25026 -0.20548 71.92583 0 0 6.28707 69.85731 1.81120 -13
0.67543 -0.15345 82.60715 0 0 4.71707 68.70353 2.15945 -13
0.04585 0.12494 29.97048 0 0 -3.70316 29.93951 1.61626 13
0.04718 -0.27506 29.97048 0 0 8.36186 29.93951 1.61626 13
-0.08283 0.07945 85.02335 0 0 -2.30973 84.73498 1.48841 -13
0.12194 -0.00028 19.92012 0 0 0.11403 19.77364 1.69214 -13
-0.31183 0.04744 33.95831 0 0 -1.33463 32.42188 1.26884 -13
-0.29658 0.09598 98.38796 0 0 -2.81924 94.36152 1.28372 13
0.87155 -0.10275 91.02722 0 0 3.17363 68.77760 2.28507 13
-0.83242 -0.00400 6.31131 0 0 0.10120 4.85052 0.87660 13
-0.34474 0.10880 57.06146 0 0 -3.20994 53.97941 1.24062 13
0.70344 0.13905 25.39651 0 0 -4.13628 20.83735 2.17933 13
0.71992 -0.26022 25.39651 0 0 7.90599 20.83735 2.17931 13
-0.51021 -0.22518 76.35203 0 0 6.88159 68.35305 1.10895 -13
0.26493 0.06813 47.10075 0 0 -1.96302 45.53693 1.82921 -13
0.86818 0.01217 60.82809 0 0 -0.29625 45.93420 2.28572 13
2.01018 0.14219 23.91127 0 0 -4.15962 10.73541 2.67597 -13
2.05507 -0.25698 23.91127 0 0 7.87952 10.73541 2.67602 -13
1.36044 0.01274 67.05336 0 0 -0.31500 39.71523 2.50768 13
-0.54311 0.04406 8.74965 0 0 -1.18504 7.69059 1.07367 -13
-0.66989 -0.07559 92.33370 0 0 2.36780 76.77884 0.98188 -13
2.11460 -0.21541 25.05098 0 0 6.53106 10.91002 2.69103 13
8.27811 4.58797 25.05098 0 0 6.51930 10.91002 2.62561 13
-0.32202 0.00278 93.86349 0 0 0.00298 89.34528 1.25926 -13
0.05478 -0.19303 88.17832 0 0 5.90961 88.05104 1.62454 -13
0.65063 0.11769 80.16702 0 0 -3.47614 67.33262 2.14448 13
1.68346 -0.17836 47.75168 0 0 5.44261 24.67024 2.59869 13
-0.42555 -0.04621 28.59487 0 0 1.49376 26.31580 1.16884 -13
0.00934 0.07071 67.03454 0 0 -2.05797 67.03163 1.58011 13
-0.53746 -0.23685 2.12367 0 0 6.94905 1.88187 1.08893 13
-0.37962 -0.04898 25.46986 0 0 1.57902 23.81544 1.20838 -13
1.16211 -0.22577 30.30156 0 0 6.86509 20.04648 2.41872 13
-0.51519 0.11590 90.15477 0 0 -3.40990 80.25572 1.09779 -13
0.62634 -0.13077 10.75482 0 0 4.08125 9.13641 2.12655 -13
-0.36137 0.04297 10.06928 0 0 -1.16310 9.47093 1.22433 -13
1.04002 -0.14940 18.81672 0 0 4.62632 13.11627 2.37030 -13
1.59537 -0.11385 39.15091 0 0 3.53911 20.88903 2.57879 -13
-0.71094 -0.07122 7.43723 0 0 2.14843 6.06675 0.95396 13
-0.08569 -0.18098 82.04159 0 0 5.53431 81.75154 1.48668 13
0.44036 0.04998 29.55113 0 0 -1.40808 27.05026 1.98514 -13
-1.58499 0.04402 10.50108 0 0 -1.16362 5.60709 0.56328 -13
1.47665 -0.05743 98.82350 0 0 1.80484 55.47516 2.54556 13
0.52701 -0.22498 23.25466 0 0 6.84169 20.68121 2.04570 13
1.52320 -0.12252 74.09462 0 0 3.76476 40.87613 2.55723 13
-1.46679 -0.14067 11.33041 0 0 4.40071 6.42527 0.60295 -13
-0.25146 -0.21036 86.61022 0 0 6.42135 84.10133 1.32951 13
-0.45938 -0.13814 57.83088 0 0 4.23888 52.63699 1.14374 13
0.08797 -0.11500 84.72862 0 0 3.55576 84.40695 1.65797 -13
0.48006 -0.06365 62.88999 0 0 2.00975 56.71707 2.01757 -13
0.11896 -0.02932 89.42067 0 0 0.96050 88.79513 1.68914 13
0.72591 0.14411 6.93494 0 0 -4.17646 5.63211 2.19382 -13
0.74141 -0.25478 6.93494 0 0 7.86072 5.63211 2.19380 -13
-1.11217 -0.17175 57.13444 0 0 5.27516 38.50709 0.73958 -13
1.43907 0.07061 12.30427 0 0 -1.97856 7.03365 2.53314 -13
0.76728 0.00308 16.93656 0 0 0.02424 13.43682 2.22526 -13
-0.53216 0.12715 89.46069 0 0 -3.74786 79.11328 1.08507 -13
-0.54718 -0.27269 89.46069 0 0 8.31302 79.11328 1.08507 -13
0.15082 -0.18910 7.56896 0 0 5.85412 7.48714 1.71792 -13
-0.86407 0.10386 7.26242 0 0 -2.96541 5.50789 0.86084 -13
0.57389 0.44271 7.26242 0 0 -3.02847 5.50789 2.05406 -13
-0.98071 -0.62297 7.26242 0 0 -1.77483 5.50789 2.26498 -13
-1.18868 -0.26433 7.26242 0 0 -1.88829 5.50789 0.71608 -13
-0.07414 0.34193 7.26242 0 0 -0.67477 5.50789 1.64084 -13
-0.71560 0.08471 65.19605 0 0 -2.46480 53.08306 0.95137 -13
-0.03907 -0.11812 62.13439 0 0 3.65190 62.08767 1.53201 -13
-0.80574 0.12935 87.29114 0 0 -3.82721 68.19324 0.89662 13
-0.82777 -0.27040 87.29114 0 0 8.23049 68.19324 0.89662 13
1.92925 -0.00072 75.13652 0 0 0.11789 34.57654 2.66338 -13
-0.09425 -0.19576 40.90909 0 0 5.99904 40.73522 1.47857 -13
-0.40663 -0.22035 49.67220 0 0 6.73930 46.16540 1.19279 -13
0.85341 -0.11349 71.49307 0 0 3.51363 54.52740 2.27411 -13
-1.21883 0.03192 8.54306 0 0 -0.97409 5.42042 0.68734 13
0.14877 -0.20507 70.87178 0 0 6.26015 70.13091 1.71552 13
2.10843 -0.07061 71.68318 0 0 2.19508 30.78094 2.69776 13
0.92473 -0.08724 77.35003 0 0 2.72154 56.88947 2.31522 -13
-0.39768 0.11618 93.72699 0 0 -3.42919 87.17226 1.19459 13
-0.49925 -0.23341 1.52854 0 0 6.73791 1.37449 1.11827 13
-0.90586 0.13089 2.61592 0 0 -3.61427 1.94619 0.83897 -13
-0.92994 -0.26827 2.61592 0 0 8.44720 1.94619 0.83899 -13
0.78624 -0.05936 72.45841 0 0 1.86321 56.99906 2.23624 13
-0.53183 -0.13396 31.24229 0 0 4.10343 27.63763 1.08569 13
-0.43629 -0.01655 85.94905 0 0 0.58610 78.77955 1.15945 -13
0.08270 0.07360 17.24825 0 0 -2.16686 17.18989 1.65309 13
0.74675 0.07087 99.56872 0 0 -2.06258 79.85104 2.21101 13
1.60842 0.12511 23.37682 0 0 -3.73223 12.41282 2.58186 13
1.65508 -0.27494 23.37682 0 0 8.33186 12.41282 2.58183 13
0.08865 -0.21876 86.12231 0 0 6.67482 85.80132 1.65718 13
-1.37806 -0.08453 79.31699 0 0 2.64135 46.69228 0.62943 -13
0.30984 -0.11755 15.94173 0 0 3.65937 15.23671 1.86932 -13
-0.71244 -0.15266 92.21576 0 0 4.67950 75.39512 0.95721 13
-1.56839 -0.06188 22.47642 0 0 1.90769 12.10034 0.56847 13
-0.75916 -0.20962 87.27316 0 0 6.39773 70.05252 0.93179 13
-1.44477 -0.00737 92.36774 0 0 0.29425 52.56890 0.60545 13
0.69189 -0.12940 87.11127 0 0 3.97751 71.82768 2.17218 13
0.88004 0.13345 90.43982 0 0 -3.95135 68.15402 2.28810 13
0.90265 -0.26608 90.43982 0 0 8.09970 68.15402 2.28810 13
1.41973 0.05262 23.88532 0 0 -1.53989 13.76752 2.52730 13
-1.11940 -0.13815 14.84062 0 0 4.19985 9.93899 0.73382 13
0.79234 -0.22851 24.54876 0 0 6.94723 19.42747 2.22850 13
-0.42304 -0.24820 68.06063 0 0 7.57634 62.96066 1.18120 -13
1.02943 -0.15473 11.37745 0 0 4.81222 7.97559 2.36478 -13
0.70272 -0.16414 64.28503 0 0 5.02317 52.82675 2.17710 13
0.83684 -0.19666 3.86520 0 0 6.18449 2.98668 2.25828 -13
-0.34197 0.13653 31.99492 0 0 -4.05331 30.30275 1.24411 13
-0.35032 -0.26283 31.99492 0 0 7.99323 30.30275 1.24412 13
0.69813 -0.22467 9.52064 0 0 6.79047 7.86891 2.16876 13
1.03622 0.13195 18.22176 0 0 -3.93878 12.70971 2.36967 13
1.06358 -0.26782 18.22176 0 0 8.11403 12.70971 2.36970 13
1.92818 0.00174 21.67946 0 0 -0.02138 9.98092 2.66316 13
0.25822 -0.23738 30.52843 0 0 7.25829 29.60841 1.81694 -13
-0.16486 0.07779 76.93962 0 0 -2.27193 75.92087 1.40789 13
-1.10490 -0.02109 79.28083 0 0 0.72667 53.20671 0.73571 -13
1.25912 0.01835 48.85989 0 0 -0.45613 30.39006 2.47031 -13
-0.30188 -0.12031 37.58735 0 0 3.69686 36.00511 1.27960 13
-1.03065 0.05527 39.47459 0 0 -1.60360 27.50959 0.77107 13
1.79062 -0.20845 47.37386 0 0 6.34581 23.47439 2.62317 13
0.46513 -0.07242 85.92701 0 0 2.27201 77.94768 2.00516 -13
-0.33062 -0.19282 94.20372 0 0 5.89224 89.60038 1.25689 13
0.75480 -0.24101 10.20303 0 0 7.41729 8.22600 2.20384 -13
0.55549 -0.19575 27.39685 0 0 6.00704 24.05482 2.06990 -13
-0.47102 -0.22382 8.66222 0 0 6.76788 7.87056 1.13995 13
-1.16518 0.09436 12.46880 0 0 -2.70310 8.14164 0.71145 -13
0.03610 -0.18087 65.91368 0 0 5.52972 65.87217 1.60631 13
-1.04138 0.05311 40.93827 0 0 -1.50393 28.37586 0.76583 -13
0.32580 -0.07448 24.30595 0 0 2.30730 23.11632 1.88494 13
-0.52252 -0.11569 53.36149 0 0 3.58142 47.36143 1.09202 -13
0.19383 0.05927 14.07624 0 0 -1.74179 13.81981 1.76192 13
1.55851 -0.15532 61.54053 0 0 4.78139 33.51492 2.56569 -13
0.29399 -0.16186 69.03561 0 0 4.97105 66.30013 1.85325 -13
-0.24400 -0.00308 24.36945 0 0 0.15369 23.67488 1.33147 13
-0.29988 -0.17193 5.57726 0 0 5.17060 5.34837 1.28343 13
-1.06618 -0.05531 91.40860 0 0 1.75761 62.58405 0.75414 -13
0.70245 -0.22475 63.24056 0 0 6.85091 52.16545 2.17163 13
-0.11524 -0.09417 6.83633 0 0 2.85274 6.79180 1.45656 13
-0.70748 -0.12091 38.96274 0 0 3.71302 31.88417 0.95848 13
0.32154 -0.06050 95.31951 0 0 1.90099 90.75942 1.88136 13
-0.65367 -0.17219 7.57757 0 0 5.19648 6.37006 0.99851 13
-0.27986 -0.10115 70.25321 0 0 3.13974 67.67865 1.29923 -13
-0.50428 0.08639 17.26220 0 0 -2.49366 15.42516 1.10523 -13
2.13959 -0.03094 46.25840 0 0 1.03955 19.59440 2.70420 -13
-1.12990 -0.13433 89.04429 0 0 4.12444 59.30983 0.72892 13
-0.04539 -0.03195 9.11588 0 0 0.99183 9.10651 1.52546 13
1.23424 -0.23915 3.22426 0 0 7.04002 2.06291 2.44701 13
0.60510 0.07079 73.54596 0 0 -2.04695 62.96524 2.11385 -13
-0.11852 -0.13311 12.79763 0 0 4.13617 12.71016 1.45385 -13
0.56368 0.06050 29.99647 0 0 -1.76191 26.14256 2.08330 13
-2.06177 -0.18446 23.34213 0 0 5.69397 10.32534 0.45820 -13
1.03115 -0.15960 54.51585 0 0 4.88302 38.19811 2.36524 13
0.79817 0.03127 86.46880 0 0 -0.85467 67.59397 2.24418 -13
-0.72516 -0.09318 15.83191 0 0 2.92998 12.83570 0.94544 -13
-0.64294 0.09118 82.13628 0 0 -2.67640 69.17215 1.00128 13
-0.35678 -0.11011 65.23851 0 0 3.41047 61.48649 1.23000 -13
-0.05348 0.02511 25.23971 0 0 -0.65729 25.20370 1.51739 -13
0.66851 -0.23741 62.65862 0 0 7.23253 52.52538 2.14748 13
-0.53468 -0.00619 50.29648 0 0 0.25688 44.35455 1.07980 13
0.21293 -0.20087 94.59994 0 0 6.13507 92.60351 1.77660 13
-0.61870 0.04660 22.12438 0 0 -1.35152 18.81999 1.01723 13
-0.32948 -0.21586 78.75090 0 0 6.58601 74.95928 1.25923 13
-1.36553 -0.10482 11.28720 0 0 3.31318 6.69303 0.63469 -13
0.08481 -0.16859 46.92804 0 0 5.17727 46.76481 1.65423 -13
-0.65596 -0.02488 1.80634 0 0 1.14739 1.51062 0.99038 -13
-0.90169 0.01953 7.94229 0 0 -0.42611 5.89886 0.83714 -13
-0.06949 0.03220 45.26691 0 0 -0.90075 45.15813 1.50145 13
0.29426 -0.21717 1.45309 0 0 6.26858 1.39650 1.85080 13
0.40939 -0.19222 24.86099 0 0 5.85682 23.06610 1.95305 13
0.40818 0.38492 24.86099 0 0 5.80716 23.06610 1.93476 13
-0.18687 -0.02226 24.86099 0 0 7.42453 23.06610 1.75550 13
-2.34880 -0.56097 24.86099 0 0 5.88630 23.06610 0.45413 13
-1.46685 -0.07203 87.94787 0 0 2.24418 49.62767 0.59956 13
0.89101 -0.15677 42.84052 0 0 4.82548 32.15691 2.29260 -13
-1.95409 -0.18252 94.97757 0 0 5.57543 43.83256 0.47968 13
-1.92107 -0.09224 42.15688 0 0 2.83859 19.52999 0.48168 13
-0.34526 -0.03866 51.17550 0 0 1.23694 48.37742 1.23858 13
1.77889 0.11700 92.20734 0 0 -3.45879 45.41887 2.62656 13
-0.80266 -0.06240 53.17956 0 0 1.97572 41.50384 0.89538 -13
-0.52981 -0.02310 17.33699 0 0 0.74646 15.32033 1.08369 13
-0.27928 -1.59307 17.33699 0 0 0.87942 15.32033 1.71820 13
-0.35084 -0.24334 29.36200 0 0 7.43953 27.79174 1.24226 -13
-0.20372 0.05100 32.83001 0 0 -1.47270 32.17087 1.37008 13
0.92061 0.00685 70.00720 0 0 -0.13449 51.50533 2.31487 13
1.58225 0.10902 53.84081 0 0 -3.22556 28.88531 2.57530 13
-0.11566 0.01386 32.94666 0 0 -0.35219 32.72853 1.45566 13
1.18347 0.14161 81.34778 0 0 -4.19897 52.80627 2.43513 13
1.20999 -0.25751 81.34778 0 0 7.84029 52.80627 2.43512 13
0.69587 -0.17556 18.32252 0 0 5.34412 15.11300 2.17165 13
0.34484 0.02446 66.73666 0 0 -0.64899 63.09288 1.90277 -13
-0.13430 -0.10900 1.59838 0 0 3.06624 1.58430 1.43807 13
-1.55058 0.12161 61.96864 0 0 -3.60108 33.75990 0.57614 13
-1.59780 -0.27858 61.96864 0 0 8.46999 33.75990 0.57616 13
0.00062 0.09285 40.90101 0 0 -2.70735 40.90100 1.57142 -13
0.30126 0.05830 90.95228 0 0 -1.67175 87.09850 1.86294 -13
1.01939 -0.09365 34.66795 0 0 2.88620 24.33134 2.36361 13
-0.04298 -0.20790 19.21958 0 0 6.37910 19.20257 1.52874 -13
-0.13870 -0.01877 74.90502 0 0 0.64146 74.19499 1.43300 13
0.39938 0.02440 40.26063 0 0 -0.64185 37.39064 1.95066 -13
1.36637 -0.13148 47.36946 0 0 4.06518 28.13226 2.50571 -13
1.02670 -0.21377 39.58985 0 0 6.51168 27.93844 2.35820 13
-1.53498 0.06701 55.59309 0 0 -1.95707 30.39416 0.57844 13
0.32422 -0.15945 86.43574 0 0 4.88508 82.31912 1.88066 13
-0.79376 0.10411 15.38410 0 0 -3.10132 12.07495 0.90249 13
-0.91691 -0.20640 30.97277 0 0 6.32866 23.04505 0.83910 -13
-0.00132 -0.08620 63.24776 0 0 2.67387 63.24771 1.56949 13
-0.93772 -0.11032 80.28874 0 0 3.40041 58.73278 0.82055 13
-0.52921 -0.01871 41.93639 0 0 0.65896 37.06748 1.08413 -13
1.43936 -0.03890 98.88651 0 0 1.26310 56.45060 2.53404 -13
-0.06395 0.03556 65.26491 0 0 -0.99912 65.13202 1.50697 13
1.95291 -0.03318 7.83473 0 0 0.94854 3.57228 2.66812 13
1.46585 -0.05020 56.02837 0 0 1.61030 31.60238 2.54233 -13
-0.52838 -0.16096 65.03262 0 0 4.92819 57.65849 1.08997 13
0.55950 -0.22131 43.98683 0 0 6.77055 38.60247 2.07078 -13
-0.04861 -0.03311 21.40772 0 0 1.10276 21.38249 1.52225 -13
1.31032 0.05660 26.50441 0 0 -1.65621 16.09591 2.48894 13
-1.84185 -0.24883 56.36802 0 0 7.60586 27.52295 0.51010 -13
0.43921 -0.06092 95.20595 0 0 1.92451 87.19475 1.98396 -13
-0.08918 -0.15756 90.91587 0 0 4.82912 90.56515 1.48293 13
0.09126 -0.24651 15.36476 0 0 7.48137 15.30485 1.65918 13
1.52955 0.06414 63.74981 0 0 -1.83985 34.93543 2.56162 -13
-0.51757 0.11342 20.72337 0 0 -3.36634 18.42899 1.09580 13
1.36409 -0.11864 75.57672 0 0 3.66994 44.88642 2.50567 -13
-1.28429 0.13672 38.08300 0 0 -4.06478 23.53108 0.66607 13
-1.31559 -0.26266 38.08300 0 0 7.98091 23.53108 0.66608 13
1.70800 0.05087 44.55397 0 0 -1.43141 22.53261 2.61135 -13
0.43769 -0.21474 30.84091 0 0 6.57615 28.35391 1.97515 -13
1.26960 -0.05444 38.14290 0 0 1.74464 23.62277 2.47371 -13
0.65937 -0.12527 52.34676 0 0 3.87093 43.80461 2.15016 -13
-0.14490 0.09021 27.66881 0 0 -2.65807 27.38504 1.42747 13
1.64228 -0.24440 10.60034 0 0 7.54700 5.62956 2.58168 -13
-0.46123 -0.18002 50.04519 0 0 5.52278 45.56971 1.14468 -13
0.44094 -0.12322 45.74584 0 0 3.80902 41.90827 1.98331 -13
-0.41592 0.07421 94.57861 0 0 -2.15151 87.36161 1.17761 -13
0.22031 -0.16711 45.15290 0 0 5.13374 44.12310 1.78477 -13
-0.72838 0.01153 28.30839 0 0 -0.24483 22.88245 0.94131 -13
0.83114 -0.21081 97.01501 0 0 6.44717 75.26661 2.25357 -13
-0.67520 -0.23838 98.75723 0 0 7.27750 82.54489 0.98966 -13
0.94828 -0.05924 37.31187 0 0 1.85062 27.09717 2.32878 13
0.74744 0.02019 89.41065 0 0 -0.53447 71.62159 2.21256 13
-1.38959 -0.01470 23.09491 0 0 0.48832 13.49087 0.62383 13
-0.88405 0.06735 45.27268 0 0 -1.93517 33.95247 0.84799 -13
0.57656 -0.19328 38.86437 0 0 5.89627 33.82127 2.08590 13
-1.89434 -0.02765 2.21361 0 0 1.40231 1.03397 0.48587 -13
-0.43772 -0.17426 66.81615 0 0 5.34562 61.35488 1.16367 -13
0.30296 -0.18676 64.38582 0 0 5.72263 61.70738 1.86025 -13
0.48574 -0.06630 48.24433 0 0 2.09245 43.41383 2.02211 -13
0.02130 -0.03494 73.84953 0 0 1.12854 73.83279 1.59208 13
0.55256 -0.04871 79.23942 0 0 1.55776 69.37508 2.07510 -13
0.45043 -0.17557 28.94066 0 0 5.35852 26.45423 1.98835 13
-0.12735 -0.00052 49.30863 0 0 0.08705 48.91362 1.44413 13
0.31535 -0.07811 10.09109 0 0 2.38690 9.62662 1.87540 13
0.60813 0.09953 47.18664 0 0 -2.93351 40.37043 2.11499 13
0.85575 -0.18228 6.11302 0 0 5.69128 4.67666 2.27056 -13
0.01385 0.10234 55.71701 0 0 -2.99702 55.71172 1.58458 -13
-0.68568 -0.12300 75.07357 0 0 3.79881 62.06472 0.97325 -13
0.30123 -0.22240 6.66531 0 0 6.87497 6.39447 1.85678 -13
-0.77927 -0.08838 20.92314 0 0 2.71848 16.52797 0.91071 13
-1.04827 -0.09743 93.97811 0 0 3.01221 65.02996 0.76419 13
-0.04661 0.01188 63.17250 0 0 -0.28479 63.10400 1.52423 13
0.17205 0.04204 32.33522 0 0 -1.17132 31.86784 1.74103 -13
0.77139 -0.17314 64.13381 0 0 5.31344 51.05870 2.22072 -13
-0.59392 -0.06633 98.99565 0 0 2.07705 85.16405 1.03582 13
1.28914 0.05355 73.79654 0 0 -1.52294 45.27184 2.48115 -13
0.28615 -0.19439 42.63880 0 0 5.93337 41.05015 1.84463 13
0.44420 -0.08834 84.09632 0 0 2.75245 76.90408 1.98738 -13
1.67209 -0.04078 58.13306 0 0 1.29554 29.85694 2.60224 13
0.38561 -0.12631 8.26425 0 0 3.95291 7.71852 1.93619 -13
0.05279 -0.03985 17.92907 0 0 1.30989 17.90418 1.62350 -13
-0.09276 -0.05893 11.00018 0 0 1.81311 10.95332 1.47846 13
0.63699 -0.14480 4.58580 0 0 4.32023 3.87934 2.13328 13
1.54674 -0.08200 65.56490 0 0 2.54034 35.68114 2.56614 13
-0.77326 -0.08105 52.12944 0 0 2.53763 41.28913 0.91416 -13
-0.01416 -0.11774 62.90541 0 0 3.64104 62.89920 1.55674 -13
-0.65389 0.00228 7.39991 0 0 0.08852 6.19349 0.99169 -13
1.98066 -0.05487 33.68892 0 0 1.70563 15.20104 2.67344 13
-0.01813 0.09243 30.27463 0 0 -2.69089 30.26969 1.55274 -13
0.83291 0.13420 39.95648 0 0 -3.98374 30.81376 2.26090 13
0.85408 -0.26532 39.95648 0 0 8.06596 30.81376 2.26091 13
-1.15873 0.06091 9.82989 0 0 -1.68244 6.42934 0.71292 -13
1.95528 0.02088 70.80350 0 0 -0.53327 32.24584 2.66875 -13
0.01332 0.14066 78.56534 0 0 -4.16803 78.55850 1.58399 13
0.01363 -0.25851 78.56534 0 0 7.87249 78.55850 1.58399 13
0.19859 -0.19597 33.14379 0 0 6.00766 32.53181 1.76327 -13
0.76020 -0.10216 2.72992 0 0 2.93754 2.17723 2.21829 13
-1.07517 0.04293 61.08229 0 0 -1.22545 41.61998 0.74965 13
0.72958 -0.01207 5.03030 0 0 0.56492 4.06407 2.20107 -13
1.34200 0.13619 62.29350 0 0 -4.04036 37.44084 2.49679 13
1.37497 -0.26322 62.29350 0 0 8.00643 37.44084 2.49678 13
0.85940 -0.02977 56.10010 0 0 0.96713 42.55395 2.28051 13
-0.37948 0.00399 1.43970 0 0 -0.39621 1.34596 1.20811 13
0.79553 -0.09131 66.40844 0 0 2.82608 52.05256 2.24079 13
1.01488 -0.16643 71.76240 0 0 5.09216 50.71553 2.35675 13
-0.53998 0.89222 71.76240 0 0 5.17724 50.71553 1.18778 13
-0.02810 -0.11179 27.20426 0 0 3.46996 27.19363 1.54288 -13
0.33800 -0.07612 35.58123 0 0 2.39166 33.71773 1.89586 -13
-0.27287 0.07862 71.45202 0 0 -2.29724 68.94649 1.30519 13
1.09658 -0.16286 76.48389 0 0 5.00381 51.90382 2.39571 -13
1.16279 -0.06432 88.08342 0 0 2.01289 57.50270 2.43030 13
0.01617 -0.08296 23.78616 0 0 2.56286 23.78308 1.58691 13
1.09221 -0.07770 90.39308 0 0 2.43318 61.14121 2.39874 -13
0.20815 -0.01405 97.54230 0 0 0.49993 95.49583 1.77600 13
0.48723 -0.19164 97.07616 0 0 5.86729 87.56698 2.01711 -13
0.58537 0.03984 70.83836 0 0 -1.11256 61.14643 2.10004 -13
0.49782 0.09925 16.28841 0 0 -2.94636 14.59553 2.03075 13
-0.26226 -0.08738 15.69475 0 0 2.74815 15.18520 1.31524 -13
-1.26681 0.02369 91.49397 0 0 -0.62490 56.69971 0.66837 -13
-0.02665 -0.19700 23.77118 0 0 6.04569 23.76306 1.54465 -13
0.39104 0.07189 92.93573 0 0 -2.09315 86.58318 1.94268 13
1.39421 0.14645 99.08071 0 0 -4.32798 58.15208 2.51435 -13
1.42277 -0.25244 99.08071 0 0 7.70480 58.15208 2.51435 -13
-0.42550 0.12935 40.19130 0 0 -3.80751 37.02962 1.17149 -13
-0.43713 -0.27035 40.19130 0 0 8.25049 37.02962 1.17148 -13
0.24649 -0.14907 31.98857 0 0 4.59370 31.07844 1.80993 -13
0.61241 0.08822 44.31668 0 0 -2.59318 37.83227 2.11856 13
1.04161 -0.02993 40.70442 0 0 0.96665 28.19658 2.37635 13
-1.85117 0.10165 94.17031 0 0 -2.99532 44.93600 0.49744 13
-0.82377 -0.04897 43.79051 0 0 1.57312 33.81617 0.88232 -13
-1.53285 0.07756 32.82917 0 0 -2.28455 17.97490 0.57942 13
0.25684 -0.12669 81.85880 0 0 3.90903 79.32415 1.82029 -13
0.20799 0.05839 3.72172 0 0 -1.54302 3.64398 1.77553 -13
-0.38103 0.09805 85.16138 0 0 -2.88282 79.62820 1.20834 13
-0.83807 -0.21120 88.47627 0 0 6.45944 68.41580 0.88399 -13
0.28448 -0.04711 58.70935 0 0 1.49381 56.47348 1.84767 13
0.98685 0.01399 47.06996 0 0 -0.35591 33.50448 2.34953 13
0.24340 -0.21257 40.16676 0 0 6.50619 39.07469 1.80452 -13
0.94772 -0.05208 27.39971 0 0 1.67627 19.90029 2.32868 -13
-0.89851 -0.07409 24.48677 0 0 2.28897 18.23653 0.84017 13
0.89468 -0.04613 95.99885 0 0 1.46576 71.57809 2.30013 13
0.17368 0.05480 54.39886 0 0 -1.58072 53.59886 1.74251 13
-1.55130 -0.00136 14.24898 0 0 0.18386 7.72031 0.57258 -13
-0.12534 -0.02254 44.96953 0 0 0.77169 44.62056 1.44613 -13
0.20873 -0.21661 79.66032 0 0 6.60926 78.05278 1.77203 13
-1.75477 -0.11145 14.53986 0 0 3.51035 7.23242 0.52063 -13
0.79713 -0.09879 76.54087 0 0 3.05308 59.96482 2.24142 13
0.87869 0.07581 92.93522 0 0 -2.19903 69.90016 2.29029 -13
-0.20328 -0.15416 92.28511 0 0 4.73722 90.47724 1.37253 -13
1.20853 0.09614 38.78528 0 0 -2.79947 24.79275 2.44808 -13
0.33508 0.01087 23.52556 0 0 -0.22517 22.30669 1.89410 -13
0.30343 0.07508 24.20300 0 0 -2.16188 23.16564 1.86462 -13
-1.72372 -0.03692 26.38328 0 0 1.15706 13.24611 0.52598 13
0.91494 -0.20340 86.35620 0 0 6.20832 64.29672 2.30172 13
-1.27723 -0.08528 30.43586 0 0 2.68104 18.80504 0.66601 -13
0.48587 0.12650 53.17147 0 0 -3.72442 47.89761 2.01996 -13
0.49975 -0.27336 53.17147 0 0 8.33752 47.89761 2.01999 -13
0.67188 -0.02845 89.93138 0 0 0.94553 74.65691 2.16221 -13
0.73279 -0.08569 66.53803 0 0 2.65715 53.73911 2.20145 13
-0.83996 -0.12801 28.84511 0 0 3.96530 22.16130 0.87616 -13
-0.98081 -0.00023 10.32602 0 0 0.02333 7.37164 0.79509 13
-0.01627 -0.20196 14.91428 0 0 6.13879 14.91239 1.55485 13
0.89645 0.13202 81.19267 0 0 -3.90927 60.68867 2.29735 13
0.92002 -0.26757 81.19267 0 0 8.14467 60.68867 2.29736 13
0.48745 -0.14999 33.48756 0 0 4.58860 30.16583 2.01999 13
0.45942 -0.20365 65.93412 0 0 6.23267 60.12255 1.99380 -13
0.51823 -0.13280 83.53246 0 0 4.08023 74.30097 2.04536 13
-0.85471 -0.21498 16.53423 0 0 6.52615 12.68729 0.87471 13
0.10833 -0.13050 76.36214 0 0 4.02453 75.92537 1.67781 -13
-0.03860 0.05109 6.27149 0 0 -1.53667 6.26684 1.53227 13
0.11270 -0.07965 24.88279 0 0 2.50395 24.72719 1.68268 -13
1.43681 0.06460 11.46446 0 0 -1.79101 6.55801 2.53259 -13
-0.04553 0.02264 49.19738 0 0 -0.59160 49.14651 1.52531 -13
1.45666 -0.12739 75.90725 0 0 3.93465 43.19592 2.53622 -13
-0.38916 0.05624 9.15197 0 0 -1.55850 8.53097 1.20020 -13
-0.73375 -0.01980 23.40868 0 0 0.65222 18.87460 0.93787 13
0.64818 -0.12464 8.27837 0 0 3.91138 6.96226 2.14238 -13
1.43033 -0.12309 99.49681 0 0 3.80209 57.29767 2.52791 -13
-0.20305 -0.22223 99.81383 0 0 6.77995 97.90881 1.37512 13
0.95320 -0.11228 67.71727 0 0 3.45795 49.16234 2.32911 13
0.55904 0.13732 5.04424 0 0 -4.17214 4.41272 2.07658 13
0.57276 -0.26228 5.04424 0 0 7.87084 4.41272 2.07673 13
0.25917 0.12356 72.21330 0 0 -3.63913 69.93685 1.82256 -13
0.26687 -0.27647 72.21330 0 0 8.42892 69.93685 1.82255 -13
0.36766 -0.02680 73.70176 0 0 0.89554 69.17765 1.92300 -13
-1.72954 -0.06672 99.64693 0 0 2.08372 49.96030 0.52519 13
-0.25247 -0.04735 35.03235 0 0 1.49494 33.96875 1.32376 13
1.12834 0.04483 85.19015 0 0 -1.26259 56.53608 2.41592 -13
1.60380 -0.12494 67.24554 0 0 3.86394 35.77750 2.58058 -13
-0.12328 0.14632 34.61913 0 0 -4.31850 34.36447 1.44942 -13
-0.12578 -0.25252 34.61913 0 0 7.71473 34.36447 1.44944 -13
-3.15153 -2.62842 34.61913 0 0 7.79410 34.36447 0.72856 -13
2.64850 1.86438 34.61913 0 0 8.49533 34.36447 0.67401 -13
1.35716 -1.26227 34.61913 0 0 -3.31363 34.36447 0.87052 -13
1.06927 -0.95197 34.61913 0 0 7.78389 34.36447 2.22977 -13
-0.97494 -1.75734 34.61913 0 0 -3.29449 34.36447 2.02009 -13
-0.90422 1.88152 34.61913 0 0 -3.43046 34.36447 1.16946 -13
-15.23441 32.65547 34.61913 0 0 8.51166 34.36447 2.00712 -13
-2.94779 1.88110 34.61913 0 0 8.53331 34.36447 0.62580 -13
0.06908 0.05021 73.00870 0 0 -1.42640 72.83553 1.63968 -13
0.52813 0.06370 66.20616 0 0 -1.83213 58.56891 2.05586 -13
-0.13589 -0.04357 26.54118 0 0 1.41394 26.29996 1.43586 -13
0.02137 -0.16114 5.03133 0 0 4.83696 5.03022 1.59189 13
-0.16926 -0.14195 84.44212 0 0 4.35724 83.28090 1.40476 13
-1.39877 -0.22601 8.59278 0 0 7.00205 5.08010 0.63250 -13
1.33272 0.14007 53.04841 0 0 -4.15953 32.03561 2.49320 13
1.36340 -0.25912 53.04841 0 0 7.88157 32.03561 2.49319 13
0.28942 -0.09029 39.34984 0 0 2.81800 37.81054 1.85143 -13
0.44855 -0.02483 15.40138 0 0 0.86558 14.05313 1.99233 -13
-0.82809 -0.05557 88.66435 0 0 1.75029 68.33213 0.87992 13
-0.52339 0.02221 56.02731 0 0 -0.57880 49.64186 1.08871 -13
1.65845 -0.16501 43.16519 0 0 5.03690 22.50873 2.59303 13
-0.90995 -0.06779 52.67642 0 0 2.13714 39.00046 0.83365 -13
-0.93643 -0.14973 88.34691 0 0 4.60516 64.81998 0.82374 -13
1.29996 0.05181 78.71228 0 0 -1.49094 48.03319 2.48523 13
1.37263 -0.05196 77.94383 0 0 1.65969 45.93650 2.51133 -13
0.43997 0.07019 32.00097 0 0 -2.05306 29.30289 1.98437 13
-0.10924 -0.15012 45.60233 0 0 4.62082 45.33856 1.46318 -13
1.58695 -0.00365 84.05226 0 0 0.18020 44.81036 2.57930 13
0.64482 -0.22848 41.27998 0 0 6.95845 34.94803 2.13200 13
-1.91464 0.04827 79.07330 0 0 -1.36173 36.63973 0.48180 -13
0.91784 -0.02972 63.53567 0 0 0.98829 46.81754 2.31316 -13
-2.02472 0.02463 48.72401 0 0 -0.68949 21.58090 0.45887 13
-0.23859 -0.24614 35.93414 0 0 7.52192 35.00716 1.34314 -13
-1.70810 -0.17294 69.09980 0 0 5.28484 35.29545 0.53610 13
-0.40728 -0.20381 34.92394 0 0 6.21368 32.43644 1.19108 13
-0.07186 -0.18392 99.72156 0 0 5.62430 99.47347 1.50024 13
0.30497 -0.07804 73.00922 0 0 2.42849 69.85187 1.86596 13
-3.70023 -2.55535 73.00922 0 0 2.95597 69.85187 0.63810 13
0.18032 -1.53346 73.00922 0 0 4.12995 69.85187 1.47261 13
0.42489 0.04994 81.69135 0 0 -1.43142 75.20040 1.97213 13
-0.24815 0.00546 56.69294 0 0 -0.07462 55.02406 1.32756 -13
-0.38895 -0.03306 15.59409 0 0 1.04456 14.53443 1.20003 13
0.12740 -0.06131 52.92333 0 0 1.92142 52.50051 1.69728 13
0.15873 -0.15048 94.05358 0 0 4.62570 92.91587 1.72649 -13
-0.32941 0.02921 94.87931 0 0 -0.79437 90.11969 1.25271 -13
-1.98297 -0.10043 95.67285 0 0 3.12168 43.25251 0.46910 -13
1.02664 0.02762 89.12537 0 0 -0.74412 62.19972 2.36915 -13
-0.75552 -0.11181 63.55010 0 0 3.46385 50.81934 0.92676 -13
0.25455 -0.09545 10.78208 0 0 3.00832 10.45191 1.81898 -13
1.98499 -0.10661 45.01004 0 0 3.27264 20.34210 2.67265 13
0.01821 -0.14065 76.46834 0 0 4.31815 76.45592 1.58883 13
-1.97767 0.01809 58.99550 0 0 -0.44602 26.62463 0.46822 -13
-0.00252 -0.10999 89.03763 0 0 3.39350 89.03735 1.56829 13
0.40269 0.00665 23.87825 0 0 -0.14133 22.14981 1.95361 13
-0.23968 0.07952 22.55416 0 0 -2.33999 21.93683 1.33627 13
0.05630 0.07727 66.84477 0 0 -2.24208 66.73969 1.62687 -13
0.58706 0.01203 14.84792 0 0 -0.32012 12.80484 2.10161 13
-0.50745 0.06196 97.49875 0 0 -1.78203 86.97913 1.10198 -13
-0.09153 -0.02854 29.56631 0 0 0.92526 29.44337 1.47956 13
-0.40069 0.00165 65.61325 0 0 0.03923 60.90587 1.18970 -13
1.30089 -0.23916 79.61965 0 0 7.28582 49.37031 2.47274 13
1.08106 0.14138 46.22500 0 0 -4.16716 31.55525 2.39019 -13
1.10537 -0.25773 46.22500 0 0 7.87209 31.55525 2.39018 -13
0.25139 -0.21279 42.71161 0 0 6.51221 41.47625 1.81189 -13
-0.96913 0.14360 67.72987 0 0 -4.24026 48.87642 0.80617 -13
-0.99008 -0.25540 67.72987 0 0 7.79559 48.87642 0.80617 -13
-0.40305 -0.09888 33.75444 0 0 3.04809 31.32819 1.18934 13
-1.50770 -0.16829 50.21318 0 0 5.14058 28.02340 0.59209 13
-0.43962 -0.09586 88.38698 0 0 2.97935 80.97301 1.15829 -13
0.42729 -0.24964 78.63863 0 0 7.60479 72.64366 1.96380 13
0.17817 -0.04364 12.17423 0 0 1.35661 11.98581 1.74695 13
0.57136 0.00777 25.73751 0 0 -0.13163 22.34718 2.08988 -13
-0.11090 -0.23485 56.94255 0 0 7.15628 56.61358 1.46325 13
-1.03425 -0.14246 21.55861 0 0 4.34569 15.06299 0.77358 13
-0.76648 -0.19045 94.08779 0 0 5.81964 75.16414 0.92541 13
-0.72962 -0.07711 12.34079 0 0 2.36025 9.97943 0.94188 13
0.55415 0.01334 18.81359 0 0 -0.35136 16.45609 2.07679 13
0.41238 -0.20395 56.66853 0 0 6.24341 52.54144 1.95480 -13
-0.15823 0.00712 94.25631 0 0 -0.13868 93.09812 1.41387 13
-0.07291 -0.02738 38.03865 0 0 0.91995 37.93807 1.49804 -13
0.43545 -0.01442 95.63705 0 0 0.51038 87.68587 1.98145 13
-0.32803 0.01941 48.18696 0 0 -0.51497 45.78738 1.25388 13
0.05270 0.02543 10.19801 0 0 -0.73310 10.18388 1.62343 13
-0.48079 -0.09012 18.64860 0 0 2.77118 16.81963 1.12421 13
-0.79198 0.07408 54.82432 0 0 -2.16492 43.02353 0.90230 13
-0.27568 -0.06738 43.06965 0 0 2.12569 41.52741 1.30238 -13
-1.42727 0.03065 79.72469 0 0 -0.83253 45.76193 0.61137 -13
1.99162 -0.20955 36.54504 0 0 6.43338 16.68057 2.66759 -13
-0.95562 0.06351 86.09132 0 0 -1.84252 62.30100 0.80909 13
0.61757 -0.07686 37.38857 0 0 2.41533 31.83691 2.12272 -13
0.89339 -0.04661 78.82353 0 0 1.47862 58.81037 2.29941 13
1.69162 -0.02945 55.78494 0 0 0.98819 28.39714 2.60752 -13
0.01295 -0.13240 65.64545 0 0 4.08240 65.64004 1.58363 -13
1.14036 -0.19576 48.80507 0 0 5.97015 32.51845 2.41235 13
