-0.47438 -0.03548 65.34609 0 0 1.14347 59.04680 1.12810 13
-0.96669 0.11554 6.09499 0 0 -3.51925 4.39672 0.80565 13
-0.99877 -0.28516 6.09499 0 0 8.56143 4.39672 0.80555 13
0.82686 -0.18913 85.98084 0 0 5.79432 66.73259 2.25308 -13
-0.41091 -0.04649 21.79376 0 0 1.50800 20.16154 1.18130 -13
1.43609 -0.14665 19.24659 0 0 4.54868 11.07703 2.52833 -13
-1.10183 0.04281 93.27749 0 0 -1.20210 62.71935 0.73744 -13
-0.54456 0.12039 43.37854 0 0 -3.53799 38.15892 1.07515 -13
-0.56145 -0.27984 43.37854 0 0 8.53609 38.15892 1.07514 -13
0.11585 0.05570 70.75556 0 0 -1.59211 70.28693 1.68595 -13
1.50933 0.03502 45.29412 0 0 -0.99385 25.02745 2.55617 13
-0.27560 -0.18671 63.79734 0 0 5.72142 61.57779 1.30623 -13
1.13896 -0.06877 17.83223 0 0 2.11519 11.78088 2.41990 13
-0.51066 0.04023 73.62794 0 0 -1.12530 65.58401 1.09899 -13
-1.09666 -0.11442 58.56897 0 0 3.52034 39.60361 0.74257 13
-1.97996 -0.00385 78.84471 0 0 0.18352 35.54540 0.46769 13
0.09531 -0.04389 6.14291 0 0 1.48585 6.11527 1.66573 -13
0.97839 0.01483 97.50816 0 0 -0.37318 69.70110 2.34522 13
1.09453 -0.09571 24.78569 0 0 2.99720 16.75954 2.39903 -13
0.12765 0.03388 61.16227 0 0 -0.94825 60.67058 1.69769 13
-0.25618 -0.15076 40.75757 0 0 4.64040 39.50983 1.32270 -13
0.80725 0.07568 59.22559 0 0 -2.21247 46.13574 2.24855 13
-1.26887 0.06403 10.77183 0 0 -1.92302 6.67543 0.66844 13
1.66610 0.09713 49.93821 0 0 -2.86731 25.78821 2.59895 13
1.12469 0.05074 32.46162 0 0 -1.47206 21.58486 2.41417 13
0.99708 0.09429 99.24704 0 0 -2.76938 70.43571 2.35252 13
0.12323 0.06885 5.95615 0 0 -1.91479 5.91166 1.69312 -13
-0.45148 -0.00607 64.67144 0 0 0.27283 58.94286 1.14672 -13
-1.25381 -0.09801 2.77807 0 0 2.76177 1.73683 0.67559 13
-1.29819 0.06189 85.91440 0 0 -1.79468 52.49183 0.65729 13
-0.99207 -0.05457 73.11052 0 0 1.71821 51.94017 0.79012 13
0.83158 -0.22113 48.19218 0 0 6.73800 37.41264 2.25279 13
-1.48307 -0.08074 2.45338 0 0 2.88802 1.37491 0.59476 -13
1.03550 -0.14050 66.68202 0 0 4.30901 46.55605 2.36875 13
0.10876 -0.21296 24.65883 0 0 6.48468 24.52050 1.67677 13
0.09789 0.11326 34.41569 0 0 -3.32175 34.25401 1.66776 -13
-0.40035 -0.13091 75.96061 0 0 4.03718 70.60161 1.19291 -13
0.96798 0.03595 3.98668 0 0 -0.83285 2.86551 2.33960 -13
0.59952 -0.08836 44.31220 0 0 2.73375 38.04414 2.10915 13
0.35714 -0.22949 80.98207 0 0 7.01044 76.48081 1.90577 -13
0.18539 -0.02623 16.09030 0 0 0.84185 15.82086 1.75404 13
1.07794 0.08195 56.64642 0 0 -2.37805 38.59448 2.39201 -13
0.54894 -0.01114 59.23051 0 0 0.42657 51.92271 2.07280 -13
0.38100 -0.01894 80.33786 0 0 0.64610 75.07510 1.93476 13
0.19972 0.04888 27.47949 0 0 -1.41118 26.94850 1.76770 13
-0.11747 -0.11697 58.79288 0 0 3.61753 58.39674 1.45464 -13
0.39025 0.02846 2.03642 0 0 -0.52193 1.89711 1.94273 -13
-0.77673 0.07447 44.84451 0 0 -2.15101 35.45289 0.91174 -13
-1.57822 -0.03625 99.95180 0 0 1.16613 53.52244 0.56507 13
-1.66575 0.14287 68.21909 0 0 -4.24360 35.37308 0.54513 13
-1.70223 -0.25620 68.21909 0 0 7.79383 35.37308 0.54514 13
0.97928 -0.16554 88.48207 0 0 5.06794 63.63422 2.33897 13
-1.38072 -0.09883 18.83966 0 0 3.01809 11.08691 0.62914 13
-0.10126 0.12043 67.09133 0 0 -3.55903 66.75472 1.47059 13
-0.10441 -0.27984 67.09133 0 0 8.51479 66.75472 1.47058 13
-1.44955 -0.13573 15.21276 0 0 4.23287 8.69267 0.60817 -13
-0.15827 -0.01324 50.63350 0 0 0.48936 50.01112 1.41384 -13
0.37375 -0.05844 2.77660 0 0 1.65530 2.60151 1.92791 13
0.78965 -0.22509 25.59536 0 0 6.89694 20.27643 2.22721 -13
0.89961 -0.16434 14.05220 0 0 5.08743 10.50890 2.29678 -13
0.66132 -0.07124 66.87190 0 0 2.23905 55.82107 2.15392 -13
-1.12340 -0.06309 97.88187 0 0 1.97671 65.15298 0.72834 13
0.35242 0.09713 90.77009 0 0 -2.84384 85.65345 1.90816 -13
0.29130 -0.12059 30.25538 0 0 3.70260 29.06436 1.85232 13
-0.02052 -0.04969 11.71828 0 0 1.62108 11.71581 1.55030 -13
-0.76049 0.05982 47.69956 0 0 -1.71017 37.99240 0.92147 -13
0.29192 -0.13708 57.38442 0 0 4.22445 55.12506 1.85233 -13
-0.77220 -0.18506 66.33042 0 0 5.67351 52.82707 0.92137 -13
0.12628 0.04944 66.53895 0 0 -1.41722 66.01594 1.69626 13
-0.09630 -0.01926 79.89467 0 0 0.65608 79.52691 1.47481 13
-1.77947 -0.13378 16.79211 0 0 4.05483 8.28205 0.51578 13
0.73812 0.07509 71.04839 0 0 -2.19252 57.21908 2.20531 13
1.72190 0.01957 94.10847 0 0 -0.49880 47.26881 2.61536 -13
1.28532 0.13304 88.25668 0 0 -3.92309 54.49065 2.47615 -13
1.31854 -0.26646 88.25668 0 0 8.12816 54.49065 2.47614 -13
-0.19746 -0.15551 86.44896 0 0 4.77801 84.84900 1.37810 -13
1.20963 -0.22745 72.02813 0 0 6.95217 46.57978 2.43837 -13
-1.34493 0.04224 76.78775 0 0 -1.18194 45.84285 0.63978 -13
1.23857 -0.06265 96.09371 0 0 1.96293 60.43656 2.46141 13
0.64719 -0.01871 28.92811 0 0 0.66560 24.28685 2.14512 -13
0.88592 -0.04059 1.57312 0 0 1.72537 1.17817 2.29537 -13
1.50781 0.03809 23.83119 0 0 -1.03122 13.17808 2.55565 -13
0.04143 0.08736 17.73126 0 0 -2.58039 17.71620 1.61205 13
-0.12647 -0.13043 94.02081 0 0 4.01049 93.29009 1.44604 13
0.09281 -0.22355 81.18040 0 0 6.81803 80.84947 1.66112 13
-0.67662 -0.24134 23.78375 0 0 7.33524 19.87074 0.98900 13
0.25252 -0.11963 9.40580 0 0 3.74213 9.12345 1.81646 -13
-0.33120 -0.12148 35.21274 0 0 3.76073 33.45104 1.25314 -13
-0.12699 -0.08651 86.09674 0 0 2.69642 85.41579 1.44495 -13
-0.85281 -0.19061 91.55123 0 0 5.82399 70.17945 0.87347 13
-1.24920 0.12199 83.44353 0 0 -3.58911 52.38133 0.67866 -13
-1.28710 -0.27816 83.44353 0 0 8.48150 52.38133 0.67865 -13
-0.64179 -0.23696 27.61864 0 0 7.25197 23.42620 1.01256 -13
-0.25508 -0.08939 31.39576 0 0 2.79338 30.42895 1.32200 -13
0.53570 0.06556 69.57565 0 0 -1.88842 61.35905 2.06170 -13
1.24411 -0.05700 20.69307 0 0 1.83849 12.97714 2.46375 -13
-0.84982 -0.11616 89.58474 0 0 3.57891 68.45573 0.86971 13
-0.61108 0.03475 46.19033 0 0 -0.95509 39.42023 1.02254 -13
1.81993 0.05452 68.83137 0 0 -1.57732 33.18461 2.63853 13
-1.30334 0.07746 25.41229 0 0 -2.28475 15.49829 0.65590 13
0.46857 -0.15017 4.20042 0 0 4.47576 3.81083 2.00472 13
1.43317 -0.14129 51.88722 0 0 4.32597 29.88844 2.52773 13
-0.37523 -0.13436 14.65491 0 0 4.17052 13.73564 1.21476 -13
0.34100 0.09270 40.62693 0 0 -2.72745 38.46983 1.89813 13
0.44937 0.14196 37.00412 0 0 -4.18754 33.80856 1.98941 -13
0.45936 -0.25712 37.00412 0 0 7.85110 33.80856 1.98939 -13
1.19869 0.06412 28.19850 0 0 -1.88086 18.08541 2.44531 13
-1.44303 -0.23511 31.45943 0 0 7.20278 18.24435 0.61865 -13
1.98330 -0.14324 77.12905 0 0 4.38791 35.00713 2.67049 13
0.65958 0.07541 76.70253 0 0 -2.18596 64.08400 2.15258 -13
-0.26474 0.05850 74.12018 0 0 -1.69023 71.65992 1.31242 13
-0.53040 -0.12545 6.34403 0 0 3.78247 5.61415 1.08635 13
-1.57729 -0.03181 10.59170 0 0 0.95456 5.67371 0.56527 13
-1.69314 0.03860 50.05531 0 0 -1.10230 25.46916 0.53382 13
0.09375 -0.03334 37.02954 0 0 1.07461 36.86806 1.66422 13
-0.48229 0.11836 29.61507 0 0 -3.47144 26.70950 1.12413 -13
-0.91923 0.02226 47.62953 0 0 -0.57635 35.06943 0.82758 -13
0.31380 -0.05710 68.21963 0 0 1.81142 65.09971 1.87440 -13
0.03273 -0.24009 61.49770 0 0 7.31542 61.46657 1.60261 13
0.78681 -0.09233 55.00179 0 0 2.85506 43.29605 2.23538 13
-0.91081 0.14490 94.73463 0 0 -4.28310 70.36739 0.83721 -13
-0.93004 -0.25406 94.73463 0 0 7.75076 70.36739 0.83721 -13
-0.31413 -0.22408 78.48934 0 0 6.84704 75.04291 1.27336 -13
0.16860 0.09363 50.18911 0 0 -2.75289 49.49663 1.73711 13
-0.38613 -0.02356 82.70384 0 0 0.78559 77.15485 1.20239 13
0.78863 -0.16105 38.23687 0 0 4.92376 30.17053 2.23235 13
0.36821 -0.10058 85.97015 0 0 3.12124 80.72323 1.92197 -13
-0.35075 -0.04621 67.19903 0 0 1.48291 63.41903 1.23378 -13
0.66457 0.12643 6.98762 0 0 -3.64907 5.83386 2.15370 -13
0.68345 -0.27337 6.98762 0 0 8.41488 5.83386 2.15365 -13
1.25985 -0.08368 53.39483 0 0 2.59072 33.26754 2.46898 13
0.17454 0.02721 40.72335 0 0 -0.75133 40.11733 1.74353 13
-0.76112 0.02769 73.31477 0 0 -0.74669 58.34723 0.92040 -13
-0.98385 0.00456 52.38143 0 0 -0.06956 37.33967 0.79354 13
0.15352 -0.18938 60.96470 0 0 5.80117 60.28281 1.72051 -13
0.19825 -0.10937 64.83029 0 0 3.37232 63.60690 1.76538 13
-0.32590 -0.22303 11.05231 0 0 6.75984 10.53230 1.26283 13
1.52319 -0.18977 8.51440 0 0 5.91116 4.73057 2.55251 -13
0.72933 -0.01093 19.45037 0 0 0.37965 15.71530 2.20091 13
0.00886 -0.13948 31.00063 0 0 4.27277 30.99945 1.57957 13
-0.09280 -0.10721 52.07011 0 0 3.30560 51.84988 1.47879 13
-0.90190 0.10265 66.38783 0 0 -3.00507 49.41500 0.83954 -13
2.15361 -0.00765 18.22613 0 0 0.25131 7.67579 2.70687 13
1.13586 -0.22586 87.50477 0 0 6.90309 58.62964 2.40736 -13
0.36950 -0.23879 45.00146 0 0 7.27198 42.34942 1.91582 13
-0.58495 0.02324 38.19293 0 0 -0.63468 32.96914 1.04163 13
1.60829 0.12341 25.31742 0 0 -3.67864 13.44170 2.58192 13
1.65613 -0.27669 25.31742 0 0 8.38917 13.44170 2.58191 13
2.02889 0.07305 76.00804 0 0 -2.13730 33.67524 2.68260 13
-0.35180 -0.04034 52.27599 0 0 1.28847 49.31775 1.23277 13
0.06462 -0.19120 13.46343 0 0 5.81128 13.43640 1.63418 13
-1.01591 -0.13085 67.96610 0 0 4.03807 47.88366 0.78175 -13
-0.15985 0.09633 28.05893 0 0 -2.84275 27.71040 1.41301 13
1.41922 -0.10141 44.04103 0 0 3.12037 25.45400 2.52537 13
0.48955 -0.12774 69.75601 0 0 3.92700 62.74891 2.02286 13
0.56377 -0.18904 48.94516 0 0 5.79506 42.81472 2.07667 -13
0.97222 0.14151 6.74178 0 0 -4.08463 4.85682 2.33716 -13
0.99410 -0.25810 6.74178 0 0 7.95625 4.85682 2.33712 -13
-0.29873 -0.13934 55.24062 0 0 4.29337 52.97069 1.28313 -13
-0.27605 -0.22607 12.24901 0 0 6.94676 11.82790 1.30778 -13
-0.62107 0.06067 18.49879 0 0 -1.78070 15.72280 1.01585 13
0.75131 0.11930 86.27882 0 0 -3.52413 69.15476 2.21174 13
0.77492 -0.28105 86.27882 0 0 8.55225 69.15476 2.21174 13
0.18873 -0.18761 50.42014 0 0 5.73096 49.57448 1.75420 13
1.05452 -0.15548 49.00047 0 0 4.75725 33.92852 2.37676 13
-0.84247 -0.02183 42.81560 0 0 0.72490 32.74720 0.87081 13
0.54411 -0.01005 56.92481 0 0 0.37492 50.00323 2.06908 13
0.31132 -0.24614 12.38520 0 0 7.55144 11.85547 1.86436 -13
0.14075 0.01402 69.77064 0 0 -0.34883 69.08978 1.71061 13
-0.35468 -0.07296 38.68218 0 0 2.29569 36.46785 1.23080 -13
-0.02301 -0.23229 42.13657 0 0 7.07682 42.12599 1.54839 13
-0.51579 -0.18464 84.84429 0 0 5.65777 75.66736 1.10140 -13
-1.24043 -0.03417 19.88241 0 0 1.15365 12.48234 0.67878 -13
0.64536 -0.14610 22.13413 0 0 4.46206 18.65476 2.13910 13
1.22864 0.00700 2.86760 0 0 0.13912 1.81037 2.45842 -13
0.60380 0.03811 32.79745 0 0 -1.08506 28.08180 2.11368 13
0.71471 -0.10387 78.38321 0 0 3.22211 63.88549 2.18879 -13
-1.07275 -0.14469 94.35174 0 0 4.43841 64.69123 0.75548 13
-0.99830 -0.23977 54.83768 0 0 7.32731 39.34668 0.80022 -13
0.36460 -0.15620 30.85478 0 0 4.77576 29.02852 1.91656 13
-0.27124 -0.22545 56.49957 0 0 6.87281 54.61989 1.31213 13
-0.42865 -0.09534 21.98398 0 0 2.98195 20.22024 1.16748 -13
-0.00543 -0.21581 86.37238 0 0 6.58505 86.37117 1.56549 13
1.47828 -0.16971 83.49092 0 0 5.21124 47.23591 2.54023 -13
-0.72056 -0.20538 60.24424 0 0 6.28651 49.21911 0.95617 -13
1.85464 0.04963 43.80236 0 0 -1.43959 20.80912 2.64657 13
-0.25930 -0.23119 33.39865 0 0 7.07064 32.38126 1.32334 -13
-1.50540 -0.02285 91.31954 0 0 0.76091 50.53850 0.58647 13
0.45255 0.12229 12.92690 0 0 -3.56786 11.79195 1.99299 -13
0.46622 -0.27781 12.92690 0 0 8.50313 11.79195 1.99299 -13
0.42756 -0.21517 63.29251 0 0 6.58075 58.39640 1.96672 -13
-0.28670 -0.18210 88.60894 0 0 5.56829 85.28141 1.29587 13
-0.00288 -0.20725 56.43227 0 0 6.34233 56.43205 1.56798 -13
0.71252 -0.18569 42.74547 0 0 5.66785 35.01012 2.18189 13
-0.07955 -0.13545 35.29968 0 0 4.15326 35.19055 1.49213 13
-1.72097 -0.09222 9.59808 0 0 2.76765 4.83671 0.52822 13
0.68248 0.10885 76.67511 0 0 -3.19453 63.44931 2.16693 -13
1.32515 -0.14732 28.31661 0 0 4.55398 17.17326 2.48996 -13
1.26244 0.13448 60.81060 0 0 -3.98765 37.96665 2.46731 13
1.29435 -0.26502 60.81060 0 0 8.06166 37.96665 2.46730 13
-0.96889 0.13728 16.30128 0 0 -4.10203 11.75967 0.80586 13
-0.99230 -0.26217 16.30128 0 0 7.94275 11.75967 0.80587 13
-0.04845 -0.09355 37.86418 0 0 2.91561 37.82018 1.52259 -13
0.57523 -0.06502 72.02693 0 0 2.05011 62.46675 2.09189 -13
-0.94236 0.03162 79.70448 0 0 -0.88120 58.01998 0.81531 13
0.21848 -0.04859 93.86855 0 0 1.55198 91.71033 1.78565 -13
0.91612 -0.12197 4.07581 0 0 3.92453 3.01563 2.30877 -13
-0.60309 0.13863 93.84366 0 0 -4.09476 80.56349 1.03231 -13
-0.61734 -0.26061 93.84366 0 0 7.94868 80.56349 1.03230 -13
0.78196 0.07918 7.22496 0 0 -2.39224 5.69974 2.23292 13
0.00782 -0.15831 18.18881 0 0 4.88567 18.18827 1.57852 -13
-0.41723 -0.09025 34.86358 0 0 2.78854 32.19477 1.17696 13
-0.01937 -0.08832 10.63093 0 0 2.70221 10.62896 1.55151 13
-0.26170 -0.09820 27.42728 0 0 3.02442 26.54198 1.31601 13
0.95998 -0.21765 98.90911 0 0 6.64040 72.13902 2.32422 13
-0.08978 0.07958 59.41713 0 0 -2.32759 59.18061 1.48153 13
-0.05107 -0.10287 77.44627 0 0 3.19069 77.34650 1.52004 -13
0.10794 -0.06998 36.61727 0 0 2.17856 36.40672 1.67806 13
-0.36763 -0.08585 79.32429 0 0 2.66414 74.48504 1.21969 13
-0.68141 -0.06586 88.56471 0 0 2.07438 73.23876 0.97366 -13
1.79437 0.12399 54.54761 0 0 -3.67726 26.70860 2.62991 13
1.84740 -0.27606 54.54761 0 0 8.38945 26.70860 2.62993 13
0.09157 -0.21139 67.13289 0 0 6.45114 66.86511 1.66014 13
-0.90517 -0.18608 91.19718 0 0 5.68732 68.12735 0.84359 13
-1.14904 0.02949 11.39878 0 0 -0.87360 7.48553 0.71637 13
0.03441 -0.05832 70.80285 0 0 1.83382 70.76111 1.60513 13
-1.39544 -0.08878 20.86864 0 0 2.71776 12.18760 0.62365 13
0.43237 0.02486 41.90950 0 0 -0.65601 38.46964 1.97878 -13
-1.31668 -0.01841 9.92777 0 0 0.55641 6.00535 0.64963 13
-1.67772 -0.10435 99.06999 0 0 3.21949 50.92662 0.53989 13
-0.45001 -0.06944 56.79331 0 0 2.16661 51.81172 1.14883 13
-1.12042 -0.17221 60.57481 0 0 5.26429 40.66288 0.73593 13
-0.15136 0.14880 26.60094 0 0 -4.38888 26.30779 1.42218 -13
-0.15432 -0.24997 26.60094 0 0 7.64130 26.30779 1.42219 -13
-0.95108 -0.21281 47.93979 0 0 6.51530 35.10032 0.82152 -13
-1.88427 -0.00760 11.84125 0 0 0.22173 5.55084 0.48792 13
0.59148 0.13849 81.61581 0 0 -4.08951 70.41997 2.10077 -13
0.60547 -0.26076 81.61581 0 0 7.95416 70.41997 2.10077 -13
0.08086 -0.18032 20.51007 0 0 5.54436 20.44546 1.65020 -13
-0.09912 0.04473 5.50003 0 0 -1.18026 5.47328 1.47209 -13
-0.50528 -0.24056 72.51787 0 0 7.34498 65.08786 1.11416 -13
-0.72281 0.13160 61.56205 0 0 -3.87873 50.03929 0.94900 -13
-0.74192 -0.26798 61.56205 0 0 8.17534 50.03929 0.94899 -13
-0.04991 0.00317 98.70365 0 0 -0.00941 98.58090 1.52092 -13
0.79714 -0.09549 19.99161 0 0 2.93025 15.65995 2.24158 13
2.13250 -0.04960 40.46530 0 0 1.60510 17.19756 2.70263 -13
0.02401 0.01689 88.29096 0 0 -0.42308 88.26553 1.59480 -13
0.60357 0.12178 91.26675 0 0 -3.58566 78.28974 2.11059 -13
0.62192 -0.27839 91.26675 0 0 8.48542 78.28974 2.11058 -13
0.88431 0.07020 6.81476 0 0 -2.12904 5.11062 2.29365 13
-0.15866 0.13257 63.55940 0 0 -3.92553 62.78751 1.41479 13
-0.16280 -0.26699 63.55940 0 0 8.12762 62.78751 1.41478 13
-1.18223 -0.14946 86.21385 0 0 4.58094 56.03588 0.70754 13
1.29339 -0.15498 89.58870 0 0 4.76195 55.20483 2.47768 -13
1.29339 -0.15498 89.58870 0 0 4.76582 55.20483 2.47768 -13
-0.67301 0.05337 82.68782 0 0 -1.53547 68.62913 0.97907 13
-1.48881 -0.02960 39.78565 0 0 0.95147 22.18977 0.59167 13
-0.10169 -0.16519 20.62585 0 0 5.08815 20.52280 1.47080 -13
-0.79439 0.12285 61.48379 0 0 -3.61489 48.28130 0.90313 -13
-0.81820 -0.27724 61.48379 0 0 8.45371 48.28130 0.90313 -13
0.07017 0.05961 39.76843 0 0 -1.72875 39.67123 1.64073 13
-0.24105 -0.18448 91.09089 0 0 5.64034 88.63466 1.33804 13
0.35628 0.13082 79.14278 0 0 -3.87089 74.62324 1.91038 13
0.36581 -0.26884 79.14278 0 0 8.18435 74.62324 1.91038 13
-0.64746 -0.19764 14.13099 0 0 6.08672 11.92838 1.00492 -13
1.37458 -0.11940 84.24881 0 0 3.69337 49.79160 2.50928 -13
-0.61772 -0.03385 29.31576 0 0 1.08263 24.94490 1.01771 13
-0.20772 -0.23577 25.24448 0 0 7.21437 24.74370 1.37131 -13
-1.18244 0.06511 99.36703 0 0 -1.87535 64.24533 0.70304 -13
-1.91174 -0.03718 76.04046 0 0 1.21701 35.26414 0.48223 -13
0.03351 0.07760 56.95186 0 0 -2.25050 56.92012 1.60419 -13
-0.26836 0.04771 24.43676 0 0 -1.33768 23.60337 1.30890 -13
0.66349 -0.02059 7.46543 0 0 0.62543 6.22115 2.15650 13
-0.81227 -0.14628 86.25610 0 0 4.48660 67.23285 0.89379 13
-0.59049 0.08336 85.62580 0 0 -2.43978 73.79687 1.03891 13
-1.27409 0.14504 92.11591 0 0 -4.30175 57.23976 0.67051 13
-1.30092 -0.25393 92.11591 0 0 7.73270 57.23976 0.67051 13
0.03517 -0.23228 35.60963 0 0 7.07364 35.58877 1.60504 13
0.17039 -0.05580 28.44068 0 0 1.78185 28.03788 1.73930 -13
-1.90081 0.13055 55.98182 0 0 -3.83751 26.23670 0.48779 -13
-1.95185 -0.26914 55.98182 0 0 8.21869 26.23670 0.48780 -13
-0.05492 -0.00538 3.77235 0 0 0.37080 3.76668 1.51593 -13
0.08310 -0.20492 3.77235 0 0 -0.37528 3.76668 1.48957 -13
-0.58020 0.11492 27.52440 0 0 -3.36525 23.84690 1.04791 -13
-0.84003 -0.00925 18.71619 0 0 0.32664 14.33119 0.87214 13
-0.98466 -0.06617 29.51192 0 0 2.05502 21.05126 0.79422 13
0.10126 -0.19246 98.43804 0 0 5.89205 97.95497 1.66991 -13
0.19413 -0.07873 49.56349 0 0 2.44604 48.66057 1.76196 13
0.44380 0.09141 75.37849 0 0 -2.68348 68.94515 1.98694 13
1.11128 0.13843 59.13532 0 0 -4.10681 39.76254 2.40413 13
1.13760 -0.26087 59.13532 0 0 7.93664 39.76254 2.40412 13
-1.88344 -0.06893 15.78729 0 0 2.09673 7.41687 0.48908 13
0.98088 -0.10619 59.29607 0 0 3.27309 42.44737 2.34374 13
-0.89700 0.07892 77.81689 0 0 -2.29128 58.00718 0.84118 -13
-0.25514 0.07970 76.15447 0 0 -2.32962 73.80477 1.32174 13
-1.42979 0.08071 47.40154 0 0 -2.37187 27.22678 0.61185 13
-1.00873 -0.18461 12.64326 0 0 5.70830 8.97596 0.78943 -13
-0.77702 0.05876 6.36889 0 0 -1.59470 5.03249 0.91106 -13
-0.47067 -0.10637 10.37607 0 0 3.34013 9.39782 1.13305 -13
1.53292 -0.04000 29.97691 0 0 1.25723 16.38791 2.56320 13
1.95801 -0.22123 24.77427 0 0 6.71113 11.48247 2.65966 13
1.24202 0.06560 49.96610 0 0 -1.91369 31.37609 2.46268 13
0.46477 0.08817 14.95398 0 0 -2.54134 13.56993 2.00439 -13
-0.30787 -0.14371 31.23826 0 0 4.43414 29.88150 1.27500 -13
-1.91468 0.07448 87.87360 0 0 -2.17704 40.76845 0.48245 13
1.10746 0.09177 74.24370 0 0 -2.69692 49.87108 2.40505 13
-0.16862 -0.14050 44.09530 0 0 4.30759 43.49315 1.40534 13
-0.18181 -0.18060 86.48418 0 0 5.52394 85.13226 1.39375 13
-1.05969 -0.06100 37.88299 0 0 1.90372 26.02501 0.75735 13
-0.04244 0.09377 24.97852 0 0 -2.72818 24.95625 1.52857 -13
-0.20238 -0.15726 30.53862 0 0 4.84131 29.94591 1.37348 -13
0.58234 -0.14527 22.65747 0 0 4.43825 19.63075 2.09360 13
0.92123 -0.00617 36.85612 0 0 0.28501 27.10725 2.31521 -13
0.16881 -0.18874 52.87485 0 0 5.76504 52.16212 1.73518 13
0.07145 0.02478 74.71344 0 0 -0.67258 74.52354 1.64211 13
0.40095 0.09296 31.67371 0 0 -2.73977 29.41605 1.95063 13
1.73273 -0.20513 92.80181 0 0 6.25836 47.10673 2.60920 13
-0.04433 -0.05600 82.29956 0 0 1.76447 82.21906 1.52657 13
1.56089 0.04600 68.16618 0 0 -1.29293 36.79943 2.57133 -13
-1.26970 0.11034 3.34536 0 0 -3.00557 2.07722 0.67007 -13
-1.00821 -0.24766 78.11808 0 0 7.54235 55.83192 0.79619 13
-0.74311 0.05125 51.50640 0 0 -1.45277 41.36065 0.93235 -13
0.82590 0.02465 4.21626 0 0 -0.80727 3.25127 2.26098 13
-0.55069 0.11534 57.21008 0 0 -3.40681 50.19019 1.07021 13
-0.93966 0.02882 92.85974 0 0 -0.79538 67.68478 0.81670 13
0.51872 0.08267 25.66078 0 0 -2.43382 22.79465 2.04791 13
-0.94953 -0.11868 46.67932 0 0 3.67529 33.96227 0.81477 -13
1.19476 0.05889 11.28356 0 0 -1.76366 7.24956 2.44385 13
0.75696 0.04039 72.06880 0 0 -1.12906 57.47949 2.21834 -13
0.12245 -0.12378 81.54148 0 0 3.80918 80.94600 1.69173 13
-0.25739 -0.18905 6.70381 0 0 5.86218 6.49910 1.32308 -13
-1.37281 -0.01325 69.03801 0 0 0.46811 40.65195 0.62959 13
0.03777 0.09806 71.34918 0 0 -2.88375 71.29882 1.60837 13
-1.64712 -0.04964 91.06282 0 0 1.58873 47.30129 0.54618 -13
0.36424 0.04977 42.19628 0 0 -1.43102 39.65373 1.91970 13
-0.38885 -0.05647 77.30703 0 0 1.77815 72.06688 1.20048 13
-0.15055 -0.10055 87.92991 0 0 3.12000 86.95960 1.42210 -13
-0.36789 0.13366 64.03822 0 0 -3.95907 60.16334 1.22114 13
-0.37732 -0.26586 64.03822 0 0 8.09171 60.16334 1.22113 13
-0.59493 -0.04651 79.85447 0 0 1.47711 68.64696 1.03459 13
-0.30935 -0.17481 54.34948 0 0 5.36330 51.98914 1.27500 -13
-0.25526 0.01620 36.61186 0 0 -0.42010 35.47466 1.32091 13
-1.10436 -0.09063 91.57662 0 0 2.82320 61.60587 0.73788 -13
0.06370 0.06263 10.67072 0 0 -1.85462 10.64924 1.63429 13
-0.42661 0.09311 97.65815 0 0 -2.72193 89.88498 1.16912 -13
0.36171 0.08669 39.95866 0 0 -2.54684 37.59250 1.91667 13
0.51539 0.05310 45.34452 0 0 -1.53241 40.31816 2.04611 13
-0.24368 -0.14217 80.42715 0 0 4.36383 78.18409 1.33406 13
-0.17219 0.07603 25.15047 0 0 -2.19348 24.78768 1.40076 -13
-0.79208 0.01125 88.71904 0 0 -0.25140 69.54744 0.90093 -13
0.16146 -0.23752 25.51172 0 0 7.26613 25.20259 1.72661 -13
-0.86762 0.00002 66.83846 0 0 0.07129 50.48539 0.85616 13
1.17268 -0.11338 73.21689 0 0 3.51075 47.68288 2.43235 -13
-1.34013 -0.00607 71.80141 0 0 0.25307 42.94100 0.64107 13
1.48020 0.07577 72.93076 0 0 -2.21602 40.90733 2.54611 13
-0.60478 -0.13090 48.91835 0 0 4.04142 41.95373 1.03062 -13
0.02651 -0.12731 46.80217 0 0 3.93197 46.78597 1.59709 -13
-1.85414 -0.21337 56.57115 0 0 6.49824 27.31882 0.50397 13
0.73033 0.12356 95.28348 0 0 -3.63938 77.14889 2.19799 -13
0.75201 -0.27649 95.28348 0 0 8.42834 77.14889 2.19799 -13
-0.93793 0.04691 28.52754 0 0 -1.35830 20.81833 0.81796 13
-0.58751 -0.00446 67.96262 0 0 0.20768 58.59805 1.03961 13
1.69037 -0.18700 99.27919 0 0 5.73186 51.19337 2.59982 -13
1.98188 0.03830 54.29506 0 0 -1.05395 24.47343 2.67400 -13
-1.47104 -0.15805 87.94785 0 0 4.85840 49.86050 0.60278 -13
1.71450 -0.08880 8.54618 0 0 2.65392 4.31888 2.61186 13
0.83830 -0.12269 93.11826 0 0 3.78897 71.58015 2.26478 -13
-0.20268 0.02684 55.56885 0 0 -0.71963 54.46238 1.37090 -13
0.74505 0.00041 57.52686 0 0 0.05861 46.13086 2.21112 13
0.87862 0.13672 63.89333 0 0 -4.05340 48.19087 2.28709 13
0.90002 -0.26265 63.89333 0 0 7.99288 48.19087 2.28707 13
-1.58394 0.03672 70.89000 0 0 -1.03895 37.86291 0.56345 13
-0.23221 0.05402 52.62537 0 0 -1.55758 51.26531 1.34295 13
1.06578 -0.24213 34.37275 0 0 7.40721 23.87280 2.37380 -13
-1.48249 -0.08128 55.54874 0 0 2.51698 31.13319 0.59496 13
-0.38095 -0.23461 86.66285 0 0 7.16453 81.25433 1.21564 -13
0.02203 -0.21240 19.35508 0 0 6.46223 19.35060 1.59235 13
0.94742 -0.04939 67.53843 0 0 1.56079 49.05660 2.32859 13
-0.22442 0.13843 16.67789 0 0 -4.06335 16.28044 1.35205 -13
-0.22976 -0.26072 16.67789 0 0 7.98000 16.28044 1.35203 -13
0.69823 0.13414 56.58011 0 0 -3.95445 46.52615 2.17616 -13
0.71597 -0.26532 56.58011 0 0 8.09525 46.52615 2.17615 -13
0.10606 0.10039 43.47522 0 0 -2.93548 43.23510 1.67594 -13
0.32251 -0.01454 42.48850 0 0 0.50760 40.43779 1.88275 13
-0.72826 0.04799 67.86776 0 0 -1.35734 54.88326 0.94190 -13
0.24479 0.07812 36.49892 0 0 -2.26160 35.45835 1.81017 -13
-1.04770 0.06231 22.99125 0 0 -1.83024 15.89049 0.76307 13
-0.09056 -0.12549 32.47693 0 0 3.85208 32.34659 1.48118 13
-1.75259 -0.20811 65.96298 0 0 6.34393 33.21374 0.52768 13
0.37241 -0.20491 49.14925 0 0 6.25112 46.17277 1.92062 13
-1.42014 -0.13213 25.68724 0 0 4.03301 14.87511 0.61759 13
-1.10258 -0.17297 62.10249 0 0 5.28768 42.05884 0.74399 13
1.42039 -0.10059 61.97642 0 0 3.12902 35.79793 2.52579 -13
0.56376 -0.18361 92.27630 0 0 5.61392 80.70031 2.07708 13
-0.07701 -0.23130 36.01722 0 0 7.07343 35.91620 1.49590 -13
1.14379 -0.18374 96.15376 0 0 5.63136 63.88290 2.41493 -13
-0.62153 0.01916 63.13160 0 0 -0.50597 53.62174 1.01478 13
-0.04261 0.02034 66.54998 0 0 -0.52542 66.48965 1.52822 -13
0.02874 -0.09736 3.08285 0 0 2.86398 3.08159 1.59939 13
0.15311 0.13344 22.19088 0 0 -3.92144 21.93971 1.72141 -13
0.15704 -0.26600 22.19088 0 0 8.12947 21.93971 1.72141 -13
0.02832 -0.14870 85.08934 0 0 4.57269 85.05599 1.59880 -13
0.27700 0.08947 22.45086 0 0 -2.64002 21.64227 1.84000 13
0.77742 -0.10718 25.32851 0 0 3.33975 20.03996 2.22885 -13
-1.19429 -0.24716 45.87260 0 0 7.55471 29.96167 0.71172 -13
0.00867 -0.12451 52.60240 0 0 3.84607 52.60045 1.57940 -13
-0.86212 -0.04920 44.05614 0 0 1.57959 33.38471 0.85990 -13
-1.42733 0.38342 44.05614 0 0 1.54347 33.38471 0.64372 -13
0.49555 -0.38529 44.05614 0 0 2.35070 33.38471 1.13767 -13
1.35724 0.03700 13.44267 0 0 -1.09596 7.97732 2.50627 13
0.87963 -0.11792 91.01166 0 0 3.64563 68.54121 2.28882 -13
1.25278 0.10285 55.91875 0 0 -3.00698 34.99660 2.46537 -13
-0.45420 -0.23735 88.25065 0 0 7.23475 80.72020 1.15468 13
1.92204 -0.19919 91.25714 0 0 6.07794 42.76642 2.65384 13
-0.48790 -0.21906 91.13133 0 0 6.69491 82.26535 1.12604 -13
0.18679 -0.20931 40.06055 0 0 6.40797 39.40736 1.75163 -13
0.48412 0.12825 74.46269 0 0 -3.78005 67.12494 2.01847 -13
0.49757 -0.27153 74.46269 0 0 8.27968 67.12494 2.01847 -13
0.36620 -0.10689 62.94748 0 0 3.29749 59.14854 1.92000 13
0.21533 -0.20551 17.89599 0 0 6.31023 17.51078 1.77867 -13
0.51554 -0.16982 54.57856 0 0 5.19358 48.65438 2.04104 13
-0.74589 -0.24910 8.31757 0 0 7.51572 6.73769 0.94429 13
-0.08314 0.01047 37.27592 0 0 -0.22103 37.14781 1.48785 -13
-0.84180 -0.24495 39.48286 0 0 7.45456 30.56579 0.88540 13
-0.75744 -0.08709 27.12369 0 0 2.68516 21.65109 0.92437 13
0.19327 0.03871 43.78526 0 0 -1.09794 42.99089 1.76157 13
1.24603 0.14216 77.80296 0 0 -4.21690 48.99332 2.46041 13
1.27369 -0.25693 77.80296 0 0 7.82153 48.99332 2.46041 13
0.00582 -0.23384 14.71004 0 0 7.09919 14.70981 1.57647 13
0.06553 -0.24088 13.69962 0 0 7.30953 13.67192 1.63442 13
1.59188 -0.12834 40.49678 0 0 3.97513 21.66808 2.57702 -13
-1.46618 -0.09970 16.20421 0 0 3.14148 9.16102 0.60088 -13
0.87257 -0.24347 23.75149 0 0 7.39615 18.11673 2.27402 13
1.39560 0.13290 74.56468 0 0 -3.91548 43.68094 2.51570 -13
1.43176 -0.26662 74.56468 0 0 8.13669 43.68094 2.51570 -13
0.88957 0.02775 43.35003 0 0 -0.74062 32.39477 2.29763 -13
0.19866 -0.16145 3.54172 0 0 4.80011 3.47552 1.76446 13
-0.33826 -0.06227 61.53277 0 0 1.96733 58.29984 1.24520 -13
1.85916 0.04826 60.79288 0 0 -1.39085 28.82402 2.64762 13
-0.40332 0.00064 93.13091 0 0 0.05620 86.37074 1.18743 13
0.81991 -0.15535 2.27580 0 0 4.48450 1.76807 2.25172 13
-1.13362 -0.17117 93.60574 0 0 5.25240 62.42418 0.73002 -13
1.13747 0.06461 81.41857 0 0 -1.87671 53.82085 2.41939 13
-2.07443 0.05289 87.86240 0 0 -1.50131 38.19613 0.44974 -13
0.43063 -0.12494 49.86681 0 0 3.83947 45.85588 1.97462 13
0.12345 -0.01450 11.78346 0 0 0.47793 11.69474 1.69361 13
-0.86881 0.07904 5.95333 0 0 -2.41271 4.49998 0.85703 13
-0.96257 -0.13531 16.60586 0 0 4.12087 12.01630 0.80900 13
0.17557 -0.02930 20.41436 0 0 0.98979 20.10711 1.74452 -13
2.05537 0.12258 12.93497 0 0 -3.70432 5.69352 2.68584 13
2.11754 -0.27766 12.93497 0 0 8.36294 5.69352 2.68589 13
0.18032 -0.19732 30.61152 0 0 6.01671 30.14344 1.74589 13
2.01905 0.09093 93.74092 0 0 -2.64968 41.74242 2.68009 -13
-0.10955 0.14306 16.08968 0 0 -4.20358 15.99596 1.46277 -13
-0.11193 -0.25591 16.08968 0 0 7.83405 15.99596 1.46278 -13
-0.29392 0.11353 13.45164 0 0 -3.30494 12.91223 1.28665 -13
0.17870 0.10243 6.70288 0 0 -3.08081 6.59945 1.74672 13
0.64291 -0.09802 65.64337 0 0 3.02902 55.29325 2.14000 13
-0.29846 0.13479 26.40327 0 0 -4.00420 25.31883 1.28321 13
-0.30592 -0.26474 26.40327 0 0 8.04521 25.31883 1.28326 13
1.18447 -0.10893 57.90213 0 0 3.35392 37.48084 2.43753 13
0.17914 -0.17514 90.68954 0 0 5.35947 89.30981 1.74545 13
-0.56499 -0.20542 83.70055 0 0 6.28497 73.23353 1.06532 -13
-0.77258 0.14299 61.47372 0 0 -4.22209 48.83013 0.91789 -13
-0.78946 -0.25604 61.47372 0 0 7.81530 48.83013 0.91789 -13
2.06424 0.10331 13.06592 0 0 -2.94932 5.72140 2.68838 -13
0.95805 -0.05617 14.98529 0 0 1.81992 10.82889 2.33399 -13
0.73175 -0.22277 3.88051 0 0 6.63643 3.15773 2.19101 13
2.14289 0.14292 50.63004 0 0 -4.20745 21.58866 2.70108 -13
-2.09379 -0.12968 6.09533 0 0 4.18778 2.64394 0.44882 -13
-0.37637 0.09883 68.26072 0 0 -2.90788 63.92415 1.21243 13
0.10218 0.04397 15.44793 0 0 -1.21287 15.36805 1.67253 -13
-0.15402 0.06470 26.31352 0 0 -1.88958 26.00817 1.41829 13
-0.40640 0.12016 48.88354 0 0 -3.53224 45.33219 1.18727 -13
-0.41904 -0.28008 48.88354 0 0 8.54187 45.33219 1.18727 -13
-1.82525 0.03382 82.12258 0 0 -0.95100 39.47718 0.50145 13
-1.67332 -0.02131 11.04448 0 0 0.80859 5.66615 0.53876 -13
1.04158 -0.02938 61.38985 0 0 0.95588 42.52549 2.37634 13
-0.07240 -0.20247 29.26348 0 0 6.20528 29.19005 1.49995 -13
-0.91600 -0.05372 34.22221 0 0 1.72120 25.25175 0.82993 -13
-0.06170 -0.05637 22.87440 0 0 1.80374 22.83115 1.50927 -13
-0.04489 -0.04010 81.88902 0 0 1.29690 81.80677 1.52597 -13
-0.51024 0.00684 82.37200 0 0 -0.11856 73.37303 1.09900 -13
-0.82198 -0.23640 73.64240 0 0 7.20348 57.50710 0.89610 13
-1.37262 0.11455 47.76799 0 0 -3.39138 28.24738 0.63273 13
-0.59955 -0.01385 44.64260 0 0 0.51161 38.28913 1.03075 -13
1.05824 0.01889 37.91189 0 0 -0.50719 26.04158 2.38439 13
-1.59689 -0.07753 41.90506 0 0 2.44103 22.28933 0.56082 -13
-0.97719 -0.21338 25.35549 0 0 6.54704 18.33071 0.80806 -13
0.52275 0.05133 82.63461 0 0 -1.46106 73.25280 2.05194 -13
-0.11711 0.00860 86.02898 0 0 -0.17260 85.44507 1.45422 -13
-1.29713 -0.12918 23.57646 0 0 3.94633 14.46960 0.66077 13
0.59347 0.05844 7.73694 0 0 -1.60504 6.65660 2.10565 -13
1.36728 -0.13221 64.51362 0 0 4.08204 38.29985 2.50598 -13
-0.67934 0.05061 60.39990 0 0 -1.45511 49.98109 0.97466 13
0.05808 0.13113 71.38007 0 0 -3.88088 71.26199 1.62832 13
0.05961 -0.26851 71.38007 0 0 8.17436 71.26199 1.62830 13
-0.37417 -0.04914 56.67061 0 0 1.55442 53.08454 1.21315 13
0.11050 0.00119 17.57445 0 0 0.07255 17.46812 1.68085 -13
-0.63082 -0.03806 8.59231 0 0 1.29686 7.26889 1.00835 -13
