-0.47402 -0.03650 98.02918 0 0 1.17663 88.59221 1.12840 13
-0.90752 -0.11943 29.92931 0 0 3.66188 22.23353 0.83736 13
-0.68810 0.09603 15.78227 0 0 -2.85412 13.02072 0.97025 13
-0.10409 0.08329 40.84323 0 0 -2.44254 40.62527 1.46743 13
1.36963 -0.13753 10.19948 0 0 4.31361 6.05140 2.50646 -13
-0.92331 -0.23221 35.68667 0 0 7.06568 26.53414 0.83832 13
-0.12272 0.06438 43.97284 0 0 -1.84948 43.64673 1.44893 -13
0.08948 -0.13256 67.12206 0 0 4.07286 66.85943 1.65927 13
-0.30431 -0.18705 69.64003 0 0 5.71650 66.71925 1.28015 13
-1.13339 -0.23857 67.81727 0 0 7.28800 45.56323 0.73671 -13
1.17315 -0.24481 33.00856 0 0 7.49063 21.77238 2.42130 -13
0.26505 -0.00471 8.63620 0 0 0.16500 8.34800 1.82988 13
-0.13573 0.04160 58.53554 0 0 -1.18216 58.00454 1.43601 13
-1.40682 0.13799 54.80738 0 0 -4.06715 31.95214 0.62241 -13
-1.44039 -0.26125 54.80738 0 0 7.97710 31.95214 0.62241 -13
-0.13808 0.05618 15.61340 0 0 -1.58287 15.46720 1.43380 -13
0.17943 -0.15670 88.76607 0 0 4.81423 87.40337 1.74624 -13
0.22634 0.08810 99.06962 0 0 -2.57157 96.64349 1.79256 -13
-0.88420 -0.20757 9.42992 0 0 6.27045 7.12900 0.85723 13
-1.90775 0.00743 56.22906 0 0 -0.12477 26.10602 0.48281 -13
0.06774 0.03835 76.78598 0 0 -1.06927 76.61065 1.63838 -13
-0.76886 -0.04484 9.92644 0 0 1.49542 7.87235 0.91582 -13
-0.18968 -0.18008 80.74458 0 0 5.51878 79.37360 1.38624 -13
0.22006 0.13700 68.44180 0 0 -4.05890 66.87081 1.78546 13
0.22539 -0.26234 68.44180 0 0 7.98669 66.87081 1.78545 13
0.70831 -0.19521 44.43766 0 0 5.98408 36.48719 2.17829 -13
1.33406 -0.00250 75.95328 0 0 0.16733 45.55623 2.49835 -13
0.34803 0.10740 76.08136 0 0 -3.15167 71.89856 1.90394 -13
-0.35329 0.02611 56.10103 0 0 -0.71571 52.89893 1.23130 13
-1.53828 0.09425 10.56219 0 0 -2.67601 5.77465 0.57845 -13
-1.09812 -0.08697 41.33866 0 0 2.72246 27.89054 0.74054 -13
0.93183 -0.20608 37.28349 0 0 6.31631 27.53824 2.31056 -13
1.70389 0.06947 85.19793 0 0 -2.02529 43.20105 2.60982 13
0.27672 0.02703 54.43812 0 0 -0.74307 52.46787 1.84066 13
0.07747 -0.05056 59.09625 0 0 1.59845 58.92017 1.64801 13
-0.22715 -0.01548 59.15544 0 0 0.54014 57.68636 1.34746 13
-1.18980 0.05150 15.23127 0 0 -1.42205 9.80774 0.69959 -13
0.51077 -0.23594 89.65554 0 0 7.19266 80.28267 2.03214 13
0.76143 -0.19485 80.33111 0 0 5.95149 64.34534 2.21262 13
0.03106 -0.02919 44.36421 0 0 0.95116 44.34285 1.60183 13
-0.44124 0.10579 25.15205 0 0 -3.13138 23.03232 1.15730 13
-1.84219 -0.06017 11.04971 0 0 1.80325 5.27890 0.49808 13
-0.84874 -0.19522 48.27950 0 0 5.95660 37.09556 0.87625 13
1.90671 -0.07695 70.03229 0 0 2.41697 32.60185 2.65735 -13
0.69155 0.13169 16.99246 0 0 -3.92846 14.01494 2.17182 13
0.70975 -0.26795 16.99246 0 0 8.12458 14.01494 2.17177 13
0.32294 0.00376 48.87135 0 0 -0.04264 46.50651 1.88316 13
1.52318 -0.09294 47.59974 0 0 2.90350 26.20163 2.55867 -13
-0.36687 -0.04345 29.71845 0 0 1.40980 27.90335 1.21947 -13
-0.72197 -0.16775 96.99625 0 0 5.14711 79.01366 0.95205 -13
1.85496 -0.21457 79.78253 0 0 6.56648 38.52197 2.63770 -13
0.13143 -0.20614 2.25730 0 0 6.52850 2.23881 1.69881 -13
0.62564 -0.07645 9.16344 0 0 2.44455 7.77435 2.12855 -13
-1.74557 -0.15707 89.19630 0 0 4.83043 44.74576 0.52551 -13
-1.50674 -0.19290 37.55703 0 0 5.87588 21.03191 0.59438 13
1.66710 -0.19938 68.65738 0 0 6.08080 35.82439 2.59265 13
0.66324 0.07900 51.14824 0 0 -2.31346 42.66611 2.15499 13
-0.24856 0.10747 85.94572 0 0 -3.15464 83.43560 1.32852 -13
-0.61788 0.13085 80.87294 0 0 -3.87312 68.96024 1.02113 13
-0.63441 -0.26878 80.87294 0 0 8.18198 68.96024 1.02112 13
-0.71304 -1.22992 80.87294 0 0 8.33266 68.96024 1.14809 13
0.08624 -0.23793 80.87294 0 0 -2.24535 68.96024 1.48709 13
0.59482 0.65768 80.87294 0 0 -3.81637 68.96024 1.10957 13
-0.13438 0.05498 96.76476 0 0 -1.58246 95.90524 1.43741 13
-0.69520 -0.09170 10.11845 0 0 2.79008 8.31928 0.96526 13
0.74104 -0.13592 79.88334 0 0 4.17375 64.39001 2.20416 13
0.25369 -0.21444 36.44239 0 0 6.53567 35.37044 1.81394 13
-0.32201 -0.01662 44.70181 0 0 0.57128 42.55072 1.25931 13
-0.38097 -0.09868 87.22432 0 0 3.05189 81.55943 1.20841 13
-0.82485 0.02741 60.60734 0 0 -0.73487 46.76139 0.88127 -13
-1.98422 -0.10356 25.93225 0 0 3.16533 11.71947 0.46897 13
-1.27215 -0.21135 88.93186 0 0 6.46584 55.69999 0.67683 -13
-0.10831 -0.09984 38.23964 0 0 3.08049 38.01943 1.46343 13
0.61117 -0.16785 20.18683 0 0 5.17269 17.28921 2.11323 -13
0.46492 -0.12195 95.78862 0 0 3.76547 86.97354 2.00318 -13
0.85774 -0.11698 45.75909 0 0 3.62414 34.83219 2.27641 -13
1.94673 -0.15651 29.42668 0 0 4.84110 13.57459 2.66212 -13
-0.41524 -0.20451 44.33355 0 0 6.26312 41.06542 1.18443 -13
1.66510 -0.12807 21.71417 0 0 3.90336 11.24730 2.59716 13
-1.69168 0.04531 28.83665 0 0 -1.31900 14.68524 0.53432 13
-0.93852 -0.21401 71.62739 0 0 6.52849 52.77162 0.82826 13
-0.34296 -0.05099 87.71933 0 0 1.62526 82.98644 1.24080 -13
-0.09487 -0.08586 87.54594 0 0 2.66550 87.15747 1.47656 13
-0.32847 0.14796 79.42307 0 0 -4.38822 75.53553 1.25663 13
-0.33500 -0.25090 79.42307 0 0 7.64294 75.53553 1.25663 13
-0.27215 -0.21670 47.68091 0 0 6.60695 46.07887 1.31083 13
1.50692 0.11331 3.53373 0 0 -3.58238 1.96293 2.55277 13
1.55869 -0.28781 3.53373 0 0 8.49826 1.96293 2.55294 13
0.49011 0.14718 32.71085 0 0 -4.37406 29.43360 2.02228 13
0.49999 -0.25172 32.71085 0 0 7.65774 29.43360 2.02227 13
-1.00128 -0.00794 81.06866 0 0 0.31287 57.28839 0.78478 13
-1.08353 -0.15755 51.39697 0 0 4.81946 35.08741 0.75144 13
1.02705 -0.02556 36.85798 0 0 0.87137 25.71649 2.36937 -13
-1.54244 -0.22521 23.93076 0 0 6.83570 13.24523 0.58655 13
1.42552 0.05736 86.73296 0 0 -1.65881 49.86419 2.52909 13
1.40557 -0.15636 5.89696 0 0 4.64800 3.44603 2.51750 13
-0.99007 0.09612 6.66914 0 0 -2.92483 4.74961 0.79269 13
1.06313 -0.14381 51.63931 0 0 4.43294 35.57216 2.38168 -13
-0.29739 -0.12287 54.53048 0 0 3.79744 52.29977 1.28378 -13
0.20525 0.11788 93.28142 0 0 -3.46914 91.40186 1.77188 -13
1.59464 0.08835 98.73889 0 0 -2.59375 52.60515 2.57973 13
-0.23187 -0.07294 6.20882 0 0 2.36209 6.04921 1.34353 -13
0.50591 -0.02315 30.53654 0 0 0.76153 27.24957 2.03905 13
0.88477 0.12045 96.67068 0 0 -3.55877 72.62927 2.29156 13
0.91216 -0.27982 96.67068 0 0 8.51533 72.62927 2.29156 13
-0.84048 0.01241 34.33389 0 0 -0.27501 26.28414 0.87190 -13
0.45309 0.09918 80.87925 0 0 -2.90397 73.73113 1.99438 -13
0.30852 0.07930 71.03116 0 0 -2.30370 67.89245 1.86917 -13
-0.21345 -0.14104 99.09503 0 0 4.34074 96.95308 1.36250 -13
-0.05973 0.11475 67.47812 0 0 -3.37290 67.35960 1.51153 -13
-0.92079 0.02271 70.12609 0 0 -0.59432 51.59356 0.82674 -13
-0.79974 -0.03497 42.28912 0 0 1.12134 33.03431 0.89651 13
-1.45813 0.01685 24.58760 0 0 -0.39325 13.90734 0.60120 -13
-0.45050 -0.12725 75.68720 0 0 3.92683 69.10066 1.15052 -13
-0.82101 -0.19078 43.74279 0 0 5.82227 34.04985 0.89212 13
-0.18235 0.04299 4.59077 0 0 -1.32164 4.51641 1.39060 13
-0.19971 -0.02312 14.36005 0 0 0.74453 14.08211 1.37373 13
0.84137 -0.04394 34.22710 0 0 1.38810 26.20082 2.26978 13
-1.85855 0.11739 19.93147 0 0 -3.40861 9.49397 0.49649 -13
0.37226 -0.06264 7.79761 0 0 2.03326 7.30980 1.92652 -13
0.87330 0.05134 87.94127 0 0 -1.46013 66.27592 2.28801 -13
0.08558 0.10952 26.92850 0 0 -3.20447 26.83159 1.65566 -13
0.81314 -0.08192 65.12891 0 0 2.56203 50.59923 2.25186 -13
-0.06904 -0.13694 21.74095 0 0 4.23468 21.69031 1.50250 -13
-0.18041 -0.05195 32.85116 0 0 1.63297 32.33070 1.39254 13
-1.72687 -0.13584 16.76982 0 0 4.12070 8.46202 0.52887 13
-0.01022 -0.21277 51.46787 0 0 6.48935 51.46529 1.56080 13
0.04425 -0.00561 68.09197 0 0 0.24340 68.02541 1.61501 13
-0.16414 0.10704 41.12115 0 0 -3.13452 40.58415 1.40901 -13
0.01764 -0.23420 84.87802 0 0 7.15141 84.86552 1.58797 -13
-0.14065 -0.04493 67.59325 0 0 1.42906 66.93582 1.43121 13
0.21437 0.04659 90.17527 0 0 -1.32983 88.17637 1.78174 13
0.10735 0.06212 27.04987 0 0 -1.81075 26.89588 1.67754 13
0.37899 0.01704 84.25482 0 0 -0.43880 78.78793 1.93301 13
0.18286 -0.07052 14.16987 0 0 2.24235 13.93987 1.75122 -13
1.21802 -0.22155 21.75619 0 0 6.80382 14.00195 2.44240 -13
0.64401 -0.13867 85.01307 0 0 4.27154 71.67186 2.13862 -13
-0.77047 0.00017 63.32361 0 0 0.08565 50.16198 0.91432 -13
0.57986 0.05450 31.24018 0 0 -1.58160 27.03514 2.09563 13
0.54273 0.12427 60.26128 0 0 -3.65775 53.05548 2.06484 -13
0.55869 -0.27573 60.26128 0 0 8.40875 53.05548 2.06484 -13
0.57427 -0.20566 5.24849 0 0 6.39968 4.57441 2.08318 -13
0.10523 -0.22791 43.20865 0 0 6.94351 42.98287 1.67304 13
-0.33449 -0.07657 53.94259 0 0 2.40062 51.17174 1.24888 -13
-1.20680 0.01968 16.54349 0 0 -0.46546 10.55659 0.69206 -13
-0.06251 -0.15463 90.25202 0 0 4.75108 90.08025 1.50910 -13
0.65554 0.07564 49.29265 0 0 -2.21228 41.25946 2.14975 13
2.09341 -0.07816 10.14293 0 0 2.54968 4.38187 2.69477 -13
0.40229 0.08806 35.36384 0 0 -2.59017 32.82610 1.95194 13
-0.06544 -0.12899 23.15351 0 0 3.95137 23.10488 1.50599 13
-0.26729 -0.08984 50.31014 0 0 2.78126 48.61688 1.31061 13
-0.15575 -0.14952 8.45941 0 0 4.53496 8.36071 1.41796 13
-0.66197 -0.05882 64.65749 0 0 1.84684 53.94364 0.98685 13
1.92933 0.10114 92.84521 0 0 -2.98122 42.89598 2.66132 13
0.52243 -0.05297 4.86611 0 0 1.56572 4.31418 2.05165 13
0.56915 -0.16173 59.83977 0 0 4.95038 52.16915 2.08269 13
-1.12102 -0.24846 70.89272 0 0 7.58653 47.97462 0.74330 -13
-0.48419 -0.16775 75.76317 0 0 5.14869 68.36828 1.12530 -13
0.79397 0.07829 35.86855 0 0 -2.26396 28.12451 2.24036 -13
-1.39374 0.10513 60.95224 0 0 -3.10397 35.66171 0.62498 13
0.88007 -0.07714 19.83318 0 0 2.44072 14.90814 2.29102 -13
-0.06269 0.07494 38.07789 0 0 -2.16674 38.00369 1.50836 -13
-0.64259 0.10776 70.38359 0 0 -3.16150 59.31178 1.00227 -13
-0.21334 -0.23738 78.73723 0 0 7.24855 77.09381 1.36613 -13
-0.57246 -0.23538 79.40115 0 0 7.17407 69.35994 1.06242 13
-0.42673 -0.08424 41.57656 0 0 2.63542 38.26123 1.16874 -13
1.16539 -0.08265 57.01192 0 0 2.56159 37.19936 2.43074 13
-1.99046 -0.17929 36.24732 0 0 5.45848 16.47862 0.47194 13
-2.08414 -0.10225 6.67690 0 0 3.32598 2.90117 0.44940 -13
-1.13311 -0.17770 62.76548 0 0 5.45358 41.89366 0.73080 -13
0.45785 0.05733 31.80764 0 0 -1.66466 28.92891 1.99954 13
0.11922 -0.04834 58.08591 0 0 1.54766 57.67843 1.68932 -13
-0.95117 -0.01044 67.27236 0 0 0.38621 48.74493 0.81044 13
-0.88525 0.12945 39.10301 0 0 -3.84017 29.38540 0.85031 13
-0.90941 -0.27030 39.10301 0 0 8.21713 29.38540 0.85032 13
0.24717 -0.59510 39.10301 0 0 -3.73507 29.38540 1.78009 13
-0.16195 0.40207 39.10301 0 0 -2.37875 29.38540 1.71994 13
0.50466 0.12833 39.10301 0 0 -3.72455 29.38540 2.03489 13
0.07647 0.27472 39.10301 0 0 8.46866 29.38540 1.64440 13
0.17076 1.85036 39.10301 0 0 8.55936 29.38540 1.65181 13
1.40615 -0.08449 34.71537 0 0 2.65393 20.16651 2.52173 -13
-1.94491 -0.09402 85.70388 0 0 2.92976 39.32468 0.47670 -13
-0.06381 0.06564 5.20854 0 0 -1.80365 5.19798 1.50721 -13
-0.04679 0.04091 58.48937 0 0 -1.14437 58.42555 1.52408 -13
0.78318 0.14495 15.56672 0 0 -4.33285 12.30413 2.23016 13
0.79975 -0.25409 15.56672 0 0 7.70128 12.30413 2.23018 13
-1.11887 -0.02592 91.21460 0 0 0.87094 60.79573 0.72952 -13
0.21737 0.08806 91.12550 0 0 -2.58078 89.06150 1.78404 13
-0.33326 -0.01815 48.21839 0 0 0.61820 45.74574 1.24916 13
-1.94416 0.00763 4.49137 0 0 0.09845 2.05444 0.47508 -13
-1.22103 -0.24274 84.60250 0 0 7.41268 54.52115 0.70028 -13
0.93635 -0.21129 41.78131 0 0 6.47098 30.80650 2.31245 -13
-1.90932 0.11100 81.98750 0 0 -3.25424 38.22151 0.48498 -13
-1.33996 0.11369 31.09948 0 0 -3.32239 18.67726 0.64421 -13
-2.10940 -0.16582 92.53939 0 0 5.07060 40.08117 0.44796 13
0.29429 -0.12360 54.88177 0 0 3.80056 52.68086 1.85496 13
-1.32230 0.07739 77.20775 0 0 -2.24253 46.65841 0.64893 -13
-0.60278 -0.13061 89.81251 0 0 4.02684 77.09138 1.03207 -13
0.12926 0.02847 70.51883 0 0 -0.78444 69.93750 1.69929 13
0.10175 0.10825 85.88693 0 0 -3.17856 85.45082 1.67161 -13
1.06904 0.07025 37.65375 0 0 -2.05655 25.75631 2.38832 13
1.04852 -0.13058 33.89154 0 0 3.99985 23.49397 2.37565 13
0.33049 0.12109 21.68961 0 0 -3.54828 20.60884 1.88782 -13
0.34064 -0.27908 21.68961 0 0 8.52456 20.60884 1.88783 -13
0.16615 -0.18518 10.82865 0 0 5.61940 10.68708 1.73274 13
0.47909 0.09834 4.94964 0 0 -2.99111 4.46804 2.01571 13
-1.19784 -0.14098 56.83560 0 0 4.31989 36.63520 0.70047 13
-1.20914 -0.03742 36.39767 0 0 1.23032 23.20638 0.69135 -13
-0.68680 0.04643 57.04733 0 0 -1.30903 47.04092 0.96949 -13
-1.45331 0.14972 66.60129 0 0 -4.41852 38.03753 0.60787 -13
-1.48121 -0.24905 66.60129 0 0 7.60623 38.03753 0.60786 -13
0.21776 -0.09067 69.81686 0 0 2.80927 68.23079 1.78436 13
-0.07433 -0.14873 68.95628 0 0 4.57505 68.77064 1.49740 -13
-1.84054 0.14639 50.64786 0 0 -4.31442 24.37801 0.50216 -13
-1.87836 -0.25252 50.64786 0 0 7.71868 24.37801 0.50215 -13
-1.59247 -0.08376 29.48380 0 0 2.63857 15.71916 0.56230 -13
-0.13438 -0.07552 42.44804 0 0 2.34746 42.07203 1.43759 13
-1.84545 -0.25403 1.37244 0 0 7.01865 0.67066 0.50979 13
0.13957 -0.04941 3.36135 0 0 1.72194 3.32913 1.70930 -13
0.02681 -0.18610 77.39403 0 0 5.68867 77.36716 1.59715 13
0.04681 -0.01295 45.49829 0 0 0.46129 45.44853 1.61757 13
1.01606 -0.09811 80.82453 0 0 3.03190 56.83222 2.36177 13
-0.20408 0.07697 1.98614 0 0 -1.99219 1.94604 1.37006 -13
-1.75841 -0.02983 73.59991 0 0 0.96731 36.39586 0.51728 13
1.48878 0.12680 44.91415 0 0 -3.72417 25.18154 2.54642 -13
1.53103 -0.27304 44.91415 0 0 8.33840 25.18154 2.54642 -13
-0.36513 -0.22356 53.45514 0 0 6.81444 50.35382 1.22849 13
-1.45004 0.10682 97.96957 0 0 -3.14992 55.83360 0.60639 13
-0.52670 0.02271 58.56078 0 0 -0.59363 51.81665 1.08612 -13
0.64500 -0.01016 96.78409 0 0 0.39371 81.33445 2.14363 -13
-1.11243 0.01950 97.94933 0 0 -0.49918 65.48869 0.73232 -13
0.41353 0.13008 57.00084 0 0 -3.85174 52.73885 1.95995 13
0.42471 -0.26964 57.00084 0 0 8.20473 52.73885 1.95995 13
-0.54712 0.01268 70.20712 0 0 -0.30899 61.59268 1.07020 13
0.00874 0.11245 23.23878 0 0 -3.33159 23.23791 1.57949 13
-0.41293 0.05202 12.14048 0 0 -1.44465 11.22373 1.17967 -13
-0.38719 -0.06529 33.84326 0 0 2.06632 31.56896 1.20210 -13
-0.72527 -0.17053 49.02274 0 0 5.21258 39.87868 0.95010 13
-0.00328 0.13217 30.56765 0 0 -3.92057 30.56749 1.56755 13
-0.00337 -0.26746 30.56765 0 0 8.13261 30.56749 1.56754 13
0.73500 -0.09419 67.72770 0 0 2.91330 54.65688 2.20252 13
-0.19817 0.07709 10.98409 0 0 -2.19887 10.77577 1.37573 -13
-0.78674 -0.16260 67.06069 0 0 4.97705 52.96619 0.91053 13
0.13619 0.04880 16.73029 0 0 -1.36118 16.57759 1.70599 -13
-0.10422 0.14278 76.12424 0 0 -4.21956 75.72226 1.46799 -13
-0.10650 -0.25626 76.12424 0 0 7.81790 75.72226 1.46799 -13
0.31515 0.08965 2.30195 0 0 -2.84449 2.19622 1.87495 13
-1.07482 0.07832 20.65864 0 0 -2.24742 14.09556 0.75088 -13
-0.39369 -0.19177 7.64763 0 0 5.93892 7.13295 1.20186 -13
-0.54558 0.08122 38.24810 0 0 -2.35379 33.60108 1.07273 -13
0.52721 -0.09427 92.33391 0 0 2.93092 81.75611 2.05415 -13
0.27098 -0.18064 16.04817 0 0 5.49733 15.50633 1.83140 13
-0.24416 -0.23291 23.65709 0 0 7.13014 23.01536 1.33734 -13
-1.89235 -0.22404 66.84448 0 0 6.82418 31.83321 0.49633 13
-0.13599 0.10241 81.86021 0 0 -3.01374 81.12120 1.43633 13
-0.82047 -0.18485 62.67994 0 0 5.66880 48.78201 0.89192 -13
-2.53341 0.21506 62.67994 0 0 4.92301 48.78201 0.38373 -13
1.14743 -0.27680 62.67994 0 0 5.25157 48.78201 0.73518 -13
1.55058 -0.11001 45.75069 0 0 3.41910 24.90104 2.56606 -13
0.02903 -0.12044 83.76717 0 0 3.72000 83.73240 1.59961 -13
0.48249 -0.07248 22.56484 0 0 2.24372 20.33281 2.01931 13
0.25053 -0.03470 31.56240 0 0 1.11240 30.61730 1.81613 13
-1.35435 -0.13948 33.78196 0 0 4.26525 20.19071 0.64062 13
-1.37356 0.03924 7.83299 0 0 -0.99978 4.61272 0.62966 -13
0.56289 -0.20940 57.59857 0 0 6.38734 50.44884 2.07436 13
-0.09107 -0.17416 11.72463 0 0 5.37664 11.67771 1.48132 -13
-0.92393 -0.10277 37.15431 0 0 3.16452 27.35562 0.82753 13
-0.19325 -0.23478 55.58850 0 0 7.17296 54.63006 1.38484 -13
1.01535 -0.24328 71.68555 0 0 7.41096 51.03080 2.34943 13
-0.17038 -0.16598 88.13036 0 0 5.08237 86.91142 1.40428 13
-0.96150 -0.02161 96.58677 0 0 0.72599 69.63194 0.80514 13
-0.71290 -0.01576 9.47634 0 0 0.49379 7.71667 0.95152 13
-0.35831 -0.23137 85.12904 0 0 7.06644 80.37245 1.23493 -13
-1.09664 0.09281 37.67348 0 0 -2.73689 25.44413 0.74147 13
0.86583 -0.10975 65.06538 0 0 3.38191 49.31519 2.28145 13
0.34159 -0.18971 52.15375 0 0 5.81420 49.44358 1.89459 -13
-1.26668 -0.24763 71.93858 0 0 7.53935 45.39113 0.68280 13
-0.96741 -0.05033 68.55812 0 0 1.60947 49.30415 0.80259 -13
-1.13540 -0.10954 83.60422 0 0 3.39432 55.44366 0.72503 -13
0.70362 0.01927 64.70550 0 0 -0.50910 52.92195 2.18386 13
0.52303 -0.09900 18.55267 0 0 3.09887 16.45690 2.05070 -13
-1.54097 -0.07099 86.24945 0 0 2.21239 47.03239 0.57678 13
-1.88700 -0.09900 29.57827 0 0 3.03226 13.90278 0.48933 13
0.96827 -0.01550 94.19465 0 0 0.55530 67.67425 2.34002 -13
-0.10007 0.12403 27.87384 0 0 -3.67883 27.73736 1.47181 13
-0.10301 -0.27605 27.87384 0 0 8.38796 27.73736 1.47182 13
0.00669 -0.14761 90.87554 0 0 4.52926 90.87355 1.57741 13
0.81756 -0.21072 87.32524 0 0 6.43085 68.18942 2.24553 13
1.05492 0.05768 88.72923 0 0 -1.65049 61.09558 2.38208 -13
0.04400 -0.19184 95.48874 0 0 5.86340 95.39973 1.61398 13
-0.24544 -0.05453 6.45922 0 0 1.65091 6.27360 1.33046 13
0.01360 0.05365 64.25687 0 0 -1.52958 64.25095 1.58437 -13
1.81299 -0.02277 44.51511 0 0 0.74569 21.50432 2.63743 13
-0.60506 -0.11672 82.16599 0 0 3.59551 70.42681 1.02965 13
-1.66485 0.12400 34.98582 0 0 -3.68735 18.11519 0.54427 13
-1.71397 -0.27612 34.98582 0 0 8.37901 18.11519 0.54429 13
0.00049 -0.04908 58.99339 0 0 1.56924 58.99339 1.57129 -13
-0.13572 -0.24368 17.65825 0 0 7.46234 17.50678 1.43969 -13
-0.26518 -0.07502 71.66874 0 0 2.35153 69.28731 1.31228 -13
0.67107 -0.13320 95.15569 0 0 4.10519 79.22816 2.15778 -13
0.81851 -0.00841 34.08216 0 0 0.35319 26.37452 2.25670 -13
-1.62562 -0.23829 25.39071 0 0 7.22914 13.57022 0.56388 13
-0.16829 -0.24758 89.51405 0 0 7.55550 88.34314 1.40887 -13
-0.03237 -0.20312 26.78520 0 0 6.22716 26.77173 1.53908 -13
0.05520 -0.14426 29.19694 0 0 4.41617 29.15345 1.62538 13
-0.73978 -0.21235 96.11872 0 0 6.48018 77.86900 0.94438 13
1.66102 -0.24478 71.50129 0 0 7.45078 37.66925 2.58673 13
-0.32857 -0.21022 74.12716 0 0 6.41553 70.56878 1.25970 13
0.53638 0.12320 96.08971 0 0 -3.64082 84.81951 2.05999 13
0.55239 -0.27691 96.08971 0 0 8.42831 84.81951 2.05999 13
-0.29207 -0.20414 89.84137 0 0 6.24523 86.37411 1.29208 -13
0.05202 -0.04835 46.29570 0 0 1.55012 46.23334 1.62271 -13
0.17059 -0.05044 8.80842 0 0 1.65858 8.68320 1.73955 -13
0.06287 -0.16632 36.58428 0 0 5.08508 36.51412 1.63274 13
1.40431 -0.18730 81.58971 0 0 5.74107 47.86790 2.51463 -13
1.23323 -0.04012 7.03514 0 0 1.40079 4.43329 2.45986 -13
-0.75931 0.14108 22.07699 0 0 -4.20282 17.64587 0.92610 13
-0.77653 -0.25813 22.07699 0 0 7.83671 17.64587 0.92609 13
0.60852 0.02946 46.00340 0 0 -0.81992 39.30372 2.11726 13
-1.04986 -0.05785 15.54372 0 0 1.78048 10.72978 0.76192 13
1.77407 -0.01269 2.50509 0 0 0.84713 1.22990 2.62828 -13
0.11367 0.01470 71.27305 0 0 -0.36902 70.81711 1.68397 13
-0.67401 0.03367 86.82399 0 0 -0.92810 72.00959 0.97799 -13
-0.12352 -0.22383 25.57865 0 0 6.85351 25.39492 1.45084 -13
-1.70037 0.07414 97.16406 0 0 -2.14562 49.35611 0.53283 -13
-0.23935 -0.18202 18.57226 0 0 5.60079 18.07780 1.33953 -13
0.91296 0.12451 31.27528 0 0 -3.69604 23.17854 2.30690 13
0.93977 -0.27552 31.27528 0 0 8.37055 23.17854 2.30692 13
-0.36619 0.12151 31.27528 0 0 -3.69076 23.17854 1.22213 13
0.58828 -0.10186 31.27528 0 0 -2.27766 23.17854 1.04129 13
2.50990 -2.03460 31.27528 0 0 -2.85890 23.17854 2.40698 13
2.04147 0.01656 32.30445 0 0 -0.45288 14.21181 2.68605 13
0.15743 0.04967 64.41909 0 0 -1.42486 63.63711 1.72676 13
-0.48826 -0.10681 21.41677 0 0 3.27674 19.26616 1.11882 13
-1.18486 2.04476 21.41677 0 0 3.22046 19.26616 1.09085 13
1.59177 -3.37168 21.41677 0 0 3.61939 19.26616 1.14577 13
0.68119 -15.74183 21.41677 0 0 3.42025 19.26616 1.52764 13
1.54543 0.13621 10.63446 0 0 -4.10857 5.81451 2.56308 13
1.58329 -0.26342 10.63446 0 0 7.93719 5.81451 2.56301 13
1.31345 -0.01098 71.70799 0 0 0.40132 43.43983 2.49083 13
0.98922 0.12335 75.35544 0 0 -3.64847 53.77251 2.34700 13
1.01868 -0.27674 75.35544 0 0 8.42004 53.77251 2.34700 13
-0.56921 -0.17471 59.37633 0 0 5.36110 51.79048 1.05976 -13
-1.28744 0.08522 19.37220 0 0 -2.53525 11.90946 0.66215 13
2.02852 0.05272 70.11912 0 0 -1.52472 31.03878 2.68303 13
0.71698 0.03298 34.48802 0 0 -0.93098 28.03328 2.19257 13
2.07048 -0.19835 11.00815 0 0 5.96029 4.86240 2.68405 13
0.62427 -0.18069 77.32314 0 0 5.52437 65.88434 2.12168 13
-0.83191 -0.08735 15.30205 0 0 2.67534 11.78191 0.87876 13
-1.33707 -0.05877 68.86293 0 0 1.86603 41.28946 0.64298 -13
-0.79027 -0.10402 75.74582 0 0 3.21137 59.55155 0.90463 13
-1.92870 -0.04590 37.70120 0 0 1.49470 17.36839 0.47876 -13
-1.29872 -0.10737 26.98065 0 0 3.28886 16.51987 0.65894 13
1.92260 -0.12656 77.03120 0 0 3.88535 35.76835 2.65871 13
0.10017 -0.11452 9.24407 0 0 3.48637 9.19865 1.66999 13
0.65781 0.02499 95.15517 0 0 -0.67860 79.50504 2.15250 13
-0.14207 -0.04930 92.29597 0 0 1.56332 91.38064 1.42984 13
0.23719 -0.04028 74.56870 0 0 1.30331 72.55871 1.80350 -13
-0.17895 -0.14833 9.25677 0 0 4.60993 9.11497 1.39560 -13
-2.03693 0.13563 25.84655 0 0 -4.06000 11.47448 0.45998 13
-2.08762 -0.26389 25.84655 0 0 7.98687 11.47448 0.45997 13
1.32417 -0.19846 60.37647 0 0 6.05332 36.83303 2.48546 13
1.77412 -0.16495 43.25855 0 0 5.08055 21.45821 2.62256 -13
0.01174 -0.20238 63.58361 0 0 6.17768 63.57940 1.58231 13
0.15896 0.03149 7.51964 0 0 -0.80131 7.42646 1.72836 -13
0.20681 0.03779 80.70043 0 0 -1.06504 79.03053 1.77459 13
1.08643 0.09800 44.82094 0 0 -2.85888 30.43280 2.39521 -13
-0.51808 -0.06203 33.20407 0 0 1.93473 29.49380 1.09357 13
-0.82014 -0.12559 13.61291 0 0 3.82347 10.55847 0.88773 13
-1.23161 -0.13036 34.64506 0 0 3.99155 21.94857 0.68611 13
0.55730 0.13259 29.41583 0 0 -3.89959 25.74783 2.07553 -13
0.57183 -0.26691 29.41583 0 0 8.15327 25.74783 2.07555 -13
0.57853 0.06791 11.27962 0 0 -1.91781 9.76929 2.09428 -13
0.78625 0.06949 66.28869 0 0 -2.02410 52.15877 2.23593 13
-0.81271 -0.12029 92.56037 0 0 3.71621 72.03502 0.89186 -13
0.15846 -0.17660 23.17204 0 0 5.43038 22.89510 1.72560 -13
-2.01486 -0.02729 81.51907 0 0 0.89110 36.25153 0.46084 13
-0.14938 -0.15936 48.09071 0 0 4.89827 47.57577 1.42433 -13
1.18500 -0.24257 25.22501 0 0 7.36631 16.53978 2.42654 13
-0.00562 0.08771 19.26757 0 0 -2.53968 19.26727 1.56520 -13
2.02381 -0.11187 78.50055 0 0 3.47074 34.94908 2.68019 -13
-0.77745 0.06444 43.57608 0 0 -1.84816 34.42927 0.91096 -13
0.21474 -0.24321 64.12761 0 0 7.42612 62.77566 1.77651 -13
-0.45389 -0.01664 86.89732 0 0 0.58915 79.12981 1.14476 -13
1.69387 0.14516 95.33936 0 0 -4.28695 48.84354 2.60371 -13
1.72940 -0.25377 95.33936 0 0 7.74765 48.84354 2.60370 -13
-1.16891 -0.22501 43.94343 0 0 6.88599 28.97182 0.71990 -13
-1.90355 0.10460 86.20632 0 0 -3.06119 40.26318 0.48595 -13
-0.64080 0.04399 44.11899 0 0 -1.25863 37.15717 1.00136 13
-0.43285 -0.03788 38.25030 0 0 1.23787 35.10696 1.16256 -13
-0.50187 -0.03068 3.61810 0 0 0.85393 3.23393 1.10584 13
-0.74977 -0.04479 20.51040 0 0 1.46219 16.41566 0.92792 -13
-1.12505 -0.18729 26.94600 0 0 5.70198 18.07345 0.73519 13
-0.10402 0.10886 61.21342 0 0 -3.21070 60.88873 1.46775 13
0.10717 -0.24468 59.65051 0 0 7.45396 59.32994 1.67452 13
-1.16481 0.07298 55.07236 0 0 -2.13385 35.92811 0.71072 13
-0.38037 -0.20761 90.00562 0 0 6.34923 84.34591 1.21428 -13
-1.30228 -0.15705 17.53677 0 0 4.86187 10.76254 0.66074 -13
-0.32600 -0.08001 77.03518 0 0 2.48835 73.26391 1.25660 13
-1.53959 -0.00974 76.56622 0 0 0.36351 41.70783 0.57606 13
1.27375 0.03874 12.96501 0 0 -1.14693 8.01015 2.47565 13
-0.31211 -0.10002 95.97694 0 0 3.09284 91.65846 1.26968 13
-1.02062 0.09597 99.39747 0 0 -2.80672 69.72634 0.77749 -13
-0.21997 -0.23467 24.87457 0 0 7.13863 24.32301 1.35983 13
0.09621 0.06517 91.47055 0 0 -1.87928 91.05179 1.66651 -13
-0.05974 -0.22405 48.22243 0 0 6.85069 48.14072 1.51257 -13
-0.17103 -0.16636 51.17482 0 0 5.10898 50.46165 1.40366 -13
-0.69930 -0.09264 6.52661 0 0 2.78396 5.35656 0.96255 13
0.01653 -0.09314 39.55723 0 0 2.87901 39.55187 1.58726 13
-0.79524 0.10786 58.73184 0 0 -3.18264 46.07121 0.90178 13
-0.95518 0.04607 63.31477 0 0 -1.29793 45.80799 0.80884 -13
-1.26968 0.05953 87.38223 0 0 -1.72341 54.12556 0.66799 13
-1.70096 0.05213 3.31706 0 0 -1.77467 1.68307 0.53207 13
-0.71948 -0.08591 44.79660 0 0 2.65981 36.40867 0.94886 13
-1.13911 0.07099 44.64281 0 0 -2.04416 29.49416 0.72170 -13
-0.51082 0.14437 98.18391 0 0 -4.26788 87.62185 1.10270 -13
-0.52171 -0.25461 98.18391 0 0 7.76738 87.62185 1.10270 -13
-1.78843 -0.23298 60.87720 0 0 7.12521 30.31052 0.52118 -13
1.00817 -0.24480 66.73910 0 0 7.47640 47.68347 2.34571 -13
0.24697 0.01742 31.94234 0 0 -0.42885 31.01078 1.81289 -13
0.02671 -0.05186 83.57091 0 0 1.65152 83.54120 1.59746 -13
-1.43980 -0.22638 45.91195 0 0 6.89068 26.63213 0.61881 13
-0.94703 -0.22591 29.59191 0 0 6.91939 21.73745 0.82501 -13
0.14082 -1.16810 29.59191 0 0 6.93754 21.73745 1.66212 -13
-0.06140 1.03797 29.59191 0 0 8.15210 21.73745 1.61337 -13
-0.52756 -0.53940 29.59191 0 0 -3.65931 21.73745 2.00550 -13
0.47889 0.35733 29.59191 0 0 5.99399 21.73745 1.99445 -13
-0.82999 0.24844 29.59191 0 0 6.65307 21.73745 2.24889 -13
0.71327 -0.36667 29.59191 0 0 6.66496 21.73745 2.16087 -13
-0.09658 0.10151 29.59191 0 0 7.38170 21.73745 1.66659 -13
0.37312 0.06133 65.26535 0 0 -1.77688 61.16166 1.92730 13
0.30962 0.11010 25.39380 0 0 -3.21985 24.27055 1.86936 -13
-0.73422 -0.03027 97.43738 0 0 0.98853 78.55284 0.93769 13
1.51830 -0.20284 42.59946 0 0 6.17817 23.76203 2.54988 13
-0.19413 0.12961 34.65953 0 0 -3.81469 34.03441 1.38060 -13
-0.19941 -0.27009 34.65953 0 0 8.24289 34.03441 1.38061 -13
0.40631 -0.24547 43.28911 0 0 7.49825 40.26745 1.94664 -13
-0.43453 0.02548 89.29631 0 0 -0.68148 81.90289 1.16100 -13
-0.00976 -0.19758 43.87406 0 0 6.05270 43.87205 1.56122 -13
0.51058 -0.15863 7.46743 0 0 4.93710 6.66725 2.03786 -13
-1.62202 -0.11643 47.05887 0 0 3.61485 24.81754 0.55549 -13
-0.95661 -0.17493 79.68747 0 0 5.34957 57.99613 0.81510 13
0.89411 0.07265 98.85636 0 0 -2.11615 73.78038 2.29904 13
1.83160 -0.22632 21.19625 0 0 6.85812 10.35309 2.63127 13
-1.07834 -0.00325 57.71116 0 0 0.19081 39.24111 0.74773 -13
-0.10002 0.00933 53.17488 0 0 -0.19093 52.91092 1.47111 -13
-1.61183 0.13304 89.86507 0 0 -3.94234 47.67603 0.55923 13
-1.65350 -0.26650 89.86507 0 0 8.10963 47.67603 0.55924 13
-0.81991 -0.19773 6.24840 0 0 5.93644 4.86849 0.89341 13
1.86970 -0.02870 19.50440 0 0 0.89454 9.20080 2.65029 13
-1.15043 0.12366 22.55576 0 0 -3.68425 14.86168 0.71932 13
-1.18472 -0.27654 22.55576 0 0 8.38352 14.86168 0.71926 13
-0.60241 0.09254 6.71246 0 0 -2.62738 5.75659 1.03049 -13
2.12299 -0.11944 11.57004 0 0 3.78821 4.95905 2.69865 -13
-1.36700 -0.14585 32.52328 0 0 4.50617 19.33331 0.63660 -13
-0.76755 -0.24019 16.36990 0 0 7.36593 13.11898 0.92965 -13
-0.49443 -0.16046 35.51528 0 0 4.93670 31.91520 1.11665 -13
0.27338 0.09310 42.09895 0 0 -2.71482 40.62078 1.83656 -13
-1.97674 0.00175 55.14405 0 0 0.04681 24.89241 0.46834 -13
-3.09345 3.59722 55.14405 0 0 -0.08519 24.89241 0.87890 -13
-0.28317 0.00387 55.14405 0 0 0.50247 24.89241 1.84674 -13
1.35656 -0.14235 21.38116 0 0 4.33833 12.76847 2.50156 13
-0.08273 -0.20870 43.56261 0 0 6.38868 43.42047 1.48999 -13
0.58683 -0.13849 23.23933 0 0 4.28278 20.09163 2.09734 -13
-1.22778 -0.17056 4.53589 0 0 5.05883 2.88916 0.69054 13
-0.13586 -0.10500 12.34213 0 0 3.28863 12.23101 1.43650 -13
-0.26295 -0.05286 6.17432 0 0 1.59335 5.97190 1.31401 13
-1.18570 0.10658 27.02455 0 0 -3.16289 17.48061 0.70342 13
-0.10411 0.08722 76.03147 0 0 -2.54318 75.62582 1.46745 -13
-1.01903 0.06987 75.97353 0 0 -2.03566 53.27832 0.77719 13
-0.58327 0.04450 14.37750 0 0 -1.22071 12.42229 1.04320 -13
0.08484 -0.05219 27.22287 0 0 1.67413 27.12576 1.65532 -13
-0.50024 -0.19808 18.33640 0 0 6.08766 16.46149 1.11461 -13
0.95122 0.13794 30.26841 0 0 -4.05811 22.02894 2.32649 -13
0.97398 -0.26132 30.26841 0 0 7.98650 22.02894 2.32651 -13
-0.18577 -0.04913 31.81329 0 0 1.54753 31.27934 1.38733 13
0.21016 0.06438 92.43116 0 0 -1.86617 90.46297 1.77752 13
1.86271 -0.02801 75.24139 0 0 0.94003 35.59992 2.64874 -13
0.90260 -0.01651 16.10608 0 0 0.53854 11.95642 2.30498 13
-1.87778 -0.04533 15.18539 0 0 1.51607 7.14334 0.48977 -13
0.69261 -0.18175 49.32355 0 0 5.57580 40.75968 2.16896 -13
0.67944 0.04245 95.34751 0 0 -1.19312 78.88816 2.16717 -13
-0.28600 0.04680 25.60197 0 0 -1.34922 24.61706 1.29252 13
-2.11643 -0.20346 97.48453 0 0 6.20688 42.34007 0.44929 13
0.34433 0.13131 16.68950 0 0 -3.84901 15.79432 1.89979 -13
0.35345 -0.26826 16.68950 0 0 8.20625 15.79432 1.89977 -13
0.16470 0.04193 88.09836 0 0 -1.18908 86.92921 1.73389 13
2.14293 -0.03676 40.54328 0 0 1.21814 17.15416 2.70472 -13
0.14809 -0.16692 96.20640 0 0 5.12191 95.19613 1.71584 -13
-0.52889 0.01964 23.42803 0 0 -0.53465 20.71069 1.08438 13
-0.56729 0.06987 55.93749 0 0 -2.03670 48.68241 1.05582 13
-1.56427 -0.04943 84.27704 0 0 1.58362 45.43247 0.56935 -13
-1.44326 0.06575 81.47316 0 0 -1.91324 46.46862 0.60694 13
0.70898 -0.15413 92.21298 0 0 4.72470 75.51856 2.18200 13
-2.09234 -0.24015 45.43897 0 0 7.35187 20.04431 0.45684 -13
1.26632 -0.14183 24.54519 0 0 4.39171 15.30587 2.46832 -13
-1.01028 0.00604 48.51297 0 0 -0.08683 34.12874 0.78029 -13
1.18571 -0.18503 27.48643 0 0 5.69067 17.89475 2.43265 -13
1.41567 -0.16452 54.77069 0 0 5.05913 31.88259 2.52029 -13
-0.21119 0.02705 22.77468 0 0 -0.71277 22.28352 1.36274 -13
