0.17131 0.05161 65.51870 0 0 -1.46829 64.58045 1.74023 -13
-1.01391 -0.04338 80.07427 0 0 1.38153 56.25531 0.77896 13
-0.40127 0.14688 1.07782 0 0 -3.83559 1.00159 1.19287 -13
-0.40944 -0.25182 1.07782 0 0 8.20605 1.00159 1.19284 -13
-0.45783 -0.19258 52.63413 0 0 5.90117 48.00603 1.14830 -13
1.86338 -0.13654 45.89011 0 0 4.17904 21.85562 2.64519 13
-0.01018 0.05811 26.64704 0 0 -1.65401 26.64566 1.56063 -13
-0.91859 0.12609 87.27281 0 0 -3.72912 64.50261 0.83173 13
-0.94494 -0.27385 87.27281 0 0 8.33422 64.50261 0.83173 13
-0.41239 -0.01280 97.57318 0 0 0.47279 90.20491 1.17968 -13
-2.10857 -0.09323 8.86487 0 0 3.02226 3.81188 0.44452 -13
-0.40933 0.11873 42.43064 0 0 -3.51290 39.30743 1.18472 13
-0.42228 -0.28166 42.43064 0 0 8.56374 39.30743 1.18473 13
-0.89822 0.04599 67.71497 0 0 -1.29606 50.40014 0.83949 -13
-1.82994 0.14831 43.41540 0 0 -4.41576 20.99477 0.50472 13
-1.86610 -0.25053 43.41540 0 0 7.61378 20.99477 0.50471 13
-0.91399 -0.24653 14.80046 0 0 7.46609 11.06947 0.84497 13
0.07884 0.11407 78.36936 0 0 -3.36576 78.13003 1.64897 13
0.60519 -0.14573 53.96761 0 0 4.46635 46.30020 2.11038 13
-1.70380 -0.07844 59.19408 0 0 2.46368 30.03129 0.53209 -13
-0.75122 0.02936 38.09091 0 0 -0.81997 30.45959 0.92672 13
0.07949 -0.17071 92.65644 0 0 5.22564 92.37331 1.64899 13
-0.87840 -0.21297 94.24138 0 0 6.49784 71.48342 0.86103 13
0.26132 0.14465 63.84685 0 0 -4.27404 61.81294 1.82388 -13
0.26687 -0.25432 63.84685 0 0 7.76104 61.81294 1.82388 -13
0.63516 -0.08973 79.22989 0 0 2.78058 66.95699 2.13485 13
-1.12559 -0.06030 67.22935 0 0 1.91152 44.69668 0.72728 -13
-0.96210 0.10768 52.27016 0 0 -3.18030 37.77183 0.80759 13
-0.07664 -0.12694 15.46396 0 0 3.94348 15.41947 1.49491 -13
0.01295 -0.19838 26.65147 0 0 6.08455 26.64933 1.58350 -13
-1.93243 -0.21508 43.42765 0 0 6.54437 20.31682 0.48682 13
1.03364 0.01633 1.85847 0 0 -0.04246 1.29217 2.37267 -13
-0.19337 -0.05184 50.19180 0 0 1.63523 49.28131 1.38003 13
-0.87139 0.05032 45.53912 0 0 -1.42218 34.35171 0.85464 -13
-1.86941 -0.10663 14.38628 0 0 3.22280 6.81584 0.49355 13
0.47953 -0.07858 66.02424 0 0 2.46004 59.56731 2.01674 -13
0.52956 -0.12314 28.00425 0 0 3.77538 24.78911 2.05470 13
-0.30261 -0.14421 82.46961 0 0 4.42513 79.00222 1.27979 13
0.45970 0.01753 41.82351 0 0 -0.43486 38.00175 2.00163 -13
0.53978 0.08777 69.55158 0 0 -2.57432 61.25743 2.06415 13
-0.54918 0.00248 63.70919 0 0 -0.00244 55.84250 1.06859 13
-1.73879 0.06243 81.85612 0 0 -1.81431 40.86888 0.52276 13
2.04212 -0.06027 43.56507 0 0 1.87270 19.18735 2.68551 13
-0.62836 -0.07449 20.22711 0 0 2.29948 17.14000 1.01103 13
0.34413 -0.03789 98.04186 0 0 1.22953 92.71310 1.90201 -13
1.98038 0.12130 27.32619 0 0 -3.61649 12.38980 2.67105 13
2.04113 -0.27900 27.32619 0 0 8.45447 12.38980 2.67106 13
-1.45878 -0.03767 86.60637 0 0 1.22745 48.99191 0.60126 -13
0.75725 -0.10967 19.69778 0 0 3.36026 15.73779 2.21605 13
0.15727 0.05586 77.35670 0 0 -1.60999 76.42027 1.72655 13
0.38705 -0.08328 25.39344 0 0 2.57266 23.69191 1.93892 13
0.44440 -0.00096 78.04601 0 0 0.11718 71.32059 1.98898 -13
-0.21067 0.03111 45.55895 0 0 -0.86786 44.58130 1.36326 13
-0.94783 -0.19563 49.25175 0 0 5.96845 36.06202 0.82154 13
-0.01014 0.06083 39.77370 0 0 -1.76656 39.77166 1.56067 13
-0.29429 -0.18165 30.22021 0 0 5.57831 29.02772 1.28895 -13
-0.90968 0.05579 85.29880 0 0 -1.60970 63.14190 0.83343 13
0.40345 -0.10709 81.90455 0 0 3.31853 76.01595 1.95230 -13
0.09759 -0.12070 92.43141 0 0 3.71672 92.00054 1.66738 13
0.08335 0.01689 14.57794 0 0 -0.39398 14.52757 1.65394 -13
-1.12088 0.09241 64.70593 0 0 -2.69507 43.17823 0.73058 -13
-0.67172 0.07053 18.05139 0 0 -2.01587 14.99632 0.98045 -13
1.40048 0.05671 72.57247 0 0 -1.61789 42.21723 2.52075 -13
-0.59992 0.09588 33.38930 0 0 -2.79409 28.66653 1.03245 -13
-1.25461 -0.10435 66.99142 0 0 3.24133 41.89334 0.67559 -13
0.87200 -0.09760 17.31568 0 0 3.06013 13.07793 2.28558 -13
-0.49643 -0.01098 1.10014 0 0 -0.07814 0.98536 1.11003 13
-0.11351 0.09732 68.54503 0 0 -2.84780 68.11173 1.45830 -13
1.13454 -0.18913 93.99263 0 0 5.77858 62.76358 2.41042 13
-0.55344 0.04536 19.35200 0 0 -1.31542 16.93571 1.06575 13
-0.68985 -0.18274 67.82347 0 0 5.60222 56.12135 0.97457 -13
2.02689 0.13681 64.51885 0 0 -4.06237 28.76027 2.67958 13
2.07618 -0.26262 64.51885 0 0 7.98324 28.76027 2.67956 13
0.61156 0.11972 62.22752 0 0 -3.53847 53.18923 2.11651 13
0.63068 -0.28062 62.22752 0 0 8.53637 53.18923 2.11651 13
0.84249 -0.22067 45.65673 0 0 6.75254 35.25792 2.25923 -13
0.47708 -0.13967 3.43857 0 0 4.13142 3.10899 2.01220 13
-0.32748 -0.09319 18.75060 0 0 2.86455 17.82673 1.25560 13
-1.15910 -0.02927 15.73777 0 0 1.00980 10.28325 0.71206 -13
-0.91381 -0.11461 13.56759 0 0 3.48876 10.04519 0.83365 13
0.53064 -0.00768 82.50846 0 0 0.31960 72.88342 2.05864 -13
0.89165 -0.16867 25.16337 0 0 5.19459 18.89841 2.29202 -13
0.97040 -0.08107 54.88940 0 0 2.51463 39.45363 2.33954 13
-0.08692 0.12051 47.91554 0 0 -3.54384 47.73810 1.48472 -13
-0.08961 -0.27972 47.91554 0 0 8.52980 47.73810 1.48471 -13
-0.48513 -0.09052 71.20107 0 0 2.81908 64.11029 1.12072 -13
-1.61142 0.12079 72.89156 0 0 -3.55016 38.63602 0.55866 -13
-1.66101 -0.27941 72.89156 0 0 8.52241 38.63602 0.55867 -13
-0.31542 -0.09437 89.62369 0 0 2.93389 85.50671 1.26652 -13
1.51003 -0.24346 24.87365 0 0 7.38794 14.00937 2.54333 13
0.95058 -0.23125 58.47133 0 0 7.06818 42.89965 2.31787 -13
0.22492 -0.05116 67.09343 0 0 1.61727 65.46216 1.79176 13
1.72996 0.00189 5.24654 0 0 -0.16410 2.62609 2.61747 13
1.50477 -0.17650 23.18459 0 0 5.44340 12.96913 2.54796 -13
-1.44039 -0.24029 73.77617 0 0 7.34237 42.87086 0.62007 -13
-0.33792 -0.04169 18.59073 0 0 1.31019 17.61390 1.24518 13
-0.38461 -0.10903 43.64533 0 0 3.38236 40.76714 1.20560 -13
0.50917 0.06468 55.76636 0 0 -1.85991 49.71685 2.04091 -13
-0.08375 0.07901 66.40813 0 0 -2.30942 66.17789 1.48750 13
1.54883 -0.02961 99.41333 0 0 0.96526 53.93984 2.56808 13
0.04895 -0.20959 4.88297 0 0 6.29894 4.87738 1.61866 13
0.90596 0.09322 57.02821 0 0 -2.74248 42.34600 2.30474 13
-1.56088 0.06708 31.20603 0 0 -1.97261 16.86078 0.57080 13
-0.56573 0.00036 2.61412 0 0 -0.14299 2.27517 1.05596 13
-0.91102 0.11698 36.84029 0 0 -3.46552 27.31717 0.83531 13
0.38949 -0.12593 9.20246 0 0 3.82190 8.58371 1.93956 13
0.24096 0.02684 50.04347 0 0 -0.73841 48.65182 1.80717 13
1.74422 -0.23777 42.64997 0 0 7.22902 21.65295 2.60907 13
-1.47600 0.13425 15.28376 0 0 -4.02464 8.62494 0.59962 13
-1.51370 -0.26532 15.28376 0 0 8.02401 8.62494 0.59956 13
0.04560 0.07839 72.48364 0 0 -2.27692 72.40890 1.61623 -13
-0.04452 -0.15980 78.81640 0 0 4.90765 78.74034 1.52686 -13
-0.75187 0.01288 55.94369 0 0 -0.31803 44.71603 0.92614 13
-0.94010 0.01344 49.37304 0 0 -0.33756 35.97426 0.81631 13
-0.98310 -0.20693 61.11214 0 0 6.33500 44.02625 0.80440 -13
1.11185 -0.12430 27.92733 0 0 3.80289 18.75517 2.40530 13
0.60116 -0.08636 12.18548 0 0 2.64084 10.45402 2.11043 13
-1.66911 -0.11455 29.41341 0 0 3.50010 15.19206 0.54265 13
2.09424 -0.17850 95.97758 0 0 5.45416 41.88695 2.68998 13
0.79628 -0.24580 66.13989 0 0 7.50485 52.32211 2.22902 -13
-0.03643 -0.08052 85.94810 0 0 2.50423 85.89148 1.53450 13
0.25681 -0.16063 56.72525 0 0 4.93508 54.98523 1.81913 -13
0.29006 -0.09617 68.16020 0 0 2.97467 65.48517 1.85188 13
0.26437 -0.18369 79.11182 0 0 5.62874 76.56585 1.82518 -13
-2.07278 -0.24596 71.22781 0 0 7.51750 31.69249 0.46110 -13
1.51576 -0.21506 67.46184 0 0 6.55508 37.73548 2.54797 13
-0.27654 0.06954 29.83353 0 0 -2.03371 28.75926 1.30162 13
-0.01042 0.03162 65.09872 0 0 -0.87987 65.09519 1.56038 13
-1.38780 0.11612 39.91612 0 0 -3.40054 23.43819 0.62758 -13
1.02978 -0.19139 97.66350 0 0 5.84794 68.66495 2.36188 13
-1.65514 -0.19227 31.43165 0 0 5.85137 16.47022 0.55155 13
-0.60252 0.05365 7.44060 0 0 -1.61276 6.37571 1.02916 13
-0.48723 -0.13575 96.58494 0 0 4.18133 86.97903 1.12100 -13
0.52610 0.61720 96.58494 0 0 4.13390 86.97903 1.99173 -13
-0.80350 -0.91451 96.58494 0 0 5.50333 86.97903 2.10601 -13
0.61994 0.91007 96.58494 0 0 3.97826 86.97903 2.00069 -13
-0.40523 -1.34875 96.58494 0 0 4.82983 86.97903 1.80762 -13
0.01050 0.31179 96.58494 0 0 5.09408 86.97903 1.56077 -13
-0.08017 0.61428 96.58494 0 0 4.08212 86.97903 1.50259 -13
-0.11311 -0.16099 96.58494 0 0 6.11507 86.97903 1.68201 -13
0.37621 0.04592 96.58494 0 0 4.56557 86.97903 1.93028 -13
-0.65177 0.51599 96.58494 0 0 6.20063 86.97903 2.09579 -13
-0.04283 -0.94562 96.58494 0 0 5.79985 86.97903 1.53969 -13
-0.03623 0.21768 96.58494 0 0 6.82918 86.97903 1.60618 -13
-0.20375 -0.22240 58.81373 0 0 6.79873 57.68379 1.37447 -13
0.56928 -0.06560 83.31278 0 0 2.06669 72.44084 2.08740 -13
0.29692 -0.20460 68.62655 0 0 6.24537 65.89500 1.85388 13
0.46236 0.06527 47.75263 0 0 -1.87667 43.35997 2.00307 -13
-0.78981 0.06134 12.19603 0 0 -1.81821 9.57775 0.90321 13
-0.30630 -0.14653 38.50634 0 0 4.48871 36.85125 1.27653 13
-1.69266 0.03200 28.98699 0 0 -0.85204 14.74972 0.53384 -13
0.16971 0.10058 11.38697 0 0 -2.99500 11.22812 1.73808 13
0.24427 0.05362 57.92408 0 0 -1.52738 56.27414 1.81004 -13
2.09684 0.09074 52.18291 0 0 -2.67744 22.54155 2.69499 13
-0.37220 0.14563 49.52742 0 0 -4.32281 46.47515 1.21790 13
-0.37995 -0.25331 49.52742 0 0 7.71088 46.47515 1.21790 13
0.50272 -0.12209 73.00508 0 0 3.77151 65.32318 2.03366 -13
-0.49936 -0.16762 23.08874 0 0 5.11294 20.71306 1.11317 13
-0.57148 0.01749 50.20396 0 0 -0.43538 43.58992 1.05168 -13
0.02798 -0.17091 63.87098 0 0 5.22924 63.84669 1.59837 13
0.34152 -0.03285 80.43519 0 0 1.07865 76.12280 1.89973 -13
-1.70908 0.10872 55.70770 0 0 -3.18085 28.25597 0.53196 -13
-0.32125 -0.24406 22.36154 0 0 7.46784 21.34620 1.26829 -13
0.05764 0.01249 54.72361 0 0 -0.30331 54.63293 1.62837 13
0.57501 0.09528 53.43969 0 0 -2.78315 46.37882 2.09069 -13
0.88301 0.04619 53.62655 0 0 -1.30020 40.21736 2.29362 -13
-2.11416 -0.24378 42.56739 0 0 7.40777 18.63328 0.45308 13
-0.02077 -0.20096 29.50284 0 0 6.12620 29.49672 1.55044 13
0.63938 0.10397 66.77794 0 0 -3.06353 56.34850 2.13723 13
-0.03353 -0.10146 31.71019 0 0 3.12612 31.69258 1.53745 13
0.73212 -0.06346 79.95729 0 0 2.00301 64.56061 2.20180 -13
-0.46066 -0.02036 10.98354 0 0 0.74428 9.97637 1.13919 -13
0.83443 -0.14857 95.52663 0 0 4.55642 73.67334 2.26082 13
-0.18996 -0.24876 97.39752 0 0 7.57999 95.78363 1.38850 13
-0.08313 0.07392 52.07050 0 0 -2.13877 51.89246 1.48808 -13
0.55051 0.04593 27.60547 0 0 -1.28494 24.18916 2.07358 -13
0.28259 -0.13267 30.97103 0 0 4.06662 29.82315 1.84393 13
-0.80957 -0.19260 33.47158 0 0 5.90950 26.20087 0.89913 -13
-0.39730 0.01090 33.37744 0 0 -0.26316 31.01940 1.19264 13
0.10265 -0.17179 89.67441 0 0 5.25815 89.21899 1.67162 13
-0.73716 0.00565 64.40567 0 0 -0.09818 51.84265 0.93557 13
0.37613 -0.00694 66.32274 0 0 0.29858 62.07706 1.93055 -13
-0.60547 0.06914 61.32000 0 0 -1.99519 52.48815 1.02742 -13
1.99673 -0.04085 70.50265 0 0 1.29777 31.59197 2.67696 13
-0.39870 -0.16850 20.94465 0 0 5.13797 19.49208 1.19621 13
-0.25514 0.08377 46.55016 0 0 -2.45656 45.11472 1.32182 13
-0.74337 -0.06850 28.98991 0 0 2.16872 23.28524 0.93267 -13
-0.35756 0.00391 38.13760 0 0 -0.02306 35.91105 1.22740 -13
0.96869 -0.18778 88.24765 0 0 5.75282 63.91412 2.33164 -13
0.24788 -0.15161 9.25701 0 0 4.71044 8.99091 1.81114 -13
0.27387 -0.17452 34.65667 0 0 5.33094 33.46033 1.83431 13
-2.15513 -0.05322 20.68379 0 0 1.74141 8.71625 0.43498 -13
0.81245 -0.18246 61.83545 0 0 5.57486 48.30277 2.24508 13
-0.11820 -0.04722 16.62644 0 0 1.47640 16.51180 1.45327 13
-1.11094 -0.03703 49.60590 0 0 1.18365 33.19973 0.73323 13
-0.24399 -0.06918 13.79741 0 0 2.13275 13.40598 1.33203 13
-1.10990 -0.05901 96.42259 0 0 1.86892 64.60394 0.73422 -13
0.32830 0.07129 2.98332 0 0 -1.87523 2.83583 1.88726 -13
-0.97944 0.10512 96.65701 0 0 -3.08273 69.23896 0.79853 -13
-1.96479 0.10906 90.15711 0 0 -3.22019 41.08601 0.47318 13
-0.31293 -0.15327 23.20881 0 0 4.72650 22.17229 1.27081 -13
-0.03973 -0.03865 86.95311 0 0 1.25284 86.88468 1.53112 -13
-0.07658 0.12964 52.23368 0 0 -3.83877 52.08369 1.49499 13
-0.07868 -0.27008 52.23368 0 0 8.21835 52.08369 1.49498 13
-0.53030 -0.19763 37.34776 0 0 6.02849 33.13265 1.09109 13
-0.22553 -0.21237 33.44408 0 0 6.47202 32.65880 1.35366 13
-0.66528 0.02012 43.05857 0 0 -0.51198 35.85202 0.98385 -13
1.48159 -0.18757 69.16380 0 0 5.75211 39.15314 2.53983 -13
1.12390 -0.16424 52.51968 0 0 5.02031 35.16932 2.40785 13
0.21049 0.05650 80.22037 0 0 -1.61692 78.50550 1.77794 -13
0.09258 -0.15371 25.03571 0 0 4.69759 24.93155 1.66205 13
0.32242 -0.08114 94.40263 0 0 2.52366 89.87573 1.88173 13
0.54451 0.00239 69.20853 0 0 0.01700 60.78218 2.06942 -13
0.33990 -0.02553 54.00813 0 0 0.84219 51.13674 1.89835 13
1.79229 -0.00765 63.06437 0 0 0.29620 30.72779 2.63266 13
0.76065 0.13498 63.98364 0 0 -4.00019 51.09351 2.21673 13
0.77973 -0.26447 63.98364 0 0 8.04848 51.09351 2.21673 13
1.00421 -0.11703 74.93856 0 0 3.62166 53.05828 2.35489 -13
0.31763 -0.23470 92.54831 0 0 7.15551 88.41742 1.87070 13
-0.30681 0.00268 91.67268 0 0 -0.00530 87.64060 1.27311 13
-1.10211 -0.19654 51.30533 0 0 6.02454 34.83268 0.74630 -13
0.69140 -0.05179 93.60099 0 0 1.64960 77.02435 2.17510 -13
0.12456 0.03297 99.60505 0 0 -0.91832 98.84198 1.69466 13
0.98149 0.14496 9.29914 0 0 -4.21486 6.67049 2.34166 -13
1.00215 -0.25391 9.29914 0 0 7.82095 6.67049 2.34165 -13
-0.70750 0.04126 56.67726 0 0 -1.17373 46.28153 0.95545 13
-0.32082 0.03509 91.28303 0 0 -0.97182 86.92443 1.26053 -13
2.10834 0.11889 54.61705 0 0 -3.48426 23.53986 2.69599 -13
1.49833 -0.01849 43.24610 0 0 0.65915 24.01011 2.55300 -13
1.52871 0.08419 7.98606 0 0 -2.34940 4.38337 2.56069 -13
2.06280 -0.03120 48.07510 0 0 0.99908 20.97953 2.69001 13
0.04329 0.12194 37.62680 0 0 -3.61010 37.59208 1.61374 13
0.04460 -0.27825 37.62680 0 0 8.46044 37.59208 1.61373 13
-0.27677 -0.07825 40.48601 0 0 2.45338 39.02735 1.30157 -13
1.70884 -0.08752 15.19534 0 0 2.78396 7.69630 2.61047 -13
-1.93278 0.11571 59.38403 0 0 -3.42626 27.43228 0.48018 13
-1.28190 -0.05987 20.13645 0 0 1.92535 12.39913 0.66335 -13
-0.31919 -0.11965 95.25295 0 0 3.69552 90.80170 1.26388 -13
-1.11193 -0.20700 1.46852 0 0 6.86799 0.99347 0.74289 -13
0.71469 -0.16130 29.29876 0 0 4.96766 23.93917 2.18525 -13
1.67532 -0.13000 36.50644 0 0 3.97667 18.82637 2.59976 13
-1.97718 -0.06795 66.98440 0 0 2.11591 30.28685 0.46918 13
-1.76095 0.11444 20.22011 0 0 -3.41814 10.03292 0.51926 13
0.88719 -0.01196 25.86458 0 0 0.46743 19.34842 2.29645 -13
0.45607 -0.11050 55.77146 0 0 3.40472 50.79582 1.99640 13
0.95275 -0.17046 86.42534 0 0 5.21561 62.99730 2.32485 13
1.28671 0.02081 8.52823 0 0 -0.45501 5.23408 2.48082 -13
-1.69252 -0.06413 22.27253 0 0 1.97250 11.34703 0.53455 13
0.42373 -0.17262 39.14776 0 0 5.27436 36.12500 1.96634 13
-0.97029 0.13047 77.59280 0 0 -3.86270 55.91544 0.80469 13
-0.99638 -0.26922 77.59280 0 0 8.19369 55.91544 0.80470 13
0.35330 -0.21607 12.12448 0 0 6.55406 11.46018 1.90330 13
-0.34218 -0.15408 4.63509 0 0 4.61324 4.39055 1.24468 13
0.85602 -0.20477 73.14272 0 0 6.24913 56.04394 2.26864 13
-1.72353 -0.02690 20.28040 0 0 0.84426 10.18087 0.52589 13
0.11184 0.09487 85.03884 0 0 -2.78594 84.51647 1.68168 13
0.19574 -0.20920 90.62934 0 0 6.39733 89.01034 1.76009 -13
0.48078 0.09991 33.23606 0 0 -2.91614 29.98202 2.01701 -13
-1.95823 -0.08372 34.94693 0 0 2.63638 15.93839 0.47356 -13
-1.29088 0.10491 55.93267 0 0 -3.09761 34.37052 0.66175 13
-1.35474 -0.22924 90.59191 0 0 6.98704 54.69142 0.64815 13
1.37459 -0.21511 92.02303 0 0 6.57839 54.93609 2.50186 -13
-0.88907 0.12309 91.23258 0 0 -3.63820 68.40794 0.84778 13
-0.91564 -0.27701 91.23258 0 0 8.43039 68.40794 0.84778 13
-0.15653 -0.05462 68.04019 0 0 1.73607 67.22401 1.41575 -13
-0.45014 -0.22489 9.14378 0 0 6.92700 8.37177 1.15698 -13
-0.88124 -0.12425 6.72186 0 0 3.73210 5.06025 0.85224 13
0.20966 -0.01611 84.19745 0 0 0.56136 82.40614 1.77744 13
0.85711 -0.19692 64.21205 0 0 6.01149 49.14421 2.27002 13
1.73883 -0.12678 62.96800 0 0 3.88996 31.57991 2.61623 13
-0.92866 0.03654 27.28685 0 0 -1.04630 20.00094 0.82270 13
-0.80882 -0.19435 53.82440 0 0 5.93151 42.15347 0.89975 13
-1.12263 0.11963 82.56212 0 0 -3.53649 55.13334 0.73122 13
-1.15776 -0.28069 82.56212 0 0 8.53862 55.13334 0.73122 13
-1.69727 -0.17576 23.28221 0 0 5.33955 11.95091 0.53910 13
-1.31547 -0.05586 66.25516 0 0 1.77844 40.13560 0.65074 -13
-0.10349 -0.11713 13.31392 0 0 3.57337 13.24401 1.46837 13
-0.82277 0.04528 58.01607 0 0 -1.29527 44.81929 0.88282 13
0.43536 -0.17876 21.12564 0 0 5.44759 19.41756 1.97568 13
1.37728 0.05607 74.61171 0 0 -1.59950 43.88162 2.51284 -13
0.75064 -0.19505 2.46299 0 0 5.70731 1.98304 2.20576 13
-2.15086 -0.11409 98.30468 0 0 3.51081 41.66497 0.43768 13
0.57396 0.00910 42.31757 0 0 -0.18031 36.70230 2.09183 -13
-0.88566 -0.15137 24.62692 0 0 4.62142 18.52737 0.85158 13
-1.46769 -0.02120 46.37416 0 0 0.70268 26.11588 0.59820 13
-0.65085 0.07163 39.24262 0 0 -2.06473 32.91528 0.99499 -13
1.03107 -0.10754 75.97120 0 0 3.33453 53.04816 2.36862 -13
-1.59739 0.10197 77.88180 0 0 -2.98269 41.47911 0.56166 -13
-1.71158 -0.02541 52.19492 0 0 0.86659 26.33700 0.52890 -13
-0.03872 -0.17817 64.60055 0 0 5.46310 64.55367 1.53270 -13
-0.61480 0.04430 76.54814 0 0 -1.26261 65.22756 1.02000 13
2.02650 -0.00593 68.71632 0 0 0.27599 30.40886 2.68318 -13
-0.78929 -0.22925 40.73530 0 0 6.98085 32.28578 0.91504 13
0.12317 -0.08239 18.69848 0 0 2.54026 18.55915 1.69294 13
-2.12068 -0.06267 93.03441 0 0 1.95973 39.74361 0.44138 13
-0.07676 0.11071 34.11445 0 0 -3.27294 34.01561 1.49465 13
0.97228 0.03051 79.53010 0 0 -0.84773 57.03399 2.34191 13
-0.83905 -0.08205 53.68620 0 0 2.54418 41.18354 0.87435 13
0.21084 0.06569 22.76244 0 0 -1.87922 22.27484 1.77816 -13
2.01418 -0.10137 96.57190 0 0 3.15035 43.12159 2.67873 -13
1.40956 0.06396 86.54740 0 0 -1.85789 50.14585 2.52359 13
-0.26285 -0.06428 74.36848 0 0 2.02702 71.93490 1.31427 -13
-2.12352 0.10486 57.47106 0 0 -3.06186 24.59432 0.44222 -13
1.44639 -0.20845 47.01785 0 0 6.35189 27.12340 2.52669 13
2.04438 -0.03610 26.87160 0 0 1.13009 11.81341 2.68641 13
0.58808 -0.11086 51.61492 0 0 3.41394 44.56127 2.09974 13
-2.04926 -0.03382 84.19287 0 0 1.08763 36.93995 0.45421 13
2.11743 0.04669 24.99032 0 0 -1.37197 10.68113 2.69995 13
-1.60516 -0.09318 27.73553 0 0 2.92607 14.71117 0.55909 -13
-0.55071 -0.03223 51.97064 0 0 1.04263 45.52948 1.06763 13
0.80958 0.06068 26.40704 0 0 -1.72481 20.53901 2.25045 -13
-1.26890 0.08573 1.22304 0 0 -1.84660 0.75825 0.66921 -13
-1.46969 0.01012 14.44381 0 0 -0.28398 8.12555 0.59748 13
-0.35346 0.10940 6.17910 0 0 -3.13304 5.82964 1.23291 -13
-0.89466 0.14685 10.74716 0 0 -4.41115 8.04745 0.84624 13
-0.91275 -0.25199 10.74716 0 0 7.61999 8.04745 0.84629 13
0.85560 -0.04941 3.34306 0 0 1.75780 2.54121 2.27793 -13
-0.32333 0.01243 30.54982 0 0 -0.31060 29.06838 1.25810 13
-1.00158 0.01758 91.62961 0 0 -0.44144 64.74617 0.78469 -13
1.04981 -0.04129 19.85067 0 0 1.29008 13.69760 2.38007 13
-0.45632 0.06982 31.77390 0 0 -2.00814 28.91878 1.14362 -13
1.04165 0.02534 85.98049 0 0 -0.69107 59.55455 2.37643 13
0.64593 -0.16648 51.98498 0 0 5.11434 43.84166 2.13809 -13
1.80949 -0.03286 31.63717 0 0 1.10480 15.30869 2.63650 -13
-0.05715 -0.21586 71.96106 0 0 6.59944 71.84903 1.51499 -13
-0.16721 -0.00536 25.32382 0 0 0.26248 24.97703 1.40512 -13
-1.60766 -0.05137 29.33342 0 0 1.59905 15.50823 0.55704 13
-0.15577 0.03092 60.79412 0 0 -0.85905 60.07043 1.41634 13
1.15918 -0.19773 66.23149 0 0 6.05774 43.73660 2.42029 -13
1.15427 -0.10698 4.43365 0 0 3.13146 2.91282 2.42487 13
-1.12648 0.10428 32.54940 0 0 -3.04069 21.67434 0.72867 -13
-0.15934 0.11173 26.15189 0 0 -3.27011 25.83009 1.41374 -13
0.21139 0.05452 54.69989 0 0 -1.55384 53.52084 1.77882 -13
-0.60043 -0.12857 97.18479 0 0 3.96531 83.49894 1.03367 -13
1.97719 -0.15260 18.60505 0 0 4.73866 8.47360 2.66869 -13
-0.30661 -0.01131 97.95704 0 0 0.41731 93.65432 1.27330 13
0.52059 -0.22690 62.41151 0 0 6.93489 55.65017 2.04057 -13
2.09248 -0.23909 78.57991 0 0 7.27910 34.65425 2.68487 13
0.89325 0.04337 26.31864 0 0 -1.20302 19.63640 2.29940 -13
0.01098 -0.09822 62.89299 0 0 3.03618 62.88923 1.58172 13
0.03969 0.10706 60.51374 0 0 -3.14074 60.46668 1.61024 -13
-0.36404 -0.17725 18.06870 0 0 5.45808 17.00915 1.22662 -13
-0.88979 0.08018 9.21506 0 0 -2.40955 6.89375 0.84524 13
-0.33334 0.06057 92.33608 0 0 -1.75075 87.61385 1.24959 13
-0.21253 -0.23564 71.23569 0 0 7.18176 69.75865 1.36681 13
0.69081 -0.02245 36.74407 0 0 0.77659 30.23360 2.17521 -13
-0.12416 -0.05247 25.12331 0 0 1.68307 24.93237 1.44744 -13
-0.52670 -0.03917 94.18182 0 0 1.26817 83.34384 1.08633 -13
0.03055 -0.15972 9.84995 0 0 4.95042 9.84548 1.60096 -13
0.92655 -0.20604 77.05044 0 0 6.30531 57.05824 2.30773 -13
0.01374 -0.08588 14.72698 0 0 2.63901 14.72559 1.58448 13
0.30553 -0.15427 94.58397 0 0 4.72938 90.54609 1.86405 13
-0.53954 0.03508 24.24587 0 0 -0.95470 21.34120 1.07628 -13
0.71277 0.01779 5.01614 0 0 -0.33871 4.08521 2.18997 -13
-0.79366 0.10350 6.60734 0 0 -2.94111 5.18627 0.90253 -13
-1.09512 -0.11001 60.11283 0 0 3.41178 40.66728 0.74302 -13
-0.24431 0.11405 65.00561 0 0 -3.35138 63.17108 1.33266 -13
0.09052 0.12636 11.31276 0 0 -3.68477 11.26742 1.66036 -13
0.09304 -0.27345 11.31276 0 0 8.37885 11.26742 1.66030 -13
1.54390 -0.16088 28.32467 0 0 4.96593 15.53685 2.56098 -13
0.60191 0.06349 28.49432 0 0 -1.81371 24.42622 2.11173 -13
0.21312 0.00118 58.26944 0 0 0.03704 56.98946 1.78078 13
-0.40904 0.12939 30.17625 0 0 -3.83886 27.96277 1.18542 13
-0.42022 -0.27034 30.17625 0 0 8.21853 27.96277 1.18542 13
0.49155 -0.05350 31.41625 0 0 1.71152 28.20217 2.02709 -13
0.08286 -0.11573 38.90516 0 0 3.58528 38.77398 1.65292 -13
0.94638 -0.08543 27.39144 0 0 2.63357 19.92880 2.32684 13
-0.98296 -0.21852 78.52490 0 0 6.66442 56.63800 0.80565 13
-1.87672 -0.11191 18.18337 0 0 3.51665 8.59274 0.49216 -13
-0.77880 -0.10513 28.58716 0 0 3.23008 22.60075 0.91178 13
0.82113 0.05683 98.42714 0 0 -1.63965 76.11783 2.25750 13
0.98938 -0.08396 39.65606 0 0 2.59658 28.23945 2.34910 13
0.01405 -0.14287 4.18073 0 0 4.51028 4.18032 1.58471 -13
-1.70148 -0.04716 49.37554 0 0 1.48409 25.03871 0.53183 13
-0.20145 -0.10750 83.31709 0 0 3.31780 81.69451 1.37312 13
-0.25211 -0.16704 99.60593 0 0 5.11492 96.66216 1.32707 13
-0.07092 -0.06970 92.14113 0 0 2.17836 91.91140 1.50017 13
-0.56467 -0.20694 24.22989 0 0 6.34853 21.20401 1.06568 -13
1.66939 -0.15174 5.57288 0 0 4.48692 2.88815 2.59686 13
0.57352 -0.10064 94.42553 0 0 3.12306 82.01205 2.08935 -13
-0.27100 0.14393 24.74340 0 0 -4.28144 23.89842 1.30873 13
-0.27680 -0.25510 24.74340 0 0 7.75448 23.89842 1.30875 13
-0.54447 -0.19318 63.71847 0 0 5.89981 56.19302 1.07987 13
-0.09343 0.09868 14.15514 0 0 -2.85824 14.09435 1.47809 -13
-1.22366 -0.14404 26.05113 0 0 4.45586 16.58658 0.69019 -13
1.33132 -0.01735 70.48033 0 0 0.59311 42.33280 2.49730 13
-0.39093 0.07754 96.86241 0 0 -2.26255 90.24966 1.19915 13
0.71306 -0.11179 40.20033 0 0 3.43870 32.79959 2.18730 13
-0.14724 -0.23763 84.49940 0 0 7.24335 83.64560 1.42851 13
-1.26888 -0.23896 24.16538 0 0 7.32511 15.21406 0.68098 -13
-1.37933 -0.09343 41.46036 0 0 2.87909 24.40483 0.62937 13
-0.66684 0.05223 64.98076 0 0 -1.50345 54.08513 0.98330 13
-0.98816 0.04224 61.82530 0 0 -1.20333 43.99622 0.79180 13
-0.88792 0.05880 11.48232 0 0 -1.74953 8.59255 0.84555 13
2.04834 0.06524 11.65151 0 0 -1.79263 5.12056 2.68659 -13
-1.83100 -0.03725 45.99621 0 0 1.18250 22.05889 0.50017 13
-1.16285 -0.15080 45.44624 0 0 4.64696 29.82347 0.71581 -13
0.41196 -0.08619 81.50684 0 0 2.67457 75.40291 1.96027 13
-0.21750 -0.22966 22.86553 0 0 6.98517 22.36845 1.36191 13
0.46350 -0.23885 61.10916 0 0 7.29545 55.70975 1.99433 -13
0.13892 0.06419 6.35544 0 0 -1.93356 6.29521 1.70855 13
0.75775 -0.23541 63.16496 0 0 7.17245 50.83320 2.20631 13
-2.07519 -0.19399 66.64899 0 0 5.94972 29.36812 0.45631 -13
1.41272 -0.01349 89.66464 0 0 0.49789 51.80720 2.52557 -13
0.23252 -0.22835 1.15816 0 0 6.52019 1.12973 1.79372 13
-0.89213 0.08275 78.57314 0 0 -2.42338 58.72001 0.84404 13
-0.73553 0.00873 9.50423 0 0 -0.24374 7.65605 0.93664 13
-0.27101 0.12153 92.38124 0 0 -3.58979 89.20929 1.30799 13
-0.27928 -0.27867 92.38124 0 0 8.48248 89.20929 1.30799 13
-0.02835 -0.05926 86.69558 0 0 1.86301 86.66092 1.54251 13
-1.50975 -0.14867 64.83034 0 0 4.55229 36.07088 0.59006 13
0.06292 -0.06974 47.27797 0 0 2.19516 47.18507 1.63348 -13
-1.38608 -0.19167 82.05632 0 0 5.85258 48.58005 0.63357 13
0.81898 0.13471 42.66072 0 0 -3.96709 33.12335 2.25260 -13
0.83956 -0.26469 42.66072 0 0 8.08235 33.12335 2.25258 -13
-0.04096 -0.09846 19.40823 0 0 3.02530 19.39215 1.53006 13
-0.21684 -0.11272 16.01417 0 0 3.45033 15.65501 1.35857 13
0.84809 0.10223 28.11780 0 0 -3.02547 21.49080 2.27162 13
-0.19719 0.05214 63.73936 0 0 -1.49918 62.53850 1.37636 13
0.59532 0.00866 16.89604 0 0 -0.21387 14.51839 2.10775 13
0.61719 -0.04297 30.60981 0 0 1.39603 26.05471 2.12335 -13
-0.95739 0.01070 32.26165 0 0 -0.22087 23.30423 0.80719 -13
-0.86894 0.01612 49.19584 0 0 -0.41835 37.13710 0.85547 13
0.18421 0.09474 88.05495 0 0 -2.77099 86.61048 1.75217 -13
1.31227 0.00978 16.40788 0 0 -0.16517 9.94518 2.49041 -13
-0.14284 -0.21121 65.26089 0 0 6.45936 64.63276 1.43194 -13
0.16463 0.04474 90.25510 0 0 -1.27396 89.05865 1.73380 13
1.74543 -0.07306 35.33301 0 0 2.31092 17.59988 2.62017 -13
0.42147 -0.11496 24.96817 0 0 3.52854 23.03067 1.96733 13
0.15021 -0.10724 67.43108 0 0 3.30909 66.69137 1.71906 13
0.82409 0.13561 93.70209 0 0 -4.01607 72.57698 2.25559 13
0.84455 -0.26381 93.70209 0 0 8.03173 72.57698 2.25558 13
1.76678 -0.16996 41.18183 0 0 5.18523 20.50351 2.62042 13
-1.25661 -0.15598 79.11833 0 0 4.79601 49.62829 0.67803 -13
0.74266 -0.21448 67.69367 0 0 6.56011 54.77562 2.19885 -13
0.90681 0.02934 25.64087 0 0 -0.77848 18.99735 2.30715 -13
0.82082 -0.17784 26.53267 0 0 5.42241 20.63652 2.25048 13
-1.38206 -0.06190 18.20301 0 0 1.90311 10.68406 0.62727 13
1.14650 0.03375 83.46529 0 0 -0.92790 54.88086 2.42406 -13
-0.59771 -0.24416 73.38151 0 0 7.45468 63.45952 1.04473 -13
-0.15620 -0.03238 90.83709 0 0 1.06354 89.74993 1.41593 -13
1.76233 0.11673 79.45343 0 0 -3.45125 39.41232 2.62256 13
1.18888 -0.00016 76.12458 0 0 0.07586 49.00135 2.44227 13
-1.70482 0.13928 14.75744 0 0 -4.18637 7.52048 0.53469 13
-1.74485 -0.26009 14.75744 0 0 7.85484 7.52048 0.53465 13
-0.88969 -0.19512 15.20611 0 0 6.01146 11.45410 0.85297 -13
-1.96336 -0.13893 61.85062 0 0 4.25553 28.28468 0.47496 13
-0.81340 -0.22987 78.06351 0 0 7.02245 61.17190 0.90050 -13
-1.45101 0.05473 41.46575 0 0 -1.54888 23.55401 0.60412 -13
-1.35838 -0.12670 14.95939 0 0 3.96488 8.91425 0.63840 -13
0.26709 -0.02395 12.79718 0 0 0.76477 12.36409 1.83172 13
-0.26029 0.12641 35.97576 0 0 -3.74640 34.83277 1.31808 13
-0.26772 -0.27355 35.97576 0 0 8.31669 34.83277 1.31809 13
-0.95240 -0.16317 58.29351 0 0 5.01404 42.47492 0.81633 -13
0.26045 -0.16458 46.80626 0 0 5.06165 45.33491 1.82235 -13
-1.32063 -0.02580 7.06707 0 0 0.97536 4.26743 0.64826 -13
1.98717 -0.02963 46.48088 0 0 0.95127 20.90093 2.67519 13
0.17586 0.13304 51.41827 0 0 -3.94161 50.65434 1.74338 13
0.18042 -0.26651 51.41827 0 0 8.10994 50.65434 1.74339 13
0.18147 -0.21865 35.43190 0 0 6.69109 34.88780 1.74626 -13
-1.81683 0.14465 10.10529 0 0 -4.38609 4.91124 0.50754 13
-1.85514 -0.25453 10.10529 0 0 7.64722 4.91124 0.50762 13
-1.11608 -0.15449 18.31297 0 0 4.70220 12.30036 0.73646 13
-1.17448 -0.05764 17.61191 0 0 1.86183 11.42901 0.70615 -13
0.57743 -0.15633 14.19474 0 0 4.83793 12.32938 2.08924 -13
0.87131 -0.03452 27.30348 0 0 1.09878 20.59032 2.28724 13
0.39806 -0.24907 91.18038 0 0 7.59935 85.05543 1.93941 -13
0.79820 -0.18956 67.96662 0 0 5.80869 53.48174 2.23585 -13
0.36481 -0.00109 12.97814 0 0 0.15375 12.19213 1.92060 -13
-0.62800 -0.00390 53.37372 0 0 0.18820 45.19964 1.01004 13
-0.84329 -0.04838 77.02634 0 0 1.53256 58.91264 0.87079 13
0.57431 -0.07068 4.98134 0 0 2.10258 4.32230 2.09104 13
0.19552 -0.21526 85.07654 0 0 6.57997 83.56379 1.75966 -13
-0.73179 -0.22785 78.14281 0 0 6.94682 63.61071 0.95106 13
0.42217 0.10117 51.29259 0 0 -2.96076 47.29041 1.96845 -13
-0.37654 -0.22812 33.37339 0 0 6.97890 31.32899 1.21896 -13
0.66335 -0.18379 14.50070 0 0 5.58502 12.14431 2.14887 13
1.63696 -0.19378 76.19651 0 0 5.91426 40.25624 2.58497 13
0.80199 0.14273 18.65879 0 0 -4.25737 14.61330 2.24183 13
0.81960 -0.25633 18.65879 0 0 7.77970 14.61330 2.24183 13
0.39056 0.04377 62.26777 0 0 -1.23055 58.00848 1.94281 -13
-0.96587 -0.23745 94.65565 0 0 7.23715 68.97764 0.81646 13
0.12492 -0.20248 85.93497 0 0 6.18337 85.29798 1.69263 13
0.27820 0.01950 7.55409 0 0 -0.44094 7.27788 1.84209 -13
1.19497 -0.21110 21.83755 0 0 6.41246 14.19371 2.43404 13
0.21832 0.13875 79.50400 0 0 -4.11072 77.70755 1.78377 13
0.22347 -0.26050 79.50400 0 0 7.93259 77.70755 1.78377 13
-0.61131 -0.11710 12.50188 0 0 3.56786 10.68648 1.02513 13
0.20039 0.10768 49.36558 0 0 -3.15763 48.41409 1.76746 -13
0.09107 0.02693 85.70920 0 0 -0.72519 85.35624 1.66158 -13
-1.14063 0.07192 26.36982 0 0 -2.06123 17.40936 0.72108 -13
1.37399 0.06871 26.67137 0 0 -2.02192 15.71960 2.51133 13
-0.85028 -0.00964 16.82366 0 0 0.41035 12.81733 0.86616 -13
0.77453 -0.11256 11.18732 0 0 3.42104 8.86545 2.22676 13
1.22624 0.12440 74.89188 0 0 -3.68184 47.54865 2.45371 13
1.26225 -0.27566 74.89188 0 0 8.38442 47.54865 2.45371 13
-2.09857 -0.01100 14.32282 0 0 0.33522 6.16053 0.44471 13
0.98463 -0.23219 47.87161 0 0 7.07007 34.54972 2.33533 13
1.14550 0.06418 89.23130 0 0 -1.86276 58.74974 2.42289 13
-1.85718 -0.15300 85.74144 0 0 4.70800 41.01478 0.49878 -13
