2.03021 0.05433 17.61417 0 0 -1.49444 7.79202 2.68333 -13
-0.29811 -0.06538 49.34792 0 0 2.06367 47.29966 1.28166 -13
-0.06567 -0.04306 14.71810 0 0 1.34722 14.68654 1.50528 13
1.32640 -0.13034 44.81020 0 0 4.02960 27.11970 2.49153 -13
0.43893 -0.07662 73.06822 0 0 2.38511 66.93839 1.98333 13
-0.27204 -0.23496 71.69325 0 0 7.16171 69.30416 1.31191 13
-0.26611 0.01306 30.40810 0 0 -0.32947 29.38554 1.31073 13
-0.92565 0.13003 42.01030 0 0 -3.82465 30.94825 0.82817 -13
-0.95067 -0.26962 42.01030 0 0 8.23225 30.94825 0.82818 -13
-0.15163 -0.23096 44.22132 0 0 7.03614 43.74641 1.42411 13
0.58666 0.06580 60.26607 0 0 -1.89461 52.01033 2.10040 -13
-1.68656 -0.22795 44.99287 0 0 6.97831 23.37881 0.54638 -13
-1.59525 0.14908 5.79179 0 0 -4.26029 3.10063 0.56489 -13
-1.62661 -0.24944 5.79179 0 0 7.77178 3.10063 0.56477 -13
0.14651 0.09762 6.62278 0 0 -2.93753 6.55348 1.71559 13
-1.21719 -0.01420 31.60307 0 0 0.53300 20.06267 0.68780 -13
1.36770 -0.11254 4.56160 0 0 3.65225 2.70356 2.50726 -13
-1.27431 -0.13118 17.46011 0 0 3.98900 10.83581 0.66951 13
0.25405 0.09737 40.51869 0 0 -2.84307 39.28215 1.81846 -13
-1.29553 -0.00580 23.65320 0 0 0.29008 14.45289 0.65737 -13
-1.35105 -0.18114 79.77129 0 0 5.55549 47.95272 0.64491 -13
0.16234 -0.23678 6.51218 0 0 7.30430 6.43241 1.72748 -13
1.46555 -0.07358 15.13778 0 0 2.35797 8.54835 2.54156 -13
0.74667 0.03075 46.52231 0 0 -0.83336 37.28359 2.21193 -13
-0.30507 0.08710 94.40437 0 0 -2.54075 90.32488 1.27575 -13
-0.93829 0.08076 69.85976 0 0 -2.34512 51.02245 0.81884 -13
0.52410 -0.22986 99.52226 0 0 7.02030 88.63024 2.04303 -13
-1.93354 -0.16539 62.47795 0 0 5.05342 29.00625 0.48283 13
-0.32073 0.07892 37.00383 0 0 -2.31329 35.24608 1.26134 13
1.53481 0.14031 29.99782 0 0 -4.12183 16.48807 2.55966 -13
1.57009 -0.25883 29.99782 0 0 7.91968 16.48807 2.55969 -13
0.04123 -0.07353 4.58741 0 0 2.19362 4.58352 1.61189 13
0.44597 -0.19832 10.05571 0 0 6.11992 9.21313 1.98316 -13
0.38348 -0.09229 41.14104 0 0 2.87761 38.43418 1.93556 -13
-0.14468 -0.22912 55.21533 0 0 7.00245 54.67435 1.43070 -13
0.00736 0.08262 28.86337 0 0 -2.42753 28.86259 1.57813 13
0.41147 0.03276 57.11752 0 0 -0.91633 52.82492 1.96096 13
-0.36096 -0.10647 76.92198 0 0 3.29946 72.39937 1.22619 -13
-0.90857 0.03970 6.43894 0 0 -1.21819 4.76737 0.83366 13
0.19817 -0.07129 48.76021 0 0 2.22139 47.83456 1.76595 13
0.16534 0.07335 9.20464 0 0 -2.07675 9.08204 1.73422 -13
0.41028 -0.01475 1.33408 0 0 0.92515 1.23441 1.96009 -13
0.75663 -0.01120 57.99241 0 0 0.40843 46.24742 2.21849 13
0.57487 -0.14539 81.70136 0 0 4.46011 71.01416 2.08803 13
0.30036 -0.06998 15.67739 0 0 2.22605 15.01786 1.86191 -13
-0.52752 -0.04236 35.23494 0 0 1.34365 31.17049 1.08575 13
-1.31301 -0.22084 54.71280 0 0 6.72845 33.65008 0.66240 13
0.12365 0.06824 87.73515 0 0 -1.97172 87.07514 1.69353 -13
-0.28271 -0.14740 68.04140 0 0 4.51997 65.52688 1.29807 13
0.36374 -0.19331 62.84949 0 0 5.90477 59.18878 1.91381 13
1.20120 -0.12587 94.25799 0 0 3.88634 60.58611 2.44348 -13
-0.72225 -0.07348 51.43915 0 0 2.28612 41.73849 0.94657 13
-0.54460 1.37726 51.43915 0 0 2.32182 41.73849 1.88047 13
1.81898 -0.02983 9.74502 0 0 0.87709 4.69641 2.63875 13
1.38591 0.13282 53.38589 0 0 -3.94024 31.41755 2.51240 13
1.42186 -0.26671 53.38589 0 0 8.11225 31.41755 2.51239 13
-1.25542 -0.07916 74.01740 0 0 2.47970 46.20403 0.67415 -13
-0.16305 -0.00157 21.11117 0 0 0.10574 20.83601 1.40917 13
-0.07465 -0.08562 28.84729 0 0 2.68140 28.76784 1.49655 -13
-1.72322 -0.03771 41.22609 0 0 1.19482 20.70353 0.52612 13
0.02871 -0.04702 96.22899 0 0 1.50449 96.18944 1.59947 -13
0.15085 -0.01324 61.12614 0 0 0.48876 60.44238 1.72050 -13
0.25145 0.11226 60.24155 0 0 -3.31313 58.44417 1.81566 13
0.15179 -0.01605 58.55245 0 0 0.57373 57.88957 1.72141 -13
0.50275 0.01161 28.38560 0 0 -0.24951 25.36126 2.03661 -13
0.10902 -0.09991 7.50115 0 0 3.02808 7.45737 1.67886 13
0.43266 0.03384 77.51929 0 0 -0.93259 71.15226 1.97893 -13
0.48960 0.11488 87.08955 0 0 -3.38984 78.31677 2.02350 13
0.09765 0.05815 49.00183 0 0 -1.66284 48.77069 1.66797 -13
-0.44041 -0.03804 44.06130 0 0 1.21701 40.32859 1.15621 13
-0.88133 -0.10231 27.81263 0 0 3.19021 20.91284 0.85098 -13
-0.77674 0.00012 80.12538 0 0 0.08524 63.27889 0.91040 -13
1.02415 -0.10445 88.21384 0 0 3.23986 61.79934 2.36541 -13
0.89827 0.13332 9.59824 0 0 -4.00818 7.16844 2.29828 13
0.92140 -0.26625 9.59824 0 0 8.04202 7.16844 2.29827 13
0.17477 -0.24012 9.51032 0 0 7.26961 9.37603 1.73913 13
1.36132 -0.16907 52.07097 0 0 5.16489 31.10920 2.50130 13
-1.95456 -0.15592 42.73640 0 0 4.75861 19.65069 0.47779 13
0.53468 -0.03286 61.01495 0 0 1.06352 53.81316 2.06157 13
1.39024 0.05459 59.81304 0 0 -1.55178 34.96111 2.51732 -13
0.26429 -0.04404 1.12271 0 0 1.86116 1.08537 1.82894 -13
1.33980 -0.02712 92.41650 0 0 0.89037 55.29127 2.50024 13
-1.06318 -0.06724 90.09194 0 0 2.10158 61.79863 0.75591 13
1.42167 0.06374 66.03491 0 0 -1.85446 38.04251 2.52763 13
-0.08517 -0.24452 35.83346 0 0 7.44223 35.71146 1.48825 13
-1.79858 0.08038 17.90697 0 0 -2.28804 8.72365 0.50880 -13
-0.22955 0.12513 80.73490 0 0 -3.68709 78.71871 1.34684 -13
-0.23622 -0.27482 80.73490 0 0 8.37810 78.71871 1.34684 -13
-0.64036 0.11069 10.29848 0 0 -3.20047 8.68802 1.00399 -13
0.47142 0.03265 48.56508 0 0 -0.89246 43.93270 2.01112 -13
1.58778 -0.08262 33.54273 0 0 2.60196 17.91889 2.57801 -13
-0.05222 0.03111 81.27423 0 0 -0.86299 81.16376 1.51865 13
0.75814 0.04544 47.08871 0 0 -1.27656 37.53782 2.21899 -13
-1.80439 -0.11343 50.16551 0 0 3.52243 24.43649 0.50878 -13
-0.99081 -0.23797 62.40733 0 0 7.27115 44.93230 0.80378 -13
-0.89413 -0.11814 83.61103 0 0 3.63782 62.52070 0.84468 13
-2.14938 -0.14718 50.28957 0 0 4.54444 21.39850 0.43958 -13
0.37136 -0.15620 78.78695 0 0 4.78648 73.96522 1.92246 13
-0.42630 -0.12696 62.10866 0 0 3.91931 57.20353 1.17070 -13
-0.39560 -0.10128 69.99526 0 0 3.14365 65.13199 1.19583 -13
-0.31800 -0.01917 93.87405 0 0 0.66495 89.46122 1.26296 -13
0.36216 -0.10476 41.51045 0 0 3.25423 39.05447 1.91652 -13
0.75558 -0.18055 37.78388 0 0 5.54366 30.32064 2.21016 -13
-2.07474 -0.02008 98.08496 0 0 0.67510 42.59405 0.44921 13
0.02406 0.05470 54.98885 0 0 -1.57745 54.97299 1.59482 13
1.80883 -0.13936 74.78672 0 0 4.27106 36.45118 2.63249 13
-0.20286 0.00192 69.53988 0 0 0.01631 68.15174 1.37065 13
0.30882 0.13024 1.24784 0 0 -4.24589 1.19322 1.86796 13
0.31776 -0.27038 1.24784 0 0 7.80038 1.19322 1.86843 13
0.64190 0.05362 28.69802 0 0 -1.55738 24.16046 2.14081 13
0.96943 -0.05616 89.12066 0 0 1.78178 64.03681 2.33989 -13
-1.46756 0.08176 15.43178 0 0 -2.33080 8.70957 0.59969 -13
-2.04134 0.09939 8.23774 0 0 -2.78294 3.63773 0.45746 -13
-0.91727 0.10104 15.18552 0 0 -2.92585 11.21715 0.83105 -13
1.95495 -0.23302 80.72469 0 0 7.12465 37.53703 2.65797 -13
-0.09384 -0.16332 43.83897 0 0 5.01958 43.65215 1.47845 -13
-0.77759 -0.13297 17.16366 0 0 4.05610 13.59433 0.91411 13
-0.67544 0.04660 26.31239 0 0 -1.34728 21.81185 0.97725 13
0.96261 0.02510 42.14889 0 0 -0.66017 30.37083 2.33699 -13
-0.29291 -0.23136 92.48680 0 0 7.05439 88.93621 1.29281 13
-0.34358 -0.09725 74.60147 0 0 3.00783 70.58930 1.24130 13
-0.22729 -0.18776 37.54528 0 0 5.75832 36.64183 1.35102 -13
0.35898 0.14417 74.45950 0 0 -4.26175 70.16251 1.91219 -13
0.36666 -0.25480 74.45950 0 0 7.77404 70.16251 1.91219 -13
-0.08381 0.10984 22.41290 0 0 -3.20964 22.33555 1.48768 -13
2.12398 -0.02853 77.64273 0 0 0.95567 33.08355 2.70141 -13
0.03501 -0.24730 17.85853 0 0 7.51125 17.84824 1.60477 13
0.78123 0.11875 22.75226 0 0 -3.52981 17.97737 2.23059 13
0.80595 -0.28169 22.75226 0 0 8.54720 17.97737 2.23058 13
1.25749 0.07399 74.02799 0 0 -2.16133 46.15363 2.46843 13
1.01556 -0.14019 73.31183 0 0 4.31943 51.69072 2.35905 -13
-1.10788 0.01883 49.47364 0 0 -0.47200 33.15275 0.73435 -13
0.25893 -0.09938 5.12025 0 0 3.18129 4.95831 1.82297 -13
-0.87203 -0.22684 16.44212 0 0 6.88267 12.52534 0.86606 13
0.46592 -0.04538 92.31236 0 0 1.44447 83.69113 2.00642 13
0.52956 -0.21712 88.69114 0 0 6.63703 78.76817 2.04835 -13
-1.72424 -0.14430 12.83974 0 0 4.35573 6.49211 0.53004 13
-1.06460 0.05046 52.46550 0 0 -1.42796 35.94443 0.75475 -13
0.06299 0.08749 32.90237 0 0 -2.54275 32.83777 1.63346 -13
1.40466 -0.15306 28.97618 0 0 4.66902 16.93415 2.51743 13
-0.20822 0.03957 53.47288 0 0 -1.12179 52.35173 1.36567 13
-0.37052 0.09535 62.04408 0 0 -2.80349 58.21098 1.21743 13
0.76782 0.00231 10.79009 0 0 0.06962 8.55840 2.22561 -13
-1.46075 -0.24603 72.81856 0 0 7.49031 41.95769 0.61407 13
0.44850 0.00482 13.78406 0 0 -0.02519 12.57710 1.99240 -13
-0.17610 0.13494 15.64180 0 0 -4.02117 15.40883 1.39802 13
-0.18057 -0.26455 15.64180 0 0 8.02706 15.40883 1.39797 13
1.69603 -0.07827 90.51918 0 0 2.45256 46.07862 2.60751 -13
-0.12445 -0.16577 82.70547 0 0 5.08733 82.08916 1.44863 -13
-0.46103 -0.12303 24.89616 0 0 3.81347 22.63861 1.14166 -13
0.46655 0.13664 30.74043 0 0 -4.02289 27.90389 2.00379 -13
0.47793 -0.26266 30.74043 0 0 8.02324 27.90389 2.00379 -13
-1.07278 -0.17782 41.22752 0 0 5.46302 28.34482 0.75807 -13
0.19869 -0.21585 55.33448 0 0 6.58371 54.31952 1.76263 13
0.03036 -0.23163 70.49594 0 0 7.06118 70.46511 1.60036 13
-0.91296 -0.20638 3.60827 0 0 6.11262 2.68945 0.84124 13
-1.07271 0.01300 20.84280 0 0 -0.34485 14.21291 0.75037 13
-1.68585 0.07753 95.79138 0 0 -2.26730 48.97836 0.53670 13
0.30442 0.12235 78.49555 0 0 -3.61631 75.14010 1.86424 13
0.31361 -0.27780 78.49555 0 0 8.45375 75.14010 1.86424 13
-0.36259 0.10596 78.39917 0 0 -3.10809 73.75162 1.22474 -13
0.00967 -0.23466 78.39917 0 0 -3.08477 73.75162 1.58021 -13
0.49327 0.26560 78.39917 0 0 -1.09805 73.75162 1.12593 -13
-0.43484 0.01755 78.39917 0 0 -2.91343 73.75162 1.16068 -13
0.38609 0.50540 78.39917 0 0 -1.25869 73.75162 1.23896 -13
-2.88870 -0.98043 78.39917 0 0 0.01013 73.75162 0.45142 -13
-1.97073 -0.02423 62.98286 0 0 0.82934 28.50607 0.46969 -13
-1.18031 0.11407 50.76625 0 0 -3.37443 32.93977 0.70607 13
-1.63460 -0.08303 91.68657 0 0 2.57614 47.96643 0.55056 13
1.19357 -0.02558 66.22452 0 0 0.86356 42.53817 2.44405 -13
1.14322 -0.04426 75.04987 0 0 1.40616 49.43976 2.42244 13
0.35558 0.05928 42.37286 0 0 -1.71899 39.93182 1.91188 13
0.12084 -0.24942 86.58979 0 0 7.59876 86.00061 1.68751 13
-0.78017 -0.15510 27.72972 0 0 4.78242 21.96093 0.91402 -13
0.58864 0.02289 78.37413 0 0 -0.61650 67.54613 2.10271 13
-0.40317 -0.04521 35.13104 0 0 1.43015 32.58716 1.18791 13
-0.34319 0.01301 5.45736 0 0 -0.21368 5.16177 1.24023 -13
-0.13142 -0.18895 77.90538 0 0 5.77446 77.26377 1.44237 13
0.03590 0.06334 46.79782 0 0 -1.81913 46.76780 1.60661 -13
1.21265 -0.24417 93.18931 0 0 7.43794 60.30679 2.43776 13
-0.49070 -0.03119 74.40079 0 0 1.02980 66.79875 1.11481 -13
1.05684 -0.04017 12.14103 0 0 1.23557 8.34817 2.38342 13
0.50817 -0.05651 71.25544 0 0 1.79340 63.54437 2.04032 -13
0.00554 -0.00342 47.36693 0 0 0.17535 47.36621 1.57633 13
-0.67003 -0.02751 88.60611 0 0 0.90462 73.61877 0.98064 13
-1.09266 -0.09211 43.92821 0 0 2.87671 29.72542 0.74325 -13
2.14888 -0.05796 9.57553 0 0 1.71336 4.04511 2.70540 13
1.14517 -0.06951 97.77436 0 0 2.18493 64.39885 2.42257 -13
1.47695 0.06827 29.58688 0 0 -1.94831 16.61537 2.54534 -13
1.91574 -0.13705 1.31669 0 0 5.02369 0.61367 2.65668 -13
0.19443 -0.05619 43.45431 0 0 1.78775 42.65799 1.76253 -13
0.51383 -0.09657 17.10146 0 0 3.02650 15.22574 2.04356 -13
-0.94831 -0.15094 64.72575 0 0 4.64413 47.21539 0.81754 -13
-0.29723 0.08714 78.10484 0 0 -2.54078 74.89072 1.28291 -13
0.48363 -0.17827 28.03235 0 0 5.43905 25.30993 2.01517 13
-0.13859 0.03104 68.34961 0 0 -0.86227 67.70310 1.43315 13
-0.27795 0.00466 43.91194 0 0 -0.04827 42.30808 1.29969 -13
-0.71505 -0.06741 72.50297 0 0 2.10647 59.02211 0.95112 13
-0.48453 0.14393 68.98814 0 0 -4.26883 62.20407 1.12361 13
-0.49495 -0.25512 68.98814 0 0 7.76716 62.20407 1.12361 13
0.83989 -0.08444 73.85269 0 0 2.62031 56.63529 2.26764 13
0.16947 -0.22595 67.46565 0 0 6.88921 66.56267 1.73461 13
1.15347 -0.20496 84.54035 0 0 6.25566 56.02749 2.41714 13
-0.09655 0.11905 82.80157 0 0 -3.51588 82.42365 1.47522 13
-0.09958 -0.28130 82.80157 0 0 8.56028 82.42365 1.47523 13
-1.78543 -3.64464 82.80157 0 0 8.57185 82.42365 1.12946 13
0.46471 -0.48738 82.80157 0 0 -2.40591 82.42365 1.17509 13
0.17972 -5.63410 82.80157 0 0 -2.98397 82.42365 1.60219 13
31.33077 12.44041 82.80157 0 0 -2.45332 82.42365 0.37908 13
-0.95761 -0.15684 19.91701 0 0 4.77827 14.46875 0.81312 13
-0.36127 -0.13481 24.20058 0 0 4.16857 22.78402 1.22699 -13
-1.40066 -0.18848 96.51850 0 0 5.75785 56.73116 0.62830 13
-1.03458 -0.19905 57.17928 0 0 6.07229 40.13564 0.77812 13
-1.74218 0.00431 47.83652 0 0 -0.02817 23.81415 0.52108 -13
1.11475 -0.08085 74.24379 0 0 2.51000 49.66635 2.40878 13
-0.49989 -0.15631 35.71618 0 0 4.81212 32.02346 1.11204 -13
-0.23371 0.08163 74.38178 0 0 -2.37445 72.44238 1.34194 -13
-0.58153 -0.20683 57.78799 0 0 6.32960 50.21589 1.05312 -13
1.19941 -0.12055 45.51137 0 0 3.73296 29.26909 2.44306 -13
0.80226 -0.08582 99.18054 0 0 2.67604 77.47255 2.24512 -13
-0.98399 -0.24218 22.01173 0 0 7.41841 15.90837 0.80771 -13
-0.91633 0.11048 26.43530 0 0 -3.22606 19.54424 0.83205 -13
0.66062 -0.00905 15.54292 0 0 0.31678 12.96845 2.15458 13
-0.95756 -0.24857 40.67429 0 0 7.59690 29.79543 0.82203 -13
-0.44828 0.13519 53.09571 0 0 -4.00681 48.52326 1.15274 13
-0.45946 -0.26424 53.09571 0 0 8.04149 48.52326 1.15276 13
-0.79394 -0.02469 26.16064 0 0 0.80287 20.49101 0.89991 13
0.02253 -0.06026 21.02072 0 0 1.87537 21.01540 1.59328 13
-0.06091 -0.11098 72.38858 0 0 3.43549 72.25627 1.51033 -13
0.11859 -0.21271 58.11379 0 0 6.50569 57.72673 1.68627 -13
1.97576 -0.22377 19.97877 0 0 6.88898 9.19846 2.66314 -13
0.74850 0.09424 99.54526 0 0 -2.75543 79.82008 2.21122 -13
-0.08517 -0.17315 51.38412 0 0 5.29559 51.20420 1.48708 13
-0.42638 -0.06106 79.55705 0 0 1.91633 73.20327 1.16842 13
-0.03044 -0.24952 6.96470 0 0 7.52958 6.96167 1.54127 13
0.45423 0.02661 28.11136 0 0 -0.73944 25.59616 1.99703 13
0.55152 -0.02087 53.74455 0 0 0.70137 47.06400 2.07471 13
-0.70232 -0.02677 25.50545 0 0 0.86481 20.87466 0.95869 13
0.28675 -0.00294 72.82038 0 0 0.16285 69.99926 1.85006 13
-0.53523 -0.07373 30.91988 0 0 2.32326 27.27713 1.08049 -13
0.91132 0.13024 3.94593 0 0 -4.01970 2.92708 2.30565 13
0.93617 -0.26940 3.94593 0 0 8.03220 2.92708 2.30578 13
-1.59981 -0.12766 92.15537 0 0 3.92267 49.13041 0.56229 13
0.56440 -0.24354 22.58328 0 0 7.40061 19.80121 2.07239 13
1.45889 -0.03466 12.64662 0 0 1.05678 7.15221 2.54042 13
0.57076 0.00223 90.44351 0 0 0.00773 78.54961 2.08944 13
-0.48890 0.04096 57.57425 0 0 -1.14521 51.73192 1.11640 -13
-0.15571 -0.00539 66.40575 0 0 0.25117 65.61510 1.41633 -13
1.45859 -0.15132 45.19087 0 0 4.66439 25.75035 2.53531 -13
2.08512 -0.10764 52.21847 0 0 3.30690 22.68621 2.69216 13
0.48298 0.01547 68.53906 0 0 -0.37780 61.71894 2.02069 -13
-0.50772 -0.03367 95.73214 0 0 1.09136 85.37036 1.10122 13
0.04939 0.04881 66.19606 0 0 -1.38441 66.11567 1.62009 -13
1.30837 -0.11459 82.13546 0 0 3.54802 50.08158 2.48585 -13
-0.01169 0.13939 63.29170 0 0 -4.11571 63.28747 1.55922 -13
-0.01196 -0.25981 63.29170 0 0 7.92590 63.28747 1.55922 -13
0.60285 -0.05183 47.10320 0 0 1.65701 40.35430 2.11271 -13
0.43995 -0.00090 60.44565 0 0 0.09953 55.32781 1.98526 13
0.53486 -0.15049 81.30680 0 0 4.62779 71.87292 2.05730 -13
-0.06761 -0.05524 52.76268 0 0 1.75688 52.64284 1.50339 -13
-2.01105 -0.24440 77.95517 0 0 7.46876 35.52146 0.47311 -13
1.42898 -0.15945 8.55291 0 0 4.98865 4.94486 2.52509 -13
-0.13353 -0.17965 23.02661 0 0 5.52387 22.83043 1.44012 -13
-2.00138 -0.18264 83.01944 0 0 5.60424 37.59520 0.46996 -13
1.20997 -0.00297 84.31966 0 0 0.17999 53.71622 2.45092 -13
0.11062 -0.11990 64.36131 0 0 3.70549 63.97662 1.68019 -13
-0.05156 -0.12647 16.19063 0 0 3.92736 16.16946 1.51968 -13
-0.45716 0.07483 40.89610 0 0 -2.16281 37.21169 1.14306 -13
-0.05725 -0.09304 77.31413 0 0 2.88134 77.18885 1.51386 13
-0.03587 0.03583 84.10795 0 0 -0.99399 84.05397 1.53497 -13
0.11649 0.11011 70.10713 0 0 -3.24716 69.64188 1.68607 13
-1.00445 0.09907 65.68163 0 0 -2.91744 46.45434 0.78562 13
-0.80660 0.08572 29.87958 0 0 -2.52486 23.29039 0.89383 13
0.09400 -0.13990 10.98784 0 0 4.25439 10.94054 1.66362 13
0.58565 0.07240 34.09567 0 0 -2.11901 29.44078 2.09946 13
-1.67090 0.08088 19.13221 0 0 -2.40708 9.84827 0.54074 13
-0.28238 0.13090 23.24046 0 0 -3.84637 22.37989 1.29779 -13
-0.28986 -0.26867 23.24046 0 0 8.20921 22.37989 1.29785 -13
1.21855 0.08641 25.37570 0 0 -2.49500 16.13418 2.45256 -13
-0.52423 -0.11135 28.48273 0 0 3.45944 25.25995 1.09048 -13
0.55548 -0.05002 14.73272 0 0 1.62868 12.88283 2.07731 -13
-1.12962 -0.17116 40.24184 0 0 5.22583 26.88949 0.73178 13
1.48707 -0.07535 95.66721 0 0 2.36306 53.48861 2.54828 -13
0.20877 -0.13013 14.90105 0 0 3.97285 14.59156 1.77494 13
-0.53722 -0.13278 70.70980 0 0 4.09462 62.41138 1.08145 -13
1.70683 -0.04907 16.67018 0 0 1.50415 8.43504 2.61110 13
0.54414 -0.00572 17.55904 0 0 0.22201 15.42363 2.06912 13
-0.17005 -0.19586 17.83592 0 0 5.96111 17.59262 1.40544 13
-0.47086 -0.03172 70.32531 0 0 1.03030 63.63121 1.13093 13
0.05546 -0.04691 88.76551 0 0 1.49076 88.62962 1.62614 13
0.64106 -0.03767 40.67736 0 0 1.20334 34.25212 2.14054 13
0.73283 -0.16061 47.42707 0 0 4.91355 38.42381 2.19716 13
-0.02989 0.09830 64.95555 0 0 -2.87620 64.92684 1.54106 -13
-0.40051 -0.07217 40.63495 0 0 2.24497 37.73545 1.19075 13
-0.75068 -0.10493 55.59808 0 0 3.25729 44.55153 0.92949 -13
-0.94966 0.05981 18.75383 0 0 -1.75789 13.61036 0.81211 13
-1.43142 0.13033 80.86128 0 0 -3.85921 46.57125 0.61375 13
-1.47001 -0.26938 80.86128 0 0 8.19681 46.57125 0.61375 13
-0.83112 -0.11957 77.58277 0 0 3.69662 59.83862 0.88085 -13
-1.68578 -0.18226 28.58708 0 0 5.61175 14.76099 0.54260 -13
0.31533 0.07206 75.50865 0 0 -2.08558 72.03020 1.87551 -13
1.36475 -0.15019 46.20020 0 0 4.59405 27.50475 2.50391 13
1.23728 0.02923 48.99882 0 0 -0.81676 30.80789 2.46165 13
-0.30719 0.05133 8.86555 0 0 -1.40917 8.47563 1.27312 -13
0.26525 0.08907 97.39869 0 0 -2.61075 94.16759 1.82910 13
0.14075 -0.22105 34.22798 0 0 6.73418 33.90923 1.70737 13
1.29043 -0.03581 36.48869 0 0 1.18332 22.35957 2.48201 -13
-2.08175 0.00225 17.43205 0 0 0.07516 7.54778 0.44782 -13
-1.07825 -0.23960 46.93638 0 0 7.32407 32.39354 0.76169 -13
-0.01479 -0.11035 4.84300 0 0 3.51013 4.84248 1.55609 -13
-1.22731 0.10309 54.47979 0 0 -3.01472 34.52122 0.68628 -13
0.90257 -0.08268 79.95962 0 0 2.58357 59.44817 2.30334 -13
0.07571 -0.23031 96.01347 0 0 7.02337 95.75323 1.64444 13
0.34303 0.01443 57.61731 0 0 -0.36280 54.50068 1.90121 13
-1.50995 0.01339 78.85748 0 0 -0.33354 43.54491 0.58500 13
0.70867 -0.23747 53.05920 0 0 7.25591 43.68232 2.17444 -13
-1.26105 -0.20714 64.12868 0 0 6.31736 40.35846 0.68070 13
0.31961 -0.15951 38.41510 0 0 4.90631 36.63347 1.87652 -13
1.31494 0.09466 32.40657 0 0 -2.75067 19.67200 2.48926 -13
-0.14246 -0.11196 93.05866 0 0 3.46354 92.13986 1.43016 -13
0.57365 -0.11200 76.79017 0 0 3.45220 66.71132 2.08893 13
0.09245 -0.02512 42.96510 0 0 0.85051 42.78276 1.66296 -13
1.68827 -0.14184 82.49167 0 0 4.34868 42.35101 2.60246 13
-0.26905 -0.17152 94.29576 0 0 5.24972 91.14569 1.31158 13
0.13375 -0.05806 84.62984 0 0 1.82675 83.88529 1.70354 13
-0.57417 -0.11241 95.38882 0 0 3.47753 82.85111 1.05229 -13
-0.32994 -0.01685 74.24552 0 0 0.59666 70.50798 1.25215 -13
0.19002 -0.00546 93.04620 0 0 0.25053 91.41060 1.75858 -13
-0.05404 0.07153 71.26981 0 0 -2.08359 71.16649 1.51695 13
1.05233 0.12627 91.22918 0 0 -3.73482 63.10428 2.37774 13
1.08246 -0.27364 91.22918 0 0 8.32839 63.10428 2.37775 13
1.50352 -0.04001 19.74248 0 0 1.24281 10.93984 2.55430 13
-0.03063 -0.18319 86.42704 0 0 5.61186 86.38785 1.54067 -13
0.33420 -0.21465 69.89421 0 0 6.54871 66.43744 1.88661 13
0.51009 0.03079 39.98922 0 0 -0.83426 35.62616 2.04229 -13
-1.94469 -0.09370 59.34248 0 0 2.88831 27.23232 0.47674 13
0.32108 -0.16521 19.39066 0 0 5.09192 18.48519 1.87758 -13
-1.18447 0.13469 32.31047 0 0 -4.00522 20.95276 0.70558 13
-1.21438 -0.26478 32.31047 0 0 8.04367 20.95276 0.70556 13
0.80429 -0.14179 95.06081 0 0 4.36480 74.36299 2.24329 -13
-0.57587 0.09344 57.48348 0 0 -2.74727 49.86802 1.05019 13
-0.28160 -0.19367 92.80022 0 0 5.92868 89.44483 1.30107 -13
-0.00367 -0.01163 26.74355 0 0 0.41380 26.74337 1.56713 13
0.02618 0.10282 51.69630 0 0 -3.03010 51.67877 1.59683 13
-0.24198 -0.21290 69.31592 0 0 6.51098 67.45244 1.33840 -13
-0.75265 -0.08821 98.70404 0 0 2.73614 78.97277 0.92746 13
-0.99942 0.12766 77.90473 0 0 -3.76094 55.32539 0.78973 -13
-1.02741 -0.27214 77.90473 0 0 8.29966 55.32539 0.78974 -13
-0.72848 -0.03548 90.12062 0 0 1.14488 72.85796 0.94151 13
-1.92437 -0.05058 3.31031 0 0 1.92006 1.52805 0.47977 -13
2.03462 -0.17891 73.32321 0 0 5.46353 32.75452 2.67851 13
-0.54549 0.13492 38.44229 0 0 -3.97487 33.81688 1.07520 -13
-0.55920 -0.26449 38.44229 0 0 8.07413 33.81688 1.07519 -13
0.46169 -0.24847 59.04539 0 0 7.58566 53.88363 1.99204 -13
1.87979 -0.14692 21.49097 0 0 4.46629 10.17768 2.64825 13
-1.21081 0.05857 77.26909 0 0 -1.69589 49.25397 0.69117 13
0.70577 0.12353 78.94546 0 0 -3.65242 64.66122 2.18182 13
0.72673 -0.27655 78.94546 0 0 8.41545 64.66122 2.18182 13
1.79100 -0.01674 76.25796 0 0 0.57303 37.18025 2.63230 13
0.80661 0.11156 4.26375 0 0 -3.13666 3.32685 2.24653 -13
-1.85510 -0.20823 29.33353 0 0 6.32785 14.14835 0.50332 13
-1.90505 -0.19390 42.39991 0 0 5.90451 19.99243 0.49102 13
1.01375 -0.22726 79.88442 0 0 6.92783 56.81204 2.35043 13
0.21698 0.02341 28.98983 0 0 -0.64207 28.33090 1.78440 13
1.15621 0.10539 76.54945 0 0 -3.10759 50.23407 2.42578 13
0.06475 -0.15098 88.81221 0 0 4.64100 88.63075 1.63473 -13
1.29114 -0.18192 17.81471 0 0 5.52361 11.01891 2.47469 13
0.31556 -0.09098 20.42231 0 0 2.80089 19.48305 1.87529 13
1.12295 0.03411 3.83524 0 0 -1.13882 2.55139 2.41376 13
-0.63150 -0.14225 75.41643 0 0 4.36506 63.94701 1.01205 13
0.22902 -0.17657 89.40473 0 0 5.41294 87.21406 1.79262 -13
0.67364 -0.18500 64.43899 0 0 5.65277 53.72179 2.15584 13
-0.41010 0.02377 93.18905 0 0 -0.64105 86.22394 1.18172 13
-0.28990 0.03238 72.17331 0 0 -0.88843 69.32207 1.28877 -13
0.11655 0.13346 87.30738 0 0 -3.93883 86.73056 1.68582 -13
0.11956 -0.26604 87.30738 0 0 8.11222 86.73056 1.68582 -13
0.54247 0.10056 58.80576 0 0 -2.96140 51.74911 2.06573 13
1.06790 0.09118 70.55532 0 0 -2.65863 48.33173 2.38695 -13
-0.11627 -0.23424 3.93259 0 0 7.27679 3.90762 1.45807 -13
0.00855 0.13772 40.90406 0 0 -4.08514 40.90259 1.57927 13
0.00876 -0.26160 40.90406 0 0 7.95968 40.90259 1.57927 13
-1.49166 -0.22335 19.11810 0 0 6.86624 10.82437 0.60189 -13
0.71197 -0.09318 96.09051 0 0 2.88582 78.39090 2.18747 13
-0.65726 -0.06489 72.80617 0 0 2.04647 60.87934 0.99030 -13
-1.41896 -0.24607 99.43310 0 0 7.49535 58.40389 0.62781 13
0.09298 -0.21524 82.29155 0 0 6.56797 81.95359 1.66145 13
1.46954 -0.23598 89.46737 0 0 7.21004 51.26587 2.53142 -13
-0.17607 -0.17446 47.71640 0 0 5.33364 47.01435 1.39906 13
-1.20817 -0.03535 69.06823 0 0 1.15880 44.05610 0.69171 -13
0.99139 0.13772 50.07592 0 0 -4.05940 35.72669 2.34717 -13
1.01515 -0.26154 50.07592 0 0 7.98523 35.72669 2.34717 -13
0.91046 0.01993 72.15524 0 0 -0.51102 53.35878 2.30926 -13
0.74984 -0.09655 25.95270 0 0 2.97078 20.79818 2.21197 13
1.94062 0.03447 25.63877 0 0 -0.91906 11.75022 2.66554 -13
-0.32068 -0.06417 66.34622 0 0 2.02463 63.18946 1.26107 -13
1.75185 0.04781 15.31457 0 0 -1.42243 7.59869 2.62241 13
0.17488 0.01436 27.93095 0 0 -0.36927 27.51352 1.74390 13
-0.85114 -0.09998 99.24427 0 0 3.09183 75.73065 0.86809 13
0.80039 -0.23810 7.76858 0 0 7.34798 6.13004 2.23237 -13
-2.01383 0.14207 75.86042 0 0 -4.21952 34.00949 0.46489 13
-2.05852 -0.25709 75.86042 0 0 7.81867 34.00949 0.46491 13
0.09808 -0.21502 42.21681 0 0 6.57965 42.02409 1.66639 -13
0.01552 -0.00079 21.06580 0 0 0.08192 21.06326 1.58631 13
-0.97968 -0.10973 58.35072 0 0 3.37978 41.80325 0.79866 13
-0.76197 -0.22712 31.02469 0 0 6.95298 24.90253 0.93176 -13
-0.67538 -0.22754 3.94561 0 0 6.78734 3.29521 0.98844 13
0.44733 -0.21126 88.22129 0 0 6.45971 80.81944 1.98335 -13
-2.03314 -0.17249 40.98135 0 0 5.25514 18.30223 0.46294 13
0.37987 -0.31040 40.98135 0 0 5.23598 18.30223 1.91883 13
-0.24951 0.23971 40.98135 0 0 6.71282 18.30223 1.80884 13
0.20065 0.23525 40.98135 0 0 5.66977 18.30223 1.76369 13
-0.18213 -0.51224 40.98135 0 0 6.86530 18.30223 1.73150 13
-0.32192 -0.10402 40.98135 0 0 6.97431 18.30223 1.26092 13
0.13803 0.14532 45.91150 0 0 -4.29225 45.48906 1.70655 -13
0.14091 -0.25361 45.91150 0 0 7.74198 45.48906 1.70654 -13
-0.80359 0.11280 68.40657 0 0 -3.31252 53.45502 0.89696 -13
1.66214 0.08207 89.49081 0 0 -2.38375 46.24835 2.59849 -13
-1.44286 -0.07670 18.44563 0 0 2.45043 10.52922 0.60743 -13
0.02107 -0.03756 19.04791 0 0 1.18897 19.04369 1.59184 13
1.70011 -0.15789 71.62252 0 0 4.83071 36.64508 2.60450 13
0.56104 -0.20343 56.54767 0 0 6.22731 49.55216 2.07347 -13
-0.36043 -0.16192 27.86307 0 0 4.94554 26.25105 1.22897 13
-0.03195 -0.20217 22.28855 0 0 6.15535 22.27764 1.53949 13
-0.55430 -0.08330 32.89231 0 0 2.57763 28.79105 1.06612 13
-0.98345 -0.01423 94.91761 0 0 0.50346 67.67797 0.79379 13
-0.50018 0.08273 89.58489 0 0 -2.40821 80.17628 1.10837 -13
0.34998 -0.13271 17.26302 0 0 4.05631 16.30929 1.90474 13
-0.38140 0.01910 62.10833 0 0 -0.50305 58.03222 1.20649 13
-1.19439 0.00516 65.61778 0 0 -0.08627 42.12401 0.69705 13
-0.12932 -0.18803 15.70800 0 0 5.72183 15.58273 1.44438 13
-0.63551 -0.06136 5.80061 0 0 1.83400 4.89846 1.00552 13
-0.45033 0.12852 74.50864 0 0 -3.80286 68.03076 1.15073 13
-0.46279 -0.27127 74.50864 0 0 8.25634 68.03076 1.15073 13
0.91933 -0.03418 52.04888 0 0 1.12479 38.32730 2.31390 -13
-0.62601 -0.18769 88.78760 0 0 5.73585 75.62093 1.01923 13
0.74406 -0.19025 21.49297 0 0 5.84983 17.35169 2.20199 -13
-0.54352 -0.03019 6.35148 0 0 0.90676 5.58117 1.07313 13
-1.11980 0.01765 15.59648 0 0 -0.40389 10.38927 0.72902 -13
0.50463 -0.21264 22.25665 0 0 6.52156 19.95807 2.02931 -13
0.01532 0.07100 14.28283 0 0 -2.02659 14.28116 1.58608 -13
1.37673 -0.13547 77.28518 0 0 4.17881 45.69089 2.50907 -13
-1.61201 -0.23703 90.38261 0 0 7.24258 48.58879 0.56756 -13
0.15432 -0.17295 2.10813 0 0 5.06439 2.08415 1.72170 13
1.67046 0.06134 54.76845 0 0 -1.75203 28.16958 2.60135 -13
-0.34563 0.14372 87.06829 0 0 -4.24811 82.38071 1.24117 -13
-0.35309 -0.25528 87.06829 0 0 7.78822 82.38071 1.24116 -13
1.29767 -0.21345 51.96918 0 0 6.50352 32.16429 2.47423 13
0.26364 0.03379 14.89661 0 0 -0.90446 14.40490 1.82843 -13
1.67157 0.03397 60.74099 0 0 -0.92786 31.19657 2.60221 -13
-0.43823 0.00274 29.59195 0 0 0.01633 27.10365 1.15777 -13
0.19936 -0.03883 9.01594 0 0 1.19747 8.84222 1.76743 13
-2.00415 0.07739 9.22501 0 0 -2.13140 4.12935 0.46401 -13
-1.37075 0.03565 62.71944 0 0 -0.98132 36.97953 0.63057 -13
-0.17956 0.09503 96.73132 0 0 -2.79063 95.22208 1.39391 13
1.60310 0.05809 74.81005 0 0 -1.66069 39.64196 2.58311 -13
-0.14098 -0.09694 67.50852 0 0 3.01304 66.85351 1.43138 -13
1.25916 0.01950 83.71383 0 0 -0.49751 52.06841 2.47032 -13
0.07748 0.11833 38.38826 0 0 -3.50114 38.27512 1.64758 13
0.07994 -0.28209 38.38826 0 0 8.57546 38.27512 1.64759 13
-0.47715 -0.10485 86.89022 0 0 3.25002 78.49973 1.12772 -13
-0.92308 -0.05825 65.45207 0 0 1.84847 48.13221 0.82622 -13
1.20118 0.12954 23.49225 0 0 -3.85791 15.10528 2.44324 13
1.23392 -0.27019 23.49225 0 0 8.19894 15.10528 2.44323 13
-0.73253 0.03984 41.10031 0 0 -1.10558 33.16547 0.93895 -13
-1.86062 -0.14183 32.66092 0 0 4.39293 15.58160 0.49733 -13
-1.75410 0.12585 2.01658 0 0 -3.21156 1.00595 0.52153 -13
0.48274 0.11899 89.52316 0 0 -3.50237 80.72754 2.01780 -13
0.49797 -0.28134 89.52316 0 0 8.57418 80.72754 2.01779 -13
-0.83616 -0.17732 46.71816 0 0 5.41659 36.06718 0.88200 13
0.91383 -0.18574 42.92808 0 0 5.66825 31.93326 2.30276 13
0.33532 -0.13180 72.79768 0 0 4.05008 69.08029 1.89175 13
-0.44993 0.14335 43.81792 0 0 -4.23009 40.02725 1.15179 -13
-0.45969 -0.25566 43.81792 0 0 7.80680 40.02725 1.15180 -13
-1.15602 0.02246 19.82121 0 0 -0.63398 12.96959 0.71328 13
-0.18911 0.00233 19.59676 0 0 -0.01429 19.25549 1.38390 13
0.97845 -0.19373 81.44027 0 0 5.91731 58.73255 2.33610 13
-0.09745 -0.17902 55.07446 0 0 5.47311 54.82282 1.47517 13
1.46704 -0.05044 64.25450 0 0 1.58972 36.22176 2.54270 13
1.21872 0.09520 54.21142 0 0 -2.77645 34.48016 2.45224 -13
1.01301 -0.12675 41.44904 0 0 3.92227 29.23575 2.35867 -13
0.23201 -0.17803 43.29995 0 0 5.46374 42.21293 1.79536 -13
-1.76493 -0.05954 43.93639 0 0 1.89990 21.68759 0.51625 -13
2.05898 -0.15205 84.82680 0 0 4.65496 37.40336 2.68496 13
0.50766 -0.11169 76.40757 0 0 3.44329 68.21713 2.03806 13
0.25030 0.07443 16.75699 0 0 -2.19390 16.25820 1.81541 13
0.56933 0.05583 43.88994 0 0 -1.59004 38.15628 2.08769 -13
-0.42140 -0.21903 76.52940 0 0 6.69532 70.76798 1.18029 -13
-0.35585 -0.18420 65.08965 0 0 5.62980 61.43640 1.23416 13
0.00264 0.04211 99.72029 0 0 -1.18403 99.71994 1.57343 -13
-0.25511 -0.13961 9.44039 0 0 4.34505 9.15299 1.32332 -13
0.01125 0.00698 66.70508 0 0 -0.12257 66.70085 1.58205 -13
-1.78501 0.14049 16.54026 0 0 -4.21934 8.14343 0.51483 13
-1.82574 -0.25874 16.54026 0 0 7.82008 8.14343 0.51486 13
-1.83926 -0.15976 49.95443 0 0 4.92074 24.09359 0.50330 -13
-0.56314 -0.22668 54.42508 0 0 6.90920 47.70428 1.06856 13
-1.23958 -0.09417 51.77210 0 0 2.93715 32.59414 0.68099 -13
-1.40075 -0.18457 50.93900 0 0 5.63172 29.92586 0.62794 13
-0.48876 -0.24076 65.32485 0 0 7.35225 59.00246 1.12720 -13
0.30575 -0.05046 20.95961 0 0 1.62659 20.04573 1.86716 -13
-0.06500 -0.12081 79.88415 0 0 3.71964 79.71830 1.50635 13
