-0.34122 0.14795 34.08559 0 0 -4.36693 32.29515 1.24526 -13
-0.34803 -0.25084 34.08559 0 0 7.66394 32.29515 1.24524 -13
-0.97597 0.12971 48.81681 0 0 -3.81726 35.07727 0.80173 -13
-1.00252 -0.26999 48.81681 0 0 8.23999 35.07727 0.80173 -13
1.13744 -0.09857 80.88555 0 0 3.06403 53.55273 2.41801 -13
0.92830 0.08183 88.27540 0 0 -2.39452 64.79596 2.31736 13
-0.94752 -0.01777 90.75182 0 0 0.62450 65.88155 0.81242 -13
0.03873 -0.02314 41.07200 0 0 0.76729 41.04122 1.60950 13
-0.74394 -0.23874 18.87875 0 0 7.24900 15.29411 0.94440 13
-1.96080 -0.21707 80.44900 0 0 6.61540 37.22003 0.48099 13
-0.79305 -0.03749 16.40711 0 0 1.17309 12.85873 0.90065 13
0.63891 -0.00664 81.46733 0 0 0.27443 68.65207 2.13933 13
-0.75834 -0.17926 59.77517 0 0 5.47840 47.90224 0.92958 13
-0.50137 -0.01323 39.83103 0 0 0.46663 35.60715 1.10609 13
-0.11449 0.13735 89.90100 0 0 -4.06779 89.32819 1.45785 13
-0.11725 -0.26197 89.90100 0 0 7.97739 89.32819 1.45786 13
1.83771 -0.07478 95.76343 0 0 2.32765 45.87164 2.64208 13
0.61587 -0.23322 78.69327 0 0 7.10965 67.48599 2.11105 13
0.49111 -0.08591 30.33323 0 0 2.69058 27.24627 2.02585 -13
-0.18261 0.10414 52.27691 0 0 -3.05020 51.43523 1.39112 -13
1.87864 -0.11674 51.47844 0 0 3.62460 24.31623 2.64963 -13
-0.01893 -0.06858 97.86955 0 0 2.14496 97.85210 1.55191 13
-0.62475 0.10806 40.64268 0 0 -3.16374 34.52479 1.01498 -13
0.37519 -0.00053 74.83451 0 0 0.09025 70.06542 1.92974 13
1.47172 0.00583 18.02119 0 0 -0.04520 10.12819 2.54477 -13
-1.65947 0.00036 22.65617 0 0 0.11485 11.69323 0.54233 -13
-1.43599 -0.12469 83.60952 0 0 3.85250 48.02738 0.61192 -13
1.42654 0.12395 42.28052 0 0 -3.67738 24.39374 2.52661 13
1.46868 -0.27614 42.28052 0 0 8.38925 24.39374 2.52661 13
-0.78218 -0.21185 89.38763 0 0 6.46455 70.98910 0.91764 13
-0.40045 -0.05600 72.04613 0 0 1.77766 66.89721 1.19044 -13
0.25122 0.14632 95.16903 0 0 -4.32739 92.35855 1.81443 -13
0.25638 -0.25258 95.16903 0 0 7.70542 92.35855 1.81443 -13
-1.06721 -0.15418 81.80338 0 0 4.74042 56.28278 0.75876 -13
1.58135 0.10056 80.27643 0 0 -2.93991 43.05962 2.57543 -13
-0.21429 -0.15148 92.81011 0 0 4.65567 90.79476 1.36201 -13
-1.62114 -0.18114 91.98352 0 0 5.55578 48.85721 0.55996 -13
1.31342 0.08960 91.56228 0 0 -2.63003 55.60649 2.48892 13
0.73843 -0.20402 27.25061 0 0 6.21211 22.07771 2.19713 13
-0.23461 0.13857 41.07516 0 0 -4.08652 40.00887 1.34246 -13
-0.24015 -0.26066 41.07516 0 0 7.95626 40.00887 1.34247 -13
0.60569 0.06492 23.91136 0 0 -1.85281 20.46363 2.11446 -13
-0.37207 0.11382 88.43262 0 0 -3.34629 82.94576 1.21669 -13
1.59731 -0.21014 1.05655 0 0 5.55004 0.56966 2.57247 13
-0.07415 0.00847 95.16207 0 0 -0.17927 94.90156 1.49678 13
-0.13954 -0.19461 29.85530 0 0 5.93463 29.57923 1.43468 13
1.78484 -0.03109 61.06082 0 0 1.03545 29.85619 2.63069 -13
-0.83724 -0.02880 10.94065 0 0 1.00832 8.39031 0.87396 -13
-0.12952 -0.22721 37.83589 0 0 6.94761 37.53763 1.44516 -13
-1.05986 -0.05821 41.64732 0 0 1.82041 28.60708 0.75719 13
-0.30418 0.03079 68.69300 0 0 -0.85476 65.72266 1.27564 13
-0.27958 -0.09417 19.28762 0 0 2.94859 18.58119 1.29932 -13
1.50477 -0.24668 62.67982 0 0 7.53990 35.41635 2.54136 -13
-1.31616 -0.23794 71.56437 0 0 7.27077 44.04950 0.66305 -13
1.10667 0.00304 37.49593 0 0 -0.02855 25.13904 2.40678 13
-1.61997 -0.10843 85.30781 0 0 3.36254 45.00015 0.55565 -13
-0.77694 0.06451 13.08768 0 0 -1.91257 10.34310 0.91128 13
-0.33768 -0.14784 98.98018 0 0 4.54583 93.88069 1.24840 -13
-1.28645 -0.04718 48.86129 0 0 1.52048 30.00748 0.66130 -13
0.50471 -0.16703 80.70671 0 0 5.11292 72.24956 2.03269 13
1.15720 -0.07057 32.47120 0 0 2.23382 21.26035 2.42771 -13
1.95408 -0.10789 65.80936 0 0 3.31908 30.11810 2.66624 13
0.25891 0.00724 94.22415 0 0 -0.13265 91.21653 1.82414 -13
1.43924 0.14928 22.03479 0 0 -4.38199 12.66665 2.52918 -13
1.46717 -0.24942 22.03479 0 0 7.64748 12.66665 2.52921 -13
-1.08980 -0.06889 23.84923 0 0 2.19027 16.14536 0.74363 -13
1.39598 -0.11098 33.47054 0 0 3.40363 19.57045 2.51708 13
-1.44958 0.06669 84.66504 0 0 -1.94061 48.14851 0.60492 13
-0.21895 -0.21412 85.66981 0 0 6.53477 83.77140 1.35989 13
1.07268 -0.04711 57.17896 0 0 1.48960 39.01286 2.39069 13
-0.88654 0.07058 39.53369 0 0 -2.03073 29.61485 0.84670 -13
-0.52743 -0.08810 57.79607 0 0 2.72942 51.16456 1.08704 13
1.90533 0.12896 20.44460 0 0 -3.75983 9.56262 2.65487 -13
1.95765 -0.27071 20.44460 0 0 8.29975 9.56262 2.65486 -13
0.77800 -0.10775 44.26619 0 0 3.34432 35.01226 2.22918 -13
-0.47654 -0.06134 88.01821 0 0 1.93773 79.48508 1.12682 -13
1.11205 -0.11316 98.93513 0 0 3.50204 66.38567 2.40603 -13
-0.61862 -0.11762 56.20988 0 0 3.61898 47.89320 1.01987 13
-1.58068 -0.17214 8.87001 0 0 5.16721 4.79200 0.57069 13
-0.23773 0.04676 25.97502 0 0 -1.30969 25.27222 1.33765 -13
-0.66584 -0.09146 2.04121 0 0 2.55208 1.70163 0.98529 13
0.73554 -0.19764 31.61030 0 0 6.06270 25.63398 2.19586 -13
0.69586 0.00187 90.16155 0 0 0.03138 74.00698 2.17874 -13
-0.18238 -0.12166 21.10309 0 0 3.77426 20.76548 1.39169 -13
-2.02200 0.06077 77.15868 0 0 -1.76610 34.25556 0.46002 13
-0.91600 0.14664 38.08294 0 0 -4.32367 28.21823 0.83451 -13
-0.93473 -0.25225 38.08294 0 0 7.70918 28.21823 0.83449 -13
-0.79836 -0.23416 22.69833 0 0 7.17410 17.92127 0.91003 -13
-0.10376 0.14316 79.61260 0 0 -4.23116 79.19589 1.46844 -13
-0.10603 -0.25586 79.61260 0 0 7.80590 79.19589 1.46843 -13
-1.82127 -0.22134 62.08275 0 0 6.77552 30.43127 0.51228 -13
-0.79533 0.11917 47.61849 0 0 -3.50262 37.37034 0.90234 -13
-0.82037 -0.28114 47.61849 0 0 8.57369 37.37034 0.90233 -13
-1.04475 -0.08457 79.79131 0 0 2.62355 55.27561 0.76530 13
1.21785 0.14760 64.05277 0 0 -4.36003 40.90846 2.44881 -13
1.24231 -0.25109 64.05277 0 0 7.67126 40.90846 2.44886 -13
-0.14607 -0.01940 98.89687 0 0 0.66161 97.85883 1.42578 13
1.20639 0.14874 71.82551 0 0 -4.41544 46.13428 2.44408 13
1.23002 -0.25008 71.82551 0 0 7.61478 46.13428 2.44409 13
-0.43132 -0.17755 78.41455 0 0 5.43067 72.17585 1.16920 13
-0.32256 -0.03208 24.11747 0 0 1.07027 22.95398 1.25892 -13
0.83545 -0.14600 55.62042 0 0 4.49700 42.86928 2.26160 -13
-0.24656 -0.10956 97.54253 0 0 3.39109 94.73860 1.33044 -13
-0.26567 0.11326 27.88495 0 0 -3.35277 26.96111 1.31270 13
-0.70926 0.08118 96.15185 0 0 -2.37396 78.51405 0.95543 13
-1.46477 0.13593 13.40874 0 0 -4.08595 7.60765 0.60329 13
-1.50153 -0.26351 13.40874 0 0 7.95987 7.60765 0.60312 13
-0.30680 -0.22418 91.69485 0 0 6.84943 87.84316 1.27992 -13
1.35027 -0.01963 98.57068 0 0 0.68182 58.67149 2.50405 -13
-0.62342 -0.23386 18.44835 0 0 7.10188 15.77035 1.02522 13
1.33931 -0.03037 8.27150 0 0 1.10016 4.95036 2.50002 -13
-0.84142 0.00165 23.12268 0 0 0.00384 17.69279 0.87131 13
-0.33800 0.03983 1.46605 0 0 -0.76697 1.38886 1.24509 -13
-0.62207 -0.05897 73.43699 0 0 1.85215 62.38662 1.01509 13
-2.06251 0.02529 29.18639 0 0 -0.72044 12.73676 0.45158 13
-1.34556 0.04446 12.33128 0 0 -1.32549 7.36056 0.63960 13
-0.23610 -0.08731 53.55764 0 0 2.70603 52.13492 1.33979 13
0.53536 -0.17985 35.64624 0 0 5.52247 31.53590 2.05574 -13
2.15108 -0.21571 50.57543 0 0 6.56509 21.72190 2.69767 13
0.66697 0.06909 51.11107 0 0 -1.99148 42.55235 2.15791 -13
0.36282 0.03222 27.93463 0 0 -0.90928 26.26131 1.91868 13
1.03446 0.09713 12.46310 0 0 -2.90534 8.68296 2.37078 13
1.66876 0.10541 26.61025 0 0 -3.06379 13.73454 2.59929 -13
-0.58573 -0.02394 82.23967 0 0 0.81035 70.96788 1.04106 -13
0.63930 -0.07124 14.79952 0 0 2.19096 12.47831 2.13847 13
0.16700 0.12100 41.16236 0 0 -3.55743 40.60806 1.73510 -13
0.17213 -0.27918 41.16236 0 0 8.51550 40.60806 1.73509 -13
0.99769 -0.18602 30.61543 0 0 5.71428 21.85685 2.34653 -13
-2.03983 0.04113 31.31126 0 0 -1.12373 13.79191 0.45614 -13
-0.92652 -0.04368 44.69419 0 0 1.41350 32.79975 0.82400 -13
0.48594 -0.18603 38.86861 0 0 5.67876 35.07206 2.01648 13
-1.63489 -0.14374 23.01253 0 0 4.37803 12.09715 0.55351 13
0.85747 -0.15889 6.99884 0 0 4.96367 5.34158 2.27345 -13
0.35317 -0.07774 16.92008 0 0 2.39443 15.95954 1.90935 13
0.29489 0.05467 41.08852 0 0 -1.57999 39.41535 1.85715 13
-1.41975 0.14423 20.99150 0 0 -4.22941 12.17159 0.61849 -13
-1.45015 -0.25472 20.99150 0 0 7.80693 12.17159 0.61847 -13
-0.76890 -0.05488 99.13032 0 0 1.73032 78.62939 0.91603 13
-0.25765 -0.18877 37.46921 0 0 5.76146 36.32329 1.32283 13
-1.21119 -0.15301 53.89328 0 0 4.71101 34.54826 0.69587 -13
-1.91943 -0.20933 82.92895 0 0 6.38306 38.96516 0.48914 13
0.28059 -0.14466 5.35380 0 0 4.54197 5.15861 1.84167 -13
-0.30822 -0.10677 36.44374 0 0 3.31603 34.84421 1.27341 -13
-0.52745 -0.00631 17.61632 0 0 0.30243 15.58174 1.08544 -13
0.57192 0.05248 31.76249 0 0 -1.51920 27.58059 2.08972 13
-0.90649 -0.21033 89.58431 0 0 6.41864 67.01648 0.84516 13
1.37926 -0.12641 63.42281 0 0 3.90703 37.42120 2.51050 -13
0.50450 -0.15597 22.64802 0 0 4.81064 20.26917 2.03322 -13
-1.04073 -0.11429 21.86086 0 0 3.49531 15.19777 0.76868 13
-1.31885 -0.10802 52.91315 0 0 3.35488 32.08675 0.65155 -13
0.94761 0.08860 46.86411 0 0 -2.60576 34.08026 2.32735 13
-0.27558 -0.24065 80.78690 0 0 7.33398 78.03445 1.30902 13
-0.44849 0.14302 70.61624 0 0 -4.22497 64.54116 1.15297 -13
-0.45829 -0.25602 70.61624 0 0 7.81169 64.54116 1.15297 -13
0.09717 -0.13004 57.02241 0 0 3.99533 56.75947 1.66686 13
-0.08476 -0.16784 78.11998 0 0 5.13792 77.84843 1.48740 13
0.69471 -0.09934 34.93634 0 0 3.09526 28.73776 2.17566 -13
0.66867 0.08529 60.81442 0 0 -2.48190 50.61043 2.15851 -13
-0.13427 -0.00234 17.40244 0 0 0.17984 17.24767 1.43732 -13
0.27028 -0.03978 91.65817 0 0 1.27654 88.48798 1.83457 13
1.24942 0.05191 65.19060 0 0 -1.47338 40.76914 2.46597 -13
1.48491 -0.22950 71.86546 0 0 6.99267 40.85200 2.53697 13
1.85475 -0.00100 4.96722 0 0 -0.09587 2.35699 2.64711 13
0.58908 0.14055 95.07736 0 0 -4.16456 82.12562 2.09888 13
0.60255 -0.25862 95.07736 0 0 7.87618 82.12562 2.09889 13
-0.78881 0.03190 22.25331 0 0 -0.90866 17.47522 0.90316 13
1.47466 -0.01032 65.10542 0 0 0.40568 36.54118 2.54568 -13
-0.35197 -0.03149 50.55655 0 0 1.04127 47.69168 1.23253 -13
1.14576 0.11744 58.11980 0 0 -3.47365 38.36581 2.42063 13
-0.34414 -0.19567 76.70333 0 0 5.97653 72.67063 1.24509 13
-1.09121 -0.18551 10.68509 0 0 5.74796 7.28546 0.75024 -13
1.93655 -0.16569 81.42123 0 0 5.09312 37.75816 2.65938 -13
-1.83010 -0.04746 30.78908 0 0 1.54419 14.77620 0.50056 -13
1.73186 -0.18629 76.65194 0 0 5.71290 38.82076 2.61053 -13
1.08983 -0.18025 85.57649 0 0 5.51025 58.35773 2.39118 13
-0.74032 -0.12904 28.94223 0 0 3.99442 23.32919 0.93746 -13
-0.60585 -0.03301 36.43749 0 0 1.06167 31.16861 1.02633 13
-0.00714 0.06625 4.67615 0 0 -1.81279 4.67602 1.56367 -13
-0.54800 -0.12955 87.71487 0 0 3.99552 77.06868 1.07299 -13
1.01917 0.07345 24.68944 0 0 -2.16175 17.31475 2.36434 13
2.03662 0.10872 72.80322 0 0 -3.18287 32.23956 2.68283 -13
-0.63070 -0.13916 94.73781 0 0 4.28539 80.34872 1.01243 -13
0.09385 0.08580 16.46218 0 0 -2.47535 16.39072 1.66403 -13
0.39666 0.02458 40.02437 0 0 -0.67333 37.20583 1.94832 13
-1.25271 0.14092 87.46798 0 0 -4.17838 54.89572 0.67848 13
-1.28112 -0.25823 87.46798 0 0 7.86167 54.89572 0.67849 13
0.46084 -0.16458 21.36471 0 0 5.07301 19.44860 1.99757 -13
0.66163 0.11725 98.19555 0 0 -3.44975 82.06353 2.15216 -13
0.36981 0.03212 72.62437 0 0 -0.88055 68.12010 1.92484 -13
0.64621 -0.01674 57.36779 0 0 0.59632 48.18500 2.14444 -13
-1.11646 0.04616 51.19321 0 0 -1.29723 34.17564 0.73096 -13
-0.61066 -0.18622 36.46547 0 0 5.68355 31.26419 1.03013 13
-0.96910 -0.04194 65.29937 0 0 1.33598 46.91201 0.80153 13
0.67010 0.12643 50.28652 0 0 -3.72104 41.87678 2.15751 -13
0.68920 -0.27343 50.28652 0 0 8.34176 41.87678 2.15751 -13
1.58550 -0.19793 79.61903 0 0 6.06289 43.05946 2.57019 -13
-0.30555 0.02700 66.10342 0 0 -0.74067 63.22039 1.27436 13
1.25810 -0.08055 91.41922 0 0 2.51963 56.99629 2.46843 -13
0.28923 0.04032 84.98558 0 0 -1.12908 81.64460 1.85212 -13
-0.75617 0.07036 51.08261 0 0 -2.02934 40.78196 0.92455 -13
1.86990 -0.23957 28.63039 0 0 7.26907 13.79689 2.63881 13
-0.86489 -0.01257 45.38500 0 0 0.47489 34.32819 0.85776 -13
0.23458 -0.19862 80.24380 0 0 6.07873 78.20042 1.79695 -13
1.23249 -0.03245 92.88003 0 0 1.05198 58.53890 2.45970 13
-0.09402 -0.01662 67.36435 0 0 0.59006 67.06865 1.47706 -13
0.85535 -0.08636 31.78103 0 0 2.66632 24.18951 2.27655 13
1.38176 -0.20844 82.38142 0 0 6.35967 48.97295 2.50499 13
1.27025 0.02203 99.37321 0 0 -0.57557 61.47808 2.47456 -13
-0.58385 0.11470 31.50922 0 0 -3.39665 27.25586 1.04518 13
-0.68832 0.12161 36.68383 0 0 -3.57012 30.28914 0.97138 -13
-0.70931 -0.27856 36.68383 0 0 8.50087 30.28914 0.97137 -13
-1.15631 0.00834 26.51977 0 0 -0.14155 17.34776 0.71305 -13
1.32841 -0.20438 20.50605 0 0 6.28518 12.49400 2.48646 -13
0.40350 0.04545 12.70248 0 0 -1.24787 11.78151 1.95396 -13
0.17426 0.05059 98.90739 0 0 -1.44979 97.44265 1.74311 13
-0.88993 0.05445 54.99302 0 0 -1.54950 41.10784 0.84431 -13
-0.95395 -0.00454 78.32212 0 0 0.20979 56.67169 0.80897 13
-0.12426 0.00135 93.29536 0 0 0.04594 92.58334 1.44717 -13
-1.07943 -0.02069 48.97357 0 0 0.69185 33.28627 0.74733 13
-0.87020 -0.10033 86.75016 0 0 3.10029 65.58215 0.85717 13
-0.48830 0.09489 18.45067 0 0 -2.75184 16.59392 1.11832 -13
1.05160 -0.00616 41.18102 0 0 0.24966 28.37836 2.38133 13
-1.16170 0.04954 73.06150 0 0 -1.40323 47.69854 0.71134 -13
1.77998 0.11367 22.47989 0 0 -3.39062 11.06540 2.62699 13
0.02536 -0.02247 43.78628 0 0 0.74786 43.77222 1.59615 13
-0.61667 -0.24701 36.43998 0 0 7.54824 31.26537 1.03135 -13
-0.90489 -0.21397 40.49383 0 0 6.55204 30.32613 0.84641 -13
-0.05404 -0.18990 60.62563 0 0 5.80109 60.54034 1.51775 13
-0.65574 -0.16612 88.21134 0 0 5.08570 74.06577 0.99662 13
0.71560 0.08260 96.49408 0 0 -2.40439 78.56175 2.19031 -13
0.56273 -0.14034 31.68959 0 0 4.29603 27.68107 2.07920 13
0.41053 -0.24527 95.03278 0 0 7.48477 88.27509 1.95019 -13
-0.53752 -0.13268 77.14177 0 0 4.09032 68.07980 1.08121 -13
-0.92177 -0.00374 9.71634 0 0 0.26218 7.14424 0.82609 -13
0.18441 -0.22709 2.82820 0 0 6.74972 2.78366 1.74873 13
0.43670 0.05779 70.40561 0 0 -1.65450 64.53884 1.98192 -13
2.14279 -0.14321 38.73401 0 0 4.43180 16.51666 2.70105 -13
0.16186 0.05572 84.94193 0 0 -1.60522 83.85392 1.73102 13
0.60394 -0.20844 13.11632 0 0 6.32562 11.29017 2.10475 13
1.07894 0.04272 11.35306 0 0 -1.27123 7.72138 2.39369 13
-0.02274 0.12561 82.50346 0 0 -3.71357 82.48247 1.54824 13
-0.02339 -0.27435 82.50346 0 0 8.35066 82.48247 1.54824 13
-2.14594 0.13454 90.54004 0 0 -3.96362 38.52436 0.43952 -13
0.34092 0.14818 36.40005 0 0 -4.37398 34.49177 1.89605 -13
0.34765 -0.25064 36.40005 0 0 7.65604 34.49177 1.89604 -13
1.44884 -0.19399 82.22151 0 0 5.94433 47.28969 2.52881 -13
0.31651 -0.10132 46.58419 0 0 3.14822 44.43322 1.87587 -13
-1.81287 -0.16256 70.57257 0 0 4.99902 34.42738 0.50961 -13
0.30876 0.08354 92.36595 0 0 -2.44413 88.28167 1.86929 13
-0.79212 0.00785 57.17393 0 0 -0.16662 44.81751 0.90089 13
-1.34496 0.12055 49.69662 0 0 -3.53858 29.79005 0.64280 -13
-1.38653 -0.27965 49.69662 0 0 8.53520 29.79005 0.64279 -13
0.10808 -0.17004 87.01859 0 0 5.21636 86.52876 1.67695 -13
-1.11531 -0.13134 16.47402 0 0 4.09068 11.04934 0.73519 -13
-0.69568 -0.21761 89.69001 0 0 6.63895 74.17479 0.97378 13
-1.66570 0.09689 99.34660 0 0 -2.85114 51.31040 0.54274 13
0.85584 0.00198 76.63744 0 0 0.02979 58.22500 2.27867 -13
0.24014 -0.14852 61.54990 0 0 4.55321 59.88365 1.80400 13
0.18079 0.14399 65.79216 0 0 -4.26916 64.76344 1.74787 13
0.18468 -0.25504 65.79216 0 0 7.76767 64.76344 1.74787 13
-2.13931 0.13795 71.25330 0 0 -4.09633 30.40686 0.44089 13
-0.18635 -0.05376 66.87862 0 0 1.69554 65.74995 1.38682 13
0.89216 0.02881 11.56328 0 0 -0.73231 8.62999 2.29906 -13
-1.25755 0.01496 15.91912 0 0 -0.32055 9.90885 0.67186 -13
-1.38310 -0.14389 38.12053 0 0 4.39952 22.48580 0.63088 13
-0.96162 -0.06051 81.70362 0 0 1.91450 58.94405 0.80587 -13
1.82045 -0.21663 12.25130 0 0 6.53516 6.00269 2.62954 13
0.59927 0.09572 28.65267 0 0 -2.82568 24.60710 2.10867 13
-1.40434 -0.18350 10.24296 0 0 5.52659 6.00787 0.62663 13
-0.54019 -0.22590 58.52374 0 0 6.90520 51.77618 1.08585 -13
-1.60722 0.03445 7.19206 0 0 -1.08408 3.80132 0.55684 13
0.21858 0.06689 80.70250 0 0 -1.94229 78.84903 1.78553 13
0.34600 0.12778 3.93767 0 0 -3.64747 3.72442 1.90140 -13
0.35562 -0.27186 3.93767 0 0 8.41621 3.72442 1.90137 -13
0.12662 0.03497 91.18616 0 0 -0.96812 90.46466 1.69667 -13
0.85085 -0.23094 7.55968 0 0 7.13794 5.81944 2.26299 -13
-0.07945 0.10750 46.22211 0 0 -3.15072 46.07855 1.49196 -13
0.37706 -0.19342 33.71677 0 0 5.93099 31.61979 1.92535 -13
-0.63526 -0.11253 48.31871 0 0 3.48696 40.85846 1.00769 -13
-0.53565 0.07807 99.58393 0 0 -2.27917 87.84268 1.08030 13
-0.13597 0.03287 93.77227 0 0 -0.91545 92.91818 1.43572 13
-0.27660 -0.07550 98.51746 0 0 2.36372 94.97121 1.30167 -13
0.04858 -0.07457 87.62526 0 0 2.32498 87.52265 1.61920 13
-0.90616 0.04471 93.17496 0 0 -1.26009 69.07573 0.83509 -13
1.56624 0.14497 80.46099 0 0 -4.27955 43.61944 2.56864 -13
1.59926 -0.25397 80.46099 0 0 7.75518 43.61944 2.56864 -13
1.76879 -0.05316 70.35284 0 0 1.67082 34.66089 2.62643 13
0.17145 0.14049 23.81120 0 0 -4.13574 23.47520 1.73897 -13
0.17537 -0.25865 23.81120 0 0 7.90527 23.47520 1.73897 -13
1.90234 0.02488 33.05412 0 0 -0.70077 15.38354 2.65750 13
-0.35874 -0.23177 20.73203 0 0 7.09860 19.57151 1.23459 -13
0.48941 -0.04498 55.35045 0 0 1.44814 49.72569 2.02553 -13
-1.22927 -0.17092 20.10707 0 0 5.19708 12.79845 0.68997 13
1.44810 -0.03678 25.71549 0 0 1.15750 14.61910 2.53691 13
0.13332 -0.24352 32.06927 0 0 7.41144 31.80354 1.69961 13
1.06809 0.05505 7.70818 0 0 -1.67062 5.27239 2.38835 13
1.12516 -0.13632 71.18037 0 0 4.18267 47.52886 2.41045 13
1.14097 -0.20490 8.05676 0 0 6.16778 5.37149 2.41174 13
-0.64279 -0.03414 26.68597 0 0 1.08930 22.45234 0.99977 13
-0.68663 0.06360 41.42887 0 0 -1.85154 34.17510 0.97004 13
0.11789 -0.14054 14.90044 0 0 4.35279 14.79996 1.68701 -13
0.53306 0.08881 67.79521 0 0 -2.58960 59.87774 2.05891 -13
0.32068 -0.05031 82.60963 0 0 1.59275 78.67319 1.88075 13
0.89621 0.08520 63.74680 0 0 -2.47883 47.54830 2.29972 -13
1.82532 -0.16391 37.57890 0 0 4.99832 18.24048 2.63480 13
0.45045 0.06623 17.55150 0 0 -1.94774 16.00895 1.99320 13
-0.62041 -0.14540 49.97845 0 0 4.45547 42.59184 1.02018 13
-0.57058 0.04896 31.34592 0 0 -1.37781 27.23389 1.05280 -13
1.89815 0.08233 17.77210 0 0 -2.46396 8.30487 2.65532 13
-0.28449 -0.18947 11.04763 0 0 5.84363 10.63999 1.29823 -13
-0.19768 -0.13319 73.38502 0 0 4.10535 72.01554 1.37730 -13
2.12605 -0.20451 35.90792 0 0 6.21717 15.54201 2.69400 13
0.67001 0.13395 95.56524 0 0 -3.95329 79.60977 2.15700 -13
0.68709 -0.26551 95.56524 0 0 8.09699 79.60977 2.15701 -13
-1.18657 -0.22906 68.93529 0 0 6.98042 45.08632 0.71290 13
0.42489 -0.20013 84.14412 0 0 6.11141 77.67261 1.96556 13
0.35421 0.06300 16.46042 0 0 -1.83016 15.51976 1.91060 13
0.08772 -0.10276 76.69602 0 0 3.18743 76.40565 1.65784 -13
0.94277 -0.04011 25.03435 0 0 1.31851 18.22244 2.32634 -13
-0.17294 -0.03821 39.25131 0 0 1.24633 38.67799 1.39967 -13
-1.59462 -0.07321 87.65293 0 0 2.30061 46.65741 0.56132 -13
-0.32668 -0.15331 93.92613 0 0 4.70055 89.38211 1.25846 13
-0.72030 0.09298 85.75768 0 0 -2.71633 69.68761 0.94861 -13
-0.92196 0.04871 15.80845 0 0 -1.42955 11.62917 0.82657 13
1.06579 0.09306 89.51945 0 0 -2.71782 61.39247 2.38588 -13
0.14673 -0.06558 92.80513 0 0 2.06488 91.82611 1.71618 -13
-0.44803 -0.22794 82.39056 0 0 6.96363 75.50135 1.15895 -13
-1.59959 -0.18784 9.87684 0 0 5.84371 5.30089 0.56654 -13
0.30231 -0.15996 58.17673 0 0 4.89730 55.74601 1.86089 13
0.56430 0.13336 94.22820 0 0 -3.94743 82.23754 2.08079 13
0.57881 -0.26617 94.22820 0 0 8.10377 82.23754 2.08078 13
0.31136 -0.24146 14.25615 0 0 7.40449 13.64482 1.86470 -13
0.98104 -0.09475 71.51355 0 0 2.94905 51.16177 2.34439 -13
-0.45849 -0.20294 27.84394 0 0 6.22284 25.39776 1.14850 -13
-1.56254 -0.03757 60.99542 0 0 1.19971 32.89607 0.56962 13
-1.21346 0.09569 93.02130 0 0 -2.81370 59.31891 0.69150 13
0.83559 0.12736 88.67779 0 0 -3.76747 68.27332 2.26291 13
0.85912 -0.27250 88.67779 0 0 8.29433 68.27332 2.26291 13
0.40294 -0.14428 70.36661 0 0 4.42578 65.36063 1.95027 13
1.96331 0.12558 42.81903 0 0 -3.68225 19.55458 2.66733 -13
2.01996 -0.27433 42.81903 0 0 8.38218 19.55458 2.66732 -13
-0.15174 -0.09944 34.42820 0 0 3.06610 34.04222 1.42094 13
0.56633 0.04427 91.64930 0 0 -1.24821 79.76747 2.08567 -13
-1.12145 0.07460 77.12254 0 0 -2.15953 51.40709 0.72959 -13
-0.18844 -0.03913 32.15257 0 0 1.24584 31.59726 1.38468 13
2.01876 -0.18748 10.78809 0 0 5.62871 4.85496 2.67476 13
0.39789 0.14042 30.22262 0 0 -4.17243 28.11861 1.94614 13
0.40702 -0.25879 30.22262 0 0 7.86869 28.11861 1.94615 13
0.30514 0.09758 8.96385 0 0 -2.80517 8.57700 1.86564 -13
-1.62381 -0.08035 44.49599 0 0 2.52553 23.38731 0.55342 -13
0.04125 -0.04520 80.42185 0 0 1.43868 80.35369 1.61198 13
0.56643 0.13105 88.97854 0 0 -3.86524 77.58051 2.08252 -13
0.58153 -0.26857 88.97854 0 0 8.18970 77.58051 2.08252 -13
-0.86461 -0.06488 40.69262 0 0 2.05418 30.80964 0.85892 -13
-0.79705 -0.11638 11.59116 0 0 3.53560 9.08832 0.90114 13
-0.33196 0.12219 64.58328 0 0 -3.61288 61.33917 1.25249 13
-0.34201 -0.27797 64.58328 0 0 8.45767 61.33917 1.25249 13
-1.08161 -0.04203 71.16732 0 0 1.35881 48.33592 0.74665 -13
-0.19783 0.11784 73.80504 0 0 -3.48030 72.42054 1.37680 13
-0.98716 -0.01936 37.54927 0 0 0.64669 26.72460 0.79195 13
0.08191 -0.03622 54.64475 0 0 1.18291 54.46253 1.65247 -13
-0.21036 -0.12525 57.79567 0 0 3.85100 56.57628 1.36502 13
0.61561 0.06540 31.70992 0 0 -1.90984 27.01859 2.12167 13
0.86507 -0.18157 77.84745 0 0 5.56683 59.28129 2.27596 -13
0.32751 -0.22308 21.51657 0 0 6.78709 20.49497 1.88018 13
0.05051 -0.06961 21.11369 0 0 2.20495 21.08691 1.62114 -13
0.17979 -0.03574 85.79984 0 0 1.15322 84.44755 1.74858 13
0.01611 -0.08355 40.52953 0 0 2.61356 40.52430 1.58685 -13
-0.53295 -0.16765 22.86251 0 0 5.16425 20.23714 1.08687 -13
1.24763 0.11966 15.01156 0 0 -3.47693 9.42905 2.46246 -13
1.07289 -0.17470 71.61392 0 0 5.34101 49.21886 2.38384 13
0.55069 0.03351 83.98885 0 0 -0.93644 73.58047 2.07393 13
0.23311 -0.08620 51.10096 0 0 2.67206 49.77609 1.79900 13
1.88399 0.11045 52.43981 0 0 -3.23078 24.70251 2.65110 -13
1.15355 -0.13677 52.54737 0 0 4.19333 34.60222 2.42278 13
0.01610 0.14391 15.42856 0 0 -4.29137 15.42659 1.58673 13
0.01649 -0.25514 15.42856 0 0 7.74413 15.42659 1.58677 13
-0.20848 -0.12970 4.95222 0 0 4.09510 4.84961 1.36692 -13
-1.26030 -0.07300 65.02029 0 0 2.29406 40.48085 0.67203 -13
0.77764 -0.03326 25.11894 0 0 1.06084 19.83318 2.23149 13
1.73927 -0.20910 12.51410 0 0 6.46456 6.33850 2.61050 -13
0.31545 0.02782 32.31181 0 0 -0.77372 30.81598 1.87626 13
0.34277 0.09205 51.10837 0 0 -2.70507 48.36840 1.89972 13
0.83633 -0.01063 55.74099 0 0 0.41346 42.75939 2.26727 -13
1.09844 -0.11821 49.10449 0 0 3.63263 33.18197 2.39962 13
-0.24255 -0.17588 87.75359 0 0 5.39227 85.35197 1.33630 -13
0.28932 0.07555 42.34741 0 0 -2.21006 40.68819 1.85167 13
0.02343 -0.04241 4.42554 0 0 1.24973 4.42432 1.59421 13
-0.29507 -0.13197 24.51973 0 0 4.08337 23.53341 1.28620 -13
1.39567 -0.15813 88.32539 0 0 4.84145 51.86285 2.51402 13
0.93115 0.02089 32.67519 0 0 -0.56966 23.91578 2.32045 13
0.64540 0.05260 23.56006 0 0 -1.52990 19.80316 2.14330 13
1.13811 -0.01215 75.09354 0 0 0.45758 49.56831 2.42066 -13
-0.03611 -0.01736 84.48591 0 0 0.59905 84.43091 1.53471 13
1.62397 -0.16548 5.75414 0 0 5.23784 3.04745 2.58360 -13
-0.24345 -0.14839 17.22484 0 0 4.52656 16.74619 1.33448 13
-0.22284 0.07908 55.55003 0 0 -2.31322 54.22823 1.35220 13
1.00747 -0.23464 55.09315 0 0 7.14585 39.33223 2.34652 13
-0.77782 -0.19491 77.13710 0 0 5.96881 61.31182 0.91874 -13
-0.14857 -0.13098 37.35669 0 0 4.04586 36.95790 1.42454 -13
-0.18185 0.03487 52.52396 0 0 -0.96099 51.67744 1.39102 -13
0.94994 -0.24513 26.31477 0 0 7.50296 19.34086 2.31597 -13
-0.67313 -0.00888 82.95128 0 0 0.35633 68.81433 0.97835 -13
-0.43905 -0.20841 15.56340 0 0 6.40297 14.29868 1.16485 -13
-0.28417 -0.01392 43.72428 0 0 0.48993 42.05932 1.29395 13
1.57958 -0.15967 22.78963 0 0 4.85498 12.29968 2.57150 13
1.55628 -0.08416 47.70860 0 0 2.59977 25.85407 2.56886 13
0.02215 0.04493 27.95425 0 0 -1.29164 27.94742 1.59292 13
1.24861 0.08667 39.94166 0 0 -2.55356 25.02492 2.46448 13
-0.33689 0.04555 86.81186 0 0 -1.28681 82.27736 1.24616 -13
0.32971 -0.21241 39.98097 0 0 6.47510 38.05083 1.88278 13
0.98973 0.11295 24.43436 0 0 -3.29865 17.42003 2.34786 -13
-0.50199 -0.21633 88.25556 0 0 6.61295 79.23260 1.11466 -13
-0.42186 0.12629 64.96607 0 0 -3.72053 59.92914 1.17442 -13
-0.43391 -0.27359 64.96607 0 0 8.34247 59.92914 1.17442 -13
2.03810 -0.17330 64.73503 0 0 5.32590 28.85582 2.67957 -13
-0.18958 0.06232 46.99414 0 0 -1.80901 46.17494 1.38380 13
0.29141 -0.05308 92.87018 0 0 1.68786 89.17136 1.85397 -13
-0.25155 -0.06452 76.58945 0 0 2.02100 74.28481 1.32485 13
0.48622 0.10887 22.56302 0 0 -3.17837 20.31429 2.02105 -13
-0.43743 0.02212 40.38880 0 0 -0.57289 37.00486 1.15854 -13
-0.38178 -0.17295 89.98865 0 0 5.29252 84.22576 1.21098 13
-2.01058 -0.08385 92.59596 0 0 2.59854 41.35202 0.46294 13
-1.09145 0.01511 39.76923 0 0 -0.35665 26.86768 0.74176 -13
-0.58337 0.14593 22.85060 0 0 -4.34613 19.79010 1.04727 13
-0.59551 -0.25305 22.85060 0 0 7.68759 19.79010 1.04723 13
-0.09124 -0.25368 2.23113 0 0 7.49900 2.22243 1.48259 13
-0.95605 -0.20642 75.95219 0 0 6.29888 55.44296 0.81828 13
-0.09806 -0.12510 24.03825 0 0 3.87443 23.92529 1.47380 -13
0.28038 0.08863 56.15610 0 0 -2.60076 54.08611 1.84314 13
-1.37603 0.05413 50.28321 0 0 -1.56735 29.58933 0.62914 13
-1.60842 -0.07786 8.96347 0 0 2.53169 4.74260 0.55760 -13
0.82216 -0.21564 56.61371 0 0 6.59767 44.12739 2.24778 -13
1.18704 -0.20700 35.64129 0 0 6.34739 23.24357 2.43115 -13
0.90464 0.08559 19.36933 0 0 -2.53182 14.38786 2.30436 13
0.25375 0.13893 13.42665 0 0 -4.07399 13.02178 1.81703 -13
0.25969 -0.26021 13.42665 0 0 7.96944 13.02178 1.81702 -13
0.72107 -0.13856 76.91774 0 0 4.26897 62.59163 2.19102 -13
-1.05024 -0.07346 18.01950 0 0 2.33321 12.44298 0.76224 -13
0.03313 -0.08267 12.40929 0 0 2.61320 12.40252 1.60380 -13
-0.36233 -0.14535 56.64121 0 0 4.47529 53.31732 1.22652 -13
0.22338 -0.04120 78.13740 0 0 1.31772 76.26102 1.79039 13
-0.11371 -0.08615 64.06542 0 0 2.68776 63.65825 1.45799 -13
0.54390 -0.19125 14.87748 0 0 5.88963 13.12230 2.06144 -13
0.76129 -0.11544 18.04980 0 0 3.53097 14.39646 2.21830 13
-1.75934 -0.13532 38.54393 0 0 4.13807 19.17672 0.52076 13
-0.84756 0.06104 14.24607 0 0 -1.71693 10.87615 0.86864 -13
0.04199 0.06983 85.69001 0 0 -2.01931 85.61491 1.61266 -13
1.28711 0.02395 66.60847 0 0 -0.62901 40.87302 2.48094 -13
0.94983 -0.13425 36.08644 0 0 4.11253 26.27454 2.32601 13
-0.68501 0.11957 76.13391 0 0 -3.51798 62.95223 0.97351 -13
-0.70648 -0.28072 76.13391 0 0 8.55752 62.95223 0.97349 -13
0.76159 -0.23226 90.23240 0 0 7.08059 72.46845 2.20906 13
-1.18763 -0.18131 43.43186 0 0 5.56840 28.23847 0.70782 -13
-0.26894 0.07624 51.67763 0 0 -2.22874 49.91407 1.30880 13
1.45498 -0.08727 53.49592 0 0 2.69716 30.37958 2.53767 13
-0.06487 0.07748 44.16435 0 0 -2.24492 44.07229 1.50621 -13
-0.77645 -0.16346 2.99956 0 0 4.79864 2.38128 0.91696 13
-0.43660 -0.14928 46.09428 0 0 4.59477 42.31745 1.16317 -13
-1.06321 0.02213 19.87733 0 0 -0.54971 13.61988 0.75489 -13
-0.99809 0.12851 33.16344 0 0 -3.81627 23.56793 0.79045 13
-1.02569 -0.27133 33.16344 0 0 8.24284 23.56793 0.79047 13
0.10417 -0.17297 76.69371 0 0 5.30548 76.29285 1.67308 -13
1.55411 -0.00677 2.68265 0 0 -0.04690 1.45160 2.56982 13
-0.35112 -0.00278 83.59013 0 0 0.17110 78.87006 1.23312 -13
1.60497 -0.00271 28.39440 0 0 0.19547 15.01553 2.58438 -13
0.81841 -0.02138 57.56041 0 0 0.71640 44.54870 2.25655 13
-0.12868 0.13066 60.24076 0 0 -3.85196 59.75625 1.44388 -13
-0.13213 -0.26898 60.24076 0 0 8.20355 59.75625 1.44389 -13
-0.31092 -0.11138 82.65057 0 0 3.43510 78.96634 1.27109 13
-0.06489 -0.24068 94.93609 0 0 7.33594 94.74768 1.50779 13
-1.45196 -0.09709 34.32281 0 0 3.03332 19.53034 0.60531 -13
1.91772 -0.22404 14.71783 0 0 6.91660 6.93603 2.65082 -13
-0.74338 -0.05490 74.22035 0 0 1.72910 59.59712 0.93227 13
0.39537 0.07028 51.65765 0 0 -2.02920 48.05515 1.94646 -13
-0.83437 0.13108 97.84295 0 0 -3.87917 75.38892 0.87964 13
-0.85658 -0.26857 97.84295 0 0 8.17604 75.38892 0.87965 13
-0.33715 0.08241 79.64596 0 0 -2.39898 75.49809 1.24664 -13
0.41758 0.14682 85.13272 0 0 -4.34141 78.68182 1.96259 -13
0.42608 -0.25206 85.13272 0 0 7.69085 78.68182 1.96260 -13
0.35975 0.03040 4.34230 0 0 -0.95478 4.08628 1.91598 13
1.63071 -0.02965 2.78715 0 0 1.29858 1.45749 2.59131 -13
-0.09607 0.06657 37.80172 0 0 -1.93975 37.62920 1.47523 13
0.17325 0.05986 66.44294 0 0 -1.73175 65.47114 1.74205 13
1.62147 -0.05869 93.76351 0 0 1.86118 49.28027 2.58820 -13
0.05338 -0.09747 42.71851 0 0 3.01001 42.65835 1.62388 13
1.67004 0.06855 2.96748 0 0 -1.65299 1.52729 2.60103 -13
1.55161 -0.02925 83.88876 0 0 0.97394 45.45889 2.56890 -13
0.32915 0.08859 83.84598 0 0 -2.58517 79.67300 1.88762 -13
-0.26757 0.10417 69.65468 0 0 -3.05382 67.31184 1.31069 -13
-0.66369 -0.11049 95.06607 0 0 3.40774 79.35486 0.98765 13
1.12739 0.08023 87.50597 0 0 -2.34733 58.17091 2.41441 13
-0.33020 0.12409 34.83904 0 0 -3.64648 33.10690 1.25413 -13
-0.33993 -0.27593 34.83904 0 0 8.42080 33.10690 1.25414 -13
1.29824 0.07091 37.22634 0 0 -2.07883 22.75254 2.48403 13
0.65847 0.12592 23.33661 0 0 -3.74258 19.53673 2.14950 13
0.67737 -0.27405 23.33661 0 0 8.32044 19.53673 2.14947 13
1.71402 -0.09038 93.80764 0 0 2.81784 47.41589 2.61168 -13
-0.25212 -0.19816 22.60904 0 0 6.08216 21.94766 1.32835 -13
-1.51142 -0.12338 30.47307 0 0 3.83074 16.90295 0.58799 -13
