1.81068 -0.25970 29.19910 0 0 7.87895 14.47053 2.62307 13
1.40900 -0.22334 73.26653 0 0 6.83038 43.09184 2.51284 -13
0.33826 -0.18308 23.79755 0 0 5.58216 22.58044 1.89200 13
1.67278 0.00894 78.93291 0 0 -0.17706 40.50273 2.60277 -13
-0.44692 0.02518 44.77219 0 0 -0.68982 40.87770 1.15062 13
-1.01823 0.03318 13.00554 0 0 -0.86573 9.11560 0.77664 -13
0.99569 0.14702 62.41529 0 0 -4.36536 44.46409 2.34869 13
1.01587 -0.25186 62.41529 0 0 7.66675 44.46409 2.34869 13
0.87937 0.07850 88.13917 0 0 -2.27921 66.27619 2.29057 -13
-1.78759 0.04241 25.60396 0 0 -1.15765 12.50901 0.51042 -13
0.91417 -0.14351 89.53138 0 0 4.40286 66.38595 2.30631 13
-0.34638 0.04259 18.95798 0 0 -1.23060 17.91547 1.23763 13
-0.44727 -0.11400 71.05728 0 0 3.51221 64.93439 1.15262 13
0.34715 0.00039 74.02845 0 0 0.07645 69.93433 1.90493 -13
1.05326 0.09902 66.61738 0 0 -2.91566 45.98617 2.37969 13
0.01848 -0.16444 64.47847 0 0 5.03429 64.46775 1.58903 13
-0.33327 -0.18642 75.12287 0 0 5.71177 71.38929 1.25419 -13
1.43853 -0.02151 89.55798 0 0 0.74002 51.12668 2.53402 -13
0.47435 -0.19703 22.97857 0 0 6.04905 20.83258 2.00639 -13
0.13879 -0.00487 76.87785 0 0 0.22179 76.14798 1.70871 13
-0.72380 0.12772 86.70773 0 0 -3.76457 70.43416 0.94811 -13
-0.74406 -0.27208 86.70773 0 0 8.29558 70.43416 0.94812 -13
-1.98145 0.12284 39.72241 0 0 -3.59681 18.00464 0.47040 -13
-2.04076 -0.27721 39.72241 0 0 8.47274 18.00464 0.47042 -13
-1.03291 -0.09461 34.55315 0 0 2.91504 24.08959 0.77144 13
-0.27643 0.09127 4.65541 0 0 -2.78118 4.48825 1.30216 13
-0.24780 0.09885 90.23550 0 0 -2.89521 87.61129 1.32903 -13
1.18452 -0.12313 72.90179 0 0 3.78548 47.23397 2.43675 13
-1.09351 0.00753 30.15779 0 0 -0.12180 20.35211 0.74077 -13
-1.27657 -0.07541 27.11198 0 0 2.32631 16.74793 0.66588 13
0.67631 0.00023 76.83796 0 0 0.08210 63.64825 2.16545 -13
-0.29947 -0.00448 83.46807 0 0 0.21034 79.95973 1.27983 13
0.99015 -0.14636 64.16018 0 0 4.48514 45.83016 2.34595 13
-1.61084 0.06787 91.17338 0 0 -1.97607 48.16664 0.55660 13
-1.73536 -0.24340 76.36793 0 0 7.41023 38.95527 0.53531 13
-0.45030 0.10901 60.63830 0 0 -3.21592 55.34621 1.14990 13
-1.16797 -0.03883 84.72109 0 0 1.24383 55.12422 0.70845 13
-1.91363 0.10279 98.28171 0 0 -3.02965 45.70650 0.48370 13
-2.09242 -0.23892 78.30508 0 0 7.27285 34.53258 0.45672 13
-0.29461 -0.04749 57.91189 0 0 1.52237 55.55624 1.28460 -13
1.37547 -0.22352 33.58066 0 0 6.84913 20.06094 2.50132 -13
-0.01435 -0.24970 52.55264 0 0 7.60488 52.54754 1.55687 13
-0.23391 0.01364 3.96751 0 0 -0.45558 3.86328 1.34103 13
-0.71395 -0.16557 56.78772 0 0 5.08679 46.42708 0.95715 -13
-0.74701 -0.24141 91.85763 0 0 7.37030 74.32861 0.94273 -13
-0.69700 0.00584 60.51994 0 0 -0.08503 49.64991 0.96210 -13
-0.51120 -0.14083 1.67340 0 0 4.00743 1.49301 1.10219 13
-1.84995 0.06344 68.18878 0 0 -1.84800 32.47567 0.49640 13
-0.59789 0.12012 43.23850 0 0 -3.52898 37.18100 1.03508 -13
-0.61646 -0.28012 43.23850 0 0 8.54543 37.18100 1.03509 -13
1.56797 -0.19259 55.37490 0 0 5.87441 30.16186 2.56558 13
-1.19173 -0.20350 92.88961 0 0 6.22795 60.41775 0.70815 -13
-1.32040 -0.01002 27.36233 0 0 0.35412 16.52036 0.64821 13
-0.64008 0.13433 26.16065 0 0 -3.99236 22.09102 1.00548 13
-0.65636 -0.26520 26.16065 0 0 8.05694 22.09102 1.00544 13
1.06321 0.01646 62.64843 0 0 -0.42689 42.92495 2.38675 13
-0.03788 -0.14274 93.39948 0 0 4.39233 93.33390 1.53331 -13
-0.25478 0.05883 30.37911 0 0 -1.67656 29.44179 1.32174 -13
0.25919 0.00330 94.95356 0 0 -0.02372 91.91618 1.82441 13
-0.08917 0.06064 48.48542 0 0 -1.73759 48.29450 1.48202 -13
-1.26747 -0.04671 34.99478 0 0 1.51268 21.69002 0.66851 -13
1.72101 -0.19715 94.61384 0 0 6.03850 48.21340 2.60690 -13
0.98861 -0.00452 65.42392 0 0 0.22789 46.52633 2.35046 -13
-0.52923 -0.20620 8.95365 0 0 6.36807 7.94935 1.09260 -13
0.24210 -0.12988 56.27093 0 0 4.00795 54.71605 1.80642 -13
1.23034 0.14673 66.29981 0 0 -4.35640 42.08463 2.45389 13
1.25542 -0.25217 66.29981 0 0 7.67611 42.08463 2.45389 13
-0.30314 0.13869 38.32124 0 0 -4.11483 36.70242 1.27910 13
-0.31029 -0.26057 38.32124 0 0 7.92831 36.70242 1.27910 13
1.10058 -0.12699 77.41268 0 0 3.90351 52.28610 2.40006 13
0.68244 -0.20609 57.18005 0 0 6.28790 47.53870 2.15999 13
0.92553 -0.04183 35.92387 0 0 1.36184 26.37535 2.31710 -13
-0.55360 0.00836 98.66658 0 0 -0.16525 86.32242 1.06521 -13
-1.13418 -0.24801 58.95209 0 0 7.57553 39.63822 0.73744 -13
0.28933 0.14357 66.98074 0 0 -4.25638 64.39179 1.84972 13
0.29558 -0.25546 66.98074 0 0 7.78054 64.39179 1.84972 13
-0.18341 0.10293 73.80258 0 0 -3.03043 72.60409 1.39034 13
-0.22150 -0.23326 33.62349 0 0 7.10157 32.86757 1.35834 13
-0.43022 0.02253 59.03855 0 0 -0.58939 54.23483 1.16461 -13
-0.16628 0.10073 31.65484 0 0 -2.94182 31.23023 1.40684 -13
1.02430 -0.15663 87.00752 0 0 4.81422 61.15654 2.36214 -13
0.50403 0.15072 7.25816 0 0 -4.38714 6.49622 2.03316 -13
0.51348 -0.24792 7.25816 0 0 7.64186 6.49622 2.03315 -13
0.99494 -0.24870 97.49674 0 0 7.57645 70.13902 2.33866 13
-0.35217 0.07741 93.23616 0 0 -2.24836 87.97106 1.23313 -13
1.26995 -0.01390 54.46817 0 0 0.48585 33.69935 2.47451 13
0.34358 -0.21710 24.22485 0 0 6.60671 22.96498 1.89472 13
-1.80983 0.07383 44.03695 0 0 -2.12407 21.34096 0.50594 -13
0.51983 -0.00698 15.92499 0 0 0.25664 14.12996 2.05017 13
-0.23573 0.01219 78.14823 0 0 -0.28067 76.06376 1.33931 -13
-0.62849 -0.22042 59.55631 0 0 6.74022 50.75846 1.02032 -13
0.70403 0.04901 9.50472 0 0 -1.45726 7.77435 2.18366 13
0.18397 -0.21044 42.98290 0 0 6.41754 42.30292 1.74891 13
-0.17932 0.09229 20.33738 0 0 -2.67871 20.02078 1.39410 -13
0.32852 -0.18170 63.58839 0 0 5.57055 60.50616 1.88342 -13
1.06751 0.74540 63.58839 0 0 5.53173 60.50616 2.27870 -13
-0.69219 -0.72457 63.58839 0 0 6.55504 60.50616 2.08168 -13
-0.57672 0.15616 63.58839 0 0 6.24573 60.50616 1.05287 -13
-11.18044 20.25156 63.58839 0 0 6.82376 60.50616 1.06687 -13
-1.85835 -2.45649 63.58839 0 0 7.03464 60.50616 2.18198 -13
0.20833 -0.16827 99.97910 0 0 5.15246 97.93382 1.77342 13
-1.89582 -0.02715 80.36954 0 0 0.91335 37.50738 0.48554 -13
-0.10223 0.05768 25.85931 0 0 -1.67807 25.72565 1.46908 13
-1.01745 -0.06087 12.33504 0 0 1.97338 8.65418 0.77767 -13
0.43095 0.05552 71.01915 0 0 -1.58512 65.23648 1.97714 -13
0.43095 0.05552 71.01915 0 0 -1.58651 65.23648 1.97714 -13
0.31515 -0.01703 3.64514 0 0 0.45700 3.47663 1.87605 13
-1.26006 -0.07474 74.74574 0 0 2.34654 46.54410 0.67219 -13
0.73241 0.08138 71.72057 0 0 -2.36503 57.92770 2.20137 -13
-0.89851 -0.15311 66.97163 0 0 4.70983 50.07330 0.84456 -13
0.48210 -0.15397 47.14329 0 0 4.73713 42.55835 2.01546 -13
0.45093 -0.09783 97.02536 0 0 3.02677 88.51981 1.99264 13
-0.43503 0.00432 9.09363 0 0 0.00864 8.33871 1.16046 -13
0.45967 0.06185 26.85208 0 0 -1.76424 24.40615 2.00094 -13
-0.26174 -0.00238 30.00787 0 0 0.13551 29.02990 1.31480 13
-0.06142 -0.21815 57.28662 0 0 6.65355 57.18374 1.51086 13
-0.32478 -0.03439 96.20235 0 0 1.11316 91.50266 1.25694 13
-1.15064 0.03301 31.90590 0 0 -0.89156 20.93614 0.71574 -13
-0.48197 -0.08201 13.05693 0 0 2.51291 11.76953 1.12298 13
-0.15735 0.09622 81.46444 0 0 -2.82694 80.48324 1.41543 13
-1.01786 0.12933 17.02701 0 0 -3.77824 11.98301 0.78070 -13
-1.04584 -0.27026 17.02701 0 0 8.28004 11.98301 0.78061 -13
0.61048 -0.02072 8.45252 0 0 0.63910 7.21485 2.11879 13
0.83507 -0.10878 49.95480 0 0 3.34984 38.43647 2.26367 13
-1.40333 -0.21744 11.92108 0 0 6.56774 7.02446 0.63008 13
-0.15825 0.14299 78.60837 0 0 -4.22580 77.66112 1.41540 -13
-0.16172 -0.25604 78.60837 0 0 7.81109 77.66112 1.41540 -13
0.03498 0.04995 45.03967 0 0 -1.43612 45.01221 1.60572 13
0.26538 -0.06188 41.55226 0 0 1.95991 40.16737 1.82972 -13
-0.36682 -0.06017 97.08079 0 0 1.90178 91.16164 1.21980 -13
1.26580 -0.19513 49.57994 0 0 5.95087 31.08779 2.46386 13
0.68784 -0.12224 87.84650 0 0 3.77486 72.54888 2.16986 -13
-0.05742 0.07564 20.57744 0 0 -2.22396 20.54377 1.51360 13
0.39813 0.10252 77.57382 0 0 -3.00452 72.12317 1.94789 -13
-0.77555 -0.14006 11.16142 0 0 4.24598 8.85153 0.91584 13
-1.40915 0.09396 57.71744 0 0 -2.73857 33.50007 0.61925 -13
0.00248 0.05145 25.54950 0 0 -1.48937 25.54943 1.57327 13
-0.40701 0.14325 62.55890 0 0 -4.24816 58.02638 1.18780 13
-0.41586 -0.25581 62.55890 0 0 7.78946 58.02638 1.18780 13
0.44158 -0.11784 12.83947 0 0 3.59681 11.75867 1.98408 13
0.55647 -0.21712 27.64058 0 0 6.60959 24.28218 2.06887 13
0.92034 -0.00991 42.13854 0 0 0.39607 31.00637 2.31471 -13
0.90815 -0.02051 7.09399 0 0 0.79424 5.25209 2.30799 -13
1.24974 -0.02724 62.06670 0 0 0.91537 38.78638 2.46657 -13
-1.03062 0.00900 84.29264 0 0 -0.18192 58.69993 0.77034 -13
0.49326 -0.15029 65.80246 0 0 4.62334 59.14175 2.02462 -13
2.15362 -0.18117 16.27421 0 0 5.47191 6.94495 2.70068 13
0.64038 0.06621 78.24603 0 0 -1.92372 65.93537 2.13939 13
-1.33850 -0.03405 86.39747 0 0 1.09875 51.72932 0.64193 13
-0.32133 -0.22188 98.83541 0 0 6.77909 94.30392 1.26682 -13
0.45858 0.05967 28.48069 0 0 -1.69986 25.89660 2.00009 -13
0.49448 -0.04223 32.30693 0 0 1.37249 28.96498 2.02967 -13
0.66855 0.14337 28.68327 0 0 -4.26508 23.91973 2.15541 13
0.68305 -0.25569 28.68327 0 0 7.77198 23.91973 2.15539 13
0.04791 0.03035 48.83608 0 0 -0.82404 48.78015 1.61865 -13
1.74698 -0.08753 49.31462 0 0 2.74108 24.56984 2.62005 -13
0.47279 -0.05632 95.72046 0 0 1.77481 86.56088 2.01183 13
0.40032 -0.20604 30.65968 0 0 6.31479 28.54398 1.94446 -13
1.35950 -0.06037 2.26984 0 0 1.53697 1.34607 2.50653 13
-0.96027 0.03410 34.09262 0 0 -0.96704 24.59722 0.80595 13
0.34141 0.05690 29.34978 0 0 -1.65266 27.78019 1.89930 13
0.05799 -0.07415 38.61916 0 0 2.33059 38.55473 1.62857 -13
-0.48679 -0.24185 54.27879 0 0 7.38725 49.06443 1.12886 -13
0.66883 0.10367 7.80056 0 0 -3.12117 6.49442 2.15783 13
-0.86094 -0.16459 6.67418 0 0 5.14392 5.08598 0.86659 -13
1.82942 -0.09020 49.07922 0 0 2.82368 23.61428 2.63964 -13
-0.77744 -0.23523 68.51856 0 0 7.18686 54.63682 0.92297 -13
-0.62238 0.00528 10.72663 0 0 -0.13241 9.10694 1.01409 13
-0.26687 -0.05548 8.45086 0 0 1.81624 8.16599 1.31039 -13
-1.02821 -0.09850 18.75379 0 0 3.08958 13.10784 0.77390 -13
-0.10813 -0.07535 20.70720 0 0 2.37744 20.58785 1.46339 -13
0.32425 -0.03309 40.03876 0 0 1.09217 38.08878 1.88419 -13
-0.76648 0.01904 51.72892 0 0 -0.50419 41.05863 0.91692 13
0.94419 -0.12384 55.05136 0 0 3.82876 40.17110 2.32370 -13
1.01093 0.02156 14.16244 0 0 -0.52125 9.96091 2.36151 -13
0.91796 -0.04404 39.37623 0 0 1.42624 29.02102 2.31296 -13
-1.78688 -0.02518 54.82281 0 0 0.85962 26.77919 0.51034 -13
0.06988 0.14476 14.01487 0 0 -4.24931 13.98147 1.63985 -13
0.07132 -0.25414 14.01487 0 0 7.78617 13.98147 1.63981 -13
-0.40445 0.06002 25.19688 0 0 -1.70599 23.36265 1.18708 -13
0.57269 -0.12277 77.45205 0 0 3.77728 67.33458 2.08767 13
0.57855 0.04760 16.81096 0 0 -1.38795 14.55527 2.09481 13
1.98404 -0.20246 64.60765 0 0 6.20581 29.54655 2.66661 -13
-0.12310 0.02975 47.66128 0 0 -0.80594 47.30453 1.44836 -13
-0.83473 -0.10670 56.71942 0 0 3.28854 43.64425 0.87802 13
1.66105 -0.13614 71.98911 0 0 4.17492 37.37979 2.59562 13
-0.05613 -0.07767 83.12373 0 0 2.42951 82.99387 1.51489 -13
-1.72341 0.12228 97.72612 0 0 -3.59721 49.31940 0.52900 -13
-1.77544 -0.27784 97.72612 0 0 8.47309 49.31940 0.52900 -13
-0.38368 -0.11067 64.79487 0 0 3.42767 60.54219 1.20647 -13
-0.58799 -0.15711 86.49479 0 0 4.82715 74.79235 1.04456 -13
0.96255 -0.12769 3.40636 0 0 3.73239 2.46337 2.33308 13
-0.11428 -0.01317 15.34130 0 0 0.44668 15.24215 1.45702 13
-1.22644 -0.06403 55.58696 0 0 1.99824 35.17046 0.68504 13
0.82081 -0.02553 80.57742 0 0 0.85903 62.29124 2.25794 -13
-0.22353 0.01834 3.82438 0 0 -0.34473 3.73231 1.35091 -13
0.44142 -0.19734 4.72293 0 0 6.14655 4.33390 1.97948 -13
1.22699 -0.21553 48.11888 0 0 6.59896 30.81296 2.44663 -13
-0.02484 -0.05847 88.16215 0 0 1.83940 88.13507 1.54601 13
-0.07108 -0.06394 13.74396 0 0 1.97483 13.70950 1.49998 13
-0.61482 -0.21915 25.79792 0 0 6.66944 22.11596 1.02996 13
0.86410 -0.00405 2.27481 0 0 0.48794 1.72109 2.28341 -13
0.65766 0.09767 92.61278 0 0 -2.87137 77.48937 2.15036 13
1.73908 -0.15510 97.78096 0 0 4.76953 49.17948 2.61459 -13
0.62273 1.20632 97.78096 0 0 4.38378 49.17948 1.94908 -13
-0.11223 -1.43113 97.78096 0 0 4.95201 49.17948 1.63499 -13
-0.34600 0.55190 97.78096 0 0 4.80834 49.17948 1.27666 -13
0.63247 -0.87951 97.78096 0 0 5.69904 49.17948 1.12742 -13
1.81672 -0.01985 74.12713 0 0 0.66581 35.75069 2.63833 13
-0.17160 -0.10589 25.70721 0 0 3.29378 25.34084 1.40177 -13
1.15810 -0.17189 20.56752 0 0 5.30547 13.55357 2.42211 -13
2.01217 -0.17533 93.43495 0 0 5.35807 42.08809 2.67431 13
-1.48231 -0.19639 10.06702 0 0 6.09313 5.70320 0.60229 -13
-0.12671 -0.04911 65.34367 0 0 1.55536 64.82653 1.44491 13
-0.41220 0.11009 41.24587 0 0 -3.22701 38.16634 1.18193 -13
-0.32130 0.04198 42.80698 0 0 -1.19725 40.75848 1.26017 13
1.15964 -0.22603 2.38034 0 0 6.56009 1.57672 2.41764 13
-1.03641 -0.19002 36.39625 0 0 5.79339 25.50313 0.77638 13
2.00558 -0.01534 57.20204 0 0 0.52412 25.52704 2.67901 13
-1.18398 0.07116 80.24376 0 0 -2.05646 51.85324 0.70260 -13
-0.28385 -0.05345 98.42624 0 0 1.69875 94.69572 1.29460 -13
1.52568 0.05003 42.40143 0 0 -1.40679 23.26409 2.56083 -13
1.46730 -0.07625 92.99089 0 0 2.37194 52.47352 2.54202 13
-1.19452 -0.05497 43.19313 0 0 1.75646 27.75056 0.69773 -13
0.35603 -0.06346 61.95025 0 0 2.00491 58.37440 1.91220 -13
-0.26053 -0.08301 29.93885 0 0 2.56871 28.97809 1.31677 13
-0.43756 0.03786 25.05206 0 0 -1.08188 22.95389 1.15860 13
-0.22239 0.14885 62.57100 0 0 -4.41601 61.10999 1.35428 13
-0.22674 -0.25000 62.57100 0 0 7.61302 61.10999 1.35427 13
-0.57348 -0.20976 31.16804 0 0 6.42700 27.17945 1.05934 -13
-0.05059 -0.03828 74.28930 0 0 1.22930 74.19456 1.52029 13
0.15189 0.08446 49.58845 0 0 -2.45627 49.03002 1.72101 -13
-0.90002 0.08668 33.72953 0 0 -2.51283 25.11233 0.83983 -13
0.50100 -0.18740 38.24406 0 0 5.71991 34.30987 2.02837 13
0.48577 -0.16713 46.23242 0 0 5.13490 41.69388 2.01760 -13
1.25418 -0.12437 71.11062 0 0 3.82197 44.53912 2.46474 13
0.45749 -0.15617 63.00885 0 0 4.78384 57.41584 1.99532 13
1.25635 0.14175 35.08787 0 0 -4.21696 21.98373 2.46447 13
1.28452 -0.25742 35.08787 0 0 7.82176 21.98373 2.46449 13
-0.62288 -0.07258 62.73694 0 0 2.28000 53.29046 1.01490 -13
-0.98938 -0.20893 27.60352 0 0 6.41106 19.82847 0.80141 -13
-1.71548 -0.21913 11.96591 0 0 6.77251 6.13172 0.53803 -13
0.34204 -0.09418 89.34475 0 0 2.92797 84.57534 1.89902 -13
-0.73147 -0.06886 19.12716 0 0 2.12789 15.45051 0.94039 13
1.63820 0.10010 16.19731 0 0 -2.88205 8.46968 2.59132 -13
1.97574 -0.04216 63.66712 0 0 1.37006 28.77215 2.67269 -13
-1.19769 -0.04238 65.77870 0 0 1.37121 42.17972 0.69613 -13
-0.40831 -0.18505 1.09893 0 0 5.16425 1.02009 1.18900 13
1.79870 0.08939 42.51540 0 0 -2.59042 20.72135 2.63250 -13
1.31937 0.14342 2.63584 0 0 -3.92915 1.60223 2.48812 -13
1.34746 -0.25544 2.63584 0 0 8.11392 1.60223 2.48795 -13
-1.81499 -0.13217 15.44724 0 0 4.00054 7.50376 0.50725 13
-0.06906 -0.24669 86.42952 0 0 7.52815 86.23592 1.50385 -13
-1.69107 -0.05808 45.55267 0 0 1.85482 23.21504 0.53477 -13
-0.53978 -0.09689 91.65582 0 0 3.01003 80.74121 1.07779 -13
0.54175 -0.01282 8.62054 0 0 0.53311 7.57984 2.06725 -13
0.68027 0.01583 84.06583 0 0 -0.38946 69.51034 2.16810 -13
0.14787 -0.21014 29.10824 0 0 6.43824 28.80811 1.71451 -13
-1.25293 0.14035 98.53291 0 0 -4.14443 61.83055 0.67836 -13
-1.28163 -0.25881 98.53291 0 0 7.89636 61.83055 0.67837 -13
0.70396 -0.19069 28.21457 0 0 5.81170 23.20644 2.17579 13
0.64301 0.12779 7.82660 0 0 -3.84980 6.59879 2.13856 13
0.66102 -0.27209 7.82660 0 0 8.20897 6.59879 2.13857 13
-0.62979 -0.20107 96.81294 0 0 6.14000 82.37596 1.01765 13
1.04368 0.05657 29.92077 0 0 -1.64936 20.71735 2.37677 13
-0.89717 -0.03770 96.80765 0 0 1.22522 72.08040 0.83990 -13
0.19283 0.10985 77.31842 0 0 -3.23851 75.93598 1.76018 13
0.32169 0.11842 59.15677 0 0 -3.48277 56.35157 1.88000 -13
-1.39548 -0.15500 14.06139 0 0 4.69203 8.25410 0.62741 13
-0.02136 -0.19706 70.01822 0 0 6.03263 70.00285 1.54984 -13
1.32121 -0.08981 75.98947 0 0 2.77976 45.97664 2.49177 13
-0.52774 -0.15094 5.17834 0 0 4.74638 4.59067 1.08984 -13
-0.34391 0.04368 74.77466 0 0 -1.22940 70.71706 1.23985 -13
-1.07188 -0.04163 81.56114 0 0 1.34574 55.66377 0.75115 -13
0.07249 0.01107 68.14222 0 0 -0.24554 67.96391 1.64315 -13
1.13338 -0.15074 54.08109 0 0 4.61404 36.00686 2.41305 13
-0.84602 -0.16939 89.61159 0 0 5.19786 68.81421 0.87558 -13
-1.72305 -0.11261 85.83537 0 0 3.46678 43.28876 0.52860 13
0.05542 -0.11747 64.14380 0 0 3.61684 64.04683 1.62578 13
1.18134 0.02335 89.61481 0 0 -0.61481 57.90887 2.43900 -13
-1.05889 0.08904 28.10657 0 0 -2.63021 19.33750 0.75877 13
-0.77154 -0.24665 2.31470 0 0 7.21741 1.85257 0.92788 13
-1.13469 0.10684 67.24567 0 0 -3.13023 44.60387 0.72520 -13
1.22562 -0.00268 22.50745 0 0 0.12668 14.22881 2.45722 13
-0.13878 -0.20438 44.71259 0 0 6.25772 44.30500 1.43565 -13
-0.12388 -0.01836 70.19455 0 0 0.62813 69.66227 1.44757 13
-0.70504 -0.06141 91.81252 0 0 1.92792 75.08497 0.95758 13
0.25521 0.05241 21.03758 0 0 -1.47562 20.38580 1.82034 -13
-0.83251 0.07049 89.79370 0 0 -2.03794 69.07931 0.87776 -13
0.85878 -0.16779 26.56857 0 0 5.11676 20.27410 2.27351 13
-0.65973 -0.09923 12.38043 0 0 3.02695 10.34972 0.98986 13
-0.69521 -0.05004 33.93435 0 0 1.57334 27.87378 0.96388 13
0.36342 -0.08126 87.03297 0 0 2.53851 81.82973 1.91832 -13
-0.53015 -0.02291 66.23008 0 0 0.76429 58.51881 1.08343 13
-0.25971 -0.02617 55.52503 0 0 0.87996 53.74330 1.31678 -13
-0.82421 0.13048 25.41441 0 0 -3.82989 19.67819 0.88561 -13
-0.84640 -0.26915 25.41441 0 0 8.22656 19.67819 0.88559 -13
0.04012 0.12707 26.74657 0 0 -3.73458 26.72540 1.61058 -13
0.04125 -0.27275 26.74657 0 0 8.32732 26.72540 1.61057 -13
0.91538 -0.16897 91.95961 0 0 5.18460 68.26518 2.30504 -13
-0.58860 0.14689 29.29148 0 0 -4.32941 25.31201 1.04345 -13
-0.60059 -0.25194 29.29148 0 0 7.70274 25.31201 1.04343 -13
-0.96305 0.11193 63.45418 0 0 -3.28440 45.84190 0.80733 -13
-0.03578 -0.03916 96.09782 0 0 1.25770 96.03646 1.53506 13
-0.94743 -0.10116 38.90358 0 0 3.15064 28.30880 0.81493 -13
-0.41409 -0.20734 53.99085 0 0 6.32547 50.03454 1.18559 13
0.16371 0.06335 63.81175 0 0 -1.83703 62.97669 1.73275 13
0.92768 -0.09140 79.13581 0 0 2.83008 58.12733 2.31662 13
-1.63419 0.03897 73.03529 0 0 -1.08189 38.14230 0.54948 -13
1.43886 0.12836 28.73281 0 0 -3.76271 16.48801 2.53040 -13
1.47865 -0.27131 28.73281 0 0 8.29708 16.48801 2.53037 -13
0.44359 0.02224 27.66076 0 0 -0.60872 25.28583 1.98821 13
1.60909 -0.22011 8.99524 0 0 6.83275 4.82817 2.57488 -13
0.12633 0.07566 46.94912 0 0 -2.19132 46.58089 1.69611 -13
-0.75188 0.06080 8.60641 0 0 -1.82135 6.88378 0.92698 13
-0.43928 -0.12339 72.07091 0 0 3.79580 66.06519 1.15967 13
0.20894 0.11386 4.55079 0 0 -3.46119 4.45595 1.77549 13
0.90193 -0.22039 14.61030 0 0 6.68209 10.96391 2.29290 13
-1.87947 -0.21247 44.93925 0 0 6.46668 21.47446 0.49818 13
1.19003 0.12721 32.81588 0 0 -3.73352 21.21120 2.43879 -13
1.22352 -0.27255 32.81588 0 0 8.32837 21.21120 2.43877 -13
-1.07140 -0.02763 66.91721 0 0 0.90425 45.66920 0.75113 13
-1.42757 -0.23520 55.39490 0 0 7.16059 32.35570 0.62376 13
-0.33421 0.09000 93.37085 0 0 -2.62815 88.59204 1.24947 -13
-1.09976 -0.03514 3.91850 0 0 1.32611 2.63693 0.73823 -13
0.03539 -0.18361 48.79733 0 0 5.60920 48.76777 1.60559 13
-0.04711 -0.23741 25.91486 0 0 7.22315 25.88770 1.52499 13
-0.12084 -0.25733 1.77236 0 0 7.54882 1.76035 1.45430 13
1.01232 0.12198 91.78966 0 0 -3.60616 64.74708 2.35862 13
1.04302 -0.27820 91.78966 0 0 8.46468 64.74708 2.35862 13
-0.49335 0.07919 66.22029 0 0 -2.29980 59.42252 1.11372 -13
0.32084 -0.22721 21.05526 0 0 6.90880 20.09480 1.87401 13
0.48050 0.05823 69.95921 0 0 -1.68294 63.07765 2.01806 13
-0.10175 -0.00158 16.93030 0 0 0.15659 16.84332 1.46939 -13
0.04357 -0.14003 1.60029 0 0 4.61895 1.59881 1.61392 -13
-0.00132 -0.02283 84.18213 0 0 0.77466 84.18205 1.56947 -13
1.66219 0.10044 71.08113 0 0 -2.93567 36.77854 2.59777 -13
-0.83130 -0.12848 54.99280 0 0 3.94501 42.42936 0.88128 13
-0.47055 0.11293 26.38099 0 0 -3.30461 23.89753 1.13342 -13
0.03201 -0.24794 77.66717 0 0 7.56672 77.62972 1.60185 -13
-0.41513 0.06165 25.16884 0 0 -1.79875 23.25199 1.17799 13
1.49790 0.14049 69.60670 0 0 -4.14331 38.90976 2.54842 -13
1.53219 -0.25866 69.60670 0 0 7.89759 38.90976 2.54843 -13
-1.69378 -0.22924 83.45417 0 0 7.00895 43.23566 0.54461 -13
0.10488 -0.08541 82.87328 0 0 2.66351 82.42449 1.67491 -13
0.59190 0.01790 88.81917 0 0 -0.46496 76.43685 2.10517 13
-1.45027 -0.04731 93.84029 0 0 1.51748 53.30926 0.60418 -13
0.73420 -0.11197 42.24510 0 0 3.44519 34.12704 2.20114 13
0.16343 -0.13232 77.90007 0 0 4.07905 76.89717 1.73142 -13
-0.73243 -0.18467 68.82152 0 0 5.66010 55.84390 0.94661 -13
0.03157 -0.00416 35.77882 0 0 0.22058 35.76100 1.60235 -13
-1.19372 0.12973 22.45088 0 0 -3.80162 14.48763 0.70143 -13
-1.22606 -0.26987 22.45088 0 0 8.25605 14.48763 0.70147 -13
0.30733 0.05130 47.29463 0 0 -1.47688 45.21289 1.86859 13
0.29908 -0.05060 61.50914 0 0 1.61524 58.93621 1.86106 -13
0.12821 0.13270 7.32861 0 0 -3.98673 7.27015 1.69722 13
0.13158 -0.26699 7.32861 0 0 8.06412 7.27015 1.69725 13
0.90667 -0.04650 98.82557 0 0 1.47816 73.24865 2.30675 13
-0.56554 -0.01593 55.07992 0 0 0.55177 47.94568 1.05616 13
0.12537 0.10791 32.08478 0 0 -3.15874 31.83840 1.69481 -13
-1.65817 -0.04930 98.81973 0 0 1.57798 51.07856 0.54321 -13
-0.23648 -0.13340 39.72748 0 0 4.09279 38.67901 1.34055 13
0.98135 -0.11190 92.02433 0 0 3.46401 65.88090 2.34367 -13
-0.55373 -0.17868 94.76289 0 0 5.47598 83.20458 1.07173 -13
0.09131 0.14797 86.27106 0 0 -4.38701 85.92128 1.66087 13
0.09312 -0.25088 86.27106 0 0 7.64388 85.92128 1.66088 13
-0.01759 -0.12050 6.26092 0 0 3.79439 6.25996 1.55333 -13
-0.79956 0.03513 98.99470 0 0 -0.98465 77.33697 0.89662 13
-0.09715 -0.10669 51.15914 0 0 3.28994 50.92207 1.47450 13
-0.44262 -0.13282 20.07373 0 0 4.06039 18.38189 1.15732 13
-1.84257 0.09513 98.24833 0 0 -2.77799 47.02777 0.49913 -13
-0.77505 -0.06495 48.51102 0 0 2.05277 38.37330 0.91247 -13
-0.70167 0.05529 17.29337 0 0 -1.62086 14.16309 0.95967 13
-1.26809 -0.08855 84.56424 0 0 2.74273 52.48946 0.66964 13
-0.30790 -0.22069 38.35929 0 0 6.75224 36.73483 1.27873 -13
-0.49657 -0.06565 77.54751 0 0 2.06871 69.48474 1.11075 -13
-1.75682 -0.23321 94.49035 0 0 7.10605 47.68190 0.52893 13
-1.14503 -0.13922 58.40214 0 0 4.26840 38.62558 0.72265 13
-1.62712 0.12729 47.42301 0 0 -3.77756 24.97584 0.55466 13
-1.67303 -0.27259 47.42301 0 0 8.28348 24.97584 0.55465 13
-0.39682 -0.22452 28.23036 0 0 6.87344 26.32614 1.20139 -13
2.00232 -0.20079 83.87548 0 0 6.15226 38.07127 2.67046 -13
0.07032 -0.06171 89.17405 0 0 1.93716 88.95523 1.64087 13
-0.43943 -0.12504 80.18187 0 0 3.85971 73.49860 1.15961 -13
-1.12992 0.14021 87.50920 0 0 -4.14009 58.31257 0.72931 -13
-1.15589 -0.25896 87.50920 0 0 7.90062 58.31257 0.72931 -13
-0.03800 -0.22348 83.67925 0 0 6.81616 83.62176 1.53373 13
1.01573 -0.02395 36.29923 0 0 0.78478 25.46979 2.36385 13
-0.60450 -0.10816 96.59206 0 0 3.33765 82.79076 1.02964 13
-0.25812 -0.00498 66.53410 0 0 0.22403 64.42262 1.31819 13
-1.73560 -0.23270 38.21424 0 0 7.07285 19.45770 0.53419 13
0.34985 0.00158 82.05222 0 0 0.02743 77.44922 1.90734 13
0.02734 0.12711 89.17287 0 0 -3.74763 89.14011 1.59791 -13
0.02812 -0.27273 89.17287 0 0 8.31367 89.14011 1.59792 -13
-0.68817 -0.05386 51.47862 0 0 1.71718 42.42675 0.96873 -13
0.68287 -0.23142 72.70517 0 0 7.07034 60.53306 2.15784 -13
-1.46994 0.03573 32.75402 0 0 -1.02396 18.43181 0.59768 13
-0.14164 -0.05856 40.88304 0 0 1.86013 40.48041 1.43033 -13
0.21802 0.10533 60.63052 0 0 -3.08744 59.25385 1.78431 -13
-0.98316 -0.06222 26.26754 0 0 1.93323 18.74844 0.79486 13
-1.28382 -0.15172 34.59118 0 0 4.63470 21.40590 0.66728 13
-1.81006 0.05733 59.01931 0 0 -1.62982 28.57665 0.50543 -13
0.50227 -0.00194 70.84610 0 0 0.14726 63.30926 2.03626 -13
-1.83884 -0.02466 50.04160 0 0 0.80488 23.91304 0.49821 13
0.68866 -0.21330 83.12445 0 0 6.52236 68.94556 2.16352 -13
1.00750 -0.19141 56.81198 0 0 5.86830 40.38265 2.35094 -13
-1.92064 0.00779 2.99656 0 0 -0.50799 1.38400 0.48005 13
-0.57762 -0.22070 44.33541 0 0 6.75188 38.61620 1.05723 -13
-0.86328 -0.05647 14.92004 0 0 1.82947 11.30171 0.85943 -13
0.88160 -0.10310 67.46022 0 0 3.20074 50.71962 2.29073 -13
-0.86133 -0.07350 22.42094 0 0 2.32616 17.00751 0.86109 -13
0.57882 -0.03268 89.07929 0 0 1.06060 77.10641 2.09526 13
0.99608 -0.21319 88.70969 0 0 6.52080 63.54246 2.34312 -13
0.90767 -0.05711 35.83385 0 0 1.78503 26.55270 2.30703 13
-0.76022 0.05118 68.23463 0 0 -1.47166 54.34589 0.92142 13
-0.00564 0.12816 82.97540 0 0 -3.79086 82.97410 1.56520 13
-0.00580 -0.27165 82.97540 0 0 8.26889 82.97410 1.56519 13
2.03358 0.05447 60.58101 0 0 -1.58083 26.76567 2.68398 13
1.07246 -0.20429 64.49432 0 0 6.23213 44.46212 2.38094 13
0.49912 -0.18811 95.77749 0 0 5.74979 85.98906 2.02683 13
0.73103 -0.07847 57.86526 0 0 2.45909 46.76422 2.20058 -13
-1.35495 -0.04080 69.58863 0 0 1.32250 41.34513 0.63620 -13
0.30786 -0.04690 28.64528 0 0 1.47803 27.37983 1.86914 13
1.64100 -0.01058 38.77438 0 0 0.42481 20.17648 2.59428 -13
-1.23961 0.09863 94.42656 0 0 -2.88558 59.46148 0.68118 -13
-0.17950 0.09386 19.20130 0 0 -2.72223 18.90175 1.39395 -13
0.03086 -0.02455 86.95920 0 0 0.81585 86.91783 1.60164 13
0.63519 -0.24727 13.20938 0 0 7.58772 11.24355 2.12335 -13
-1.36774 0.10909 30.13629 0 0 -3.23882 17.85542 0.63414 13
0.30208 -0.16419 2.92779 0 0 5.21616 2.80587 1.86050 -13
-0.81878 -0.09815 37.52890 0 0 3.02573 29.09300 0.88706 13
-0.71313 0.04312 7.92411 0 0 -1.14554 6.45348 0.95175 -13
-0.19648 0.00268 4.80158 0 0 -0.10464 4.71155 1.37679 13
0.09195 -0.00532 12.07235 0 0 0.20132 12.02161 1.66249 13
-0.46300 0.07424 90.78705 0 0 -2.15224 82.42512 1.13823 -13
0.75198 -0.04997 74.64620 0 0 1.59646 59.68673 2.21496 -13
-0.22236 -0.00309 51.97959 0 0 0.18416 50.74031 1.35199 -13
-0.27771 0.07816 51.16122 0 0 -2.28701 49.30641 1.30070 13
0.49369 0.12805 45.23110 0 0 -3.76951 40.62189 2.02616 -13
0.50746 -0.27173 45.23110 0 0 8.29025 40.62189 2.02617 -13
0.39239 -0.05156 77.46386 0 0 1.64343 72.12381 1.94428 -13
1.15491 0.09379 23.23677 0 0 -2.78057 15.24878 2.42579 13
0.27889 -0.10485 93.16239 0 0 3.24943 89.77319 1.84136 -13
-0.15834 -0.02902 51.60601 0 0 0.96623 50.97146 1.41382 -13
-0.18125 -0.01663 84.51277 0 0 0.57745 83.15819 1.39152 13
-1.10690 0.11527 5.26817 0 0 -3.25593 3.54456 0.73799 -13
-0.62571 -0.03531 56.88159 0 0 1.15664 48.22861 1.01196 -13
-0.12439 -0.10020 68.96945 0 0 3.11091 68.44712 1.44765 -13
-1.76473 -0.13159 29.68202 0 0 4.01710 14.72899 0.51923 13
0.68416 -0.06450 90.23165 0 0 2.03334 74.51965 2.16985 -13
0.80751 0.05747 45.86363 0 0 -1.66488 35.70613 2.24929 13
-0.39593 -0.06628 65.91910 0 0 2.07256 61.30779 1.19455 13
0.61329 0.02751 56.99180 0 0 -0.75854 48.58810 2.12076 13
1.01466 -0.12271 61.23238 0 0 3.79439 43.14401 2.35973 -13
1.11250 0.03037 72.45394 0 0 -0.84499 48.44838 2.40917 13
-1.80686 -0.01473 39.65687 0 0 0.55247 19.20311 0.50553 -13
0.96258 0.04213 19.11857 0 0 -1.15418 13.77991 2.33669 -13
-0.88655 -0.14142 77.29696 0 0 4.35583 58.09105 0.85038 -13
-0.34692 0.03984 54.01108 0 0 -1.12996 51.03187 1.23711 13
-0.24404 0.02439 23.09643 0 0 -0.67621 22.43826 1.33151 13
-1.43045 -0.12675 82.81657 0 0 3.91522 47.70469 0.61386 -13
1.57514 -0.02020 60.79717 0 0 0.70544 32.59023 2.57584 -13
0.47991 -0.16778 95.41409 0 0 5.13703 86.24225 2.01285 13
-0.02152 -0.05940 61.16700 0 0 1.88117 61.15288 1.54931 -13
0.28926 -0.00547 45.58558 0 0 0.23521 43.79048 1.85237 13
0.37850 0.08829 66.20094 0 0 -2.58994 61.94435 1.93135 13
1.39185 -0.22442 98.83336 0 0 6.84232 58.60198 2.50689 13
0.13169 0.05496 45.46097 0 0 -1.56583 45.07298 1.70153 -13
1.89625 0.04162 7.98502 0 0 -1.04566 3.72744 2.65594 -13
-0.92446 -0.09326 38.17687 0 0 2.87626 28.08925 0.82679 13
-0.48006 0.11802 22.60887 0 0 -3.50361 20.40800 1.12592 13
-0.49544 -0.28245 22.60887 0 0 8.57454 20.40800 1.12589 13
0.41459 -0.00673 71.11702 0 0 0.29159 65.69505 1.96381 -13
0.85218 0.10983 22.28802 0 0 -3.25974 17.00692 2.27360 13
0.52942 1.91467 22.28802 0 0 8.42355 17.00692 1.81115 13
-0.43373 -0.18711 11.13611 0 0 5.77599 10.24404 1.16780 -13
-0.75242 -0.13755 12.65051 0 0 4.27984 10.14301 0.93025 -13
-1.85305 -0.17393 57.94686 0 0 5.34606 27.83845 0.50112 -13
-1.84783 -0.10932 26.79798 0 0 3.33899 12.81308 0.49853 13
0.22168 0.04257 61.40520 0 0 -1.19491 59.95240 1.78876 -13
0.02413 0.14524 17.06554 0 0 -4.32927 17.06069 1.59467 13
0.02462 -0.25377 17.06554 0 0 7.70480 17.06069 1.59466 13
0.83277 0.05058 37.12492 0 0 -1.42573 28.54297 2.26457 -13
-1.13112 -0.22635 39.20981 0 0 6.89074 26.33332 0.73636 13
1.05671 -0.09339 30.04758 0 0 2.87587 20.70049 2.38159 13
-0.50025 -0.15273 88.83255 0 0 4.69433 79.62826 1.11155 -13
0.02284 0.08860 46.17329 0 0 -2.58094 46.16135 1.59354 -13
0.08895 -0.12915 51.69202 0 0 3.98624 51.49203 1.65879 -13
-1.89894 -0.05188 58.64379 0 0 1.66341 27.35428 0.48526 -13
0.40308 -0.14883 25.87616 0 0 4.55016 24.03644 1.95017 13
-0.19071 -0.02878 92.73342 0 0 0.95467 91.09297 1.38242 -13
-1.20063 -0.11245 43.67593 0 0 3.49115 28.05653 0.69757 -13
-1.12693 -0.22696 38.85880 0 0 6.90703 26.15269 0.73828 13
0.38398 0.13612 37.20475 0 0 -4.03888 34.77286 1.93436 13
0.39342 -0.26325 37.20475 0 0 8.00791 34.77286 1.93435 13
-0.60439 -0.06715 72.04552 0 0 2.11456 61.69602 1.02815 -13
1.85069 0.00174 65.37477 0 0 0.04417 31.07768 2.64620 -13
0.22236 0.07977 35.35190 0 0 -2.34041 34.51440 1.78893 13
1.11558 -0.20888 16.16291 0 0 6.33666 10.91537 2.40015 13
-0.53602 0.01512 40.85355 0 0 -0.36112 36.00786 1.07880 -13
