-0.34704 -0.03878 68.24085 0 0 1.24346 64.47431 1.23699 13
0.31724 -0.12614 85.38174 0 0 3.89218 81.44303 1.87572 -13
1.06225 -0.03678 71.61423 0 0 1.18115 49.10576 2.38603 13
1.35004 0.04299 82.97034 0 0 -1.22519 49.41485 2.50362 13
0.10517 -0.02565 39.10316 0 0 0.84282 38.88878 1.67555 13
0.12468 -0.22613 59.60578 0 0 6.91081 59.16982 1.69181 -13
-1.54506 -0.24382 45.84321 0 0 7.45636 25.41581 0.58767 -13
-1.57208 -0.10883 20.48446 0 0 3.32204 11.04013 0.56921 13
-0.71119 -0.18195 53.69289 0 0 5.55882 43.99335 0.96027 13
-2.05354 0.14950 59.02794 0 0 -4.40978 26.07495 0.45753 -13
-2.09307 -0.24922 59.02794 0 0 7.61967 26.07495 0.45753 -13
-0.84236 -0.18498 51.89290 0 0 5.64865 39.96446 0.87903 13
1.33659 -0.09313 58.67654 0 0 2.87624 35.24794 2.49719 13
0.08666 -0.08520 10.81240 0 0 2.60504 10.77228 1.65693 13
1.38814 -0.13805 47.35749 0 0 4.22831 27.85254 2.51283 13
-0.01534 0.21594 47.35749 0 0 3.02419 27.85254 1.55580 13
0.03888 0.05856 47.35749 0 0 4.62991 27.85254 1.53200 13
0.01474 -0.87773 47.35749 0 0 3.12632 27.85254 1.58188 13
-1.39030 5.96797 47.35749 0 0 4.01620 27.85254 1.79663 13
-1.18661 0.45270 47.35749 0 0 4.60598 27.85254 2.39510 13
0.74484 0.14397 43.17113 0 0 -4.27416 34.74891 2.20608 13
0.76084 -0.25504 43.17113 0 0 7.76171 34.74891 2.20608 13
-1.18291 -0.18890 51.23674 0 0 5.76500 33.41601 0.71046 13
-0.48366 0.05684 39.20810 0 0 -1.61976 35.30684 1.12094 -13
-1.26078 -0.23735 13.29343 0 0 7.29962 8.40034 0.68394 -13
0.09157 -0.18468 12.39850 0 0 5.61213 12.34856 1.66060 13
-0.80617 0.07373 14.77377 0 0 -2.18551 11.51357 0.89363 13
-1.12095 0.14481 12.32833 0 0 -4.34596 8.25446 0.73359 13
-1.14485 -0.25423 12.32833 0 0 7.68795 8.25446 0.73351 13
-0.12503 -0.14571 40.35723 0 0 4.46434 40.05184 1.44770 13
0.74262 -0.04922 8.63676 0 0 1.63552 6.93677 2.20898 -13
-0.77760 -0.12441 11.66480 0 0 3.88888 9.23519 0.91358 -13
-0.05303 -0.02046 27.65807 0 0 0.68075 27.61928 1.51783 13
0.13087 -0.05076 61.02069 0 0 1.60439 60.50609 1.70076 13
-0.03346 -0.08823 19.57668 0 0 2.71781 19.56584 1.53748 13
1.15024 -0.11763 86.36867 0 0 3.63815 56.88815 2.42255 -13
0.10947 0.00088 18.29706 0 0 0.02807 18.18838 1.67983 13
0.47981 -0.07416 47.04875 0 0 2.32961 42.44059 2.01709 -13
-0.85953 0.03362 43.53726 0 0 -0.91820 33.02480 0.86107 -13
0.02691 -0.06641 69.92341 0 0 2.07758 69.89821 1.59764 13
-1.78459 -0.13966 28.91517 0 0 4.25943 14.23802 0.51489 13
-0.96567 0.13677 92.70384 0 0 -4.05058 66.98258 0.80749 13
-0.98920 -0.26258 92.70384 0 0 7.99545 66.98258 0.80749 13
-0.29586 -0.00532 20.41921 0 0 0.21655 19.58022 1.28315 13
0.72570 -0.14395 50.54260 0 0 4.43537 41.05024 2.19370 -13
1.11658 0.06933 91.25451 0 0 -2.01820 60.96171 2.41003 13
0.16068 0.05689 85.28465 0 0 -1.64068 84.20805 1.72986 13
-0.90392 -0.05939 96.61056 0 0 1.86612 71.72697 0.83670 13
-0.87536 -0.05942 81.74160 0 0 1.88131 61.55300 0.85263 -13
2.05146 -0.00000 96.94568 0 0 0.09262 42.47906 2.68803 -13
0.07079 0.12849 95.45964 0 0 -3.78938 95.22517 1.64090 -13
0.07276 -0.27128 95.45964 0 0 8.26968 95.22517 1.64090 -13
-0.06995 0.04530 89.03276 0 0 -1.27968 88.81625 1.50103 -13
1.12194 -0.07455 45.37385 0 0 2.34593 30.23706 2.41222 -13
0.81229 0.08587 46.17707 0 0 -2.52278 35.89475 2.25119 13
2.06161 -0.12483 55.81120 0 0 3.86686 24.51009 2.68693 -13
-0.63987 -0.15761 98.58611 0 0 4.82979 83.33537 1.00713 13
0.39735 -0.20837 37.31858 0 0 6.38076 34.77972 1.94178 -13
-1.06938 -0.09896 50.41117 0 0 3.05287 34.52139 0.75432 13
-0.35742 -0.04003 31.57759 0 0 1.27275 29.73811 1.22778 13
0.90729 -0.09993 72.92099 0 0 3.10480 54.12614 2.30515 -13
-1.47713 0.01046 20.02927 0 0 -0.19081 11.22893 0.59514 -13
0.23836 0.12156 54.95141 0 0 -3.57578 53.47478 1.80314 -13
0.24563 -0.27860 54.95141 0 0 8.49588 53.47478 1.80315 -13
-0.51719 -0.19649 89.28412 0 0 6.01498 79.61822 1.10118 -13
-0.25298 -0.10384 30.53920 0 0 3.22966 29.61613 1.32429 -13
0.12696 0.02559 18.51887 0 0 -0.71681 18.37152 1.69704 13
0.01668 0.04537 78.16638 0 0 -1.29355 78.15553 1.58746 13
-1.60504 0.09872 20.70389 0 0 -2.85490 10.98704 0.55936 -13
1.36997 -0.16287 93.00993 0 0 4.98560 55.30550 2.50480 13
-1.81252 -0.18094 45.54958 0 0 5.56209 22.27648 0.51100 -13
0.35441 -0.23430 21.05113 0 0 7.17593 19.89971 1.90306 -13
-2.01709 -0.02088 48.13222 0 0 0.73398 21.38336 0.46034 -13
0.36742 0.12809 41.91618 0 0 -3.79445 39.38245 1.92028 13
0.37765 -0.27173 41.91618 0 0 8.26517 39.38245 1.92027 13
-0.09803 -0.19522 90.73343 0 0 5.96443 90.31625 1.47488 13
-0.79598 0.00772 31.35501 0 0 -0.17197 24.53244 0.89852 13
-0.32691 -0.19500 92.01686 0 0 5.96919 87.61682 1.26030 -13
0.18629 0.09163 63.77842 0 0 -2.67472 62.70859 1.75423 -13
0.02451 0.04365 91.14400 0 0 -1.23011 91.11667 1.59528 -13
-0.14946 -0.08001 31.71074 0 0 2.47879 31.36459 1.42290 13
-0.36165 -0.03197 8.20071 0 0 0.98139 7.71237 1.22394 13
1.38435 0.03282 59.90812 0 0 -0.89553 35.09311 2.51576 -13
-1.29631 -0.13309 88.26763 0 0 4.10531 54.21065 0.66132 -13
-0.85833 0.03095 44.30852 0 0 -0.86622 33.62986 0.86172 13
-0.33400 -0.07496 91.36045 0 0 2.34806 86.67913 1.24929 -13
-1.81496 0.06026 85.31158 0 0 -1.72493 41.22626 0.50436 -13
-0.14365 0.05285 33.95177 0 0 -1.49828 33.60778 1.42832 -13
0.02600 -0.23481 98.86372 0 0 7.15945 98.83208 1.59610 13
-0.72335 -0.15770 48.03847 0 0 4.82667 39.08560 0.95039 13
-1.23622 0.04005 86.24260 0 0 -1.13590 54.26540 0.68055 13
-0.13636 -0.19030 77.50120 0 0 5.81511 76.81515 1.43763 13
-0.32421 -0.10802 13.28262 0 0 3.38003 12.64195 1.25897 -13
1.60463 0.03612 81.76090 0 0 -1.02023 43.26390 2.58400 13
-1.21512 0.02829 20.63433 0 0 -0.73584 13.11498 0.68878 -13
-1.68967 -0.02901 84.52789 0 0 0.96800 43.06514 0.53458 -13
0.14031 -0.24895 62.04099 0 0 7.58300 61.47380 1.70612 13
0.03856 0.07954 7.99217 0 0 -2.37899 7.98628 1.60921 13
0.09639 -0.15930 31.53924 0 0 4.90314 31.39723 1.66570 -13
-0.08249 -0.14319 3.67253 0 0 4.53388 3.66034 1.48932 -13
0.88841 0.09518 61.91971 0 0 -2.77891 46.38226 2.29493 -13
0.06407 -0.03068 26.68195 0 0 1.02509 26.62744 1.63474 -13
-0.39480 -0.02968 74.71155 0 0 0.96960 69.49595 1.19493 13
-0.55312 0.03356 94.09001 0 0 -0.93622 82.34533 1.06580 13
1.84600 0.06686 37.41284 0 0 -1.91125 17.85127 2.64420 -13
-0.62939 -0.13722 64.11072 0 0 4.21164 54.40099 1.01325 13
1.65921 0.13623 46.17737 0 0 -4.04848 23.99844 2.59512 13
1.70001 -0.26317 46.17737 0 0 7.99800 23.99844 2.59512 13
-0.01840 -0.21376 58.09639 0 0 6.52040 58.08700 1.55280 13
1.43196 0.11718 4.27514 0 0 -3.25679 2.45900 2.52877 -13
-2.00682 0.14359 80.40058 0 0 -4.26431 36.15281 0.46637 13
-2.05019 -0.25546 80.40058 0 0 7.77199 36.15281 0.46638 13
1.03253 0.00083 40.24993 0 0 0.07337 28.00166 2.37220 -13
-1.16170 0.12989 96.96552 0 0 -3.82908 63.56332 0.71487 -13
-1.19321 -0.26980 96.96552 0 0 8.22716 63.56332 0.71487 -13
1.37018 -0.01941 24.54092 0 0 0.70078 14.46916 2.51103 -13
0.84398 -0.17012 4.54963 0 0 5.36251 3.49675 2.26476 -13
-0.97993 -0.15386 12.25610 0 0 4.78023 8.80392 0.80138 -13
0.21914 0.06306 35.10977 0 0 -1.83465 34.29891 1.78612 13
-1.74414 -0.01861 13.93425 0 0 0.71335 6.93117 0.52067 -13
-1.02077 -0.17588 78.98622 0 0 5.37765 55.70293 0.78273 13
0.02048 0.00258 47.98793 0 0 -0.00650 47.97787 1.59127 13
-0.23253 -0.06222 37.51780 0 0 1.97176 36.54642 1.34275 -13
0.38358 -0.04841 50.47321 0 0 1.55171 47.13234 1.93668 -13
0.03667 -0.14577 6.73025 0 0 4.54928 6.72581 1.60707 -13
0.20302 -0.00328 92.17620 0 0 0.18552 90.33338 1.77109 -13
0.14658 0.05007 22.72216 0 0 -1.45026 22.48247 1.71616 13
0.36805 -0.20265 34.68964 0 0 6.17869 32.63154 1.91698 13
-1.40388 -0.19577 94.89600 0 0 5.99551 55.74275 0.62785 -13
0.82796 -0.08108 68.83739 0 0 2.53616 53.09251 2.26074 -13
1.49457 0.11835 21.43210 0 0 -3.52935 11.97498 2.54870 13
1.54202 -0.28218 21.43210 0 0 8.54724 11.97498 2.54865 13
0.83193 0.03826 49.02969 0 0 -1.08584 37.70294 2.26435 13
-0.98041 0.06345 69.77742 0 0 -1.84262 49.87457 0.79629 13
0.42906 -0.10015 35.82783 0 0 3.11712 32.95055 1.97430 -13
0.37269 0.05413 90.38764 0 0 -1.55734 84.71204 1.92706 13
0.58914 -0.23892 71.69393 0 0 7.27992 62.20512 2.09114 13
-0.54465 -0.17946 12.56426 0 0 5.44912 11.07354 1.07870 13
-0.45330 -0.03851 39.39723 0 0 1.25635 35.88751 1.14548 -13
-1.92654 -0.18973 26.32523 0 0 5.84748 12.29635 0.48605 -13
0.07021 -0.11450 96.79519 0 0 3.54008 96.56050 1.64044 -13
-0.68199 0.10396 14.44690 0 0 -3.01334 11.95567 0.97476 -13
-0.96962 -0.05813 2.24107 0 0 1.53544 1.61003 0.80167 13
1.23705 -0.05551 50.66749 0 0 1.74003 31.88121 2.46102 13
-0.12379 0.02843 23.77051 0 0 -0.75660 23.59061 1.44768 -13
0.70953 0.13073 25.95462 0 0 -3.88474 21.22763 2.18390 13
0.72857 -0.26896 25.95462 0 0 8.17046 21.22763 2.18391 13
0.93767 -0.12841 99.84245 0 0 3.96141 73.11092 2.31996 -13
0.89433 -0.05826 26.46861 0 0 1.81484 19.74354 2.29963 13
0.94677 0.04872 76.18821 0 0 -1.39711 55.35635 2.32827 13
-0.14394 -0.08767 75.59702 0 0 2.73247 74.83158 1.42837 -13
0.54445 0.13320 75.39391 0 0 -3.94373 66.34817 2.06568 13
0.55848 -0.26632 75.39391 0 0 8.10771 66.34817 2.06568 13
-1.16741 -0.08909 99.89130 0 0 2.76131 65.13317 0.71027 13
-1.08105 0.11681 21.34038 0 0 -3.47692 14.54404 0.74985 13
1.36691 -0.19731 81.87745 0 0 6.04338 48.94526 2.50086 -13
-2.07614 0.08119 71.01145 0 0 -2.35198 30.89742 0.45016 -13
-1.59777 0.07737 81.68263 0 0 -2.26383 43.42761 0.56057 13
-0.01537 -0.15787 84.40801 0 0 4.83761 84.39828 1.55561 13
0.48063 -0.24893 89.00456 0 0 7.58368 80.66309 2.00720 13
0.06568 -0.01666 75.93199 0 0 0.57749 75.76883 1.63637 13
1.06893 0.07254 75.64415 0 0 -2.11631 51.74959 2.38819 13
0.48335 0.01707 65.80103 0 0 -0.42558 59.24503 2.02098 -13
1.19630 -0.16036 74.82852 0 0 4.92855 48.34995 2.43908 -13
0.48326 -0.19061 77.47973 0 0 5.83831 69.99385 2.01401 -13
-1.46575 0.05621 64.70964 0 0 -1.62709 36.50860 0.59945 13
1.67936 -0.18705 42.74839 0 0 5.74599 22.14967 2.59693 -13
-0.47340 -0.16415 80.85429 0 0 5.03930 73.25572 1.13378 -13
-0.27951 -0.14811 79.92401 0 0 4.55489 77.03368 1.30104 -13
1.97153 -0.09633 17.22201 0 0 2.92741 7.81914 2.67032 13
-0.83051 0.01179 33.94199 0 0 -0.25534 26.11182 0.87776 -13
0.67870 -0.10612 57.70247 0 0 3.29288 47.82908 2.16448 -13
-1.78649 0.11257 78.94501 0 0 -3.30181 38.74575 0.51299 -13
-0.43591 -0.13606 4.72424 0 0 4.29552 4.33771 1.16307 -13
0.38666 -0.08188 45.28297 0 0 2.56266 42.25391 1.93863 -13
0.18212 0.12469 89.27320 0 0 -3.67442 87.85010 1.74959 -13
0.18745 -0.27530 89.27320 0 0 8.39125 87.85010 1.74959 -13
-0.80265 -0.00113 89.34439 0 0 0.10852 69.67606 0.89444 13
-1.94779 0.11141 85.55391 0 0 -3.29242 39.26603 0.47682 13
-0.75728 0.04907 18.06237 0 0 -1.43113 14.40558 0.92323 13
-1.69259 -0.10078 59.33396 0 0 3.13753 30.29450 0.53585 -13
-0.39437 -0.23995 43.29034 0 0 7.33160 40.42016 1.20461 -13
0.60829 -0.16977 76.41179 0 0 5.20997 65.53052 2.11100 -13
-0.16425 -0.01244 19.03002 0 0 0.43069 18.77847 1.40801 13
-1.37432 -0.07812 11.39232 0 0 2.36450 6.71592 0.63048 13
0.80234 -0.16772 34.18677 0 0 5.12099 26.80879 2.24020 13
0.14704 0.09800 56.07960 0 0 -2.86639 55.48864 1.71610 -13
1.58228 0.09661 2.19534 0 0 -2.42885 1.17706 2.57588 -13
-0.13656 0.04537 46.65273 0 0 -1.27686 46.22464 1.43522 -13
-0.18564 -0.14522 33.08144 0 0 4.47890 32.53701 1.38911 -13
0.76203 0.02413 73.35852 0 0 -0.63823 58.35428 2.22181 -13
-0.17523 -0.13398 59.21687 0 0 4.13122 58.34345 1.39883 -13
0.38498 0.04096 55.21347 0 0 -1.14564 51.53253 1.93801 -13
-0.38276 -0.06275 10.39857 0 0 1.92365 9.71383 1.20589 13
-1.40388 -0.20005 46.46500 0 0 6.13441 27.30840 0.62824 -13
-0.87440 0.14804 50.43460 0 0 -4.37143 38.14519 0.85768 -13
-0.89177 -0.25077 50.43460 0 0 7.65963 38.14519 0.85767 -13
1.17953 -0.23640 5.16166 0 0 7.05734 3.39096 2.42494 13
-0.07115 0.02903 11.03139 0 0 -0.83788 11.00366 1.49980 13
0.76001 -0.13560 20.40835 0 0 4.20165 16.30229 2.21629 -13
0.76379 -0.19365 72.67629 0 0 5.93109 58.14453 2.21421 -13
1.68608 0.05704 29.84276 0 0 -1.67130 15.24233 2.60555 13
-0.38888 0.12745 5.08255 0 0 -3.66086 4.74221 1.20262 -13
-0.39942 -0.27214 5.08255 0 0 8.40163 4.74221 1.20294 -13
-0.91481 -0.13166 78.31051 0 0 4.04482 58.00534 0.83414 13
-0.69636 0.10925 17.03645 0 0 -3.24844 14.00796 0.96530 13
-0.55808 -0.00828 53.37483 0 0 0.32054 46.60833 1.06179 13
2.10968 -0.18876 22.38042 0 0 5.72228 9.72323 2.69214 13
1.93498 0.04135 26.52058 0 0 -1.12404 12.18404 2.66425 -13
-0.28472 0.11667 26.77275 0 0 -3.45760 25.76231 1.29519 13
-1.29593 0.03303 56.39230 0 0 -0.90086 34.46285 0.65748 -13
-0.22502 -0.20217 87.44451 0 0 6.18553 85.39220 1.35372 -13
1.44442 -0.13937 75.26229 0 0 4.29719 43.11886 2.53153 -13
-1.37973 -0.09208 65.33052 0 0 2.84607 38.44579 0.62917 13
-0.77274 0.14430 35.23156 0 0 -4.25401 27.98444 0.91788 -13
-0.78922 -0.25465 35.23156 0 0 7.78124 27.98444 0.91789 -13
1.22684 -0.05602 77.36509 0 0 1.78121 48.92647 2.45694 -13
0.63788 -0.13588 57.06523 0 0 4.17016 48.23687 2.13447 13
0.09034 0.03728 68.35561 0 0 -1.04998 68.07872 1.66083 13
0.54233 0.14657 40.12930 0 0 -4.35408 35.36022 2.06329 13
0.55343 -0.25235 40.12930 0 0 7.67860 35.36022 2.06330 13
0.35019 -0.16078 89.57096 0 0 4.92538 84.65360 1.90368 13
0.09277 -0.16458 33.95977 0 0 5.06035 33.81841 1.66209 -13
-0.08734 -0.02344 92.31825 0 0 0.79359 91.96831 1.48370 -13
0.20115 0.11172 94.35269 0 0 -3.29432 92.52207 1.76810 13
0.88986 0.06288 99.96336 0 0 -1.80920 74.74260 2.29700 -13
0.47558 0.05384 78.49044 0 0 -1.54962 70.90152 2.01416 13
0.90048 -0.02010 71.90017 0 0 0.67870 53.43471 2.30378 13
1.43308 -0.16506 34.91960 0 0 5.08463 20.16307 2.52602 -13
0.67883 -0.16385 31.43029 0 0 5.04239 26.11255 2.16103 -13
0.54832 -0.18622 19.07625 0 0 5.72895 16.79208 2.06520 -13
1.53616 0.02016 45.73433 0 0 -0.54586 24.95433 2.56444 13
-0.36803 0.09727 97.82682 0 0 -2.85819 91.85847 1.21968 13
-0.79243 0.02738 18.40390 0 0 -0.77915 14.42636 0.90087 13
0.70540 -0.11155 61.55368 0 0 3.45553 50.40220 2.18223 -13
-0.63943 0.10795 68.79776 0 0 -3.18351 58.05860 1.00452 13
0.28138 -0.03994 2.14241 0 0 1.51731 2.06250 1.84488 -13
0.03999 0.02366 43.40627 0 0 -0.62132 43.37162 1.61076 -13
-0.98857 0.01274 22.55077 0 0 -0.33297 16.03774 0.79119 13
1.33470 -0.17285 8.25914 0 0 5.19369 4.99862 2.49150 13
-1.74866 -0.01343 22.83356 0 0 0.44367 11.33584 0.51952 13
-1.54994 0.09886 59.74415 0 0 -2.88560 32.50093 0.57520 -13
0.06999 0.11203 69.18822 0 0 -3.29097 69.02142 1.64024 -13
-0.41433 -0.13538 25.01531 0 0 4.14363 23.14081 1.18120 13
-1.08881 -0.21100 8.27049 0 0 6.53821 5.66023 0.75377 -13
0.12106 0.01860 61.93439 0 0 -0.48781 61.48563 1.69125 13
1.28372 -0.08728 33.35289 0 0 2.69067 20.54442 2.47796 13
-1.04574 -0.01428 82.65979 0 0 0.50334 57.13116 0.76309 13
0.20667 -0.07957 30.55729 0 0 2.46550 29.92885 1.77397 13
0.09425 -0.09831 55.55825 0 0 3.03796 55.31552 1.66432 13
1.48582 0.13886 32.96120 0 0 -4.07990 18.52427 2.54477 -13
1.52080 -0.26036 32.96120 0 0 7.96314 18.52427 2.54478 -13
1.27953 -0.13352 8.99594 0 0 4.01992 5.56979 2.47392 13
-1.75812 0.07530 80.54135 0 0 -2.17842 39.90571 0.51837 -13
-2.00472 0.07436 28.15037 0 0 -2.20319 12.59290 0.46381 13
1.49465 -0.03119 91.52443 0 0 1.03224 50.91065 2.55171 -13
1.33345 -0.20855 10.04723 0 0 6.28698 6.11031 2.48789 13
0.49068 -0.04576 52.64108 0 0 1.47153 47.26816 2.02655 -13
-0.16792 -0.12950 36.52244 0 0 3.97423 36.02635 1.40578 13
0.66724 0.13870 73.01828 0 0 -4.11023 60.91692 2.15480 13
0.68298 -0.26055 73.01828 0 0 7.93351 60.91692 2.15480 13
1.14492 -0.02227 5.66688 0 0 0.88472 3.72861 2.42353 -13
-1.12267 -0.08772 93.68970 0 0 2.71954 62.44941 0.72958 13
-0.63881 -0.00293 33.51823 0 0 0.15175 28.24659 1.00233 13
1.98476 0.09828 92.39651 0 0 -2.89571 41.73348 2.67294 13
-0.89379 -0.08132 39.49882 0 0 2.55097 29.49339 0.84306 -13
0.29165 0.11615 5.68728 0 0 -3.33011 5.46253 1.85278 -13
0.28808 -0.18384 98.02964 0 0 5.62160 94.31703 1.84689 13
0.61518 0.11096 53.59257 0 0 -3.25534 45.72353 2.11958 -13
-1.54378 -0.21808 33.18332 0 0 6.68656 18.33629 0.58545 -13
0.76493 -0.22518 39.18542 0 0 6.89255 31.40535 2.21189 -13
-0.87522 -0.09087 37.09153 0 0 2.83993 27.96075 0.85388 -13
-0.35554 0.02862 67.84119 0 0 -0.78980 63.92408 1.22932 13
0.89432 -0.20932 70.28241 0 0 6.40517 52.88317 2.28982 -13
0.22722 0.08538 60.53671 0 0 -2.50240 59.04232 1.79344 13
0.22884 -0.17101 25.43246 0 0 5.21992 24.80910 1.79265 13
-0.69434 -0.12752 4.61743 0 0 3.79986 3.80271 0.96765 13
1.98077 0.11413 71.04379 0 0 -3.37706 32.18235 2.67146 13
-1.10986 0.09820 95.23723 0 0 -2.88854 63.91883 0.73576 13
-0.09366 0.14173 21.31647 0 0 -4.17017 21.22543 1.47833 -13
-0.09574 -0.25734 21.31647 0 0 7.86849 21.22543 1.47834 -13
0.16876 -0.20724 95.48049 0 0 6.33779 94.20290 1.73457 -13
1.82178 -0.10831 84.63448 0 0 3.36118 40.90799 2.63712 -13
-0.68524 -0.07810 68.82556 0 0 2.44495 56.82998 0.97146 -13
1.52818 -0.09350 75.47189 0 0 2.91349 41.45083 2.56015 -13
0.54580 -0.02704 62.59951 0 0 0.90529 54.95273 2.07025 -13
-0.90070 0.04735 15.96139 0 0 -1.30622 11.86613 0.83815 -13
-0.92384 -0.08696 90.46725 0 0 2.69695 66.56568 0.82684 13
0.67785 -0.08818 68.72085 0 0 2.73233 56.95317 2.16471 13
-0.47563 0.05044 84.35147 0 0 -1.44664 76.19191 1.12732 13
0.69178 -0.07585 31.17889 0 0 2.34981 25.66475 2.17465 13
0.30886 0.11121 60.14192 0 0 -3.28198 57.49419 1.86863 13
-0.50787 0.04427 23.73714 0 0 -1.27654 21.16846 1.10127 13
-0.15057 -0.24506 42.02599 0 0 7.46125 41.58360 1.42558 13
-0.47770 0.05424 79.17524 0 0 -1.56164 71.46179 1.12572 13
-1.01345 0.01403 30.75829 0 0 -0.36478 21.60475 0.77877 13
-0.31965 0.02384 51.53149 0 0 -0.64760 49.08592 1.26149 13
-0.88276 -0.00645 6.63472 0 0 0.37295 4.97400 0.84760 -13
-0.99395 -0.16620 42.22320 0 0 5.07855 30.14837 0.79524 13
0.84963 -0.13921 11.49210 0 0 4.33586 8.79187 2.27034 -13
0.10235 -0.23767 31.18494 0 0 7.23385 31.03142 1.67005 13
1.04915 0.12934 43.37877 0 0 -3.83654 30.05898 2.37603 13
1.07784 -0.27046 43.37877 0 0 8.22093 30.05898 2.37602 13
0.19609 0.13278 82.77946 0 0 -3.91868 81.25855 1.76278 -13
0.20117 -0.26675 82.77946 0 0 8.13356 81.25855 1.76278 -13
1.19191 -0.22304 99.15440 0 0 6.81706 64.63559 2.43155 -13
-0.92050 0.13412 65.69044 0 0 -3.95362 48.52862 0.83121 -13
-0.94390 -0.26531 65.69044 0 0 8.09664 48.52862 0.83121 -13
0.51090 -0.13026 85.70763 0 0 4.01657 76.45581 2.03973 -13
0.32348 -0.04404 75.32715 0 0 1.40312 71.67704 1.88337 13
0.35974 -0.03569 62.43228 0 0 1.16602 58.75083 1.91592 -13
1.48499 -0.12407 23.73145 0 0 3.86104 13.32448 2.54540 -13
-0.10678 -0.07694 48.16542 0 0 2.41248 47.89474 1.46473 -13
0.30701 -0.02543 80.60778 0 0 0.84189 77.06031 1.86858 13
-0.37922 0.03615 46.67475 0 0 -1.02051 43.64573 1.20855 13
0.42867 -0.23736 73.57955 0 0 7.24795 67.90929 1.96594 -13
1.03230 0.08040 48.15088 0 0 -2.35952 33.55834 2.37048 13
0.11883 0.02082 8.14585 0 0 -0.60709 8.08899 1.68904 13
0.70870 0.04716 41.12074 0 0 -1.32712 33.56231 2.18681 -13
0.11625 0.10688 12.89779 0 0 -3.10358 12.81251 1.68587 -13
1.32372 -0.24161 75.42209 0 0 7.35804 46.28303 2.48092 13
-1.24050 0.03634 36.17568 0 0 -0.99380 22.71323 0.67879 -13
0.30071 0.04790 45.11104 0 0 -1.35313 43.20440 1.86258 -13
-0.87948 -0.08188 33.86053 0 0 2.53200 25.46350 0.85109 13
-1.47669 0.03643 28.04328 0 0 -1.04853 15.73169 0.59556 13
-1.14629 0.05120 19.75515 0 0 -1.42565 12.99658 0.71799 -13
0.46560 -0.11375 98.16362 0 0 3.50708 89.09198 2.00409 13
1.07567 0.05710 76.81081 0 0 -1.65030 52.34435 2.39182 13
-1.47008 -0.01384 38.99238 0 0 0.52061 21.93240 0.59738 -13
0.90276 -0.20521 58.40018 0 0 6.28249 43.74779 2.29489 -13
0.72277 -0.09057 85.59488 0 0 2.80659 69.46903 2.19470 13
-1.45392 0.03071 45.65213 0 0 -0.86370 25.87863 0.60271 13
-0.89614 -0.18268 70.60395 0 0 5.58257 52.96275 0.84827 13
0.96439 -0.04007 80.60599 0 0 1.28147 58.04296 2.33767 13
0.02932 -0.04664 65.02895 0 0 1.49583 65.00108 1.60008 -13
-1.08896 0.03922 44.65497 0 0 -1.08572 30.21648 0.74322 -13
-0.46044 -0.04316 85.35817 0 0 1.37716 77.54681 1.13965 13
-1.41430 0.01815 44.30067 0 0 -0.44672 25.57846 0.61553 -13
1.66991 0.06926 92.49133 0 0 -2.01781 47.60248 2.60098 13
1.32435 -0.09239 83.94846 0 0 2.85840 50.72305 2.49280 13
0.97942 -0.17913 27.20715 0 0 5.51124 19.58725 2.33790 -13
-1.44929 -0.22810 36.73316 0 0 6.98633 21.22012 0.61589 -13
-1.91832 0.08451 37.47615 0 0 -2.44067 17.37174 0.48199 -13
-0.06815 -0.24677 47.80632 0 0 7.53604 47.70198 1.50472 -13
-0.81942 0.04907 5.23340 0 0 -1.27723 4.04973 0.88491 -13
-0.80791 -0.17819 99.80683 0 0 5.45026 78.11204 0.89888 13
-1.07778 -0.15347 29.56215 0 0 4.68775 20.23161 0.75379 13
12.81913 20.78260 29.56215 0 0 4.82319 20.23161 1.01862 13
-1.38340 -0.16816 90.58796 0 0 5.16323 53.55474 0.63254 -13
0.13545 -0.04847 48.13492 0 0 1.55356 47.70027 1.70527 -13
-0.43413 0.05355 33.55488 0 0 -1.54990 30.78662 1.16174 13
-1.32293 -0.01099 51.93311 0 0 0.42811 31.31695 0.64730 -13
-0.99083 -0.00104 66.59733 0 0 0.10223 47.30774 0.79000 13
1.74570 0.09323 99.40547 0 0 -2.72094 49.57121 2.61952 -13
-0.23402 -0.07993 16.75400 0 0 2.46294 16.31590 1.34161 13
1.50875 0.02772 24.60185 0 0 -0.78988 13.59523 2.55609 13
0.22826 -0.20184 31.09004 0 0 6.18621 30.33993 1.79092 -13
-0.50530 -0.16583 92.22720 0 0 5.08948 82.54072 1.10836 -13
-1.17035 -0.20933 32.38369 0 0 6.42011 21.29659 0.71768 -13
-0.15690 -0.22757 17.49191 0 0 6.97371 17.29079 1.41898 -13
-0.76633 -0.20486 64.46373 0 0 6.25131 51.55296 0.92682 13
0.66353 -0.00754 32.78591 0 0 0.29075 27.31913 2.15661 13
0.42125 0.03112 15.29928 0 0 -0.82263 14.10024 1.96931 -13
-1.93304 0.03694 20.96677 0 0 -1.08155 9.63902 0.47769 13
-0.73687 0.07441 81.57694 0 0 -2.17100 65.73681 0.93707 13
0.88165 -0.01134 39.06522 0 0 0.40672 29.30318 2.29335 13
0.24943 0.11543 98.79230 0 0 -3.40602 95.89249 1.81369 13
1.25980 -0.09181 99.38211 0 0 2.84272 61.94667 2.46861 13
0.41707 0.13821 9.37758 0 0 -4.02966 8.66705 1.96258 -13
0.42703 -0.26096 9.37758 0 0 8.01517 8.66705 1.96263 -13
-0.03984 -0.15269 16.07901 0 0 4.71811 16.06654 1.53143 -13
0.38114 0.13330 76.66971 0 0 -3.94652 71.72190 1.93201 13
0.39095 -0.26622 76.66971 0 0 8.10516 71.72190 1.93201 13
-1.55235 0.04497 40.73746 0 0 -1.25227 22.07700 0.57274 -13
1.21711 -0.24670 25.89318 0 0 7.55390 16.72657 2.43928 -13
-0.21634 -0.24158 18.82837 0 0 7.34088 18.42532 1.36353 13
0.13809 -0.14382 4.58424 0 0 4.52764 4.54195 1.70664 -13
1.28131 -0.17761 11.71844 0 0 5.50662 7.27956 2.47134 -13
-1.78902 -0.05058 35.87772 0 0 1.63509 17.52213 0.51024 -13
-0.94378 -0.00043 53.11903 0 0 0.08144 38.63118 0.81431 13
-0.51757 -0.19157 67.95176 0 0 5.85206 60.57472 1.10051 13
0.88619 0.00272 59.73992 0 0 -0.01182 44.71017 2.29593 13
-1.17972 -0.24309 81.82846 0 0 7.42304 53.79169 0.71732 -13
-0.04151 0.08374 79.89358 0 0 -2.43834 79.82530 1.52946 -13
-1.70158 -0.16617 24.50313 0 0 5.05394 12.54049 0.53729 13
-0.46464 -0.04836 45.34646 0 0 1.55145 41.13273 1.13628 -13
-1.10804 0.11795 30.23415 0 0 -3.50522 20.33423 0.73763 13
-1.14343 -0.28251 30.23415 0 0 8.57249 20.33423 0.73765 13
-0.16842 -0.19834 61.12325 0 0 6.05487 60.30636 1.40708 13
-1.25861 0.07592 15.20632 0 0 -2.26124 9.47638 0.67279 13
-0.24392 -0.24387 45.75571 0 0 7.44956 44.52269 1.33812 -13
-0.17263 -0.09937 14.43741 0 0 3.04500 14.22889 1.40067 13
-1.11224 -0.16235 54.28919 0 0 4.96464 36.55783 0.73878 13
-0.95156 -0.18779 4.62533 0 0 5.59540 3.37807 0.81886 13
0.20334 -0.00173 38.11947 0 0 0.12025 37.35506 1.77140 13
1.36396 -0.17241 7.93161 0 0 5.38879 4.73520 2.50196 -13
0.86394 0.14636 51.55240 0 0 -4.34599 39.18634 2.27809 13
0.88165 -0.25258 51.55240 0 0 7.68716 39.18634 2.27807 13
-0.52821 -0.22706 52.24539 0 0 6.94125 46.44600 1.09515 -13
0.54376 -0.07268 39.19666 0 0 2.28701 34.45566 2.06773 -13
0.88098 0.00391 60.76285 0 0 -0.02612 45.59362 2.29300 -13
-0.79845 0.14787 83.43328 0 0 -4.37272 65.47269 0.90227 -13
-0.81436 -0.25095 83.43328 0 0 7.65835 65.47269 0.90226 -13
-0.07628 -0.21674 95.99991 0 0 6.61413 95.73428 1.49638 13
-0.34420 0.06002 24.79806 0 0 -1.74970 23.45252 1.23985 13
-0.81276 0.10882 51.09864 0 0 -3.21273 39.74616 0.89120 13
0.40215 0.10078 94.20504 0 0 -2.96446 87.46341 1.95141 13
-0.43688 -0.21585 71.36839 0 0 6.58459 65.63422 1.16720 13
-0.53351 -0.23831 38.15688 0 0 7.28546 33.86738 1.09208 -13
-0.45692 0.12025 95.26826 0 0 -3.54056 86.75795 1.14491 -13
-0.47110 -0.28000 95.26826 0 0 8.53276 86.75795 1.14491 -13
-0.63079 -0.18400 83.67535 0 0 5.63813 71.10418 1.01553 -13
0.60415 0.00573 56.73464 0 0 -0.10131 48.56088 2.11426 13
0.41817 -0.22334 36.23430 0 0 6.83378 33.54790 1.95828 -13
1.50616 0.09863 75.41149 0 0 -2.90628 41.85253 2.55325 13
-0.17480 0.00955 33.17217 0 0 -0.19182 32.67686 1.39776 -13
-0.29645 0.04029 71.24406 0 0 -1.12686 68.31019 1.28282 -13
0.13454 -0.23909 48.89248 0 0 7.30334 48.47925 1.70091 -13
-2.05257 -0.13484 37.50369 0 0 4.17872 16.54524 0.45691 -13
-0.31069 -0.21095 29.44853 0 0 6.42633 28.17535 1.27568 13
-0.13429 0.07363 70.04268 0 0 -2.13353 69.42289 1.43766 -13
0.30519 0.03661 14.15214 0 0 -0.98529 13.53663 1.86682 -13
-1.19770 -0.13637 58.43949 0 0 4.18211 37.65744 0.70022 13
-0.19416 -0.00596 22.81964 0 0 0.28304 22.40128 1.37903 -13
-0.84658 -0.22255 54.15259 0 0 6.80672 41.74404 0.88019 -13
1.02719 0.04295 98.35143 0 0 -1.20711 68.63905 2.36914 -13
-0.52609 0.03304 86.41186 0 0 -0.90918 76.48377 1.08672 -13
0.42494 -0.15718 67.69651 0 0 4.81465 62.41939 1.96825 13
0.89494 -0.19371 86.52037 0 0 5.93218 64.99686 2.29166 -13
-0.68839 0.01159 71.37558 0 0 -0.26003 58.79305 0.96793 -13
-1.60801 0.10439 61.68134 0 0 -3.08266 32.70165 0.55879 13
-1.38088 0.11794 32.10544 0 0 -3.45033 18.91623 0.63005 -13
-1.40810 -0.17891 49.31047 0 0 5.49553 28.85084 0.62498 -13
1.89372 0.10092 60.62862 0 0 -2.94598 28.42318 2.65365 -13
-0.11128 -0.06668 89.40501 0 0 2.09818 88.85894 1.46021 -13
0.81132 -0.03387 54.09230 0 0 1.11429 42.01555 2.25212 -13
1.13476 -0.12255 46.54220 0 0 3.76276 30.90079 2.41554 13
-0.68898 -0.02681 97.01535 0 0 0.89604 79.89817 0.96767 -13
0.06492 -0.18225 20.95508 0 0 5.60303 20.91242 1.63458 -13
0.90259 -0.08696 23.93314 0 0 2.73345 17.79656 2.30317 -13
-1.33449 0.08769 50.69222 0 0 -2.54801 30.47317 0.64492 -13
0.44786 0.11812 22.91318 0 0 -3.45808 20.93618 1.98929 -13
-1.15609 -0.21490 11.94505 0 0 6.49754 7.91506 0.72432 13
1.46565 0.13694 65.48204 0 0 -4.03700 37.13975 2.53852 -13
1.50124 -0.26237 65.48204 0 0 8.00907 37.13975 2.53852 -13
-0.76424 0.06942 34.68411 0 0 -2.03010 27.58234 0.91940 13
-0.91370 0.04021 13.87218 0 0 -1.17911 10.24490 0.83086 13
1.53100 0.14767 43.78216 0 0 -4.39403 24.12384 2.55805 13
1.56163 -0.25119 43.78216 0 0 7.63696 24.12384 2.55805 13
-0.85409 -0.13430 59.05671 0 0 4.12124 45.07566 0.86834 13
-0.23583 0.13465 86.47609 0 0 -3.97440 84.20699 1.34120 -13
-0.24177 -0.26479 86.47609 0 0 8.07476 84.20699 1.34120 -13
-0.11437 -0.01196 95.02589 0 0 0.43674 94.41054 1.45693 13
-0.93559 -0.22166 61.39393 0 0 6.75608 45.33006 0.83062 13
-0.20903 -0.04774 99.95018 0 0 1.51642 97.84032 1.36496 13
-0.58256 -0.24734 31.37300 0 0 7.56083 27.30864 1.05612 -13
0.74153 -0.12223 5.23033 0 0 3.64360 4.21192 2.20531 13
-0.50088 0.10639 99.14728 0 0 -3.12220 88.74870 1.10870 -13
0.93155 -0.05884 81.02867 0 0 1.84806 59.33673 2.31991 13
0.27969 0.01417 57.00579 0 0 -0.35505 54.89941 1.84349 13
-1.53568 -0.06497 79.41991 0 0 2.02977 43.40195 0.57817 13
-0.45187 -0.22495 5.39794 0 0 6.97550 4.93930 1.15557 -13
-1.30802 -0.11963 42.14509 0 0 3.67069 25.71183 0.65616 13
0.60488 -0.10387 65.75185 0 0 3.20605 56.34090 2.11242 13
0.21768 -0.22130 65.29698 0 0 6.76487 63.87031 1.78022 -13
-0.07639 -0.02579 4.78410 0 0 0.96174 4.77023 1.49458 -13
-0.17252 -0.14050 11.81352 0 0 4.36108 11.64486 1.40158 -13
1.27326 0.01579 32.96371 0 0 -0.41925 20.36230 2.47577 13
-0.35236 -0.19628 23.84897 0 0 6.02510 22.53971 1.23791 -13
0.92311 -0.23216 77.56912 0 0 7.07474 57.67960 2.30316 13
0.97294 0.03901 23.95149 0 0 -1.12365 17.17332 2.34210 13
2.00040 0.09395 56.51531 0 0 -2.77131 25.35900 2.67626 13
0.52178 -0.15049 85.46760 0 0 4.62663 75.95319 2.04713 -13
-0.67038 0.04041 22.42447 0 0 -1.11082 18.63079 0.98061 -13
0.37385 -0.02378 39.04335 0 0 0.81228 36.57247 1.92847 -13
1.24992 -0.10621 90.19996 0 0 3.29344 56.54206 2.46408 -13
2.09451 -0.03629 26.71708 0 0 1.21693 11.51779 2.69590 -13
-1.18444 -0.03062 31.02244 0 0 1.02843 20.01819 0.70139 -13
0.70210 -0.02305 11.27296 0 0 0.72431 9.22684 2.18281 13
-0.52330 -0.08744 65.26227 0 0 2.71090 57.87102 1.09024 13
0.04264 -0.01503 47.46759 0 0 0.52447 47.42450 1.61340 13
-0.51459 -0.09403 35.23273 0 0 2.93308 31.35684 1.09733 -13
-2.09907 0.11653 82.68519 0 0 -3.42031 35.75838 0.44722 -13
0.43038 0.07961 39.97442 0 0 -2.33353 36.73625 1.97607 13
-1.46013 0.09049 31.69811 0 0 -2.67704 17.96061 0.60240 13
0.07204 -0.06292 18.96744 0 0 2.00306 18.91864 1.64257 -13
0.60872 0.14652 75.40053 0 0 -4.34591 64.59022 2.11289 13
0.62117 -0.25239 75.40053 0 0 7.68688 64.59022 2.11289 13
-0.82256 -0.12123 65.48280 0 0 3.72910 50.72044 0.88602 13
0.43948 0.10941 37.85494 0 0 -3.23358 34.68897 1.98268 13
-2.10497 -0.16680 80.76299 0 0 5.09896 35.04496 0.44884 13
1.22077 -0.13092 84.16260 0 0 4.02138 53.60386 2.45111 13
0.08748 0.11829 69.09551 0 0 -3.49385 68.83624 1.65745 13
0.09027 -0.28212 69.09551 0 0 8.57917 68.83624 1.65746 13
0.37456 0.12759 31.25053 0 0 -3.75013 29.29392 1.92654 -13
0.38507 -0.27222 31.25053 0 0 8.31095 29.29392 1.92654 -13
1.40583 -0.03907 11.89545 0 0 1.19016 6.89898 2.52295 13
0.92547 -0.05416 99.37444 0 0 1.70834 72.98255 2.31678 13
-1.04808 0.10733 43.96409 0 0 -3.17258 30.43991 0.76479 13
0.77757 -0.04793 58.81474 0 0 1.53812 46.45033 2.23115 -13
