1.54538 0.02924 38.02991 0 0 -0.82451 20.66539 2.56707 13
-0.16073 -0.09833 4.60701 0 0 2.93973 4.54919 1.41218 13
-0.80660 -0.08693 5.55332 0 0 2.58666 4.32880 0.89388 13
0.80921 -0.18429 74.86068 0 0 5.64884 58.57593 2.24298 -13
-0.27322 -0.08859 66.91468 0 0 2.74575 64.56618 1.30508 13
-0.78634 -0.17990 60.25383 0 0 5.49770 47.64976 0.91216 13
0.53234 -0.22526 31.74000 0 0 6.89530 28.16757 2.04979 -13
-0.99357 -0.07966 48.88964 0 0 2.46960 34.73560 0.79021 13
0.60328 -0.14258 73.63093 0 0 4.38988 63.21482 2.10919 -13
-1.07279 -0.15581 36.12560 0 0 4.76052 24.78915 0.75628 13
0.27236 0.07456 65.37021 0 0 -2.16051 63.08480 1.83600 -13
0.68063 0.14714 51.28989 0 0 -4.34554 42.54335 2.16343 -13
0.69440 -0.25173 51.28989 0 0 7.68640 42.54335 2.16344 -13
-0.20853 0.07312 7.26337 0 0 -2.19318 7.11118 1.36575 13
0.05570 -0.12914 79.27369 0 0 3.97058 79.15299 1.62598 13
-0.23479 0.14536 19.79876 0 0 -4.33007 19.28510 1.34250 13
-0.23970 -0.25361 19.79876 0 0 7.70373 19.28510 1.34250 13
0.19495 -0.19434 34.53109 0 0 5.92843 33.91564 1.75988 13
-0.56674 -0.20117 16.67631 0 0 6.18639 14.57724 1.06366 -13
-1.46176 -0.14870 30.66309 0 0 4.53904 17.44213 0.60509 13
0.53534 0.14652 58.60047 0 0 -4.34842 51.78438 2.05791 13
0.54629 -0.25240 58.60047 0 0 7.68421 51.78438 2.05790 13
-1.08566 -0.16764 27.68297 0 0 5.11256 18.89490 0.75126 13
0.15914 0.01524 76.59644 0 0 -0.38472 75.64477 1.72859 13
0.67358 0.09191 73.04394 0 0 -2.69923 60.66136 2.16162 13
1.40974 -0.14533 35.93368 0 0 4.44097 20.93462 2.51968 13
0.17377 -0.23844 26.96458 0 0 7.25446 26.58740 1.73825 13
0.26205 -0.06817 52.49919 0 0 2.14724 50.79183 1.82652 -13
-0.77512 -0.06614 22.17956 0 0 2.10534 17.54419 0.91247 -13
-0.41815 0.03504 60.79028 0 0 -0.96715 56.08976 1.17496 -13
-0.93102 -0.19710 45.20344 0 0 6.01190 33.37488 0.83060 13
-0.22902 -0.09911 56.41804 0 0 3.07918 55.00747 1.34672 -13
0.01985 0.05172 25.71333 0 0 -1.45968 25.70828 1.59062 -13
-0.61537 0.00689 90.82447 0 0 -0.12026 77.35232 1.01916 -13
-0.14838 0.13723 67.99131 0 0 -4.06536 67.26833 1.42483 13
-0.15197 -0.26210 67.99131 0 0 7.97997 67.26833 1.42484 13
-1.76002 -0.11836 14.29009 0 0 3.58089 7.09770 0.51968 13
0.20009 -0.20229 48.17140 0 0 6.17290 47.27097 1.76446 13
-0.32561 0.09391 65.63930 0 0 -2.75927 62.44017 1.25730 13
-0.03356 -0.22048 77.13729 0 0 6.72576 77.09590 1.53803 13
0.42019 0.13161 25.99888 0 0 -3.86841 23.99968 1.96553 -13
0.43131 -0.26795 25.99888 0 0 8.18543 23.99968 1.96554 -13
0.04669 -0.10313 15.19534 0 0 3.22458 15.17900 1.61721 -13
-0.17911 -0.16317 78.34428 0 0 5.00965 77.14819 1.39583 -13
1.21035 0.13606 71.10921 0 0 -4.03333 45.53856 2.44657 13
1.24018 -0.26333 71.10921 0 0 8.01378 45.53856 2.44657 13
0.13301 0.04243 71.70241 0 0 -1.19180 71.07754 1.70292 -13
-1.45223 0.09183 67.21506 0 0 -2.70158 38.22884 0.60499 13
-0.85734 -0.01624 25.59849 0 0 0.59646 19.43495 0.86212 -13
0.69933 -0.14140 5.25977 0 0 4.22903 4.32393 2.17643 13
0.88956 0.13105 95.90959 0 0 -3.86510 71.92880 2.29358 -13
0.91329 -0.26857 95.90959 0 0 8.18984 71.92880 2.29360 -13
-0.06707 0.06091 47.21983 0 0 -1.76635 47.11441 1.50395 13
-0.54608 -0.07989 93.19541 0 0 2.48495 81.85370 1.07230 13
0.31187 -0.04038 28.36996 0 0 1.28182 27.08549 1.87287 13
-1.74984 0.06065 98.77091 0 0 -1.73865 49.07625 0.51998 -13
0.97514 -0.04863 55.53340 0 0 1.56024 39.78187 2.34302 -13
-0.20977 0.09204 26.10963 0 0 -2.67548 25.55785 1.36487 -13
0.20822 -0.16345 49.26416 0 0 5.02129 48.25594 1.77347 -13
-0.60565 0.01681 23.89531 0 0 -0.45000 20.43956 1.02630 13
-0.22689 -0.08948 3.94622 0 0 2.90903 3.84929 1.34854 -13
0.25748 -0.06354 70.99519 0 0 2.00475 68.76138 1.82231 -13
-0.01425 0.10271 55.51279 0 0 -3.02590 55.50721 1.55662 13
-0.51037 -0.07847 57.11656 0 0 2.45815 50.90572 1.10013 -13
0.26471 0.09999 72.40486 0 0 -2.94188 70.01678 1.82834 13
0.93095 -0.02595 28.58481 0 0 0.84121 20.92529 2.32028 13
-0.17926 -0.11119 80.25658 0 0 3.42977 79.01246 1.39449 13
0.23047 -0.04793 88.93908 0 0 1.53287 86.67208 1.79706 -13
1.75857 -0.07049 18.66433 0 0 2.15178 9.24390 2.62348 13
-1.40328 -0.03483 11.36956 0 0 1.05691 6.60065 0.61943 13
1.25855 0.08847 74.46396 0 0 -2.59817 46.43541 2.46828 13
0.44937 -0.04087 27.35576 0 0 1.29493 24.95553 1.99281 13
0.75739 0.04430 81.03217 0 0 -1.24751 64.61936 2.21854 -13
0.75784 0.00577 56.20302 0 0 -0.10366 44.79354 2.21929 13
0.70695 -0.11443 23.00555 0 0 3.55794 18.82606 2.18311 -13
0.07037 0.03575 33.39195 0 0 -1.01053 33.30964 1.64101 13
-0.46033 0.02572 28.84974 0 0 -0.67622 26.20790 1.13951 -13
-0.24162 -0.23764 46.76559 0 0 7.23873 45.52477 1.33992 13
1.11377 0.01249 21.61719 0 0 -0.26194 14.44247 2.40993 -13
0.75271 0.01648 51.16430 0 0 -0.40381 40.88014 2.21597 -13
-0.41431 -0.06556 65.66419 0 0 2.05085 60.68261 1.17877 13
-0.29990 -0.00766 69.48548 0 0 0.30511 66.55703 1.27944 13
-0.41510 0.12974 49.54807 0 0 -3.82199 45.81788 1.18029 -13
-0.42638 -0.26993 49.54807 0 0 8.23480 45.81788 1.18029 -13
-1.67133 -0.24700 64.26857 0 0 7.51568 33.71986 0.55232 13
-0.74440 0.13776 64.70134 0 0 -4.08380 52.07305 0.93539 13
-0.76222 -0.26154 64.70134 0 0 7.96060 52.07305 0.93540 13
0.24486 -0.21328 46.74405 0 0 6.50338 45.45890 1.80584 13
-1.00440 -0.05749 48.95766 0 0 1.80123 34.57070 0.78403 13
-1.51550 -0.17427 10.75035 0 0 5.25936 5.98145 0.59016 13
-1.90187 0.10234 85.70316 0 0 -3.01741 40.04800 0.48622 13
1.61552 -0.10254 86.04129 0 0 3.16281 45.45658 2.58498 13
0.31869 -0.04056 9.87484 0 0 1.35639 9.40943 1.87908 -13
-0.19854 -0.02460 84.31921 0 0 0.82915 82.70591 1.37487 -13
-0.32269 0.07798 49.83060 0 0 -2.28105 47.43643 1.25954 13
0.70237 0.04780 95.29970 0 0 -1.36701 78.01486 2.18257 13
-1.09729 0.05494 80.05881 0 0 -1.56685 53.97069 0.73979 -13
-0.11048 -0.02085 30.25580 0 0 0.69411 30.07288 1.46078 13
-0.12093 -0.17177 34.73392 0 0 5.27741 34.48984 1.45217 -13
-0.74635 0.06814 55.66123 0 0 -1.98497 44.64369 0.93075 13
-0.92811 0.13802 84.98783 0 0 -4.08936 62.56349 0.82737 13
-0.95025 -0.26127 84.98783 0 0 7.95472 62.56349 0.82737 13
0.78285 0.04552 54.01218 0 0 -1.28062 42.54687 2.23449 -13
1.18495 -0.12004 71.47342 0 0 3.71211 46.28704 2.43711 -13
1.32956 0.13191 83.29360 0 0 -3.88813 50.34284 2.49258 -13
1.36450 -0.26766 83.29360 0 0 8.16528 50.34284 2.49257 -13
-1.59680 -0.13125 51.69039 0 0 4.02362 27.60222 0.56335 13
-0.17436 -0.14651 22.49316 0 0 4.47891 22.16581 1.39996 13
-1.00349 -0.07328 54.41447 0 0 2.28000 38.46137 0.78500 13
0.26677 -0.07127 82.11650 0 0 2.22526 79.35513 1.83087 13
0.33542 -0.12930 37.29799 0 0 3.99589 35.39092 1.89194 -13
0.86121 0.06321 78.60270 0 0 -1.83386 59.61032 2.28078 13
-0.39428 -0.15420 11.07687 0 0 4.78044 10.32076 1.19922 -13
1.10714 -0.18245 92.32117 0 0 5.57709 62.43841 2.39885 13
0.40866 0.06402 42.03194 0 0 -1.83708 38.91977 1.95803 -13
0.12157 -0.23589 53.00240 0 0 7.18705 52.63522 1.68858 13
0.21067 -0.00126 58.76824 0 0 0.11065 57.50601 1.77843 13
0.41932 0.04282 14.84859 0 0 -1.24605 13.69538 1.96752 13
0.11835 -0.16900 13.20222 0 0 5.21646 13.11320 1.68696 -13
-1.13290 -0.17843 97.30256 0 0 5.45588 64.95659 0.73095 13
0.20435 -0.01291 42.72728 0 0 0.45910 41.86229 1.77236 13
0.80101 -0.23183 47.22812 0 0 7.06009 37.23378 2.23342 13
-1.49283 0.02901 98.03004 0 0 -0.80301 54.57350 0.59041 13
0.28523 0.04196 26.38459 0 0 -1.16570 25.37445 1.84842 -13
0.88409 -0.17477 14.01403 0 0 5.40216 10.56816 2.28729 -13
1.18862 -0.09149 42.90149 0 0 2.85846 27.68651 2.44011 -13
-0.96547 -0.12866 26.93288 0 0 3.93703 19.45249 0.80706 13
-0.37320 -0.17029 18.08069 0 0 5.24686 16.96869 1.21827 -13
-0.44870 0.04970 57.22001 0 0 -1.40875 52.21641 1.14948 -13
0.83498 -0.04410 4.13463 0 0 1.56755 3.17541 2.26603 -13
-0.29227 -0.13082 40.43491 0 0 4.01468 38.83686 1.28872 13
0.19788 -0.21937 28.48619 0 0 6.71712 27.96861 1.76172 -13
0.98010 0.00130 17.42173 0 0 0.07950 12.44200 2.34614 -13
0.37558 -0.02358 41.61392 0 0 0.78059 38.95836 1.92998 13
1.74594 -0.12966 88.51299 0 0 3.98000 44.26582 2.61784 13
-0.00130 0.10142 3.65121 0 0 -2.83772 3.65121 1.56950 -13
0.05391 -0.18335 25.32969 0 0 5.63175 25.29416 1.62378 -13
-0.91730 0.06514 55.81460 0 0 -1.89539 41.17076 0.82956 13
-0.84825 0.12721 21.64531 0 0 -3.78676 16.56180 0.87127 13
-0.87221 -0.27267 21.64531 0 0 8.27418 16.56180 0.87127 13
-0.86639 0.08617 81.21984 0 0 -2.52591 61.48326 0.85869 13
-0.43776 0.10925 81.00047 0 0 -3.22087 74.27225 1.16034 13
-0.49670 0.14517 14.09272 0 0 -4.25804 12.64699 1.11393 -13
-0.50711 -0.25370 14.09272 0 0 7.77678 12.64699 1.11394 -13
-0.36965 -0.13539 49.91310 0 0 4.15496 46.86795 1.21967 13
-0.71519 -0.04134 84.23774 0 0 1.33536 68.53758 0.95035 -13
0.52248 -0.00503 86.88566 0 0 0.23942 77.00835 2.05226 -13
0.37514 -0.24708 95.35595 0 0 7.53998 89.59908 1.92006 -13
-1.02419 -0.08486 45.54136 0 0 2.65606 31.87354 0.77524 -13
-0.32705 0.02742 49.77375 0 0 -0.75616 47.30957 1.25482 13
0.28444 -0.13667 63.90254 0 0 4.19654 61.50664 1.84549 13
-0.41816 -0.16030 31.55104 0 0 4.93379 29.16288 1.17923 -13
-0.30050 -0.05627 70.08562 0 0 1.77129 67.12952 1.27931 13
0.18231 0.10398 48.92683 0 0 -3.04518 48.14182 1.75018 -13
1.11997 -0.04022 17.70043 0 0 1.25270 11.79413 2.41232 13
-0.18050 -0.10258 91.59479 0 0 3.18087 90.15298 1.39313 -13
0.83862 -0.00115 72.63381 0 0 0.12466 55.65391 2.26865 -13
-0.17144 0.11067 22.28656 0 0 -3.27931 21.96996 1.40202 13
0.65456 0.11880 50.75952 0 0 -3.49075 42.55904 2.14716 -13
0.67525 -0.28156 50.75952 0 0 8.57981 42.55904 2.14715 -13
0.88894 0.00824 53.96991 0 0 -0.15544 40.33720 2.29745 -13
0.89040 0.03967 79.55739 0 0 -1.12358 59.43780 2.29789 13
-0.33267 -0.20487 94.43180 0 0 6.25563 89.78393 1.25575 13
0.20657 -0.05180 66.15273 0 0 1.65133 64.78842 1.77423 -13
-0.43063 -0.14391 75.22563 0 0 4.41514 69.20174 1.16788 13
1.98014 -0.18368 28.47674 0 0 5.66370 13.00702 2.66723 -13
-0.67346 0.06181 45.11286 0 0 -1.79650 37.44040 0.97898 13
-1.43538 -0.17330 65.80409 0 0 5.32138 37.98935 0.61545 -13
-1.17863 -0.06675 15.24287 0 0 2.04621 9.87422 0.70469 13
0.08760 0.02500 6.64175 0 0 -0.74704 6.61643 1.65815 13
-0.19675 -0.13885 93.23777 0 0 4.27480 91.51632 1.37833 -13
-1.25152 -0.22944 15.21258 0 0 7.05621 9.64430 0.68669 -13
0.00052 -0.22675 5.37057 0 0 7.01658 5.37057 1.57130 -13
-0.14196 -0.17403 8.06814 0 0 5.26832 7.99040 1.43184 13
1.13297 -0.15930 53.18750 0 0 4.90064 35.44340 2.41223 -13
0.48973 -0.00699 84.37303 0 0 0.29985 75.77509 2.02618 -13
2.09079 -0.19615 96.89772 0 0 6.00988 42.45231 2.68807 -13
-0.36983 -0.00767 1.70435 0 0 0.00351 1.59867 1.21658 13
0.45726 -0.17895 65.56071 0 0 5.48755 59.78375 1.99374 -13
-0.35954 -0.10273 13.67214 0 0 3.21925 12.87368 1.22731 -13
1.71660 -0.24878 96.88204 0 0 7.57572 49.86397 2.60095 13
-0.58565 -0.12895 28.88156 0 0 3.99060 24.97427 1.04458 -13
0.18346 -0.01624 34.26314 0 0 0.58548 33.70078 1.75222 -13
0.99544 -0.07913 37.36275 0 0 2.45035 26.52142 2.35235 13
-1.35504 0.09557 58.44209 0 0 -2.78740 34.80568 0.63794 -13
-0.12387 0.03294 69.08316 0 0 -0.91945 68.55983 1.44763 13
0.85170 -0.18013 93.07304 0 0 5.52097 71.32905 2.26841 -13
1.01137 0.11096 38.47088 0 0 -3.24873 27.13246 2.35879 -13
1.31232 0.09836 26.89831 0 0 -2.91550 16.35236 2.48813 13
0.14061 -0.02731 85.45826 0 0 0.91065 84.62632 1.71044 -13
0.89157 0.03451 38.16305 0 0 -0.94265 28.49241 2.29864 -13
0.20910 -0.13945 60.26149 0 0 4.27972 59.00926 1.77501 13
-0.25021 -0.09565 9.37383 0 0 2.91343 9.09592 1.32669 13
-0.70364 0.08885 77.77202 0 0 -2.59177 63.68683 0.95948 -13
-0.45571 -0.03857 27.65520 0 0 1.26451 25.16848 1.14349 -13
0.33964 0.11524 25.55205 0 0 -3.37444 24.21101 1.89621 -13
0.93434 -0.15316 39.08361 0 0 4.68400 28.71166 2.31648 13
-0.81171 -0.03257 83.85274 0 0 1.07143 65.11804 0.88921 -13
-0.88243 -0.02475 43.67443 0 0 0.81283 32.75151 0.84793 13
-0.56065 -0.15269 38.95569 0 0 4.67281 34.07271 1.06472 13
0.95340 0.02398 58.38720 0 0 -0.65355 42.26464 2.33220 13
-1.43185 0.05297 17.08036 0 0 -1.56717 9.78921 0.61031 13
0.38478 -0.05521 94.80272 0 0 1.74164 88.49613 1.93760 13
-1.10573 -0.03492 73.36419 0 0 1.14430 49.22608 0.73553 -13
-1.01035 -0.03328 28.30494 0 0 1.10944 19.91697 0.78053 -13
2.08599 -0.24640 21.16708 0 0 7.46736 9.36259 2.68298 13
-1.10310 0.06459 28.17918 0 0 -1.84229 18.94744 0.73745 -13
-1.16968 -0.22159 41.05408 0 0 6.74619 27.04650 0.71921 13
-0.12068 -0.07162 27.21442 0 0 2.22301 27.01939 1.45100 13
-0.70074 -0.21640 92.72449 0 0 6.60230 76.50213 0.97029 13
1.60183 -0.09486 36.67496 0 0 2.96585 19.48404 2.58149 -13
0.55177 -0.22063 28.58298 0 0 6.71482 25.16291 2.06501 13
-1.39457 0.11673 91.56926 0 0 -3.43099 53.59897 0.62530 -13
0.15886 -0.06147 80.71902 0 0 1.92931 79.72307 1.72805 13
0.31764 -0.01230 3.75331 0 0 0.31616 3.57730 1.87833 13
0.49203 -0.20049 47.58047 0 0 6.14051 42.85374 2.02029 -13
-1.11418 -0.13026 2.12170 0 0 4.37200 1.42357 0.73563 -13
0.07403 0.09023 5.19245 0 0 -2.54384 5.17841 1.64440 -13
-1.32825 0.10613 64.97403 0 0 -3.10826 39.21909 0.64803 -13
0.81231 0.01871 69.45899 0 0 -0.49240 53.91689 2.25292 13
-0.05078 0.10133 14.79761 0 0 -2.94141 14.77876 1.52031 -13
-1.36780 0.00846 10.97689 0 0 -0.25066 6.47874 0.63131 13
0.69697 0.01631 60.92909 0 0 -0.42065 49.98802 2.17943 13
-1.66089 -0.22938 13.67651 0 0 7.07802 7.18765 0.55335 -13
0.41393 0.12043 57.35169 0 0 -3.54244 53.04702 1.96071 -13
0.42673 -0.27980 57.35169 0 0 8.53112 53.04702 1.96071 -13
0.67848 0.09304 65.79066 0 0 -2.73461 54.51641 2.16493 13
-1.36677 -0.19517 95.20281 0 0 5.96018 56.89911 0.64059 13
1.37664 -0.19333 63.35295 0 0 5.90012 37.67991 2.50461 13
0.27866 0.04241 85.71975 0 0 -1.19202 82.57898 1.84233 -13
-0.18264 -0.19929 62.86612 0 0 6.08500 61.88138 1.39356 13
-0.73357 -0.10279 68.72924 0 0 3.19087 55.51874 0.94040 -13
0.13185 -0.12123 41.63263 0 0 3.72599 41.28039 1.70095 13
0.20755 0.01164 95.46506 0 0 -0.26460 93.47327 1.77543 -13
0.61538 -0.21395 11.35230 0 0 6.58968 9.72664 2.11251 -13
-1.88702 0.06784 58.24735 0 0 -1.98349 27.32362 0.48826 13
0.11180 0.01688 65.91558 0 0 -0.43533 65.50754 1.68212 13
-0.13178 0.00502 42.24024 0 0 -0.08220 41.87822 1.43977 13
0.37107 0.02796 51.82502 0 0 -0.75237 48.59010 1.92599 -13
-1.16797 -0.14844 28.47621 0 0 4.58700 18.63681 0.71346 -13
2.10090 -0.17794 86.01141 0 0 5.43518 37.43725 2.69126 13
0.36069 0.07205 42.80030 0 0 -2.10390 40.27351 1.91613 13
-0.24392 0.00922 40.67977 0 0 -0.20947 39.52111 1.33156 13
-0.54186 0.12509 64.04919 0 0 -3.70040 56.41219 1.07747 13
-0.55761 -0.27491 64.04919 0 0 8.36536 56.41219 1.07747 13
-0.85000 -0.22775 52.27660 0 0 6.96405 40.24993 0.87875 -13
2.13451 0.04116 89.81476 0 0 -1.14826 38.12944 2.70314 -13
1.60044 -0.04864 92.87198 0 0 1.53909 49.25386 2.58259 13
-0.29165 0.08398 86.84278 0 0 -2.45774 83.39246 1.28796 13
1.53752 -0.02282 99.76101 0 0 0.77892 54.40164 2.56482 -13
-0.08182 0.10901 44.41578 0 0 -3.19635 44.26963 1.48963 -13
1.36812 -0.22378 14.94488 0 0 6.77393 8.95949 2.49873 13
1.47657 -0.11135 50.87268 0 0 3.42267 28.64699 2.54344 13
-0.90481 -0.12786 89.07145 0 0 3.94540 66.28837 0.83936 -13
0.67026 0.11338 57.84703 0 0 -3.32891 48.14683 2.15833 -13
-0.96652 -0.13704 14.80507 0 0 4.16898 10.69376 0.80707 13
0.76244 -0.15105 37.40745 0 0 4.65376 29.86982 2.21678 -13
-0.89987 -0.01388 58.43319 0 0 0.48879 43.43782 0.83810 13
1.07910 -0.22349 62.05741 0 0 6.81180 42.73141 2.38206 13
-0.00507 0.04956 60.79702 0 0 -1.42205 60.79624 1.56573 13
0.16901 0.04516 4.19734 0 0 -1.16460 4.13879 1.73806 -13
0.26852 0.01788 78.15181 0 0 -0.45189 75.47897 1.83309 -13
0.27516 -0.03669 87.31728 0 0 1.19411 84.19239 1.83914 -13
0.95911 -0.16193 65.92529 0 0 4.97574 47.87315 2.32886 -13
0.01996 -0.11400 94.02009 0 0 3.51484 94.00161 1.59063 13
-0.03681 0.06743 99.19502 0 0 -1.95794 99.12819 1.53408 13
-1.36247 0.13963 47.97094 0 0 -4.11328 28.56196 0.63777 -13
-1.39407 -0.25952 47.97094 0 0 7.92864 28.56196 0.63777 -13
0.56305 -0.12924 55.13217 0 0 3.98987 48.13592 2.08007 -13
0.14008 -0.19460 53.83424 0 0 5.94209 53.33243 1.70744 13
1.34256 -0.16611 43.33209 0 0 5.11134 26.11110 2.49487 -13
0.58629 0.14203 29.85089 0 0 -4.18459 25.81669 2.09673 -13
0.59940 -0.25704 29.85089 0 0 7.85401 25.81669 2.09677 -13
0.17966 0.14366 28.04781 0 0 -4.27423 27.61471 1.74679 13
0.18356 -0.25538 28.04781 0 0 7.76176 27.61471 1.74681 13
0.75647 0.08683 76.93375 0 0 -2.54502 61.43984 2.21662 13
0.36310 0.12015 26.79983 0 0 -3.52368 25.21146 1.91680 -13
0.37433 -0.28011 26.79983 0 0 8.55108 25.21146 1.91676 -13
-1.09987 -0.09751 67.68627 0 0 3.01154 45.65147 0.74023 13
-0.64541 -0.12883 35.99154 0 0 3.98395 30.31304 1.00140 -13
0.50290 0.00683 49.32697 0 0 -0.13567 44.06859 2.03675 13
0.66146 0.01413 89.18194 0 0 -0.33855 74.38437 2.15514 -13
0.24191 0.12195 25.10422 0 0 -3.61629 24.41041 1.80646 13
0.24924 -0.27829 25.10422 0 0 8.45411 24.41041 1.80645 13
0.37246 -0.15538 60.33996 0 0 4.76053 56.62653 1.92345 13
-0.62583 -0.20119 41.87410 0 0 6.13586 35.69169 1.02049 13
-1.67611 0.12857 38.72820 0 0 -3.77274 19.96298 0.54154 -13
-1.72249 -0.27121 38.72820 0 0 8.28596 19.96298 0.54154 -13
0.77954 -0.18669 28.30067 0 0 5.73411 22.46353 2.22465 -13
0.09686 0.05105 66.10750 0 0 -1.46624 65.80036 1.66723 13
0.69456 0.07474 87.23159 0 0 -2.16802 71.71206 2.17656 -13
1.63379 0.01003 39.06020 0 0 -0.24496 20.39201 2.59232 13
-1.78726 -0.21330 59.81801 0 0 6.53283 29.70369 0.51965 -13
-0.57895 -0.00733 11.39692 0 0 0.25229 9.86325 1.04601 13
-1.37187 -0.11060 52.85029 0 0 3.40242 31.25467 0.63278 13
1.39228 0.12879 92.69436 0 0 -3.81266 54.36794 2.51482 13
1.43070 -0.27098 92.69436 0 0 8.24588 54.36794 2.51483 13
0.19991 -0.10410 42.87061 0 0 3.20952 42.04751 1.76708 13
-0.84290 0.00428 92.88148 0 0 -0.04097 71.01878 0.87045 -13
-0.12644 -0.19187 22.44375 0 0 5.84715 22.27266 1.44725 13
0.65257 -0.06522 99.75897 0 0 2.04282 83.59664 2.14801 13
0.00993 -0.04919 8.08978 0 0 1.50678 8.08938 1.58071 13
1.15354 0.06375 76.37711 0 0 -1.83183 50.08673 2.42637 -13
1.85663 -0.04769 81.93905 0 0 1.53214 38.88986 2.64706 -13
0.25742 -0.05516 93.71544 0 0 1.73964 90.76516 1.82238 13
0.06552 0.08088 14.27016 0 0 -2.32387 14.23987 1.63601 -13
-0.97094 -0.06976 33.76861 0 0 2.20572 24.25579 0.80135 -13
-0.65309 -0.02328 91.50092 0 0 0.77703 76.61631 0.99237 13
-2.00338 0.01631 81.40796 0 0 -0.39719 36.36144 0.46303 -13
1.56310 0.01875 2.22815 0 0 -0.07929 1.20077 2.57237 -13
1.28260 -0.12584 92.51930 0 0 3.88602 57.16524 2.47556 -13
-0.36137 0.11505 25.79738 0 0 -3.36733 24.27980 1.22612 -13
-0.12108 -0.15988 64.68566 0 0 4.91141 64.22820 1.45180 -13
-1.20238 0.00757 1.02058 0 0 0.59136 0.65289 0.69378 -13
0.28065 -0.13936 59.79886 0 0 4.29411 57.61439 1.84191 -13
-1.69867 0.11530 36.11672 0 0 -3.36942 18.41194 0.53496 -13
-0.23452 0.08647 81.18905 0 0 -2.53281 79.06000 1.34127 13
0.75065 0.12904 91.40905 0 0 -3.80431 73.32162 2.21076 -13
0.77128 -0.27069 91.40905 0 0 8.25405 73.32162 2.21076 -13
0.00327 -0.09000 54.46111 0 0 2.78719 54.46082 1.57406 13
-0.87791 0.03077 17.08425 0 0 -0.88367 12.84143 0.85056 13
-0.14929 -0.04080 84.50910 0 0 1.30625 83.58428 1.42272 13
1.15853 -0.01276 97.79685 0 0 0.45845 63.90482 2.42947 13
0.34485 -0.12011 73.68203 0 0 3.69776 69.70932 1.90067 13
1.45031 0.07658 6.34314 0 0 -2.36643 3.60862 2.53658 13
0.65358 -0.23709 42.72770 0 0 7.21886 36.05458 2.13723 13
-0.69190 -0.00318 26.86776 0 0 0.15481 22.09477 0.96553 13
-0.87922 0.02924 43.57242 0 0 -0.81549 32.72970 0.84980 13
-1.44625 0.07884 19.96878 0 0 -2.33849 11.38050 0.60641 13
-0.95862 0.07144 60.57298 0 0 -2.08457 43.77957 0.80779 13
-0.62485 -0.12823 9.84626 0 0 4.01264 8.36874 1.01596 -13
1.62994 -0.23780 3.28147 0 0 7.55758 1.75069 2.57896 -13
1.01370 0.08771 69.55095 0 0 -2.57471 48.93971 2.36108 13
-0.20938 0.13016 71.21175 0 0 -3.83832 69.72476 1.36608 -13
-0.21503 -0.26951 71.21175 0 0 8.21754 69.72476 1.36608 -13
0.24587 0.09083 24.52854 0 0 -2.67952 23.82480 1.81093 13
-0.15360 0.04289 24.19241 0 0 -1.19219 23.91249 1.41853 -13
0.23643 -0.21987 59.57901 0 0 6.72185 58.05147 1.79773 -13
0.00288 -0.08339 79.07743 0 0 2.59057 79.07710 1.57367 13
0.30442 -0.01479 46.88879 0 0 0.53821 44.85677 1.86627 -13
0.32210 -0.23661 53.38839 0 0 7.22883 50.94447 1.87454 -13
-0.68527 -0.22293 10.05675 0 0 6.86776 8.35927 0.98128 -13
-0.42446 0.07226 14.73319 0 0 -2.06178 13.56783 1.17031 -13
-0.96346 -0.05723 51.24615 0 0 1.79461 36.93368 0.80482 13
-0.34730 -0.18080 57.83878 0 0 5.52616 54.73078 1.24148 13
0.65445 -0.24131 47.55667 0 0 7.34835 40.12502 2.13740 13
1.15540 -0.20393 98.98111 0 0 6.24040 65.53284 2.41807 -13
0.34966 -0.05094 48.37937 0 0 1.62813 45.67440 1.90677 -13
-0.89250 -0.16502 12.41622 0 0 5.11143 9.31839 0.84881 -13
-1.93856 -0.14847 98.46153 0 0 4.57036 45.52814 0.48070 -13
1.36108 -0.02699 14.38354 0 0 0.95343 8.51900 2.50777 -13
-0.00855 -0.15881 73.36542 0 0 4.87850 73.36281 1.56236 -13
0.82887 0.07357 44.13336 0 0 -2.15228 34.01557 2.26157 13
0.52995 0.02577 35.66599 0 0 -0.71188 31.51641 2.05797 13
-0.59693 0.01704 81.90545 0 0 -0.43982 70.33112 1.03270 13
0.37171 -0.01673 14.28902 0 0 0.62241 13.39391 1.92663 -13
-1.56531 -0.07533 74.05513 0 0 2.34226 39.94880 0.56978 13
-0.31915 0.00063 77.03367 0 0 0.05560 73.38685 1.26187 13
-1.09445 0.00742 28.76864 0 0 -0.11746 19.40585 0.74035 -13
1.81819 -0.00751 90.68537 0 0 0.29724 43.70366 2.63874 13
-1.47490 -0.20757 62.26014 0 0 6.32808 35.44402 0.60565 13
-1.09333 0.09732 95.58778 0 0 -2.86193 64.67793 0.74319 13
-1.41262 -0.03604 14.74945 0 0 1.11150 8.52570 0.61632 13
-0.02855 -0.09489 58.47215 0 0 2.93537 58.44855 1.54238 13
0.59883 -0.01079 93.44850 0 0 0.40080 80.17400 2.11033 13
0.33203 0.12392 47.52610 0 0 -3.66646 45.13937 1.88910 13
0.34185 -0.27613 47.52610 0 0 8.40106 45.13937 1.88910 13
-0.10534 -0.02999 57.65083 0 0 0.99430 57.33387 1.46589 -13
1.32516 -0.09911 28.85246 0 0 3.04434 17.43308 2.49279 13
-1.61411 0.07023 27.63264 0 0 -2.00215 14.57809 0.55576 -13
0.62498 -0.22907 95.92592 0 0 6.98490 81.92103 2.11795 13
0.49271 -0.17347 74.82225 0 0 5.30735 67.31028 2.02274 13
-1.81737 -0.04735 60.27962 0 0 1.52578 29.08530 0.50350 -13
-1.59015 -0.06445 76.81143 0 0 2.03760 40.95217 0.56231 -13
-0.13905 0.04554 14.23646 0 0 -1.25712 14.10107 1.43277 -13
-0.95604 -0.05547 14.75147 0 0 1.80058 10.67029 0.80864 -13
-2.02467 -0.17338 37.70043 0 0 5.33913 16.89421 0.46467 -13
-0.56270 0.04313 47.49868 0 0 -1.23117 41.40391 1.05865 13
-0.95631 -0.02441 64.74687 0 0 0.82702 46.80042 0.80787 -13
-0.31830 -0.06080 41.03802 0 0 1.92769 39.11138 1.26317 -13
-1.20929 0.06481 20.53807 0 0 -1.83618 13.10468 0.69198 -13
-0.94089 0.00127 43.42522 0 0 0.05867 31.62697 0.81584 -13
0.01861 -0.18645 80.86028 0 0 5.69972 80.84674 1.58909 13
-0.10818 0.06898 60.53553 0 0 -1.99153 60.18605 1.46329 -13
0.07228 -0.07920 47.84316 0 0 2.45981 47.71949 1.64273 13
1.67904 0.08373 80.83819 0 0 -2.45630 41.47186 2.60289 13
0.57379 -0.12027 41.42004 0 0 3.72232 35.98948 2.08863 -13
-0.28921 -0.08646 21.60137 0 0 2.71347 20.75701 1.29026 -13
-0.23733 0.05859 16.18140 0 0 -1.65483 15.74539 1.33816 -13
-0.22363 0.01527 14.38357 0 0 -0.41523 14.03686 1.35081 13
1.68156 -0.23195 35.48112 0 0 7.04947 18.48623 2.59351 13
1.89759 0.02854 62.42648 0 0 -0.79655 29.11301 2.65642 13
1.35301 -0.19964 13.42851 0 0 6.16871 8.08320 2.49574 -13
0.03244 0.06363 75.19676 0 0 -1.83175 75.15738 1.60316 -13
0.00439 0.12445 86.38603 0 0 -3.67844 86.38521 1.57515 13
0.00452 -0.27557 86.38603 0 0 8.38850 86.38521 1.57515 13
1.16152 -0.11883 34.95215 0 0 3.68713 22.89624 2.42731 -13
-0.55337 -0.24109 71.34707 0 0 7.34566 62.83230 1.07724 13
7.36738 3.56628 71.34707 0 0 7.90406 62.83230 0.46583 13
-5.09327 -1.63519 71.34707 0 0 5.97034 62.83230 0.35993 13
-0.08296 0.13371 55.59472 0 0 -3.94325 55.40775 1.48876 -13
-0.08508 -0.26576 55.59472 0 0 8.10723 55.40775 1.48875 -13
0.35127 0.10812 28.56926 0 0 -3.19771 26.97183 1.90679 13
-0.23524 -0.18490 52.53840 0 0 5.64952 51.18677 1.34348 13
-1.20358 -0.00774 13.49987 0 0 0.25784 8.62718 0.69329 13
-1.68204 -0.15340 58.04764 0 0 4.72477 29.91884 0.54150 -13
-0.21467 0.09387 65.55454 0 0 -2.74261 64.10650 1.36023 -13
0.05856 -0.07811 92.09988 0 0 2.44270 91.94333 1.62911 -13
1.92483 -0.04504 34.24364 0 0 1.47103 15.79971 2.66203 -13
-0.94867 -0.04509 86.95691 0 0 1.44852 63.11616 0.81224 -13
0.36153 -0.17807 47.43208 0 0 5.46380 44.68601 1.91274 -13
-1.39926 -0.17985 33.64007 0 0 5.48129 19.76524 0.62805 13
0.49296 0.01173 63.48740 0 0 -0.28101 56.94500 2.02877 13
1.44407 -0.09984 55.41560 0 0 3.10789 31.65337 2.53360 -13
0.88586 -0.13308 56.98736 0 0 4.10693 42.82089 2.29139 -13
0.09886 -0.16347 60.15188 0 0 5.02056 59.86762 1.66805 -13
1.26664 -0.09627 46.39387 0 0 3.00209 28.83016 2.47105 -13
1.15120 -0.06487 22.74852 0 0 2.00609 14.93572 2.42533 13
0.20693 -0.11367 96.02895 0 0 3.50484 94.06135 1.77357 13
0.82000 -0.15723 4.42988 0 0 4.97513 3.44257 2.25163 -13
-0.20307 -0.03004 40.95325 0 0 0.99937 40.13478 1.37054 -13
1.93751 -0.20883 43.73422 0 0 6.40450 20.39830 2.65638 -13
0.41287 -0.19148 91.11502 0 0 5.86311 84.43697 1.95603 -13
0.27028 -0.17963 43.83247 0 0 5.48818 42.35924 1.83080 13
0.58958 0.10423 89.01438 0 0 -3.06854 76.78590 2.10116 13
-0.59855 0.07338 28.75191 0 0 -2.11239 24.68769 1.03262 -13
0.38682 -0.05522 2.84340 0 0 1.55735 2.65267 1.93938 13
-0.57974 -0.09964 80.50133 0 0 3.09400 69.73012 1.04755 -13
1.75867 0.11133 56.40419 0 0 -3.29410 28.01047 2.62192 13
-1.85103 0.08935 81.86661 0 0 -2.60088 39.03222 0.49698 -13
-0.17823 0.01377 85.34140 0 0 -0.32841 84.01767 1.39443 -13
0.17060 0.02545 91.15440 0 0 -0.69179 89.85687 1.73972 13
0.61878 -0.21254 13.94459 0 0 6.44815 11.92902 2.11507 13
-0.86841 -0.15932 66.06190 0 0 4.89687 50.14637 0.86191 -13
1.48064 -0.20671 89.44575 0 0 6.30699 50.78233 2.53784 13
-0.77666 0.08625 51.58670 0 0 -2.50860 40.79883 0.91225 -13
0.53604 0.03353 74.83917 0 0 -0.93711 65.96860 2.06262 13
0.35281 0.13752 29.39211 0 0 -4.04970 27.74602 1.90705 -13
0.36132 -0.26178 29.39211 0 0 7.99520 27.74602 1.90706 -13
0.07978 0.01114 96.06133 0 0 -0.24969 95.75712 1.65040 -13
-0.89474 -0.09681 67.80048 0 0 2.99171 50.63209 0.84321 13
-0.30251 0.02458 85.23254 0 0 -0.65432 81.58341 1.27712 -13
0.42203 0.10959 99.87974 0 0 -3.21964 92.10301 1.96801 -13
2.09103 -0.04182 14.72889 0 0 1.41998 6.35910 2.69517 -13
-0.41382 -0.13157 62.83470 0 0 4.04185 58.13205 1.18146 13
1.51991 -0.23364 41.91133 0 0 7.15083 23.46328 2.54740 -13
1.47149 -0.19837 62.19807 0 0 6.05165 35.42112 2.53570 13
0.93864 0.14265 96.05219 0 0 -4.21503 70.36274 2.31953 -13
0.95928 -0.25637 96.05219 0 0 7.82244 70.36274 2.31953 -13
0.45567 -0.11738 84.35418 0 0 3.62843 76.85080 1.99578 -13
-1.13179 -0.23098 43.17196 0 0 7.06697 29.00098 0.73657 -13
-1.08834 0.11792 10.07006 0 0 -3.40371 6.83856 0.74656 -13
0.00945 0.08060 96.10432 0 0 -2.35507 96.10005 1.58022 13
0.84345 -0.07695 78.21778 0 0 2.39435 59.86330 2.27002 13
-1.58863 -0.07278 40.59402 0 0 2.25407 21.66537 0.56300 13
0.15361 -0.19233 58.26832 0 0 5.87387 57.61646 1.72051 13
0.10482 0.14199 76.70414 0 0 -4.20817 76.29431 1.67420 13
0.10716 -0.25712 76.70414 0 0 7.83042 76.29431 1.67421 13
-1.66301 -0.03102 92.41375 0 0 1.00740 47.64045 0.54160 13
-0.08062 0.07508 84.75427 0 0 -2.17791 84.48173 1.49058 -13
0.53525 -0.24343 97.21613 0 0 7.41842 86.24932 2.05036 13
-0.61099 0.03832 47.78772 0 0 -1.06324 40.78641 1.02266 -13
1.03543 0.01226 78.23323 0 0 -0.27962 54.35016 2.37356 -13
1.12750 -0.15399 72.47461 0 0 4.73603 48.40467 2.41023 -13
-1.54452 0.07182 93.85172 0 0 -2.09366 51.09969 0.57576 13
0.27135 -0.08464 15.78747 0 0 2.60115 15.24005 1.83487 13
0.18062 0.04009 3.32472 0 0 -0.98040 3.27180 1.74935 -13
0.49816 -0.02843 15.29990 0 0 0.97436 13.69573 2.03281 -13
-0.32748 -0.11598 17.42762 0 0 3.60968 16.57287 1.25629 -13
-0.71930 0.14079 33.91082 0 0 -4.18219 27.62097 0.95188 13
-0.73569 -0.25839 33.91082 0 0 7.85781 27.62097 0.95187 13
-0.65885 0.13382 84.63433 0 0 -3.94890 70.86318 0.99230 -13
-0.67568 -0.26565 84.63433 0 0 8.10169 70.86318 0.99230 -13
0.18001 0.05280 88.88702 0 0 -1.51654 87.48478 1.74866 13
0.15863 -0.11543 57.22147 0 0 3.57178 56.52407 1.72710 -13
-0.99891 0.04811 48.63363 0 0 -1.35561 34.42786 0.78652 -13
1.47892 -0.21098 89.93946 0 0 6.43649 51.13217 2.53690 13
1.69687 -0.17654 62.70024 0 0 5.42208 32.19637 2.60233 -13
0.26435 -0.21027 41.88854 0 0 6.41161 40.55345 1.82394 13
0.12207 -0.19821 56.73901 0 0 6.06950 56.33662 1.68997 -13
-0.02921 -0.04327 36.95202 0 0 1.39976 36.93630 1.54162 -13
0.79526 -0.06042 27.75201 0 0 1.92632 21.73625 2.24175 -13
-0.24742 -0.24312 91.12760 0 0 7.42044 88.60314 1.33486 -13
2.05684 -0.06139 67.80010 0 0 1.94970 29.69018 2.68832 -13
-0.33581 0.09658 97.00957 0 0 -2.83713 92.00620 1.24822 13
-0.77330 0.09029 73.17328 0 0 -2.65056 57.97306 0.91451 13
-1.68237 -0.24413 50.49225 0 0 7.42584 26.35164 0.54909 13
0.09193 -0.11367 89.18199 0 0 3.50485 88.81219 1.66189 13
-1.39367 -0.03946 73.40660 0 0 1.26090 42.81643 0.62276 13
0.19594 -0.14766 19.86785 0 0 4.51011 19.50484 1.76226 13
0.16140 0.04372 67.37916 0 0 -1.24511 66.51988 1.73067 13
0.94722 0.08289 16.34323 0 0 -2.38057 11.88462 2.32739 -13
0.35939 -0.05874 40.31898 0 0 1.86632 37.95015 1.91527 -13
0.16777 0.13925 96.69697 0 0 -4.11458 95.38877 1.73546 -13
0.17167 -0.25996 96.69697 0 0 7.92728 95.38877 1.73544 -13
0.78321 0.06642 28.66533 0 0 -1.90055 22.58586 2.23415 -13
-1.95761 0.01895 62.58379 0 0 -0.47368 28.47398 0.47235 -13
0.94843 -0.09670 70.79396 0 0 2.98866 51.47878 2.32741 13
-0.72199 -0.06922 77.64264 0 0 2.17702 63.00156 0.94660 -13
-1.63128 -0.04620 53.58667 0 0 1.49159 28.02767 0.55041 -13
