0.13104 -0.26253 81.56899 0 0 8.00698 80.92147 1.69687 -13
-0.71700 -0.04827 36.03559 0 0 1.52040 29.29775 0.94931 13
0.80776 -0.14806 88.26951 0 0 4.54045 68.95857 2.24496 13
0.16883 -0.14950 25.24792 0 0 4.57032 24.90308 1.73625 13
-0.60410 -0.18039 96.81873 0 0 5.51782 83.22249 1.03443 13
0.27818 -0.04476 99.28216 0 0 1.42642 95.65706 1.84186 13
0.80355 -0.04260 78.43520 0 0 1.35813 61.16367 2.24725 13
-1.35288 0.00315 30.47811 0 0 0.01236 18.11629 0.63653 -13
-0.43660 -0.03019 92.72012 0 0 0.98637 84.98048 1.15931 13
-0.85310 -0.15782 52.06633 0 0 4.85537 39.81477 0.87057 -13
0.19081 -0.18833 81.56459 0 0 5.75634 80.16732 1.75616 13
0.77205 0.01470 23.20795 0 0 -0.38717 18.37066 2.22821 13
-0.22903 0.07297 97.63267 0 0 -2.12548 95.18092 1.34622 13
-1.46602 -0.02273 66.91874 0 0 0.75407 37.71568 0.59875 13
0.80438 -0.19849 30.12904 0 0 6.09016 23.65362 2.23878 -13
0.18938 0.12564 18.47083 0 0 -3.73601 18.15320 1.75653 13
0.19481 -0.27437 18.47083 0 0 8.32784 18.15320 1.75650 13
-0.24217 -0.05897 50.64779 0 0 1.86944 49.22957 1.33360 -13
-0.57594 -0.11642 48.44078 0 0 3.58154 42.04661 1.05116 13
0.89116 0.15647 1.78030 0 0 -4.26195 1.33652 2.29270 -13
0.90516 -0.24201 1.78030 0 0 7.76492 1.33652 2.29232 -13
-1.04580 -0.03024 76.13563 0 0 0.98411 52.62985 0.76324 13
-0.75845 0.03699 4.18555 0 0 -0.88792 3.33539 0.92224 -13
-0.92592 0.06357 92.42689 0 0 -1.82987 67.88288 0.82485 -13
0.18752 -0.01333 31.69094 0 0 0.49897 31.14812 1.75615 -13
-0.67149 -0.16131 80.09047 0 0 4.95467 66.75473 0.98539 -13
-1.95502 -0.16373 57.71084 0 0 5.00132 26.55685 0.47819 13
1.70830 -0.03704 31.37011 0 0 1.22888 15.85585 2.61170 -13
-1.29257 -0.01113 56.26970 0 0 0.43107 34.43313 0.65850 -13
-1.29256 -0.01112 56.26970 0 0 0.43134 34.43313 0.65850 -13
-1.02267 0.11909 26.58621 0 0 -3.53722 18.65385 0.77771 13
-1.05496 -0.28130 26.58621 0 0 8.53831 18.65385 0.77769 13
0.80278 -0.14401 91.35225 0 0 4.41808 71.52284 2.24223 13
-0.11632 -0.18802 9.99200 0 0 5.80964 9.92715 1.45697 -13
1.98545 0.09795 24.50576 0 0 -2.91744 11.06536 2.67310 13
0.17180 0.05738 39.27889 0 0 -1.63668 38.71356 1.74066 -13
-1.37546 0.12258 37.41484 0 0 -3.63803 22.10920 0.63219 13
-1.41696 -0.27757 37.41484 0 0 8.43114 22.10920 0.63215 13
-0.59659 0.07327 14.71663 0 0 -2.09105 12.64746 1.03406 -13
0.49286 0.06087 73.48485 0 0 -1.74740 65.93772 2.02798 -13
-0.63580 -0.01702 69.81289 0 0 0.60317 58.91627 1.00454 -13
0.03604 0.09037 58.57218 0 0 -2.65309 58.53451 1.60667 13
-1.78148 -0.14362 4.54176 0 0 4.19622 2.24091 0.51587 13
0.17320 0.09976 79.16771 0 0 -2.93425 78.01752 1.74146 13
0.35601 -0.02289 20.60474 0 0 0.74654 19.41181 1.91273 13
-0.67869 0.08459 90.66509 0 0 -2.47692 75.10337 0.97617 13
-1.84474 0.06911 63.16915 0 0 -1.98704 30.15992 0.49774 -13
0.28163 -0.06756 50.94514 0 0 2.10946 49.04570 1.84472 13
0.14859 -0.22267 81.32508 0 0 6.80442 80.48292 1.71483 -13
0.86446 -0.00291 52.66433 0 0 0.18157 39.84106 2.28363 -13
-1.50509 -0.23635 89.18573 0 0 7.22070 50.28718 0.59903 -13
0.33353 -0.07194 46.37287 0 0 2.26238 44.00191 1.89195 -13
0.21675 -0.23226 88.93367 0 0 7.09301 87.01554 1.77887 -13
0.63477 -0.01795 90.10514 0 0 0.62891 76.07654 2.13632 -13
1.96860 -0.05987 10.06304 0 0 1.78005 4.56379 2.67086 13
0.95345 -0.23204 32.71445 0 0 7.10343 23.97065 2.31928 -13
0.31941 -0.03283 4.02040 0 0 1.19733 3.83000 1.87981 -13
-0.49033 0.01000 39.93871 0 0 -0.20695 35.86030 1.11493 -13
-0.89065 0.12744 54.79600 0 0 -3.77522 41.06441 0.84717 13
-0.91571 -0.27236 54.79600 0 0 8.28585 41.06441 0.84716 13
-0.75462 0.02990 94.65438 0 0 -0.82679 75.56765 0.92456 13
0.37862 -0.15210 46.85317 0 0 4.65933 43.87959 1.92896 13
-1.79509 -0.00700 55.17882 0 0 0.27434 26.85368 0.50827 13
-0.26466 -0.11298 2.38192 0 0 3.69837 2.30358 1.31363 -13
-0.46451 0.02577 49.13619 0 0 -0.68517 44.56562 1.13607 -13
-1.84495 -0.22930 49.19849 0 0 7.02001 23.91164 0.50750 -13
1.31071 -0.02778 5.74827 0 0 0.78571 3.48768 2.48967 13
1.34777 0.02149 8.66610 0 0 -0.47415 5.16437 2.50314 -13
-0.83535 -0.08340 46.67601 0 0 2.60938 35.87256 0.87657 -13
0.37402 -0.12757 17.38833 0 0 3.90041 16.30238 1.92607 13
-1.09378 0.12020 47.08998 0 0 -3.52861 31.89819 0.74421 -13
-1.12773 -0.28001 47.08998 0 0 8.54576 31.89819 0.74421 -13
0.23855 0.09319 39.49293 0 0 -2.71711 38.42393 1.80400 -13
-0.31672 0.10123 14.36309 0 0 -3.00898 13.69908 1.26554 13
1.58767 -0.08054 5.99553 0 0 2.66814 3.20282 2.57805 -13
-0.58176 0.07471 40.86794 0 0 -2.18629 35.34998 1.04511 13
0.05663 -0.21959 28.66937 0 0 6.68813 28.62563 1.62605 13
-0.40810 -0.23025 46.32881 0 0 7.03856 43.04916 1.19228 -13
2.14272 -0.21883 28.92619 0 0 6.72422 12.47060 2.69591 -13
-1.53960 0.14022 37.87191 0 0 -4.17230 20.76972 0.58049 13
-1.57504 -0.25900 37.87191 0 0 7.86909 20.76972 0.58048 13
0.86830 -0.19146 49.33977 0 0 5.86947 37.54168 2.27692 -13
-0.13967 -0.04877 47.45182 0 0 1.54208 46.99670 1.43219 13
0.18164 0.02001 80.42428 0 0 -0.52855 79.13005 1.75044 13
1.97425 0.03523 85.90904 0 0 -0.99358 38.83814 2.67249 13
2.07489 -0.07698 21.31574 0 0 2.34561 9.27712 2.69133 13
-0.18474 -0.20168 97.29243 0 0 6.16955 95.73517 1.39164 -13
-0.68827 0.06125 21.14262 0 0 -1.73827 17.42650 0.96886 -13
-0.98939 -0.15764 39.85208 0 0 4.85329 28.50066 0.79687 -13
0.34225 -0.18717 16.18499 0 0 5.69583 15.34012 1.89531 13
0.25967 0.11433 16.84519 0 0 -3.39721 16.31113 1.82328 13
0.05787 -0.03530 23.59217 0 0 1.16706 23.55282 1.62856 -13
-0.59816 0.03706 28.11811 0 0 -1.01690 24.13482 1.03203 -13
-0.18999 0.13661 92.54396 0 0 -4.04473 90.94656 1.38473 13
-0.19463 -0.26275 92.54396 0 0 8.00185 90.94656 1.38473 13
0.13354 -0.22076 11.00220 0 0 6.79041 10.90978 1.70046 -13
1.41049 -0.17996 15.11881 0 0 5.56794 8.83689 2.51733 -13
0.34790 -0.00079 58.81746 0 0 0.11427 55.55095 1.90560 -13
-0.58798 -0.21845 75.73477 0 0 6.66315 65.67124 1.04939 13
0.21169 0.07923 91.94212 0 0 -2.30301 89.96095 1.77877 -13
1.77090 -0.12265 40.08870 0 0 3.75549 19.82355 2.62434 13
-2.06787 -0.10795 19.03624 0 0 3.27869 8.32615 0.45271 13
-1.14503 0.14024 99.44334 0 0 -4.14166 65.77425 0.72272 -13
-1.17137 -0.25897 99.44334 0 0 7.89904 65.77425 0.72270 -13
-0.51514 -0.04539 14.75657 0 0 1.48821 13.12142 1.09553 -13
-0.11749 0.05515 82.28205 0 0 -1.57637 81.72165 1.45402 -13
-0.42599 -0.18896 68.91057 0 0 5.78942 63.56661 1.17438 -13
1.48893 -0.16599 40.27738 0 0 5.06580 22.66744 2.54386 13
0.13004 -0.19055 22.35247 0 0 5.80689 22.17217 1.69785 13
-0.78040 0.06046 66.48524 0 0 -1.75179 52.44973 0.90901 13
0.02010 0.01076 49.70278 0 0 -0.23386 49.69275 1.59089 -13
0.88831 -0.11281 40.12220 0 0 3.50088 30.07992 2.29398 -13
0.37749 0.09472 53.90047 0 0 -2.76662 50.45513 1.93027 -13
-0.55075 -0.19360 87.67675 0 0 5.91521 77.12445 1.07511 13
0.35056 -0.12246 31.69603 0 0 3.79178 29.93549 1.90566 -13
-0.15168 -0.24484 5.77121 0 0 7.37420 5.70951 1.42452 13
-1.40232 -0.14434 81.66642 0 0 4.42456 47.73764 0.62435 13
-0.96142 -0.21369 36.43831 0 0 6.50728 26.54693 0.81622 13
-0.28015 -0.11658 76.59979 0 0 3.60461 73.79620 1.29940 -13
-1.75200 -0.13986 27.40017 0 0 4.33514 13.68164 0.52284 -13
-0.06985 0.10137 53.01643 0 0 -2.98586 52.88885 1.50141 13
1.78704 -0.14477 75.03220 0 0 4.43574 36.93047 2.62699 13
0.27539 -0.00640 19.77856 0 0 0.24902 19.06877 1.83952 13
0.38505 -0.22892 14.77537 0 0 7.02404 13.83318 1.92986 -13
0.46761 -0.17785 98.56735 0 0 5.44111 89.53456 2.00225 13
0.25455 -0.14468 27.82231 0 0 4.42837 26.97937 1.81759 13
0.43062 0.02613 55.70573 0 0 -0.69747 51.16619 1.97730 -13
-0.79896 -0.09758 17.87174 0 0 2.98907 13.98787 0.89900 13
0.77854 -0.22190 30.00806 0 0 6.79722 23.89008 2.22070 -13
0.09440 -0.03317 88.06845 0 0 1.07604 87.67910 1.66487 13
-1.73509 -0.22042 58.90624 0 0 6.74757 29.94250 0.53316 -13
0.07129 0.00822 48.84077 0 0 -0.17652 48.71711 1.64197 13
1.51428 0.08820 84.08679 0 0 -2.58902 46.46196 2.55617 13
-1.37194 -0.22212 93.50165 0 0 6.79014 55.94087 0.64136 -13
0.95515 0.11132 31.62989 0 0 -3.25591 22.93954 2.33019 -13
0.80208 -0.22030 28.43567 0 0 6.75019 22.38571 2.23527 -13
0.45714 0.06376 37.25736 0 0 -1.82783 33.89654 1.99881 -13
-1.02445 0.14718 89.39024 0 0 -4.36729 62.78281 0.77868 13
-1.04513 -0.25169 89.39024 0 0 7.66456 62.78281 0.77868 13
-0.39377 -0.03324 80.03442 0 0 1.09022 74.47469 1.19586 -13
-0.09239 0.10944 49.60757 0 0 -3.21059 49.39964 1.47921 -13
0.78188 -0.09526 76.25980 0 0 2.96264 60.17869 2.23220 -13
0.00532 -0.13266 72.01909 0 0 4.08952 72.01809 1.57607 -13
-0.91939 0.04680 31.12999 0 0 -1.35228 22.92815 0.82792 13
0.38908 -0.18190 14.77574 0 0 5.53154 13.79932 1.93639 13
0.79145 -0.12318 68.70944 0 0 3.78808 54.03281 2.23664 13
-0.82277 -0.04563 63.68202 0 0 1.44778 49.19722 0.88284 13
-0.52014 0.01112 80.03314 0 0 -0.24693 71.00364 1.09119 -13
-1.07400 -0.06392 44.15995 0 0 1.99318 30.12569 0.75075 13
-0.13139 -0.06949 5.61142 0 0 2.08849 5.56386 1.44046 13
-0.23751 -0.08082 39.73610 0 0 2.50656 38.66731 1.33834 13
-0.80207 -0.17507 54.12186 0 0 5.35085 42.46752 0.90215 13
-0.64417 0.01283 4.02200 0 0 -0.15970 3.38133 0.99857 -13
-0.34709 0.03564 76.90031 0 0 -1.00044 72.65364 1.23691 13
1.32493 0.06704 63.07697 0 0 -1.95325 38.05394 2.49398 13
25.92683 -11.52793 63.07697 0 0 -1.19964 38.05394 2.72182 13
-1.87897 0.10910 64.48272 0 0 -3.22588 30.43527 0.49154 13
0.72308 -0.17020 45.79467 0 0 5.22881 37.29032 2.19008 -13
2.03106 -0.02910 55.02551 0 0 0.93912 24.31405 2.68391 13
1.24132 -0.00452 12.90248 0 0 0.27883 8.09494 2.46345 -13
0.25042 -0.06302 70.09921 0 0 1.98969 68.00746 1.81570 -13
2.10410 -0.04083 99.58545 0 0 1.30137 42.77610 2.69761 13
0.23800 0.09286 38.30113 0 0 -2.70691 37.26887 1.80349 -13
-1.32195 0.02849 9.27460 0 0 -0.86684 5.59637 0.64782 13
-1.36531 -0.00886 84.85077 0 0 0.35789 50.13921 0.63218 -13
-1.14256 -0.08003 27.19655 0 0 2.52314 17.94386 0.72054 -13
0.30328 0.03407 23.17434 0 0 -0.96865 22.17803 1.86510 13
0.78551 -0.08726 33.59500 0 0 2.69558 26.45756 2.23480 13
-1.70263 -0.23862 74.60979 0 0 7.29300 38.56603 0.54322 -13
-0.30485 0.02562 93.65987 0 0 -0.68610 89.59192 1.27499 -13
-0.14429 0.01396 43.64694 0 0 -0.32851 43.19967 1.42751 -13
-0.12081 -0.19209 13.51957 0 0 5.83812 13.42536 1.45271 13
-0.05970 -0.19538 18.89581 0 0 6.00156 18.86345 1.51227 -13
-0.13591 -0.08854 6.72657 0 0 2.68342 6.66595 1.43624 13
0.22016 0.06277 98.91001 0 0 -1.80714 96.60532 1.78709 -13
0.64888 -0.02162 52.46555 0 0 0.72296 44.01513 2.14628 13
0.48892 0.02238 1.84571 0 0 -0.88863 1.65823 2.02544 13
0.15351 -0.18037 65.91934 0 0 5.51563 65.17976 1.72073 13
-0.43925 0.11364 45.46709 0 0 -3.33501 41.67138 1.15928 -13
0.85407 0.05661 76.48368 0 0 -1.61805 58.19849 2.27686 -13
-1.23911 0.12391 4.79406 0 0 -3.49529 3.02472 0.68274 -13
-1.27580 -0.27574 4.79406 0 0 8.57532 3.02472 0.68266 -13
0.26977 0.03093 97.30184 0 0 -0.84668 93.94651 1.83417 -13
0.78793 0.05360 62.53455 0 0 -1.52537 49.14573 2.23744 -13
0.19929 -0.18191 90.43426 0 0 5.56279 88.74467 1.76441 13
1.40693 0.03751 90.09578 0 0 -1.04098 52.22002 2.52334 -13
-1.56646 -0.17392 25.14307 0 0 5.29323 13.67316 0.57494 13
1.20580 0.02648 68.98537 0 0 -0.72842 44.04725 2.44905 13
1.51613 -0.22211 32.18232 0 0 6.81123 18.01668 2.54740 -13
-0.34755 -0.08228 17.60694 0 0 2.59289 16.63719 1.23735 -13
-1.46958 -0.13739 15.29832 0 0 4.16803 8.66191 0.60185 13
0.27608 0.03343 69.98370 0 0 -0.91991 67.46260 1.84002 -13
-0.80770 -0.19241 49.76224 0 0 5.87265 38.98809 0.90024 13
0.63000 -0.00466 88.25131 0 0 0.21547 74.66872 2.13297 13
-0.56672 0.05924 95.00651 0 0 -1.69949 82.69086 1.05596 -13
0.70320 -0.04500 73.45312 0 0 1.44686 60.10482 2.18319 -13
-0.31829 0.11744 96.13847 0 0 -3.46679 91.66747 1.26462 13
-0.07008 -0.23149 55.32207 0 0 7.07362 55.19360 1.50263 -13
-0.29321 -0.07028 29.72787 0 0 2.18438 28.53231 1.28624 13
-1.35683 -0.03550 11.57783 0 0 1.08136 6.87237 0.63544 13
-0.66682 -0.17132 41.83140 0 0 5.23549 34.95693 0.98935 13
0.91357 0.00228 88.58937 0 0 0.00581 65.40494 2.31106 13
0.87793 0.00866 90.40929 0 0 -0.17301 67.94230 2.29126 -13
-0.02227 -0.00679 87.60977 0 0 0.28067 87.58805 1.54853 13
0.51945 -0.17144 43.50562 0 0 5.26546 38.72561 2.04398 -13
-0.49505 0.11110 92.68717 0 0 -3.26502 83.16544 1.11355 -13
-0.62688 -0.21715 8.92180 0 0 6.56425 7.60823 1.02116 13
1.97467 -0.05814 42.57603 0 0 1.86046 19.25974 2.67215 -13
0.40886 -0.03481 6.89113 0 0 1.05396 6.37904 1.95871 13
-0.45034 -0.05981 80.20152 0 0 1.87879 73.15002 1.14833 13
-2.05082 -0.00676 98.80053 0 0 0.29550 43.30392 0.45370 -13
-0.74491 -0.18820 89.29041 0 0 5.75123 72.04801 0.93888 13
0.78151 -0.17617 57.28404 0 0 5.38470 45.39575 2.22676 13
-0.80797 -0.14163 56.96226 0 0 4.36454 44.47984 0.89607 -13
-0.80415 -0.08886 73.84005 0 0 2.77032 57.63170 0.89545 -13
0.07933 -0.24069 43.72603 0 0 7.33000 43.59659 1.64777 13
0.93766 0.07792 4.69497 0 0 -2.12974 3.42966 2.32252 -13
0.19913 0.11585 83.66491 0 0 -3.40748 82.07461 1.76609 -13
0.43340 -0.09200 90.29577 0 0 2.86240 82.90441 1.97822 -13
-0.50417 0.10655 60.30345 0 0 -3.12359 53.90836 1.10608 -13
-1.50636 0.14314 85.29525 0 0 -4.22650 47.50648 0.59073 -13
-1.53920 -0.25587 85.29525 0 0 7.81074 47.50648 0.59073 -13
0.37710 -0.00992 65.57694 0 0 0.38831 61.35955 1.93139 -13
-1.45638 0.08844 45.51957 0 0 -2.60675 25.83426 0.60352 13
1.95972 -0.21958 36.61864 0 0 6.73521 16.95638 2.66016 -13
-1.52100 0.14864 45.87026 0 0 -4.38295 25.39178 0.58663 -13
-1.55081 -0.25013 45.87026 0 0 7.64735 25.39178 0.58663 -13
0.51464 -0.17708 79.73274 0 0 5.43010 71.12191 2.03983 -13
0.58203 0.14060 42.13736 0 0 -4.14720 36.50749 2.09366 -13
0.59536 -0.25855 42.13736 0 0 7.89341 36.50749 2.09369 -13
-1.12667 -0.02416 25.46437 0 0 0.78177 16.90650 0.72605 13
0.47460 -0.22853 57.63970 0 0 6.96512 52.31187 2.00413 13
1.41309 -0.16196 15.62402 0 0 4.91236 9.10357 2.51962 13
-0.46499 -0.19465 75.96478 0 0 5.95998 69.10660 1.14261 -13
-1.67531 0.07067 60.07783 0 0 -2.06622 30.84852 0.53924 13
-0.74950 0.01672 23.96271 0 0 -0.44885 19.17575 0.92768 13
-0.44720 -0.05838 78.69893 0 0 1.84882 71.86269 1.15090 -13
-0.40762 -0.22321 76.47356 0 0 6.82141 71.05707 1.19216 -13
0.59644 -0.16428 46.10482 0 0 5.04927 39.73408 2.10276 -13
9.10251 16.56803 46.10482 0 0 5.61496 39.73408 1.06918 -13
-0.75733 -0.18297 61.22066 0 0 5.61078 49.09521 0.93053 -13
-0.85638 -0.10784 17.20126 0 0 3.37122 13.09677 0.86547 -13
-0.30946 -0.06410 99.14860 0 0 2.01013 94.73394 1.27126 13
0.33759 -0.16963 55.49876 0 0 5.18956 52.65876 1.89210 13
0.25879 -0.16073 62.46990 0 0 4.92165 60.52565 1.82095 13
-0.28814 0.09699 17.79664 0 0 -2.81489 17.10706 1.29150 -13
-1.23655 0.11684 38.96798 0 0 -3.46283 24.60362 0.68334 13
1.34086 -0.05008 55.62416 0 0 1.57728 33.28120 2.50019 13
0.16543 -0.12534 80.71886 0 0 3.86824 79.65291 1.73349 -13
0.26917 -0.10353 66.51952 0 0 3.21181 64.25615 1.83240 -13
0.74293 0.01489 57.92249 0 0 -0.35767 46.49706 2.20971 -13
-1.04884 0.12250 95.55213 0 0 -3.62141 66.19366 0.76529 13
-1.08043 -0.27764 95.55213 0 0 8.44874 66.19366 0.76529 13
1.08611 -0.23207 97.98075 0 0 7.07413 67.30440 2.38437 13
1.08588 0.07171 62.60790 0 0 -2.07043 42.47130 2.39607 -13
0.84290 -0.18217 40.79357 0 0 5.56171 31.40211 2.26312 13
-1.10836 -0.22989 74.77614 0 0 7.02552 50.79868 0.74687 -13
0.45269 -0.07294 50.87135 0 0 2.29201 46.36459 1.99489 -13
-0.87056 0.01158 34.38547 0 0 -0.28701 25.93518 0.85452 13
0.08265 -0.15635 93.60638 0 0 4.79287 93.29590 1.65227 13
1.94564 0.13368 8.49919 0 0 -3.81508 3.91356 2.66322 -13
1.99566 -0.26571 8.49919 0 0 8.23885 3.91356 2.66328 -13
0.09636 -0.18705 40.76127 0 0 5.71150 40.57965 1.66523 13
0.81385 -0.01486 62.06155 0 0 0.51953 48.13716 2.25387 13
1.00223 -0.08399 82.58350 0 0 2.60622 58.43360 2.35555 13
0.50080 -0.15432 28.32197 0 0 4.75607 25.38292 2.03039 -13
-0.69179 -0.15464 84.25930 0 0 4.75322 69.55761 0.97112 -13
-0.26205 -0.08955 86.61023 0 0 2.78848 83.80282 1.31549 -13
0.40414 0.12540 18.06678 0 0 -3.73073 16.76908 1.95216 13
0.41586 -0.27457 18.06678 0 0 8.33377 16.76908 1.95218 13
1.25281 -0.09040 14.21766 0 0 2.86241 8.89146 2.46596 -13
-0.35093 -0.11260 38.35048 0 0 3.46388 36.21176 1.23526 13
-0.37724 -0.16187 79.51967 0 0 4.95822 74.52015 1.21431 13
-1.14521 0.14027 7.34769 0 0 -4.25748 4.85958 0.72264 13
-1.17145 -0.25925 7.34769 0 0 7.78160 4.85958 0.72270 13
0.58900 0.03207 32.41625 0 0 -0.90286 27.93498 2.10287 13
-0.17793 -0.00629 87.57312 0 0 0.27658 86.21902 1.39471 -13
0.22034 -0.14501 1.29913 0 0 4.85606 1.26942 1.78549 -13
0.63066 0.08836 33.22882 0 0 -2.60205 28.13766 2.13170 13
-0.28729 0.07304 96.84866 0 0 -2.11688 93.10211 1.29174 -13
1.48576 0.07844 77.41943 0 0 -2.27375 43.31932 2.54776 -13
-0.05445 -0.12830 35.85088 0 0 3.96485 35.79871 1.51684 -13
0.11040 -0.09608 69.18299 0 0 2.98655 68.76894 1.68025 -13
1.22578 0.14228 29.03736 0 0 -4.18340 18.46500 2.45237 -13
1.25293 -0.25677 29.03736 0 0 7.85537 18.46500 2.45238 -13
-0.62707 0.00662 94.92257 0 0 -0.11239 80.41965 1.01072 -13
0.76360 0.14171 36.99540 0 0 -4.17656 29.51055 2.21815 -13
0.78068 -0.25738 36.99540 0 0 7.86263 29.51055 2.21815 -13
-0.74335 -0.05441 44.55561 0 0 1.73611 35.77757 0.93227 -13
0.91098 -0.19376 21.35053 0 0 5.95804 15.91421 2.30048 -13
0.32992 -0.14986 74.37318 0 0 4.59458 70.70489 1.88618 13
-0.07389 0.13825 60.69748 0 0 -4.09596 60.53553 1.49773 13
-0.07564 -0.26104 60.69748 0 0 7.94782 60.53553 1.49774 13
0.73946 0.09233 36.61885 0 0 -2.72141 29.48757 2.20549 13
0.69160 0.10589 48.45057 0 0 -3.10057 39.92073 2.17326 -13
0.11806 -0.20681 99.63187 0 0 6.32462 98.97261 1.68590 -13
-0.93716 -0.07280 43.54663 0 0 2.29258 31.81337 0.81915 -13
1.12156 0.05000 25.58630 0 0 -1.45537 17.03911 2.41281 13
-1.13031 0.04966 78.13629 0 0 -1.42599 51.80921 0.72491 13
0.01211 -0.02299 27.83292 0 0 0.75731 27.83088 1.58290 13
0.42737 -0.02301 38.99290 0 0 0.78910 35.85722 1.97458 -13
0.18942 -0.06455 43.00196 0 0 2.01766 42.25384 1.75762 13
-1.87684 -0.13956 48.34149 0 0 4.26975 22.90263 0.49356 13
-0.97126 -0.05061 84.44736 0 0 1.61609 60.61443 0.80062 -13
0.21086 0.09769 91.95441 0 0 -2.86004 89.99409 1.77765 -13
-0.15688 -0.22206 74.03021 0 0 6.77165 73.17743 1.41882 13
-0.34454 0.08712 62.91566 0 0 -2.53920 59.50769 1.24015 -13
0.26933 -0.11518 43.94366 0 0 3.54403 42.45027 1.83224 13
0.11616 -0.09183 6.67095 0 0 2.92428 6.62677 1.68595 -13
-2.13495 0.03211 75.36278 0 0 -0.87196 31.98036 0.43824 -13
-1.85419 0.02614 51.01035 0 0 -0.68781 24.22001 0.49475 -13
-0.34829 -0.08589 50.92321 0 0 2.68229 48.10892 1.23679 -13
-0.18497 -0.23233 60.75736 0 0 7.09827 59.79457 1.39253 -13
1.21815 0.02032 75.85257 0 0 -0.52147 48.13507 2.45413 -13
-1.29702 0.13195 63.66900 0 0 -3.88580 39.08557 0.66098 -13
-1.33115 -0.26762 63.66900 0 0 8.16784 39.08557 0.66098 -13
0.63044 0.09384 70.04187 0 0 -2.75770 59.32368 2.13133 13
-0.15384 -0.19976 40.98735 0 0 6.11944 40.52872 1.42106 -13
-0.06383 -0.12107 68.24896 0 0 3.72591 68.11237 1.50751 13
-0.42104 -0.24417 94.94233 0 0 7.45280 87.87571 1.18253 -13
-0.22167 -0.05040 64.41989 0 0 1.60933 62.89691 1.35293 -13
-1.04700 0.02866 58.55636 0 0 -0.77089 40.45314 0.76265 -13
1.58049 -0.00933 85.57995 0 0 0.37240 45.75950 2.57745 -13
0.06211 -0.16791 46.41008 0 0 5.13548 46.32327 1.63197 13
-1.40928 -0.10756 3.75324 0 0 3.10812 2.18017 0.61985 13
-1.62019 -0.08172 26.69935 0 0 2.58102 14.05708 0.55447 -13
0.29266 -0.18282 26.47506 0 0 5.61615 25.44157 1.85110 -13
-0.46145 -0.12305 23.98702 0 0 3.81487 21.80885 1.14131 -13
0.56301 -0.15364 4.72390 0 0 4.83563 4.12756 2.07860 -13
0.69297 0.12267 52.58146 0 0 -3.63040 43.32332 2.17330 13
0.71380 -0.27747 52.58146 0 0 8.43883 43.32332 2.17330 13
0.47309 -0.05377 22.95295 0 0 1.72704 20.75376 2.01212 -13
-1.59007 -0.15196 62.99725 0 0 4.65083 33.81284 0.56656 13
0.44284 0.12444 33.52485 0 0 -3.65654 30.69230 1.98485 -13
0.45584 -0.27557 33.52485 0 0 8.41010 30.69230 1.98485 -13
-0.35119 0.09076 29.06874 0 0 -2.67379 27.43877 1.23434 13
0.14600 -0.12187 21.90206 0 0 3.73488 21.67570 1.71472 13
-1.73012 -0.17418 20.53773 0 0 5.38298 10.39274 0.53058 -13
-1.57711 -0.12529 7.22620 0 0 3.99246 3.89166 0.56862 -13
-1.39320 -0.23176 72.88625 0 0 7.08430 43.23468 0.63500 -13
0.68707 -0.19974 90.60402 0 0 6.11260 75.14028 2.16370 -13
-1.08224 -0.11960 81.69910 0 0 3.69721 55.65701 0.74946 -13
-1.05109 -0.15129 69.86803 0 0 4.65524 48.44334 0.76614 -13
1.22392 0.05359 18.13191 0 0 -1.57738 11.48215 2.45584 13
-0.37053 -0.08175 74.26403 0 0 2.55385 69.66509 1.21703 -13
1.17744 -0.07780 58.85922 0 0 2.44107 38.16838 2.43602 -13
0.00467 0.05860 4.63485 0 0 -1.57823 4.63480 1.57546 -13
0.21895 -0.14350 86.30415 0 0 4.40412 84.34600 1.78423 13
-0.42928 -0.19862 71.50924 0 0 6.06499 65.90520 1.17227 13
-0.08391 -0.02346 8.93826 0 0 0.84321 8.90697 1.48710 -13
-0.27621 -0.03169 68.42049 0 0 1.02982 65.95337 1.30144 13
0.12805 -0.23306 20.65896 0 0 7.08547 20.50022 1.69486 13
1.94418 -0.05096 56.46212 0 0 1.63838 25.85154 2.66600 -13
0.34796 -0.04676 32.78506 0 0 1.50771 30.96765 1.90532 -13
0.23420 -0.19817 69.33663 0 0 6.05214 67.57638 1.79661 13
0.38108 -0.11611 52.81200 0 0 3.57385 49.39156 1.93266 13
-0.94400 0.12847 59.38712 0 0 -3.78275 43.35131 0.81828 -13
-0.97015 -0.27131 59.38712 0 0 8.27633 43.35131 0.81828 -13
-0.24722 -0.17911 5.11292 0 0 5.58767 4.96798 1.33209 -13
0.80012 -0.03023 70.00861 0 0 0.98517 54.67393 2.24539 13
0.16054 0.02510 4.76464 0 0 -0.56890 4.70446 1.72993 -13
1.67265 0.05349 81.73636 0 0 -1.54379 41.98626 2.60212 13
-0.09795 0.11187 26.90908 0 0 -3.27845 26.78248 1.47375 -13
2.15527 0.07679 48.98006 0 0 -2.21121 20.66512 2.70605 -13
0.49776 -0.07771 69.94262 0 0 2.41794 62.65191 2.03145 13
-0.05289 -0.05809 34.41037 0 0 1.84854 34.36250 1.51804 -13
0.68440 -0.21816 65.28247 0 0 6.65207 54.26802 2.16018 13
-0.10211 0.08352 60.46500 0 0 -2.43012 60.15430 1.46939 -13
0.60509 -0.24746 34.75471 0 0 7.52771 29.96743 2.10188 13
0.23323 -0.05210 59.43481 0 0 1.66100 57.88582 1.79963 -13
-0.62062 -0.19065 14.66502 0 0 5.87366 12.52170 1.02332 -13
0.93479 -0.18527 60.98401 0 0 5.65909 44.89969 2.31409 13
-0.65740 -0.05625 76.62207 0 0 1.78564 64.05669 0.98996 -13
0.29260 -0.07864 13.34923 0 0 2.41596 12.81540 1.85462 13
-0.00483 -0.03640 56.18085 0 0 1.18759 56.18019 1.56597 -13
1.71330 -0.15493 59.42488 0 0 4.73819 30.22054 2.60809 13
0.92006 0.00274 31.75981 0 0 -0.02182 23.37242 2.31459 13
-1.89579 0.03567 89.39766 0 0 -0.98206 41.72952 0.48566 -13
0.84396 -0.20185 82.60057 0 0 6.16166 63.64471 2.26195 13
0.14161 -0.24177 82.60057 0 0 8.30227 63.64471 1.43401 13
0.50373 0.38525 82.60057 0 0 6.63277 63.64471 2.01020 13
-0.47548 -0.28048 82.60057 0 0 8.12123 63.64471 2.00013 13
0.93565 3.30831 82.60057 0 0 7.90827 63.64471 1.83518 13
-0.62746 0.10330 34.24674 0 0 -3.05137 29.05246 1.01282 13
0.15824 -0.14609 34.27613 0 0 4.50252 33.86359 1.72611 -13
-1.45869 -0.01719 86.78691 0 0 0.60968 49.07658 0.60103 -13
-0.38710 0.12616 4.30886 0 0 -3.60721 4.02236 1.20411 -13
-0.39812 -0.27342 4.30886 0 0 8.45917 4.02236 1.20414 -13
-0.01991 -0.04276 30.31152 0 0 1.35527 30.30552 1.55091 13
-0.19455 -0.18575 85.16390 0 0 5.67822 83.64753 1.38180 13
-1.19494 -0.15156 16.37710 0 0 4.59826 10.57962 0.70241 13
-1.28393 -0.15077 84.82848 0 0 4.63894 52.48861 0.66717 -13
-0.62860 0.00166 98.89590 0 0 0.03712 83.72788 1.00961 -13
-0.85039 0.10430 98.81701 0 0 -3.07093 75.44888 0.86875 13
-0.28301 -0.18369 97.58278 0 0 5.61707 94.00881 1.29931 13
-0.89380 0.10081 81.42607 0 0 -2.95135 60.84666 0.84393 -13
-0.51040 -0.16123 11.50670 0 0 4.89643 10.27601 1.10404 13
-1.95635 0.10443 91.15266 0 0 -3.08061 41.66728 0.47473 13
1.63723 -0.13390 94.50738 0 0 4.11057 49.58101 2.58932 13
1.03859 -0.14981 97.36085 0 0 4.60710 67.91715 2.36958 -13
0.50274 -0.09290 94.03227 0 0 2.88904 84.08520 2.03491 -13
-0.74929 0.09412 37.11107 0 0 -2.74161 29.74571 0.92986 -13
-0.42748 0.04630 70.54807 0 0 -1.30757 64.88016 1.16721 -13
-0.04222 -0.18263 94.51974 0 0 5.58492 94.43832 1.52928 13
-1.78738 0.04447 92.24691 0 0 -1.27127 45.07391 0.51051 13
-0.41567 -0.06991 34.47399 0 0 2.17495 31.84460 1.17772 13
0.90158 -0.05304 50.43548 0 0 1.66831 37.48269 2.30379 13
0.25473 0.08905 18.97631 0 0 -2.57869 18.39349 1.81928 -13
-0.39321 -0.00413 49.61855 0 0 0.19528 46.17710 1.19616 13
0.03029 -0.15449 88.02532 0 0 4.74674 87.98594 1.60072 -13
-0.46180 -0.23555 37.55711 0 0 7.17259 34.25568 1.14836 13
0.60166 0.01542 87.61070 0 0 -0.39065 75.07308 2.11238 13
-0.03527 0.07579 55.65031 0 0 -2.19601 55.61592 1.53564 -13
-1.29809 0.12092 34.72979 0 0 -3.54405 21.29120 0.65992 -13
-1.33799 -0.27928 34.72979 0 0 8.52859 21.29120 0.65993 -13
-1.18376 0.03695 31.29957 0 0 -1.05636 20.20718 0.70178 13
-0.61912 -0.01260 92.44308 0 0 0.46760 78.60058 1.01647 -13
-1.02230 0.06324 52.40580 0 0 -1.83983 36.68289 0.77537 13
-1.87658 -0.00037 96.00461 0 0 0.10328 45.14874 0.48961 -13
-0.68983 0.08354 62.69530 0 0 -2.42945 51.66495 0.96855 -13
0.91327 -0.07386 39.74696 0 0 2.32589 29.38558 2.30954 -13
0.23935 0.14138 65.27350 0 0 -4.19090 63.51416 1.80350 13
0.24475 -0.25775 65.27350 0 0 7.84854 63.51416 1.80350 13
0.96801 -0.16079 95.80169 0 0 4.92421 69.25803 2.33356 13
1.38563 -0.09748 66.02225 0 0 3.00837 38.75722 2.51421 13
0.70218 -0.20429 20.98136 0 0 6.27091 17.28611 2.17340 -13
-1.08711 -0.08284 76.96524 0 0 2.57092 52.20277 0.74539 13
-0.16719 0.57089 76.96524 0 0 2.57067 52.20277 1.42661 13
0.64380 -0.74470 76.96524 0 0 4.16050 52.20277 1.09416 13
-3.69244 6.00473 76.96524 0 0 3.92325 52.20277 1.02556 13
0.44201 -0.51377 76.96524 0 0 4.69841 52.20277 1.19621 13
0.09091 -0.77031 76.96524 0 0 3.53966 52.20277 1.64269 13
-0.09086 1.23298 76.96524 0 0 4.03706 52.20277 1.62797 13
-0.35171 -0.25035 16.85261 0 0 7.60052 15.94997 1.24200 13
-0.63515 -0.10455 69.10251 0 0 3.24301 58.42180 1.00739 -13
0.84938 -0.12816 51.83198 0 0 3.93512 39.63950 2.27091 13
0.34207 0.13217 27.30426 0 0 -3.92392 25.85786 1.89774 13
0.35104 -0.26745 27.30426 0 0 8.12897 25.85786 1.89774 13
0.38051 0.00270 94.08712 0 0 0.00529 87.93618 1.93439 -13
1.70977 -0.23029 99.12233 0 0 7.01776 51.00922 2.60104 13
-0.90490 -0.11038 46.95988 0 0 3.39745 34.91463 0.83829 13
-0.74922 -0.10773 70.23356 0 0 3.33987 56.32410 0.93056 -13
0.46461 0.04760 12.24733 0 0 -1.39828 11.10930 2.00530 13
1.47598 -0.00831 74.01012 0 0 0.34371 41.51324 2.54610 -13
-0.77051 -0.17573 72.73455 0 0 5.39050 57.93988 0.92164 -13
-0.53440 0.02003 38.66275 0 0 -0.53728 34.10077 1.08010 13
0.42086 0.12715 62.71599 0 0 -3.74524 57.87444 1.96630 -13
0.43274 -0.27269 62.71599 0 0 8.31609 57.87444 1.96629 -13
-0.08919 -0.07463 50.52343 0 0 2.34197 50.32482 1.48209 -13
1.21356 -0.23493 17.18523 0 0 7.11736 11.10323 2.43916 13
-0.01061 -0.01346 38.17137 0 0 0.50003 38.16921 1.56019 -13
0.29118 -0.04061 79.93879 0 0 1.31248 76.75626 1.85392 -13
0.68604 0.06818 27.81102 0 0 -1.99723 22.94981 2.17101 13
0.37357 -0.02641 73.23165 0 0 0.88490 68.60404 1.92820 -13
1.94750 -0.22059 88.42199 0 0 6.74789 41.15192 2.65750 -13
-0.88584 -0.22920 65.02313 0 0 6.98401 49.21591 0.85855 13
-0.20710 -0.18534 44.71319 0 0 5.68411 43.81416 1.36991 -13
1.47392 -0.24485 6.96090 0 0 7.33729 3.98559 2.53187 13
-0.44692 -0.10302 42.48958 0 0 3.20162 38.82584 1.15247 -13
-0.17736 -0.02296 78.99436 0 0 0.77999 77.78100 1.39530 -13
0.30664 -0.02250 2.13117 0 0 0.52186 2.03760 1.86826 13
-0.44475 0.05581 45.46306 0 0 -1.61397 41.55059 1.15289 13
-0.71328 -0.02462 58.22927 0 0 0.81345 47.41052 0.95136 13
0.06017 -0.11810 15.68454 0 0 3.67434 15.65662 1.63048 -13
-1.26074 0.11816 83.33938 0 0 -3.49278 52.01013 0.67395 13
-1.30098 -0.28227 83.33938 0 0 8.57974 52.01013 0.67394 13
-0.30321 -0.13675 77.09897 0 0 4.21312 73.83893 1.27896 -13
-1.05250 -0.19636 4.30109 0 0 6.17354 2.99142 0.76928 -13
-1.78192 -0.19519 7.32828 0 0 6.10266 3.63815 0.51941 -13
1.30379 -0.23381 71.80773 0 0 7.14531 44.43271 2.47441 -13
-0.23521 0.04392 59.93787 0 0 -1.25183 58.34852 1.34000 13
-0.80020 -0.15870 81.04717 0 0 4.86039 63.58671 0.90199 13
2.06684 -0.12942 27.22208 0 0 4.02739 11.93592 2.68770 -13
-0.82564 -0.17020 43.73021 0 0 5.22947 33.91601 0.88762 -13
-0.20058 0.02291 60.66779 0 0 -0.61793 59.48364 1.37290 13
0.35506 0.14341 57.80600 0 0 -4.23558 54.53578 1.90877 -13
0.36275 -0.25561 57.80600 0 0 7.80108 54.53578 1.90876 -13
-1.05520 -0.18238 89.72887 0 0 5.57443 62.25169 0.76672 13
-0.04062 -0.16452 80.28541 0 0 5.04944 80.22100 1.53074 -13
1.07375 -0.18430 74.45155 0 0 5.63081 51.19255 2.38341 13
0.28809 0.11464 84.97749 0 0 -3.38314 81.69719 1.84956 13
-0.51191 -0.20149 50.27358 0 0 6.14811 44.93317 1.10569 13
-1.57390 -0.19015 30.58744 0 0 5.84517 16.61251 0.57409 -13
-0.14878 0.10778 38.14832 0 0 -3.15727 37.73766 1.42394 -13
-0.09620 0.06077 32.22250 0 0 -1.73653 32.07496 1.47507 -13
-0.72130 0.11383 69.36221 0 0 -3.34387 56.37873 0.94897 -13
-0.32299 -0.13571 96.56070 0 0 4.18008 91.96545 1.26104 -13
-0.35201 0.12686 8.09556 0 0 -3.81014 7.64275 1.23482 13
-0.36196 -0.27321 8.09556 0 0 8.25028 7.64275 1.23487 13
-1.92548 0.10452 20.51520 0 0 -3.01785 9.49609 0.48123 -13
2.12396 -0.04117 60.54109 0 0 1.34224 25.80656 2.70124 -13
1.11511 -0.22285 62.93082 0 0 6.79214 42.57674 2.39850 13
0.30338 -0.01375 57.88417 0 0 0.50483 55.39159 1.86533 -13
-0.81110 0.00640 73.91275 0 0 -0.11944 57.40424 0.88933 13
0.15612 0.10091 72.67290 0 0 -2.96935 71.81166 1.72490 13
-0.39286 0.08029 19.66060 0 0 -2.31428 18.30697 1.19755 -13
-1.04051 0.04200 26.88818 0 0 -1.21192 18.64054 0.76599 13
-0.70446 -0.01682 5.55249 0 0 0.48192 4.53969 0.95715 13
0.22080 0.00065 23.82383 0 0 0.08256 23.26352 1.78811 -13
-0.64137 -0.21827 20.50328 0 0 6.69487 17.37397 1.01104 -13
