-0.85370 0.06596 12.24265 0 0 -1.96253 9.31963 0.86523 13
0.47687 -0.11545 67.28557 0 0 3.55581 60.80773 2.01320 13
1.71230 0.05341 65.06567 0 0 -1.51523 32.84790 2.61239 -13
-1.34055 -0.16619 9.62686 0 0 5.00578 5.80578 0.64745 13
0.54304 -0.17814 38.52803 0 0 5.44066 33.97703 2.06176 13
-0.20249 -0.09643 23.07679 0 0 3.01227 22.62197 1.37191 -13
-0.71380 -0.09554 62.79253 0 0 2.97263 51.18634 0.95302 -13
0.75399 -0.17896 80.81217 0 0 5.47212 64.89184 2.20929 13
1.24579 -0.21579 35.60418 0 0 6.61335 22.59482 2.45407 -13
-0.03367 0.06546 59.69794 0 0 -1.90135 59.66428 1.53721 13
1.04671 0.04775 58.35972 0 0 -1.37173 40.33796 2.37845 13
-0.80268 -0.24471 66.86919 0 0 7.47252 52.73469 0.90857 -13
-0.01323 -0.08103 75.77697 0 0 2.53230 75.77038 1.55761 -13
0.18398 0.01321 52.64566 0 0 -0.30787 51.77683 1.75272 -13
-0.13570 0.07181 33.54202 0 0 -2.09944 33.23903 1.43626 13
-0.49831 -0.15557 22.25724 0 0 4.74956 19.96773 1.11326 13
0.33240 -0.05938 11.47006 0 0 1.91777 10.88630 1.89118 -13
-0.05195 0.00761 79.71996 0 0 -0.15435 79.61258 1.51889 13
-1.79954 -0.11978 24.30672 0 0 3.73371 11.87094 0.51024 -13
0.79654 -0.04885 21.19884 0 0 1.58423 16.58905 2.24284 -13
0.03613 -0.11060 52.23792 0 0 3.40785 52.20426 1.60669 13
0.21896 -0.10363 63.42918 0 0 3.19936 61.97632 1.78525 13
-0.54192 -0.07528 37.37139 0 0 2.36716 32.87788 1.07536 -13
-0.28694 0.02705 64.95026 0 0 -0.74265 62.43277 1.29146 13
0.21256 0.07214 9.41605 0 0 -2.15056 9.21133 1.77972 13
-1.47561 -0.09004 19.92483 0 0 2.84081 11.20861 0.59747 -13
1.43955 -0.01021 7.21272 0 0 0.27082 4.11502 2.53443 13
-0.67244 -0.04948 46.70085 0 0 1.58659 38.76850 0.97937 -13
-0.39599 -0.12203 80.29621 0 0 3.76861 74.73034 1.19628 -13
1.18363 -0.15580 76.61193 0 0 4.79083 49.78823 2.43417 -13
0.01927 -0.03620 96.44162 0 0 1.16821 96.42374 1.59005 13
2.03430 0.05055 93.65889 0 0 -1.45602 41.36102 2.68421 13
-1.43369 0.31360 93.65889 0 0 -2.36483 41.36102 0.63123 13
0.21595 0.12232 78.42927 0 0 -3.61488 76.68716 1.78196 13
0.22247 -0.27783 78.42927 0 0 8.45527 76.68716 1.78196 13
0.03595 0.09966 71.97634 0 0 -2.91820 71.93033 1.60656 -13
-0.73328 -0.20685 97.55107 0 0 6.32641 79.23780 0.94804 -13
-0.80019 0.09604 29.76276 0 0 -2.83737 23.28008 0.89818 13
1.86931 -0.10972 86.45482 0 0 3.40300 40.97053 2.64788 -13
0.11608 -0.17070 58.21081 0 0 5.22227 57.83338 1.68473 13
0.55826 0.09745 96.17475 0 0 -2.86373 84.06907 2.07795 13
-0.67078 -0.18532 32.52039 0 0 5.65421 27.14676 0.98774 13
0.61125 1.39703 32.52039 0 0 6.42134 27.14676 1.91261 13
-22.76370 37.32841 32.52039 0 0 6.73833 27.14676 1.02335 13
0.45430 0.13104 27.40991 0 0 -3.89158 24.99161 1.99402 13
0.46637 -0.26861 27.40991 0 0 8.16323 24.99161 1.99399 13
1.22279 0.12377 1.87757 0 0 -3.23311 1.19346 2.45236 -13
1.21473 0.08816 80.43378 0 0 -2.56865 51.23917 2.45095 -13
-0.37350 0.07419 51.19879 0 0 -2.14685 47.97861 1.21424 -13
2.03201 0.08108 97.97238 0 0 -2.35527 43.37252 2.68297 -13
0.94722 -0.14078 33.71289 0 0 4.34906 24.58976 2.32420 -13
-0.63096 -0.00348 40.85411 0 0 0.17243 34.55145 1.00793 13
1.22642 0.01473 25.08209 0 0 -0.33292 15.85157 2.45749 -13
-1.68699 -0.14877 7.71137 0 0 4.44911 3.96393 0.53990 13
-1.86054 0.05291 73.51548 0 0 -1.52862 34.84207 0.49376 13
-0.93342 -0.00582 88.35913 0 0 0.24932 64.59287 0.81983 13
-0.33979 0.11412 55.12791 0 0 -3.35207 52.23144 1.24522 -13
1.20221 -0.18505 53.60509 0 0 5.67790 34.62025 2.43947 -13
1.41165 0.13103 36.70538 0 0 -3.89394 21.33804 2.52124 13
1.44923 -0.26867 36.70538 0 0 8.16068 21.33804 2.52121 13
-1.08892 -0.16912 63.91767 0 0 5.17097 43.56314 0.74989 13
1.51908 -0.08870 79.48876 0 0 2.76830 43.82689 2.55761 -13
1.78124 -0.04776 11.38829 0 0 1.43776 5.58000 2.62955 13
1.58254 -0.06589 63.54102 0 0 2.08403 33.99601 2.57707 -13
-1.00190 -0.05115 4.47949 0 0 1.46640 3.16674 0.78510 13
0.10771 -0.00893 74.32600 0 0 0.35731 73.89856 1.67809 -13
0.37105 -0.11778 6.78973 0 0 3.70213 6.37064 1.92386 -13
-0.58339 -0.13595 61.82027 0 0 4.17309 53.52150 1.04666 13
0.73412 -0.09049 28.57453 0 0 2.78961 23.06690 2.20211 13
0.13044 -0.12938 6.54475 0 0 4.06137 6.49072 1.69944 -13
-0.40954 0.10393 51.02032 0 0 -3.04349 47.25029 1.18398 -13
-1.61538 -0.07237 25.16057 0 0 2.22570 13.26808 0.55548 13
1.34640 -0.16945 57.59474 0 0 5.20876 34.65444 2.49598 -13
-1.83067 -0.03408 90.51796 0 0 1.12020 43.41315 0.50020 -13
0.51636 0.04648 71.62689 0 0 -1.31311 63.65747 2.04701 -13
0.02027 0.01099 61.11304 0 0 -0.24232 61.10049 1.59107 -13
0.55502 0.03130 76.40178 0 0 -0.85592 66.80996 2.07728 -13
0.01547 -0.15359 70.86934 0 0 4.72099 70.86106 1.58608 -13
2.02897 -0.04838 26.72092 0 0 1.58080 11.82381 2.68321 -13
0.92973 -0.03458 56.85086 0 0 1.13621 41.64751 2.31950 -13
0.68113 -0.01399 30.88032 0 0 0.48437 25.52324 2.16870 13
0.83689 -0.20842 28.94114 0 0 6.34631 22.38672 2.25718 13
0.66447 -0.20842 69.85088 0 0 6.35935 58.55280 2.14752 13
-1.52847 -0.20630 83.88920 0 0 6.31519 46.59880 0.58894 -13
1.13289 -0.02504 47.07500 0 0 0.85296 31.15856 2.41826 -13
-1.43385 -0.21465 86.91376 0 0 6.54625 50.47239 0.61960 13
-0.88129 0.06694 25.34993 0 0 -1.91283 19.03698 0.84952 -13
-0.81059 -0.05108 88.63410 0 0 1.61506 68.89004 0.89027 13
-0.69852 0.13282 79.51988 0 0 -3.91788 65.37666 0.96516 -13
-0.71664 -0.26671 79.51988 0 0 8.13400 65.37666 0.96516 -13
1.13560 0.11980 94.42603 0 0 -3.52487 62.65476 2.41607 -13
1.17106 -0.28050 94.42603 0 0 8.55005 62.65476 2.41607 -13
-0.04219 -0.15332 41.67797 0 0 4.71803 41.64178 1.52912 -13
-0.66240 -0.00637 89.06755 0 0 0.27978 74.25536 0.98577 -13
-1.10611 0.04031 7.54667 0 0 -1.03650 5.06345 0.73546 -13
-1.18471 -0.04141 37.70416 0 0 1.35059 24.33241 0.70147 -13
-0.21798 -0.19709 48.13313 0 0 6.03715 47.06871 1.36011 -13
-0.47557 0.12530 87.87096 0 0 -3.69295 79.46772 1.12990 -13
-0.48934 -0.27464 87.87096 0 0 8.37189 79.46772 1.12991 -13
0.19955 -0.08122 38.22770 0 0 2.51859 37.49334 1.76713 13
-0.46280 -0.08557 34.96366 0 0 2.67789 31.75064 1.13873 -13
-1.24390 -0.00132 71.69584 0 0 0.11048 44.92179 0.67713 13
-0.06131 -0.22680 82.29759 0 0 6.92802 82.15089 1.51108 -13
0.20817 -0.17563 82.22261 0 0 5.37319 80.54695 1.77303 13
-0.25915 -0.05266 42.60390 0 0 1.68106 41.24506 1.31756 -13
1.86396 -0.02758 63.42163 0 0 0.89705 29.99134 2.64902 13
-0.43621 -0.10694 89.01600 0 0 3.31283 81.66462 1.16154 -13
-0.40641 0.00568 73.89491 0 0 -0.09737 68.45750 1.18478 13
0.04572 -0.19481 24.95025 0 0 5.97830 24.92514 1.61564 -13
0.27167 -0.22003 73.80557 0 0 6.72487 71.33739 1.83014 -13
-1.13954 -0.06062 85.51145 0 0 1.91803 56.46113 0.72118 -13
-2.07263 -0.03060 18.64345 0 0 0.94290 8.10441 0.44972 13
-0.83658 -0.11151 58.99129 0 0 3.45583 45.36047 0.87718 -13
0.23596 -0.02066 30.83489 0 0 0.68800 30.01105 1.80247 13
-1.42553 -0.12009 29.94564 0 0 3.73070 17.28035 0.61510 -13
-0.12437 0.10674 36.20642 0 0 -3.12566 35.93271 1.44776 -13
1.80490 0.10826 49.73544 0 0 -3.20539 24.21131 2.63317 13
-0.28149 0.12095 77.27134 0 0 -3.57414 74.42007 1.29830 13
-0.29012 -0.27927 77.27134 0 0 8.49941 74.42007 1.29832 13
-1.25497 0.06345 92.55222 0 0 -1.82372 57.74742 0.67378 -13
0.15921 -0.02199 70.27723 0 0 0.75175 69.40360 1.72864 -13
0.01872 0.02864 2.25444 0 0 -0.56333 2.25405 1.58951 -13
-1.94642 -0.22888 44.94712 0 0 6.96154 20.95598 0.48505 13
-1.29506 -0.17086 56.98301 0 0 5.24837 35.13954 0.66451 -13
1.35182 0.12879 70.08682 0 0 -3.79207 41.90254 2.50075 -13
1.38909 -0.27094 70.08682 0 0 8.26615 41.90254 2.50075 -13
0.08452 -0.19664 45.49200 0 0 6.02374 45.33633 1.65354 -13
2.09584 -0.06283 23.03728 0 0 1.92498 9.93630 2.69564 13
0.72560 -0.19112 82.85308 0 0 5.83882 67.47095 2.18999 13
0.25507 -0.19023 8.74770 0 0 5.87877 8.48545 1.81632 -13
0.73572 -0.16637 87.83183 0 0 5.10599 71.08388 2.19860 -13
1.42998 -0.14125 56.91196 0 0 4.32768 32.83166 2.52668 13
0.15923 0.00212 19.85431 0 0 0.04168 19.60728 1.72870 -13
-1.45960 -0.17942 36.58285 0 0 5.47230 20.89797 0.60808 13
-1.07723 -0.09029 66.83015 0 0 2.79372 45.56600 0.75026 13
-0.03293 -0.22419 9.96698 0 0 6.79190 9.96185 1.53867 13
-0.95082 -0.12506 52.97036 0 0 3.84025 38.52898 0.81448 13
-1.58636 0.08809 4.67158 0 0 -2.76822 2.49795 0.56420 13
1.02320 -0.06776 16.89329 0 0 2.08456 11.82189 2.36652 13
-1.12299 -0.00744 90.83323 0 0 0.29813 60.40793 0.72755 13
-0.25326 0.09465 70.35742 0 0 -2.78084 68.22232 1.32381 13
-0.67232 -0.02248 33.96300 0 0 0.77666 28.18736 0.97901 -13
1.12418 0.04665 33.50884 0 0 -1.34775 22.28431 2.41405 13
0.39513 -0.11663 87.47968 0 0 3.59363 81.43255 1.94480 13
1.22098 -0.20793 6.24471 0 0 6.48294 4.00709 2.44497 -13
0.89356 -0.14597 72.13434 0 0 4.49272 54.03989 2.29480 -13
0.23972 0.01944 10.33935 0 0 -0.45571 10.05456 1.80603 -13
-0.60730 -0.10070 37.65027 0 0 3.13350 32.22414 1.02726 -13
-2.05613 0.08284 43.93481 0 0 -2.39253 19.26866 0.45401 -13
-1.37773 -0.15286 25.16489 0 0 4.65877 14.89333 0.63335 13
0.57119 -0.19197 99.61569 0 0 5.87749 86.88016 2.08201 -13
1.26846 -0.15373 61.92891 0 0 4.70603 38.61613 2.46830 13
-0.02690 0.01944 38.32541 0 0 -0.49263 38.31156 1.54391 -13
0.55610 -0.12614 30.48301 0 0 3.86849 26.68989 2.07497 13
-0.31156 -0.18334 22.85164 0 0 5.58712 21.84897 1.27343 13
-1.03493 0.06258 76.23213 0 0 -1.81532 53.02465 0.76921 13
-1.23427 -0.16336 3.37130 0 0 5.23738 2.13917 0.68737 -13
1.56680 0.03971 63.21302 0 0 -1.10272 34.02783 2.57317 -13
-1.21090 -0.14250 86.07526 0 0 4.37054 55.13617 0.69523 13
0.07342 -0.12202 51.04509 0 0 3.75186 50.91006 1.64354 13
-0.27505 0.08958 27.70592 0 0 -2.60234 26.72125 1.30341 -13
1.69619 -0.04321 48.75368 0 0 1.40433 24.77719 2.60848 -13
0.04606 0.01851 75.37511 0 0 -0.47046 75.29530 1.61682 -13
-0.62912 -0.04292 67.14160 0 0 1.38392 56.84536 1.00966 -13
-0.51689 -0.08563 77.72572 0 0 2.67175 69.10033 1.09521 -13
-0.39031 0.07243 88.99645 0 0 -2.09796 82.93393 1.19956 -13
-0.78926 0.07947 60.79900 0 0 -2.32632 47.78301 0.90417 13
-0.27028 -0.14245 33.07621 0 0 4.36318 31.95218 1.30935 13
0.15748 -0.06950 30.41021 0 0 2.16127 30.04170 1.72663 13
2.15519 -0.05876 62.61791 0 0 1.83474 26.39352 2.70650 13
0.58620 -0.04301 76.25128 0 0 1.38565 65.79726 2.10061 -13
-0.77072 -0.02578 29.29062 0 0 0.83745 23.20284 0.91432 13
0.24000 -0.01513 94.97626 0 0 0.53235 92.35423 1.80632 13
-1.43560 -0.22142 97.43825 0 0 6.76889 56.59085 0.61969 -13
-0.43602 -0.19234 6.05545 0 0 5.97778 5.56643 1.16624 -13
0.96506 0.10771 33.05684 0 0 -3.18845 23.85251 2.33553 13
0.43305 0.11473 97.01500 0 0 -3.38507 89.11750 1.97708 13
1.53271 -0.21055 21.45286 0 0 6.47617 11.90103 2.55354 -13
0.24942 -0.22583 33.31470 0 0 6.87806 32.37042 1.80945 13
-0.67159 0.04691 26.75894 0 0 -1.35569 22.22186 0.97990 13
0.69665 -0.09359 88.46341 0 0 2.89793 72.68973 2.17722 13
-1.28033 -0.05961 53.74410 0 0 1.89427 33.11901 0.66394 -13
0.03125 -0.04793 54.03456 0 0 1.51815 54.00826 1.60200 13
1.10240 0.01656 37.90450 0 0 -0.39974 25.46899 2.40479 -13
1.83042 -0.01152 98.87246 0 0 0.43926 47.40545 2.64155 -13
0.57640 -0.07732 41.49041 0 0 2.42717 35.97306 2.09239 -13
-0.48518 0.13684 24.83877 0 0 -4.06879 22.38652 1.12270 13
-0.49702 -0.26251 24.83877 0 0 7.97676 22.38652 1.12269 13
-1.50411 -0.13326 14.08635 0 0 4.16075 7.84589 0.59081 -13
-0.08854 -0.05119 60.42387 0 0 1.61699 60.18900 1.48260 13
0.06368 0.04077 96.37257 0 0 -1.14367 96.17808 1.63434 -13
-0.41230 0.08711 7.55548 0 0 -2.61324 6.98930 1.18106 13
-1.29112 0.10522 57.05361 0 0 -3.07882 35.05601 0.66168 -13
-0.26260 0.08573 21.11988 0 0 -2.48094 20.43205 1.31489 -13
1.13775 -0.06599 78.19767 0 0 2.06324 51.68753 2.41947 13
0.68222 -0.10504 6.96001 0 0 3.16575 5.75934 2.16694 13
-0.37115 -0.04840 83.80487 0 0 1.53489 78.57897 1.21578 13
0.29558 -0.16052 86.65217 0 0 4.92934 83.18217 1.85476 -13
2.01116 0.09540 59.31698 0 0 -2.81421 26.50578 2.67836 13
-0.21730 -0.23165 25.34642 0 0 7.04880 24.79688 1.36218 13
-0.18803 0.14482 43.99602 0 0 -4.27637 43.25337 1.38681 -13
-0.19200 -0.25416 43.99602 0 0 7.75791 43.25337 1.38682 -13
-0.27095 -0.21407 55.26118 0 0 6.53153 53.41877 1.31180 13
0.34942 -0.21355 1.79807 0 0 6.22931 1.70146 1.90007 13
-0.58788 -0.00998 59.57291 0 0 0.39163 51.35655 1.03936 -13
0.57063 -0.01272 10.73760 0 0 0.51644 9.32621 2.08930 -13
-0.00566 0.03381 31.64262 0 0 -0.92287 31.64211 1.56514 -13
1.23707 -0.00367 47.10577 0 0 0.17622 29.61369 2.46177 13
1.92882 0.02441 46.86150 0 0 -0.67765 21.57377 2.66317 13
0.46714 0.09938 70.83205 0 0 -2.90873 64.23196 2.00593 -13
1.70716 -0.20258 72.30587 0 0 6.20574 37.09511 2.60289 -13
-1.76853 -0.04021 8.17490 0 0 1.18446 4.02542 0.51497 13
0.39400 -0.24669 44.57908 0 0 7.53517 41.63653 1.93616 -13
-0.82913 0.09373 22.45943 0 0 -2.77494 17.32015 0.88069 13
0.70984 0.05108 8.81970 0 0 -1.52628 7.19505 2.18748 13
-0.29159 -0.24259 21.31017 0 0 7.37421 20.50297 1.29466 13
0.11361 0.01696 84.78958 0 0 -0.42455 84.24773 1.68391 -13
-1.55807 0.07616 11.80978 0 0 -2.29411 6.39262 0.57192 13
-0.87777 0.10127 23.58931 0 0 -3.00008 17.76761 0.85293 13
-0.12598 -0.21507 4.84023 0 0 6.67522 4.80396 1.44825 -13
1.34971 -0.10916 81.04484 0 0 3.36401 48.43169 2.50110 13
0.07620 -0.23299 49.47799 0 0 7.11962 49.34227 1.64487 -13
-0.22401 0.07751 27.71809 0 0 -2.27525 27.05160 1.35106 13
0.61026 -0.22282 14.54667 0 0 6.84345 12.49735 2.10801 -13
-0.73235 0.04390 35.90167 0 0 -1.22774 28.97454 0.93914 -13
-0.29188 -0.02145 88.66898 0 0 0.73387 85.11872 1.28686 -13
-1.43801 -0.05993 20.04559 0 0 1.93348 11.45783 0.60848 -13
0.52464 -0.18297 51.13970 0 0 5.61110 45.44505 2.04722 -13
-0.38991 -0.17499 74.63276 0 0 5.35252 69.67037 1.20409 13
-1.05804 -0.13004 85.97452 0 0 4.01205 59.31621 0.76139 -13
1.22809 -0.04912 9.29934 0 0 1.64489 5.87601 2.45762 -13
-0.03570 0.07126 60.63359 0 0 -2.07645 60.59520 1.53520 13
1.07000 -0.20900 6.99523 0 0 6.49942 4.83128 2.37933 -13
-0.77203 -0.11265 23.03065 0 0 3.45198 18.27278 0.91639 13
0.29177 -0.00750 15.05124 0 0 0.27273 14.44889 1.85468 13
-0.43085 -0.18768 8.18952 0 0 5.80613 7.54116 1.17023 -13
-0.43085 -0.18770 8.18952 0 0 5.81081 7.54116 1.17023 -13
-0.72791 -0.00738 64.08462 0 0 0.29424 51.81237 0.94160 13
1.31466 -0.07614 67.91265 0 0 2.36639 41.19032 2.48992 13
1.09199 -0.02086 40.93245 0 0 0.69286 27.64735 2.40003 13
0.00228 -0.05382 59.00241 0 0 1.69610 59.00226 1.57307 13
1.35373 -0.04893 9.54182 0 0 1.64193 5.67377 2.50479 -13
0.13130 0.09835 19.22810 0 0 -2.85966 19.06601 1.70073 -13
0.57179 0.01416 8.84894 0 0 -0.28430 7.68212 2.09017 -13
1.19541 -0.03359 5.78571 0 0 1.22864 3.71377 2.44469 -13
-0.70073 -0.13024 88.27563 0 0 4.01713 72.49196 0.96353 -13
0.10997 -0.15138 72.84688 0 0 4.64083 72.42010 1.67910 13
0.03923 0.11555 94.59388 0 0 -3.39927 94.52213 1.60975 -13
0.00335 -0.23071 11.61205 0 0 6.99553 11.61199 1.57407 13
0.73157 -0.19919 3.00196 0 0 5.87831 2.43909 2.19315 13
-0.44181 -0.16857 7.54370 0 0 5.23749 6.91588 1.15992 -13
0.60020 -0.09862 62.82668 0 0 3.04827 53.93801 2.10923 13
-1.42710 -0.12257 74.93359 0 0 3.76827 43.21571 0.61472 13
1.44489 0.08607 36.30403 0 0 -2.53896 20.71157 2.53446 13
0.12566 -0.14998 85.42384 0 0 4.61095 84.77179 1.69443 -13
0.35417 -0.15253 77.00782 0 0 4.67514 72.68172 1.90758 13
-0.96930 -0.00396 10.99172 0 0 0.26269 7.89253 0.80099 -13
-0.56089 -0.18606 5.17488 0 0 5.58204 4.53196 1.06686 13
-0.71849 0.03702 66.62271 0 0 -1.02667 54.11771 0.94809 -13
-0.60059 0.05353 80.27127 0 0 -1.52636 68.84008 1.03058 -13
1.15783 0.09570 55.34993 0 0 -2.79206 36.27350 2.42695 -13
0.02415 0.03968 36.59131 0 0 -1.10212 36.58067 1.59492 -13
1.03693 -0.21817 29.02452 0 0 6.68776 20.38890 2.36270 -13
-0.53358 0.07755 41.81689 0 0 -2.24459 36.91761 1.08189 -13
1.80374 0.06123 70.41965 0 0 -1.75156 34.19382 2.63458 -13
-0.25247 0.03192 70.25938 0 0 -0.87474 68.12398 1.32362 -13
0.28489 0.03801 52.20693 0 0 -1.07503 50.21189 1.84814 13
0.96203 -0.17578 56.50087 0 0 5.37189 41.01382 2.32924 13
0.10474 0.12075 85.66645 0 0 -3.55530 85.20698 1.67441 -13
0.10797 -0.27947 85.66645 0 0 8.51728 85.20698 1.67441 -13
0.36824 -0.06493 58.33417 0 0 2.04848 54.75446 1.92294 -13
-0.99045 -0.19250 36.31809 0 0 5.86892 26.03495 0.79929 13
-1.89669 -0.14574 6.10000 0 0 4.65757 2.86822 0.48954 -13
1.31110 0.13425 25.48046 0 0 -3.93101 15.54033 2.48569 -13
1.34442 -0.26509 25.48046 0 0 8.11968 15.54033 2.48572 -13
-0.69141 0.08738 75.55271 0 0 -2.54651 62.22118 0.96764 -13
-0.71146 -0.23968 33.36287 0 0 7.32967 27.43655 0.96555 -13
-0.46353 -0.07354 12.13026 0 0 2.25681 11.01075 1.13777 13
0.95915 -0.24168 12.56432 0 0 7.42906 9.19010 2.32118 -13
0.54357 0.04322 54.64705 0 0 -1.23259 48.02248 2.06830 13
-1.21793 0.12606 84.32716 0 0 -3.71154 53.76413 0.69132 -13
-1.25288 -0.27387 84.32716 0 0 8.35146 53.76413 0.69132 -13
-0.61213 -0.00835 42.33969 0 0 0.34575 36.11147 1.02152 -13
-0.83744 -0.18537 93.78576 0 0 5.67946 72.40097 0.88194 -13
-0.77084 -0.16514 13.27706 0 0 5.01675 10.56830 0.92058 13
-0.73259 -0.13967 22.13343 0 0 4.26705 17.91486 0.94313 13
0.12105 0.06256 73.26834 0 0 -1.81186 72.73942 1.69103 13
0.02624 -0.10138 22.42860 0 0 3.16158 22.42098 1.59689 -13
-0.64813 0.04370 2.73818 0 0 -1.45001 2.29873 0.99617 13
0.80241 0.08493 86.42956 0 0 -2.48793 67.50634 2.24525 13
0.25300 0.02124 61.12345 0 0 -0.55130 59.25727 1.81854 -13
1.32891 -0.00425 34.30784 0 0 0.23300 20.62855 2.49649 -13
-0.33162 0.00058 58.64892 0 0 0.05520 55.66775 1.25059 13
-2.11956 0.08564 83.44285 0 0 -2.51555 35.71052 0.44224 13
0.55907 -0.04718 58.02754 0 0 1.49524 50.66309 2.08010 13
0.23391 -0.20417 93.36092 0 0 6.23414 91.00155 1.79609 13
0.22280 -0.05120 37.02053 0 0 1.63865 36.13669 1.78974 -13
0.35474 -0.08135 57.35139 0 0 2.54393 54.07099 1.91065 -13
-1.70648 -0.19358 55.47335 0 0 5.90258 28.43138 0.53812 13
0.13693 0.04832 16.63284 0 0 -1.34671 16.47939 1.70673 -13
0.32465 -0.10727 8.08860 0 0 3.38016 7.69751 1.88304 -13
-1.33409 0.13438 10.92812 0 0 -4.04770 6.59202 0.64753 13
-1.36806 -0.26527 10.92812 0 0 8.00025 6.59202 0.64749 13
0.07024 -0.07525 65.68532 0 0 2.34356 65.52480 1.64073 13
-0.40586 0.07203 95.01798 0 0 -2.08571 88.07490 1.18615 -13
-1.45226 -0.04648 75.71897 0 0 1.49486 42.97481 0.60353 -13
0.48120 -0.23074 78.05058 0 0 7.03416 70.66781 2.00924 13
1.66067 -0.23520 2.50831 0 0 6.77733 1.31993 2.58761 13
2.13426 -0.08524 28.33504 0 0 2.61070 12.05833 2.70203 13
0.13109 -0.18208 86.19770 0 0 5.56822 85.48964 1.69906 13
0.61528 0.08751 68.18078 0 0 -2.55003 58.13018 2.12067 -13
-1.68049 0.11354 50.20005 0 0 -3.32478 25.79317 0.53960 -13
-0.20076 0.00388 80.51348 0 0 -0.04180 78.93851 1.37267 13
0.61035 -0.16444 56.14316 0 0 5.05197 48.09411 2.11288 -13
0.80488 -0.02473 90.08065 0 0 0.82018 70.18160 2.24836 13
0.57813 -0.04996 53.46856 0 0 1.59828 46.30398 2.09444 -13
-0.36323 -0.04081 28.50105 0 0 1.33090 26.79130 1.22265 -13
-1.25550 -0.20496 51.86803 0 0 6.27897 32.72161 0.68265 -13
-0.41494 -0.03352 66.46740 0 0 1.10023 61.39713 1.17768 -13
-0.82350 -0.18269 30.17303 0 0 5.61437 23.44598 0.88993 -13
-0.79838 0.04418 14.84094 0 0 -1.21040 11.60224 0.89752 -13
-0.24475 -0.22771 27.94421 0 0 6.93105 27.18093 1.33654 13
-1.29164 -0.12429 90.19735 0 0 3.83919 55.48226 0.66253 -13
1.39576 -0.07535 24.61338 0 0 2.38706 14.36184 2.51857 -13
-0.39783 -0.06773 79.36860 0 0 2.13090 73.76978 1.19295 -13
-1.56779 -0.19607 65.83578 0 0 6.01028 35.87974 0.57636 -13
-1.13597 -0.24297 89.46539 0 0 7.40217 60.06587 0.73607 13
0.97235 -0.06779 76.50986 0 0 2.13506 54.91449 2.34103 -13
0.41647 -0.12790 92.08856 0 0 3.94506 85.11244 1.96255 -13
0.05563 0.14733 30.11586 0 0 -4.34646 30.07035 1.62578 -13
0.05682 -0.25150 30.11586 0 0 7.68502 30.07035 1.62585 -13
0.00132 -0.19531 13.37507 0 0 5.93699 13.37506 1.57210 13
0.32045 -0.09030 54.71656 0 0 2.79591 52.12610 1.87973 13
-1.42119 -0.04134 51.42847 0 0 1.34451 29.61191 0.61356 -13
-0.68360 0.09359 13.96299 0 0 -2.69923 11.54296 0.97319 -13
-1.89967 -0.14862 62.45753 0 0 4.54763 29.34417 0.48907 13
0.09379 0.13119 84.90815 0 0 -3.87024 84.54337 1.66352 -13
0.09628 -0.26842 84.90815 0 0 8.18456 84.54337 1.66352 -13
-0.54633 -0.16342 80.01792 0 0 5.00463 70.43214 1.07630 13
1.49163 0.00216 55.60314 0 0 0.03200 30.96324 2.55100 -13
-0.13667 0.10082 46.87212 0 0 -2.94952 46.44474 1.43564 -13
-1.44532 -0.07881 54.28896 0 0 2.44282 30.95359 0.60671 13
1.35259 -0.12556 31.54965 0 0 3.89668 18.85085 2.50122 -13
1.09100 -0.21733 94.75263 0 0 6.64462 64.82348 2.38818 -13
-0.13049 0.01553 77.90222 0 0 -0.39332 77.24748 1.44106 13
0.07024 -0.20716 82.81820 0 0 6.33603 82.62303 1.63946 -13
0.56881 -0.19385 27.92756 0 0 5.95005 24.38332 2.08008 -13
1.17596 -0.06957 55.79283 0 0 2.16582 36.19401 2.43569 13
0.46638 -0.22471 66.35158 0 0 6.86794 60.39325 1.99783 -13
0.91164 0.10378 45.49531 0 0 -3.06363 33.70312 2.30734 13
-0.05742 0.05211 13.09450 0 0 -1.52911 13.07300 1.51352 13
-0.20431 0.10432 55.93984 0 0 -3.05679 54.81937 1.37032 -13
0.03497 -0.14621 63.07447 0 0 4.50244 63.03687 1.60538 -13
0.53234 0.04352 70.48338 0 0 -1.22394 62.23001 2.05959 -13
0.88273 -0.17087 6.55869 0 0 5.33677 4.94789 2.28686 -13
-0.51373 -0.21607 87.84114 0 0 6.60495 78.49983 1.10544 -13
-0.12561 -0.12158 10.25848 0 0 3.79653 10.17975 1.44675 -13
1.80573 -0.06685 99.04861 0 0 2.10777 48.06770 2.63490 -13
-0.99403 0.11373 97.57789 0 0 -3.35665 69.42466 0.79161 13
0.61408 -0.19626 18.78465 0 0 6.03210 16.08893 2.11312 -13
0.49589 0.04419 29.30229 0 0 -1.27040 26.25678 2.03077 13
1.21563 -0.23980 32.76593 0 0 7.33994 21.16151 2.43946 -13
0.13275 -0.16251 50.08146 0 0 4.97317 49.65702 1.70108 13
-1.92512 0.02708 23.51217 0 0 -0.77927 10.84114 0.47924 13
-1.26606 0.03221 11.58147 0 0 -0.82273 7.18080 0.66877 -13
-1.30553 -0.00917 26.76278 0 0 0.38674 16.27477 0.65366 -13
-1.98574 0.10323 80.74570 0 0 -3.04622 36.47280 0.46865 13
-1.41557 -0.23589 38.36000 0 0 7.21986 22.53350 0.62784 -13
-0.45287 -0.07515 29.91705 0 0 2.36576 27.26568 1.14662 -13
0.23994 -0.05827 10.89237 0 0 1.79284 10.59283 1.80591 13
-0.42806 -0.22323 13.14556 0 0 6.86109 12.12936 1.17506 -13
0.59957 0.05805 87.72220 0 0 -1.67665 75.26884 2.11016 13
-1.27125 -0.04693 76.44505 0 0 1.50704 47.29539 0.66707 -13
-0.81129 -0.14442 11.98184 0 0 4.38492 9.34248 0.89426 13
-1.78507 -0.10179 57.35088 0 0 3.13368 28.13974 0.51284 13
-1.95947 -0.06663 9.31990 0 0 1.96924 4.24380 0.47278 13
-0.31958 0.13562 83.96497 0 0 -4.01588 80.04695 1.26410 13
-0.32752 -0.26378 83.96497 0 0 8.03194 80.04695 1.26410 13
-0.19630 -0.23892 45.07663 0 0 7.30010 44.27679 1.38214 -13
1.45540 -0.16965 36.86573 0 0 5.17499 21.07786 2.53294 13
-0.65128 -0.01572 5.79341 0 0 0.45562 4.85474 0.99358 13
0.50487 -0.07205 23.36043 0 0 2.23122 20.86430 2.03729 13
-1.44931 -0.00775 77.32206 0 0 0.30467 43.91360 0.60399 13
0.97344 0.08490 49.37507 0 0 -2.49388 35.44218 2.34094 13
-0.95869 -0.21967 83.75971 0 0 6.69944 61.14029 0.81825 13
0.02040 -0.13363 56.72351 0 0 4.10345 56.71190 1.59102 13
1.15578 -0.08577 59.53897 0 0 2.65559 39.03808 2.42652 13
-0.38721 -0.00929 50.41742 0 0 0.37196 47.01613 1.20138 -13
0.41492 -0.18837 51.43926 0 0 5.77477 47.63163 1.95797 -13
0.00855 0.00657 38.99517 0 0 -0.12922 38.99374 1.57935 13
-0.93486 -0.16410 50.95639 0 0 5.01885 37.45360 0.82568 13
-1.56392 0.06517 37.22815 0 0 -1.86128 20.08559 0.56986 -13
-0.81392 -0.17460 62.23439 0 0 5.33764 48.55447 0.89497 13
0.99306 -0.04378 54.86527 0 0 1.39134 38.94379 2.35223 13
-0.38047 -0.02144 54.23027 0 0 0.73748 50.68707 1.20731 -13
-0.32976 -0.19275 67.74130 0 0 5.88814 64.44693 1.25765 13
1.18417 -0.21387 50.50346 0 0 6.54995 33.00851 2.42927 -13
0.93460 0.04188 30.48783 0 0 -1.16000 22.28348 2.32197 -13
0.15145 -0.20108 27.34003 0 0 6.12870 27.04348 1.71819 13
-0.22248 -0.10823 51.48726 0 0 3.33702 50.27229 1.35311 13
-0.02509 -0.03856 8.19170 0 0 1.18546 8.18912 1.54573 13
0.00567 -0.04148 71.75480 0 0 1.33935 71.75365 1.57646 -13
-0.74333 0.11535 31.72389 0 0 -3.37860 25.52043 0.93474 -13
-0.30374 0.05699 82.59912 0 0 -1.64389 79.04456 1.27636 13
-1.71487 0.03194 31.62265 0 0 -0.85238 15.93596 0.52815 -13
-0.64985 -0.17743 12.85488 0 0 5.48113 10.82812 1.00159 -13
0.86118 0.13028 87.37246 0 0 -3.84108 66.44236 2.27759 -13
0.88441 -0.26936 87.37246 0 0 8.21533 66.44236 2.27759 -13
-0.63924 0.14857 87.37246 0 0 -3.12689 66.44236 2.13463 -13
0.11815 -0.09583 35.06296 0 0 2.98655 34.82293 1.68787 -13
1.51314 -0.17728 55.54934 0 0 5.44524 30.95722 2.55047 -13
-0.78225 -0.15008 50.00190 0 0 4.59628 39.54909 0.91237 13
0.41122 -0.02946 30.55862 0 0 0.98686 28.26404 1.96079 -13
0.00789 -0.20687 29.56839 0 0 6.33888 29.56750 1.57852 -13
-0.07959 -0.02882 94.32553 0 0 0.94575 94.02836 1.49140 13
1.15433 -0.12135 26.08120 0 0 3.71281 17.14829 2.42409 13
-1.74348 -0.15081 30.96343 0 0 4.59786 15.53614 0.52562 13
0.13480 -0.12803 67.31153 0 0 3.95046 66.71781 1.70371 -13
-0.17224 -0.24626 41.42837 0 0 7.49653 40.86076 1.40508 13
0.49760 0.13900 27.14698 0 0 -4.09183 24.35008 2.02871 -13
0.50927 -0.26020 27.14698 0 0 7.95131 24.35008 2.02872 -13
-0.54307 0.03149 55.65111 0 0 -0.85871 48.91021 1.07349 -13
-0.92263 0.11595 47.58857 0 0 -3.43038 35.08271 0.82895 13
1.00439 0.06002 15.79540 0 0 -1.68675 11.15440 2.35749 -13
1.70741 -0.18664 19.22295 0 0 5.76390 9.83925 2.60427 -13
0.71142 -0.09988 5.67930 0 0 3.20158 4.63541 2.18680 -13
-0.42481 -0.00012 65.61519 0 0 0.07667 60.39182 1.16909 13
-2.06782 -0.14435 48.92661 0 0 4.45791 21.47825 0.45450 -13
0.47952 -0.02685 48.27982 0 0 0.90247 43.53666 2.01778 -13
-1.38572 0.06907 27.72807 0 0 -1.97360 16.25183 0.62624 -13
-1.87699 0.03170 51.94177 0 0 -0.85488 24.43239 0.48973 -13
0.84281 0.00459 79.59159 0 0 -0.06469 60.85979 2.27110 13
1.45766 0.07298 51.16484 0 0 -2.13701 28.99599 2.53906 13
0.10697 -0.11713 68.50610 0 0 3.60750 68.12274 1.67664 13
-1.03023 0.10190 49.47782 0 0 -2.97923 34.55250 0.77309 -13
-0.18772 -0.12392 64.49015 0 0 3.82680 63.39946 1.38661 -13
1.82122 -0.10892 99.11712 0 0 3.37670 47.92293 2.63696 -13
0.58372 -0.16198 30.37808 0 0 4.94818 26.32144 2.09354 13
1.35199 -0.17360 55.35400 0 0 5.33515 33.23145 2.49764 -13
-0.47913 -0.00520 65.17801 0 0 0.24649 58.77955 1.12399 -13
0.15044 -0.22298 28.54170 0 0 6.78890 28.23887 1.71659 13
-0.11336 -0.11932 93.37058 0 0 3.67534 92.78460 1.45871 13
-1.57218 0.06687 91.40272 0 0 -1.92636 49.13295 0.56752 -13
-1.95182 -0.15088 38.71038 0 0 4.66053 17.81071 0.47805 -13
-0.31718 0.09005 61.99361 0 0 -2.64316 59.11421 1.26481 13
0.24505 0.14405 60.79191 0 0 -4.27304 59.07893 1.80874 13
0.25029 -0.25497 60.79191 0 0 7.76280 59.07893 1.80873 13
0.13749 0.01779 23.19439 0 0 -0.47564 22.97805 1.70741 13
-0.04914 0.10402 18.85726 0 0 -3.03029 18.83481 1.52196 -13
1.52988 -0.14444 47.21789 0 0 4.45518 26.02157 2.55792 -13
1.34198 0.10177 57.73682 0 0 -3.00314 34.61328 2.49872 13
1.54852 -0.02531 49.31682 0 0 0.82652 26.75991 2.56805 13
-0.04751 -0.06995 27.18842 0 0 2.17338 27.15792 1.52343 13
-0.78486 0.03534 20.65544 0 0 -0.95509 16.25249 0.90566 -13
-0.01052 0.10111 54.82467 0 0 -2.96027 54.82166 1.56033 -13
1.15879 0.14829 36.31836 0 0 -4.41160 23.87580 2.42424 13
1.18168 -0.25055 36.31836 0 0 7.61871 23.87580 2.42423 13
0.45956 -0.11416 42.19574 0 0 3.53781 38.38408 1.99912 -13
1.21161 -0.01232 4.89978 0 0 0.60748 3.11865 2.45155 -13
-0.47555 0.07106 34.75602 0 0 -2.07836 31.40240 1.12788 13
0.18934 0.02521 14.31153 0 0 -0.64474 14.06191 1.75786 -13
0.63235 0.09089 92.41872 0 0 -2.66607 78.20338 2.13281 13
-1.62814 -0.20734 96.79090 0 0 6.32584 51.43177 0.56022 13
-0.02734 -0.07056 31.27740 0 0 2.22591 31.26579 1.54353 -13
0.51549 -0.04905 37.48008 0 0 1.54616 33.32283 2.04627 13
0.52568 0.09840 18.41634 0 0 -2.91509 16.31731 2.05279 13
-0.78449 0.14386 94.04950 0 0 -4.25176 74.28415 0.91055 -13
-0.80136 -0.25515 94.04950 0 0 7.78448 74.28415 0.91056 -13
0.12313 -0.16349 96.14479 0 0 5.00780 95.44268 1.69172 13
-1.53834 0.07358 29.02017 0 0 -2.16887 15.84621 0.57765 13
0.50037 -0.17525 19.15125 0 0 5.33855 17.17804 2.02872 13
-0.47223 -0.08738 87.90968 0 0 2.72341 79.54680 1.13108 -13
-0.02154 -0.08619 89.25559 0 0 2.67592 89.23504 1.54934 13
-0.81265 -0.18475 93.40905 0 0 5.66054 72.97179 0.89659 -13
0.67462 -0.15738 74.63861 0 0 4.82064 62.11033 2.15863 13
2.13106 -0.12139 23.66430 0 0 3.79122 10.11261 2.70003 -13
0.11097 -0.23138 59.03991 0 0 7.06996 58.69786 1.67849 -13
-0.31130 -0.17556 26.46768 0 0 5.39682 25.30485 1.27329 -13
1.32643 0.12600 76.22390 0 0 -3.71034 46.11751 2.49181 -13
1.36448 -0.27386 76.22390 0 0 8.35336 46.11751 2.49181 -13
2.00602 0.13981 75.56303 0 0 -4.15050 33.97253 2.67527 13
2.05243 -0.25937 75.56303 0 0 7.89102 33.97253 2.67527 13
0.71878 0.07342 39.43628 0 0 -2.14816 32.05195 2.19274 13
-0.07660 0.11583 10.53252 0 0 -3.45816 10.50218 1.49485 13
-0.23057 0.10734 97.47435 0 0 -3.15164 95.00955 1.34544 -13
-0.24704 -0.15444 27.19824 0 0 4.75864 26.42210 1.33133 -13
1.93258 -0.05876 82.95654 0 0 1.86646 38.17570 2.66338 -13
0.05652 0.01330 70.06091 0 0 -0.32631 69.94930 1.62725 13
-0.25537 0.06397 89.62635 0 0 -1.85385 86.85022 1.32126 13
0.36169 -0.07796 58.44539 0 0 2.42410 54.98004 1.91688 13
-0.32396 -0.12235 63.19252 0 0 3.76378 60.15875 1.25968 13
-0.29045 0.00881 13.89896 0 0 -0.14804 13.34748 1.28814 -13
-0.73404 -0.22225 87.86306 0 0 6.79184 71.42074 0.94905 -13
0.87850 -0.02266 71.87919 0 0 0.75584 54.00675 2.29148 13
0.16574 0.11303 56.59338 0 0 -3.31942 55.84123 1.73402 -13
1.49363 0.12184 25.46191 0 0 -3.62927 14.23730 2.54821 13
1.53910 -0.27842 25.46191 0 0 8.44122 14.23730 2.54823 13
-0.23024 -0.11505 94.99282 0 0 3.54654 92.60138 1.34593 13
1.13629 -0.11813 93.74351 0 0 3.65288 62.17346 2.41647 -13
-0.31522 -0.16762 32.95012 0 0 5.12165 31.46464 1.26938 13
