1.78520 -0.27203 96.43237 0 0 8.29725 48.41399 2.61562 -13
-0.29318 -0.11144 72.96299 0 0 3.43576 70.04978 1.28727 13
-0.66027 -0.00498 90.44507 0 0 0.22515 75.47716 0.98724 13
-0.96135 -0.09132 48.89259 0 0 2.82246 35.31672 0.80718 13
1.77135 -0.09021 6.20689 0 0 2.96719 3.06061 2.62592 -13
-1.85938 -0.00628 77.27539 0 0 0.25720 36.60279 0.49345 13
-0.72222 -0.22894 52.07728 0 0 6.97580 42.58325 0.95739 13
-0.27276 -0.00591 70.46012 0 0 0.25224 67.97695 1.30452 13
-0.32230 -0.20264 31.55441 0 0 6.17719 30.08882 1.26483 13
0.47631 -0.24520 66.21388 0 0 7.46900 60.09517 2.00408 13
-0.97355 -0.14126 76.55384 0 0 4.33364 55.11580 0.80374 13
-0.22239 0.07569 15.14084 0 0 -2.16841 14.78173 1.35257 -13
0.92556 -0.23124 55.03566 0 0 7.07007 40.87187 2.30459 -13
-0.77695 0.10271 55.01884 0 0 -3.00623 43.53238 0.91281 -13
1.34569 0.07964 6.29628 0 0 -2.19207 3.76299 2.50100 -13
0.76706 -0.18732 85.20899 0 0 5.72441 68.03814 2.21682 13
-0.59344 -0.16341 41.01736 0 0 4.99623 35.39385 1.04098 13
0.79228 -0.24547 47.55044 0 0 7.47292 37.68608 2.22662 13
-1.82639 -0.13591 26.77978 0 0 4.21947 12.95154 0.50481 -13
-0.60241 0.12210 68.64486 0 0 -3.59391 58.91572 1.03187 -13
-0.62066 -0.27804 68.64486 0 0 8.47644 58.91572 1.03187 -13
0.79500 -0.21056 97.76980 0 0 6.42649 77.16842 2.23194 13
-0.10289 0.08600 23.96002 0 0 -2.49183 23.83511 1.46864 -13
0.77089 0.05910 32.13269 0 0 -1.72103 25.46511 2.22669 13
-0.66027 0.06224 70.91118 0 0 -1.78793 59.21052 0.98813 -13
0.03451 -0.09054 55.39184 0 0 2.80354 55.35917 1.60515 13
1.10357 0.05093 9.02852 0 0 -1.37253 6.06695 2.40474 -13
-1.77579 -0.04585 54.46510 0 0 1.48231 26.74626 0.51332 -13
-0.19141 0.01681 80.37044 0 0 -0.43218 78.93777 1.38170 13
-0.65295 0.03527 74.56323 0 0 -0.97510 62.44436 0.99264 -13
0.07350 -0.08667 98.40802 0 0 2.70072 98.14520 1.64389 -13
1.95128 -0.18027 74.08146 0 0 5.53386 34.21611 2.66149 -13
0.45362 0.14343 61.84437 0 0 -4.25389 56.41786 1.99283 13
0.46346 -0.25560 61.84437 0 0 7.78296 56.41786 1.99284 13
0.30705 0.08836 24.05434 0 0 -2.60582 23.00240 1.86762 13
1.10661 0.07654 90.48069 0 0 -2.21948 60.76195 2.40530 -13
-0.21682 -0.21422 27.57171 0 0 6.52507 26.97200 1.36188 13
0.59234 0.08502 47.44501 0 0 -2.49565 40.85917 2.10398 13
-0.21086 -0.01057 66.85068 0 0 0.40764 65.41243 1.36299 -13
-1.08018 0.10975 56.03186 0 0 -3.21616 38.18684 0.74986 -13
-2.03543 0.09777 55.66570 0 0 -2.84756 24.63987 0.45855 -13
-0.32451 -0.01945 14.06408 0 0 0.70429 13.37748 1.25707 -13
0.16250 0.12750 64.27882 0 0 -3.77239 63.45963 1.73062 13
0.16707 -0.27235 64.27882 0 0 8.28877 63.45963 1.73062 13
-0.52857 -0.07827 60.49633 0 0 2.43303 53.52016 1.08582 13
1.22788 0.04711 83.83831 0 0 -1.34883 52.97825 2.45758 13
0.96755 -0.01833 30.40028 0 0 0.65573 21.84972 2.33962 -13
0.67519 0.03303 72.54059 0 0 -0.92317 60.13025 2.16442 13
0.89162 0.11519 32.27512 0 0 -3.41453 24.15989 2.29569 13
0.21630 -0.06013 79.49469 0 0 1.90133 77.70416 1.78344 -13
-1.04292 0.14719 56.46452 0 0 -4.37113 39.29728 0.76975 13
-1.06402 -0.25169 56.46452 0 0 7.66058 39.29728 0.76973 13
0.69130 -0.22146 75.02593 0 0 6.75371 62.18662 2.16451 13
-0.01475 -0.04329 69.78381 0 0 1.39424 69.77623 1.55606 -13
0.91211 -0.23701 80.15553 0 0 7.23810 59.94953 2.29668 -13
0.50755 0.01688 2.98889 0 0 -0.24552 2.66571 2.04041 -13
-0.08120 -0.02838 84.55193 0 0 0.94292 84.27479 1.48981 -13
1.70151 -0.22765 75.90016 0 0 6.93561 39.18175 2.59915 13
-0.63279 0.00976 22.80149 0 0 -0.18891 19.26822 1.00664 -13
0.09868 0.11861 8.60592 0 0 -3.43900 8.56490 1.66848 -13
1.14579 -0.11508 54.57221 0 0 3.53893 36.01831 2.42077 13
-1.87653 0.08753 99.49700 0 0 -2.54921 46.93205 0.49120 -13
-0.96405 0.01834 59.70124 0 0 -0.46096 42.98420 0.80379 -13
0.27631 -0.11280 9.74807 0 0 3.53587 9.40014 1.83876 -13
-0.11267 0.06606 12.22213 0 0 -1.87166 12.14559 1.45885 -13
-0.03591 -0.02772 94.38781 0 0 0.92247 94.32708 1.53492 -13
-0.17384 -0.03428 33.56287 0 0 1.12992 33.06745 1.39878 -13
1.76985 -0.11706 18.52275 0 0 3.55723 9.15797 2.62437 13
0.32921 -0.00979 60.19753 0 0 0.38485 57.17902 1.88882 -13
-0.65401 -0.14346 13.98489 0 0 4.44772 11.73927 0.99626 -13
0.54729 -0.21304 28.21550 0 0 6.52865 24.87594 2.06226 -13
-0.19031 -0.10897 58.61233 0 0 3.37713 57.59079 1.38381 -13
0.15352 0.08421 95.52474 0 0 -2.45376 94.42625 1.72259 -13
-0.57602 0.13817 57.07626 0 0 -4.09669 49.57369 1.05228 13
-0.58972 -0.26110 57.07626 0 0 7.94712 49.57369 1.05228 13
0.57579 -0.11580 46.93240 0 0 3.56208 40.73940 2.09035 13
-0.67206 -0.17937 89.01250 0 0 5.48526 74.23963 0.98638 13
-1.44213 -0.18286 72.44498 0 0 5.60779 41.73743 0.61402 -13
-0.24361 0.02446 12.06772 0 0 -0.61523 11.72501 1.33191 -13
-1.63987 0.12293 17.77218 0 0 -3.67876 9.30386 0.55094 13
-1.68889 -0.27735 17.77218 0 0 8.38886 9.30386 0.55098 13
0.39016 -0.15846 33.65696 0 0 4.84533 31.40597 1.93862 13
0.43518 -0.00717 67.21709 0 0 0.29054 61.63405 1.98125 13
1.59635 -0.17932 79.12878 0 0 5.50224 42.48447 2.57482 -13
-1.18639 0.02191 43.00296 0 0 -0.59728 27.71864 0.70047 13
-0.30862 0.10136 24.70679 0 0 -2.95608 23.61859 1.27289 -13
-0.49091 0.13748 85.97256 0 0 -4.05933 77.31467 1.11814 -13
-0.50273 -0.26180 85.97256 0 0 7.98508 77.31467 1.11813 -13
-1.01050 -0.06001 66.38645 0 0 1.90230 46.74087 0.78107 -13
1.36297 -0.19780 75.95251 0 0 6.05899 45.49018 2.49943 -13
0.33563 -0.13423 85.40232 0 0 4.13651 81.03655 1.89193 -13
0.32751 -0.02928 95.26249 0 0 0.95918 90.53463 1.88717 13
0.19614 -0.24287 36.54723 0 0 7.39333 35.90089 1.75914 13
0.11348 -0.19516 67.78200 0 0 5.97538 67.36544 1.68172 -13
1.05037 0.04890 83.82392 0 0 -1.40240 57.83485 2.38016 13
-1.53039 0.06990 44.97297 0 0 -2.04680 24.64180 0.57990 13
-0.09341 -0.07783 59.25337 0 0 2.43805 58.99809 1.47793 -13
1.07532 0.05591 6.49818 0 0 -1.49449 4.42882 2.39169 -13
0.49460 -0.13076 98.37522 0 0 4.01989 88.32535 2.02676 13
1.48435 -0.24123 48.74175 0 0 7.37770 27.76305 2.53557 -13
0.58965 -0.06058 83.88887 0 0 1.91520 72.29595 2.10277 -13
-0.78679 0.08797 39.05567 0 0 -2.55651 30.73944 0.90603 -13
0.41697 -0.38335 39.05567 0 0 -2.54619 30.73944 1.94209 -13
-0.57932 0.43240 39.05567 0 0 -1.18483 30.73944 2.05951 -13
0.84095 0.14296 39.05567 0 0 -2.04958 30.73944 2.26503 -13
-1.81386 -0.44865 39.05567 0 0 -1.57340 30.73944 2.59805 -13
-0.29753 0.37336 39.05567 0 0 -2.42175 30.73944 1.29896 -13
-0.34947 -0.14085 35.83851 0 0 4.34400 33.86781 1.23764 -13
1.37712 0.06832 24.35638 0 0 -2.01306 14.33302 2.51242 13
1.21945 -0.13161 88.47961 0 0 4.04239 56.39228 2.45053 13
0.31329 0.08646 48.97111 0 0 -2.51643 46.74708 1.87334 -13
1.06685 -0.05352 88.32715 0 0 1.70350 60.45058 2.38781 -13
-1.76527 0.05247 61.04237 0 0 -1.48514 30.11848 0.51600 -13
0.48689 -0.02472 84.56812 0 0 0.83311 76.03924 2.02378 -13
0.37560 -0.02930 64.74583 0 0 0.95703 60.61459 1.92995 13
0.05564 0.11871 13.01646 0 0 -3.46346 12.99669 1.62599 -13
1.44154 0.01254 37.39323 0 0 -0.27415 21.31486 2.53507 -13
0.52021 -0.18284 59.82994 0 0 5.58790 53.26108 2.04378 13
-0.58686 -0.21280 21.04734 0 0 6.52872 18.25393 1.04971 -13
-1.56971 -0.06941 32.82394 0 0 2.20371 17.66704 0.56832 -13
-1.05626 0.05460 20.03003 0 0 -1.53129 13.78126 0.75879 -13
0.67274 -0.18752 47.99694 0 0 5.72484 40.03655 2.15501 13
0.61105 -0.13955 33.91657 0 0 4.27362 29.01667 2.11502 13
0.29821 -0.13635 93.19718 0 0 4.18868 89.37770 1.85809 13
0.57427 -0.21786 41.74070 0 0 6.66762 36.40158 2.08213 -13
-0.38631 -0.02635 11.53155 0 0 0.91964 10.75734 1.20227 -13
0.65432 -0.00845 85.30431 0 0 0.34279 71.38242 2.15019 -13
-0.47500 -0.09043 77.83164 0 0 2.80201 70.35632 1.12893 13
-0.66662 -0.06027 76.32247 0 0 1.89195 63.54091 0.98366 13
0.12557 0.08906 51.49215 0 0 -2.61380 51.09408 1.69523 13
0.07243 -0.11830 89.75079 0 0 3.65503 89.51950 1.64260 -13
-0.07400 -0.07612 4.37976 0 0 2.26805 4.36786 1.49714 13
0.45749 -0.01157 86.09912 0 0 0.43629 78.29576 1.99983 -13
-0.99026 0.14294 88.79171 0 0 -4.23804 63.40667 0.79535 13
-1.01194 -0.25616 88.79171 0 0 7.80006 63.40667 0.79535 13
1.57616 -0.18629 93.17846 0 0 5.69108 50.52623 2.56848 13
-0.07501 -0.08884 6.98443 0 0 2.68948 6.96501 1.49622 13
-0.13748 -0.16460 6.44492 0 0 4.96610 6.38647 1.43597 13
0.12853 -0.01024 82.82886 0 0 0.38416 82.15319 1.69862 13
1.21632 0.02141 49.59954 0 0 -0.54911 31.50356 2.45338 -13
0.05518 0.11033 42.23822 0 0 -3.23508 42.17480 1.62559 -13
0.29339 0.00044 7.57220 0 0 0.13378 7.26589 1.85618 -13
-0.28290 0.14376 73.64327 0 0 -4.24823 70.91545 1.29777 -13
-0.28900 -0.25525 73.64327 0 0 7.78808 70.91545 1.29777 -13
-0.02979 -0.01261 26.60132 0 0 0.48017 26.58952 1.54101 -13
-0.09003 0.11963 58.42642 0 0 -3.51879 58.19440 1.48165 -13
-0.09282 -0.28065 58.42642 0 0 8.55658 58.19440 1.48167 -13
-0.90633 0.01324 98.20772 0 0 -0.31145 72.77075 0.83454 -13
-1.93617 -0.23868 47.00640 0 0 7.25761 22.04593 0.48813 13
1.23332 -0.03941 50.44748 0 0 1.26214 31.79138 2.45991 13
-0.87843 -0.12341 45.33991 0 0 3.79090 34.17618 0.85377 13
-0.59479 -0.03006 1.18306 0 0 1.45648 1.01689 1.03442 -13
0.73800 -0.21425 91.85116 0 0 6.53741 74.48291 2.19589 13
-0.44839 -0.16130 22.08823 0 0 4.92035 20.19806 1.15406 13
0.56867 1.08571 22.08823 0 0 4.87619 20.19806 1.93853 13
-0.97088 -1.17372 22.08823 0 0 5.39717 20.19806 2.13273 13
-0.57931 0.96553 22.08823 0 0 5.21019 20.19806 1.17593 13
4.72837 -10.44654 22.08823 0 0 5.71659 20.19806 1.14747 13
0.11844 -0.97447 22.08823 0 0 6.23791 20.19806 1.48617 13
-0.03568 0.04068 23.52265 0 0 -1.16749 23.50772 1.53516 13
-0.64039 0.00044 42.84224 0 0 0.08118 36.07828 1.00120 -13
-0.76491 0.12471 23.53306 0 0 -3.70634 18.74488 0.92154 13
-0.78727 -0.27531 23.53306 0 0 8.35903 18.74488 0.92154 13
-0.31716 0.14407 18.31367 0 0 -4.23648 17.47289 1.26662 -13
-0.32400 -0.25490 18.31367 0 0 7.79941 17.47289 1.26658 -13
-0.19726 -0.04978 12.71195 0 0 1.62277 12.47222 1.37627 -13
-1.05214 -0.11042 54.55247 0 0 3.42503 37.70187 0.76302 -13
-0.33941 -0.11665 97.61468 0 0 3.59502 92.49965 1.24563 13
-0.60901 0.02713 97.36581 0 0 -0.74302 83.16659 1.02394 13
0.14238 0.02098 10.91127 0 0 -0.50715 10.80239 1.71219 -13
-1.23151 -0.04265 72.44600 0 0 1.37692 45.69282 0.68247 -13
0.13984 -0.23268 56.49146 0 0 7.10834 55.97468 1.70617 -13
-0.88054 -0.02927 13.24096 0 0 0.91490 9.93898 0.84905 13
-1.53247 0.11761 33.88561 0 0 -3.43937 18.60703 0.58131 -13
-0.70811 -0.10665 63.42044 0 0 3.30783 51.85523 0.95731 -13
-0.99733 -0.13211 86.80846 0 0 4.05852 61.72924 0.79106 13
0.33351 -0.21812 88.08424 0 0 6.65555 83.75013 1.88580 13
0.03798 0.08611 77.67107 0 0 -2.52275 77.61553 1.60861 13
0.88256 -0.13269 83.03140 0 0 4.07628 62.49011 2.28957 13
-0.49093 0.02645 66.56629 0 0 -0.70839 59.75791 1.11457 -13
-0.52099 -0.11144 39.50672 0 0 3.45675 35.08307 1.09302 -13
0.33317 0.02536 31.40397 0 0 -0.66759 29.79488 1.89230 -13
1.49835 -0.23740 97.74808 0 0 7.23297 55.29152 2.54036 13
0.52990 -0.11105 69.27435 0 0 3.43911 61.29354 2.05554 -13
0.13702 0.07332 18.69637 0 0 -2.15691 18.52428 1.70661 13
-0.96809 0.01838 38.26110 0 0 -0.49095 27.49199 0.80169 13
0.85721 -0.12039 37.49644 0 0 3.69547 28.55508 2.27591 13
-1.53759 -0.17049 78.52924 0 0 5.21299 43.24588 0.58320 13
-0.31367 0.07836 76.14446 0 0 -2.27556 72.67382 1.26772 -13
0.44631 -0.22089 66.98941 0 0 6.75269 61.41137 1.98178 -13
-1.17006 -0.03874 96.25086 0 0 1.24289 62.56166 0.70756 13
-0.23122 -0.18240 3.69035 0 0 5.44047 3.59848 1.34714 13
0.63524 0.01193 58.53363 0 0 -0.28855 49.40869 2.13669 13
0.22125 -0.06171 18.33443 0 0 1.91502 17.90318 1.78813 13
-0.02686 0.04045 27.79940 0 0 -1.12161 27.78941 1.54396 -13
0.58996 -0.03844 52.25271 0 0 1.22992 45.01290 2.10348 13
0.38923 0.07280 95.66432 0 0 -2.12004 89.18014 1.94109 13
0.38015 -0.23006 90.06057 0 0 7.02707 84.45135 1.92559 -13
0.98936 -0.01582 99.65087 0 0 0.56529 70.84390 2.35078 -13
-1.74295 0.13386 36.78575 0 0 -3.93001 18.42884 0.52473 -13
-1.78739 -0.26560 36.78575 0 0 8.12105 18.42884 0.52474 -13
-0.93463 -0.01386 64.64494 0 0 0.48977 47.23047 0.81922 13
1.34964 0.09103 32.42040 0 0 -2.63950 19.35265 2.50194 -13
-0.94336 0.12931 17.37380 0 0 -3.78020 12.68711 0.81867 -13
-0.96917 -0.27031 17.37380 0 0 8.27855 12.68711 0.81866 -13
0.46282 0.05148 66.99080 0 0 -1.47901 60.80939 2.00376 13
0.92939 0.13655 45.41076 0 0 -4.02452 33.40532 2.31501 -13
0.95214 -0.26280 45.41076 0 0 8.02200 33.40532 2.31502 -13
-1.24963 -0.06160 44.57904 0 0 1.92263 27.88574 0.67581 13
-0.75295 -0.18874 82.04923 0 0 5.76760 65.95774 0.93380 13
1.82980 -0.19468 19.22550 0 0 5.89847 9.35190 2.63357 13
2.05378 -0.24875 86.08614 0 0 7.59755 38.60733 2.67655 -13
-0.81500 -0.18722 66.72102 0 0 5.71942 52.07287 0.89540 13
-0.18369 0.04430 53.62255 0 0 -1.26429 52.74196 1.38931 13
-0.18698 -0.10494 43.07804 0 0 3.23544 42.35187 1.38693 13
1.34774 -0.06749 49.52467 0 0 2.10031 29.55433 2.50216 13
1.82198 -0.00820 21.89144 0 0 0.28251 10.53360 2.63962 13
0.00385 0.12480 6.67793 0 0 -3.75708 6.67787 1.57461 13
0.00406 -0.27548 6.67793 0 0 8.30673 6.67787 1.57471 13
-1.15971 -0.02052 29.78468 0 0 0.67484 19.45255 0.71169 13
-0.97669 -0.14244 44.04322 0 0 4.39384 31.66205 0.80221 -13
-0.03167 -0.15141 59.48807 0 0 4.64035 59.45893 1.53950 13
0.24233 -0.09558 33.86380 0 0 2.94981 32.91947 1.80750 13
-0.56630 -0.11527 43.83794 0 0 3.54603 38.20640 1.05835 13
-0.11703 -0.01503 21.44862 0 0 0.55701 21.30328 1.45431 -13
0.59400 -0.10690 37.25853 0 0 3.29094 32.08092 2.10430 13
-1.03859 -0.04303 63.39931 0 0 1.39033 43.99513 0.76693 -13
-0.34820 0.02947 22.02986 0 0 -0.78437 20.80572 1.23586 -13
-1.31836 0.02532 14.49880 0 0 -0.62708 8.76390 0.64909 -13
-0.63993 -0.01139 3.67333 0 0 0.26788 3.09412 1.00156 13
-0.06541 0.03476 76.04761 0 0 -0.97363 75.88562 1.50552 13
1.35090 -0.04882 56.21496 0 0 1.56851 33.47194 2.50379 -13
0.03378 0.11359 36.44682 0 0 -3.33229 36.42631 1.60435 -13
-0.42550 -0.16696 30.74463 0 0 5.09984 28.34909 1.17343 13
1.03110 -0.06858 74.90995 0 0 2.14170 52.21492 2.37033 13
0.26051 0.07927 57.53898 0 0 -2.31866 55.69176 1.82487 13
-0.31244 -0.08710 14.28284 0 0 2.67311 13.63757 1.26904 13
2.04075 -0.05026 14.04552 0 0 1.51589 6.18659 2.68547 13
-0.12908 -0.01666 38.95260 0 0 0.57115 38.63219 1.44244 13
-1.56394 -0.19383 32.36821 0 0 5.89907 17.66575 0.57730 13
-1.30849 0.03274 53.31404 0 0 -0.92255 32.38440 0.65281 13
-1.99003 -0.22381 35.36581 0 0 6.80086 16.19094 0.47552 13
0.39231 -0.03845 5.08040 0 0 1.34530 4.72971 1.94440 -13
-1.61645 -0.03053 65.56929 0 0 0.98841 34.50704 0.55422 13
-1.74047 -0.22888 64.08227 0 0 7.00144 32.53965 0.53260 -13
1.34366 -0.21227 35.52643 0 0 6.45982 21.51063 2.49121 13
0.27186 0.06718 40.25267 0 0 -1.93216 38.84887 1.83567 -13
-0.10196 -0.05247 95.88596 0 0 1.65887 95.39280 1.46933 13
0.39524 -0.24835 86.81042 0 0 7.57923 81.05183 1.93707 -13
0.66548 0.14033 49.60413 0 0 -4.16300 41.41852 2.15349 13
0.68076 -0.25887 49.60413 0 0 7.87782 41.41852 2.15350 13
-0.70048 0.07524 14.38029 0 0 -2.14816 11.78915 0.96107 -13
-0.46957 -0.19060 29.49560 0 0 5.84931 26.78358 1.13861 -13
1.25936 -0.02815 55.95523 0 0 0.91560 34.80420 2.47030 13
-0.76616 0.10255 58.57238 0 0 -3.02297 46.58422 0.91956 13
-0.35593 -0.23293 79.40335 0 0 7.10088 75.02343 1.23711 13
-1.23741 -0.02641 37.53977 0 0 0.89823 23.60046 0.67986 -13
1.07624 -0.21183 20.16479 0 0 6.51008 13.88525 2.38195 -13
1.98501 0.12724 4.48366 0 0 -3.98595 2.03000 2.67169 13
2.04108 -0.27276 4.48366 0 0 8.06941 2.03000 2.67170 13
-0.39482 0.09332 22.26671 0 0 -2.71108 20.72318 1.19624 -13
0.51904 -0.18490 68.63229 0 0 5.66684 61.13076 2.04272 -13
-0.98018 0.09599 74.78764 0 0 -2.82334 53.52949 0.79770 13
0.85858 -0.21089 64.05005 0 0 6.45305 49.04135 2.26952 -13
0.54382 -0.17946 78.97316 0 0 5.48806 69.62636 2.06226 13
0.76912 -0.04233 39.57259 0 0 1.37431 31.37830 2.22599 -13
0.74928 -0.23891 17.55717 0 0 7.25024 14.18959 2.20057 13
-0.49013 0.11955 13.21098 0 0 -3.56474 11.87896 1.11787 13
-0.50549 -0.28082 13.21098 0 0 8.50964 11.87896 1.11787 13
-0.64269 -0.16330 10.56853 0 0 5.06298 8.92490 1.00554 -13
0.67549 -0.03735 21.59034 0 0 1.23599 17.89516 2.16456 -13
-0.33368 -0.12315 96.56885 0 0 3.80157 91.67237 1.25099 -13
-0.29730 -0.09455 75.20217 0 0 2.92657 72.10976 1.28303 13
-0.36458 -0.10266 36.34424 0 0 3.19190 34.16637 1.22287 -13
-0.33811 0.36636 36.34424 0 0 3.11509 34.16637 1.26338 -13
0.73897 -0.58977 36.34424 0 0 4.54829 34.16637 1.00396 -13
-27.29809 20.10246 36.34424 0 0 4.15968 34.16637 0.63533 -13
0.27166 -0.24811 27.95586 0 0 7.58449 27.03205 1.82859 -13
0.49334 0.02370 18.63938 0 0 -0.66203 16.71678 2.02899 13
-1.05579 0.09197 23.72826 0 0 -2.66236 16.35322 0.76037 -13
-0.26292 -0.19173 3.07956 0 0 5.69208 2.98165 1.31810 13
-0.09353 -0.06210 77.22233 0 0 1.96077 76.88802 1.47771 -13
0.63439 -0.14740 1.97025 0 0 4.23974 1.66897 2.13127 13
-0.43601 -0.09860 45.67593 0 0 3.04384 41.90141 1.16141 13
0.24261 -0.18480 26.01802 0 0 5.67520 25.30802 1.80499 -13
-0.91732 0.05310 32.30118 0 0 -1.54058 23.81873 0.82920 13
1.22191 0.06039 96.45085 0 0 -1.73386 61.15268 2.45485 -13
1.16208 -0.17674 47.78369 0 0 5.39614 31.44248 2.42341 13
-0.87373 -0.24585 55.08532 0 0 7.48533 42.00405 0.86719 13
1.14012 -0.02388 68.34798 0 0 0.81252 45.07580 2.42143 -13
1.81892 -0.02186 17.67048 0 0 0.79664 8.51507 2.63882 -13
-0.79725 -0.14082 84.51368 0 0 4.32221 66.33343 0.90251 13
-0.46056 -0.05116 82.54136 0 0 1.63096 74.98920 1.13969 -13
-0.25560 -0.15871 29.40613 0 0 4.88663 28.51159 1.32352 -13
1.45317 -0.19545 56.40284 0 0 5.96200 32.38092 2.53008 13
1.63666 -0.03012 3.06256 0 0 0.68473 1.59731 2.59292 13
-0.31596 0.05543 3.28612 0 0 -1.75303 3.13403 1.26520 13
-0.37091 0.07355 36.98052 0 0 -2.12334 34.68344 1.21650 -13
-0.19826 0.02033 68.31681 0 0 -0.53928 67.01301 1.37512 13
1.90875 -0.15429 8.62278 0 0 4.61163 4.03935 2.65415 13
0.41255 0.05660 66.96389 0 0 -1.63378 61.91721 1.96151 13
0.01491 0.09923 10.88745 0 0 -2.86544 10.88626 1.58563 -13
0.67274 0.02273 45.18599 0 0 -0.59129 37.49466 2.16287 -13
0.30182 -0.20558 68.74076 0 0 6.27522 65.92029 1.85825 13
-0.32619 0.00968 86.09606 0 0 -0.21672 81.85221 1.25551 13
-1.04876 0.05768 55.96339 0 0 -1.67105 38.65307 0.76243 13
-0.46840 -0.15903 99.55526 0 0 4.88342 90.35542 1.13752 -13
-1.87395 -0.03430 11.88492 0 0 1.20530 5.59821 0.49043 -13
-1.06324 -0.23231 87.53637 0 0 7.09659 60.80427 0.76788 -13
0.62406 -0.20380 87.51207 0 0 6.22250 74.66008 2.11962 13
0.21969 0.14823 75.52297 0 0 -4.39684 73.80047 1.78478 13
0.22403 -0.25061 75.52297 0 0 7.63385 73.80047 1.78478 13
-1.40936 -0.24824 84.05760 0 0 7.57954 49.60965 0.63128 -13
0.19800 0.07525 19.61379 0 0 -2.16292 19.24248 1.76573 -13
-0.03906 -0.04643 32.08998 0 0 1.49680 32.06560 1.53180 -13
1.08215 -0.21606 43.31984 0 0 6.61609 29.76009 2.38425 -13
-1.98579 -0.20399 34.44250 0 0 6.20039 15.74420 0.47474 13
0.47610 -0.23729 35.57854 0 0 7.25468 32.28333 2.00460 -13
-0.56868 -0.00842 54.37294 0 0 0.34505 47.26529 1.05374 -13
-0.03513 -0.24257 79.11338 0 0 7.40425 79.06731 1.53667 -13
-0.07474 -0.13907 21.13122 0 0 4.25311 21.07356 1.49691 13
-0.09253 0.09317 45.40858 0 0 -2.73970 45.21712 1.47892 13
-0.72185 -0.05010 95.77075 0 0 1.59869 77.68591 0.94615 -13
-1.26917 -0.15290 82.79951 0 0 4.68440 51.60909 0.67296 13
-0.55626 0.08867 26.81875 0 0 -2.61506 23.45857 1.06482 13
0.23363 -0.02220 12.18353 0 0 0.79034 11.86419 1.80025 -13
0.80182 0.13343 27.09513 0 0 -3.92130 21.21119 2.24234 -13
0.82240 -0.26603 27.09513 0 0 8.12941 21.21119 2.24233 -13
-0.14288 -0.01737 89.04908 0 0 0.59958 88.15403 1.42890 13
0.64973 -0.19780 52.55986 0 0 6.03692 44.32234 2.13825 13
-0.43349 -0.10585 73.83353 0 0 3.26706 67.80220 1.16379 13
-0.72753 -0.12307 67.78038 0 0 3.80255 54.95160 0.94540 -13
0.45090 -0.21211 83.27284 0 0 6.48597 76.19110 1.98621 -13
-0.37741 -0.08933 49.39010 0 0 2.78627 46.23154 1.21122 -13
-0.01777 0.10399 24.22126 0 0 -3.03577 24.21750 1.55312 -13
0.50133 0.01199 6.38546 0 0 -0.19509 5.70831 2.03548 -13
1.21413 0.10319 89.77012 0 0 -3.02308 57.25235 2.45000 -13
-0.70588 -0.02526 66.32279 0 0 0.85266 54.18896 0.95628 -13
0.07675 -0.15753 54.54816 0 0 4.84198 54.39204 1.64646 -13
1.27872 -0.12922 44.55937 0 0 3.99754 27.59198 2.47388 -13
-0.45483 -0.03179 69.87285 0 0 1.03266 63.60839 1.14412 13
0.02481 -0.09842 81.03639 0 0 3.05602 81.01170 1.59549 -13
-1.36600 -0.02759 73.47059 0 0 0.92457 43.40933 0.63210 -13
0.35247 0.02413 76.60127 0 0 -0.64031 72.24722 1.90958 -13
-0.59726 -0.08174 7.94091 0 0 2.47375 6.82372 1.03386 13
-0.88401 -0.15113 94.45098 0 0 4.64648 71.11368 0.85248 -13
0.04676 -0.23226 82.91698 0 0 7.09307 82.83108 1.61631 -13
