0.74283 -0.08694 72.77951 0 0 2.71196 58.50241 2.20789 -13
0.59530 -0.20590 49.92757 0 0 6.30300 43.13151 2.09867 -13
-0.66687 -0.14322 95.19950 0 0 4.40764 79.44948 0.98733 -13
-0.30921 -0.03958 5.27936 0 0 1.17898 5.04416 1.27113 13
0.14057 -0.10762 37.31210 0 0 3.34105 36.95304 1.70966 -13
0.69397 -0.23313 76.38347 0 0 7.10584 63.28557 2.16513 13
-0.20001 0.05685 6.58269 0 0 -1.70898 6.45526 1.37370 13
1.87471 0.04292 1.29246 0 0 -0.41148 0.60823 2.65119 -13
1.67227 -0.14410 86.26873 0 0 4.43865 44.61110 2.59812 -13
0.81371 -0.08306 35.69832 0 0 2.56996 27.72763 2.25216 13
-0.30473 0.02780 22.58771 0 0 -0.73463 21.60751 1.27512 -13
-0.43150 0.08370 23.75932 0 0 -2.46590 21.82723 1.16470 13
-0.65529 -0.08496 96.94793 0 0 2.65011 81.17618 0.99236 -13
1.56103 -0.07542 49.11565 0 0 2.37568 26.54701 2.57056 -13
-0.14440 -0.13802 82.00271 0 0 4.25044 81.17641 1.42872 -13
0.24534 -0.22839 32.00238 0 0 6.98618 31.12459 1.80557 -13
0.35105 -0.15789 75.84703 0 0 4.83735 71.66111 1.90458 13
0.48440 -0.10392 53.20843 0 0 3.20545 47.93488 2.01978 13
-0.59455 0.14256 39.26468 0 0 -4.23415 33.83840 1.03880 13
-0.60767 -0.25655 39.26468 0 0 7.80449 33.83840 1.03880 13
-0.10190 0.03070 92.55476 0 0 -0.84983 92.07840 1.46929 13
-0.35832 -0.14958 23.93256 0 0 4.61573 22.55816 1.23022 -13
0.86313 -0.14286 47.68638 0 0 4.37758 36.25456 2.27787 13
0.00713 0.03534 31.60709 0 0 -0.96923 31.60628 1.57792 -13
1.70177 0.05542 5.67303 0 0 -1.42188 2.87691 2.60965 -13
-0.51304 0.02942 28.28923 0 0 -0.78733 25.17215 1.09694 -13
0.65347 -0.03379 19.70545 0 0 1.07026 16.49877 2.14934 13
0.44880 0.06050 36.38451 0 0 -1.75795 33.20485 1.99197 13
1.12156 -0.21515 24.98502 0 0 6.53586 16.83729 2.40218 13
-0.17900 0.13870 77.59013 0 0 -4.10889 76.39865 1.39532 13
-0.18322 -0.26054 77.59013 0 0 7.93474 76.39865 1.39532 13
0.96977 0.05428 15.00871 0 0 -1.59886 10.78179 2.34011 13
-0.34052 -0.11537 74.10153 0 0 3.56876 70.19403 1.24460 -13
0.90855 -0.19819 83.86836 0 0 6.06781 62.61161 2.29874 -13
1.60866 0.08435 29.21773 0 0 -2.49453 15.46425 2.58382 13
1.51373 0.00108 30.04547 0 0 0.07844 16.56155 2.55779 -13
-2.09902 -0.22078 73.65739 0 0 6.72525 32.29770 0.45391 13
0.77659 -0.14204 13.66920 0 0 4.32147 10.83634 2.22627 13
1.14034 -0.21436 69.27951 0 0 6.55867 46.25543 2.41052 -13
-1.65715 0.04162 95.59129 0 0 -1.16447 49.41992 0.54333 -13
-0.00192 -0.11348 35.66042 0 0 3.51864 35.66036 1.56889 -13
-0.07699 0.08357 76.51373 0 0 -2.43321 76.28953 1.49423 -13
0.76394 -0.22363 40.05037 0 0 6.84299 32.10898 2.21143 -13
0.33031 0.09469 20.91334 0 0 -2.75030 19.86669 1.88850 -13
-0.00772 -0.23652 81.01756 0 0 7.22218 81.01528 1.56328 -13
1.03249 -0.11114 14.09004 0 0 3.48366 9.83380 2.36911 -13
-0.27586 0.10060 36.92758 0 0 -2.93912 35.61052 1.30292 -13
0.31390 -0.16719 65.73594 0 0 5.13225 62.79509 1.87104 -13
-0.34964 -0.16561 89.67821 0 0 5.07151 84.77669 1.23863 13
0.16170 -0.22591 31.66896 0 0 6.87935 31.28239 1.72724 13
-0.87267 -0.12502 77.07717 0 0 3.84467 58.26786 0.85713 13
-0.51155 0.13716 47.35588 0 0 -4.04551 42.24065 1.10172 -13
-0.52395 -0.26219 47.35588 0 0 8.00002 42.24065 1.10171 -13
1.92954 -0.23765 40.19928 0 0 7.22280 18.89963 2.65213 13
-0.97124 -0.03644 66.44497 0 0 1.19045 47.67965 0.80032 -13
-0.04674 0.04319 8.52860 0 0 -1.16560 8.51930 1.52413 -13
0.00424 0.00967 24.30080 0 0 -0.23075 24.30058 1.57503 13
0.00729 0.11912 22.84862 0 0 -3.48991 22.84802 1.57803 -13
0.00750 -0.28120 22.84862 0 0 8.58024 22.84802 1.57802 -13
-0.68911 -0.21214 30.96155 0 0 6.46030 25.67459 0.97766 13
0.12166 -0.20547 77.67540 0 0 6.28560 77.12962 1.68941 -13
-1.92243 -0.17523 85.85982 0 0 5.35547 40.09451 0.48588 13
-0.40998 -0.05280 6.28062 0 0 1.58988 5.81227 1.18220 13
0.50743 -0.02621 33.73060 0 0 0.88820 30.08089 2.04023 -13
-0.09815 -0.23491 74.08748 0 0 7.16026 73.75173 1.47554 13
0.38642 -0.12605 8.73199 0 0 3.82358 8.15307 1.93690 13
1.66423 0.08356 53.11589 0 0 -2.41902 27.42784 2.59899 -13
-0.40953 -0.06102 63.38938 0 0 1.93021 58.67662 1.18275 -13
-1.89275 0.04995 31.61237 0 0 -1.39192 14.78230 0.48657 -13
0.60509 -0.18663 65.33008 0 0 5.72005 56.14763 2.10740 -13
1.59809 -0.05401 72.28345 0 0 1.69811 38.38339 2.58180 13
0.38214 0.02451 52.97726 0 0 -0.66803 49.48899 1.93571 13
0.36582 0.11680 85.32811 0 0 -3.43569 80.19810 1.91931 -13
0.83749 -0.19615 4.64588 0 0 6.14462 3.58930 2.25871 -13
-1.24234 -0.09301 31.55048 0 0 2.91068 19.83522 0.67985 -13
-0.48306 -0.09612 63.97292 0 0 2.97320 57.65400 1.12259 13
0.46395 -0.08578 34.47247 0 0 2.68459 31.29116 2.00379 -13
-1.68815 -0.15352 46.39328 0 0 4.69104 23.84853 0.53991 13
1.55827 0.07718 13.21103 0 0 -2.31216 7.14996 2.56970 13
0.46215 0.07242 29.56870 0 0 -2.12155 26.85337 2.00271 13
0.75737 -0.23335 82.44199 0 0 7.11192 66.34749 2.20629 13
0.53567 -0.23686 51.96565 0 0 7.23695 46.08128 2.05129 -13
-0.69538 -0.01609 45.58840 0 0 0.57981 37.43030 0.96324 -13
0.13504 -0.17379 74.31665 0 0 5.31704 73.66750 1.70307 13
-0.31770 0.09138 9.35102 0 0 -2.73135 8.91566 1.26438 13
-0.71992 -0.01761 61.10385 0 0 0.60280 49.59242 0.94690 13
-0.43339 -0.16591 58.70885 0 0 5.07706 53.98140 1.16677 13
-1.51263 0.12679 83.43309 0 0 -3.73243 46.26727 0.58781 -13
-1.55553 -0.27305 83.43309 0 0 8.32981 46.26727 0.58782 -13
0.15506 -0.00313 76.61452 0 0 0.16926 75.70976 1.72463 13
-0.34119 -0.03120 83.91363 0 0 1.01587 79.42221 1.24214 13
-2.10950 -0.03150 83.78928 0 0 1.01830 35.90668 0.44286 13
-0.51588 -0.07840 32.72342 0 0 2.42996 29.09998 1.09577 13
0.04868 0.01198 10.02133 0 0 -0.23218 10.00946 1.61944 -13
-0.74879 0.13796 43.69540 0 0 -4.09433 35.09553 0.93259 13
-0.76675 -0.26134 43.69540 0 0 7.95067 35.09553 0.93254 13
1.23876 0.00743 91.64703 0 0 -0.13454 57.56732 2.46243 -13
-0.96518 -0.09249 56.59326 0 0 2.85930 40.80329 0.80524 13
-0.39336 -0.10960 93.76572 0 0 3.39217 87.32701 1.19806 -13
-0.95971 0.05114 24.70350 0 0 -1.43347 17.83482 0.80661 -13
-0.42185 -0.14360 85.33624 0 0 4.41893 78.74673 1.17524 -13
0.29011 0.04874 87.26753 0 0 -1.38289 83.81951 1.85284 -13
1.09492 -0.04383 62.28127 0 0 1.39150 42.02325 2.40099 13
-0.29679 -0.08600 65.69972 0 0 2.68354 63.00307 1.28329 -13
-1.91308 -0.12589 5.36935 0 0 4.07113 2.50285 0.48489 -13
-2.68652 2.39390 5.36935 0 0 4.05333 2.50285 0.76795 -13
-0.47208 -0.27802 5.36935 0 0 4.83798 2.50285 1.99766 -13
-2.00202 -0.02942 74.28837 0 0 0.98341 33.20777 0.46342 -13
-0.87776 -0.08786 67.36435 0 0 2.72243 50.71212 0.85231 13
0.64657 0.14179 91.66787 0 0 -4.18921 77.20342 2.14023 -13
0.66102 -0.25730 91.66787 0 0 7.84962 77.20342 2.14023 -13
-0.66267 -0.03927 27.71957 0 0 1.28658 23.11213 0.98592 -13
-0.87822 -0.08598 55.55571 0 0 2.68691 41.81059 0.85197 -13
-0.32845 -0.05134 44.41694 0 0 1.61822 42.20430 1.25384 13
0.07084 -0.16360 93.33353 0 0 5.02158 93.10623 1.64059 -13
-0.13207 -0.20598 64.44532 0 0 6.30264 63.91277 1.44215 -13
-1.46620 -0.13519 65.06369 0 0 4.17230 36.88694 0.60279 -13
0.64359 -0.10657 76.02409 0 0 3.28830 64.03410 2.14009 13
1.43516 0.08267 24.49986 0 0 -2.44967 14.03829 2.53143 13
1.25212 -0.02120 90.39363 0 0 0.72918 56.41774 2.46757 -13
-0.77627 -0.10165 85.80900 0 0 3.14051 67.91352 0.91318 13
-1.71994 0.08998 79.67168 0 0 -2.64581 40.16654 0.52840 13
-0.45380 0.08455 40.35098 0 0 -2.45572 36.76682 1.14612 -13
-0.93558 -0.05626 22.79218 0 0 1.74885 16.65618 0.81946 13
-1.70575 -0.19342 39.85844 0 0 5.89060 20.43415 0.53830 13
-1.20708 -0.03309 94.67547 0 0 1.08748 60.41887 0.69212 -13
1.45120 0.04630 61.07173 0 0 -1.30171 34.67832 2.53773 -13
-0.11987 0.07313 52.30709 0 0 -2.11502 51.93717 1.45181 -13
1.70544 0.07087 96.46095 0 0 -2.06604 48.88241 2.61017 13
-2.00501 0.03485 93.04332 0 0 -0.95822 41.54729 0.46289 -13
2.01327 0.13948 81.87326 0 0 -4.13889 36.70218 2.67674 13
2.06018 -0.25978 81.87326 0 0 7.90324 36.70218 2.67674 13
0.05604 -0.14700 87.15130 0 0 4.51001 87.01768 1.62618 13
0.87741 -0.13038 37.27818 0 0 3.99622 28.12404 2.28681 13
1.89996 -0.08766 95.18763 0 0 2.73688 44.46617 2.65553 -13
0.53239 -0.18532 94.62730 0 0 5.66564 83.83518 2.05305 13
-1.67383 0.00660 98.42155 0 0 -0.12770 50.47851 0.53854 13
0.18514 0.09141 68.67858 0 0 -2.66905 67.54049 1.75312 -13
-0.59091 0.12429 10.44056 0 0 -3.72269 9.00619 1.04044 13
-0.60833 -0.27589 10.44056 0 0 8.34240 9.00619 1.04042 13
1.76494 -0.08726 17.72455 0 0 2.76951 8.76242 2.62447 -13
1.48710 -0.20122 61.00320 0 0 6.13654 34.50588 2.54037 13
0.14062 -0.18489 13.85325 0 0 5.62127 13.72270 1.70821 13
-1.37596 -0.07369 17.89839 0 0 2.35082 10.54131 0.62975 -13
0.74911 -0.08865 78.61035 0 0 2.74796 63.00317 2.21185 13
-0.73649 -0.20310 64.79394 0 0 6.19893 52.53890 0.94562 13
-0.63901 -0.11310 64.90119 0 0 3.50155 54.78934 1.00506 -13
-0.63630 0.10247 10.79714 0 0 -3.06202 9.12318 1.00648 13
-0.26779 0.10008 13.21304 0 0 -2.97601 12.76732 1.31039 13
0.63428 0.00546 25.79284 0 0 -0.10545 21.78103 2.13603 13
-1.77579 -0.15144 47.23281 0 0 4.62838 23.37583 0.51773 13
1.32134 0.07815 9.58991 0 0 -2.19694 5.79823 2.49228 -13
0.69706 0.10230 6.67614 0 0 -2.91453 5.48648 2.17711 -13
-0.29449 0.04532 89.84157 0 0 -1.28094 86.18929 1.28468 -13
0.99981 -0.22167 61.57808 0 0 6.77854 44.06543 2.34411 -13
0.18639 -0.17247 41.73034 0 0 5.29603 41.04370 1.75245 -13
0.09298 0.00452 42.67065 0 0 -0.04404 42.48739 1.66350 -13
1.06072 0.11969 33.08642 0 0 -3.55088 22.78206 2.38210 13
1.09396 -0.28066 33.08642 0 0 8.52367 22.78206 2.38213 13
0.00274 0.09699 39.84731 0 0 -2.85705 39.84716 1.57353 13
-0.08347 0.10157 84.20588 0 0 -2.98873 83.91700 1.48794 13
-2.00104 -0.05146 54.80133 0 0 1.65323 24.52321 0.46397 -13
-1.72986 0.01756 45.33543 0 0 -0.42762 22.69193 0.52421 -13
-1.14475 0.00716 30.50185 0 0 -0.10914 20.06715 0.71802 -13
-0.20969 0.11193 76.14968 0 0 -3.30158 74.54837 1.36535 13
0.69096 -0.10588 41.14937 0 0 3.28949 33.91457 2.17283 -13
0.69760 0.04041 21.86572 0 0 -1.11020 17.93807 2.17952 -13
0.72257 0.02136 19.45080 0 0 -0.59292 15.76681 2.19640 13
-1.38303 0.03033 7.20452 0 0 -0.71952 4.22275 0.62625 -13
-0.45659 -0.01764 83.76306 0 0 0.61973 76.19837 1.14253 -13
0.12379 -0.21206 23.93708 0 0 6.45757 23.76342 1.69131 13
-1.14106 -0.19706 40.16286 0 0 6.00699 26.75513 0.72906 13
1.49304 -0.18487 66.03176 0 0 5.64389 37.17336 2.54365 13
1.27846 -0.01475 57.35266 0 0 0.54041 35.33706 2.47775 -13
-0.57294 0.14594 87.59020 0 0 -4.32743 76.19699 1.05505 13
-0.58480 -0.25298 87.59020 0 0 7.70621 76.19699 1.05504 13
-1.53133 -0.01725 70.89133 0 0 0.58913 38.76515 0.57857 13
-1.50605 0.01949 16.35141 0 0 -0.55883 9.04663 0.58623 13
-1.03339 -0.22297 43.59480 0 0 6.79050 30.69434 0.78110 13
-0.82042 -0.22963 29.94181 0 0 6.98593 23.38464 0.89629 13
-1.40920 -0.24531 87.16103 0 0 7.49185 51.42202 0.63101 -13
-0.25549 -0.05534 12.09392 0 0 1.79287 11.71858 1.32102 -13
1.28617 -0.00128 31.72148 0 0 0.14806 19.47013 2.48072 -13
1.11281 -0.08652 34.34558 0 0 2.71250 23.00398 2.40768 -13
2.06579 -0.14449 28.57119 0 0 4.40203 12.55396 2.68670 13
0.53418 -0.04086 53.65950 0 0 1.30330 47.33862 2.06106 13
1.13141 -0.24627 64.99203 0 0 7.49899 43.74964 2.40314 13
0.30274 -0.21335 63.17457 0 0 6.50873 60.57540 1.85865 13
-1.85485 -0.01553 4.73181 0 0 0.76366 2.24521 0.49451 -13
0.24312 -0.21412 5.05240 0 0 6.43529 4.91551 1.80420 13
0.05528 0.05058 68.23553 0 0 -1.43731 68.13177 1.62595 -13
1.57116 0.11470 72.33270 0 0 -3.39134 39.01888 2.57182 13
0.53929 -0.17966 35.33339 0 0 5.48390 31.20946 2.05877 13
0.10394 0.03868 37.93912 0 0 -1.07278 37.73611 1.67429 -13
0.17034 0.08955 92.39179 0 0 -2.61454 91.09023 1.73886 -13
-0.56131 -0.20860 9.85425 0 0 6.43456 8.63635 1.06835 -13
-0.48784 -0.06446 90.04571 0 0 2.01979 80.96134 1.11774 13
-0.91386 0.02290 5.70653 0 0 -0.72694 4.21295 0.83051 13
-1.59146 -0.16294 22.96553 0 0 5.03675 12.33439 0.56693 -13
0.91764 0.04947 24.53753 0 0 -1.43793 18.08885 2.31266 13
0.37107 -0.18811 68.12297 0 0 5.76353 64.00014 1.92049 -13
0.76034 -0.00721 46.31717 0 0 0.31185 36.87031 2.22087 -13
0.36893 -0.00020 38.14566 0 0 0.07301 35.78772 1.92424 13
0.58075 -0.00932 2.87689 0 0 0.16977 2.48792 2.09692 13
-0.15246 0.07724 74.35632 0 0 -2.24205 73.51182 1.41994 -13
-0.38037 -0.17262 48.24036 0 0 5.27705 45.17135 1.21217 13
-0.15778 0.01701 76.87022 0 0 -0.43838 75.93118 1.41433 13
0.86460 -0.14169 65.42723 0 0 4.36567 49.70276 2.27879 -13
1.18452 -0.10924 17.70022 0 0 3.33276 11.45756 2.43754 13
-0.74063 0.04406 54.58771 0 0 -1.23672 43.88173 0.93378 -13
0.32192 0.14262 49.33405 0 0 -4.21072 47.00457 1.87932 -13
0.32897 -0.25644 49.33405 0 0 7.82726 47.00457 1.87928 -13
-0.22646 0.14723 93.07164 0 0 -4.35489 90.82006 1.35039 -13
-0.23103 -0.25163 93.07164 0 0 7.67703 90.82006 1.35039 -13
1.62062 -0.11285 81.45110 0 0 3.49679 42.96773 2.58590 -13
0.75964 -0.14965 20.90996 0 0 4.56526 16.71772 2.21511 13
-0.11161 0.02798 82.06002 0 0 -0.76887 81.55404 1.45969 13
-0.99189 0.00449 63.48774 0 0 -0.04408 45.07496 0.78948 -13
0.75463 0.03052 8.38261 0 0 -0.76634 6.69235 2.21703 -13
-2.15587 -0.08302 76.52611 0 0 2.56837 32.29181 0.43562 13
0.64084 0.10091 61.11030 0 0 -2.95368 51.52782 2.13841 -13
0.78835 -0.09088 89.58410 0 0 2.82880 70.46212 2.23639 -13
0.39865 -0.20184 71.91105 0 0 6.17661 66.97878 1.94332 -13
1.39942 -0.18427 56.03964 0 0 5.62445 32.94215 2.51323 13
0.11884 -0.10578 60.86268 0 0 3.26398 60.44201 1.68844 13
0.49387 -0.20012 44.17617 0 0 6.13060 39.75948 2.02178 -13
1.07125 -0.03572 63.85001 0 0 1.16987 43.58431 2.39026 -13
1.46691 0.03028 97.25168 0 0 -0.84101 54.79563 2.54304 13
-0.86234 0.11383 74.83600 0 0 -3.36084 56.82859 0.86236 13
1.84715 -0.05489 92.18364 0 0 1.74846 43.93792 2.64477 -13
-0.70754 -0.21557 33.59614 0 0 6.56563 27.63066 0.96569 13
1.53204 -0.09115 67.13354 0 0 2.84392 36.80160 2.56141 -13
0.83613 -0.15471 91.43538 0 0 4.75483 70.48513 2.26137 -13
1.06344 0.89905 91.43538 0 0 4.68635 70.48513 2.23991 -13
-0.98367 -0.77833 91.43538 0 0 6.25331 70.48513 2.23089 -13
1.46822 -0.28925 91.43538 0 0 4.99889 70.48513 2.52484 -13
13.78806 1.62502 91.43538 0 0 5.31306 70.48513 3.00408 -13
-1.03906 -0.35602 91.43538 0 0 5.92135 70.48513 2.34552 -13
-0.99845 -0.00667 77.85954 0 0 0.27387 55.09803 0.78618 13
-1.10269 -0.18305 73.55796 0 0 5.59316 49.85958 0.74481 13
-0.61585 0.14835 87.90647 0 0 -4.38767 75.07318 1.02365 -13
-0.62800 -0.25046 87.90647 0 0 7.64251 75.07318 1.02365 -13
-0.00309 -0.16739 58.17123 0 0 5.13839 58.17096 1.56775 -13
-0.79722 -0.04408 42.74871 0 0 1.42559 33.43901 0.89822 -13
0.88154 -0.01563 59.18856 0 0 0.56359 44.40222 2.29326 -13
0.39548 0.14488 29.64042 0 0 -4.27100 27.60165 1.94387 -13
0.40384 -0.25408 29.64042 0 0 7.76394 27.60165 1.94387 -13
0.85055 -0.22373 19.86356 0 0 6.86485 15.28399 2.26358 -13
-0.28190 -0.03956 82.37238 0 0 1.28064 79.28684 1.29623 -13
-10.07442 10.77362 82.37238 0 0 1.26789 79.28684 0.82106 -13
1.01295 -2.50902 82.37238 0 0 1.06209 79.28684 1.21200 -13
-0.48776 1.36178 82.37238 0 0 0.81717 79.28684 1.28974 -13
-0.00691 0.05052 82.37238 0 0 1.26237 79.28684 1.57770 -13
0.01345 0.12005 5.32411 0 0 -3.62926 5.32364 1.58415 13
0.01390 -0.28044 5.32411 0 0 8.44349 5.32364 1.58418 13
0.80270 0.12508 92.98558 0 0 -3.69863 72.73353 2.24340 13
0.82602 -0.27491 92.98558 0 0 8.36683 72.73353 2.24338 13
-0.01154 -0.10837 4.88255 0 0 3.24845 4.88223 1.55933 13
-0.58162 -0.04429 1.44223 0 0 1.01483 1.24716 1.04443 13
-0.39937 -0.11491 72.04667 0 0 3.54062 66.96770 1.19309 13
0.60651 0.03910 47.86153 0 0 -1.10943 40.93125 2.11565 13
-1.84247 -0.23361 91.58064 0 0 7.13823 44.58592 0.50848 -13
1.49987 -0.07913 19.54924 0 0 2.51196 10.86771 2.55211 -13
-0.98059 -0.01729 57.12512 0 0 0.59068 40.79037 0.79527 13
2.13870 -0.04401 36.04336 0 0 1.37707 15.27850 2.70385 13
0.36437 0.00488 59.98529 0 0 -0.05724 56.36046 1.92022 -13
0.85079 0.12524 55.48471 0 0 -3.70797 42.39711 2.27191 13
0.87549 -0.27474 55.48471 0 0 8.35725 42.39711 2.27192 13
-1.27848 -0.20170 19.39312 0 0 6.12408 12.09545 0.67348 13
-1.30790 0.13974 26.88214 0 0 -4.10307 16.42743 0.65744 -13
-1.33815 -0.25941 26.88214 0 0 7.93935 16.42743 0.65746 -13
-1.27178 -0.15879 39.92862 0 0 4.85168 24.86968 0.67239 13
-0.43915 -0.05018 44.43708 0 0 1.58296 40.69493 1.15746 13
-1.72920 0.09570 49.36084 0 0 -2.78496 24.79512 0.52629 -13
0.03054 -0.06423 99.16378 0 0 2.02387 99.11777 1.60127 -13
-0.95963 0.04277 21.98649 0 0 -1.17794 15.87019 0.80645 -13
1.86391 0.12247 60.05253 0 0 -3.59487 28.55420 2.64606 -13
1.92015 -0.27763 60.05253 0 0 8.47473 28.55420 2.64608 -13
1.62507 0.08096 3.19973 0 0 -2.66509 1.68160 2.58850 13
-0.12552 -0.19411 76.93513 0 0 5.93048 76.35757 1.44820 13
1.63949 -0.12355 40.63606 0 0 3.83110 21.27744 2.59052 -13
0.24261 -0.01225 80.48828 0 0 0.44463 78.21950 1.80879 13
-0.84674 0.09268 46.84834 0 0 -2.70088 35.81636 0.87030 -13
0.59179 -0.15770 50.67951 0 0 4.84964 43.75224 2.09979 -13
-0.17338 -0.20463 19.36303 0 0 6.28171 19.08954 1.40254 -13
1.22275 0.05420 75.10857 0 0 -1.56388 47.59095 2.45536 13
-0.37316 -0.16305 34.42965 0 0 4.98439 32.30786 1.21792 13
0.14993 0.06806 20.48401 0 0 -1.99621 20.25861 1.71928 13
0.99800 -0.23362 5.41727 0 0 7.27181 3.88447 2.34191 -13
0.37690 0.13244 65.11296 0 0 -3.92205 60.99488 1.92837 13
0.38673 -0.26714 65.11296 0 0 8.13061 60.99488 1.92836 13
-1.35152 0.00180 59.93078 0 0 0.04037 35.64665 0.63701 -13
1.87117 -0.24343 99.92430 0 0 7.41458 48.15719 2.63873 13
1.18765 0.00758 53.79000 0 0 -0.16185 34.64633 2.44175 13
-0.05190 -0.18353 91.78194 0 0 5.62264 91.66260 1.51980 -13
-2.14156 -0.10350 10.67113 0 0 3.30332 4.53374 0.43891 -13
-0.64617 0.00464 67.57849 0 0 -0.04982 56.76007 0.99712 -13
-0.09848 -0.01352 93.97475 0 0 0.49435 93.52243 1.47264 -13
0.37358 -0.09800 68.72554 0 0 3.03012 64.41712 1.92676 13
0.92435 0.14852 84.63696 0 0 -4.39112 62.46364 2.31147 -13
0.94252 -0.25028 84.63696 0 0 7.63896 62.46364 2.31146 -13
0.85788 -0.23797 17.16087 0 0 7.30234 13.17561 2.26627 -13
-0.72225 -0.03389 91.68718 0 0 1.11015 74.34264 0.94557 -13
1.73804 -0.22722 9.70675 0 0 7.04044 4.93412 2.60854 -13
-1.72638 -0.15919 22.13055 0 0 4.83931 11.19618 0.53046 13
0.25104 -0.05761 79.91102 0 0 1.82538 77.51365 1.81637 -13
-1.09397 -0.13723 50.90243 0 0 4.20601 34.51768 0.74520 13
-0.39450 -0.01005 48.33852 0 0 0.37366 44.96614 1.19506 13
0.72547 -0.04369 50.32513 0 0 1.38701 40.74774 2.19796 13
0.57668 -0.13492 77.88622 0 0 4.15853 67.62178 2.09000 -13
-0.26614 -0.13119 46.90902 0 0 4.04913 45.35661 1.31280 -13
0.19534 0.13573 60.54326 0 0 -4.00481 59.43986 1.76200 -13
0.20017 -0.26365 60.54326 0 0 8.04284 59.43986 1.76199 -13
-1.74150 0.07729 42.93133 0 0 -2.27230 21.42581 0.52253 13
0.34227 0.12483 62.17040 0 0 -3.69241 58.86775 1.89821 13
0.35225 -0.27519 62.17040 0 0 8.37388 58.86775 1.89820 13
1.26132 -0.22756 71.23750 0 0 6.93414 44.94136 2.45892 13
-0.10647 -0.04686 68.74101 0 0 1.48751 68.35550 1.46484 13
0.57245 0.09031 13.16522 0 0 -2.68609 11.43720 2.08896 13
1.30688 0.00404 43.92527 0 0 -0.02240 26.69304 2.48844 -13
-0.41682 0.04442 15.99059 0 0 -1.29258 14.76196 1.17623 13
-0.37789 -0.04767 75.37248 0 0 1.51326 70.51630 1.20987 13
-0.65937 -0.16685 12.60114 0 0 5.16142 10.56329 0.99416 -13
-0.09401 0.12042 35.06119 0 0 -3.53664 34.90943 1.47773 -13
-0.09692 -0.27979 35.06119 0 0 8.53739 34.90943 1.47773 -13
0.93683 0.00156 49.07034 0 0 0.04792 35.81079 2.32359 -13
-0.91879 0.12346 49.48154 0 0 -3.62960 36.56276 0.83146 -13
-0.94613 -0.27658 49.48154 0 0 8.43877 36.56276 0.83145 -13
0.24467 -0.15909 53.97895 0 0 4.88861 52.46884 1.80788 -13
0.12565 0.09869 96.18042 0 0 -2.90093 95.43719 1.69520 13
0.32549 -0.22178 63.42049 0 0 6.76331 60.44211 1.87848 13
1.49075 -0.19514 21.39004 0 0 6.01136 12.06945 2.54205 -13
-0.72033 -0.11568 10.06882 0 0 3.51254 8.18848 0.94970 13
1.03406 0.07573 10.11300 0 0 -2.27452 7.04075 2.37151 13
-0.14661 -0.06000 94.06246 0 0 1.88608 93.07112 1.42548 13
1.62425 -0.07881 35.07933 0 0 2.48690 18.43313 2.58835 -13
-1.51505 -0.16140 87.47348 0 0 4.93907 48.61709 0.58933 13
-0.02394 -0.13452 80.63864 0 0 4.13271 80.61595 1.54708 13
-2.05006 0.11849 27.33396 0 0 -3.53368 12.05271 0.45659 13
-2.11493 -0.28197 27.33396 0 0 8.54256 12.05271 0.45664 13
0.98555 -0.16155 52.54303 0 0 4.96727 37.65941 2.34248 -13
0.67630 -0.06429 34.54473 0 0 2.03706 28.63364 2.16448 -13
-0.43851 -0.03575 8.01632 0 0 1.22480 7.34226 1.15778 -13
-0.64990 -0.08664 78.35058 0 0 2.70239 65.76864 0.99620 -13
-0.29283 -0.14179 99.29554 0 0 4.35308 95.36806 1.28860 13
-0.84247 -0.10138 63.25798 0 0 3.12851 48.48068 0.87321 13
-0.73087 -0.21109 12.16244 0 0 6.50202 9.89284 0.95000 -13
0.50125 0.03212 4.96147 0 0 -0.99605 4.43611 2.03524 13
0.22117 -0.20215 14.38254 0 0 6.14341 14.05593 1.78428 13
0.66137 -0.20586 16.26603 0 0 6.25374 13.65153 2.14561 13
0.70853 0.09816 54.41342 0 0 -2.86914 44.46933 2.18497 -13
0.14626 -0.06742 83.13397 0 0 2.10929 82.26267 1.71570 13
-0.52225 0.09533 77.47769 0 0 -2.78720 68.74243 1.09136 -13
-0.05527 -0.07921 91.70526 0 0 2.46603 91.56641 1.51576 13
0.95804 -0.19080 40.18099 0 0 5.81954 29.26166 2.32584 13
-0.28403 -0.16353 69.86145 0 0 5.00801 67.26878 1.29751 13
0.10229 -0.21047 10.24846 0 0 6.38640 10.19768 1.67056 13
0.21302 -0.13883 46.86193 0 0 4.27953 45.85236 1.77874 -13
1.30034 0.02014 88.08555 0 0 -0.51719 53.70450 2.48593 -13
-0.77560 -0.22352 22.58662 0 0 6.79431 18.00960 0.92288 13
-0.83151 0.13155 12.47398 0 0 -3.83936 9.62440 0.88135 -13
-0.85347 -0.26799 12.47398 0 0 8.21559 9.62440 0.88137 -13
0.97485 -0.02052 4.43529 0 0 0.85281 3.17629 2.34336 -13
-0.24277 0.04770 51.13660 0 0 -1.36762 49.69622 1.33289 13
-1.42441 -0.05858 58.72741 0 0 1.86330 33.78260 0.61290 -13
-1.18712 -0.21138 92.18881 0 0 6.44952 60.15094 0.71084 13
-0.35670 0.02872 6.08475 0 0 -0.87022 5.73138 1.22830 13
-0.34023 0.12967 81.09678 0 0 -3.83656 76.84072 1.24538 13
-0.34950 -0.27005 81.09678 0 0 8.22082 76.84072 1.24538 13
-0.70186 -0.19886 95.04478 0 0 6.07369 78.28826 0.96791 13
1.51914 -0.03556 48.01818 0 0 1.13627 26.41377 2.55914 13
-0.09802 -0.20083 94.39678 0 0 6.13361 93.96395 1.47499 13
-2.01063 -0.00242 70.72942 0 0 0.16933 31.49734 0.46153 -13
0.06574 -0.18218 94.86213 0 0 5.57133 94.66437 1.63538 13
-0.60743 0.00064 48.40619 0 0 0.05022 41.37161 1.02493 13
0.52649 0.02231 55.94908 0 0 -0.60140 49.50936 2.05531 13
-0.90779 -0.04983 74.72781 0 0 1.57577 55.36150 0.83431 13
0.68224 0.04566 34.16297 0 0 -1.27873 28.22980 2.16902 -13
-0.45464 -0.15192 64.04087 0 0 4.67279 58.41174 1.14837 -13
-1.55180 0.08822 70.12948 0 0 -2.59286 38.09232 0.57420 13
-0.17904 -0.18591 91.44096 0 0 5.69463 90.05625 1.39656 -13
0.53090 0.06053 58.37093 0 0 -1.73543 51.57670 2.05810 -13
1.58857 0.08794 40.09075 0 0 -2.54824 21.41731 2.57803 -13
0.80634 -0.12834 33.06409 0 0 3.93442 25.82139 2.24541 13
-0.77940 0.06690 25.75144 0 0 -1.96070 20.32834 0.90983 13
-0.42234 -0.23961 62.30970 0 0 7.31780 57.63781 1.18109 -13
0.03519 -0.00836 72.04970 0 0 0.33997 72.00516 1.60597 -13
-1.45649 0.12814 39.53160 0 0 -3.76337 22.49922 0.60547 -13
-1.49704 -0.27162 39.53160 0 0 8.29688 22.49922 0.60546 -13
0.75393 0.02415 66.56192 0 0 -0.63814 53.15485 2.21667 -13
-0.56810 -0.14117 54.72813 0 0 4.34941 47.69923 1.05839 -13
0.43569 -0.15228 97.75278 0 0 4.67963 89.77889 1.97750 -13
-1.26765 -0.22974 81.39456 0 0 7.00154 51.20904 0.68045 13
0.10338 -0.12548 24.25522 0 0 3.88675 24.12855 1.67302 -13
-0.61302 -0.18406 23.02176 0 0 5.66065 19.71574 1.02825 -13
-0.10659 -0.18389 3.36764 0 0 5.46508 3.34917 1.46634 13
-0.25999 -0.09777 7.91773 0 0 3.09433 7.66544 1.31759 -13
0.87043 0.13421 41.82300 0 0 -3.98307 31.66668 2.28261 13
0.89252 -0.26529 41.82300 0 0 8.06735 31.66668 2.28260 13
0.78483 -0.04441 21.72353 0 0 1.44990 17.09537 2.23574 -13
-0.22457 -0.18712 70.08577 0 0 5.71849 68.43832 1.35354 13
-0.11304 -0.19725 89.96876 0 0 6.02565 89.42060 1.46035 13
0.22104 0.06569 60.53148 0 0 -1.90840 59.11072 1.78789 13
-0.36885 -0.20052 29.25790 0 0 6.11096 27.51388 1.22378 13
0.07135 -0.12043 20.72011 0 0 3.68950 20.66826 1.64152 13
0.55304 0.10976 53.83488 0 0 -3.23999 47.17623 2.07344 13
1.51168 -0.10070 75.88810 0 0 3.13014 42.01669 2.55484 -13
-0.31080 -0.06733 11.84374 0 0 2.06932 11.31228 1.27011 13
-0.04515 -0.07941 73.17025 0 0 2.48340 73.09630 1.52582 -13
0.10662 0.04433 64.11893 0 0 -1.26371 63.75831 1.67691 13
-0.72521 -0.03049 79.83021 0 0 1.00849 64.63528 0.94357 -13
-0.97627 -0.03472 22.19935 0 0 1.09735 15.88927 0.79770 13
-0.44336 -0.13358 85.65659 0 0 4.10454 78.41852 1.15674 13
-0.49581 -0.14715 35.86500 0 0 4.50472 32.19963 1.11475 13
1.33247 -0.17593 60.09115 0 0 5.37469 36.42098 2.49045 13
-0.42541 -0.08586 58.48277 0 0 2.68028 53.84591 1.16990 -13
-0.43316 0.11785 33.01384 0 0 -3.45694 30.32662 1.16454 -13
0.29787 -0.03264 31.07422 0 0 1.08203 29.78235 1.86015 -13
-2.07216 0.12472 68.96242 0 0 -3.66502 30.16160 0.45265 -13
-2.13268 -0.27525 68.96242 0 0 8.40084 30.16160 0.45265 -13
-1.22082 -0.17017 23.44073 0 0 5.24837 14.98062 0.69330 -13
0.45432 -0.10267 44.73461 0 0 3.19064 40.76476 1.99527 -13
-0.53010 -0.02116 71.14375 0 0 0.71222 62.86137 1.08345 13
-0.95101 -0.18932 45.22163 0 0 5.80753 33.04165 0.81929 -13
0.30300 -0.23169 65.73656 0 0 7.06287 63.04726 1.85783 13
-0.29680 -0.16609 77.90532 0 0 5.08421 74.76652 1.28597 13
0.07475 -0.13275 6.17174 0 0 4.00407 6.15486 1.64476 13
-0.78550 -0.18440 81.35488 0 0 5.65109 64.38280 0.91306 -13
-0.80112 0.12751 91.95614 0 0 -3.77211 71.99232 0.89930 13
-0.82363 -0.27233 91.95614 0 0 8.28882 71.99232 0.89930 13
1.27728 -0.14076 79.48243 0 0 4.31811 49.29593 2.47259 13
-1.91540 0.12570 72.68637 0 0 -3.72489 33.84657 0.48438 13
-1.97064 -0.27426 72.68637 0 0 8.33881 33.84657 0.48438 13
-0.74306 -0.20054 77.54857 0 0 6.12217 62.67927 0.94117 13
1.46174 0.04766 88.30943 0 0 -1.36633 49.90085 2.54108 13
0.80159 0.04156 70.51443 0 0 -1.18127 55.03850 2.24608 13
0.71988 0.06523 31.48827 0 0 -1.86777 25.57364 2.19374 -13
-1.21027 0.07526 61.05267 0 0 -2.17613 38.95431 0.69194 -13
1.45878 -0.01674 22.63250 0 0 0.62260 12.79811 2.54060 -13
1.29539 0.06323 17.17063 0 0 -1.77913 10.50549 2.48321 -13
0.61289 -0.23939 36.28769 0 0 7.31950 31.17050 2.10830 -13
-0.85684 -0.18698 61.14384 0 0 5.73269 46.76682 0.87082 -13
0.56262 0.07266 98.64903 0 0 -2.11587 86.02969 2.08216 13
0.81677 -0.10608 10.57108 0 0 3.34183 8.20519 2.25294 -13
0.75971 -0.23669 94.46151 0 0 7.21434 75.95876 2.20740 13
-0.90372 0.01627 93.24725 0 0 -0.40239 69.18602 0.83600 -13
-0.46329 0.03208 43.13941 0 0 -0.87412 39.14618 1.13714 -13
0.83882 0.01730 95.39440 0 0 -0.44635 73.09105 2.26869 13
-0.13546 0.08344 32.25974 0 0 -2.45133 31.96985 1.43662 13
-1.47656 -0.22693 53.84051 0 0 6.94269 30.71116 0.60700 -13
-0.70048 -0.14474 61.88045 0 0 4.45682 50.85516 0.96461 -13
0.57225 -0.02269 54.91896 0 0 0.77697 47.67010 2.09045 -13
-0.41691 -0.14569 52.60651 0 0 4.48560 48.63074 1.17951 -13
-0.62519 0.04545 52.60651 0 0 5.21599 48.63074 2.12907 -13
-0.94658 0.06780 33.37778 0 0 -1.98412 24.26653 0.81398 13
-1.31417 -0.18338 22.76265 0 0 5.57798 13.92787 0.65845 13
0.50966 0.13914 19.51750 0 0 -4.14395 17.42338 2.03827 13
0.52162 -0.26011 19.51750 0 0 7.89864 17.42338 2.03829 13
0.06653 0.04306 27.18796 0 0 -1.19962 27.12809 1.63717 -13
0.78529 0.07890 99.07890 0 0 -2.30495 78.01527 2.23500 13
-0.94423 0.05313 30.12372 0 0 -1.54350 21.91734 0.81478 13
-0.39561 -0.07507 43.51961 0 0 2.33355 40.48368 1.19504 13
1.51295 -0.19377 97.77016 0 0 5.91719 54.60265 2.54904 13
-0.13183 0.12016 10.65574 0 0 -3.49595 10.56565 1.44065 -13
-0.13586 -0.28001 10.65574 0 0 8.57692 10.56565 1.44071 -13
1.79266 0.03167 51.07312 0 0 -0.85418 24.89058 2.63255 -13
0.42183 -0.06663 58.51273 0 0 2.10009 53.93015 1.96919 -13
0.73095 0.11359 71.75072 0 0 -3.35280 58.05501 2.19894 13
-1.05931 -0.06218 25.09946 0 0 1.98554 17.24728 0.75757 -13
-0.06618 0.12877 63.37056 0 0 -3.81051 63.23448 1.50525 13
-0.06800 -0.27100 63.37056 0 0 8.24812 63.23448 1.50526 13
1.30120 -0.09967 10.73899 0 0 3.16092 6.56524 2.48395 -13
-0.22400 0.09451 65.77436 0 0 -2.77741 64.19729 1.35138 13
-0.18818 -0.13157 89.42522 0 0 4.04475 87.90828 1.38635 13
0.58571 -0.06306 9.13557 0 0 1.92322 7.88690 2.09978 13
1.47976 -0.11800 90.81379 0 0 3.63093 51.08977 2.54409 13
0.10364 -0.04940 63.47454 0 0 1.56359 63.13715 1.67394 13
0.50528 -0.14597 2.39625 0 0 4.70604 2.14322 2.03443 -13
-0.08824 -0.22464 59.39462 0 0 6.86537 59.17572 1.48491 -13
0.01954 -0.15514 73.94639 0 0 4.76715 73.93261 1.59010 -13
-0.73249 0.00152 34.81166 0 0 0.05259 28.08356 0.93860 -13
-0.09534 -0.06092 11.82727 0 0 1.87646 11.77407 1.47592 13
0.67697 -0.23166 4.15339 0 0 7.22148 3.46732 2.15382 -13
0.93607 -0.05347 30.10777 0 0 1.67248 21.99519 2.32247 13
-1.97905 -0.09020 7.01376 0 0 2.64324 3.17268 0.46951 13
-0.71978 -0.20057 48.31136 0 0 6.11904 39.47141 0.95624 13
-0.65085 0.07673 34.31890 0 0 -2.21703 28.78829 0.99516 -13
-0.21871 -0.13551 91.85390 0 0 4.16362 89.76993 1.35737 13
-0.19050 0.13161 3.30029 0 0 -3.73927 3.24293 1.38413 -13
-0.19551 -0.26756 3.30029 0 0 8.31840 3.24293 1.38412 -13
-0.61350 -0.08752 83.98187 0 0 2.71437 71.65864 1.02221 13
1.98612 -0.05077 99.90009 0 0 1.60206 44.97119 2.67464 13
-1.01934 -0.22987 26.52430 0 0 6.98693 18.81728 0.78869 13
0.59985 -0.18361 8.81656 0 0 5.54967 7.59292 2.10382 13
0.26646 0.02216 99.02286 0 0 -0.58222 95.68595 1.83114 -13
0.84050 -0.22041 64.75132 0 0 6.71964 50.05077 2.25809 13
-1.38682 0.03010 40.16977 0 0 -0.80595 23.50129 0.62495 -13
0.38483 0.01654 15.19524 0 0 -0.45126 14.18145 1.93811 13
-1.74296 -0.13006 40.07702 0 0 4.02943 20.06945 0.52451 -13
1.09428 -0.16049 78.96470 0 0 4.93115 53.63709 2.39485 -13
