1.78003 -0.00379 56.14578 0 0 0.17805 27.50020 2.62974 13
0.71503 -0.08558 37.80170 0 0 2.67929 30.78789 2.18981 -13
-0.12944 -0.19221 31.84577 0 0 5.89550 31.59165 1.44437 -13
0.32416 -0.00241 51.32544 0 0 0.16305 48.82423 1.88427 -13
1.51127 -0.16325 30.11530 0 0 4.96866 16.76881 2.55097 13
-0.36539 -0.06567 91.89815 0 0 2.06766 86.33817 1.22117 -13
-1.50987 -0.20940 8.03208 0 0 6.51653 4.50138 0.59490 -13
-0.83987 0.10729 84.78184 0 0 -3.14826 65.07566 0.87503 -13
0.75186 0.05726 77.45727 0 0 -1.63844 61.94685 2.21470 -13
-2.00940 -0.20207 86.88665 0 0 6.18967 39.33498 0.46980 -13
-0.04246 -0.03910 26.66529 0 0 1.27879 26.64133 1.52839 -13
0.93181 -0.17022 65.54001 0 0 5.22628 48.26666 2.31379 -13
0.88165 -0.02582 94.08995 0 0 0.86717 70.58706 2.29321 -13
-1.89073 0.13309 16.68845 0 0 -3.87050 7.85509 0.49013 -13
-1.93956 -0.26635 16.68845 0 0 8.18263 7.85509 0.49013 -13
1.12105 -0.12986 9.94257 0 0 4.07294 6.64972 2.40905 -13
-0.74223 -0.23896 55.27209 0 0 7.30082 44.81465 0.94552 -13
-1.87111 0.04243 30.27402 0 0 -1.16372 14.27985 0.49119 -13
-0.23489 -0.09906 65.03403 0 0 3.07745 63.32724 1.34118 -13
-0.22928 0.04996 36.38319 0 0 -1.41214 35.46512 1.34568 -13
1.63670 -0.06296 4.46526 0 0 2.20562 2.33156 2.59225 -13
-0.64664 -0.04985 53.34247 0 0 1.57434 44.80961 0.99735 13
-0.49950 -0.16782 73.54952 0 0 5.13545 65.97877 1.11308 13
0.31599 1.00408 73.54952 0 0 5.01652 65.97877 1.79019 13
-0.21766 -1.26729 73.54952 0 0 6.17953 65.97877 1.70482 13
-0.36659 -2.06873 73.54952 0 0 4.56268 65.97877 1.41259 13
0.02968 -0.03588 69.79670 0 0 1.17060 69.76601 1.60045 -13
-0.16449 -0.13485 91.68015 0 0 4.15431 90.48572 1.40920 -13
-0.02066 -0.22316 22.01969 0 0 6.79052 22.01520 1.55064 13
0.33478 0.02964 17.69897 0 0 -0.78422 16.78422 1.89371 -13
-0.23928 -0.23390 86.51530 0 0 7.14317 84.25863 1.34189 -13
-0.06867 0.14404 86.80262 0 0 -4.26921 86.60284 1.50293 13
-0.07014 -0.25497 86.80262 0 0 7.76658 86.60284 1.50293 13
0.67585 0.02077 64.50390 0 0 -0.53619 53.44649 2.16503 -13
-0.80055 -0.02292 19.58207 0 0 0.80442 15.28875 0.89585 -13
-1.53775 0.13135 96.46524 0 0 -3.87156 52.90617 0.58050 -13
-1.57849 -0.26829 96.46524 0 0 8.18305 52.90617 0.58053 -13
-0.08785 0.14351 52.15125 0 0 -4.25745 51.95517 1.48406 13
-0.08975 -0.25555 52.15125 0 0 7.77914 51.95517 1.48406 13
0.47790 0.12656 54.58512 0 0 -3.72662 49.32205 2.01353 -13
0.49150 -0.27331 54.58512 0 0 8.33545 49.32205 2.01352 -13
0.22276 0.11524 67.75971 0 0 -3.40265 66.15905 1.78858 13
-2.02139 -0.15663 1.43450 0 0 5.53331 0.64073 0.46424 -13
1.90283 -0.22722 94.73267 0 0 6.94690 44.94331 2.64729 -13
1.12589 0.08605 44.36756 0 0 -2.49797 29.52452 2.41351 -13
0.08691 0.09142 84.05577 0 0 -2.68236 83.74272 1.65713 13
0.56384 0.13034 4.43402 0 0 -3.72901 3.87048 2.08061 -13
0.57880 -0.26916 4.43402 0 0 8.33008 3.87048 2.08045 -13
0.47967 -0.23490 7.05229 0 0 7.09066 6.38985 2.00766 13
-1.55514 -0.06267 84.54679 0 0 1.98237 45.79060 0.57235 -13
-1.06854 -0.07578 33.56585 0 0 2.34502 22.97090 0.75371 13
1.35875 -0.24609 95.40778 0 0 7.51278 57.62945 2.49304 -13
1.53560 -0.19250 54.43884 0 0 5.90481 30.08709 2.55602 -13
0.18154 -0.12072 48.01924 0 0 3.73311 47.25788 1.74912 -13
-1.33564 -0.16471 26.39077 0 0 5.01824 15.95228 0.64911 13
1.84023 -0.00628 4.45516 0 0 0.51018 2.12767 2.64381 -13
-0.22051 -0.08677 85.50671 0 0 2.70462 83.51521 1.35455 -13
-1.37171 -0.06665 53.60217 0 0 2.10853 31.62239 0.63099 -13
-0.77507 0.04189 61.57027 0 0 -1.17256 48.68043 0.91187 -13
-0.30748 -0.14969 12.49353 0 0 4.63952 11.95310 1.27559 -13
-0.08752 -0.19330 83.16748 0 0 5.90688 82.86208 1.48508 13
-1.10928 -0.07920 63.22513 0 0 2.45915 42.40706 0.73519 13
1.43873 -0.04229 3.67211 0 0 1.12534 2.09720 2.53377 13
-0.10424 -0.14906 16.79525 0 0 4.54755 16.70668 1.46806 13
-1.81544 -0.08400 84.08700 0 0 2.60352 40.67913 0.50497 13
-0.69894 -0.12347 3.46356 0 0 3.63951 2.84568 0.96433 13
0.52145 -0.23873 72.28864 0 0 7.27458 64.47065 2.04019 13
0.72231 -0.15305 34.93602 0 0 4.68119 28.43280 2.19085 13
-0.45788 -0.08108 91.93471 0 0 2.53265 83.63607 1.14265 -13
-1.70211 0.08168 66.38097 0 0 -2.39602 33.70929 0.53264 13
0.53582 -0.17224 45.46414 0 0 5.26565 40.20317 2.05663 13
2.06558 0.04043 12.57589 0 0 -1.04682 5.48330 2.69041 -13
1.65886 -0.01488 60.22366 0 0 0.54589 31.09677 2.59905 -13
0.23332 0.09501 78.55882 0 0 -2.77840 76.52178 1.79903 -13
0.74512 -0.15176 69.30068 0 0 4.65030 55.79545 2.20572 13
0.12859 0.04737 69.04616 0 0 -1.35477 68.48347 1.69854 13
1.42631 0.02403 61.62613 0 0 -0.65765 35.38411 2.52999 13
-0.92497 -0.18771 7.72535 0 0 5.66053 5.71634 0.83298 13
-2.00949 -0.19703 6.80721 0 0 5.86148 3.07907 0.46940 13
-0.40751 -0.05978 83.20037 0 0 1.89092 77.06803 1.18446 -13
-1.49636 0.10701 3.00443 0 0 -2.86104 1.67603 0.59176 -13
-0.30016 0.05315 9.23461 0 0 -1.46794 8.84575 1.27958 -13
0.14492 -0.12760 40.30639 0 0 3.94195 39.89632 1.71357 -13
-1.12058 0.00452 44.78184 0 0 -0.07123 29.81711 0.72860 13
1.01652 -0.15730 93.05609 0 0 4.81851 65.66370 2.35827 13
-1.01230 -0.16504 58.91966 0 0 5.04810 41.68726 0.78601 13
-0.15213 0.04279 65.74349 0 0 -1.20205 64.99704 1.41996 -13
1.06942 -0.04354 50.96881 0 0 1.38106 34.82968 2.38925 13
-0.43902 0.08510 41.64436 0 0 -2.47293 38.15361 1.15844 -13
1.32486 0.03862 72.20149 0 0 -1.09445 43.51799 2.49467 13
-0.14136 -0.05351 47.62609 0 0 1.68484 47.15857 1.43057 13
0.26330 -0.20761 57.17400 0 0 6.35195 55.36362 1.82311 -13
-1.31161 0.08320 96.55232 0 0 -2.43589 58.66784 0.65307 13
1.20131 -0.11833 33.87096 0 0 3.62781 21.75886 2.44397 13
-1.19522 -0.00319 86.76518 0 0 0.16867 55.67661 0.69670 13
-1.79320 -0.24673 82.35325 0 0 7.53673 41.01754 0.52137 -13
0.26677 0.02984 70.28692 0 0 -0.81158 67.91397 1.83138 -13
0.87757 -0.07465 27.79518 0 0 2.35715 20.91653 2.28971 -13
0.37437 0.12486 59.08537 0 0 -3.69407 55.38703 1.92648 13
0.38528 -0.27513 59.08537 0 0 8.37174 55.38703 1.92648 13
-0.10255 0.08983 95.27748 0 0 -2.63350 94.78429 1.46901 13
-1.34286 0.19490 95.27748 0 0 -2.63527 94.78429 0.64904 13
3.68525 -1.49538 95.27748 0 0 -1.31876 94.78429 0.45412 13
-0.38163 -1.78044 95.27748 0 0 -0.96664 94.78429 1.75555 13
-3.01974 1.57116 95.27748 0 0 -0.97151 94.78429 2.58895 13
0.39062 0.68556 95.27748 0 0 -2.36996 94.78429 1.88247 13
-0.67075 -0.33712 95.27748 0 0 -1.28420 94.78429 2.13698 13
0.09722 0.06942 19.55047 0 0 -1.98788 19.45910 1.66748 -13
0.93838 -0.16744 69.61872 0 0 5.14138 51.09389 2.31752 -13
0.76525 -0.20745 9.26723 0 0 6.40874 7.41603 2.21385 -13
1.58362 0.11561 67.39270 0 0 -3.41980 36.15365 2.57536 13
-1.15053 -0.12482 98.45431 0 0 3.85385 64.87093 0.71934 -13
-1.55364 -0.19424 93.90771 0 0 5.93120 51.49171 0.58036 13
0.63885 0.05813 14.72197 0 0 -1.71251 12.41253 2.13853 13
-0.23495 -0.00273 18.72337 0 0 0.13681 18.22701 1.34003 13
0.87081 -0.14907 44.46011 0 0 4.56337 33.68770 2.28181 13
0.86622 -0.08090 90.51339 0 0 2.51429 68.51016 2.28302 13
-0.73683 0.05311 7.82803 0 0 -1.60005 6.30547 0.93645 13
-1.03208 -0.24630 55.48996 0 0 7.49750 39.19559 0.78434 13
0.27562 0.07241 54.80303 0 0 -2.09383 52.84267 1.83907 -13
-0.43704 -0.23430 27.91233 0 0 7.12975 25.68393 1.16849 13
1.87773 0.07111 95.82584 0 0 -2.05292 45.13211 2.65119 -13
-0.85138 -0.24496 58.19668 0 0 7.45908 44.84905 0.87985 13
0.82511 -0.24517 82.32977 0 0 7.48517 64.24567 2.24638 -13
-2.05583 0.11246 48.69982 0 0 -3.28835 21.41067 0.45520 -13
0.33614 0.04869 79.31608 0 0 -1.39409 75.19127 1.89472 13
-0.09690 0.05201 24.93760 0 0 -1.50777 24.82166 1.47433 13
0.99759 -0.07836 64.91466 0 0 2.43466 46.02675 2.35346 13
1.21486 -0.11777 79.12477 0 0 3.62481 50.49238 2.44952 13
0.71745 -0.21643 47.85846 0 0 6.62263 39.18508 2.18234 -13
-0.02937 -0.08946 18.20493 0 0 2.75200 18.19714 1.54155 13
-0.36697 -0.04330 45.53373 0 0 1.39869 42.75127 1.21939 -13
-0.27369 0.07275 51.83205 0 0 -2.12335 50.00278 1.30432 13
-0.52391 -0.23613 33.66453 0 0 7.18713 29.99104 1.09927 13
-2.14265 -0.23704 47.85762 0 0 7.20852 20.69609 0.44723 13
0.89570 -0.01956 61.40828 0 0 0.66066 45.74589 2.30113 13
0.12495 -0.02260 67.24409 0 0 0.77015 66.72548 1.69507 -13
-1.25677 -0.14042 4.06081 0 0 4.54046 2.54596 0.67687 -13
-1.04889 0.10663 82.91127 0 0 -3.12691 57.38114 0.76436 -13
-0.35743 -0.24794 63.34115 0 0 7.56842 59.84206 1.23686 -13
1.34536 0.01940 78.28523 0 0 -0.49349 46.70714 2.50231 -13
-0.43879 0.02258 90.82513 0 0 -0.60566 83.17411 1.15740 13
-0.08122 0.12129 33.77124 0 0 -3.59125 33.66198 1.49034 13
-0.08369 -0.27895 33.77124 0 0 8.48050 33.66198 1.49036 13
1.07642 0.07697 19.81226 0 0 -2.27746 13.50620 2.39151 13
-0.33967 0.11108 90.43770 0 0 -3.27517 85.68675 1.24522 13
0.40726 -0.00665 92.25521 0 0 0.27620 85.44151 1.95754 13
0.11145 -0.21563 87.18604 0 0 6.58062 86.67325 1.67932 13
0.10484 0.02938 85.05026 0 0 -0.79911 84.58706 1.67521 -13
-0.46387 -0.09464 80.70985 0 0 2.94155 73.27374 1.13817 -13
-0.07072 0.05760 38.06434 0 0 -1.66898 37.96980 1.50031 13
0.03486 -0.10637 20.65506 0 0 3.26629 20.64265 1.60545 13
-0.86904 0.12084 99.70496 0 0 -3.55711 75.49128 0.85894 -13
-0.89582 -0.27938 99.70496 0 0 8.51589 75.49128 0.85893 -13
-1.91429 -0.00708 9.16903 0 0 0.18208 4.24549 0.48141 13
-2.09761 -0.16925 35.70925 0 0 5.22019 15.54452 0.45037 -13
0.46306 0.04810 75.91108 0 0 -1.37707 68.89808 2.00402 13
0.13642 0.08847 30.82938 0 0 -2.57184 30.54875 1.70585 -13
-0.12994 0.13057 59.17968 0 0 -3.86565 58.69465 1.44266 13
-0.13343 -0.26910 59.17968 0 0 8.19060 58.69465 1.44266 13
0.60234 0.04140 53.09990 0 0 -1.15675 45.49627 2.11256 -13
-0.77325 0.06631 4.98944 0 0 -2.03233 3.95094 0.91364 13
-0.70054 0.49520 4.98944 0 0 -2.26300 3.95094 1.01020 13
1.27736 -0.21507 4.98944 0 0 -1.69877 3.95094 0.67521 13
1.30160 0.14463 34.19544 0 0 -4.30478 20.96878 2.48148 13
1.32922 -0.25438 34.19544 0 0 7.73057 20.96878 2.48148 13
0.00442 0.00728 40.45519 0 0 -0.12637 40.45480 1.57521 -13
0.13034 -0.24542 83.50188 0 0 7.49086 82.84096 1.69671 -13
-2.06472 -0.10118 49.53086 0 0 3.11068 21.68024 0.45303 13
0.19825 0.08500 50.21259 0 0 -2.49238 49.26073 1.76583 13
-1.20023 -0.21984 74.27496 0 0 6.70245 48.20413 0.70627 13
0.49690 -0.18824 22.14249 0 0 5.78404 19.89710 2.02506 -13
-1.04927 -0.00917 72.00038 0 0 0.34799 49.67476 0.76138 13
-1.96702 0.05155 65.71195 0 0 -1.48932 29.81076 0.47087 13
0.24402 -0.11718 96.41973 0 0 3.62122 93.70683 1.80857 -13
-0.92342 -0.14935 74.18990 0 0 4.59492 54.78155 0.83069 -13
1.13051 -0.21355 52.54651 0 0 6.53720 35.24869 2.40630 -13
-0.32542 0.13089 63.51252 0 0 -3.85895 60.44387 1.25868 -13
-0.33412 -0.26874 63.51252 0 0 8.19641 60.44387 1.25867 -13
0.85059 -0.12856 22.04148 0 0 3.98696 16.84687 2.27159 -13
0.52747 0.05024 18.60804 0 0 -1.46501 16.46342 2.05566 13
-0.31220 -0.04463 1.68388 0 0 1.12796 1.60758 1.26847 13
-0.06186 -0.05700 53.01276 0 0 1.79165 52.91196 1.50912 13
0.97025 -0.07541 28.61116 0 0 2.37980 20.56303 2.33968 -13
-1.28654 -0.22221 98.63091 0 0 6.77616 61.43736 0.67244 13
-0.99752 -4.13249 98.63091 0 0 5.27192 61.43736 1.34035 13
0.70104 0.01227 27.27992 0 0 -0.31061 22.33827 2.18219 13
-0.14024 0.02988 42.54463 0 0 -0.83152 42.13272 1.43153 13
-0.91466 -0.18465 4.16105 0 0 5.48780 3.09326 0.83828 13
-0.96372 -0.12827 98.19741 0 0 3.94344 70.98422 0.80795 13
0.26163 0.10890 15.32654 0 0 -3.17033 14.83291 1.82525 -13
0.45506 -0.07660 92.06205 0 0 2.38584 83.83605 1.99675 13
1.06745 -0.22289 40.34901 0 0 6.78716 27.93987 2.37670 13
-0.12703 0.08906 71.48362 0 0 -2.61230 70.91808 1.44493 13
0.30969 -0.20229 32.62538 0 0 6.16726 31.21846 1.86550 13
1.45055 -0.11308 71.92952 0 0 3.48102 41.00174 2.53505 13
-1.57125 -0.04445 31.47137 0 0 1.45114 16.90881 0.56723 -13
-1.65167 -0.21536 75.82575 0 0 6.59066 39.92437 0.55451 -13
1.96838 -0.23383 24.33473 0 0 7.18241 11.25653 2.66071 -13
-0.55078 -0.24649 86.37316 0 0 7.52360 76.16607 1.07972 -13
-0.90719 -0.01873 82.74995 0 0 0.65414 61.29250 0.83411 -13
-0.04103 0.09483 78.16535 0 0 -2.77298 78.10022 1.52997 -13
-0.32740 -0.21365 16.54798 0 0 6.56052 15.75978 1.26093 -13
-0.76103 -0.22424 14.42279 0 0 6.80159 11.57906 0.93205 13
0.23055 -0.01053 85.58238 0 0 0.40466 83.39504 1.79737 -13
-0.39887 -0.05620 72.34232 0 0 1.76926 67.20901 1.19181 13
1.80187 0.08776 67.62774 0 0 -2.58050 32.91314 2.63331 13
1.55947 -0.00042 38.76972 0 0 0.11774 20.92792 2.57140 -13
-0.24331 -0.11052 85.77757 0 0 3.40930 83.37407 1.33352 13
0.74781 0.05443 92.46962 0 0 -1.55397 74.09258 2.21219 -13
0.32024 -0.10993 34.65430 0 0 3.38230 33.02181 1.87898 13
-0.33077 0.13490 36.49960 0 0 -4.00190 34.68349 1.25403 13
-0.33909 -0.26457 36.49960 0 0 8.04677 34.68349 1.25402 13
0.23366 -0.04009 48.53524 0 0 1.28018 47.26418 1.80016 13
-0.42149 -0.07571 56.74360 0 0 2.37433 52.31094 1.17292 -13
0.31397 -0.01173 6.12978 0 0 0.51870 5.84831 1.87500 -13
0.30234 0.06057 30.27481 0 0 -1.72968 28.98382 1.86389 -13
-0.36127 0.13028 43.56265 0 0 -3.83587 41.01032 1.22680 -13
-0.37101 -0.26936 43.56265 0 0 8.22022 41.01032 1.22680 -13
-0.18537 0.06736 28.94734 0 0 -1.96804 28.46457 1.38791 13
0.23169 -0.18806 76.32796 0 0 5.74810 74.42304 1.79468 13
-0.95926 -0.13531 92.73311 0 0 4.15527 67.21181 0.81072 13
1.02041 -0.03546 26.27197 0 0 1.12412 18.39467 2.36598 13
0.58683 -0.00635 71.93369 0 0 0.28079 62.04029 2.10147 -13
0.01840 -0.09927 18.11463 0 0 3.04772 18.11158 1.58911 13
0.93276 0.07471 26.69790 0 0 -2.14751 19.54831 2.32003 -13
0.01538 0.11026 96.41391 0 0 -3.23948 96.40265 1.58608 -13
-1.53316 -0.20607 90.97519 0 0 6.30665 50.42689 0.58751 -13
0.28356 -0.11738 5.02306 0 0 3.72426 4.83507 1.84531 -13
0.46121 -0.19568 67.06673 0 0 5.99181 61.09928 1.99583 -13
-1.93726 -0.04606 90.48178 0 0 1.48290 41.53663 0.47695 -13
-0.00687 -0.02203 56.57060 0 0 0.73728 56.56926 1.56393 13
0.06710 -0.15371 71.19554 0 0 4.72463 71.03947 1.63702 -13
0.01832 -0.15365 92.28425 0 0 4.71077 92.26912 1.58890 13
1.52108 0.08450 25.32648 0 0 -2.50281 13.94747 2.55838 13
1.25928 0.11335 6.32857 0 0 -3.46374 3.95106 2.46735 13
-1.09105 0.12405 63.67663 0 0 -3.67233 43.20303 0.74569 13
-1.12324 -0.27601 63.67663 0 0 8.39532 43.20303 0.74569 13
-1.11916 -0.18666 44.55209 0 0 5.69502 29.96645 0.73774 13
-0.84604 -0.04560 90.89414 0 0 1.44982 69.42095 0.86912 13
-1.19742 0.03351 5.39581 0 0 -0.78568 3.45957 0.69607 -13
-1.83033 -0.02981 88.43262 0 0 0.99161 42.41395 0.50022 -13
1.05596 0.06720 87.58640 0 0 -1.93748 60.29606 2.38228 -13
0.85149 0.12111 32.15827 0 0 -3.55271 24.55972 2.27256 -13
0.87759 -0.27909 32.15827 0 0 8.52015 24.55972 2.27255 -13
0.13767 -0.05029 84.96608 0 0 1.59250 84.17412 1.70744 13
0.34622 -0.10856 74.77504 0 0 3.34910 70.70404 1.90229 13
-1.80042 -0.12384 26.11260 0 0 3.85755 12.75297 0.51024 -13
-1.89711 -0.16013 59.77390 0 0 4.92935 28.14944 0.49035 -13
1.01403 -0.22662 9.64555 0 0 6.98924 6.85808 2.35064 -13
-0.01270 -0.14542 2.55889 0 0 4.66369 2.55868 1.55823 -13
-0.08282 -0.24521 93.85646 0 0 7.47318 93.55426 1.49053 13
0.60882 0.05420 8.93669 0 0 -1.61630 7.63624 2.11703 13
-1.09527 -0.21135 25.02341 0 0 6.42907 17.07285 0.75085 13
-1.79100 0.05969 34.00627 0 0 -1.74869 16.59953 0.50999 13
-0.98661 0.00796 28.53548 0 0 -0.18274 20.31354 0.79215 13
-0.92522 -0.04667 60.48057 0 0 1.49973 44.41626 0.82476 -13
-0.54663 -0.13130 66.27650 0 0 4.05049 58.26888 1.07413 -13
-0.66740 -0.01090 84.26790 0 0 0.41706 70.09264 0.98231 -13
1.23689 0.04356 81.09733 0 0 -1.22317 51.01582 2.46124 -13
-0.10593 0.13310 18.98641 0 0 -3.90887 18.88258 1.46618 -13
-0.10865 -0.26638 18.98641 0 0 8.14315 18.88258 1.46619 -13
-0.58738 -0.19860 10.27423 0 0 6.12758 8.90253 1.04812 -13
-0.14966 -0.06523 73.57096 0 0 2.04212 72.76402 1.42255 13
0.63583 -0.03971 17.86155 0 0 1.31166 15.07576 2.13679 -13
-1.27107 0.00096 47.49610 0 0 0.06906 29.36793 0.66660 -13
0.00103 0.14428 18.20233 0 0 -4.24347 18.20233 1.57182 -13
0.00106 -0.25466 18.20233 0 0 7.79246 18.20233 1.57182 -13
-1.96343 -0.10249 38.80674 0 0 3.20179 17.68520 0.47319 -13
-0.35136 -0.17488 62.87184 0 0 5.34877 59.41390 1.23760 13
-1.02804 0.09416 77.63646 0 0 -2.74986 54.25603 0.77378 -13
-0.16429 0.00342 23.89355 0 0 -0.04299 23.57745 1.40796 13
-0.48158 0.08602 66.35914 0 0 -2.50527 59.82875 1.12343 -13
-1.89623 -0.07775 31.93775 0 0 2.39247 14.93413 0.48654 13
0.54000 -0.23577 75.80677 0 0 7.20075 67.10281 2.05471 -13
-1.80760 -0.06373 28.19321 0 0 2.03956 13.66959 0.50617 -13
-0.45581 -0.12001 8.51763 0 0 3.63720 7.75968 1.14581 13
-1.18688 -0.06680 49.39079 0 0 2.11192 31.86543 0.70125 -13
0.48002 -0.17609 45.09164 0 0 5.38088 40.76572 2.01241 13
-0.90975 0.07608 7.11731 0 0 -2.12605 5.27138 0.83405 -13
0.62529 -0.14632 73.67183 0 0 4.50263 62.65032 2.12485 -13
-0.01446 0.00632 28.74398 0 0 -0.12623 28.74098 1.55634 13
-0.30309 -0.11497 1.63065 0 0 3.25005 1.56148 1.27832 13
-0.76739 -0.15598 31.11945 0 0 4.76661 24.79754 0.92205 13
-0.83918 -0.08018 19.76791 0 0 2.46896 15.16277 0.87420 13
0.23968 -0.21981 28.07038 0 0 6.73040 27.33145 1.80075 -13
-0.15332 -0.23636 2.92191 0 0 7.03203 2.88993 1.42268 13
0.02231 0.04864 53.37815 0 0 -1.39526 53.36490 1.59308 13
-0.89362 -0.20003 29.43631 0 0 6.13765 22.13940 0.85125 -13
0.19207 -0.21669 10.87202 0 0 6.56869 10.68548 1.75635 13
-0.36687 0.07697 20.06816 0 0 -2.26675 18.84702 1.22012 13
-0.93391 -0.04187 27.08892 0 0 1.36855 19.80608 0.82000 -13
1.11750 0.02624 63.49561 0 0 -0.69910 42.34973 2.41145 -13
0.14179 -0.16435 53.15650 0 0 5.03001 52.64337 1.70981 13
-0.92158 -0.17491 58.74661 0 0 5.36923 43.49743 0.83369 -13
-0.82226 -0.15146 88.28748 0 0 4.65736 68.50464 0.88819 -13
0.01055 0.00824 40.11432 0 0 -0.15490 40.11209 1.58134 -13
-0.11602 -0.04753 96.94298 0 0 1.51992 96.29844 1.45542 -13
1.38545 0.09290 97.78993 0 0 -2.71272 57.39450 2.51435 -13
-0.29832 -0.01884 69.59284 0 0 0.64257 66.68948 1.28093 13
1.87526 -0.17710 76.17644 0 0 5.41012 36.27533 2.64526 13
-0.58225 -0.19591 97.18941 0 0 5.99685 84.38548 1.05168 -13
0.43347 0.10877 71.42493 0 0 -3.19239 65.59399 1.97768 -13
0.28581 0.01585 14.62243 0 0 -0.43190 14.05965 1.84915 13
-0.96376 0.13254 91.20498 0 0 -3.92332 65.94502 0.80820 13
-0.98888 -0.26702 91.20498 0 0 8.12911 65.94502 0.80820 13
1.09976 -0.16089 93.32743 0 0 4.92696 63.22459 2.39730 13
0.95986 0.00298 30.21455 0 0 -0.03194 21.79787 2.33572 13
1.72285 -0.08107 60.32314 0 0 2.51051 30.35575 2.61426 13
0.88156 -0.16398 38.28449 0 0 5.01088 28.88447 2.28675 13
-2.07375 -0.22124 99.55986 0 0 6.76686 44.08696 0.45874 -13
-0.68728 0.07438 78.16840 0 0 -2.16953 64.47725 0.96994 13
0.03285 -0.08728 34.74542 0 0 2.72804 34.72682 1.60351 -13
-0.26919 -0.03842 43.17114 0 0 1.25175 41.68922 1.30802 -13
-1.31538 0.05256 74.40977 0 0 -1.49388 45.07223 0.65068 -13
-1.96511 -0.18245 7.46154 0 0 5.42764 3.42796 0.47737 13
-0.45990 -0.15650 94.47380 0 0 4.79651 86.01130 1.14431 13
-1.05346 -0.14541 4.75345 0 0 4.31312 3.29052 0.76460 13
0.68609 -0.08209 89.54071 0 0 2.56439 73.91286 2.17056 -13
1.13213 0.06910 40.76095 0 0 -1.98520 27.02045 2.41690 -13
0.80614 0.10775 8.66842 0 0 -3.09558 6.76398 2.24645 -13
-1.57525 0.14804 64.85907 0 0 -4.37068 35.02975 0.57055 -13
-1.60653 -0.25082 64.85907 0 0 7.66010 35.02975 0.57055 -13
0.96877 -0.08890 51.70953 0 0 2.77634 37.21029 2.33837 -13
0.63145 -0.11851 44.31649 0 0 3.64342 37.54542 2.13088 13
-0.96081 -0.04404 62.70893 0 0 1.39891 45.23988 0.80586 13
1.76436 -0.14489 30.59155 0 0 4.41732 15.20256 2.62149 13
1.86105 -0.04745 74.13864 0 0 1.49815 35.12286 2.64806 13
-0.18905 -0.04577 10.55994 0 0 1.50879 10.37657 1.38415 -13
-0.71494 0.14361 39.34270 0 0 -4.26527 32.11401 0.95493 13
-0.73041 -0.25544 39.34270 0 0 7.77110 32.11401 0.95493 13
0.40242 -0.12122 19.29177 0 0 3.71097 17.91504 1.95087 13
0.14059 0.01357 14.22242 0 0 -0.36271 14.08392 1.71046 13
-0.03952 -0.11242 18.54053 0 0 3.49840 18.52626 1.53154 -13
-0.88581 0.05239 64.08541 0 0 -1.50944 48.00014 0.84656 13
0.99725 0.10530 17.09300 0 0 -3.05607 12.13636 2.35206 -13
0.93450 0.14329 75.05809 0 0 -4.25041 55.09848 2.31728 13
0.95482 -0.25575 75.05809 0 0 7.78666 55.09848 2.31728 13
-0.06624 0.01549 55.01875 0 0 -0.39490 54.89845 1.50466 13
-2.12706 0.08875 47.79626 0 0 -2.61801 20.40177 0.44098 13
0.70293 -0.05938 59.54813 0 0 1.86236 48.74449 2.18266 13
1.58600 0.14922 42.49680 0 0 -4.39886 22.84482 2.57406 -13
1.61678 -0.24952 42.49680 0 0 7.63086 22.84482 2.57407 -13
-1.56661 0.02578 12.99223 0 0 -0.76665 6.99231 0.56827 13
1.21451 -0.01434 21.40968 0 0 0.54965 13.61005 2.45271 -13
-0.96557 -0.01872 91.29868 0 0 0.63839 65.68419 0.80300 13
0.37919 -0.11640 58.29361 0 0 3.58319 54.55230 1.93101 13
-0.36710 -0.21335 16.38940 0 0 6.48318 15.42555 1.22611 13
0.88272 -0.04531 57.92943 0 0 1.45927 43.44957 2.29347 -13
0.83609 -0.03739 22.24176 0 0 1.18198 17.06866 2.26681 13
-0.10443 0.00649 16.78389 0 0 -0.08497 16.69312 1.46674 -13
1.67023 0.12400 87.20634 0 0 -3.64793 45.04904 2.59875 -13
1.71953 -0.27601 87.20634 0 0 8.41918 45.04904 2.59875 -13
-1.51344 0.03287 97.53688 0 0 -0.90141 53.78952 0.58414 -13
0.00652 -0.03502 61.50759 0 0 1.12948 61.50628 1.57732 13
0.44865 -0.06554 53.24012 0 0 2.06816 48.59273 1.99173 -13
0.95167 0.03977 13.75461 0 0 -1.06897 9.96770 2.33104 -13
0.44522 -0.01763 22.02299 0 0 0.63765 20.11966 1.98961 -13
-0.07646 -0.17831 46.81182 0 0 5.44967 46.67973 1.49566 13
0.45284 0.02747 94.21678 0 0 -0.75290 85.83251 1.99587 13
0.86789 -0.08674 31.42044 0 0 2.67689 23.76823 2.28373 13
0.12406 0.12332 89.93772 0 0 -3.64346 89.26373 1.69330 13
0.12775 -0.27677 89.93772 0 0 8.42477 89.26373 1.69330 13
-0.48568 -0.08212 52.56428 0 0 2.54807 47.31279 1.11999 13
-0.29316 -0.03821 59.40901 0 0 1.22525 57.01288 1.28582 13
-0.88007 0.04799 68.06933 0 0 -1.37612 51.12446 0.84967 13
0.06473 -0.17490 19.94905 0 0 5.38258 19.90860 1.63448 -13
0.61939 -0.08650 65.29808 0 0 2.68192 55.56940 2.12368 13
-1.84270 0.03255 94.86711 0 0 -0.88971 45.26750 0.49743 -13
0.55599 -0.11390 53.81851 0 0 3.52760 47.10824 2.07550 -13
1.41561 -0.16749 23.76029 0 0 5.09867 13.83615 2.52004 13
-1.71114 0.02074 33.81217 0 0 -0.57233 17.06328 0.52897 13
-1.25755 0.07765 38.76276 0 0 -2.24229 24.17078 0.67327 -13
0.37614 0.13882 97.58254 0 0 -4.11143 91.44230 1.92744 13
0.38500 -0.26043 97.58254 0 0 7.93155 91.44230 1.92744 13
0.84358 -0.04091 69.12089 0 0 1.32466 52.85105 2.27114 -13
-0.22524 -0.21660 74.52297 0 0 6.62225 72.78034 1.35412 -13
0.33368 0.00051 30.04190 0 0 0.04870 28.49725 1.89286 13
0.72119 0.05244 88.74458 0 0 -1.50737 72.01223 2.19495 13
-0.52434 -0.01035 10.89865 0 0 0.44444 9.65242 1.08789 -13
1.40337 0.06620 54.14306 0 0 -1.93164 31.46554 2.52145 13
0.15747 0.10845 16.32448 0 0 -3.15969 16.12807 1.72609 -13
0.72867 -0.11667 16.68456 0 0 3.56373 13.51537 2.19729 13
0.34993 -0.11247 93.99979 0 0 3.47841 88.78510 1.90545 -13
-1.65157 -0.20209 12.20597 0 0 6.26471 6.41407 0.55335 -13
23.00608 12.69103 12.20597 0 0 5.35674 6.41407 0.50541 -13
-0.04498 0.05774 12.20597 0 0 4.48299 6.41407 1.52592 -13
0.44395 -0.06951 46.40454 0 0 2.16691 42.42952 1.98772 13
-0.61129 -0.23112 42.49055 0 0 7.03889 36.50592 1.03362 13
-0.58319 -0.10422 43.21281 0 0 3.23832 37.37987 1.04518 -13
0.86479 0.02131 48.90314 0 0 -0.54878 36.99368 2.28370 -13
-0.37515 0.10579 53.14230 0 0 -3.09973 49.79017 1.21372 -13
-0.24965 0.14006 34.53125 0 0 -4.12941 33.52194 1.32842 -13
-0.25539 -0.25908 34.53125 0 0 7.91205 33.52194 1.32843 -13
0.93426 -0.01152 23.90418 0 0 0.45726 17.46760 2.32219 -13
-0.74351 -0.24925 49.32773 0 0 7.58800 40.00430 0.94582 13
2.07745 -0.00524 90.40981 0 0 0.25118 39.21352 2.69296 -13
0.65340 -0.01195 66.45736 0 0 0.45043 55.63511 2.14953 -13
-0.01873 -0.19579 23.05675 0 0 5.96571 23.05285 1.55242 13
-0.08958 -0.09312 8.44423 0 0 2.83165 8.41084 1.48184 13
1.50272 -0.02863 43.45640 0 0 0.92424 24.08152 2.55424 13
0.58260 0.09245 25.74545 0 0 -2.72974 22.26923 2.09648 13
-0.18849 -0.07590 9.22846 0 0 2.42605 9.06958 1.38501 -13
-1.10188 0.12095 77.13050 0 0 -3.55735 52.04074 0.74058 -13
-1.13574 -0.27925 77.13050 0 0 8.51527 52.04074 0.74059 -13
1.99285 -0.21580 46.59906 0 0 6.56616 21.28151 2.66733 13
-0.12398 -0.17722 73.72186 0 0 5.42013 73.17866 1.44932 13
0.51921 -0.05707 24.88342 0 0 1.78103 22.09176 2.04903 13
-0.35404 0.01484 56.40049 0 0 -0.37583 53.16735 1.23056 13
-0.19934 0.08178 32.72437 0 0 -2.40123 32.09700 1.37467 13
-0.16596 0.01811 32.40319 0 0 -0.48055 31.96608 1.40636 13
-0.61360 -0.00692 86.86810 0 0 0.28350 74.04127 1.02044 13
-1.44294 -0.12923 33.90523 0 0 3.95303 19.42078 0.60991 13
0.97999 0.06269 99.39156 0 0 -1.80282 71.05514 2.34511 -13
0.25741 0.01131 63.67337 0 0 -0.26793 61.66353 1.82272 13
-1.03894 0.10762 10.48009 0 0 -3.10101 7.28921 0.76918 -13
-0.09108 -0.21748 76.78778 0 0 6.64811 76.48551 1.48203 -13
-0.28645 0.06018 9.07927 0 0 -1.78704 8.72960 1.29230 13
-1.36288 -0.19829 40.60528 0 0 6.08279 24.32203 0.64224 -13
0.32333 -0.09891 9.11246 0 0 3.00716 8.67463 1.88209 13
-0.52336 -0.24087 72.50207 0 0 7.33944 64.61883 1.10013 13
0.20926 0.04581 28.36060 0 0 -1.31864 27.76058 1.77687 13
-0.97997 0.08288 11.90650 0 0 -2.47632 8.51828 0.79723 13
1.48848 0.02101 64.94688 0 0 -0.56668 36.22366 2.54992 13
-1.24952 -0.19434 85.31693 0 0 5.93496 53.91097 0.68399 13
-0.29340 0.03278 42.21250 0 0 -0.91930 40.50683 1.28555 13
0.60232 -0.09494 58.52834 0 0 2.93515 50.19614 2.11094 13
-0.46374 0.00430 53.49905 0 0 -0.03852 48.53426 1.13658 -13
-1.41893 -0.07686 26.10544 0 0 2.36822 15.06792 0.61530 13
3.67392 0.56312 26.10544 0 0 2.37986 15.06792 0.30277 13
1.23299 -0.18266 4.03347 0 0 5.39606 2.56616 2.45212 13
0.31529 -0.23672 5.90763 0 0 7.12984 5.64767 1.86849 13
-0.70988 -0.07179 94.13201 0 0 2.25329 76.82398 0.95468 -13
1.42743 0.07649 38.23386 0 0 -2.20378 21.98014 2.52912 -13
-0.82586 -0.07412 18.08209 0 0 2.35286 13.95730 0.88183 -13
1.08903 -0.00642 69.77914 0 0 0.26480 47.19639 2.39878 13
-0.00263 0.09966 48.48487 0 0 -2.91568 48.48470 1.56818 -13
-0.02032 -0.07541 82.49242 0 0 2.36197 82.47550 1.55053 -13
-0.29840 -0.02459 19.16515 0 0 0.79654 18.36534 1.28089 13
0.30229 -0.01770 42.56007 0 0 0.60298 40.73996 1.86431 13
0.53882 0.10235 46.54504 0 0 -3.01843 41.02331 2.06284 13
-0.62453 -0.08618 27.36651 0 0 2.70045 23.23551 1.01419 -13
0.91226 0.08817 56.37041 0 0 -2.59041 41.71800 2.30841 13
0.11202 0.02420 27.39553 0 0 -0.63108 27.22529 1.68232 -13
2.09467 -0.06767 42.27225 0 0 2.09509 18.24655 2.69530 13
-2.11889 0.07978 69.32467 0 0 -2.34219 29.66410 0.44218 13
1.68026 -0.22719 32.51868 0 0 6.96492 16.94124 2.59363 -13
0.83400 0.03468 12.43917 0 0 -0.91534 9.55529 2.26564 -13
0.16121 -0.18619 72.37485 0 0 5.69075 71.48281 1.72797 13
-0.30728 -0.10434 87.92831 0 0 3.22281 84.08891 1.27419 13
-0.40984 0.07731 79.87747 0 0 -2.24423 73.94284 1.18288 -13
0.19542 -0.00698 41.90097 0 0 0.28011 41.12312 1.76378 13
-0.17516 0.06546 2.44320 0 0 -2.09832 2.40677 1.39776 13
0.97732 -0.09095 72.79240 0 0 2.81580 52.16393 2.34266 13
0.55976 0.14605 79.35688 0 0 -4.33175 69.41966 2.07662 13
0.57131 -0.25288 79.35688 0 0 7.70151 69.41966 2.07661 13
-0.39498 0.09189 96.26758 0 0 -2.68522 89.58702 1.19606 -13
1.42236 0.11405 64.31385 0 0 -3.34547 37.14963 2.52577 -13
0.09134 -0.07375 58.81061 0 0 2.31464 58.56812 1.66164 -13
-1.12788 -0.07097 30.92460 0 0 2.24477 20.54486 0.72662 -13
0.43160 0.06051 96.67414 0 0 -1.73850 88.78528 1.97758 -13
0.54781 -0.22643 48.27848 0 0 6.92431 42.58195 2.06149 -13
0.76010 0.03952 78.42349 0 0 -1.10303 62.45263 2.22036 -13
-0.38031 0.03238 66.09335 0 0 -0.90335 61.78069 1.20755 13
-0.73989 0.10063 71.59347 0 0 -2.96260 57.65544 0.93621 13
-0.08360 0.11837 85.79000 0 0 -3.48409 85.49581 1.48796 -13
-1.02847 0.03338 94.51154 0 0 -0.93279 65.90366 0.77164 13
0.04935 -0.01004 48.33544 0 0 0.39428 48.27670 1.62011 -13
-0.65541 0.02714 66.74994 0 0 -0.72853 55.83407 0.99080 -13
-1.91176 -0.04524 14.00141 0 0 1.37062 6.49454 0.48236 13
0.25091 -0.09293 73.43266 0 0 2.89143 71.24297 1.81562 -13
0.86135 0.05120 89.38337 0 0 -1.45728 67.76173 2.28120 -13
-2.04005 -0.02368 90.98646 0 0 0.80760 40.05625 0.45588 -13
-0.62170 -0.07971 34.06447 0 0 2.46931 28.95482 1.01599 13
0.45647 -0.23334 64.36308 0 0 7.11153 58.81402 1.98909 13
-1.00307 0.06186 31.44612 0 0 -1.80630 22.22299 0.78482 13
0.15560 -0.23300 95.62920 0 0 7.11483 94.54972 1.72120 -13
-0.15326 0.08127 19.86012 0 0 -2.34481 19.63236 1.41921 -13
-1.06498 0.05565 10.47883 0 0 -1.66550 7.17906 0.75471 13
-1.83176 -0.01092 33.97563 0 0 0.44106 16.28080 0.49973 -13
1.58922 0.14599 95.67613 0 0 -4.33253 51.33968 2.57519 13
1.62205 -0.25297 95.67613 0 0 7.70081 51.33968 2.57518 13
-0.57613 -0.08443 50.75015 0 0 2.63870 44.01296 1.04965 -13
-1.19344 0.04772 77.81874 0 0 -1.34951 50.01242 0.69800 -13
0.16087 0.11445 31.30172 0 0 -3.38659 30.90948 1.72928 13
0.17869 -0.16881 86.26474 0 0 5.16735 84.95604 1.74520 13
-0.73535 -0.18603 47.20853 0 0 5.70579 38.25774 0.94484 -13
0.07046 -0.06921 2.44406 0 0 2.37543 2.43802 1.64097 -13
-1.97468 0.12746 86.84805 0 0 -3.77592 39.48835 0.47202 13
-2.03015 -0.27238 86.84805 0 0 8.28565 39.48835 0.47203 13
-1.57574 -0.08219 57.85180 0 0 2.54380 31.07291 0.56701 13
0.01224 -0.04700 29.94784 0 0 1.48273 29.94560 1.58302 13
-0.97064 -0.14901 30.94423 0 0 4.55427 22.32165 0.80579 13
0.90700 -0.16677 86.52246 0 0 5.11906 64.48354 2.30064 -13
-0.38631 0.04874 60.17906 0 0 -1.39745 56.14467 1.20255 13
-0.06259 -0.17726 41.25682 0 0 5.41628 41.17868 1.50924 13
-1.22602 -0.19281 27.84357 0 0 5.92601 17.79115 0.69316 -13
1.42609 -0.05974 12.23802 0 0 1.81609 7.03443 2.52921 13
0.88821 0.11412 96.93526 0 0 -3.35427 72.68094 2.29385 -13
-0.28905 0.07615 89.03673 0 0 -2.21076 85.55429 1.29019 -13
