-0.08217 0.01911 1.06491 0 0 -0.02579 1.06136 1.48883 -13
0.85444 -0.14961 68.96386 0 0 4.58449 52.67458 2.27240 13
-0.72800 -0.21550 94.73157 0 0 6.57548 77.18201 0.95229 13
-0.11222 -0.23008 71.59538 0 0 7.01520 71.17100 1.46187 13
-1.57162 -0.17350 17.09032 0 0 5.26071 9.27204 0.57341 13
-1.68664 -0.16562 41.08932 0 0 5.05294 21.16526 0.54113 13
-1.79167 -0.02790 36.89568 0 0 0.94820 17.98743 0.50924 -13
-0.52262 -0.17675 96.61683 0 0 5.41851 85.90776 1.09551 -13
-0.39655 -0.20537 97.24900 0 0 6.28166 90.65005 1.20029 -13
-0.77329 0.07654 90.95781 0 0 -2.23481 72.03211 0.91397 13
-0.79320 -0.12320 80.81988 0 0 3.80525 63.50304 0.90388 -13
-0.05680 0.07661 5.12260 0 0 -2.32795 5.11439 1.51422 13
0.46453 -0.09321 48.74370 0 0 2.90394 44.24064 2.00402 -13
-1.10384 -0.08741 25.72966 0 0 2.69127 17.31127 0.73797 13
-0.05464 0.05173 19.05083 0 0 -1.50562 19.02253 1.51628 13
1.07894 0.12766 34.28002 0 0 -3.74806 23.40343 2.39012 -13
1.10916 -0.27216 34.28002 0 0 8.31312 23.40343 2.39011 -13
1.18967 0.02545 55.38672 0 0 -0.69942 35.64549 2.44244 13
1.01421 -0.05128 12.17554 0 0 1.68771 8.55410 2.36259 -13
-0.70684 0.00714 75.78949 0 0 -0.12630 61.89013 0.95551 -13
0.24635 -0.19344 96.73958 0 0 5.92135 94.02839 1.80811 -13
-0.02973 0.01904 94.53434 0 0 -0.49763 94.49260 1.54109 13
0.74239 -0.00597 78.74605 0 0 0.25393 63.22732 2.20940 13
-0.29724 -0.00223 38.91344 0 0 0.13640 37.30056 1.28187 13
1.44942 -0.17001 96.12117 0 0 5.21852 55.11327 2.53098 -13
-0.60622 -0.22749 40.42365 0 0 6.92842 34.79821 1.03693 13
1.89252 -0.14311 57.66120 0 0 4.37935 27.15243 2.65129 13
0.20049 0.14765 99.91534 0 0 -4.36773 98.00631 1.76659 -13
0.20451 -0.25120 99.91534 0 0 7.66326 98.00631 1.76661 -13
-0.62657 0.01733 5.50739 0 0 -0.54729 4.66727 1.01114 13
0.45247 0.08376 1.51249 0 0 -2.78622 1.37893 1.99439 13
-0.54808 -0.16947 57.65727 0 0 5.18368 50.72530 1.07537 13
-0.71999 -0.16757 6.44686 0 0 5.23643 5.25623 0.95333 -13
-0.15722 -0.18379 59.29500 0 0 5.61763 58.59855 1.41738 13
-0.24925 -0.09073 76.97602 0 0 2.82472 74.70870 1.32748 -13
-1.41304 -0.02551 32.48896 0 0 0.87651 18.77182 0.61603 -13
-0.17404 -0.09696 94.33795 0 0 3.00100 92.95368 1.39928 13
0.78531 0.10035 66.55164 0 0 -2.93676 52.44093 2.23408 -13
-1.11817 -0.06085 98.97123 0 0 1.90948 66.04427 0.73059 13
-0.31987 -0.08932 9.88678 0 0 2.72572 9.42005 1.26236 13
0.05914 -0.03001 30.01154 0 0 0.97062 29.95924 1.62984 13
-0.52876 -0.05276 9.63265 0 0 1.61693 8.51809 1.08498 13
-0.02454 0.08949 58.22775 0 0 -2.60987 58.21037 1.54636 -13
0.76537 -0.10873 18.38178 0 0 3.32665 14.62845 2.22123 13
1.65968 0.09017 52.60431 0 0 -2.65634 27.22903 2.59753 13
0.82799 -0.24270 35.18605 0 0 7.38384 27.41380 2.24836 13
0.24798 0.13240 19.43052 0 0 -3.88484 18.86886 1.81185 -13
0.25443 -0.26707 19.43052 0 0 8.16782 18.86886 1.81184 -13
0.28069 -0.23911 43.83822 0 0 7.28213 42.29072 1.83730 13
-1.07041 -0.20694 46.60565 0 0 6.30820 32.17029 0.76187 13
1.97129 -0.07190 72.44064 0 0 2.23525 32.83967 2.67110 13
1.42777 -0.18505 19.07943 0 0 5.61775 11.06905 2.52267 13
1.38078 -0.19542 84.05895 0 0 5.98641 49.91047 2.50586 -13
-0.22409 -0.24383 53.97202 0 0 7.42638 52.73665 1.35643 13
-1.28026 0.10150 60.48868 0 0 -2.99278 37.35334 0.66559 13
-0.60313 -0.08822 10.08627 0 0 2.68611 8.64545 1.02979 13
-0.75927 -0.08829 15.73869 0 0 2.78117 12.55295 0.92326 -13
-0.63917 -0.23415 20.58794 0 0 7.17524 17.47925 1.01411 -13
0.77608 0.01427 72.24924 0 0 -0.34067 57.07907 2.23073 -13
0.78320 -0.07745 57.12313 0 0 2.40654 45.02243 2.23376 13
-0.22750 0.11016 59.62491 0 0 -3.25014 58.15623 1.34840 13
1.20012 -0.19989 29.14665 0 0 6.08065 18.87323 2.43726 13
0.66480 -0.10747 94.62545 0 0 3.32953 78.93937 2.15486 -13
-1.58382 -0.16375 97.30110 0 0 5.02995 52.44257 0.56917 -13
1.66234 -0.06010 67.92738 0 0 1.90812 35.06174 2.59923 -13
-0.02607 0.00202 17.46973 0 0 -0.00804 17.46380 1.54473 13
-0.21304 0.00341 79.15325 0 0 -0.02772 77.41598 1.36090 13
-1.74359 0.05542 36.64522 0 0 -1.61800 18.25182 0.52139 13
-0.42198 -0.09496 89.48799 0 0 2.95152 82.50337 1.17309 -13
1.52579 -0.13045 88.63965 0 0 4.00565 48.87532 2.55756 13
0.00049 -0.01418 94.72198 0 0 0.50383 94.72197 1.57129 13
0.27481 -0.02408 69.91026 0 0 0.81484 67.41242 1.83891 -13
0.49482 -0.01095 3.85894 0 0 0.27061 3.45880 2.03027 13
-1.23029 -0.03697 67.65184 0 0 1.18492 42.68852 0.68284 13
-1.02732 0.14424 44.72248 0 0 -4.28574 31.35969 0.77707 13
-1.04927 -0.25476 44.72248 0 0 7.75017 31.35969 0.77707 13
-1.38294 -0.07508 97.62647 0 0 2.35396 57.31033 0.62740 -13
-1.91260 -0.10195 9.62780 0 0 3.04641 4.48012 0.48388 13
0.58784 0.09622 84.80972 0 0 -2.81485 73.19924 2.10022 -13
0.39579 -0.09717 59.86189 0 0 3.00354 55.69620 1.94606 13
-1.14242 -0.21185 39.76059 0 0 6.45193 26.51232 0.72991 13
0.81767 0.11659 99.43119 0 0 -3.42936 77.18215 2.25291 -13
-1.18895 -0.00719 55.87353 0 0 0.31156 35.96451 0.69930 -13
0.02043 -0.00374 16.30597 0 0 0.22423 16.30257 1.59122 -13
-1.59395 0.13870 24.30018 0 0 -4.13892 13.00343 0.56460 13
-1.63153 -0.26064 24.30018 0 0 7.90368 13.00343 0.56462 13
1.12657 -0.04226 99.98045 0 0 1.36346 66.40474 2.41520 -13
-0.98434 0.00471 97.73942 0 0 -0.06768 69.65575 0.79330 13
-1.08957 -0.09074 76.00182 0 0 2.80973 51.50431 0.74460 13
1.09680 -0.04270 84.91542 0 0 1.37812 57.23942 2.40188 -13
-2.03166 -0.00927 84.15118 0 0 0.34761 37.16376 0.45741 13
0.24299 -0.16706 47.64666 0 0 5.13113 46.33445 1.80602 -13
-0.16810 -0.06019 54.14279 0 0 1.88757 53.39617 1.40455 13
-0.53402 -0.18293 95.65569 0 0 5.59360 84.68291 1.08711 13
-1.14371 -0.16718 46.23847 0 0 5.10843 30.67261 0.72530 13
-1.07289 -0.02337 23.88879 0 0 0.81607 16.29032 0.75039 -13
0.91262 -0.21431 73.42662 0 0 6.55486 54.78521 2.29937 -13
0.52217 0.12045 52.12357 0 0 -3.54231 46.27374 2.04908 -13
0.53833 -0.27978 52.12357 0 0 8.53156 46.27374 2.04907 -13
-0.04236 -0.16621 96.36358 0 0 5.08942 96.27952 1.52903 13
-2.67722 -3.01154 96.36358 0 0 5.59765 96.27952 0.86998 13
0.99679 0.30405 96.36358 0 0 5.28690 96.27952 2.33249 13
-0.74978 0.70706 96.36358 0 0 5.28412 96.27952 1.02145 13
-0.69761 0.02838 38.88107 0 0 -0.79009 31.89221 0.96186 13
-1.13047 -0.23975 96.76791 0 0 7.32138 65.11431 0.73813 -13
0.53560 -0.24340 82.83261 0 0 7.43036 73.47832 2.05063 -13
0.04237 -0.18163 41.65135 0 0 5.57227 41.61520 1.61246 -13
-0.07382 -0.19697 38.60504 0 0 6.01076 38.50418 1.49850 13
-0.18771 -0.05048 39.10445 0 0 1.61694 38.43489 1.38548 -13
-1.25941 0.07218 15.09010 0 0 -2.04487 9.39888 0.67235 -13
1.43900 0.04647 86.88550 0 0 -1.31056 49.61871 2.53377 -13
0.09981 -0.15308 22.29360 0 0 4.72058 22.18595 1.66914 -13
0.21033 0.01306 58.60085 0 0 -0.30418 57.34633 1.77808 -13
2.14060 -0.12596 3.55717 0 0 3.56563 1.51596 2.70154 13
0.82327 -0.07714 8.79198 0 0 2.48034 6.79570 2.25811 -13
0.05327 0.10461 65.88940 0 0 -3.08222 65.79712 1.62372 13
0.25662 -0.11440 98.91918 0 0 3.52705 95.85290 1.82043 13
-1.31001 0.06940 88.31150 0 0 -2.02137 53.66582 0.65315 13
0.17260 -0.21017 46.19212 0 0 6.43237 45.54690 1.73813 -13
0.73749 -0.24664 41.80667 0 0 7.53621 33.99072 2.19220 -13
0.16286 0.04423 32.72797 0 0 -1.23821 32.30321 1.73209 -13
0.34432 -0.11931 78.29604 0 0 3.68670 74.08572 1.90023 -13
-0.29576 0.13612 32.61401 0 0 -4.03988 31.29784 1.28572 13
-0.30305 -0.26327 32.61401 0 0 8.00692 31.29784 1.28571 13
0.15500 -0.00388 41.04426 0 0 0.18648 40.55994 1.72457 13
-0.18799 -0.02678 90.03486 0 0 0.89473 88.48593 1.38504 -13
0.58746 -0.05452 8.08220 0 0 1.79504 6.97114 2.10130 -13
0.11720 0.05030 56.04039 0 0 -1.42835 55.66041 1.68732 -13
-0.54174 -0.21671 5.44834 0 0 6.51313 4.81510 1.08387 13
0.16756 0.01443 48.09095 0 0 -0.36430 47.42991 1.73680 13
0.16817 0.03025 73.60944 0 0 -0.83811 72.59099 1.73733 13
1.40222 -0.12308 50.62742 0 0 3.80911 29.54236 2.51854 -13
-0.75251 0.00097 74.19391 0 0 0.04422 59.28360 0.92569 13
-1.25711 -0.19823 70.73399 0 0 6.07119 44.55344 0.68139 -13
0.21304 0.13226 56.98952 0 0 -3.89868 55.75961 1.77893 -13
0.21862 -0.26725 56.98952 0 0 8.15355 55.75961 1.77895 -13
-1.49258 0.11034 6.72746 0 0 -3.12358 3.76069 0.59309 -13
0.13116 0.12503 17.37321 0 0 -3.71899 17.22787 1.70022 13
0.13498 -0.27497 17.37321 0 0 8.34557 17.22787 1.70022 13
0.16680 -0.07346 31.69592 0 0 2.28148 31.26629 1.73564 13
-0.19091 0.13431 6.78846 0 0 -4.04344 6.67003 1.38380 13
-0.19559 -0.26531 6.78846 0 0 8.00488 6.67003 1.38395 13
-0.58952 0.01739 67.50087 0 0 -0.43521 58.15163 1.03819 -13
-1.56115 0.05033 98.08909 0 0 -1.44574 52.95536 0.57028 13
0.96138 0.05653 85.47145 0 0 -1.63220 61.66272 2.33571 13
-0.67919 0.02335 51.80796 0 0 -0.61218 42.86119 0.97430 -13
1.12503 -0.16093 70.59816 0 0 4.92580 47.23638 2.40861 13
0.35264 -0.24666 26.05478 0 0 7.54353 24.65008 1.90067 -13
-1.02508 -0.22472 73.48350 0 0 6.86971 51.95702 0.78533 -13
-0.37472 0.00616 70.66487 0 0 -0.09732 66.17178 1.21228 -13
-0.39562 0.10655 97.86942 0 0 -3.13851 91.07555 1.19600 13
1.62393 -0.06714 30.34521 0 0 2.13667 15.93779 2.58864 -13
0.78407 -0.19926 68.08363 0 0 6.08224 53.97138 2.22632 13
-0.29767 -0.22886 59.50099 0 0 6.99328 57.14360 1.28838 -13
-0.46842 -0.15362 39.78893 0 0 4.70212 36.10665 1.13719 13
-0.24480 0.04791 6.38269 0 0 -1.44300 6.20002 1.33098 13
0.17069 -0.22262 76.72206 0 0 6.78968 75.67873 1.73590 13
1.04253 -0.14224 47.16437 0 0 4.35680 32.81939 2.37201 13
0.87461 0.01323 27.90361 0 0 -0.34086 21.00452 2.28936 13
-1.82676 -0.02546 67.49761 0 0 0.86412 32.41829 0.50099 -13
0.82008 -0.12729 41.56937 0 0 3.93666 32.24679 2.25372 -13
-0.41926 -0.17052 39.10203 0 0 5.23849 36.13756 1.17888 -13
2.10760 0.11867 77.85376 0 0 -3.48382 33.56482 2.69586 -13
-0.89053 -0.16695 99.26247 0 0 5.12433 74.57821 0.85006 -13
-0.63294 -0.17168 80.18238 0 0 5.26704 68.03075 1.01305 -13
0.88584 -0.15317 16.43192 0 0 4.74296 12.36196 2.28998 -13
-0.22848 0.00819 53.33502 0 0 -0.17528 51.99524 1.34618 13
0.64413 0.03695 49.24817 0 0 -1.02229 41.41025 2.14273 -13
0.92854 -0.12538 43.79448 0 0 3.84886 32.20832 2.31527 13
0.49948 -0.16737 73.59188 0 0 5.13718 66.01621 2.02853 -13
-0.91996 0.09028 13.57017 0 0 -2.59400 10.00439 0.82909 -13
0.14374 -0.06966 67.79455 0 0 2.18972 67.10823 1.71322 -13
-1.19346 -0.22370 93.02485 0 0 6.82105 60.59946 0.70947 13
-1.47706 -0.23759 50.63413 0 0 7.23076 28.92202 0.60795 13
-0.12754 0.02558 96.76205 0 0 -0.69545 95.98507 1.44398 13
0.29841 -0.08658 26.10198 0 0 2.67299 25.01973 1.85977 13
0.97544 -0.12195 33.05017 0 0 3.73821 23.74495 2.34007 13
-0.42571 -0.16656 92.33892 0 0 5.11113 85.13727 1.17323 -13
0.36073 -0.14551 92.77202 0 0 4.47634 87.37184 1.91367 -13
-0.34725 -0.03185 17.33069 0 0 1.07160 16.37243 1.23673 -13
-0.18462 -0.16383 40.57544 0 0 5.03589 39.91830 1.39058 -13
0.07717 -0.18097 33.28649 0 0 5.55486 33.19097 1.64659 -13
-2.01595 0.11694 2.31602 0 0 -3.95379 1.03459 0.46319 13
-2.08465 -0.28539 2.31602 0 0 8.11144 1.03459 0.46273 13
0.56112 -0.24139 42.53370 0 0 7.37745 37.34018 2.07014 -13
0.14506 0.09512 37.05051 0 0 -2.80122 36.67020 1.71422 13
-0.34514 0.07160 23.00585 0 0 -2.10138 21.75282 1.23924 13
0.69378 0.01182 85.65728 0 0 -0.28198 70.37975 2.17731 13
-1.65779 -0.16750 17.42139 0 0 5.19082 9.09009 0.54892 -13
0.47255 0.14560 32.63388 0 0 -4.32735 29.56150 2.00820 13
0.48242 -0.25336 32.63388 0 0 7.70647 29.56150 2.00822 13
-0.69988 -0.12881 33.97948 0 0 3.95014 27.91354 0.96401 13
-1.47898 0.04512 35.56978 0 0 -1.25625 19.93768 0.59500 -13
0.59668 -0.00651 76.01439 0 0 0.27029 65.27752 2.10876 13
-0.37587 0.05141 63.20486 0 0 -1.47773 59.17335 1.21169 13
0.81238 -0.05121 49.53072 0 0 1.61329 38.46413 2.25240 13
-1.82655 -0.11497 28.08728 0 0 3.51483 13.55643 0.50368 13
0.27717 0.09915 16.32125 0 0 -2.87798 15.73370 1.83992 -13
-0.97454 -0.23941 86.68509 0 0 7.29536 62.91718 0.81222 13
-0.88434 -0.08647 35.16667 0 0 2.70771 26.38601 0.84855 -13
0.51786 -0.18431 53.88022 0 0 5.63094 48.01243 2.04184 13
0.43929 -0.19196 19.62804 0 0 5.90017 18.02225 1.97809 -13
1.48917 -0.02231 97.56502 0 0 0.74452 54.40014 2.55013 13
0.09491 -0.22681 27.96005 0 0 6.90535 27.84105 1.66309 13
-0.64382 0.10254 28.00373 0 0 -3.03322 23.58235 1.00116 13
1.88083 -0.08595 28.62872 0 0 2.63799 13.47832 2.65140 13
-1.73677 0.07579 80.23975 0 0 -2.21683 40.12251 0.52366 13
-1.90537 0.05532 90.09660 0 0 -1.57560 41.92021 0.48394 -13
-1.27689 -0.10810 12.76931 0 0 3.28187 7.90083 0.66721 13
0.03990 0.09203 16.53868 0 0 -2.66519 16.52566 1.61051 -13
-0.54149 0.11684 91.13454 0 0 -3.44810 80.26198 1.07734 13
-0.28026 -0.01198 34.23386 0 0 0.42799 32.96388 1.29756 13
0.25868 -0.14301 62.67354 0 0 4.40359 60.71446 1.82149 -13
-0.63085 -0.17985 6.62274 0 0 5.59943 5.62669 1.01516 -13
-1.83231 -0.10948 56.16599 0 0 3.40228 27.03053 0.50209 -13
0.62380 -0.05393 19.11479 0 0 1.67794 16.22495 2.12788 13
0.03078 -0.14669 49.36942 0 0 4.51641 49.34652 1.60124 -13
0.72447 -0.03122 21.17575 0 0 0.99455 17.15129 2.19752 13
-1.75420 -0.19265 3.20612 0 0 5.60829 1.60938 0.52599 13
-1.49931 0.02976 44.31175 0 0 -0.79646 24.59518 0.58842 -13
-0.94554 -0.20912 28.18492 0 0 6.41457 20.68529 0.82406 -13
-0.15930 0.03822 96.60491 0 0 -1.06726 95.40372 1.41293 -13
-0.03208 0.02421 47.47534 0 0 -0.65908 47.45095 1.53874 13
1.47819 -0.21694 47.27960 0 0 6.64438 26.90941 2.53610 -13
-0.03848 -0.01266 21.81338 0 0 0.44110 21.79726 1.53234 13
1.22137 0.11930 62.36040 0 0 -3.52961 39.67192 2.45206 13
1.25969 -0.28103 62.36040 0 0 8.54597 39.67192 2.45203 13
0.30271 -0.22663 91.00683 0 0 6.91136 87.28266 1.85786 13
1.70877 -0.14037 80.48538 0 0 4.30417 40.94715 2.60785 13
1.82948 -0.07758 31.43362 0 0 2.45411 15.11161 2.64010 -13
-0.94272 0.05212 87.65180 0 0 -1.49878 63.81941 0.81555 13
0.49652 0.06689 84.09678 0 0 -1.94282 75.35594 2.03077 13
-0.74996 -0.06795 31.63331 0 0 2.15085 25.32828 0.92843 -13
1.95589 -0.11669 78.71617 0 0 3.61443 36.02607 2.66622 -13
-0.84663 -0.14552 60.23529 0 0 4.48155 46.17151 0.87342 -13
-0.57964 0.02151 61.30962 0 0 -0.57693 53.04602 1.04558 13
0.76404 -0.14828 84.48303 0 0 4.56085 67.39903 2.21798 -13
1.33671 0.08588 41.62908 0 0 -2.52814 24.99559 2.49754 13
1.10054 0.01500 78.77689 0 0 -0.37999 52.97964 2.40396 13
-0.94866 -0.14311 96.94658 0 0 4.40485 70.66965 0.81680 -13
0.50498 -0.05420 25.39622 0 0 1.69482 22.67624 2.03783 13
0.71665 -0.24070 65.05248 0 0 7.35193 53.37454 2.17934 -13
-0.12652 -0.01343 23.17121 0 0 0.46549 22.98796 1.44496 13
0.62321 -0.03780 87.89487 0 0 1.22789 74.60940 2.12779 -13
1.02550 -0.11202 13.63235 0 0 3.41045 9.54797 2.36567 13
-1.79078 0.13674 82.68156 0 0 -4.03195 40.59653 0.51323 -13
-1.83441 -0.26259 82.68156 0 0 8.01433 40.59653 0.51324 -13
-0.50854 0.03614 22.48139 0 0 -1.03301 20.04160 1.10060 13
0.33882 -0.16410 4.15370 0 0 5.16022 3.93951 1.89346 -13
-0.49780 -0.16625 88.50858 0 0 5.10184 79.44687 1.11433 -13
0.35810 -0.11152 88.35595 0 0 3.45097 83.24136 1.91271 -13
-2.13400 -0.08077 2.19353 0 0 3.05724 0.93296 0.43947 -13
-0.22361 -0.13495 10.33124 0 0 4.10485 10.08665 1.35272 13
0.56196 0.02961 28.56786 0 0 -0.83151 24.90724 2.08259 13
-2.06825 -0.08748 34.72439 0 0 2.69028 15.16258 0.45186 13
1.93965 -0.23730 95.51107 0 0 7.22776 44.71991 2.65433 13
-0.57613 0.07459 97.86865 0 0 -2.16266 84.85991 1.04931 -13
-0.42521 0.00062 27.64969 0 0 0.04321 25.44481 1.16875 13
-1.08990 0.09839 98.17459 0 0 -2.89392 66.54625 0.74481 13
-0.37549 -0.14047 57.11183 0 0 4.32685 53.53078 1.21480 -13
-0.92277 -0.08468 16.26440 0 0 2.67795 11.97245 0.82732 -13
-1.63202 0.07117 13.48721 0 0 -2.01957 7.06050 0.55086 -13
-2.15162 -0.10894 47.09457 0 0 3.39142 19.94570 0.43732 -13
-0.37847 -0.10178 38.47465 0 0 3.13785 36.00711 1.21069 13
0.23314 0.09735 34.01994 0 0 -2.86952 33.13935 1.79880 13
1.83097 -0.10259 80.03438 0 0 3.18897 38.51797 2.63950 -13
-1.48167 -0.16346 35.99670 0 0 4.98678 20.31984 0.59982 13
-1.68784 0.07387 35.15410 0 0 -2.17289 17.95470 0.53606 13
-0.11140 0.07951 56.72188 0 0 -2.30878 56.37542 1.46020 -13
-1.54798 0.04972 87.51556 0 0 -1.42929 47.52993 0.57412 13
-0.05552 -0.00226 35.38760 0 0 0.13553 35.33318 1.51534 13
-1.25535 0.06697 84.44877 0 0 -1.94851 52.68894 0.67375 13
0.32950 -0.10635 97.12199 0 0 3.28388 92.29430 1.88743 13
0.01006 -0.01624 31.26768 0 0 0.58696 31.26610 1.58085 -13
-0.69512 0.07773 7.56790 0 0 -2.18336 6.22056 0.96477 -13
-0.52719 0.06575 27.07688 0 0 -1.92187 23.96360 1.08653 13
-0.30618 0.14193 92.92049 0 0 -4.20585 88.92427 1.27646 13
-0.31300 -0.25717 92.92049 0 0 7.83298 88.92427 1.27646 13
-1.12820 -0.23855 3.68886 0 0 7.47637 2.48341 0.73899 -13
0.06547 -0.06173 86.24554 0 0 1.94932 86.06197 1.63605 -13
0.81185 -0.18714 52.09228 0 0 5.71369 40.71692 2.24431 13
-0.20745 0.09770 18.23793 0 0 -2.83843 17.86123 1.36719 -13
0.40569 0.11974 19.00570 0 0 -3.50169 17.62908 1.95372 -13
0.41831 -0.28053 19.00570 0 0 8.57407 17.62908 1.95368 -13
1.70589 -0.07844 83.57541 0 0 2.43573 42.36190 2.61004 13
1.04323 0.04366 5.36497 0 0 -1.36822 3.71423 2.37688 13
0.46073 0.07886 63.75390 0 0 -2.28974 57.93479 2.00136 -13
0.44025 0.01188 67.26469 0 0 -0.26914 61.56362 1.98548 -13
-0.33530 -0.01622 74.06702 0 0 0.56382 70.22552 1.24732 13
0.12059 0.02730 96.79264 0 0 -0.74734 96.09703 1.69076 13
-1.39234 0.11371 22.26226 0 0 -3.31126 13.04189 0.62589 -13
-0.49327 0.14681 5.75906 0 0 -4.24980 5.17560 1.11676 -13
-0.50339 -0.25203 5.75906 0 0 7.78425 5.17560 1.11669 -13
1.52097 -0.17396 68.95780 0 0 5.34204 38.27865 2.55312 -13
-0.08947 0.14890 9.96793 0 0 -4.35988 9.92911 1.48253 -13
-0.09117 -0.24983 9.96793 0 0 7.67048 9.92911 1.48258 -13
-0.14672 0.01154 93.23396 0 0 -0.27212 92.24640 1.42512 13
0.27003 0.10087 69.80156 0 0 -2.96864 67.41103 1.83327 13
-0.75717 0.07429 74.09847 0 0 -2.16780 59.13379 0.92405 13
2.01588 -0.03007 19.62356 0 0 0.93204 8.72317 2.68092 13
0.00340 0.05150 90.72550 0 0 -1.46685 90.72498 1.57420 -13
0.57481 -0.14859 92.22437 0 0 4.55720 80.17189 2.08778 13
-0.69788 -0.23232 99.20854 0 0 7.09542 82.04668 0.97378 -13
-0.10293 -0.24036 15.28666 0 0 7.29779 15.21069 1.47105 13
-0.41661 -0.16622 77.72682 0 0 5.10145 71.89248 1.18087 -13
0.37692 -0.04965 68.69474 0 0 1.57116 64.28996 1.93085 13
0.00744 -0.18249 5.97796 0 0 5.50139 5.97780 1.57812 13
1.37100 0.11935 11.23974 0 0 -3.59493 6.65414 2.50804 13
1.41384 -0.28115 11.23974 0 0 8.47854 6.65414 2.50794 13
-1.46962 -0.10618 66.73420 0 0 3.29697 37.68572 0.60009 -13
0.91393 -0.06601 93.27185 0 0 2.06553 68.91736 2.31017 13
-0.69763 -0.16671 70.06567 0 0 5.11915 57.72069 0.96808 -13
0.30274 0.12665 56.77296 0 0 -3.74831 54.37341 1.86257 13
0.31136 -0.27326 56.77296 0 0 8.31406 54.37341 1.86257 13
-1.04747 -0.00619 91.95398 0 0 0.26054 63.49736 0.76223 13
-0.15103 0.09372 36.80475 0 0 -2.75923 36.39561 1.42154 13
0.32513 -0.05376 7.66482 0 0 1.63831 7.29141 1.88473 13
-1.27165 -0.21885 33.52851 0 0 6.65843 21.02402 0.67778 13
0.02329 -0.06951 89.12815 0 0 2.17268 89.10408 1.59403 13
-0.20644 0.03829 19.97996 0 0 -1.04930 19.56804 1.36736 -13
0.15437 -0.16939 41.57265 0 0 5.17843 41.09931 1.72184 13
-1.55629 0.08550 35.41180 0 0 -2.46720 19.19477 0.57278 -13
0.10895 -0.55507 35.41180 0 0 -2.38995 19.19477 1.66577 -13
0.27407 0.81129 35.41180 0 0 -1.29248 19.19477 1.36109 -13
0.30342 1.03685 35.41180 0 0 -2.01226 19.19477 1.36320 -13
-0.77933 0.06059 10.11328 0 0 -1.68519 7.98272 0.90967 -13
1.83182 -0.22775 16.50976 0 0 6.89149 8.06543 2.63119 13
-0.10384 -0.03695 1.49789 0 0 1.51720 1.48988 1.46740 -13
0.11755 0.03942 76.71811 0 0 -1.11404 76.19430 1.68772 13
-0.37322 0.14503 45.46513 0 0 -4.30526 42.64902 1.21698 13
-0.38109 -0.25395 45.46513 0 0 7.72985 42.64902 1.21697 13
0.65699 -0.13279 65.38267 0 0 4.09523 54.78738 2.14807 -13
-0.13123 -0.23457 72.17987 0 0 7.14997 71.59786 1.44373 13
-0.63482 -0.20401 79.67822 0 0 6.24233 67.65781 1.01435 -13
-0.22651 -0.02855 66.75882 0 0 0.93485 65.11078 1.34814 13
2.14229 0.13958 33.62723 0 0 -4.09252 14.33662 2.70116 -13
-0.61765 0.09665 82.43825 0 0 -2.82738 70.22813 1.01958 -13
1.43350 0.14288 90.96230 0 0 -4.21910 52.39745 2.52773 -13
1.46491 -0.25615 90.96230 0 0 7.81813 52.39745 2.52774 -13
0.22800 0.10289 51.91083 0 0 -3.01325 50.62520 1.79383 -13
0.02639 -0.24425 25.75809 0 0 7.42924 25.74963 1.59643 13
0.42643 0.05583 25.88749 0 0 -1.62385 23.81860 1.97331 13
1.44815 -0.17766 14.58190 0 0 5.50165 8.37298 2.52996 -13
1.13677 -0.01206 64.74116 0 0 0.43401 42.76306 2.42008 13
0.09865 0.08748 66.07096 0 0 -2.56500 65.75420 1.66876 13
2.02490 -0.20056 71.63811 0 0 6.11493 32.22597 2.67500 13
0.28354 0.01562 81.29746 0 0 -0.39593 78.21501 1.84705 13
-0.19374 -0.24113 60.85840 0 0 7.34684 59.80690 1.38464 13
-1.14437 -0.24781 53.07293 0 0 7.57006 35.50958 0.73297 -13
-0.56301 0.09869 39.30775 0 0 -2.91031 34.29234 1.06009 13
-1.00675 -0.19102 31.31437 0 0 5.82091 22.26632 0.79099 13
-1.12138 0.00187 56.08056 0 0 0.03781 37.32507 0.72824 -13
0.01674 -0.03326 48.19896 0 0 1.07428 48.19221 1.58752 13
-0.05472 -0.04059 5.62399 0 0 1.39531 5.61565 1.51618 -13
-0.08789 -4.08790 5.62399 0 0 1.42932 5.61565 1.54992 -13
1.42198 2.05073 5.62399 0 0 1.48592 5.61565 1.01346 -13
-1.03287 -0.90843 5.62399 0 0 -0.04312 5.61565 0.91807 -13
1.23906 0.88156 5.62399 0 0 1.13679 5.61565 0.82194 -13
-0.32458 -2.36198 5.62399 0 0 -0.08295 5.61565 1.44492 -13
0.24767 1.72951 5.62399 0 0 1.18815 5.61565 1.44745 -13
1.08103 -5.72474 5.62399 0 0 0.71988 5.61565 1.75471 -13
-2.44050 -2.08229 5.62399 0 0 0.92087 5.61565 0.75793 -13
13.35366 -7.59312 5.62399 0 0 1.30978 5.61565 0.52073 -13
-26.05166 28.19215 5.62399 0 0 1.47816 5.61565 0.82515 -13
0.81719 -1.89998 5.62399 0 0 1.81386 5.61565 1.20712 -13
-0.61646 -0.19197 57.40495 0 0 5.86223 49.10702 1.02641 13
-1.76200 -0.05117 83.17666 0 0 1.61269 41.09596 0.51677 13
0.08804 -0.24157 40.28783 0 0 7.35528 40.14119 1.65617 13
-0.15094 -0.23811 34.84887 0 0 7.27883 34.47916 1.42500 -13
-0.98322 -0.10223 52.55856 0 0 3.17837 37.57289 0.79646 -13
-0.81243 -0.17340 42.70210 0 0 5.32709 33.33658 0.89576 -13
1.25716 0.07694 8.54187 0 0 -2.14710 5.32732 2.46820 -13
-0.01232 0.12317 14.55636 0 0 -3.66875 14.55527 1.55857 13
-0.01268 -0.27698 14.55636 0 0 8.39903 14.55527 1.55858 13
-0.01604 0.00471 94.89199 0 0 -0.05585 94.87978 1.55476 -13
-0.27281 0.11813 10.11539 0 0 -3.43162 9.76345 1.30622 -13
1.59061 -0.11446 51.40088 0 0 3.55072 27.48539 2.57741 -13
0.20656 -0.10527 35.28678 0 0 3.27073 34.56500 1.77341 -13
-1.20899 -0.07572 9.63557 0 0 2.28426 6.15114 0.69247 13
-1.07375 -0.05340 63.94459 0 0 1.68139 43.61348 0.75056 13
-0.10247 -0.10302 78.31235 0 0 3.18255 77.90869 1.46922 13
-1.43146 -0.05049 12.56194 0 0 1.67305 7.19977 0.61038 -13
0.61188 0.04977 63.13385 0 0 -1.42883 53.87111 2.11935 13
-0.58570 0.07806 19.71336 0 0 -2.30200 17.02365 1.04228 13
-1.25933 -0.06889 35.31457 0 0 2.18115 21.99237 0.67227 -13
1.05211 -0.20702 72.76255 0 0 6.33577 50.67817 2.37110 -13
0.90786 0.03258 83.38277 0 0 -0.89398 61.75118 2.30767 -13
-0.18718 -0.09511 53.58577 0 0 2.95895 52.67907 1.38657 -13
-0.73298 0.07249 15.93476 0 0 -2.14173 12.86379 0.93953 13
0.36075 0.01147 93.87494 0 0 -0.25941 88.30514 1.91700 -13
1.66555 -0.13500 22.73144 0 0 4.11178 11.77865 2.59688 13
0.82228 -0.06272 28.99783 0 0 1.99528 22.41533 2.25801 -13
0.57306 -0.06532 93.71175 0 0 2.05769 81.35018 2.09026 -13
1.09512 -0.02018 24.06909 0 0 0.71942 16.23201 2.40146 -13
0.13795 -0.04927 21.93380 0 0 1.54471 21.72849 1.70772 13
0.16294 0.06623 66.45986 0 0 -1.92375 65.59850 1.73197 13
-0.68089 0.14044 41.00146 0 0 -4.14050 33.99506 0.97755 -13
-0.69647 -0.25868 41.00146 0 0 7.90056 33.99506 0.97755 -13
-0.78807 -0.22621 12.25778 0 0 6.95873 9.71871 0.91546 -13
0.63964 0.04189 18.51107 0 0 -1.15145 15.59780 2.13945 -13
0.67665 -0.24786 46.23629 0 0 7.57174 38.64609 2.15192 -13
0.28828 -0.16928 76.69372 0 0 5.19451 73.77159 1.84773 -13
-0.47822 0.06521 99.05717 0 0 -1.89113 89.39937 1.12555 13
1.78235 -0.21759 47.04528 0 0 6.62310 23.42633 2.62037 13
0.45880 0.07148 8.59591 0 0 -2.01109 7.81649 1.99998 -13
0.79190 0.00638 95.46628 0 0 -0.11775 74.84169 2.24057 13
1.58515 -0.14005 56.64394 0 0 4.32109 30.43276 2.57440 -13
0.15383 -0.13756 16.69173 0 0 4.20150 16.50118 1.72202 13
-1.04929 0.07231 99.84561 0 0 -2.10685 68.97766 0.76265 13
-1.99459 -0.07950 72.85715 0 0 2.46401 32.73518 0.46600 13
-1.29714 -0.15755 52.54552 0 0 4.84864 32.32803 0.66270 -13
1.52246 0.04265 84.66273 0 0 -1.19521 46.50886 2.56001 -13
0.22615 -0.24504 84.03233 0 0 7.47881 82.07579 1.78701 -13
1.83776 -0.10624 98.09444 0 0 3.27551 47.08863 2.64090 13
-1.55836 -0.19552 88.66944 0 0 5.98961 48.52424 0.57908 -13
1.86169 -0.18035 26.45831 0 0 5.56152 12.67716 2.64197 -13
0.15950 0.10644 74.11806 0 0 -3.13614 73.20299 1.72809 13
1.88172 -0.12793 20.90611 0 0 3.89028 9.87165 2.64975 13
0.49665 -0.07677 5.51342 0 0 2.30029 4.94088 2.03059 13
-1.44863 0.01903 43.73674 0 0 -0.51289 24.84934 0.60428 13
-1.68953 -0.04360 63.02213 0 0 1.41206 32.12338 0.53484 -13
1.32565 0.11735 85.46381 0 0 -3.46832 51.69221 2.49203 13
0.34950 0.12115 8.18187 0 0 -3.51088 7.72978 1.90477 -13
0.35982 -0.27884 8.18187 0 0 8.56247 7.72978 1.90444 -13
0.88612 -0.19592 51.08905 0 0 5.97828 38.55168 2.28655 13
-1.19334 -0.15629 39.27944 0 0 4.81427 25.40721 0.70342 -13
0.28493 0.01304 21.61024 0 0 -0.28886 20.78322 1.84835 -13
-0.97527 -0.12012 40.24090 0 0 3.72188 28.90796 0.80150 -13
-1.21627 -0.02551 70.89290 0 0 0.86145 45.03184 0.68828 -13
-1.12771 -0.13634 32.37017 0 0 4.21644 21.58702 0.73002 -13
-0.12032 -0.01553 84.75452 0 0 0.55559 84.14771 1.45106 -13
-0.08060 -0.00293 66.47556 0 0 0.16232 66.26071 1.49037 13
-0.01139 -0.15411 81.51831 0 0 4.73596 81.51314 1.55954 -13
-0.95352 -0.15917 83.58364 0 0 4.89080 60.85079 0.81543 -13
-0.88234 0.14532 49.03150 0 0 -4.28878 36.93282 0.85300 -13
-0.90082 -0.25360 49.03150 0 0 7.74487 36.93282 0.85300 -13
-0.90716 -0.08362 94.55773 0 0 2.59643 70.14409 0.83577 13
-1.52749 -0.24060 86.02633 0 0 7.32802 48.04815 0.59262 13
-0.16824 0.08957 81.65156 0 0 -2.62668 80.52875 1.40477 13
0.62927 0.08572 73.71216 0 0 -2.49678 62.45257 2.13081 -13
-0.13074 0.06531 34.64478 0 0 -1.87456 34.35360 1.44107 -13
-0.73421 -0.20321 91.61137 0 0 6.20438 74.36313 0.94710 13
0.53736 -0.24133 47.84926 0 0 7.34631 42.41205 2.05218 13
0.01534 -0.01109 6.72346 0 0 0.48697 6.72267 1.58614 -13
0.53324 -0.11056 49.25044 0 0 3.42739 43.51631 2.05816 -13
-0.10831 -0.24127 32.38978 0 0 7.37566 32.21169 1.46589 -13
-0.07937 0.10878 55.56726 0 0 -3.19140 55.39506 1.49206 -13
-0.89671 -0.08017 84.10794 0 0 2.50760 62.70822 0.84139 -13
-0.68501 0.04071 34.13430 0 0 -1.12896 28.16792 0.97059 -13
0.27055 0.04629 29.77122 0 0 -1.29822 28.74000 1.83475 -13
1.10780 -0.00602 52.65444 0 0 0.27689 35.28215 2.40728 -13
-0.31774 -0.10558 99.93925 0 0 3.26096 95.29507 1.26474 13
1.08689 0.06740 87.76806 0 0 -1.94365 59.49952 2.39668 -13
-1.14758 -0.18483 15.28691 0 0 5.60487 10.13846 0.72511 13
-0.64531 -0.07574 53.07018 0 0 2.37627 44.62886 0.99903 -13
0.02730 0.03980 17.67089 0 0 -1.09159 17.66431 1.59807 -13
-1.82828 -0.00215 59.64370 0 0 0.16316 28.62135 0.50051 -13
1.25295 -0.15560 20.14422 0 0 4.73492 12.65735 2.46216 13
1.63464 -0.05992 91.84504 0 0 1.89902 47.99187 2.59178 -13
-0.66754 0.03824 57.75382 0 0 -1.08230 48.04544 0.98253 13
-0.93201 -0.15623 1.99730 0 0 5.13201 1.46912 0.82659 -13
0.41221 -0.18113 92.09713 0 0 5.53947 85.34399 1.95613 13
1.14184 -0.12590 85.98006 0 0 3.88771 56.89823 2.41842 -13
-0.54089 0.03902 50.47331 0 0 -1.10653 44.40306 1.07529 13
-0.47500 -0.13689 95.25913 0 0 4.20472 86.19145 1.13094 13
0.36020 -0.00426 72.73351 0 0 0.21672 68.42985 1.91652 -13
-0.20267 0.14577 73.69156 0 0 -4.32267 72.25289 1.37287 13
-0.20688 -0.25318 73.69156 0 0 7.71087 72.25289 1.37287 13
0.14945 -0.20475 82.14500 0 0 6.25108 81.27842 1.71618 13
0.91057 -0.22153 97.47954 0 0 6.77024 72.85253 2.29751 -13
0.20121 0.03765 13.18792 0 0 -1.09205 12.92920 1.76922 13
-0.26785 -0.18233 11.52106 0 0 5.62530 11.14065 1.31315 -13
-0.79932 0.07764 24.74168 0 0 -2.28626 19.34895 0.89793 13
-1.10166 -0.06209 19.67145 0 0 1.99091 13.23588 0.73802 -13
-0.24404 -0.20221 80.71555 0 0 6.18744 78.50098 1.33600 -13
0.31648 0.05863 11.20608 0 0 -1.64068 10.68541 1.87681 -13
-1.39123 -0.10260 96.40296 0 0 3.18440 56.46033 0.62571 -13
-1.93121 -0.18626 53.20768 0 0 5.71961 24.79571 0.48479 -13
-1.45436 0.12730 36.12477 0 0 -3.78320 20.57985 0.60611 13
-1.49538 -0.27260 36.12477 0 0 8.27801 20.57985 0.60610 13
-0.14101 -0.24853 97.18788 0 0 7.57261 96.29061 1.43480 13
-1.76588 -0.03106 28.14182 0 0 0.98348 13.87203 0.51547 13
1.20168 -0.22902 25.78660 0 0 7.01956 16.74277 2.43495 -13
-0.62300 0.00824 8.02338 0 0 -0.09600 6.81000 1.01365 -13
0.02345 -0.04440 33.69123 0 0 1.40632 33.68199 1.59422 13
0.40387 0.00815 91.99731 0 0 -0.17046 85.30355 1.95462 13
0.60688 -0.21155 30.84703 0 0 6.48243 26.52382 2.10660 -13
-1.57264 0.06920 35.15161 0 0 -2.03057 18.89445 0.56746 13
-1.46578 -0.04861 30.79353 0 0 1.57546 17.36863 0.59925 -13
-1.22414 -0.07887 73.91158 0 0 2.47128 46.84626 0.68648 -13
0.39256 0.01819 75.99147 0 0 -0.46049 70.73806 1.94481 -13
0.33039 0.10997 60.21538 0 0 -3.22774 57.20928 1.88811 -13
-0.25985 -0.22440 55.51681 0 0 6.84109 53.81389 1.32248 13
1.05984 -0.05149 71.45434 0 0 1.64422 49.07183 2.38458 -13
-0.00078 0.01040 67.44402 0 0 -0.22552 67.44400 1.57002 -13
0.71965 -0.24530 38.38681 0 0 7.49599 31.46344 2.18080 -13
-0.45336 -0.10639 14.26579 0 0 3.25318 13.00551 1.14726 13
1.85293 -0.06316 67.98895 0 0 2.00102 32.33974 2.64587 -13
-2.07620 0.11854 30.41061 0 0 -3.53254 13.27095 0.45159 13
-2.14207 -0.28188 30.41061 0 0 8.54401 13.27095 0.45160 13
