0.02453 -0.22662 7.30037 0 0 6.98976 7.29828 1.59471 -13
0.16058 -0.19493 73.07002 0 0 5.95441 72.17914 1.72712 13
0.87214 -0.09417 91.15062 0 0 2.92906 68.82567 2.28582 -13
-1.27880 0.10206 92.71976 0 0 -3.00602 57.29967 0.66617 13
-0.46613 0.00734 99.52012 0 0 -0.14489 90.20232 1.13462 13
1.53215 -0.10770 17.67975 0 0 3.27918 9.70232 2.56070 13
-1.22270 -0.00983 99.01039 0 0 0.38544 62.68438 0.68556 -13
-0.04710 0.14867 60.35714 0 0 -4.41103 60.29176 1.52425 13
-0.04803 -0.25014 60.35714 0 0 7.61914 60.29176 1.52424 13
-1.49966 -0.04018 96.00170 0 0 1.28494 53.29047 0.58848 13
-0.44813 -0.17179 26.57474 0 0 5.24203 24.30943 1.15490 13
-0.30991 0.01688 30.67565 0 0 -0.44410 29.30124 1.27032 13
0.31642 -0.19151 92.18542 0 0 5.86404 88.03231 1.87210 -13
-0.18046 -0.00715 59.75335 0 0 0.28856 58.80345 1.39226 13
1.17805 -0.03038 90.61286 0 0 0.98979 58.65512 2.43753 13
-0.14041 0.11844 46.77971 0 0 -3.48061 46.33151 1.43225 -13
2.14091 0.10623 49.56003 0 0 -3.09986 21.07081 2.70246 -13
1.55871 0.12995 5.14679 0 0 -4.02027 2.79509 2.56737 13
1.60080 -0.27018 5.14679 0 0 8.03200 2.79509 2.56727 13
0.09893 0.10990 75.84762 0 0 -3.24010 75.48355 1.66882 13
1.46319 -0.06217 39.17926 0 0 1.93455 22.13539 2.54117 13
-0.64028 0.10714 97.60585 0 0 -3.14476 82.33599 1.00387 -13
-0.51450 0.01984 83.35199 0 0 -0.52377 74.12045 1.09569 13
-0.34417 -0.09258 88.15278 0 0 2.87983 83.39180 1.24064 -13
0.22911 0.02066 11.06594 0 0 -0.58520 10.78648 1.79598 13
-0.46716 -0.23926 38.60507 0 0 7.28303 35.14720 1.14434 13
0.14049 -0.11680 71.02942 0 0 3.61108 70.34778 1.70944 -13
-1.72571 -0.22492 20.77225 0 0 6.81665 10.60799 0.53596 13
-0.33485 -0.05825 7.52067 0 0 1.77011 7.13242 1.24819 13
0.18196 0.07699 56.90074 0 0 -2.24992 55.98685 1.75027 13
-1.52364 -0.00570 44.78304 0 0 0.27314 24.57248 0.58081 -13
0.02591 -0.16025 50.64270 0 0 4.90545 50.62613 1.59638 13
-0.99943 -0.01538 16.38554 0 0 0.58771 11.59018 0.78574 -13
0.56438 0.14390 31.29973 0 0 -4.24114 27.32519 2.08024 -13
0.57649 -0.25511 31.29973 0 0 7.79517 27.32519 2.08022 -13
1.80981 0.09877 15.00311 0 0 -2.82945 7.28235 2.63474 -13
-0.66618 -0.10479 13.09514 0 0 3.28743 10.91651 0.98565 -13
-0.84601 0.03364 67.89401 0 0 -0.94278 51.84562 0.86890 13
-0.49929 0.07775 35.12077 0 0 -2.24896 31.44071 1.10892 -13
0.11608 -0.06267 67.52133 0 0 1.97879 67.07272 1.68613 -13
-0.80577 -0.17990 67.61907 0 0 5.51788 52.98100 0.90031 -13
0.65091 -0.18403 58.52833 0 0 5.62257 49.29319 2.14022 13
0.19816 -0.18969 4.43439 0 0 5.68568 4.35259 1.76308 13
-0.93242 -0.08467 47.46224 0 0 2.64962 34.77075 0.82214 -13
-0.14294 -0.22797 64.22860 0 0 6.96555 63.61376 1.43233 -13
0.13707 -0.00391 40.36343 0 0 0.21119 39.98958 1.70702 -13
0.11195 -0.01301 91.83379 0 0 0.47788 91.26376 1.68228 -13
0.48880 -0.10906 31.50134 0 0 3.35326 28.33348 2.02312 13
1.34605 -0.14693 8.35748 0 0 4.61201 5.01887 2.49752 -13
0.57862 -0.24761 5.91899 0 0 7.44800 5.16115 2.08255 13
-1.39558 0.09796 65.88133 0 0 -2.86067 38.49383 0.62401 -13
0.57787 -0.05398 15.60272 0 0 1.74813 13.51466 2.09416 -13
0.05027 -0.01436 72.28980 0 0 0.50760 72.19867 1.62102 13
-1.57618 -0.08306 5.69404 0 0 2.74150 3.05793 0.56692 -13
-2.09239 -0.06564 96.90035 0 0 2.04964 41.85689 0.44667 13
0.77238 -0.04562 64.72743 0 0 1.44803 51.24641 2.22797 13
-1.65001 0.00679 8.62771 0 0 -0.23396 4.47156 0.54487 13
-0.29543 -0.17025 52.72214 0 0 5.22687 50.61887 1.28740 -13
-0.28221 0.11462 63.01924 0 0 -3.38450 60.67933 1.29744 13
-0.39850 -0.07922 17.03131 0 0 2.44069 15.82807 1.19266 13
-0.72073 -0.09694 44.60149 0 0 3.01985 36.24050 0.94851 -13
1.65736 -0.24718 79.59691 0 0 7.54992 42.01730 2.58549 -13
-0.23360 0.13264 17.02048 0 0 -3.94907 16.58154 1.34323 13
-0.23971 -0.26703 17.02048 0 0 8.10329 16.58154 1.34321 13
-1.04558 -0.18473 25.33546 0 0 5.62503 17.66452 0.77150 13
-1.11066 -0.17682 90.81260 0 0 5.42260 61.27915 0.74068 -13
-1.19801 -0.19728 88.23636 0 0 6.02314 57.17777 0.70496 13
-0.59491 -0.15899 78.35990 0 0 4.87001 67.56210 1.03960 13
-1.57487 -0.00777 41.69661 0 0 0.29456 22.35157 0.56575 13
1.10593 -0.04633 73.66526 0 0 1.46999 49.43532 2.40592 13
0.10654 -0.12573 59.55529 0 0 3.88202 59.22531 1.67611 -13
0.41796 -0.08632 1.05933 0 0 3.19692 0.97767 1.96537 -13
0.30178 -0.15656 73.86270 0 0 4.81076 70.78375 1.86055 -13
-0.39812 -0.02371 92.14733 0 0 0.79096 85.61535 1.19201 13
0.07061 0.11121 45.64504 0 0 -3.28417 45.53304 1.64086 13
0.18024 -0.24736 83.85031 0 0 7.54922 82.59549 1.74401 -13
1.45811 -0.09243 69.37037 0 0 2.85643 39.34769 2.53846 13
-0.67935 -0.04920 45.05130 0 0 1.55198 37.27975 0.97463 13
-0.02307 0.14268 24.82071 0 0 -4.24136 24.81425 1.54796 13
-0.02357 -0.25639 24.82071 0 0 7.79608 24.81425 1.54797 13
-0.38515 -0.12701 68.18333 0 0 3.90496 63.69248 1.20583 13
1.22808 0.12735 91.69468 0 0 -3.75187 58.17715 2.45426 -13
1.26263 -0.27248 91.69468 0 0 8.30938 58.17715 2.45425 -13
1.47443 -0.02611 6.02962 0 0 0.72531 3.38548 2.54547 13
-0.35048 -0.09875 73.49394 0 0 3.06687 69.39407 1.23521 -13
0.06614 -0.07299 4.94091 0 0 2.37581 4.93025 1.63666 -13
0.30901 -0.20448 91.74728 0 0 6.25504 87.81153 1.86477 -13
0.74213 0.00572 99.95960 0 0 -0.08613 80.27097 2.20923 -13
-1.11268 0.11641 78.76659 0 0 -3.43929 52.84704 0.73546 13
0.67547 -0.06499 91.98245 0 0 2.03510 76.27329 2.16389 13
1.73745 -0.01022 79.37704 0 0 0.37806 39.59720 2.61932 13
-0.15513 -0.23413 21.61764 0 0 7.16880 21.37514 1.42088 -13
-0.06513 -0.19971 80.24557 0 0 6.09950 80.08245 1.50701 13
0.67305 0.12255 18.73650 0 0 -3.58383 15.57969 2.15976 -13
0.69333 -0.27751 18.73650 0 0 8.48649 15.57969 2.15978 -13
-0.03137 -0.22343 15.36191 0 0 6.85307 15.35471 1.54019 -13
-0.06054 -0.07640 48.30466 0 0 2.37630 48.21686 1.51050 13
0.87926 -0.01220 43.63879 0 0 0.43453 32.77333 2.29200 13
-0.60339 -0.09904 54.60124 0 0 3.07897 46.81093 1.03005 -13
-0.24396 -0.15879 52.04554 0 0 4.86248 50.59775 1.33437 13
-0.26072 0.13541 73.40969 0 0 -4.00967 71.07581 1.31796 13
-0.26722 -0.26400 73.40969 0 0 8.03831 71.07581 1.31795 13
1.05116 -0.09447 84.54758 0 0 2.93916 58.41102 2.37891 -13
-0.19926 -0.20087 9.95830 0 0 6.08607 9.77361 1.37787 13
-1.98187 -0.22582 4.79272 0 0 7.14207 2.20211 0.47737 -13
-0.66697 -0.00350 99.01485 0 0 0.18117 82.37419 0.98259 13
-0.65081 -0.08701 51.36022 0 0 2.71755 43.09448 0.99557 -13
1.62361 -0.06706 41.30977 0 0 2.12598 21.69909 2.58855 -13
-0.75389 -0.16001 68.48044 0 0 4.90004 54.93105 0.93088 13
-1.19636 -0.04332 54.25542 0 0 1.40243 34.81543 0.69669 -13
-0.34582 -0.00070 64.70510 0 0 0.09515 61.15159 1.23785 13
1.15388 -0.22129 90.19678 0 0 6.76466 59.87476 2.41567 -13
0.12319 -0.11807 87.98137 0 0 3.64828 87.33025 1.69253 -13
-1.19805 0.02892 84.65013 0 0 -0.80033 54.25644 0.69574 13
-1.13812 -0.04486 57.51757 0 0 1.44768 37.98622 0.72139 -13
0.74462 -0.07709 69.41818 0 0 2.39782 55.73675 2.20942 13
0.02247 -0.21000 52.51762 0 0 6.42526 52.50491 1.59278 -13
-0.89236 -0.17735 70.85498 0 0 5.43982 53.22741 0.84990 -13
0.20332 0.08043 95.60651 0 0 -2.35007 93.70159 1.77076 13
-0.65813 -0.18470 19.14078 0 0 5.68398 16.06902 0.99641 -13
0.34315 -0.12064 70.42773 0 0 3.72751 66.66510 1.89915 -13
0.20361 0.03291 91.99551 0 0 -0.90620 90.14786 1.77155 -13
1.17546 0.02482 57.84098 0 0 -0.68048 37.48611 2.43652 13
-0.07442 -0.23581 72.95812 0 0 7.18740 72.76743 1.49849 13
0.13148 0.09043 76.87574 0 0 -2.64040 76.22497 1.70100 -13
1.02666 0.04252 5.26697 0 0 -1.06790 3.67677 2.36890 -13
-0.08355 -0.10004 45.85571 0 0 3.10931 45.69814 1.48785 -13
0.55200 -0.19466 15.47962 0 0 5.91494 13.60989 2.06735 13
-1.84847 -0.02859 3.99345 0 0 0.68625 1.90082 0.49607 13
1.47948 -0.08300 83.97657 0 0 2.59360 47.13765 2.54562 -13
-0.38116 0.02958 53.83552 0 0 -0.82077 50.30790 1.20678 13
1.40010 -0.24908 79.81852 0 0 7.58355 47.31538 2.50707 13
-1.76419 0.12118 57.80000 0 0 -3.55592 28.66044 0.51881 -13
-1.81827 -0.27899 57.80000 0 0 8.51614 28.66044 0.51881 -13
0.05730 -0.23110 71.51856 0 0 7.04576 71.40738 1.62657 13
0.75936 -0.04732 31.16950 0 0 1.48858 24.83360 2.21972 13
1.66888 -0.08148 42.70437 0 0 2.56098 22.00280 2.60030 -13
0.01722 0.04740 2.95319 0 0 -1.18238 2.95275 1.58799 -13
0.97752 0.08889 3.50272 0 0 -2.78946 2.50937 2.34286 13
-1.75856 -0.22553 51.65293 0 0 6.90463 26.01436 0.52777 -13
0.49734 0.02978 16.23873 0 0 -0.78548 14.54121 2.03214 -13
0.07345 0.02084 53.25077 0 0 -0.53835 53.10770 1.64410 -13
-1.09695 0.12215 88.30396 0 0 -3.59469 59.73058 0.74288 -13
-1.13015 -0.27798 88.30396 0 0 8.47556 59.73058 0.74288 -13
0.66603 0.01281 65.22866 0 0 -0.29691 54.29080 2.15832 -13
1.64771 0.05057 95.18878 0 0 -1.43464 49.43256 2.59555 -13
-0.73952 0.04370 41.30721 0 0 -1.25056 33.22320 0.93449 13
-1.00888 -0.17901 27.67699 0 0 5.45542 19.63839 0.78886 13
-0.81071 -0.04511 20.51677 0 0 1.47273 15.94372 0.89005 -13
-1.94827 -0.09094 20.52020 0 0 2.87682 9.40102 0.47589 -13
0.14949 0.02901 9.21627 0 0 -0.84672 9.11499 1.71913 13
-1.45873 0.00017 84.32183 0 0 0.06562 47.67716 0.60095 13
-2.06672 -0.01482 75.40091 0 0 0.51403 32.84414 0.45069 13
-1.15325 -0.05202 1.01460 0 0 2.37456 0.66482 0.71501 -13
1.14621 -0.22751 14.37984 0 0 6.88896 9.58817 2.41170 13
-1.87031 0.02591 66.35168 0 0 -0.68516 31.29386 0.49114 -13
-1.04830 -0.18605 35.80557 0 0 5.71325 24.93372 0.77032 -13
-0.06227 0.06480 64.45566 0 0 -1.88103 64.33167 1.50874 13
-0.96424 -0.18173 49.98734 0 0 5.54973 36.26410 0.81172 13
-0.66546 -0.14363 80.35808 0 0 4.42102 67.10765 0.98833 -13
1.59290 -0.20472 36.92947 0 0 6.28289 19.92443 2.57171 -13
0.07394 -0.06641 83.73227 0 0 2.09037 83.50529 1.64444 -13
0.30118 0.14380 78.19927 0 0 -4.24986 74.94016 1.86052 -13
0.30766 -0.25520 78.19927 0 0 7.78577 74.94016 1.86052 -13
-0.83995 -0.23600 89.98064 0 0 7.20797 69.66472 0.88548 -13
-0.46484 0.05870 96.89652 0 0 -1.69489 87.89425 1.13633 13
0.53850 -0.21736 83.71448 0 0 6.63123 74.08379 2.05519 13
0.20518 0.03823 44.97162 0 0 -1.08272 44.05523 1.77302 13
-1.81632 0.00061 74.71464 0 0 0.07649 36.03471 0.50328 -13
1.04607 0.07219 27.63776 0 0 -2.12153 19.12395 2.37741 13
-0.93659 -0.13125 65.78704 0 0 4.03044 48.20693 0.82239 13
-0.54845 -0.01057 9.52052 0 0 0.45912 8.34750 1.06917 -13
-1.28956 -0.04626 31.37992 0 0 1.50201 19.24207 0.66011 -13
1.42731 -0.15023 86.70716 0 0 4.60287 50.12501 2.52520 13
-0.96190 0.05477 25.37479 0 0 -1.54339 18.30105 0.80556 -13
-0.99206 -0.23109 63.87443 0 0 7.04097 45.92655 0.80239 13
0.08838 -0.12748 60.19370 0 0 3.91849 59.96370 1.65824 13
1.14061 -0.16267 38.44453 0 0 5.00782 25.53078 2.41531 -13
-1.77766 0.04812 49.43124 0 0 -1.34983 24.25705 0.51291 -13
0.79636 -0.05489 42.29020 0 0 1.72155 33.10073 2.24258 13
-2.13156 -0.10381 79.23278 0 0 3.22924 33.79998 0.44072 -13
0.35177 -0.01100 78.83378 0 0 0.41974 74.36755 1.90903 -13
1.10027 -0.23955 51.78874 0 0 7.29261 35.36195 2.39000 13
1.17198 -0.21946 85.29148 0 0 6.71017 56.11309 2.42358 -13
-0.31217 0.09126 67.46839 0 0 -2.67894 64.42695 1.26939 13
1.30079 -0.18882 65.87091 0 0 5.78986 40.58799 2.47771 -13
-0.32785 -0.15489 42.44796 0 0 4.74189 40.38148 1.25748 13
0.12333 -0.05143 76.26209 0 0 1.63918 75.69016 1.69334 -13
0.88291 -0.19666 73.70692 0 0 6.02231 55.70935 2.28469 -13
-0.50480 -0.03820 28.14753 0 0 1.25325 25.13142 1.10361 -13
-0.00501 0.07918 6.28841 0 0 -2.38217 6.28833 1.56580 13
-0.90988 -0.15046 51.24130 0 0 4.60750 38.09241 0.83812 13
0.17109 -0.24783 45.31413 0 0 7.56814 44.70194 1.73536 -13
-0.49925 -0.21760 84.02673 0 0 6.63816 75.51921 1.11693 13
-1.01714 0.13671 63.81506 0 0 -4.03200 44.94952 0.78153 -13
-1.04193 -0.26261 63.81506 0 0 8.01405 44.94952 0.78153 -13
1.16748 -0.11274 27.48212 0 0 3.50963 17.94292 2.43019 -13
0.67467 0.14558 51.59947 0 0 -4.29969 42.91401 2.15947 -13
0.68872 -0.25336 51.59947 0 0 7.73427 42.91401 2.15946 -13
-0.92389 0.03637 44.79838 0 0 -1.00192 32.91431 0.82527 -13
0.39753 -0.15223 53.43627 0 0 4.68325 49.73358 1.94526 -13
-0.45245 -0.02477 15.08313 0 0 0.86426 13.74291 1.14602 -13
0.20576 -0.05595 49.84408 0 0 1.77877 48.82432 1.77342 -13
-1.27638 0.07581 59.82294 0 0 -2.19100 36.96088 0.66597 -13
0.04907 -0.04356 47.10106 0 0 1.38487 47.04456 1.61978 13
1.44220 -0.16355 33.88177 0 0 5.04040 19.47773 2.52913 -13
0.06795 -0.13010 54.97234 0 0 4.01475 54.84796 1.63808 -13
0.93829 -0.02338 63.93418 0 0 0.79690 46.62957 2.32423 -13
1.59606 -0.14870 95.48869 0 0 4.57569 51.09683 2.57695 -13
1.36933 0.04049 98.21887 0 0 -1.14867 57.95653 2.51044 13
-1.09730 -0.08002 22.56072 0 0 2.46226 15.22305 0.74063 13
-0.22245 0.00477 93.06192 0 0 -0.05725 90.84141 1.35191 -13
0.62893 -0.24026 42.97123 0 0 7.34266 36.66000 2.11965 -13
-0.24542 -0.16946 87.93062 0 0 5.18738 85.46436 1.33339 13
1.50730 0.14161 22.09911 0 0 -4.15231 12.30144 2.55125 -13
1.54102 -0.25743 22.09911 0 0 7.88755 12.30144 2.55123 -13
0.16368 -0.05653 84.31018 0 0 1.79218 83.20642 1.73278 -13
1.00615 -0.11680 51.02709 0 0 3.59102 36.09245 2.35588 13
-0.10886 -0.08308 76.93574 0 0 2.59338 76.48702 1.46274 -13
0.48619 -0.00596 49.56004 0 0 0.27143 44.57154 2.02333 -13
1.50008 0.02511 42.42349 0 0 -0.65588 23.53683 2.55347 -13
-0.86988 0.10375 32.21214 0 0 -3.06868 24.35922 0.85752 13
0.13540 -0.01077 36.53218 0 0 0.41949 36.20186 1.70537 -13
-0.17216 0.01070 92.68513 0 0 -0.24674 91.34155 1.40031 13
1.81118 -0.23268 88.30251 0 0 7.08823 43.54693 2.62588 13
0.35936 -0.13849 32.73352 0 0 4.27464 30.83786 1.91277 -13
1.16725 -0.02185 33.14194 0 0 0.76216 21.56535 2.43310 -13
1.68985 0.06129 84.92899 0 0 -1.75679 43.31244 2.60643 -13
-1.10699 -0.24601 15.30171 0 0 7.45184 10.42197 0.74930 13
-0.29992 -0.04026 45.92940 0 0 1.28454 43.99631 1.27964 13
-0.70119 0.02676 89.85563 0 0 -0.71946 73.57985 0.95944 -13
0.18536 -0.12698 31.22959 0 0 3.89606 30.71457 1.75264 13
1.37910 -0.22818 97.10730 0 0 6.97227 57.95204 2.50211 -13
-0.28647 -0.11979 70.17238 0 0 3.70223 67.49497 1.29368 -13
-0.68264 -0.24397 24.75314 0 0 7.41479 20.62898 0.98520 13
-0.47594 -0.06150 54.92528 0 0 1.92639 49.61207 1.12732 13
-1.44450 -0.02424 8.03173 0 0 0.70889 4.57251 0.60566 13
-0.30489 -0.15082 94.82117 0 0 4.63621 90.78506 1.27799 -13
-5.96145 -0.38622 94.82117 0 0 4.67154 90.78506 0.17792 -13
0.05212 -0.77376 94.82117 0 0 4.71760 90.78506 1.61200 -13
-0.04628 0.46944 94.82117 0 0 6.11979 90.78506 1.61266 -13
0.27269 0.08628 99.83390 0 0 -2.51627 96.34156 1.83607 -13
-0.10349 -0.22351 4.51238 0 0 6.94402 4.48956 1.47014 -13
0.41426 -0.05643 59.28068 0 0 1.77464 54.78004 1.96297 13
-0.07973 -0.12469 10.85505 0 0 3.88708 10.82125 1.49184 -13
-1.71120 0.01455 44.75041 0 0 -0.38009 22.58112 0.52890 13
-0.66259 -0.21514 97.23751 0 0 6.56457 81.61175 0.99599 13
-0.43106 0.06496 90.29853 0 0 -1.88182 82.94991 1.16457 13
-0.43106 0.06496 90.29853 0 0 -1.88344 82.94991 1.16457 13
1.41272 -0.02622 18.73473 0 0 0.82703 10.82726 2.52545 13
0.38579 -0.23064 92.63250 0 0 7.04453 86.70825 1.93038 -13
0.68568 -0.07783 44.14130 0 0 2.41503 36.44034 2.17044 13
-0.39270 -0.15980 20.07742 0 0 4.92804 18.71932 1.20087 -13
0.47331 -0.19940 14.94249 0 0 6.13376 13.55352 2.00538 -13
-0.15268 -0.09906 84.32688 0 0 3.07444 83.36997 1.42001 -13
-1.52227 -0.00144 13.52851 0 0 0.19023 7.42771 0.58122 -13
-0.98102 -0.19109 13.45275 0 0 5.79293 9.68681 0.80394 13
-0.28775 -0.00490 59.46561 0 0 0.22112 57.14682 1.29062 13
-0.94344 -0.03484 65.74384 0 0 1.14225 47.83410 0.81479 -13
-1.50963 -0.15734 94.92250 0 0 4.81815 52.86590 0.59070 13
-1.20115 -0.20476 89.91800 0 0 6.26698 58.22687 0.70438 -13
-1.65309 -0.01432 17.54699 0 0 0.45545 9.08246 0.54408 13
-0.36349 0.05195 33.71514 0 0 -1.50122 31.69180 1.22259 13
0.23784 -0.12034 17.47728 0 0 3.73915 17.00929 1.80269 -13
0.93404 0.07366 17.49050 0 0 -2.17999 12.79802 2.32075 13
0.60906 -0.00136 92.37058 0 0 0.11609 78.89012 2.11785 13
-0.20637 -0.15459 52.55024 0 0 4.73512 51.49030 1.36961 13
1.12203 -0.00004 14.89646 0 0 0.03218 9.91141 2.41364 13
-0.87449 0.05539 48.70833 0 0 -1.57638 36.69024 0.85301 -13
-0.10194 -0.07594 24.27599 0 0 2.39238 24.15149 1.46949 -13
1.95377 0.09306 19.79728 0 0 -2.78082 9.05026 2.66677 13
-1.99149 -0.18962 66.05372 0 0 5.78517 30.05972 0.47247 13
1.86853 0.10807 24.64457 0 0 -3.21901 11.68090 2.64778 13
0.36056 -0.09047 72.66850 0 0 2.81735 68.39261 1.91555 -13
-1.13347 0.13938 98.75152 0 0 -4.13033 65.68430 0.72769 13
-1.15990 -0.25985 98.75152 0 0 7.91180 65.68430 0.72769 13
0.88923 -0.17709 12.05994 0 0 5.36883 9.07303 2.28997 13
-0.92603 -0.00452 80.47936 0 0 0.20914 59.05008 0.82379 13
0.61624 0.11231 1.05352 0 0 -3.87896 0.89842 2.12028 13
0.63804 -0.28898 1.05352 0 0 8.19226 0.89842 2.12069 13
-0.49847 -0.20944 24.77141 0 0 6.42218 22.26298 1.11689 -13
-1.35367 0.02236 94.33360 0 0 -0.60202 56.06059 0.63637 13
0.07280 0.07950 40.27916 0 0 -2.30511 40.17351 1.64325 -13
0.23513 -0.19825 97.67473 0 0 6.05660 95.17616 1.79747 13
-0.57179 0.10716 90.61822 0 0 -3.15783 78.77663 1.05383 13
-0.01143 0.11439 65.14754 0 0 -3.37671 65.14334 1.55944 13
0.45432 0.06008 62.70089 0 0 -1.73937 57.10331 1.99656 13
-1.47806 -0.18187 43.14713 0 0 5.54665 24.44842 0.60240 13
0.17780 0.13251 2.60216 0 0 -4.11124 2.56262 1.74526 13
0.18242 -0.26721 2.60216 0 0 7.93682 2.56262 1.74524 13
-0.87246 -0.19522 57.55593 0 0 5.98164 43.71768 0.86266 -13
-0.21486 -0.06827 92.98176 0 0 2.14564 90.91631 1.35963 -13
0.22955 0.01034 66.77479 0 0 -0.22323 65.08227 1.79642 -13
-0.62219 -0.24572 17.40693 0 0 7.45720 14.89821 1.02728 13
-0.37184 0.11977 57.90121 0 0 -3.52279 54.31763 1.21712 -13
-0.38344 -0.28050 57.90121 0 0 8.55233 54.31763 1.21713 -13
0.71056 -0.19600 52.63107 0 0 6.00591 43.17195 2.17970 -13
-0.37300 -0.01372 51.60151 0 0 0.50513 48.34826 1.21381 -13
-1.45511 -0.19249 76.63474 0 0 5.89877 43.94116 0.61062 -13
-1.20356 0.00725 78.33964 0 0 -0.14710 50.06484 0.69329 13
-1.36542 0.08646 28.63700 0 0 -2.49691 16.96209 0.63390 -13
0.00858 0.12985 93.04938 0 0 -3.83061 93.04601 1.57930 -13
0.00881 -0.26983 93.04938 0 0 8.22614 93.04601 1.57930 -13
0.26945 -0.12179 14.42143 0 0 3.71919 13.93164 1.83215 13
1.44253 -0.23693 51.14850 0 0 7.24518 29.67901 2.52258 -13
-0.72854 0.09785 60.25798 0 0 -2.86016 48.78407 0.94344 -13
-0.78627 0.00222 7.38153 0 0 -0.06904 5.80293 0.90449 13
-0.40992 0.11262 18.04561 0 0 -3.28605 16.71211 1.18398 -13
1.79457 0.10332 43.88383 0 0 -3.05973 21.44759 2.63095 13
-0.72517 -0.11245 36.88134 0 0 3.45754 29.92193 0.94636 13
-1.44704 -0.09544 9.09273 0 0 2.87185 5.18599 0.60683 13
0.66242 -0.01004 7.70631 0 0 0.30969 6.42454 2.15583 13
1.76710 0.07563 79.93368 0 0 -2.18742 39.45370 2.62540 -13
-0.31572 -0.14882 79.96963 0 0 4.56403 76.33424 1.26812 13
0.15537 0.07362 80.05235 0 0 -2.13335 79.10827 1.72452 -13
0.68274 0.10308 13.52076 0 0 -2.98590 11.18562 2.16738 -13
-1.64580 -0.16081 85.94222 0 0 4.94290 45.04258 0.55168 -13
0.28908 0.08133 24.35338 0 0 -2.35193 23.40160 1.85133 -13
-1.93352 -0.10929 28.71337 0 0 3.34232 13.25262 0.47973 13
0.47217 -0.03672 34.16962 0 0 1.17326 30.90224 2.01168 13
-0.24955 -0.06776 88.74345 0 0 2.11955 86.11421 1.32678 13
-0.83003 0.13423 20.94479 0 0 -3.93698 16.17474 0.88239 -13
-0.85110 -0.26520 20.94479 0 0 8.11357 16.17474 0.88239 -13
1.03506 -0.17805 29.04196 0 0 5.47717 20.34112 2.36562 -13
-0.82857 -0.13714 20.16409 0 0 4.25164 15.58454 0.88345 -13
-0.75146 -0.14380 25.19122 0 0 4.39568 20.21308 0.93127 13
0.02217 -0.12168 22.11976 0 0 3.72929 22.11441 1.59280 13
-0.90199 -0.16418 74.46900 0 0 5.04346 55.62522 0.84349 -13
-0.17889 -0.17357 50.80213 0 0 5.32590 50.03075 1.39633 -13
0.64378 -0.20419 12.83238 0 0 6.19203 10.85405 2.13353 13
0.33206 0.12203 37.90433 0 0 -3.61386 35.99900 1.88920 13
0.34213 -0.27816 37.90433 0 0 8.45652 35.99900 1.88920 13
0.23448 -0.19752 74.11772 0 0 6.04587 72.23126 1.79689 -13
-0.67035 -0.00563 68.43317 0 0 0.24270 56.84324 0.98026 13
-0.58255 -0.02867 23.43304 0 0 0.92150 20.25011 1.04348 13
0.91268 -0.19935 22.32759 0 0 6.12563 16.63675 2.30088 -13
-0.14475 -0.05958 48.67270 0 0 1.86848 48.17241 1.42730 13
-0.28685 0.07967 42.63007 0 0 -2.30962 40.98727 1.29229 -13
-1.07413 0.02122 64.15242 0 0 -0.57025 43.71879 0.74979 13
1.00676 -0.20187 87.49007 0 0 6.16271 62.27300 2.34958 13
-1.28094 -0.14901 99.52239 0 0 4.56854 61.66032 0.66818 13
-0.75608 -0.00152 44.67182 0 0 0.14080 35.63315 0.92341 -13
0.22357 0.06083 79.59243 0 0 -1.74760 77.68173 1.79035 -13
0.46694 0.06354 40.58677 0 0 -1.82191 36.78871 2.00688 -13
-0.31720 0.11838 68.69028 0 0 -3.49715 65.51666 1.26564 13
-0.32729 -0.28202 68.69028 0 0 8.57737 65.51666 1.26563 13
0.26458 -0.10942 86.21431 0 0 3.38782 83.37860 1.82799 -13
0.07652 -0.07301 78.55775 0 0 2.27743 78.32996 1.64696 13
1.16492 0.09401 16.53962 0 0 -2.71022 10.80035 2.43005 -13
-1.51429 0.07252 42.23950 0 0 -2.08531 23.31954 0.58484 -13
-0.43073 -0.19385 38.61298 0 0 5.94190 35.56436 1.17074 -13
-0.43073 -0.19385 38.61298 0 0 5.94670 35.56436 1.17074 -13
-0.53021 0.03495 91.51880 0 0 -0.97908 80.86754 1.08353 13
0.47208 0.12712 81.90043 0 0 -3.75997 74.17003 2.00877 13
0.48544 -0.27275 81.90043 0 0 8.30222 74.17003 2.00879 13
0.81835 0.08858 84.02042 0 0 -2.58382 65.12431 2.25471 -13
0.84362 0.11516 6.55248 0 0 -3.48899 5.02158 2.26833 13
2.10122 -0.14854 61.95236 0 0 4.58031 26.86125 2.69315 -13
-0.61242 0.13924 98.20530 0 0 -4.11337 83.96613 1.02556 -13
-0.62671 -0.26001 98.20530 0 0 7.92820 83.96613 1.02558 -13
-0.09886 0.07144 68.51084 0 0 -2.06716 68.18017 1.47250 -13
-1.79256 -0.03255 2.97688 0 0 0.69435 1.45004 0.50908 13
-0.51925 0.07244 58.22378 0 0 -2.09455 51.70179 1.09294 -13
-0.32883 -0.09525 77.49975 0 0 2.96109 73.65391 1.25444 -13
1.20313 -0.12110 52.36755 0 0 3.74908 33.61702 2.44455 -13
0.90066 -0.04642 29.34292 0 0 1.50393 21.81362 2.30344 -13
0.60928 0.11523 77.48449 0 0 -3.40201 66.28810 2.11509 13
0.35306 -0.10812 41.01141 0 0 3.32941 38.69673 1.90838 13
0.19637 0.08508 59.30860 0 0 -2.47709 58.20479 1.76402 -13
0.40859 0.02180 49.82726 0 0 -0.56583 46.12711 1.95860 -13
-1.94192 -0.03248 24.64320 0 0 1.01814 11.28631 0.47575 13
-1.21781 0.08420 57.02414 0 0 -2.44569 36.26472 0.68924 -13
-0.81336 -0.05325 85.24711 0 0 1.69459 66.17146 0.88865 -13
2.96211 -74.67664 85.24711 0 0 1.87873 66.17146 1.53115 -13
-0.13160 -0.04885 44.34559 0 0 1.56553 43.96734 1.44010 -13
0.73433 0.01797 91.66478 0 0 -0.45459 73.88835 2.20412 -13
-0.34752 -0.00246 36.21281 0 0 0.14141 34.20610 1.23633 13
-1.01145 -0.11556 66.25160 0 0 3.55709 46.73572 0.78302 13
0.32841 -0.03060 33.85556 0 0 1.01948 32.16667 1.88797 -13
1.51986 -0.11859 23.18676 0 0 3.69796 12.80723 2.55643 -13
0.43789 -0.04892 77.00130 0 0 1.56408 70.54865 1.98310 -13
0.03799 -0.21425 77.51972 0 0 6.53741 77.46632 1.60793 13
-4.83722 -6.93960 77.51972 0 0 6.87654 77.46632 0.96687 13
1.60371 -0.14326 13.93424 0 0 4.46805 7.42625 2.57946 -13
1.74117 -0.19408 10.31028 0 0 5.83812 5.20529 2.61224 13
-0.59204 -0.19586 63.62064 0 0 5.99771 55.01029 1.04446 -13
-0.34994 -0.07961 38.59130 0 0 2.46874 36.43792 1.23516 13
-0.19036 -0.16283 81.28317 0 0 4.98724 79.88538 1.38507 13
-0.25736 0.05818 36.82838 0 0 -1.66010 35.66986 1.31931 -13
0.66462 -0.08929 97.37244 0 0 2.76918 81.19387 2.15555 13
1.19826 -0.09978 77.66386 0 0 3.08152 49.90647 2.44370 13
0.04717 0.03782 27.69227 0 0 -1.07786 27.66154 1.61790 13
0.29522 -0.23054 7.51707 0 0 7.10918 7.22410 1.85091 -13
1.00912 -0.16300 54.82883 0 0 5.01067 38.84810 2.35418 -13
-1.34827 -0.10381 27.37218 0 0 3.18271 16.36222 0.64073 13
-0.97374 -0.03326 57.73071 0 0 1.09622 41.37197 0.79898 -13
1.98950 -0.20204 59.04388 0 0 6.15644 26.94199 2.66776 13
0.69222 -0.09738 8.49399 0 0 2.94712 6.99448 2.17407 13
2.08889 -0.05026 20.46669 0 0 1.54346 8.84596 2.69462 13
-0.15893 -0.01552 69.57187 0 0 0.54301 68.70978 1.41321 13
2.11928 0.11345 9.01339 0 0 -3.46807 3.86716 2.69824 13
-1.18214 -0.17519 90.63832 0 0 5.35754 59.05239 0.70958 13
0.07916 -0.14648 12.25087 0 0 4.54032 12.21346 1.64896 -13
-0.36522 -0.04378 86.54417 0 0 1.40802 81.30133 1.22093 -13
0.20304 -0.20237 84.19780 0 0 6.19196 82.57858 1.76723 -13
0.08231 -0.13322 20.43364 0 0 4.12299 20.36600 1.65220 -13
2.11600 0.07510 91.90797 0 0 -2.19686 39.35962 2.69903 13
-0.49406 -0.12342 74.40032 0 0 3.79682 66.80157 1.11491 13
-0.46642 0.02070 59.17301 0 0 -0.55230 53.62871 1.13446 13
0.41908 0.06747 49.03236 0 0 -1.96405 45.23697 1.96683 13
-0.37132 -0.07099 97.11770 0 0 2.21738 91.07146 1.21607 13
0.83532 -0.01725 54.70263 0 0 0.61324 41.98489 2.26663 -13
-1.18441 -0.08792 79.91199 0 0 2.74258 51.66824 0.70307 -13
1.03474 -0.07241 73.78018 0 0 2.27507 51.34109 2.37196 -13
0.88351 -0.12596 57.19095 0 0 3.86983 43.00743 2.29052 13
1.37796 0.09597 85.50720 0 0 -2.80438 50.37313 2.51164 -13
0.43676 0.03970 65.19562 0 0 -1.10836 59.75317 1.98229 -13
0.79849 0.02840 94.30962 0 0 -0.76942 73.70906 2.24442 -13
0.15200 -0.22744 88.70379 0 0 6.94788 87.74533 1.71794 -13
-0.83230 -0.21598 56.93936 0 0 6.60789 44.16894 0.88786 -13
-1.03730 0.02063 67.50050 0 0 -0.53058 46.85362 0.76720 -13
-0.30942 -0.21879 43.58516 0 0 6.69310 41.72094 1.27726 -13
0.69608 -0.07471 29.48144 0 0 2.31459 24.21875 2.17758 13
-1.42142 0.12070 42.51727 0 0 -3.57894 24.58224 0.61649 13
-1.46536 -0.27957 42.51727 0 0 8.49409 24.58224 0.61647 13
-1.11915 0.10366 96.79558 0 0 -3.05358 64.68574 0.73189 13
1.10294 -0.02636 26.22824 0 0 0.90409 17.62066 2.40493 -13
0.21676 -0.04761 43.19286 0 0 1.52854 42.21474 1.78402 -13
0.69496 -0.10005 28.81368 0 0 3.07854 23.69911 2.17580 13
2.15223 0.09638 69.51512 0 0 -2.81016 29.40280 2.70487 -13
2.07301 -0.13208 10.20039 0 0 4.17168 4.46270 2.68874 -13
0.40630 0.07590 92.88967 0 0 -2.20235 86.09251 1.95572 -13
-0.45165 -0.13934 3.13870 0 0 4.46067 2.86518 1.15016 -13
0.59658 -0.05491 51.32958 0 0 1.74868 44.09854 2.10804 -13
1.19503 -0.10709 38.85996 0 0 3.29270 25.02189 2.44201 13
2.04432 -0.22865 95.60647 0 0 6.99126 42.87807 2.67652 -13
0.12580 -0.00352 95.86238 0 0 0.18242 95.11272 1.69594 13
1.11973 -0.21997 72.66882 0 0 6.70645 49.03902 2.40087 13
0.12033 -0.21938 75.24103 0 0 6.70525 74.72655 1.68779 -13
0.76975 -0.14983 24.27492 0 0 4.57464 19.31500 2.22146 13
-0.50968 0.09118 11.77319 0 0 -2.62206 10.49789 1.10111 -13
0.86001 0.03118 69.30873 0 0 -0.86878 52.55936 2.28083 13
0.16026 -0.08176 4.55872 0 0 2.43999 4.50155 1.72919 13
-0.81060 -0.23772 77.30324 0 0 7.24382 60.69891 0.90303 13
0.20304 -0.20376 31.43063 0 0 6.21122 30.82649 1.76719 13
0.79616 -0.02334 64.77606 0 0 0.77613 50.68142 2.24306 13
1.74045 -0.06204 34.58340 0 0 1.98216 17.25349 2.61926 -13
-1.47582 -0.19730 58.50058 0 0 6.01844 33.24605 0.60443 13
-0.43281 -0.16765 80.11157 0 0 5.13192 73.67881 1.16736 13
0.09115 0.05366 51.07372 0 0 -1.54707 50.86331 1.66157 13
0.16988 0.05198 62.35452 0 0 -1.47884 61.47610 1.73885 -13
1.03783 -0.12895 42.91967 0 0 3.98803 29.90751 2.37064 -13
-0.79048 -0.09210 81.56588 0 0 2.85184 64.09209 0.90394 13
-1.47906 0.05958 51.55413 0 0 -1.69909 28.91030 0.59533 -13
1.09229 0.06724 37.66660 0 0 -1.92753 25.46597 2.39915 -13
0.61310 -0.03188 27.13529 0 0 1.06356 23.13659 2.12057 -13
0.05686 -0.03873 55.09336 0 0 1.24118 55.00465 1.62755 13
0.67708 -0.20482 86.12090 0 0 6.25270 71.76958 2.15647 13
-1.13733 -0.03012 28.54723 0 0 0.96529 18.85466 0.72146 13
-0.01689 -0.21994 89.03948 0 0 6.71050 89.02740 1.55431 13
-0.18062 0.03825 51.72302 0 0 -1.06281 50.90056 1.39223 -13
-1.60030 -0.04733 88.61220 0 0 1.51951 46.99619 0.55902 -13
0.78969 -0.03054 75.54329 0 0 0.99428 59.29711 2.23899 13
-1.50670 0.11207 18.77395 0 0 -3.24952 10.42665 0.58883 -13
1.50207 -0.23449 73.03337 0 0 7.14205 41.22467 2.54182 13
0.56765 -0.09476 93.61899 0 0 2.93355 81.50454 2.08518 13
-0.34731 -0.07581 38.74529 0 0 2.38135 36.61199 1.23741 -13
0.30418 -0.08890 59.48815 0 0 2.75363 56.93243 1.86499 13
-1.21388 -0.04828 96.33799 0 0 1.52944 61.29760 0.68966 13
0.09896 -0.20395 62.16404 0 0 6.24121 61.87385 1.66746 -13
0.31200 0.13535 75.99066 0 0 -4.00663 72.59842 1.87066 13
0.31978 -0.26406 75.99066 0 0 8.04166 72.59842 1.87066 13
0.82900 -0.18818 80.82335 0 0 5.76572 62.66065 2.25444 -13
0.30674 0.09971 88.50745 0 0 -2.93203 84.65209 1.86705 13
-0.21758 0.07235 48.24703 0 0 -2.11150 47.14958 1.35710 13
-0.16805 -0.03396 58.81844 0 0 1.09712 58.00608 1.40440 13
0.50583 0.04098 90.17393 0 0 -1.16078 80.47928 2.03876 13
0.34401 0.05763 32.85619 0 0 -1.67231 31.07456 1.90161 13
-0.20392 -0.03580 9.16711 0 0 1.21382 8.98247 1.36976 -13
0.12024 -0.11728 92.51352 0 0 3.61363 91.86083 1.68965 13
-1.06368 -0.04180 59.59489 0 0 1.33023 40.83933 0.75499 13
1.94987 -0.00697 44.32641 0 0 0.26714 20.22840 2.66770 13
0.35500 0.12990 57.24517 0 0 -3.82768 53.99665 1.90929 -13
0.36463 -0.26978 57.24517 0 0 8.22929 53.99665 1.90929 -13
0.73548 0.09331 53.26348 0 0 -2.72233 42.97312 2.20287 -13
0.53294 -0.21069 44.37255 0 0 6.42304 39.34390 2.05149 13
0.63702 -0.13323 18.61712 0 0 4.13064 15.74203 2.13402 -13
-0.10736 0.13771 80.75456 0 0 -4.07885 80.30168 1.46483 13
-0.10995 -0.26158 80.75456 0 0 7.96587 80.30168 1.46483 13
0.29631 -0.24920 41.88984 0 0 7.58656 40.25887 1.85076 13
0.77464 0.11818 12.18223 0 0 -3.53268 9.65583 2.22653 13
0.79936 -0.28246 12.18223 0 0 8.54410 9.65583 2.22651 13
0.22141 0.04445 13.26369 0 0 -1.22313 12.95072 1.78848 -13
0.80429 0.00796 77.31534 0 0 -0.16700 60.24772 2.24813 13
-0.85398 -0.12860 1.19893 0 0 3.42685 0.91517 0.86804 13
0.85989 -0.13349 24.65720 0 0 4.13449 18.76560 2.27664 -13
-0.64628 0.14118 37.67779 0 0 -4.16205 31.73617 1.00153 -13
-0.66089 -0.25793 37.67779 0 0 7.87790 31.73617 1.00152 -13
0.11274 0.11329 5.96223 0 0 -3.42046 5.92516 1.68235 13
-0.18849 -0.24106 69.68683 0 0 7.34555 68.54554 1.38956 13
