-0.16607 0.14710 24.26980 0 0 -4.37406 23.94835 1.40795 13
-0.16943 -0.25183 24.26980 0 0 7.65779 23.94835 1.40795 13
0.12222 0.12070 54.98821 0 0 -3.56869 54.58788 1.69154 13
0.12601 -0.27957 54.98821 0 0 8.50457 54.58788 1.69156 13
1.43611 -0.00444 58.88465 0 0 0.23008 33.64910 2.53333 -13
0.28187 0.12911 14.53054 0 0 -3.84804 13.99421 1.84338 13
0.28963 -0.27076 14.53054 0 0 8.20946 13.99421 1.84340 13
-2.29852 -1.89619 14.53054 0 0 -3.76445 13.99421 0.75056 13
0.43899 1.33789 14.53054 0 0 -3.18626 13.99421 1.31379 13
-1.28266 -0.19267 61.12652 0 0 5.90624 38.00889 0.67105 -13
-2.03420 0.05781 18.51758 0 0 -1.72219 8.17939 0.45756 13
1.44341 -0.03816 29.41612 0 0 1.20345 16.76049 2.53537 13
0.34435 -0.20630 35.33511 0 0 6.31981 33.48247 1.89607 -13
-0.77608 -0.10140 29.54330 0 0 3.16077 23.38387 0.91329 -13
0.73773 -0.04535 97.31611 0 0 1.44305 78.33968 2.20591 13
-0.20761 -0.23746 47.59648 0 0 7.23277 46.65422 1.37149 13
1.07501 -0.01745 46.38808 0 0 0.59222 31.59768 2.39225 13
-1.38077 -0.09598 45.21073 0 0 2.99560 26.59830 0.62898 -13
-0.71912 -0.01100 17.58074 0 0 0.37881 14.27352 0.94738 13
-0.01184 -0.13127 89.53063 0 0 4.03598 89.52447 1.55906 13
0.42581 -0.10481 10.97853 0 0 3.29440 10.10908 1.97139 -13
-1.14442 -0.12734 78.38015 0 0 3.91316 51.80824 0.72214 13
1.71305 -0.10255 60.96437 0 0 3.15955 30.85373 2.61093 13
-0.26505 0.13965 44.42888 0 0 -4.11985 42.97308 1.31409 -13
-0.27120 -0.25954 44.42888 0 0 7.92218 42.97308 1.31409 -13
0.13023 -0.04961 71.54426 0 0 1.57102 70.94663 1.70014 13
-1.09048 -0.17378 27.41063 0 0 5.35049 18.67478 0.74956 -13
0.43359 0.10874 21.57694 0 0 -3.17435 19.81442 1.97778 -13
-0.67325 -0.00731 61.43472 0 0 0.29244 50.96183 0.97826 13
0.30605 -0.10553 90.45251 0 0 3.27033 86.53319 1.86625 -13
1.23421 -0.05931 58.08178 0 0 1.88434 36.60303 2.45978 -13
0.44243 0.07024 70.26904 0 0 -2.02965 64.28654 1.98643 -13
-0.04071 -0.05612 85.81437 0 0 1.76893 85.74355 1.53017 13
-0.59765 -0.12227 59.82183 0 0 3.76019 51.45004 1.03537 13
-1.89908 -0.17672 75.13648 0 0 5.39862 35.43023 0.49104 13
1.14676 -0.09812 56.64870 0 0 3.02888 37.33305 2.42208 13
2.06419 0.08104 76.57400 0 0 -2.37881 33.47326 2.68918 13
0.86642 0.05509 51.37094 0 0 -1.56851 38.85032 2.28400 -13
0.63029 -0.19274 93.82348 0 0 5.90137 79.78019 2.12500 -13
0.38893 -0.06104 8.59196 0 0 1.86085 8.00960 1.94109 13
-0.27561 0.05679 23.36012 0 0 -1.60966 22.52307 1.30227 -13
1.18394 -0.15510 74.74952 0 0 4.77013 48.56774 2.43435 -13
0.46840 0.09297 44.54727 0 0 -2.71131 40.37239 2.00719 -13
1.04862 -0.12300 60.86195 0 0 3.78047 42.16754 2.37617 13
-0.28070 -0.02239 90.11958 0 0 0.75100 86.76771 1.29720 13
1.04411 -0.15535 45.63638 0 0 4.78371 31.76240 2.37181 -13
-1.02110 -0.05098 2.30588 0 0 1.31615 1.61460 0.77561 13
-0.02704 -0.00160 39.15968 0 0 0.14225 39.14538 1.54377 -13
-1.67128 -0.04491 9.46470 0 0 1.53327 4.86352 0.53965 -13
-0.05241 -0.16380 61.90218 0 0 5.03014 61.81956 1.51912 -13
0.95056 0.02760 8.94362 0 0 -0.82781 6.48371 2.33066 13
-1.16521 0.12340 87.64205 0 0 -3.64996 57.32514 0.71298 13
-1.19987 -0.27669 87.64205 0 0 8.41824 57.32514 0.71299 13
-0.67781 0.14384 82.24219 0 0 -4.26526 68.29558 0.97987 13
-0.69238 -0.25517 82.24219 0 0 7.77085 68.29558 0.97988 13
0.13996 -0.21173 82.32510 0 0 6.46215 81.56403 1.70687 13
-1.48734 0.05886 3.96130 0 0 -1.48520 2.21331 0.59272 -13
0.68274 0.01428 41.84460 0 0 -0.36341 34.55956 2.16980 13
-1.01454 0.12129 83.27254 0 0 -3.56979 58.67201 0.78183 -13
-1.04557 -0.27889 83.27254 0 0 8.50248 58.67201 0.78184 -13
1.18479 -0.11657 26.80099 0 0 3.62593 17.35379 2.43725 -13
-1.90262 0.13815 13.62243 0 0 -4.00750 6.38436 0.48781 -13
-1.94786 -0.26104 13.62243 0 0 8.03747 6.38436 0.48782 -13
-0.88153 -0.01706 79.53379 0 0 0.58855 59.66596 0.84835 13
0.99018 -0.09615 40.24311 0 0 2.99794 28.66126 2.34896 -13
0.87403 0.03798 66.82556 0 0 -1.07424 50.33173 2.28872 13
-0.58390 0.11571 3.68322 0 0 -3.57333 3.18620 1.04519 13
-0.60316 -0.28521 3.68322 0 0 8.50564 3.18620 1.04519 13
-2.15619 -0.21743 79.17131 0 0 6.61767 33.94616 0.44314 13
-0.20573 -0.19410 28.34150 0 0 5.91726 27.78054 1.37151 13
-0.17933 0.01654 67.26080 0 0 -0.41049 66.20497 1.39338 -13
-0.48540 -0.01943 92.53823 0 0 0.66222 83.25211 1.11897 13
-0.41974 0.11547 30.17880 0 0 -3.38172 27.85408 1.17574 -13
-0.56048 0.00363 2.14316 0 0 0.22885 1.86970 1.05995 -13
0.45658 0.12199 68.32933 0 0 -3.60641 62.23586 1.99633 13
0.47044 -0.27818 68.32933 0 0 8.46421 62.23586 1.99633 13
-1.03021 -0.11825 48.62643 0 0 3.63350 33.98901 0.77399 13
0.41763 -0.06562 21.66246 0 0 2.08435 19.99551 1.96564 -13
-0.08700 -0.21057 21.67107 0 0 6.45779 21.59301 1.48587 -13
0.36402 -0.18380 58.75903 0 0 5.63478 55.32025 1.91460 -13
-1.32127 -0.11624 52.24531 0 0 3.60327 31.66455 0.65110 -13
0.98532 -0.01718 64.31837 0 0 0.60995 45.81849 2.34873 -13
0.73159 -0.09893 59.99385 0 0 3.07476 48.50193 2.20009 -13
1.20336 0.08240 34.88348 0 0 -2.38374 22.33988 2.44657 -13
-0.50236 -0.04163 71.05574 0 0 1.32959 63.50513 1.10561 13
0.66952 -0.16739 92.88641 0 0 5.13640 77.51240 2.15440 -13
1.06209 -0.04326 76.96332 0 0 1.37722 52.78485 2.38583 13
-1.90680 0.00305 44.09885 0 0 -0.03433 20.48207 0.48301 13
1.27481 0.07876 52.78687 0 0 -2.27954 32.64241 2.47491 -13
0.19377 -0.17486 4.03644 0 0 5.22994 3.96467 1.75940 13
-1.87793 -0.24399 13.19872 0 0 7.35672 6.34436 0.50140 13
1.76363 -0.05453 29.43260 0 0 1.69474 14.53370 2.62515 13
-0.14563 0.01409 10.43711 0 0 -0.39087 10.32821 1.42620 13
-0.00268 -0.03672 82.89407 0 0 1.19489 82.89378 1.56812 -13
-0.75215 -0.07173 90.91591 0 0 2.25191 72.72509 0.92715 -13
-1.00478 0.07947 16.79313 0 0 -2.27555 11.86461 0.78459 -13
-0.14681 -0.10914 78.08650 0 0 3.36719 77.26792 1.42587 13
0.40857 0.13310 50.58219 0 0 -3.92301 46.88332 1.95560 -13
0.41911 -0.26638 50.58219 0 0 8.12855 46.88332 1.95560 -13
1.93477 -0.23765 3.31013 0 0 6.92025 1.55296 2.65326 13
0.75864 -0.20457 26.39759 0 0 6.22795 21.18660 2.20996 13
0.43632 0.04159 70.70509 0 0 -1.18079 64.81414 1.98190 13
-1.28069 -0.10863 59.10223 0 0 3.34492 36.50627 0.66579 13
-0.09375 0.03202 34.75117 0 0 -0.87023 34.59966 1.47737 -13
-0.93127 -0.03090 54.35708 0 0 1.02601 39.78716 0.82121 -13
1.04210 0.04921 99.21530 0 0 -1.39605 68.73784 2.37621 -13
-0.87840 -0.05248 37.34484 0 0 1.68130 28.07453 0.85073 -13
-0.68001 0.05049 30.72176 0 0 -1.42284 25.41509 0.97421 -13
1.33261 0.06671 46.19046 0 0 -1.94813 27.76384 2.49676 13
1.27581 -0.17040 71.46743 0 0 5.23259 44.47757 2.46984 -13
0.15992 0.13609 50.41355 0 0 -4.03423 49.79230 1.72795 13
0.16385 -0.26328 50.41355 0 0 8.01299 49.79230 1.72794 13
-0.18846 -0.16676 85.57199 0 0 5.10631 84.13085 1.38700 13
-0.67442 -0.21683 99.52522 0 0 6.62772 83.09867 0.98805 -13
-0.59394 -0.06354 14.68478 0 0 2.03688 12.63231 1.03573 -13
0.82646 -0.08287 91.89755 0 0 2.58769 70.93454 2.25978 -13
0.18247 -0.08405 29.02318 0 0 2.63404 28.55497 1.75066 -13
0.49552 0.06911 33.73448 0 0 -2.01963 30.24096 2.02991 13
-1.22663 -0.17059 35.78742 0 0 5.20496 22.80772 0.69100 13
1.40453 -0.02500 63.00512 0 0 0.84839 36.55052 2.52272 -13
-0.17630 -0.15737 53.58340 0 0 4.83773 52.78878 1.39837 -13
-0.31681 -0.10455 66.32060 0 0 3.22757 63.25464 1.26555 13
0.79454 0.00607 28.86546 0 0 -0.08034 22.60026 2.24219 -13
0.59066 -0.17538 80.25123 0 0 5.36494 69.36607 2.09771 13
0.73491 0.01284 15.26732 0 0 -0.34544 12.30271 2.20453 13
-1.83530 -0.10322 18.76840 0 0 3.25108 9.01650 0.50113 -13
-2.09763 -0.16501 32.13685 0 0 5.09653 13.98221 0.45010 -13
-0.44613 0.14674 96.77766 0 0 -4.33936 88.53612 1.15511 -13
-0.45523 -0.25214 96.77766 0 0 7.69287 88.53612 1.15511 -13
-0.14921 -0.08544 72.45165 0 0 2.65157 71.66407 1.42321 13
-1.21895 0.12749 34.34333 0 0 -3.74047 21.88670 0.69100 -13
-1.25324 -0.27231 34.34333 0 0 8.32104 21.88670 0.69098 -13
-0.92350 -0.21871 46.32541 0 0 6.69437 34.39647 0.83678 -13
0.18668 -0.03630 53.34733 0 0 1.18551 52.44269 1.75523 -13
-0.76115 -0.18940 41.16637 0 0 5.81000 32.96690 0.92867 -13
-0.81239 -0.08779 62.08894 0 0 2.71915 48.26362 0.89042 13
-0.66365 0.08729 10.09316 0 0 -2.49550 8.41966 0.98663 -13
0.77251 0.03770 17.06501 0 0 -1.01939 13.50842 2.22820 -13
1.13897 -0.20301 20.12106 0 0 6.24188 13.42652 2.41105 -13
-1.30122 0.01512 60.78490 0 0 -0.36181 37.04231 0.65530 -13
-0.01240 0.05930 69.64331 0 0 -1.70060 69.63797 1.55842 -13
-0.94616 -0.18440 59.30368 0 0 5.63184 43.41587 0.82140 13
-0.92656 0.06924 22.54024 0 0 -1.97638 16.55203 0.82469 -13
-1.13968 -0.04447 70.03266 0 0 1.43340 46.21521 0.72070 -13
1.45984 0.00844 97.62200 0 0 -0.18234 55.17031 2.54098 13
-0.20920 0.05420 87.28297 0 0 -1.54823 85.43883 1.36487 -13
-0.80275 -0.03108 17.24942 0 0 1.05318 13.45345 0.89462 -13
-0.63298 -0.24292 47.56394 0 0 7.42132 40.51372 1.01936 -13
-1.25924 0.13520 4.84431 0 0 -4.16314 3.03009 0.67557 13
-1.29097 -0.26445 4.84431 0 0 7.88185 3.03009 0.67549 13
-0.55903 0.11158 26.09189 0 0 -3.26276 22.80852 1.06368 -13
0.62077 -0.01566 82.64480 0 0 0.56077 70.21805 2.12629 -13
-0.84195 0.12390 34.34877 0 0 -3.67539 26.35870 0.87475 13
-0.86684 -0.27617 34.34877 0 0 8.39223 26.35870 0.87475 13
0.01373 -0.18674 61.27104 0 0 5.70615 61.26547 1.58429 13
1.68364 -0.07762 96.65401 0 0 2.43337 49.46800 2.60431 -13
1.96552 -0.07077 34.82025 0 0 2.24759 15.82045 2.66994 -13
0.76275 0.11161 21.97398 0 0 -3.25783 17.51094 2.21943 -13
-0.24275 0.03446 15.78688 0 0 -0.99034 15.34177 1.33279 13
0.95832 -0.03523 91.04418 0 0 1.15030 65.75280 2.33460 -13
0.96222 -0.24080 19.49723 0 0 7.30801 14.23877 2.32287 13
0.53303 -0.16651 52.77923 0 0 5.09366 46.71563 2.05486 13
-0.09480 -0.12009 26.04587 0 0 3.68522 25.93128 1.47694 13
-0.31610 0.04619 77.17223 0 0 -1.31864 73.59043 1.26494 13
-0.70390 0.07818 53.80766 0 0 -2.28775 44.04447 0.95889 13
-0.41246 0.09577 12.32845 0 0 -2.85062 11.40440 1.18120 13
0.00477 -0.19610 90.14988 0 0 5.99111 90.14889 1.57548 13
-0.91900 0.02027 98.03145 0 0 -0.53687 72.18699 0.82768 13
-0.08800 -0.11932 47.58713 0 0 3.67025 47.40650 1.48364 13
-0.95027 0.13118 79.86054 0 0 -3.86744 58.12480 0.81515 -13
-0.97552 -0.26843 79.86054 0 0 8.18753 58.12480 0.81517 -13
-1.75644 -1.92995 79.86054 0 0 8.26929 58.12480 0.89116 -13
-0.52304 -0.08763 79.86054 0 0 8.24528 58.12480 1.09045 -13
0.71676 -0.16430 42.82979 0 0 5.05221 34.96727 2.18639 -13
1.08971 -0.13733 66.67511 0 0 4.21355 45.30971 2.39444 13
1.17952 0.10088 44.24734 0 0 -2.94453 28.69838 2.43588 -13
-0.65234 -0.21145 41.02006 0 0 6.44447 34.57803 1.00274 13
-0.58596 -0.24896 31.29687 0 0 7.57129 27.20642 1.05378 13
0.28590 -0.06228 2.61279 0 0 1.76446 2.51240 1.84876 13
-0.15703 -0.03225 6.56260 0 0 0.97915 6.48318 1.41512 13
-0.22483 -0.08106 2.95807 0 0 2.69190 2.88655 1.35034 -13
-0.56837 -0.11943 26.10676 0 0 3.70374 22.73614 1.05700 -13
0.03871 0.06172 82.52937 0 0 -1.77462 82.46784 1.60941 -13
0.63624 0.10541 37.05964 0 0 -3.11426 31.31701 2.13494 13
-0.26725 -0.14801 49.74596 0 0 4.55674 48.09356 1.31234 -13
0.27718 -0.15802 24.86391 0 0 4.86844 23.98129 1.83803 -13
-0.62626 -0.22926 14.80833 0 0 6.95552 12.63910 1.02275 13
1.17830 0.10409 94.23666 0 0 -3.05086 61.16823 2.43521 -13
-0.41797 -0.15464 7.86137 0 0 4.81592 7.26583 1.17908 -13
0.99726 -0.17633 73.43349 0 0 5.39052 52.39193 2.34717 13
0.18606 0.06947 1.96815 0 0 -1.76366 1.93515 1.75432 -13
0.72454 -0.03555 32.24582 0 0 1.13461 26.11789 2.19750 13
-0.71564 -0.17806 72.90628 0 0 5.46104 59.59907 0.95701 -13
-0.41947 -0.06867 31.60594 0 0 2.16892 29.15562 1.17446 -13
0.25394 -0.09525 39.06127 0 0 2.96755 37.87019 1.81840 -13
0.04861 -0.15924 76.25900 0 0 4.87799 76.17135 1.61876 13
-0.12182 0.03547 11.48824 0 0 -0.94648 11.40407 1.44965 -13
-0.02120 -0.12882 68.49596 0 0 3.95969 68.48082 1.54977 13
0.64822 -0.15977 15.33431 0 0 4.86081 12.91496 2.14018 13
-0.99397 -0.18307 87.77162 0 0 5.59674 62.75921 0.79666 13
-0.85546 -0.00825 12.16774 0 0 0.38488 9.24648 0.86316 -13
-2.01254 -0.19435 46.50193 0 0 5.91917 21.00127 0.46858 13
-1.38855 0.02191 90.66533 0 0 -0.58893 52.99251 0.62425 13
-0.31936 0.07450 38.85919 0 0 -2.17933 37.02682 1.26248 13
0.78308 0.11669 59.97349 0 0 -3.42874 47.33943 2.23186 -13
-1.90912 0.00236 18.46274 0 0 0.06764 8.56714 0.48251 -13
0.54092 0.05163 59.86426 0 0 -1.46675 52.67046 2.06609 -13
-1.71031 -0.08102 23.54244 0 0 2.48109 11.91136 0.53051 13
-0.19305 -0.16813 25.89605 0 0 5.13386 25.43899 1.38267 13
1.72409 0.01104 35.90392 0 0 -0.28067 18.01459 2.61597 13
-1.89727 -0.10479 4.97055 0 0 3.04362 2.32795 0.48733 13
-1.46282 -0.24047 85.76756 0 0 7.34492 49.33114 0.61280 -13
-1.45375 -0.20133 80.73145 0 0 6.14347 46.37103 0.61185 13
-0.57256 0.12513 12.75424 0 0 -3.64906 11.08973 1.05414 -13
-0.58914 -0.27474 12.75424 0 0 8.41715 11.08973 1.05417 -13
1.15167 -0.06904 3.12242 0 0 1.91974 2.05066 2.42539 13
0.29832 0.11124 8.06389 0 0 -3.33674 7.73096 1.85903 13
-0.34727 0.00880 48.99524 0 0 -0.17354 46.28395 1.23656 -13
-0.03892 -0.19947 57.71349 0 0 6.10672 57.67149 1.53265 -13
0.71851 -0.07759 35.49347 0 0 2.40459 28.85382 2.19241 13
1.41239 0.10844 71.38862 0 0 -3.17761 41.41251 2.52275 -13
-0.08039 -0.00308 40.58047 0 0 0.16229 40.45001 1.49058 13
-1.20353 0.09926 53.21306 0 0 -2.89977 34.10506 0.69570 -13
-0.37808 0.00636 4.61483 0 0 -0.22256 4.31667 1.20934 13
0.37300 -0.22702 31.06816 0 0 6.91033 29.19666 1.91966 13
0.02033 0.10291 9.27274 0 0 -2.97260 9.27082 1.59102 -13
-1.04458 0.05636 98.78389 0 0 -1.61159 68.36843 0.76439 -13
-0.00733 -0.00064 16.44133 0 0 0.13031 16.44088 1.56347 -13
-0.35915 0.05492 22.79145 0 0 -1.59858 21.45371 1.22647 13
0.58255 0.27997 22.79145 0 0 -1.60173 21.45371 2.08203 13
-0.81351 -0.51384 22.79145 0 0 0.42248 21.45371 2.19717 13
-0.68791 0.89963 22.79145 0 0 -2.24970 21.45371 1.09806 13
0.00938 -1.19002 22.79145 0 0 -1.22382 21.45371 1.56476 13
1.02008 1.40329 22.79145 0 0 -2.33156 21.45371 2.10530 13
0.99103 -0.41751 22.79145 0 0 -2.28157 21.45371 2.31158 13
-0.00453 0.25748 22.79145 0 0 -1.36714 21.45371 1.57518 13
-0.01806 0.02454 47.30489 0 0 -0.64862 47.29718 1.55275 -13
-1.46521 -0.08286 50.10813 0 0 2.59827 28.31226 0.60047 -13
-0.21175 0.10394 18.59931 0 0 -3.02709 18.20014 1.36321 -13
-0.44821 -0.08303 74.23492 0 0 2.59253 67.78044 1.15072 -13
-1.11149 -0.21471 42.58013 0 0 6.54045 28.83275 0.74386 13
0.51918 -0.11307 75.71663 0 0 3.49927 67.28992 2.04708 -13
1.23369 0.09022 37.53790 0 0 -2.66174 23.69515 2.45845 13
0.03728 0.10497 15.53292 0 0 -3.05482 15.52221 1.60786 -13
-0.13182 -0.22397 61.45615 0 0 6.82889 60.95399 1.44287 13
-0.30023 0.11473 11.11746 0 0 -3.33192 10.65359 1.28093 -13
-0.01335 -0.12998 80.98198 0 0 3.99620 80.97490 1.55755 13
0.15961 0.13484 52.60093 0 0 -3.99551 51.95490 1.72768 13
0.16363 -0.26462 52.60093 0 0 8.05336 51.95490 1.72768 13
-0.55762 -0.19720 53.13093 0 0 6.04066 46.61178 1.07020 -13
-0.88690 0.13547 53.03228 0 0 -3.99262 39.83432 0.84978 -13
-0.90895 -0.26391 53.03228 0 0 8.05550 39.83432 0.84979 -13
0.69709 -0.12344 9.77694 0 0 3.74268 8.04035 2.17603 13
0.19331 0.13341 66.97830 0 0 -3.93528 65.78159 1.76011 -13
0.19828 -0.26608 66.97830 0 0 8.11610 65.78159 1.76012 -13
-0.46003 -0.10930 79.00886 0 0 3.38458 71.85207 1.14188 -13
0.85830 0.07956 94.93706 0 0 -2.32575 72.13675 2.27853 13
0.78074 -0.02188 6.88291 0 0 0.65185 5.42593 2.23357 13
-0.74443 -0.20218 54.16955 0 0 6.19197 43.75950 0.94044 -13
-0.11892 -0.03387 36.60602 0 0 1.11645 36.35015 1.45250 -13
-0.31041 -0.00858 91.14226 0 0 0.33434 87.04534 1.26982 13
0.56817 -0.13624 20.20320 0 0 4.16319 17.60518 2.08354 13
-0.80601 0.08232 70.05935 0 0 -2.39201 54.61881 0.89405 -13
1.87952 0.12835 28.94608 0 0 -3.75454 13.68386 2.64924 -13
1.93163 -0.27139 28.94608 0 0 8.30581 13.68386 2.64923 -13
0.61653 0.12706 46.92984 0 0 -3.76412 40.03516 2.11971 13
0.63397 -0.27284 46.92984 0 0 8.29769 40.03516 2.11971 13
-0.56415 -0.07588 66.26684 0 0 2.37834 57.75591 1.05838 -13
-1.19691 -0.13876 19.89977 0 0 4.22617 12.83068 0.70070 13
-0.68818 0.12701 40.82475 0 0 -3.76438 33.71651 0.97178 13
-0.70767 -0.27288 40.82475 0 0 8.29708 33.71651 0.97177 13
-1.53206 0.07502 39.16404 0 0 -2.20497 21.44896 0.57957 13
-0.08732 0.01868 3.65148 0 0 -0.34877 3.63764 1.48371 -13
-0.04832 -0.21839 84.39656 0 0 6.66292 84.30270 1.52363 13
-0.10931 -0.06740 37.38120 0 0 2.10104 37.16078 1.46216 13
-0.01323 -0.03398 59.28330 0 0 1.09905 59.27812 1.55757 13
-0.05740 -0.17329 83.15929 0 0 5.31414 83.02663 1.51430 -13
0.90185 -0.15690 61.33221 0 0 4.80324 45.79293 2.29859 13
0.00325 0.12973 43.40510 0 0 -3.84344 43.40487 1.57402 13
0.00333 -0.26999 43.40510 0 0 8.21351 43.40487 1.57402 13
0.18645 -0.03011 90.19586 0 0 0.99442 88.66916 1.75505 -13
-0.51346 -0.08946 62.01616 0 0 2.77070 55.21446 1.09806 13
-0.13810 -0.04655 65.33918 0 0 1.47779 64.72612 1.43371 13
0.28602 -0.19821 79.06661 0 0 6.06678 76.12708 1.84433 -13
-0.03146 0.00167 38.63440 0 0 0.01926 38.61528 1.53935 13
0.03588 0.04309 54.56002 0 0 -1.22731 54.52500 1.60663 13
1.41653 -0.01482 71.11965 0 0 0.51623 41.01954 2.52683 13
-0.80640 -0.14877 96.42509 0 0 4.56218 75.38271 0.89751 13
0.31980 0.14850 58.02651 0 0 -4.40672 55.32446 1.87717 13
0.32609 -0.25033 58.02651 0 0 7.62438 55.32446 1.87717 13
-1.45449 -0.15698 58.18139 0 0 4.80092 33.23434 0.60800 13
0.52431 -0.01225 19.95316 0 0 0.47813 17.67182 2.05367 -13
1.16238 0.14735 48.22416 0 0 -4.37946 31.64512 2.42583 13
1.18575 -0.25158 48.22416 0 0 7.65193 31.64512 2.42581 13
-0.40736 -0.05287 82.66097 0 0 1.68266 76.56804 1.18445 -13
-0.08800 0.04616 41.43455 0 0 -1.29957 41.27542 1.48312 -13
-1.16178 -0.09767 63.13679 0 0 3.01557 41.30059 0.71305 13
0.10690 -0.23806 13.94551 0 0 7.22435 13.87081 1.67442 13
0.13722 -0.20713 30.67495 0 0 6.31266 30.40180 1.70436 13
1.91328 0.05784 77.77820 0 0 -1.67762 36.07516 2.65929 13
0.17128 -0.06285 20.31089 0 0 2.00126 20.02050 1.74010 -13
-1.04414 0.03124 18.45060 0 0 -0.89844 12.76532 0.76405 13
-2.13478 -0.20286 28.56676 0 0 6.24353 12.31875 0.44587 -13
0.49951 -0.04405 18.42024 0 0 1.43967 16.48092 2.03367 -13
-1.79768 -0.01846 48.05703 0 0 0.61760 23.36457 0.50772 13
-0.20423 -0.13188 33.11242 0 0 4.07483 32.45381 1.37102 -13
-2.04873 0.07213 63.29719 0 0 -2.07682 27.82276 0.45511 -13
0.95488 0.08044 97.44337 0 0 -2.33889 70.58270 2.33151 -13
0.91473 -0.21171 25.34825 0 0 6.43968 18.88895 2.30078 13
1.66600 -0.04790 94.57366 0 0 1.53558 48.71285 2.60049 -13
-0.85131 -0.04583 96.51480 0 0 1.45651 73.52320 0.86606 13
2.13981 0.12445 38.47928 0 0 -3.69876 16.39541 2.70146 13
0.84260 -0.10921 27.02942 0 0 3.35207 20.72082 2.26806 13
-1.05898 0.10638 88.57001 0 0 -3.11998 60.99050 0.75957 -13
-1.97516 -0.06846 69.05663 0 0 2.13033 31.25015 0.46961 13
-0.71829 0.08834 65.93460 0 0 -2.59228 53.62237 0.94974 13
0.35035 0.10759 72.54497 0 0 -3.15719 68.50755 1.90599 -13
-1.38160 -0.07114 99.24222 0 0 2.21870 58.28487 0.62772 13
0.32291 0.09533 34.89796 0 0 -2.77965 33.22382 1.88181 -13
0.07165 -0.15432 11.62046 0 0 4.69451 11.59147 1.64149 13
0.16913 -0.14999 27.39292 0 0 4.62396 27.01758 1.73652 -13
-0.17476 -0.19597 20.58429 0 0 6.01777 20.28812 1.40095 -13
-0.53931 -0.08888 62.88651 0 0 2.77075 55.39931 1.07784 -13
-0.06688 0.07013 98.36025 0 0 -2.02952 98.14211 1.50418 -13
0.24038 0.10905 92.97932 0 0 -3.21359 90.43310 1.80536 13
-0.11946 -0.03642 59.62055 0 0 1.17170 59.20015 1.45198 13
0.23288 0.09352 35.82606 0 0 -2.72558 34.90021 1.79864 -13
-0.56270 -0.00875 40.58487 0 0 0.35888 35.36984 1.05827 -13
-0.33483 -0.24466 92.16889 0 0 7.45605 87.64987 1.25635 13
1.25913 -0.11933 12.76623 0 0 3.74068 7.97406 2.46695 -13
-1.47523 -0.17007 65.09061 0 0 5.22454 36.87901 0.60235 -13
-0.60871 0.06446 14.42606 0 0 -1.82296 12.32969 1.02492 -13
0.93896 0.14075 69.18755 0 0 -4.17235 50.66955 2.31983 13
0.96036 -0.25842 69.18755 0 0 7.86785 50.66955 2.31984 13
0.86296 -0.06665 22.09334 0 0 2.06718 16.74232 2.28167 13
0.61786 -0.17978 64.57686 0 0 5.49538 55.17585 2.11716 13
-0.35381 0.05321 2.15097 0 0 -1.28458 2.02804 1.23117 -13
0.79422 0.11905 85.72102 0 0 -3.51747 67.30823 2.23858 13
0.81926 -0.28131 85.72102 0 0 8.55872 67.30823 2.23858 13
1.21738 -0.23455 23.18209 0 0 7.19081 14.94921 2.44075 -13
0.36721 0.13185 66.20219 0 0 -3.88815 62.20781 1.91994 -13
0.37687 -0.26773 66.20219 0 0 8.16556 62.20781 1.91993 -13
0.26763 -0.19192 49.56489 0 0 5.85936 47.93670 1.82782 13
0.14952 -0.06577 50.17695 0 0 2.07471 49.62764 1.71890 -13
0.76403 -0.19108 93.46468 0 0 5.83845 74.75545 2.21459 13
0.75532 -0.12814 80.80449 0 0 3.95422 64.66811 2.21378 -13
0.22598 -0.04263 61.09885 0 0 1.37553 59.59856 1.79285 -13
0.53978 0.04566 7.52377 0 0 -1.22277 6.62233 2.06532 -13
1.45949 -0.09239 96.37883 0 0 2.86026 54.63279 2.53891 13
-0.37223 -0.08486 3.39668 0 0 2.50899 3.18286 1.21562 13
-0.03089 -0.22502 56.61227 0 0 6.85997 56.58660 1.54067 13
-1.20982 -0.03191 82.93582 0 0 1.03441 52.85497 0.69098 13
0.92963 -0.15270 7.22235 0 0 4.59631 5.31785 2.31400 13
0.80323 -0.22891 1.45286 0 0 7.45771 1.14391 2.23507 -13
-0.47986 -0.18971 33.27701 0 0 5.82203 30.09959 1.13025 -13
0.67756 0.04231 70.79227 0 0 -1.20331 58.62302 2.16589 13
-0.01846 0.06818 32.54035 0 0 -1.96028 32.53483 1.55238 -13
0.40065 -0.02704 68.67149 0 0 0.90485 63.74887 1.95174 -13
0.19076 -0.09471 43.49779 0 0 2.92698 42.73390 1.75847 13
-1.00620 0.14518 88.35433 0 0 -4.29182 62.60782 0.78752 -13
-1.02732 -0.25375 88.35433 0 0 7.74261 62.60782 0.78752 -13
-0.67784 -0.23619 93.15239 0 0 7.19957 77.75672 0.98764 13
0.83511 0.04229 79.18398 0 0 -1.18639 60.79979 2.26615 -13
-0.05900 -0.01265 69.10982 0 0 0.47000 68.98987 1.51187 -13
-0.52480 -0.07079 3.09758 0 0 2.04472 2.74407 1.08853 13
0.18263 -0.20359 64.69649 0 0 6.23030 63.68477 1.74788 -13
-0.21629 -0.15505 7.61111 0 0 4.82269 7.44291 1.36022 -13
1.24366 0.02311 45.17722 0 0 -0.59919 28.31415 2.46424 -13
1.64240 -0.18785 17.06644 0 0 5.80763 8.98818 2.58695 -13
0.95829 0.13900 26.79246 0 0 -4.13769 19.43242 2.33012 13
0.98076 -0.26028 26.79246 0 0 7.90483 19.43242 2.33011 13
-1.89302 -0.18754 95.52579 0 0 5.72796 45.22421 0.49317 13
-0.30497 -0.18772 98.13550 0 0 5.73851 94.00377 1.27958 13
-0.37252 -0.08923 81.64988 0 0 2.77922 76.55030 1.21550 -13
0.03099 -0.20229 56.42099 0 0 6.19229 56.39500 1.60117 -13
-0.34487 -0.06883 70.37052 0 0 2.14980 66.54188 1.23943 13
-1.57156 0.07462 9.97076 0 0 -2.26040 5.36372 0.56795 13
0.94466 -0.03978 31.88950 0 0 1.30210 23.19038 2.32735 -13
-0.82459 -0.02017 8.04764 0 0 0.61353 6.20947 0.88134 13
-0.05923 0.04479 44.67822 0 0 -1.28061 44.60023 1.51169 13
-0.21169 -0.13597 83.41769 0 0 4.17671 81.64084 1.36403 13
1.63889 -0.05678 85.38125 0 0 1.78367 44.52430 2.59301 13
0.02232 0.11593 69.73662 0 0 -3.40906 69.71950 1.59297 -13
0.03862 -0.20226 40.06399 0 0 6.16864 40.03529 1.60863 13
0.23031 -0.16734 66.64989 0 0 5.13654 64.99420 1.79416 -13
-0.55203 -0.23816 14.84623 0 0 7.30532 13.07985 1.07798 -13
0.98540 -0.03927 67.93595 0 0 1.27587 48.40831 2.34846 -13
-0.52204 0.03911 46.58201 0 0 -1.08668 41.30035 1.08998 -13
-0.10221 -0.01983 33.10637 0 0 0.66442 32.93488 1.46896 13
0.54838 0.08332 30.48220 0 0 -2.45024 26.74906 2.07094 13
-0.21413 0.12736 87.82140 0 0 -3.76622 85.90472 1.36149 13
-0.22016 -0.27249 87.82140 0 0 8.29570 85.90472 1.36149 13
-2.00272 -0.22625 50.95509 0 0 6.88313 23.21930 0.47316 13
-1.55816 -0.00734 81.97021 0 0 0.31395 44.27452 0.57059 -13
1.45403 0.02660 73.77465 0 0 -0.70949 41.81541 2.53897 -13
-0.34387 -0.01817 8.96630 0 0 0.68798 8.47908 1.23964 -13
-0.76153 -0.05274 4.48056 0 0 1.80650 3.56640 0.92063 -13
-0.23911 0.00806 32.58557 0 0 -0.17711 31.69224 1.33610 13
1.59185 -0.21710 7.27323 0 0 6.50040 3.93249 2.57027 13
-0.86197 0.11026 93.33433 0 0 -3.23787 70.87759 0.86238 -13
-0.58401 0.10247 22.51856 0 0 -3.03471 19.47131 1.04449 13
-0.96698 -0.11400 99.36504 0 0 3.52704 71.65327 0.80541 -13
-0.29527 -0.20759 39.82301 0 0 6.35683 38.25622 1.28936 -13
0.85692 -0.18132 35.95158 0 0 5.56844 27.48560 2.27131 -13
-0.23763 -0.09868 94.42331 0 0 3.06306 91.88898 1.33858 -13
-1.47404 -0.09266 90.90386 0 0 2.88519 51.18352 0.59808 -13
-0.71795 -0.24247 92.69094 0 0 7.38892 76.01591 0.96159 13
-0.64338 -0.05596 83.50059 0 0 1.77594 70.25388 0.99980 -13
-0.65071 0.09138 1.44531 0 0 -2.25789 1.21277 0.99582 -13
0.09962 -0.24353 91.98349 0 0 7.42318 91.55566 1.66728 13
0.33851 0.04020 4.36220 0 0 -1.25155 4.13223 1.89695 13
-0.02350 0.05488 39.91461 0 0 -1.58645 39.90365 1.54734 13
-0.04644 -0.01237 89.18750 0 0 0.45980 89.09149 1.52439 -13
-0.22389 -0.23901 62.22836 0 0 7.29903 60.80336 1.35639 -13
-0.26867 -0.24868 32.66901 0 0 7.56619 31.61219 1.31574 13
-1.13736 -0.19510 41.29304 0 0 5.94859 27.55197 0.73049 13
1.46370 -0.07036 34.25818 0 0 2.17860 19.35791 2.54108 13
1.05006 -0.05091 79.30661 0 0 1.60796 54.72857 2.37996 13
0.94868 0.14684 48.06530 0 0 -4.33335 35.04583 2.32454 -13
0.96797 -0.25203 48.06530 0 0 7.69870 35.04583 2.32454 -13
-0.67983 -0.14726 24.92857 0 0 4.54703 20.68486 0.97871 -13
-0.20576 0.02676 23.02193 0 0 -0.74798 22.54985 1.36794 13
-0.83816 -0.19586 24.13676 0 0 5.96154 18.64060 0.88246 13
-0.78467 -0.06129 5.23942 0 0 2.04689 4.12494 0.90639 -13
1.07475 -0.01510 17.45319 0 0 0.49638 11.89001 2.39215 13
0.35356 -0.04097 45.10399 0 0 1.32865 42.52823 1.91038 -13
-1.35519 0.11614 55.40635 0 0 -3.43813 33.04066 0.63892 13
0.81705 -0.22268 37.96290 0 0 6.78061 29.67974 2.24402 13
0.71923 -0.13038 82.53619 0 0 4.02141 67.19666 2.19032 -13
-0.04397 0.03279 94.51543 0 0 -0.91297 94.42429 1.52688 13
-0.21539 -0.12404 39.50656 0 0 3.83577 38.63396 1.36022 -13
0.32506 -0.08501 28.34835 0 0 2.66335 26.96892 1.88403 -13
-0.91625 0.09346 46.65763 0 0 -2.72392 34.46904 0.83124 -13
-1.50687 -0.13265 66.61814 0 0 4.09620 37.05900 0.58992 -13
1.20050 0.01334 53.73147 0 0 -0.33515 34.39143 2.44701 13
0.04226 -0.08169 70.74156 0 0 2.55221 70.67892 1.61289 -13
-0.08040 0.05318 92.40639 0 0 -1.52820 92.11005 1.49068 13
-1.35532 0.07243 43.26343 0 0 -2.12264 25.72897 0.63692 13
-1.83210 -0.17381 16.61867 0 0 5.38676 8.05406 0.50591 -13
0.74946 -0.17137 74.20522 0 0 5.25869 59.68607 2.20702 -13
-2.12206 -0.02053 53.07724 0 0 0.72261 22.62931 0.44046 -13
-1.55635 -0.10917 87.68553 0 0 3.38401 47.59934 0.57380 -13
-0.09540 0.01521 43.20673 0 0 -0.38855 43.01145 1.47569 13
1.73517 0.09992 81.19275 0 0 -2.94574 40.69185 2.61662 13
-1.22044 -0.02289 80.61243 0 0 0.78097 51.09965 0.68657 -13
-1.93311 -0.12303 45.63825 0 0 3.81580 21.09313 0.48047 -13
-0.22859 0.07890 56.30646 0 0 -2.28931 54.89885 1.34674 -13
-0.70897 0.06053 43.93293 0 0 -1.73093 35.86171 0.95494 -13
-0.58856 0.13430 27.60371 0 0 -3.94983 23.84361 1.04273 -13
-0.60350 -0.26515 27.60371 0 0 8.10025 23.84361 1.04271 -13
-0.03304 -0.04849 45.02347 0 0 1.53308 44.99897 1.53780 13
-0.11811 -0.20002 3.44255 0 0 6.26528 3.41972 1.45550 -13
-1.02405 -0.15764 56.96065 0 0 4.82463 40.04535 0.77965 13
0.34660 -0.06663 19.96184 0 0 2.11797 18.86573 1.90375 -13
-0.74170 -0.18784 88.02012 0 0 5.74013 71.12798 0.94090 13
0.04419 0.11696 61.64404 0 0 -3.43920 61.58479 1.61466 -13
1.02846 0.02908 21.41208 0 0 -0.76308 14.92998 2.37001 -13
-0.38265 0.13559 80.55404 0 0 -4.00228 75.32108 1.20836 -13
-0.39215 -0.26380 80.55404 0 0 8.04478 75.32108 1.20836 -13
-1.68259 0.09120 85.37063 0 0 -2.65855 43.74991 0.53805 -13
-1.72444 0.07536 39.57838 0 0 -2.21387 19.89719 0.52674 13
-0.33134 0.01216 66.04580 0 0 -0.27798 62.69448 1.25086 -13
-0.35480 0.00321 82.33556 0 0 -0.00951 77.59619 1.22985 -13
-0.75372 -0.15461 60.00457 0 0 4.73518 48.12213 0.93059 13
2.04844 0.14503 21.16016 0 0 -4.34357 9.36110 2.68333 13
2.09141 -0.25419 21.16016 0 0 7.69086 9.36110 2.68328 13
-1.15841 -0.12372 66.67164 0 0 3.82446 43.75638 0.71590 -13
0.00377 0.11023 66.24399 0 0 -3.23662 66.24352 1.57454 -13
-0.52126 -0.25019 4.68676 0 0 7.50405 4.18226 1.10262 13
1.59165 -0.02033 89.70476 0 0 0.70513 47.72999 2.58054 -13
1.33760 -0.00403 88.12148 0 0 0.19354 52.76471 2.49962 13
1.34165 -0.13960 74.59232 0 0 4.28156 44.85348 2.49644 13
0.62453 0.07157 15.18211 0 0 -2.03976 12.88591 2.12791 -13
-0.36504 0.12972 12.58557 0 0 -3.78904 11.83394 1.22347 -13
-0.37497 -0.26993 12.58557 0 0 8.26882 11.83394 1.22346 -13
0.29422 0.04048 74.95902 0 0 -1.14654 71.91570 1.85672 13
0.97666 -0.13010 98.58214 0 0 4.00127 70.81113 2.34019 13
-0.99366 0.07578 29.76890 0 0 -2.22803 21.14672 0.79001 13
-0.62653 -0.22040 94.20813 0 0 6.72327 80.35969 1.02171 13
0.41474 -0.22653 58.63605 0 0 6.90496 54.35734 1.95517 13
-0.73670 -0.06846 44.18316 0 0 2.13295 35.60213 0.93698 13
1.10978 0.04781 17.97203 0 0 -1.40103 12.03860 2.40761 13
0.19149 -0.23566 45.68750 0 0 7.19738 44.91403 1.75507 -13
1.27559 -0.23511 14.98237 0 0 7.22759 9.39735 2.46361 -13
-0.12845 0.07889 67.84946 0 0 -2.29103 67.29999 1.44344 -13
-1.11486 -0.07645 73.91104 0 0 2.39679 49.43146 0.73259 -13
0.45822 -0.07939 54.78441 0 0 2.46631 49.83174 1.99928 13
-1.35414 -0.18193 30.16744 0 0 5.54094 18.10966 0.64388 13
-0.75110 -0.20120 22.52015 0 0 6.12245 18.13451 0.93610 13
-0.20697 0.07595 86.77666 0 0 -2.20382 84.98568 1.36728 -13
-1.65906 0.13192 66.34001 0 0 -3.88337 34.46262 0.54626 -13
-1.70267 -0.26764 66.34001 0 0 8.17036 34.46262 0.54627 -13
0.39990 -0.02235 89.10988 0 0 0.76140 82.74216 1.95113 -13
0.43464 0.02350 28.03477 0 0 -0.60854 25.71221 1.98071 -13
0.56355 -0.00322 78.99628 0 0 0.17152 68.82041 2.08398 13
-1.21655 0.08882 99.71508 0 0 -2.59024 63.46782 0.68994 -13
0.43879 0.06954 64.99979 0 0 -2.02447 59.54514 1.98340 13
-0.79583 -0.03673 97.97091 0 0 1.18281 76.67818 0.89893 13
-1.08802 -0.06378 93.38735 0 0 2.01275 63.26465 0.74428 -13
1.96332 0.01203 20.47324 0 0 -0.33372 9.29266 2.67047 13
