-0.36618 0.06174 68.09972 0 0 -1.78897 63.96173 1.22039 13
0.62431 -0.09202 81.45370 0 0 2.84991 69.17529 2.12700 13
-0.24616 -0.14074 88.19697 0 0 4.32093 85.68798 1.33171 13
-1.40924 -0.20256 14.61303 0 0 6.13050 8.56985 0.62666 13
0.41441 0.09635 74.49397 0 0 -2.81829 68.86498 1.96203 -13
-0.80860 -0.24788 27.93910 0 0 7.58245 21.97838 0.90536 -13
-0.31552 0.14839 24.28104 0 0 -4.37417 23.17846 1.26827 -13
-0.32174 -0.25039 24.28104 0 0 7.65595 23.17846 1.26827 -13
1.60221 -0.12453 19.77099 0 0 3.88616 10.52637 2.58015 -13
0.09780 -0.03570 95.31132 0 0 1.15313 94.85937 1.66822 13
1.23489 0.06466 62.75004 0 0 -1.88144 39.53960 2.45989 13
0.91656 0.02396 44.84805 0 0 -0.65639 33.06629 2.31254 13
-0.85223 0.00906 47.70239 0 0 -0.17913 36.30684 0.86503 -13
0.83235 -0.19120 82.96868 0 0 5.84115 64.23429 2.25614 13
0.92232 0.03463 9.63783 0 0 -1.03452 7.08652 2.31551 13
0.72883 0.03404 92.04963 0 0 -0.95234 74.40351 2.20033 13
-1.33132 -0.01824 48.12092 0 0 0.61451 28.90346 0.64431 13
0.03941 -0.22024 40.86233 0 0 6.73713 40.83213 1.60927 -13
0.01685 -0.11978 94.36973 0 0 3.68899 94.35652 1.58753 13
1.50157 -0.23815 89.42288 0 0 7.25483 50.51464 2.54128 13
-0.09929 -0.05393 52.65783 0 0 1.71729 52.40088 1.47197 -13
-0.26513 -0.06938 80.35197 0 0 2.18014 77.68054 1.31222 -13
0.80032 -0.16592 98.02411 0 0 5.09261 76.93537 2.23912 -13
0.19561 0.01234 9.58214 0 0 -0.34354 9.40395 1.76396 13
-0.73735 0.02668 90.63879 0 0 -0.71692 72.96087 0.93561 -13
0.43370 0.10658 97.01535 0 0 -3.12850 89.08455 1.97796 -13
0.00298 -0.03534 27.84582 0 0 1.12972 27.84569 1.57377 13
-0.34613 -0.13276 49.56624 0 0 4.09663 46.88335 1.24027 -13
1.21105 -0.02882 42.80676 0 0 0.96785 27.26224 2.45115 -13
0.42570 -0.14001 98.95961 0 0 4.31010 91.18723 1.96977 -13
-0.06313 -0.05735 78.16570 0 0 1.81725 78.01091 1.50785 -13
0.33505 0.14517 18.35402 0 0 -4.32620 17.42122 1.89097 13
0.34210 -0.25380 18.35402 0 0 7.70774 17.42122 1.89097 13
0.35479 0.07524 2.61515 0 0 -2.39669 2.46485 1.91084 13
-0.13024 0.06060 56.29461 0 0 -1.75589 55.82483 1.44152 13
-0.35883 -0.24538 52.51820 0 0 7.47281 49.59312 1.23547 13
-0.18111 -0.00875 95.96308 0 0 0.35025 94.42710 1.39164 -13
-0.73039 -0.08324 4.59767 0 0 2.45930 3.71713 0.94161 13
1.96565 -0.15353 22.06242 0 0 4.66474 10.09646 2.66626 13
-2.10359 -0.05040 60.80216 0 0 1.58297 26.13126 0.44425 13
0.61595 0.04134 56.98413 0 0 -1.17576 48.53033 2.12248 13
-1.15918 0.03656 22.22717 0 0 -1.05459 14.52481 0.71214 13
-1.77586 0.10745 16.34734 0 0 -3.09907 8.05578 0.51531 -13
-0.53232 -0.05153 7.04488 0 0 1.55464 6.22070 1.08218 13
-0.27595 -0.10712 94.99544 0 0 3.31791 91.60953 1.30300 -13
0.11117 0.12750 26.63302 0 0 -3.78242 26.47246 1.68063 13
0.11427 -0.27234 26.63302 0 0 8.27809 26.47246 1.68061 13
0.06661 -0.04915 62.85753 0 0 1.57161 62.71886 1.63723 -13
0.56541 -0.04310 11.12188 0 0 1.43155 9.68360 2.08500 -13
0.90936 -0.02320 72.12031 0 0 0.77190 53.36401 2.30862 13
-0.84481 -0.05583 67.66029 0 0 1.77430 51.71825 0.87009 -13
0.15031 -0.04384 19.66506 0 0 1.42933 19.44709 1.71985 -13
-1.58989 -0.17139 81.70394 0 0 5.23970 43.95169 0.56799 13
-1.10926 -0.18727 83.34988 0 0 5.73928 56.33822 0.74222 -13
0.40499 0.07871 68.35329 0 0 -2.30045 63.38244 1.95452 13
-1.20147 -0.11138 11.86343 0 0 3.50380 7.61659 0.69717 -13
0.10523 -0.16876 8.54088 0 0 5.23064 8.49525 1.67419 -13
-0.36670 0.06332 41.31913 0 0 -1.81583 38.80232 1.21997 -13
-1.11553 0.04802 33.67587 0 0 -1.34624 22.49272 0.73142 -13
-0.57702 0.10083 44.91643 0 0 -2.97296 38.95312 1.04963 13
-0.18035 -0.19344 1.78279 0 0 6.21040 1.75544 1.39555 -13
-0.33899 -0.05690 98.65093 0 0 1.79252 93.44422 1.24445 13
0.29253 -0.08578 35.79772 0 0 2.65460 34.36771 1.85440 13
1.50151 -0.11199 37.30960 0 0 3.43666 20.77008 2.55118 13
-0.28629 -0.09999 72.41002 0 0 3.10459 69.63960 1.29328 -13
0.73065 -0.17230 40.94268 0 0 5.26384 33.22635 2.19484 13
-1.04923 0.01421 49.04313 0 0 -0.36162 33.83734 0.76143 13
1.79856 0.13200 26.32273 0 0 -3.86583 12.87617 2.63048 -13
1.84586 -0.26748 26.32273 0 0 8.18824 12.87617 2.63050 -13
-1.31671 -0.08861 6.01558 0 0 2.61981 3.64706 0.65142 13
-0.57019 -0.10290 79.83670 0 0 3.17898 69.44407 1.05484 13
1.16934 -0.05958 58.25272 0 0 1.89137 37.89896 2.43322 -13
0.86339 -0.17022 81.09393 0 0 5.22378 61.75406 2.27595 -13
-0.38861 0.03470 77.88007 0 0 -0.95887 72.59712 1.20035 -13
-0.93806 0.12955 73.89861 0 0 -3.83702 54.10398 0.82150 13
-0.96364 -0.27019 73.89861 0 0 8.22047 54.10398 0.82150 13
0.19345 -0.14764 40.95664 0 0 4.52249 40.22685 1.75988 13
0.73276 0.04042 56.09047 0 0 -1.14883 45.25670 2.20278 13
-0.42168 0.02386 42.52962 0 0 -0.62617 39.18975 1.17184 -13
-0.87564 0.06361 36.78021 0 0 -1.85544 27.69516 0.85261 13
-1.62953 0.07456 99.59573 0 0 -2.15791 52.19741 0.55165 -13
0.94707 0.14921 2.98606 0 0 -4.19274 2.17977 2.32352 -13
0.96492 -0.24927 2.98606 0 0 7.83998 2.17977 2.32329 -13
1.18586 0.10117 34.13418 0 0 -2.99391 22.07018 2.43851 13
-0.15324 -0.12633 35.14566 0 0 3.87842 34.74646 1.41992 13
0.00898 0.06235 94.97837 0 0 -1.80462 94.97456 1.57976 13
0.26782 0.06590 27.62943 0 0 -1.92468 26.69268 1.83193 13
-0.66232 0.07979 1.61424 0 0 -1.95376 1.34679 0.98727 -13
0.29408 0.00596 24.62412 0 0 -0.11899 23.62382 1.85681 13
-0.45011 -0.18375 21.43944 0 0 5.59894 19.60437 1.15403 13
-1.85620 -0.15618 40.10140 0 0 4.76744 19.19848 0.49920 13
-0.02701 0.06822 83.48286 0 0 -1.97079 83.45258 1.54386 -13
-0.13136 0.11341 48.91258 0 0 -3.35019 48.50126 1.44101 13
-0.86273 -0.15380 88.78369 0 0 4.71335 67.55773 0.86473 13
0.63532 0.07717 42.18696 0 0 -2.26019 35.63868 2.13544 13
0.72296 0.04272 51.98310 0 0 -1.21874 42.14011 2.19634 13
-0.93655 -0.16984 9.09360 0 0 5.13049 6.68085 0.82524 13
-1.53855 -0.19918 2.92322 0 0 6.40866 1.61505 0.58527 -13
-0.24864 -0.13307 85.46251 0 0 4.10103 82.97930 1.32915 -13
0.27992 0.13929 76.91262 0 0 -4.11416 74.11703 1.84125 -13
0.28645 -0.25993 76.91262 0 0 7.92832 74.11703 1.84125 -13
0.40591 -0.17290 55.10361 0 0 5.28612 51.16283 1.95129 13
0.89822 0.06679 11.95298 0 0 -1.98783 8.90109 2.30152 13
0.12741 -0.20128 40.66646 0 0 6.13992 40.35293 1.69505 13
0.49485 0.12130 92.76845 0 0 -3.57259 83.26369 2.02742 -13
0.50999 -0.27889 92.76845 0 0 8.49954 83.26369 2.02742 -13
0.00995 0.01117 81.77583 0 0 -0.26150 81.77178 1.58074 13
1.24375 0.10866 73.51436 0 0 -3.20725 46.22871 2.46154 13
0.09211 -0.21989 49.27443 0 0 6.70435 49.07626 1.66051 13
0.25400 0.09589 15.23280 0 0 -2.84452 14.76826 1.81844 13
-0.49697 0.04204 79.91879 0 0 -1.19421 71.58200 1.10992 13
0.50150 -0.16794 91.30939 0 0 5.15311 81.84630 2.03009 -13
0.49556 -0.19133 78.09947 0 0 5.84537 70.22257 2.02377 13
-0.25701 -0.00567 52.37736 0 0 0.26197 50.72874 1.31924 -13
-0.93995 -0.09029 77.78921 0 0 2.81369 56.78882 0.81837 -13
-0.53925 -0.23405 19.79212 0 0 7.11085 17.52331 1.08730 13
-0.05365 -0.22691 51.29289 0 0 6.93562 51.22284 1.51852 -13
-1.09807 -0.11440 6.22974 0 0 3.64540 4.20869 0.74193 -13
-0.67201 -0.04025 9.47136 0 0 1.23296 7.86320 0.97948 13
-0.11705 -0.06311 84.97188 0 0 1.97922 84.39803 1.45451 13
0.98278 -0.11057 77.09621 0 0 3.42546 55.14990 2.34447 -13
0.69495 -0.04388 62.41244 0 0 1.41455 51.26773 2.17767 -13
-0.40981 0.01483 27.91463 0 0 -0.38404 25.83065 1.18190 13
-1.90409 -0.01776 86.70739 0 0 0.60499 40.32091 0.48366 13
1.19171 -0.22272 86.27930 0 0 6.80771 56.24592 2.43150 -13
-0.71038 -0.09208 45.38476 0 0 2.87197 37.05134 0.95513 -13
0.66916 -0.13382 17.87291 0 0 4.08568 14.89477 2.15643 13
0.02163 -0.07958 93.39398 0 0 2.48674 93.37228 1.59235 -13
0.54815 0.09092 93.58959 0 0 -2.66726 82.14647 2.07049 13
-0.27415 -0.21278 41.17707 0 0 6.51288 39.77190 1.30881 -13
0.87164 0.13099 15.90935 0 0 -3.91149 12.03695 2.28351 13
0.89483 -0.26874 15.90935 0 0 8.14257 12.03695 2.28346 13
0.00353 0.13232 70.32615 0 0 -3.90337 70.32571 1.57429 -13
0.00362 -0.26723 70.32615 0 0 8.14951 70.32571 1.57429 -13
1.15076 0.14077 29.15043 0 0 -4.19169 19.22716 2.42131 13
1.17692 -0.25839 29.15043 0 0 7.84837 19.22716 2.42130 13
-0.85940 0.05389 53.41310 0 0 -1.55598 40.53307 0.86159 13
0.47406 -0.62553 53.41310 0 0 -1.51400 40.53307 1.95294 13
-0.23344 -0.07833 53.41310 0 0 -0.39974 40.53307 1.79945 13
0.11668 0.14590 95.26962 0 0 -4.32438 94.64088 1.68574 13
0.11910 -0.25302 95.26962 0 0 7.70929 94.64088 1.68575 13
-0.75074 -0.12993 30.64716 0 0 3.98233 24.58267 0.93084 13
-2.03129 0.13162 76.37135 0 0 -3.90284 33.96504 0.46088 13
-2.08498 -0.26802 76.37135 0 0 8.15123 33.96504 0.46088 13
-0.63893 0.14883 91.50123 0 0 -4.40174 77.34988 1.00720 -13
-0.65141 -0.24996 91.50123 0 0 7.62780 77.34988 1.00720 -13
-0.48413 0.00228 41.62135 0 0 0.02567 37.46191 1.11992 -13
0.92725 -0.07181 11.66560 0 0 2.18805 8.56450 2.31718 13
-1.22271 0.14876 64.84295 0 0 -4.41638 41.31995 0.69090 13
-1.24666 -0.25005 64.84295 0 0 7.61243 41.31995 0.69089 13
-0.76170 0.03643 53.00621 0 0 -1.00641 42.17723 0.92017 -13
1.02246 -0.13229 42.04650 0 0 4.05482 29.52953 2.36296 13
-0.28143 0.13577 59.47033 0 0 -4.00544 57.28457 1.29884 -13
-0.28839 -0.26360 59.47033 0 0 8.04223 57.28457 1.29884 -13
-1.68160 -0.16395 12.38403 0 0 5.10652 6.39219 0.54234 -13
0.55527 -0.39846 12.38403 0 0 5.27817 6.39219 2.04703 -13
0.09832 -0.14140 12.38403 0 0 6.68387 6.39219 1.47375 -13
0.05531 0.22509 12.38403 0 0 6.75507 6.39219 1.62470 -13
-0.83562 -1.00510 12.38403 0 0 7.82052 6.39219 2.10336 -13
-1.03306 -0.02150 92.74882 0 0 0.72289 64.51587 0.76925 13
1.24557 -0.13290 74.73928 0 0 4.10066 47.03945 2.46084 -13
0.15267 0.11548 45.73867 0 0 -3.41329 45.22129 1.72131 13
1.62030 -0.22816 1.76892 0 0 7.51816 0.94637 2.57724 -13
-0.52731 -0.23185 37.23552 0 0 7.09043 33.12119 1.09626 -13
1.29551 0.15090 16.41917 0 0 -4.41764 10.10369 2.47877 -13
1.31972 -0.24784 16.41917 0 0 7.60808 10.10369 2.47876 -13
0.06730 -0.21559 68.35252 0 0 6.57776 68.20506 1.63649 13
-0.76438 0.10895 32.23408 0 0 -3.22411 25.66483 0.92100 13
-1.55451 0.06256 74.64147 0 0 -1.79386 40.43857 0.57253 -13
-0.55736 -0.08497 36.52075 0 0 2.65963 31.92718 1.06385 -13
0.50581 -0.18693 20.84280 0 0 5.69317 18.66304 2.03220 13
-0.69202 0.14283 62.48120 0 0 -4.21820 51.54572 0.97016 -13
-0.70720 -0.25621 62.48120 0 0 7.81946 51.54572 0.97016 -13
0.64452 -0.00610 88.55961 0 0 0.27172 74.43825 2.14330 -13
0.13885 -0.01965 8.53210 0 0 0.61711 8.45097 1.70873 13
-0.98065 0.10522 28.69157 0 0 -3.07020 20.54021 0.79792 -13
-1.52722 -0.10664 36.35584 0 0 3.32243 19.99409 0.58232 -13
0.41118 -0.12602 12.90136 0 0 3.84100 11.94562 1.95814 13
-0.10927 -0.10344 90.16422 0 0 3.20686 89.63636 1.46254 -13
-0.17979 -0.19808 9.41887 0 0 6.00057 9.27546 1.39623 13
-0.42390 0.10263 16.67355 0 0 -2.98190 15.36353 1.17174 -13
-1.04620 -0.02540 87.24453 0 0 0.85548 60.29281 0.76299 -13
0.27773 -0.04389 94.51197 0 0 1.41056 91.07126 1.84145 -13
-1.74283 -0.16398 29.47811 0 0 4.99227 14.81843 0.52666 13
-0.04407 0.12783 5.63852 0 0 -3.68836 5.63316 1.52711 -13
-0.04516 -0.27169 5.63852 0 0 8.37411 5.63316 1.52724 -13
-0.59758 -0.02847 90.06798 0 0 0.93391 77.32347 1.03234 13
-0.32346 0.12028 64.44572 0 0 -3.53929 61.35929 1.26006 -13
-0.33349 -0.27998 64.44572 0 0 8.53482 61.35929 1.26006 -13
1.13747 0.10668 27.74207 0 0 -3.16504 18.37546 2.41761 13
0.04401 -0.08375 67.01348 0 0 2.60022 66.94911 1.61463 13
-1.31339 0.14147 86.89513 0 0 -4.17686 52.96966 0.65553 -13
-1.34291 -0.25763 86.89513 0 0 7.86254 52.96966 0.65553 -13
0.87679 -0.06143 84.19206 0 0 1.94242 63.35637 2.28971 -13
0.39413 -0.03604 15.89988 0 0 1.13510 14.79350 1.94601 13
-0.16509 -0.22251 14.24823 0 0 6.75763 14.06671 1.41102 13
-0.50720 0.13265 4.35234 0 0 -4.04433 3.88859 1.10491 13
-0.52028 -0.26711 4.35234 0 0 8.00549 3.88859 1.10503 13
-0.71866 -0.14754 46.68514 0 0 4.54511 38.04891 0.95275 -13
1.02524 -0.25009 32.55795 0 0 7.60299 23.08386 2.35349 13
-0.56928 -0.17638 77.59989 0 0 5.39484 67.68843 1.05983 13
1.95624 -0.08365 26.21072 0 0 2.64546 11.96378 2.66762 -13
0.81988 -0.12966 15.78870 0 0 3.95240 12.25057 2.25346 13
0.96970 0.07852 54.44662 0 0 -2.29933 39.14598 2.33928 13
0.42131 -0.11127 35.15169 0 0 3.42223 32.42391 1.96734 13
0.00874 0.05753 54.41365 0 0 -1.64550 54.41157 1.57952 -13
-0.06663 0.12260 49.07566 0 0 -3.62691 48.96870 1.50476 13
-0.06864 -0.27755 49.07566 0 0 8.44247 48.96870 1.50475 13
0.31010 -0.07318 13.78678 0 0 2.32755 13.17143 1.87074 -13
-0.14171 -0.15958 48.29373 0 0 4.88575 47.82772 1.43176 13
-0.82263 -0.03619 43.74327 0 0 1.18725 33.79051 0.88273 -13
-0.21052 0.13633 11.20731 0 0 -3.98724 10.97116 1.36516 -13
-0.21558 -0.26290 11.20731 0 0 8.06031 10.97116 1.36525 -13
1.57707 -0.08513 40.40997 0 0 2.62743 21.69545 2.57485 13
-1.30755 0.13572 2.59140 0 0 -3.68901 1.58382 0.65731 -13
-1.33919 -0.26286 2.59140 0 0 8.36526 1.58382 0.65749 -13
0.75441 -0.10002 51.87349 0 0 3.08657 41.48558 2.21472 13
0.36051 0.09655 44.60784 0 0 -2.84275 41.98657 1.91532 13
-0.50690 -0.05272 4.93172 0 0 1.78160 4.39997 1.10220 -13
-0.47265 -0.13692 53.35102 0 0 4.20072 48.31575 1.13284 13
-0.42721 -0.23613 4.79175 0 0 7.32688 4.42455 1.17677 -13
0.53800 -0.01012 50.92779 0 0 0.37605 44.84959 2.06436 13
-0.86849 -0.19243 75.05989 0 0 5.89471 57.11138 0.86465 -13
1.64718 0.09132 56.26145 0 0 -2.65968 29.28432 2.59413 -13
0.18027 -0.22395 71.53311 0 0 6.82882 70.45132 1.74492 13
-0.64448 0.03629 99.40680 0 0 -1.01925 83.57318 0.99861 13
0.56812 0.06727 95.47431 0 0 -1.94233 83.05881 2.08648 -13
-1.37389 -0.24583 83.05001 0 0 7.48685 49.80928 0.64320 13
0.97523 -0.15684 40.51448 0 0 4.79529 29.17566 2.33758 13
0.86888 -0.12030 55.56412 0 0 3.72146 42.07232 2.28260 -13
1.59830 -0.03079 22.57667 0 0 1.04967 11.97886 2.58230 -13
-0.03322 -0.00419 7.70611 0 0 0.26993 7.70185 1.53759 -13
1.82582 0.13233 55.10083 0 0 -3.92844 26.64548 2.63685 13
1.87362 -0.26724 55.10083 0 0 8.12450 26.64548 2.63687 13
-0.07216 -0.13657 55.82030 0 0 4.20934 55.67822 1.49942 -13
-0.03158 -0.19810 88.58122 0 0 6.06143 88.53870 1.53982 -13
-0.38074 -0.19406 65.67617 0 0 5.94296 61.51948 1.21311 -13
1.78512 0.06486 86.41667 0 0 -1.88696 42.30190 2.63007 13
0.85527 -0.22598 52.95045 0 0 6.88548 40.65942 2.26606 13
0.10609 0.08516 21.87559 0 0 -2.46425 21.75445 1.67612 -13
-0.94828 -0.18207 50.46163 0 0 5.58674 36.89676 0.82008 -13
0.29272 0.00488 2.02251 0 0 -0.31147 1.94095 1.85555 13
-0.62005 -0.09265 70.83612 0 0 2.88379 60.27372 1.01768 -13
-1.46810 -0.08031 83.36624 0 0 2.49371 47.03558 0.59946 13
-1.96803 0.14833 55.92745 0 0 -4.37296 25.55546 0.47453 -13
-2.00691 -0.25046 55.92745 0 0 7.65769 25.55546 0.47452 -13
1.91599 0.13866 90.14513 0 0 -4.09056 42.02193 2.65664 -13
1.96103 -0.26053 90.14513 0 0 7.95262 42.02193 2.65661 -13
0.10287 0.14251 43.77239 0 0 -4.22903 43.54715 1.67228 13
0.10514 -0.25656 43.77239 0 0 7.80951 43.54715 1.67228 13
-0.13021 -0.21935 85.14176 0 0 6.69190 84.46143 1.44429 13
1.65865 -0.07126 27.90764 0 0 2.19564 14.43573 2.59792 13
1.73470 0.09084 55.30266 0 0 -2.67760 27.70423 2.61687 13
0.57233 -0.03928 79.22910 0 0 1.25897 68.77658 2.09029 13
0.66719 -0.01176 8.34213 0 0 0.36623 6.93948 2.15913 13
-0.48595 -0.06981 29.55356 0 0 2.20440 26.59378 1.11941 -13
-1.72035 0.09005 36.95523 0 0 -2.60970 18.62707 0.52830 -13
2.14089 0.09346 90.90319 0 0 -2.75180 38.60904 2.70294 13
-0.47334 -0.24116 40.86438 0 0 7.36946 37.12259 1.13953 -13
0.06518 -0.10291 5.14893 0 0 3.28413 5.13814 1.63554 -13
0.99414 0.10695 1.25013 0 0 -3.68320 0.88904 2.35041 13
1.02966 -0.29628 1.25013 0 0 8.39975 0.88904 2.34977 13
-0.29936 -0.05664 96.31840 0 0 1.79519 92.28482 1.28037 -13
-0.25258 -0.12664 26.69325 0 0 3.88221 25.89272 1.32528 13
-0.56630 0.00923 80.79260 0 0 -0.20404 70.30289 1.05554 13
1.27480 -0.03690 58.32769 0 0 1.18123 36.01555 2.47608 13
-0.57040 -0.13402 31.07131 0 0 4.10604 27.04822 1.05625 13
-0.45661 0.14236 19.35843 0 0 -4.24000 17.63931 1.14623 13
-0.46670 -0.25670 19.35843 0 0 7.79774 17.63931 1.14624 13
0.75123 -0.09969 87.57764 0 0 3.08097 70.14517 2.21271 13
1.44052 -0.17384 77.50837 0 0 5.31365 44.64363 2.52778 13
-1.60272 0.14185 56.95344 0 0 -4.18140 30.36484 0.56232 -13
-1.63838 -0.25718 56.95344 0 0 7.85747 30.36484 0.56234 -13
0.21704 -0.20625 88.21213 0 0 6.29766 86.28438 1.78024 13
1.48086 0.12708 16.77716 0 0 -3.80461 9.44143 2.54393 13
1.52270 -0.27288 16.77716 0 0 8.25583 9.44143 2.54391 13
-0.53038 0.05486 42.88541 0 0 -1.56139 37.89857 1.08377 -13
-0.23898 0.11772 56.01063 0 0 -3.47867 54.49679 1.33777 13
0.02301 0.06780 62.00353 0 0 -1.97206 61.98720 1.59374 13
0.23455 0.04358 9.40799 0 0 -1.28507 9.15979 1.80097 13
-0.89985 -0.10601 89.89895 0 0 3.28605 66.99328 0.84084 -13
-1.03626 -0.06059 78.29891 0 0 1.89980 54.42266 0.76851 13
-0.94253 -0.04866 10.23671 0 0 1.48232 7.45365 0.81556 13
0.38394 -0.16563 60.05663 0 0 5.08673 56.16243 1.93287 -13
0.66145 0.05212 57.59757 0 0 -1.50084 48.05924 2.15455 13
0.75859 0.14241 77.95411 0 0 -4.22152 62.33318 2.21495 13
0.77535 -0.25668 77.95411 0 0 7.81645 62.33318 2.21494 13
0.19168 0.08294 49.94119 0 0 -2.43061 49.05431 1.75954 13
-0.87296 0.08278 96.64670 0 0 -2.40898 72.91537 0.85482 -13
-0.77161 -0.03788 73.49350 0 0 1.21536 58.20136 0.91395 13
-0.59789 0.12923 61.10737 0 0 -3.80782 52.56179 1.03557 -13
-0.61426 -0.27047 61.10737 0 0 8.24985 52.56179 1.03558 -13
0.94600 -0.18060 1.39631 0 0 5.00704 1.02209 2.32045 13
-0.01373 -0.22272 98.92055 0 0 6.79517 98.91167 1.55739 13
0.04143 -0.19383 66.41091 0 0 5.92142 66.35605 1.61144 13
0.21370 -0.12313 27.43422 0 0 3.77717 26.83720 1.77980 13
-0.46576 -0.18340 80.99110 0 0 5.62025 73.63219 1.14121 -13
0.66390 0.02696 47.75060 0 0 -0.71988 39.78583 2.15672 -13
0.81906 -0.19869 21.86244 0 0 6.04479 17.04399 2.24758 13
-1.24491 -0.15968 49.69960 0 0 4.91313 31.36191 0.68289 -13
-0.86488 -0.10007 22.42784 0 0 3.12871 16.99968 0.86019 -13
0.21415 -0.23015 60.19053 0 0 7.01578 58.92102 1.77654 13
1.94594 0.05970 16.77203 0 0 -1.66181 7.67827 2.66617 -13
-0.20677 -0.18836 35.07532 0 0 5.77862 34.37293 1.37033 -13
1.46180 -0.08107 28.80700 0 0 2.49684 16.30060 2.54010 13
1.15397 -0.18013 29.16583 0 0 5.48869 19.27382 2.41964 13
-0.05378 0.10860 7.88033 0 0 -3.13296 7.86908 1.51738 -13
-1.19624 -0.13973 19.39267 0 0 4.25889 12.50846 0.70104 13
0.58554 0.10491 68.59871 0 0 -3.09153 59.27957 2.09813 13
0.02299 -0.18434 90.56581 0 0 5.64739 90.54266 1.59341 -13
0.50724 -0.07981 71.11875 0 0 2.48067 63.46647 2.03894 13
-0.41817 -0.01179 55.73286 0 0 0.44622 51.41880 1.17475 -13
-0.22677 -0.12724 83.08163 0 0 3.91361 81.05606 1.34953 13
0.72672 -0.05052 99.74835 0 0 1.61111 80.72647 2.19862 -13
0.24107 -0.05548 97.37966 0 0 1.74950 94.67584 1.80700 13
-0.63493 -0.09340 44.33695 0 0 2.91138 37.47589 1.00705 -13
0.49202 0.00853 31.35601 0 0 -0.19382 28.13517 2.02803 13
0.39158 0.03652 98.15621 0 0 -1.01537 91.40692 1.94379 -13
-1.47549 -0.12702 77.24395 0 0 3.92355 43.57419 0.59935 -13
0.23242 0.09629 21.38641 0 0 -2.84694 20.83604 1.79815 13
1.01395 0.05579 86.97877 0 0 -1.60937 61.12434 2.36234 13
0.29699 0.03723 14.42650 0 0 -1.00603 13.83040 1.85930 -13
-1.36938 -0.18967 46.55523 0 0 5.78612 27.77234 0.63918 13
0.85930 -0.04576 20.97757 0 0 1.43091 15.91785 2.28015 13
-0.52428 -0.17256 26.55776 0 0 5.26544 23.59479 1.09392 13
0.03416 -0.06529 45.91443 0 0 2.04028 45.88779 1.60487 13
1.98768 -0.24558 90.62085 0 0 7.47680 41.68613 2.66361 13
0.24331 -0.59008 90.62085 0 0 7.48804 41.68613 1.77735 13
-0.34992 -0.60117 90.62085 0 0 -2.95161 41.68613 1.86216 13
0.12385 -0.40427 90.62085 0 0 -4.24224 41.68613 1.68512 13
-0.04999 0.65164 90.62085 0 0 -2.95900 41.68613 1.61265 13
-1.08342 -0.13949 14.28797 0 0 4.34138 9.74139 0.75019 -13
-0.67438 -0.05592 81.20403 0 0 1.76083 67.35808 0.97819 13
-0.42060 -0.11079 55.19883 0 0 3.41347 50.92778 1.17484 13
0.48409 -0.03898 40.24665 0 0 1.27045 36.23026 2.02134 -13
-0.04193 -0.11285 2.00210 0 0 3.23778 2.00035 1.52916 13
0.53091 -0.17539 41.87853 0 0 5.38573 37.11111 2.05262 -13
-0.32998 -0.18036 51.24844 0 0 5.51165 48.74288 1.25680 13
-2.01166 0.09053 8.96472 0 0 -2.77627 4.00270 0.46296 13
-0.00186 0.00100 45.27107 0 0 0.04032 45.27099 1.56894 13
-0.03669 -0.15052 78.27043 0 0 4.62786 78.21897 1.53454 -13
0.37106 0.11796 49.18876 0 0 -3.48806 46.15479 1.92386 13
-0.70692 -0.21077 30.59008 0 0 6.41886 25.15803 0.96565 13
-0.78527 -0.08484 11.59280 0 0 2.69577 9.12988 0.90684 -13
0.83925 -0.10462 83.49684 0 0 3.24500 64.10088 2.26634 -13
0.37887 0.14506 52.93746 0 0 -4.28451 49.56765 1.92952 -13
0.38683 -0.25388 52.93746 0 0 7.75008 49.56765 1.92951 -13
-0.45286 0.00717 90.67918 0 0 -0.12902 82.60403 1.14558 -13
-0.05370 -0.18193 56.05006 0 0 5.56058 55.97199 1.51801 13
1.42821 -0.23856 40.34236 0 0 7.29898 23.56909 2.51769 -13
0.88454 -0.10338 33.01566 0 0 3.18170 24.78681 2.29237 13
1.14547 -0.03511 43.00825 0 0 1.15752 28.29451 2.42359 -13
-0.76503 0.12093 8.01546 0 0 -3.64267 6.38292 0.92125 13
-0.78865 -0.27939 8.01546 0 0 8.42795 6.38292 0.92120 13
0.57458 -0.04485 93.95669 0 0 1.44033 81.48678 2.09188 -13
1.03083 -0.13595 48.63724 0 0 4.19681 34.02518 2.36680 -13
-0.04500 -0.14174 92.14405 0 0 4.36214 92.05273 1.52627 -13
0.35795 0.06500 19.19202 0 0 -1.85208 18.07362 1.91387 -13
0.20605 -0.04397 1.83544 0 0 1.67582 1.79773 1.77381 -13
-0.50946 0.13086 66.13210 0 0 -3.85762 59.02770 1.10304 -13
-0.52306 -0.26878 66.13210 0 0 8.19787 59.02770 1.10305 -13
0.61892 -0.11576 22.52895 0 0 3.59832 19.19200 2.12203 -13
0.44480 -0.05995 79.78435 0 0 1.88281 72.91990 1.98865 13
-0.38956 -0.13250 42.56739 0 0 4.06543 39.70906 1.20226 13
-0.26314 -0.14214 72.78950 0 0 4.36222 70.43843 1.31594 13
0.10783 -0.18887 9.70807 0 0 5.83529 9.65406 1.67636 -13
-1.34654 -0.08153 42.66150 0 0 2.52015 25.49029 0.64036 13
-0.28919 -0.01424 88.41736 0 0 0.50507 84.93768 1.28931 13
0.14844 -0.16953 49.69581 0 0 5.20470 49.17196 1.71611 -13
0.33054 0.07221 34.28180 0 0 -2.08178 32.55816 1.88926 -13
1.56978 -0.11864 8.03042 0 0 3.77417 4.33624 2.57122 -13
-1.06904 -0.11970 49.37264 0 0 3.67760 33.85557 0.75559 13
-0.90761 -0.24158 19.85371 0 0 7.33415 14.88801 0.84789 13
-0.74758 -0.10111 97.96893 0 0 3.13718 78.60872 0.93128 -13
0.13309 0.09958 91.96405 0 0 -2.92801 91.16794 1.70247 13
-0.03848 -0.05342 77.86610 0 0 1.68630 77.80870 1.53239 13
-0.34395 -0.22598 35.42095 0 0 6.91293 33.58136 1.24711 -13
0.18128 -0.13739 35.58643 0 0 4.23918 35.02603 1.74850 -13
1.37709 0.01320 21.36044 0 0 -0.27891 12.55136 2.51348 -13
-0.69065 0.04730 53.85571 0 0 -1.33468 44.32989 0.96690 -13
-0.84460 -0.18865 38.14250 0 0 5.75645 29.35083 0.87805 13
1.02080 -0.01675 23.22522 0 0 0.61646 16.25390 2.36642 -13
-0.62984 0.12767 52.06055 0 0 -3.78092 44.15148 1.01237 13
-0.64749 -0.27217 52.06055 0 0 8.27978 44.15148 1.01237 13
-0.11854 -0.21222 51.65574 0 0 6.49261 51.31187 1.45535 -13
-0.56982 -0.06955 26.02756 0 0 2.20082 22.62714 1.05390 -13
-0.29384 -0.01807 82.10619 0 0 0.63247 78.77669 1.28504 -13
1.46338 -0.01978 83.97342 0 0 0.66798 47.38361 2.54204 13
0.74714 -0.06352 89.82905 0 0 2.00388 72.01378 2.21150 -13
-0.43973 -0.10204 64.86851 0 0 3.16754 59.43080 1.15842 -13
-1.40291 -0.08600 81.71639 0 0 2.66563 47.54687 0.62101 13
-1.60699 -0.15171 53.27750 0 0 4.64095 28.37938 0.56176 13
0.49850 0.05991 3.44237 0 0 -1.56467 3.08159 2.03253 -13
1.26846 0.01998 83.61102 0 0 -0.51193 51.77028 2.47389 -13
-0.48191 -0.07960 50.62509 0 0 2.49260 45.63271 1.12296 -13
0.28112 0.12378 36.32454 0 0 -3.66695 34.98827 1.84287 13
0.28945 -0.27629 36.32454 0 0 8.40021 34.98827 1.84288 13
0.97198 0.09401 48.25486 0 0 -2.74032 34.67676 2.33979 -13
-0.47010 -0.11073 98.39372 0 0 3.41561 89.14294 1.13369 13
-0.52010 0.09614 16.13826 0 0 -2.78517 14.33169 1.09308 -13
0.07509 -0.02019 83.48568 0 0 0.69611 83.25139 1.64573 -13
0.80757 -0.22936 38.47137 0 0 7.01656 30.22982 2.23764 -13
-1.13577 0.11494 29.84047 0 0 -3.36036 19.79161 0.72517 -13
2.11026 -0.12228 43.37614 0 0 3.79649 18.68670 2.69618 -13
1.16037 -0.17806 89.32737 0 0 5.46069 58.83499 2.42257 -13
0.84479 0.00067 70.54317 0 0 0.05229 53.88814 2.27226 13
1.11272 -0.01847 38.96678 0 0 0.65643 26.04924 2.40941 -13
-0.78099 -0.22149 39.44274 0 0 6.77926 31.36419 0.91933 -13
0.87720 0.04832 42.92565 0 0 -1.36156 32.28645 2.29029 -13
-1.07242 -0.01129 4.89531 0 0 0.27768 3.33852 0.75050 13
-2.02289 -0.15131 29.90990 0 0 4.68162 13.37488 0.46362 -13
-1.52045 -0.23433 96.18622 0 0 7.15979 53.84118 0.59411 -13
0.46223 0.10246 82.38575 0 0 -3.01603 74.85220 2.00179 13
2.09973 0.00936 32.09263 0 0 -0.16644 13.79994 2.69711 -13
2.02452 -0.02243 10.81644 0 0 0.86042 4.78992 2.68270 -13
-0.19752 0.09807 77.24046 0 0 -2.87051 75.79005 1.37669 -13
-1.91886 -0.15550 17.93269 0 0 4.70868 8.36535 0.48533 13
-0.15450 -0.23602 90.69410 0 0 7.20643 89.68597 1.42155 -13
-0.61918 -0.06096 59.89787 0 0 1.92905 50.95206 1.01723 -13
-1.26829 0.11738 78.31619 0 0 -3.46917 48.69433 0.67100 13
1.82753 -0.24560 27.05551 0 0 7.53084 13.28171 2.62848 -13
-0.72605 -0.01902 99.39463 0 0 0.64896 80.43585 0.94289 13
-2.07382 -0.17105 57.18702 0 0 5.22257 25.13049 0.45497 13
-0.10961 -0.03283 19.20225 0 0 1.04578 19.08800 1.46168 13
-0.70085 -0.07571 96.49223 0 0 2.35893 79.09210 0.96084 13
1.30391 -0.03379 4.68690 0 0 0.92537 2.85316 2.48707 13
1.53833 0.13323 29.01383 0 0 -3.97041 15.91181 2.56115 13
1.57798 -0.26640 29.01383 0 0 8.08033 15.91181 2.56113 13
-1.68135 0.12117 80.20646 0 0 -3.58540 41.22038 0.53976 13
-1.73295 -0.27907 80.20646 0 0 8.48660 41.22038 0.53976 13
0.67078 0.19430 80.20646 0 0 8.48283 41.22038 2.15310 13
1.09392 -0.24513 52.53545 0 0 7.49060 36.00618 2.38647 -13
0.71758 0.13649 81.01057 0 0 -4.02885 66.02352 2.18886 -13
0.73513 -0.26284 81.01057 0 0 8.01741 66.02352 2.18886 -13
2.13681 0.04999 45.15069 0 0 -1.45224 19.15733 2.70340 13
1.10647 -0.18324 38.65862 0 0 5.62706 26.15652 2.39847 -13
0.59512 0.09338 78.27344 0 0 -2.72848 67.33929 2.10571 -13
-1.04450 -0.01196 34.33991 0 0 0.46292 23.74862 0.76367 -13
-1.66129 0.05035 80.87550 0 0 -1.44970 41.74855 0.54241 13
-0.68956 -0.10410 16.11596 0 0 3.18490 13.29075 0.96963 13
-0.60198 0.06477 16.75233 0 0 -1.83936 14.36033 1.02985 -13
-1.06342 -0.12315 73.12381 0 0 3.78622 50.29250 0.75843 13
-1.24073 -0.17030 46.56789 0 0 5.23480 29.47676 0.68537 -13
1.66444 0.11794 21.27640 0 0 -3.52473 11.01333 2.59753 13
1.71760 -0.28253 21.27640 0 0 8.55302 11.01333 2.59750 13
1.73596 -0.05652 6.00101 0 0 1.62562 2.99883 2.61828 13
1.04676 0.12910 88.17737 0 0 -3.82092 61.17334 2.37491 13
1.07549 -0.27067 88.17737 0 0 8.23754 61.17334 2.37490 13
1.12530 -0.20850 70.04120 0 0 6.38104 47.07671 2.40451 -13
0.10164 -0.00922 91.91981 0 0 0.35396 91.44866 1.67209 13
0.74095 0.05623 14.03571 0 0 -1.57155 11.28360 2.20773 -13
-1.38151 0.04156 10.23291 0 0 -1.25192 6.00396 0.62696 13
-0.21376 -0.08606 77.11485 0 0 2.67058 75.42340 1.36096 13
-0.01237 0.14476 52.99828 0 0 -4.29416 52.99431 1.55856 13
-0.01264 -0.25423 52.99828 0 0 7.74075 52.99431 1.55855 13
-0.20842 -0.16144 76.23820 0 0 4.95774 74.67371 1.36787 -13
0.53330 -0.21497 46.12738 0 0 6.55344 40.90169 2.05141 13
0.95822 -0.02156 94.37632 0 0 0.72460 68.14956 2.33475 13
-0.61337 -0.22821 35.26970 0 0 6.94826 30.27026 1.03185 13
-0.41917 -0.13685 97.85596 0 0 4.20384 90.37230 1.17717 13
-0.70286 0.09056 80.19161 0 0 -2.65810 65.69566 0.96007 13
1.54464 -0.09106 8.92680 0 0 2.72679 4.86479 2.56516 13
-0.03947 -0.04931 15.06333 0 0 1.60083 15.05163 1.53139 -13
0.57411 0.12184 48.79326 0 0 -3.58246 42.39224 2.08878 -13
0.59155 -0.27831 48.79326 0 0 8.48821 42.39224 2.08879 -13
-0.33326 0.01079 66.71684 0 0 -0.23665 63.29498 1.24913 -13
-0.97192 -0.16148 33.55374 0 0 4.93260 24.21152 0.80607 13
1.85927 0.01401 33.90630 0 0 -0.37238 16.06193 2.64809 13
-0.85440 0.03828 7.62629 0 0 -1.15766 5.80001 0.86411 13
0.52035 0.10229 79.50770 0 0 -2.99758 70.60809 2.04847 -13
1.78057 -0.00064 58.68861 0 0 0.11777 28.73826 2.62987 -13
1.03615 -0.23936 4.96524 0 0 7.15660 3.49769 2.36002 13
-0.06820 0.11498 86.05428 0 0 -3.38153 85.85743 1.50315 -13
-0.92232 0.10098 69.85484 0 0 -2.95495 51.46873 0.82831 -13
-0.90998 -0.24047 83.25401 0 0 7.34254 62.35288 0.84647 -13
-0.36218 -0.05120 21.02749 0 0 1.65020 19.77383 1.22373 -13
0.98550 -0.21262 59.39250 0 0 6.50645 42.76039 2.33784 -13
-0.26445 0.01935 56.52595 0 0 -0.49367 54.64816 1.31231 -13
-0.52594 -0.21180 12.83366 0 0 6.42639 11.41162 1.09559 13
-0.90992 -0.12265 18.89095 0 0 3.81669 14.01971 0.83624 -13
0.72706 0.05738 79.80283 0 0 -1.65727 64.58244 2.19867 13
-0.71211 -0.08818 41.27668 0 0 2.72692 33.66600 0.95382 13
0.74093 -0.14834 94.21891 0 0 4.56225 75.99360 2.20327 -13
0.54557 -0.04433 72.40741 0 0 1.41085 63.57735 2.06982 13
0.15958 0.04482 61.80404 0 0 -1.26262 61.03336 1.72889 -13
-0.35926 -0.01290 5.99846 0 0 0.38406 5.64524 1.22592 13
-0.76183 -0.13390 10.61803 0 0 4.05942 8.47351 0.92405 13
-0.08396 -0.02869 39.57609 0 0 0.95938 39.43747 1.48707 -13
-0.28460 -0.09861 76.03382 0 0 3.04916 73.15616 1.29480 13
0.07622 0.07899 98.53645 0 0 -2.30699 98.25325 1.64664 13
1.69222 0.03944 25.92323 0 0 -1.07208 13.19639 2.60752 -13
-0.01113 0.10257 57.89648 0 0 -3.00463 57.89294 1.55973 -13
-0.22358 0.08897 70.83512 0 0 -2.60922 69.14125 1.35167 13
0.06454 -0.11049 41.55979 0 0 3.42773 41.47445 1.63485 -13
0.46023 -0.22246 17.96692 0 0 6.75897 16.38880 1.99303 13
0.00914 -0.08086 24.43608 0 0 2.54111 24.43508 1.57990 -13
-0.01908 -0.07030 40.82403 0 0 2.21407 40.81663 1.55176 -13
-1.96258 0.12665 83.68012 0 0 -3.72521 38.23025 0.47447 -13
-2.01842 -0.27320 83.68012 0 0 8.33739 38.23025 0.47446 -13
-2.07100 -0.18949 34.45231 0 0 5.83080 15.19446 0.45679 -13
