0.37080 -0.03814 40.57861 0 0 1.24432 38.05053 1.92565 -13
0.09007 0.03187 22.37767 0 0 -0.85821 22.28755 1.66058 -13
-0.49438 -0.17165 36.29751 0 0 5.27485 32.63000 1.11739 -13
0.31653 -0.11354 8.94131 0 0 3.44800 8.52919 1.87551 13
-0.09675 -0.01179 70.41712 0 0 0.44372 70.08986 1.47435 -13
-0.35834 -0.03214 23.09811 0 0 1.02271 21.74578 1.22687 13
-0.02101 -0.23259 99.49584 0 0 7.10177 99.47501 1.55033 -13
-0.88045 -0.20194 52.14233 0 0 6.18517 39.47412 0.85879 -13
-0.09930 -0.03845 86.63283 0 0 1.23541 86.20943 1.47189 13
0.09886 -0.08371 58.00578 0 0 2.61560 57.72634 1.66899 -13
-1.61521 0.07706 60.85472 0 0 -2.22843 32.10089 0.55568 -13
-0.69835 -0.08689 9.02742 0 0 2.76603 7.41012 0.96294 -13
1.81050 0.08084 85.02736 0 0 -2.36958 41.21185 2.63558 13
0.26150 0.04757 52.86950 0 0 -1.34434 51.15333 1.82629 -13
-0.46633 -0.09233 46.03442 0 0 2.85480 41.75279 1.13607 13
-0.73354 -0.14578 31.29364 0 0 4.45891 25.32491 0.94292 13
-1.91538 0.07300 49.39105 0 0 -2.09983 22.90605 0.48225 -13
0.03107 0.13473 48.65400 0 0 -3.99308 48.63095 1.60158 13
0.03186 -0.26473 48.65400 0 0 8.05636 48.63095 1.60158 13
0.20729 0.05653 42.98482 0 0 -1.63556 42.09271 1.77487 13
0.18431 -0.10831 12.12905 0 0 3.30645 11.93040 1.75202 13
-0.27976 0.09717 59.75049 0 0 -2.85815 57.56040 1.29922 13
0.29643 0.00747 54.11120 0 0 -0.15358 51.88003 1.85896 13
1.59817 0.12176 46.44404 0 0 -3.57218 24.76616 2.57916 -13
1.64674 -0.27835 46.44404 0 0 8.49946 24.76616 2.57916 -13
-1.30751 -0.22000 24.59095 0 0 6.75222 15.16170 0.66435 -13
-1.73726 -0.23449 95.56016 0 0 7.14415 48.63524 0.53395 13
0.37771 0.00754 94.40212 0 0 -0.15162 88.31268 1.93193 13
0.15271 -0.17099 8.68638 0 0 5.17878 8.58950 1.72020 13
1.03180 -0.00889 42.28612 0 0 0.33257 29.43015 2.37182 13
0.74080 0.12077 50.06273 0 0 -3.54910 40.33020 2.20492 -13
0.76361 -0.27946 50.06273 0 0 8.52398 40.33020 2.20491 -13
1.70315 -0.03288 73.22356 0 0 1.08577 37.08959 2.61044 -13
2.10123 -0.01577 24.42971 0 0 0.60362 10.49901 2.69735 -13
0.62426 -0.03901 36.82028 0 0 1.24261 31.24042 2.12852 13
-0.38160 -0.14663 80.40069 0 0 4.50999 75.21805 1.20978 -13
-0.61962 -0.21909 27.16855 0 0 6.71226 23.24274 1.02652 -13
-1.90485 0.07388 58.01657 0 0 -2.12895 27.02448 0.48455 -13
-1.58459 0.05304 81.69428 0 0 -1.50732 43.64357 0.56359 -13
1.94102 -0.11342 53.67244 0 0 3.48288 24.70623 2.66326 13
0.91793 -0.19962 14.40274 0 0 6.05753 10.70487 2.30371 13
0.23590 0.14768 52.18194 0 0 -4.36390 50.81644 1.80007 -13
0.24062 -0.25115 52.18194 0 0 7.66748 50.81644 1.80007 -13
-0.86223 -0.23065 73.95361 0 0 7.02973 56.62204 0.87203 13
-0.10724 0.13578 39.09789 0 0 -4.02682 38.87901 1.46493 13
-0.10991 -0.26362 39.09789 0 0 8.02055 38.87901 1.46491 13
0.95998 0.07850 65.19116 0 0 -2.29719 47.09841 2.33424 13
-0.63984 0.01372 83.89199 0 0 -0.32571 70.66749 1.00164 -13
-0.26577 0.04891 73.44922 0 0 -1.40093 70.99048 1.31133 13
1.01504 -0.16287 39.01949 0 0 5.01264 27.56571 2.35711 -13
0.12143 -0.05923 81.07009 0 0 1.87378 80.48093 1.69143 -13
-0.23946 -0.04211 88.71986 0 0 1.34571 86.28474 1.33596 13
-0.10237 -0.22059 83.63128 0 0 6.72932 83.21654 1.47116 13
0.64542 -0.07773 62.87642 0 0 2.41612 52.87608 2.14257 13
-0.73966 0.00143 23.65030 0 0 0.01367 19.01445 0.93395 13
-0.79472 -0.01318 30.49426 0 0 0.45876 23.87421 0.89933 13
0.17058 0.13033 16.63068 0 0 -3.81939 16.39774 1.73836 -13
0.17514 -0.26932 16.63068 0 0 8.23685 16.39774 1.73832 -13
-0.66185 -0.03075 39.22485 0 0 1.02347 32.71438 0.98636 -13
-0.06020 0.05675 90.73101 0 0 -1.63606 90.56761 1.51077 13
-0.80538 0.05181 3.19885 0 0 -1.28981 2.49266 0.89344 -13
0.45926 -0.15766 74.62312 0 0 4.83023 67.95698 1.99669 13
-0.00503 -0.08894 1.80359 0 0 2.48519 1.80357 1.56578 13
-0.47063 -0.16010 73.93105 0 0 4.91816 67.04490 1.13577 -13
0.21504 0.04022 89.96419 0 0 -1.13737 87.95673 1.78244 13
0.40945 -0.00986 32.15214 0 0 0.36225 29.75488 1.95940 13
1.28055 -0.01963 18.99316 0 0 0.63116 11.69104 2.47850 13
0.16896 -0.08530 66.96057 0 0 2.66173 66.03155 1.73758 -13
0.21549 0.01812 95.58089 0 0 -0.46010 93.43668 1.78301 -13
-0.11803 0.00781 45.87725 0 0 -0.14389 45.56099 1.45331 -13
0.79827 -0.10013 57.84668 0 0 3.09041 45.29626 2.24205 13
-1.15719 0.13527 23.30542 0 0 -4.02940 15.31747 0.71715 13
-1.18619 -0.26420 23.30542 0 0 8.01825 15.31747 0.71710 13
-0.49548 0.07032 17.24945 0 0 -2.00750 15.46385 1.11175 -13
1.56867 -0.09002 70.96633 0 0 2.80939 38.25754 2.57224 -13
-0.96690 -0.11067 95.25470 0 0 3.42678 68.67991 0.80527 -13
-1.52840 0.03590 38.96275 0 0 -1.02431 21.34200 0.57967 13
0.65093 -0.21828 50.23285 0 0 6.67778 42.38723 2.13723 -13
0.04773 -0.09839 38.14176 0 0 3.06169 38.09881 1.61826 -13
-0.40016 -0.11039 99.57056 0 0 3.40591 92.52075 1.19224 13
-0.05900 0.01941 82.34846 0 0 -0.50987 82.20557 1.51187 13
-0.38255 -0.02667 38.94683 0 0 0.89938 36.37761 1.20554 -13
-0.93683 -0.01177 76.90177 0 0 0.42785 56.12333 0.81804 13
0.16337 -0.13274 40.93770 0 0 4.07397 40.41119 1.73135 13
0.14190 0.13206 92.35113 0 0 -3.89712 91.45054 1.71056 -13
0.14561 -0.26750 92.35113 0 0 8.15602 91.45054 1.71055 -13
-0.82952 -0.08921 36.41590 0 0 2.75520 28.07289 0.88026 13
-1.45959 -0.10735 31.57639 0 0 3.34710 17.91572 0.60335 -13
0.36181 0.07197 92.77916 0 0 -2.08415 87.27047 1.91712 -13
-0.37467 0.07315 89.64206 0 0 -2.13115 83.97145 1.21319 13
-0.84268 -0.20011 51.65443 0 0 6.10558 39.81873 0.88022 13
1.05212 -0.13010 6.58799 0 0 4.11344 4.55862 2.37740 -13
-0.30154 0.05496 90.41360 0 0 -1.57095 86.57462 1.27834 -13
-2.02909 -0.16793 93.32888 0 0 5.15899 41.72059 0.46343 -13
-1.56567 -0.03977 55.91701 0 0 1.29721 30.11594 0.56875 -13
-0.70357 -0.01996 16.18291 0 0 0.72004 13.23596 0.95777 -13
-0.12145 -0.08836 20.68907 0 0 2.77070 20.53931 1.45041 -13
0.64347 0.13191 29.21212 0 0 -3.87769 24.62781 2.13865 -13
0.66040 -0.26765 29.21212 0 0 8.17590 24.62781 2.13865 -13
0.61938 0.14575 35.41517 0 0 -4.33151 30.19530 2.12065 13
0.63225 -0.25317 35.41517 0 0 7.70186 30.19530 2.12065 13
0.93152 -1.16233 35.41517 0 0 7.77491 30.19530 2.11673 13
-2.47137 -1.31407 35.41517 0 0 -3.14188 30.19530 2.55255 13
2.77179 -1.90741 35.41517 0 0 -3.18354 30.19530 2.48104 13
-1.15452 1.75835 35.41517 0 0 -2.77293 30.19530 2.08943 13
-1.28721 -6.45182 35.41517 0 0 -2.46893 30.19530 1.37614 13
-3.18530 -4.86642 35.41517 0 0 -2.39657 30.19530 1.00067 13
-2.23375 -1.50855 35.41517 0 0 -2.33479 30.19530 0.68096 13
-0.61920 0.12233 18.69584 0 0 -3.57792 15.92781 1.01970 -13
-0.63793 -0.27770 18.69584 0 0 8.49297 15.92781 1.01966 -13
-0.78466 -0.02166 70.24521 0 0 0.72661 55.26824 0.90559 13
-0.21426 0.00700 98.97746 0 0 -0.13515 96.78094 1.35973 13
-0.52055 -0.13273 24.72560 0 0 4.06429 21.97327 1.09441 13
0.53549 -0.05995 13.05630 0 0 1.93232 11.51480 2.06169 -13
-1.29588 0.11210 20.93361 0 0 -3.26117 12.83880 0.66025 -13
-2.02605 -0.06320 17.85497 0 0 2.04684 7.91493 0.45928 -13
0.38065 -0.09297 32.30853 0 0 2.86968 30.21138 1.93308 13
-0.30625 -0.12315 92.07138 0 0 3.80157 88.09184 1.27572 -13
0.96908 -0.01741 18.10791 0 0 0.56840 13.00457 2.34042 13
0.15891 0.07492 1.91766 0 0 -1.91849 1.89395 1.72796 -13
-0.04111 0.12299 92.79076 0 0 -3.62309 92.71362 1.53002 -13
-0.04234 -0.27710 92.79076 0 0 8.44491 92.71362 1.53002 -13
1.15267 0.07327 49.92195 0 0 -2.14331 32.76410 2.42567 13
-0.95609 0.11140 75.30608 0 0 -3.26999 54.59117 0.81092 -13
-0.17035 0.11587 61.02507 0 0 -3.40480 60.16997 1.40317 -13
0.17276 0.06953 53.29360 0 0 -2.00736 52.51940 1.74146 -13
1.74448 -0.12558 83.01316 0 0 3.88115 41.52674 2.61770 -13
-1.30341 0.12268 17.80512 0 0 -3.66344 10.88837 0.65804 13
-1.34263 -0.27750 17.80512 0 0 8.40487 10.88837 0.65803 13
0.15899 0.05661 96.84352 0 0 -1.63127 95.64590 1.72822 13
0.06062 0.10908 46.23055 0 0 -3.19992 46.14675 1.63099 -13
0.62379 -0.12358 33.92984 0 0 3.79169 28.84863 2.12513 13
1.74678 -0.02512 94.48056 0 0 0.84929 46.95204 2.62152 -13
0.47296 -0.13130 47.53522 0 0 4.05272 43.03815 2.00929 -13
-0.27491 -0.10806 83.21178 0 0 3.33467 80.26766 1.30400 13
0.27323 -0.12397 38.76422 0 0 3.83370 37.41315 1.83559 -13
1.20170 -0.06323 48.75217 0 0 2.00401 31.22129 2.44657 -13
0.37797 0.05517 62.09992 0 0 -1.59137 58.10032 1.93167 13
-0.68833 -0.11785 10.00578 0 0 3.57751 8.26023 0.97116 13
0.10974 -0.02117 78.13802 0 0 0.71361 77.67193 1.68008 13
0.09751 -0.11903 27.64815 0 0 3.65388 27.51941 1.66732 13
0.43893 -0.20660 38.48787 0 0 6.29973 35.35958 1.97677 13
-0.34810 0.00202 89.65967 0 0 0.02613 84.67614 1.23582 -13
-1.14361 0.07279 25.41924 0 0 -2.14524 16.75707 0.71981 13
-1.88628 0.13771 26.35388 0 0 -4.11917 12.43677 0.49137 13
-1.93169 -0.26164 26.35388 0 0 7.92451 12.43677 0.49134 13
-0.40929 -0.10203 12.32478 0 0 3.11422 11.41478 1.18412 13
0.34435 -0.08066 76.49557 0 0 2.52131 72.35231 1.90143 -13
-0.40273 -0.12514 64.91983 0 0 3.86403 60.28468 1.19062 -13
0.58631 -0.04103 52.97638 0 0 1.30813 45.71044 2.10072 13
-0.07310 -0.15715 1.92482 0 0 4.56899 1.91985 1.49871 13
-1.09284 0.00418 95.51066 0 0 -0.05159 64.47699 0.74107 13
-0.01529 -0.04034 5.15318 0 0 1.39300 5.15258 1.55552 -13
-0.19123 -0.10061 51.66435 0 0 3.10662 50.75376 1.38277 13
-0.38924 0.03460 16.95374 0 0 -0.99221 15.80024 1.19980 13
-1.05750 0.11735 87.02554 0 0 -3.46662 60.00925 0.76087 13
0.86620 0.09724 46.07280 0 0 -2.83811 34.89495 2.28229 -13
-0.95581 0.04575 98.27923 0 0 -1.30546 71.08142 0.80851 13
-0.19136 -0.06801 69.29469 0 0 2.13997 68.06534 1.38215 -13
0.68277 -0.18493 17.80902 0 0 5.62629 14.78585 2.16206 13
0.67426 0.12005 27.52396 0 0 -3.56036 22.87188 2.16072 13
0.69526 -0.28025 27.52396 0 0 8.51452 22.87188 2.16074 13
-2.13009 -0.11626 60.89755 0 0 3.56830 26.02312 0.44151 13
-1.74037 0.08157 69.71667 0 0 -2.39343 34.82004 0.52296 13
-1.06944 -0.17825 37.05300 0 0 5.47732 25.51734 0.75966 -13
1.49684 0.04102 29.48789 0 0 -1.12678 16.39041 2.55223 -13
0.02562 -0.16458 32.49339 0 0 5.06104 32.48301 1.59607 -13
1.29609 -0.01982 11.98291 0 0 0.61298 7.32062 2.48435 13
-0.06009 0.02654 89.13850 0 0 -0.72473 88.97810 1.51080 13
0.18664 0.09406 65.49976 0 0 -2.74898 64.39741 1.75452 -13
-0.89483 -0.11686 50.26509 0 0 3.59418 37.57075 0.84421 13
-0.08566 0.04095 6.38060 0 0 -1.07695 6.35738 1.48542 -13
-0.37057 0.12247 90.00182 0 0 -3.61857 84.46919 1.21834 13
-0.38173 -0.27767 90.00182 0 0 8.45158 84.46919 1.21834 13
1.99903 0.00181 16.50822 0 0 0.09619 7.38587 2.67775 -13
-0.33015 -0.12610 96.58451 0 0 3.89011 91.78609 1.25426 -13
1.13402 -0.09065 3.29140 0 0 2.60037 2.18187 2.41688 13
-0.93628 0.06861 18.58843 0 0 -2.02438 13.58384 0.81946 13
-0.00633 -0.13980 96.97785 0 0 4.29381 96.97595 1.56453 13
-0.72232 0.09812 26.90694 0 0 -2.85680 21.84805 0.94752 -13
0.47576 -0.20502 77.14604 0 0 6.27309 69.92456 2.00693 -13
-1.03131 0.07580 22.40547 0 0 -2.23643 15.61992 0.77142 13
1.38918 -0.13999 20.59169 0 0 4.34579 12.10764 2.51306 -13
0.38957 -0.03263 10.33120 0 0 1.01591 9.62723 1.94210 13
1.26200 0.07583 42.77459 0 0 -2.18799 26.61233 2.47011 -13
2.15335 0.12326 31.45589 0 0 -3.67408 13.33213 2.70395 13
0.04698 -0.18076 16.14133 0 0 5.50239 16.12410 1.61700 13
1.62124 -0.00500 60.88545 0 0 0.24688 31.96405 2.58890 -13
2.02233 -0.21243 54.58444 0 0 6.50972 24.62536 2.67354 -13
-0.41284 -0.16984 14.86626 0 0 5.16681 13.76919 1.18426 13
-0.20682 0.02196 76.63990 0 0 -0.58697 75.05226 1.36690 13
1.14260 -0.11062 32.93087 0 0 3.44156 21.76232 2.41963 -13
0.34321 -0.16378 7.88440 0 0 4.95757 7.46782 1.89737 13
0.27496 -0.07914 27.59001 0 0 2.44964 26.60846 1.83833 13
0.11122 -0.17594 80.62856 0 0 5.39466 80.14919 1.67990 -13
-1.12597 0.01886 99.88448 0 0 -0.49431 66.33431 0.72630 13
-0.89120 -0.24300 72.91943 0 0 7.40231 55.12243 0.85709 13
0.82557 0.01150 3.22819 0 0 -0.46373 2.48975 2.26090 13
0.97107 -0.03016 54.71088 0 0 0.97887 39.25773 2.34129 13
-0.48520 -0.04245 6.58711 0 0 1.44278 5.92743 1.11941 -13
-0.27158 -0.18799 40.59889 0 0 5.73971 39.22585 1.30997 13
0.92483 0.06115 5.96179 0 0 -1.64569 4.38042 2.31623 -13
0.24238 0.10847 52.23541 0 0 -3.18152 50.78188 1.80726 -13
0.67939 0.05954 9.18865 0 0 -1.64844 7.60413 2.16673 -13
-1.45023 0.08664 59.74927 0 0 -2.54604 34.00438 0.60542 13
0.23765 -0.09758 48.58583 0 0 3.03505 47.28118 1.80305 -13
-1.25444 0.11784 17.46512 0 0 -3.43055 10.93244 0.67637 -13
-1.77979 -0.22972 23.57856 0 0 7.05480 11.77595 0.52296 -13
-0.57008 -0.11414 18.66722 0 0 3.49379 16.24263 1.05545 13
-1.84918 -0.02161 68.14632 0 0 0.71774 32.42157 0.49584 13
1.14429 -0.05029 5.07291 0 0 1.74985 3.34056 2.42276 -13
-2.09966 -0.08821 88.49177 0 0 2.75490 38.16996 0.44599 -13
1.62844 0.02903 88.58130 0 0 -0.80450 46.36777 2.59069 13
-1.79303 0.05320 20.80023 0 0 -1.57027 10.14229 0.50935 13
1.11127 -0.09650 21.96301 0 0 3.02604 14.72886 2.40655 -13
0.06371 0.12567 8.85766 0 0 -3.76542 8.84004 1.63393 13
0.06549 -0.27430 8.85766 0 0 8.29777 8.84004 1.63387 13
-0.64715 0.05536 93.87225 0 0 -1.59504 78.84420 0.99712 13
1.31969 -0.22708 88.70470 0 0 6.92253 54.42686 2.48101 13
0.61341 0.10283 98.01918 0 0 -3.02642 83.67224 2.11868 13
0.64308 -0.12360 14.33943 0 0 3.84991 12.08715 2.13885 -13
1.62473 -0.09334 88.39153 0 0 2.90737 46.47686 2.58793 -13
0.69360 0.14703 24.19076 0 0 -4.32949 19.94588 2.17221 -13
0.70765 -0.25185 24.19076 0 0 7.70296 19.94588 2.17221 -13
-1.01238 -0.22940 11.15561 0 0 7.06496 7.94052 0.79207 -13
0.29234 0.07646 86.85986 0 0 -2.21936 83.38951 1.85442 -13
1.44664 0.04535 75.96245 0 0 -1.27580 43.22344 2.53628 -13
-0.96882 -0.17423 26.04422 0 0 5.30976 18.84044 0.80871 13
-0.32749 -0.07220 43.53727 0 0 2.24716 41.38531 1.25508 13
-0.43541 -0.22103 71.25027 0 0 6.74087 65.57020 1.16880 13
-0.21224 0.01584 72.30307 0 0 -0.38969 70.72804 1.36169 -13
-0.70509 -0.04090 21.07937 0 0 1.34355 17.23217 0.95706 -13
-0.11889 -0.11330 85.82004 0 0 3.49404 85.22738 1.45321 13
0.34315 0.03070 40.09819 0 0 -0.85717 37.92917 1.90121 13
-0.20764 -0.09010 49.30418 0 0 2.78930 48.28268 1.36687 13
2.09855 0.12580 16.31377 0 0 -3.63925 7.06286 2.69385 -13
1.44716 -0.15799 58.14783 0 0 4.83187 33.33207 2.53115 13
-0.66334 0.04758 25.32145 0 0 -1.32999 21.10817 0.98562 -13
-0.75310 0.12177 78.21853 0 0 -3.59979 62.64743 0.92885 13
-0.77601 -0.27840 78.21853 0 0 8.47132 62.64743 0.92885 13
0.77069 0.14532 72.69703 0 0 -4.31126 57.80399 2.22236 13
0.78680 -0.25364 72.69703 0 0 7.72299 57.80399 2.22235 13
-0.16574 -0.20214 75.19642 0 0 6.17250 74.22338 1.40975 13
-0.49087 0.04675 16.91568 0 0 -1.29673 15.18840 1.11491 -13
0.64487 0.05477 94.70854 0 0 -1.56488 79.62912 2.14288 -13
-0.68288 -0.04232 62.19062 0 0 1.36745 51.37311 0.97207 -13
0.52216 -0.12809 97.96720 0 0 3.93926 86.99194 2.04868 13
0.24690 -0.21275 15.45814 0 0 6.46327 15.02603 1.80775 13
-0.19492 0.08284 84.70143 0 0 -2.41198 83.14722 1.37894 -13
-0.47079 -0.14312 11.15644 0 0 4.35146 10.11240 1.13469 13
-0.93936 0.15122 1.51725 0 0 -4.03435 1.11233 0.82230 -13
-0.95641 -0.24658 1.51725 0 0 7.99944 1.11233 0.82240 -13
1.60045 0.03187 69.71455 0 0 -0.89310 36.95422 2.58289 13
0.82074 0.05797 33.44794 0 0 -1.68638 25.87242 2.25723 13
-1.34924 -0.02751 91.59332 0 0 0.90221 54.55161 0.63800 13
-1.42448 -0.05877 8.70342 0 0 1.95809 5.00581 0.61288 -13
1.15221 0.06348 2.85589 0 0 -2.09794 1.87437 2.42580 13
-1.78220 -0.11968 60.62532 0 0 3.67533 29.82688 0.51437 13
-2.11065 -0.06993 74.06837 0 0 2.20589 31.77663 0.44340 -13
-0.24886 -0.02874 15.65801 0 0 0.98039 15.19494 1.32699 -13
0.53747 -0.05683 54.49152 0 0 1.78560 48.01526 2.06329 13
0.35794 -0.07757 53.01517 0 0 2.43016 49.93111 1.91357 -13
1.13462 0.12271 53.52498 0 0 -3.60672 35.54017 2.41547 -13
1.16869 -0.27739 53.52498 0 0 8.46251 35.54017 2.41547 -13
1.61443 -0.24975 65.53720 0 0 7.59997 35.26766 2.57339 13
-0.55763 -0.15763 77.12053 0 0 4.82889 67.55064 1.06732 13
0.84468 -0.07560 89.37840 0 0 2.36902 68.36079 2.27079 -13
0.66297 -0.12242 67.82797 0 0 3.76558 56.65989 2.15282 13
1.35840 -0.10088 85.17730 0 0 3.13424 50.66264 2.50459 -13
1.53207 0.02712 21.95174 0 0 -0.69591 12.00266 2.56314 -13
1.02787 0.02570 59.18422 0 0 -0.68270 41.27728 2.36977 -13
-0.89506 -0.23500 49.57834 0 0 7.18431 37.37951 0.85405 -13
-1.35163 0.02931 25.48428 0 0 -0.77110 15.16136 0.63718 -13
-1.84323 0.13335 42.31001 0 0 -3.91843 20.31382 0.50079 -13
-1.89077 -0.26613 42.31001 0 0 8.13269 20.31382 0.50076 -13
-0.00351 -0.19411 95.61784 0 0 5.93167 95.61727 1.56735 13
0.24068 -0.08534 89.54594 0 0 2.64976 87.07707 1.80616 13
-0.75316 -0.18618 13.29761 0 0 5.64959 10.68649 0.93344 13
0.66547 -0.20936 14.95440 0 0 6.43694 12.53050 2.14812 -13
0.38299 0.01679 79.41710 0 0 -0.41875 74.16519 1.93651 -13
-0.60975 -0.00294 96.25897 0 0 0.17597 82.18560 1.02324 -13
-0.75834 -0.18092 88.86200 0 0 5.54572 71.21808 0.92972 -13
0.76612 -0.08834 83.50157 0 0 2.73880 66.37990 2.22266 13
-0.59467 0.00283 84.13729 0 0 -0.01098 72.31662 1.03430 13
-1.14415 -0.00888 8.88680 0 0 0.26608 5.84842 0.71829 13
0.10496 -0.01713 28.24013 0 0 0.61539 28.08591 1.67536 -13
1.75665 -0.16063 10.11103 0 0 4.82813 5.05050 2.61859 13
-0.16630 0.10745 27.86169 0 0 -3.17726 27.48846 1.40693 13
0.12246 -0.23822 22.38896 0 0 7.29136 22.23181 1.68936 -13
-0.88917 -0.16459 17.86721 0 0 5.01047 13.43062 0.85063 13
-0.66937 -0.02653 26.22706 0 0 0.90377 21.79748 0.98109 -13
0.56593 0.08089 83.66009 0 0 -2.36523 72.86695 2.08439 13
0.84409 0.06515 41.73574 0 0 -1.86893 31.92095 2.27081 -13
-1.37453 -0.13142 1.46308 0 0 4.61961 0.86545 0.63304 -13
-0.97695 -0.16382 36.07540 0 0 5.00457 25.97065 0.80368 13
-0.02707 -0.09250 67.05871 0 0 2.87843 67.03440 1.54385 -13
-0.87847 0.03768 37.70929 0 0 -1.03811 28.34007 0.85036 -13
0.27443 -0.05958 24.21101 0 0 1.85770 23.35065 1.83818 13
-0.00575 -0.08745 4.80162 0 0 2.82040 4.80154 1.56507 -13
1.10531 -0.13748 40.58154 0 0 4.21042 27.36637 2.40151 13
-0.11783 0.12325 59.52827 0 0 -3.64521 59.12534 1.45438 13
-0.12134 -0.27684 59.52827 0 0 8.42356 59.12534 1.45438 13
-0.49246 -0.01764 42.94937 0 0 0.60106 38.53163 1.11326 13
-1.07412 0.03897 30.80376 0 0 -1.11751 20.99828 0.75006 13
1.19041 0.06861 52.95965 0 0 -2.00310 34.11189 2.44175 13
0.16679 0.10623 46.64818 0 0 -3.11310 46.01942 1.73515 -13
1.42846 -0.22774 39.76856 0 0 6.97321 23.19356 2.51890 -13
0.76628 -0.15097 19.31076 0 0 4.66754 15.39170 2.21920 -13
-1.71120 0.05818 39.73161 0 0 -1.69772 20.07161 0.52959 13
-0.87750 0.00506 80.29949 0 0 -0.07930 60.35716 0.85056 13
0.01120 0.02643 49.15149 0 0 -0.72597 49.14842 1.58199 13
0.33593 0.11907 76.21774 0 0 -3.51747 72.30130 1.89277 13
0.34653 -0.28129 76.21774 0 0 8.55911 72.30130 1.89277 13
0.27989 -0.06195 97.57529 0 0 1.95522 93.97727 1.84321 -13
-1.31387 -0.07387 94.06993 0 0 2.30065 57.07104 0.65188 13
-1.19582 0.07086 48.62816 0 0 -2.07195 31.24125 0.69769 13
1.15618 -0.01082 16.24593 0 0 0.36149 10.62787 2.42847 13
1.76335 -0.00175 44.65774 0 0 0.11241 22.03050 2.62571 13
0.41470 0.11690 71.73803 0 0 -3.43797 66.33155 1.96151 -13
0.47454 0.09045 22.41934 0 0 -2.62244 20.26965 2.01229 -13
2.05459 -0.24250 7.70622 0 0 7.55844 3.45088 2.67729 -13
0.37467 -0.14510 39.18499 0 0 4.44541 36.74066 1.92587 13
0.17579 -0.05830 55.40335 0 0 1.84872 54.56935 1.74452 -13
-1.60553 0.00626 89.70007 0 0 -0.09719 47.42323 0.55706 -13
-1.56804 0.07412 47.58496 0 0 -2.13550 25.63604 0.56895 -13
-0.91271 0.11511 89.31952 0 0 -3.39847 66.16857 0.83428 13
0.47451 -0.02441 6.70175 0 0 0.73661 6.05484 2.01373 13
0.56184 -0.22177 98.59286 0 0 6.76533 86.44293 2.07250 13
-0.52752 -0.06872 44.98566 0 0 2.14176 39.80927 1.08635 13
-0.17962 0.05117 55.53834 0 0 -1.47121 54.66563 1.39329 13
-1.58475 0.09079 91.06233 0 0 -2.66780 48.73779 0.56477 13
0.13950 -0.08300 79.42398 0 0 2.59043 78.66735 1.70893 -13
0.70126 0.06455 81.44377 0 0 -1.85850 66.72767 2.18139 -13
-0.13086 0.06582 28.11978 0 0 -1.88667 27.88306 1.44096 -13
-1.78610 -0.15824 78.74039 0 0 4.84132 38.82975 0.51568 13
0.36843 -0.23528 39.98939 0 0 7.16425 37.64156 1.91515 13
0.53119 0.04409 22.75341 0 0 -1.22458 20.09884 2.05868 -13
-0.68930 -0.08283 76.47660 0 0 2.58701 63.03564 0.96889 -13
0.16046 0.10217 65.83363 0 0 -2.99299 65.01051 1.72909 -13
0.60070 0.01978 41.31392 0 0 -0.52918 35.41739 2.11165 13
-1.82626 0.08399 32.96747 0 0 -2.42089 15.87726 0.50245 -13
-0.26290 0.08571 47.27664 0 0 -2.51500 45.73359 1.31461 13
0.26931 -0.11081 97.07733 0 0 3.42881 93.77580 1.83234 -13
-0.45436 -0.10983 82.47115 0 0 3.38770 75.16059 1.14658 13
-1.23510 0.11251 13.35610 0 0 -3.25758 8.43613 0.68368 -13
-0.81253 -0.14345 19.04752 0 0 4.44152 14.84227 0.89344 -13
0.95787 0.07143 81.11428 0 0 -2.08198 58.64866 2.33341 13
0.91811 0.04712 24.23594 0 0 -1.31380 17.86141 2.31298 -13
-0.42821 0.13961 68.58229 0 0 -4.12261 63.13912 1.16969 -13
-0.43816 -0.25959 68.58229 0 0 7.91946 63.13912 1.16969 -13
-0.67448 -0.09595 50.48708 0 0 2.96395 41.91621 0.97952 13
-0.70201 -0.01332 87.49590 0 0 0.47632 71.61380 0.95876 13
-0.16097 -0.20623 48.29991 0 0 6.31266 47.71068 1.41443 -13
-0.15409 -0.13333 78.36570 0 0 4.10872 77.46716 1.41923 -13
0.55857 0.06297 73.86080 0 0 -1.82594 64.51351 2.07935 13
-1.78987 0.13194 45.95490 0 0 -3.92140 22.56010 0.51318 13
-1.83695 -0.26765 45.95490 0 0 8.13168 22.56010 0.51318 13
1.65221 -0.10409 97.86960 0 0 3.21148 50.87589 2.59493 13
-1.59896 0.04437 90.70667 0 0 -1.24693 48.13069 0.55933 -13
1.13178 -0.22623 17.54065 0 0 6.94793 11.77718 2.40553 -13
-0.69874 -0.21235 2.03625 0 0 6.17944 1.68096 0.97123 13
0.75869 -0.04512 99.80344 0 0 1.44842 79.53940 2.21935 -13
1.83679 0.06055 54.22004 0 0 -1.76452 25.96209 2.64227 13
-1.05237 0.00153 83.61024 0 0 0.02672 57.59359 0.75989 13
-1.34306 -0.12441 92.55728 0 0 3.84281 55.54845 0.64370 -13
-0.28960 0.13086 42.51032 0 0 -3.87853 40.85916 1.29117 13
-0.29734 -0.26881 42.51032 0 0 8.17678 40.85916 1.29117 13
-0.29759 0.13048 91.37662 0 0 -3.86020 87.64047 1.28385 13
-0.30559 -0.26920 91.37662 0 0 8.19563 87.64047 1.28386 13
-1.02268 0.02248 19.58569 0 0 -0.63204 13.69511 0.77431 13
1.63272 -0.00621 2.18827 0 0 0.68422 1.14328 2.59204 -13
0.74924 -0.03486 23.49253 0 0 1.10656 18.80499 2.21352 13
-0.95204 0.04343 94.51622 0 0 -1.23577 68.48531 0.81043 13
-0.17906 0.07352 52.06998 0 0 -2.14616 51.25907 1.39408 13
0.95478 -0.18599 11.89443 0 0 5.75223 8.67205 2.32457 -13
-1.56130 -0.03500 68.77950 0 0 1.14920 37.11312 0.56994 -13
-0.00632 -0.21007 3.25610 0 0 6.26153 3.25604 1.56462 13
-0.15560 -0.09320 13.39012 0 0 2.85650 13.23234 1.41709 13
-0.16156 -0.13744 61.38664 0 0 4.21944 60.61511 1.41209 13
-0.95982 -0.06613 77.10295 0 0 2.06735 55.68443 0.80699 13
-0.67749 0.10090 31.98795 0 0 -2.98021 26.52498 0.97769 13
0.10462 0.00950 7.76247 0 0 -0.14379 7.72033 1.67503 -13
0.52076 0.11402 7.51712 0 0 -3.43178 6.67672 2.04827 13
1.54075 -0.02178 26.60803 0 0 0.77121 14.48850 2.56579 -13
0.51688 -0.19258 29.97787 0 0 5.87171 26.73187 2.04047 13
-0.42975 -0.18645 46.84424 0 0 5.69427 43.15117 1.17107 13
-0.75926 -0.03831 15.40031 0 0 1.19737 12.26863 0.92175 13
0.15001 0.14559 79.35648 0 0 -4.31678 78.49638 1.71816 13
0.15314 -0.25335 79.35648 0 0 7.71730 78.49638 1.71817 13
-1.04452 -0.17536 1.98897 0 0 5.76800 1.38629 0.77119 -13
1.27928 0.12463 64.77824 0 0 -3.68947 40.08517 2.47438 13
1.31671 -0.27539 64.77824 0 0 8.37653 40.08517 2.47437 13
-0.37978 -0.10751 98.51302 0 0 3.32944 92.16138 1.20975 -13
0.24496 -0.19608 70.61094 0 0 6.00264 68.65506 1.80670 -13
0.72158 -0.01119 81.38513 0 0 0.41168 65.99847 2.19583 13
-0.79748 0.04074 41.01991 0 0 -1.16296 32.08108 0.89800 13
0.87741 0.09073 79.00581 0 0 -2.64742 59.49251 2.28896 -13
1.20906 -0.10516 45.06614 0 0 3.23597 28.81581 2.44785 13
0.17708 -0.00858 86.54729 0 0 0.33467 85.22162 1.74605 13
1.48968 0.04608 89.45354 0 0 -1.31866 49.89272 2.54991 13
-0.84749 -0.19984 74.31534 0 0 6.10090 57.15463 0.87740 13
-1.70572 0.11931 11.64217 0 0 -3.60624 5.91900 0.53335 13
-1.75961 -0.28117 11.64217 0 0 8.46728 5.91900 0.53329 13
-1.05082 -0.11488 70.54771 0 0 3.53711 48.80083 0.76390 13
-0.26805 0.11198 49.64053 0 0 -3.28763 47.96778 1.31046 -13
0.16573 -0.04855 87.40249 0 0 1.54027 86.22920 1.73484 13
2.14711 -0.05100 11.77968 0 0 1.52291 4.97871 2.70523 13
1.50170 -0.05403 58.24304 0 0 1.72596 32.31489 2.55344 -13
-1.91615 -0.16854 24.71760 0 0 5.20911 11.56118 0.48676 -13
1.51095 0.10297 75.35916 0 0 -3.03642 41.74361 2.55451 13
-0.54910 0.00230 89.66899 0 0 0.01791 78.59912 1.06864 -13
0.35880 -0.20272 85.82733 0 0 6.18995 80.96714 1.90894 13
-0.79743 -0.11407 63.20917 0 0 3.53166 49.54490 0.90077 -13
-1.20980 0.12792 75.06056 0 0 -3.78736 48.05167 0.69473 13
-1.24357 -0.27188 75.06056 0 0 8.27365 48.05167 0.69473 13
1.81286 0.08348 47.82338 0 0 -2.45847 23.16077 2.63604 13
1.70072 -0.11956 66.29977 0 0 3.67245 33.78109 2.60695 13
-1.61550 0.07325 1.52069 0 0 -2.75107 0.80160 0.55547 13
-1.36560 -0.24404 59.52162 0 0 7.45726 35.82741 0.64591 -13
0.04868 0.08155 72.25744 0 0 -2.38546 72.17253 1.61927 13
-1.94877 0.13982 70.66861 0 0 -4.12222 32.51085 0.47805 -13
-1.99389 -0.25936 70.66861 0 0 7.91964 32.51085 0.47804 -13
0.39199 -0.09116 50.43759 0 0 2.82056 46.98464 1.94297 13
-0.66985 0.07696 11.00724 0 0 -2.29538 9.15338 0.98196 13
-1.65737 -0.08154 80.20772 0 0 2.55234 41.53619 0.54436 -13
-0.50836 0.10090 54.59115 0 0 -2.97263 48.71482 1.10253 13
-1.67718 -0.00443 96.21220 0 0 0.22510 49.27234 0.53765 -13
0.45830 0.00885 5.62016 0 0 -0.09043 5.10906 2.00052 -13
1.12548 0.00286 54.02158 0 0 -0.01881 35.88123 2.41516 13
-0.96568 0.11785 24.54981 0 0 -3.50155 17.71848 0.80630 13
-0.99657 -0.28257 24.54981 0 0 8.57526 17.71848 0.80631 13
0.32197 -0.03896 65.70308 0 0 1.26423 62.54594 1.88206 -13
-0.81189 0.14165 63.39047 0 0 -4.18136 49.40647 0.89370 -13
-0.83008 -0.25744 63.39047 0 0 7.85787 49.40647 0.89370 -13
-0.75513 -0.15341 73.17650 0 0 4.70026 58.64213 0.92960 13
-0.65293 0.13586 57.96273 0 0 -4.02737 48.66562 0.99654 13
-0.66909 -0.26353 57.96273 0 0 8.02020 48.66562 0.99653 13
0.04803 -0.18224 90.52241 0 0 5.57365 90.42149 1.61802 13
0.66664 -0.11369 56.16968 0 0 3.52108 46.82827 2.15582 -13
1.65540 0.05675 77.95847 0 0 -1.64300 40.35739 2.59747 13
-0.14170 -0.09242 29.24893 0 0 2.88749 28.96202 1.43062 -13
-0.38191 -0.05996 43.72047 0 0 1.87805 40.85277 1.20658 13
-1.64020 -0.10555 76.95987 0 0 3.25359 40.22404 0.54997 13
-0.83870 0.09849 44.40163 0 0 -2.90383 34.08767 0.87527 13
0.26316 -0.08006 17.22343 0 0 2.52514 16.65997 1.82734 -13
-0.15999 0.01392 72.37606 0 0 -0.34549 71.46733 1.41216 13
-1.53761 -0.05074 26.37086 0 0 1.57864 14.39089 0.57722 13
-0.44952 0.11389 14.10839 0 0 -3.39211 12.88193 1.15075 13
1.04977 0.02906 92.01495 0 0 -0.78753 63.48014 2.38026 -13
-0.12979 0.11892 72.37752 0 0 -3.49924 71.78385 1.44262 -13
-0.13388 -0.28141 72.37752 0 0 8.57556 71.78385 1.44263 -13
0.14026 -0.21200 43.14281 0 0 6.46429 42.74235 1.70716 13
-0.30262 -0.12318 94.04037 0 0 3.80166 90.06575 1.27902 -13
-0.39256 -0.02374 27.57817 0 0 0.77840 25.67215 1.19682 13
-0.89629 0.02040 47.56970 0 0 -0.52045 35.42670 0.84014 -13
0.98980 0.09147 30.51120 0 0 -2.65471 21.72991 2.34899 -13
0.66351 0.06875 4.14375 0 0 -1.84599 3.45530 2.15553 -13
-0.02998 -0.18576 86.77810 0 0 5.68995 86.74040 1.54133 -13
2.05820 -0.01655 37.32358 0 0 0.55124 16.31184 2.68927 13
0.56026 0.07125 97.90265 0 0 -2.06252 85.46239 2.08041 -13
-1.91744 0.06312 54.30772 0 0 -1.84247 25.15279 0.48154 13
0.22578 -0.17762 75.29777 0 0 5.43256 73.50333 1.78954 13
-0.30969 -0.01660 59.74227 0 0 0.59062 57.06881 1.27051 -13
-0.38182 -0.05814 35.99822 0 0 1.82074 33.63739 1.20662 13
-1.96248 -0.02613 75.19691 0 0 0.85644 34.14962 0.47140 13
-0.10835 -0.21628 20.52107 0 0 6.58062 20.40698 1.46529 13
-0.41959 0.07909 1.58083 0 0 -1.97046 1.45842 1.17463 -13
-0.05418 -0.24462 73.81919 0 0 7.45362 73.71717 1.51822 13
1.84587 -0.19436 43.45073 0 0 5.97004 20.99471 2.63730 -13
0.28343 -0.05075 94.10008 0 0 1.61764 90.54239 1.84665 -13
0.81471 -0.06613 30.92160 0 0 2.09618 23.99365 2.25337 -13
1.12525 -0.20120 20.91550 0 0 6.11524 14.04796 2.40520 13
-0.68363 0.04072 41.07049 0 0 -1.13240 33.91383 0.97153 -13
0.17210 -0.19430 59.67872 0 0 5.93363 58.84484 1.73815 13
-0.89210 0.10730 23.24677 0 0 -3.18488 17.39118 0.84521 13
-0.47862 0.14642 53.93833 0 0 -4.34536 48.74811 1.12852 13
-0.48844 -0.25250 53.93833 0 0 7.68798 48.74811 1.12851 13
0.49918 0.04363 97.83189 0 0 -1.24051 87.54904 2.03340 13
0.59411 0.08402 1.50155 0 0 -2.82522 1.29215 2.10533 13
-1.55278 -0.21968 63.07545 0 0 6.69277 34.72128 0.58293 13
-0.31381 0.08694 4.77959 0 0 -2.43818 4.56189 1.26780 -13
-0.09527 -0.20099 29.17176 0 0 6.16146 29.04536 1.47766 -13
0.79796 -0.06374 44.19684 0 0 1.99052 34.57380 2.24331 13
-0.86805 -0.04470 72.35039 0 0 1.42247 54.66028 0.85641 13
0.86654 -0.04149 92.68119 0 0 1.33981 70.06839 2.28439 -13
1.10835 -0.04622 67.34117 0 0 1.48631 45.13701 2.40701 -13
-0.75575 0.12482 19.66767 0 0 -3.71291 15.73490 0.92734 13
-0.77778 -0.27519 19.66767 0 0 8.35257 15.73490 0.92735 13
-0.28811 -0.18470 34.60292 0 0 5.63796 33.29261 1.29471 13
0.87878 0.03156 60.37792 0 0 -0.85992 45.36361 2.29152 -13
0.83013 0.02283 61.50669 0 0 -0.61779 47.33029 2.26351 13
-0.23714 0.02970 64.87350 0 0 -0.82244 63.12432 1.33805 13
-0.24522 -0.09731 89.33151 0 0 3.02233 86.78403 1.33141 -13
-1.38308 -0.10418 23.73761 0 0 3.18921 13.95740 0.62858 13
0.48776 -0.05163 1.43597 0 0 2.01135 1.29115 2.02408 -13
1.33458 -0.15097 64.03016 0 0 4.64762 38.67316 2.49312 -13
-1.48088 -0.16181 77.45749 0 0 4.95146 43.73256 0.59995 13
-0.64629 0.09487 55.77680 0 0 -2.77014 46.90629 0.99907 -13
1.17638 -0.23608 13.76037 0 0 7.26190 9.05227 2.42365 -13
-0.26662 -0.09387 47.12783 0 0 2.92388 45.55043 1.31133 -13
