-1.18577 -0.18968 22.04738 0 0 5.83896 14.36054 0.70933 -13
0.62134 0.11325 95.34004 0 0 -3.32903 81.12424 2.12391 -13
0.98170 0.05526 66.72910 0 0 -1.59600 47.65401 2.34620 13
0.84370 -0.06444 23.54624 0 0 1.99772 18.01197 2.27060 13
0.09965 -0.21966 51.27302 0 0 6.71716 51.03183 1.66782 -13
-0.78205 0.13589 19.49301 0 0 -3.98682 15.40779 0.91153 -13
-0.80137 -0.26343 19.49301 0 0 8.06113 15.40779 0.91153 -13
0.21683 -0.03354 76.12868 0 0 1.08664 74.40169 1.78420 13
-0.45417 0.03552 61.21135 0 0 -0.99895 55.73858 1.14472 13
0.84670 -0.09113 77.22658 0 0 2.83847 59.03961 2.27133 -13
1.94631 0.03646 30.58578 0 0 -1.05152 13.98486 2.66670 13
0.80220 -0.21321 38.91120 0 0 6.52953 30.61379 2.23605 -13
0.91384 -0.04736 92.17898 0 0 1.50237 68.08025 2.31065 13
-0.75766 -0.20195 84.25321 0 0 6.18083 67.64025 0.93201 -13
0.61988 -0.19409 37.73097 0 0 5.95174 32.23203 2.11746 -13
-0.34639 -0.13634 49.69978 0 0 4.18317 47.00816 1.24018 13
-0.65241 -0.18511 65.26902 0 0 5.67356 54.93655 1.00041 -13
0.22626 -0.22969 59.09652 0 0 7.01911 57.71007 1.78784 -13
0.88413 0.04810 62.16431 0 0 -1.38020 46.59541 2.29420 13
1.98795 0.10108 34.44020 0 0 -2.99874 15.53985 2.67348 13
-1.66294 -0.09743 95.35097 0 0 3.03006 49.30937 0.54350 -13
0.64223 -0.12250 49.51564 0 0 3.76427 41.75321 2.13831 13
0.18916 -0.19459 9.45233 0 0 5.89478 9.29348 1.75438 13
0.91575 -0.15092 5.94593 0 0 4.74983 4.40771 2.30664 -13
1.28786 0.07714 17.04670 0 0 -2.19969 10.47377 2.47992 -13
-1.93000 0.04108 12.40510 0 0 -1.07474 5.71132 0.47839 -13
0.61990 -0.07884 61.91642 0 0 2.44999 52.67030 2.12433 13
-1.01879 0.10575 95.04821 0 0 -3.11597 66.76938 0.77887 13
-0.29997 0.07485 62.48786 0 0 -2.18486 59.86667 1.28013 13
0.25755 -0.19287 89.64602 0 0 5.89372 86.90990 1.81850 13
0.47272 0.13133 38.29597 0 0 -3.89493 34.67647 2.00909 13
0.48527 -0.26832 38.29597 0 0 8.15956 34.67647 2.00909 13
-0.20904 -0.11193 71.25112 0 0 3.45056 69.76168 1.36597 13
-0.50748 -0.20643 25.77307 0 0 6.28718 23.07995 1.10955 13
-0.93767 -0.02663 26.96628 0 0 0.90819 19.67483 0.81773 -13
-0.87495 0.14474 33.74691 0 0 -4.30409 25.51166 0.85713 13
-0.89347 -0.25427 33.74691 0 0 7.73105 25.51166 0.85714 13
-0.28913 0.12512 12.67271 0 0 -3.65184 12.18143 1.29140 -13
-0.29755 -0.27475 12.67271 0 0 8.41427 12.18143 1.29139 -13
1.31971 -0.01456 75.93566 0 0 0.53090 45.86400 2.49310 -13
-1.62897 0.00695 3.79112 0 0 -0.37735 1.98338 0.55058 13
1.19958 -0.01510 82.30245 0 0 0.52759 52.70291 2.44663 13
1.18526 -0.19165 61.07089 0 0 5.85022 39.79555 2.43187 13
1.03575 -0.19356 57.09213 0 0 5.93154 40.03087 2.36456 -13
0.77094 -0.01478 41.59046 0 0 0.51251 32.93984 2.22751 13
-1.52890 0.04179 45.15724 0 0 -1.16037 24.73312 0.57963 -13
0.74656 -0.04754 56.81245 0 0 1.52576 45.54328 2.21155 -13
-0.41898 -0.03458 54.74833 0 0 1.11474 50.49999 1.17425 13
0.73961 0.01581 40.87421 0 0 -0.38120 32.86391 2.20756 -13
0.21103 -0.17825 74.33049 0 0 5.45127 72.77668 1.77563 13
0.01373 -0.24754 87.99196 0 0 7.54244 87.98415 1.58413 13
0.73005 -0.02057 55.42139 0 0 0.71245 44.76562 2.20131 -13
-1.07963 -0.06083 12.76534 0 0 1.85977 8.68314 0.74805 13
0.02869 -0.23868 37.48011 0 0 7.26801 37.46552 1.59870 13
-0.04949 -0.14093 36.81073 0 0 4.34564 36.76660 1.52183 -13
0.54418 0.10173 14.56016 0 0 -2.94894 12.80400 2.06700 -13
-0.36334 -0.15584 87.16230 0 0 4.78827 82.03583 1.22612 -13
0.41866 -0.21784 79.69589 0 0 6.65965 73.76310 1.95909 -13
-1.97897 -0.24939 78.79925 0 0 7.59060 36.39859 0.48014 13
-2.01019 0.09100 51.04253 0 0 -2.64302 22.80975 0.46326 -13
-1.55874 -0.18153 66.26942 0 0 5.56980 36.19536 0.57780 -13
0.64937 -0.06005 48.29957 0 0 1.90490 40.52954 2.14591 -13
-1.14716 -0.22005 5.44689 0 0 6.85758 3.62715 0.72870 -13
-1.14887 0.11876 88.35195 0 0 -3.50862 58.23778 0.71970 13
-1.18521 -0.28161 88.35195 0 0 8.56812 58.23778 0.71971 13
0.40470 -0.03521 50.43743 0 0 1.13275 46.75794 1.95513 13
-0.51396 -0.08644 5.04679 0 0 2.79579 4.49178 1.09755 -13
0.34568 0.07947 51.23097 0 0 -2.30614 48.43607 1.90264 -13
-1.40816 -0.16361 62.68864 0 0 5.00373 36.61569 0.62375 13
-1.82276 -0.19763 37.91199 0 0 6.01471 18.50426 0.50990 13
0.03022 -0.00030 29.18875 0 0 0.10688 29.17543 1.60100 -13
-0.88812 -0.24387 30.69933 0 0 7.46137 23.24344 0.85890 -13
-1.32742 0.02755 82.22758 0 0 -0.73995 49.48868 0.64582 -13
0.20768 -0.13760 11.03017 0 0 4.18550 10.80383 1.77370 13
0.54027 -0.13005 40.20027 0 0 4.01814 35.43517 2.06264 -13
0.52688 0.00337 28.73175 0 0 -0.00125 25.41935 2.05571 -13
0.01028 -0.05946 29.91976 0 0 1.85818 29.91818 1.58106 13
-0.27528 -0.21278 69.64791 0 0 6.49228 67.25280 1.30778 13
-1.34857 -0.16551 25.68613 0 0 5.03930 15.43226 0.64453 13
-0.26049 -0.17096 63.20221 0 0 5.24586 61.21652 1.31946 -13
0.28116 0.12780 68.57324 0 0 -3.76577 66.05266 1.84277 -13
0.28902 -0.27200 68.57324 0 0 8.29432 66.05266 1.84277 -13
-0.48061 -0.05531 88.48975 0 0 1.74376 79.77972 1.12338 13
-1.96311 -0.15483 66.29190 0 0 4.76856 30.37233 0.47594 -13
0.19381 0.11089 5.61900 0 0 -3.35721 5.51747 1.76110 13
-0.42926 0.07423 93.12034 0 0 -2.15259 85.60658 1.16632 -13
-0.94809 0.06591 76.81319 0 0 -1.89793 55.79997 0.81312 -13
-1.82906 -0.14022 22.63193 0 0 4.26702 10.93779 0.50444 13
-1.90786 -0.18039 42.77163 0 0 5.54991 20.10667 0.48939 -13
-0.81979 -0.15487 68.78983 0 0 4.74292 53.45111 0.88991 13
1.73156 -0.23943 22.20259 0 0 7.35312 11.33706 2.60572 -13
-1.86077 -0.20814 5.13620 0 0 6.15147 2.47136 0.50202 13
0.00116 -0.21034 95.34771 0 0 6.43063 95.34765 1.57194 -13
-0.49930 -0.03672 87.80064 0 0 1.18246 78.56388 1.10798 13
-0.39083 -0.02361 29.32157 0 0 0.81108 27.31094 1.19832 -13
-0.17362 -0.24441 65.89285 0 0 7.46155 64.97527 1.40371 -13
-0.32867 -0.01286 24.91798 0 0 0.44744 23.67237 1.25327 13
-0.27696 0.13028 5.26483 0 0 -3.74947 5.07671 1.30277 -13
-0.28440 -0.26926 5.26483 0 0 8.30828 5.07671 1.30279 -13
0.23546 -0.10074 95.08206 0 0 3.12551 92.57558 1.80092 -13
-1.36089 -0.21773 62.65177 0 0 6.63438 37.65613 0.64480 13
-0.30516 -0.18416 89.15716 0 0 5.64140 85.39442 1.27923 -13
-0.02044 -0.24400 30.69971 0 0 7.45916 30.69365 1.55095 -13
0.64862 0.13284 20.95973 0 0 -3.95307 17.62981 2.14221 13
0.66540 -0.26679 20.95973 0 0 8.09847 17.62981 2.14218 13
-0.93985 -0.09558 35.61361 0 0 2.98310 26.00635 0.81866 -13
-0.04703 -0.01053 15.59698 0 0 0.36816 15.57972 1.52380 13
-0.88419 0.01716 64.35876 0 0 -0.44642 48.21809 0.84686 13
-0.84957 0.05944 61.30239 0 0 -1.72229 46.75329 0.86742 13
-0.44599 -0.24308 89.91260 0 0 7.42297 82.49925 1.16185 -13
0.46866 -0.24231 7.99330 0 0 7.46918 7.27406 1.99820 -13
-0.31266 0.02078 73.31950 0 0 -0.55241 69.98031 1.26783 13
-0.48284 -0.12554 29.56138 0 0 3.88643 26.65920 1.12402 -13
-0.25210 -0.13604 68.44203 0 0 4.19227 66.40164 1.32600 -13
-1.51441 0.01960 63.19920 0 0 -0.49596 34.82917 0.58369 -13
1.76315 -0.06114 89.38675 0 0 1.93633 44.16021 2.62486 -13
-0.37670 -0.02747 34.97727 0 0 0.92416 32.73339 1.21066 -13
-0.03616 -0.15555 51.15298 0 0 4.78277 51.12035 1.53508 -13
-2.04987 -0.11188 66.02872 0 0 3.47300 29.09460 0.45632 -13
0.03902 0.06864 60.95995 0 0 -1.98147 60.91380 1.60970 -13
-1.93902 -0.11031 27.73445 0 0 3.37036 12.77383 0.47862 13
-0.79145 -0.17828 13.62679 0 0 5.50588 10.74906 0.90889 -13
0.33517 -0.12140 72.87957 0 0 3.73614 69.15202 1.89200 13
-0.27770 -0.23175 63.98512 0 0 7.06381 61.76493 1.30659 13
1.16528 -0.23082 7.50460 0 0 7.14846 4.96013 2.41953 -13
0.26853 -0.04083 49.78470 0 0 1.30281 48.08402 1.83293 13
1.68077 -0.21223 16.13856 0 0 6.54346 8.38671 2.59515 -13
1.10233 -0.15671 81.30422 0 0 4.81701 54.99020 2.39879 -13
-1.54693 -0.22619 71.14360 0 0 6.89077 39.30297 0.58530 13
-0.46236 -0.19970 6.21122 0 0 6.19633 5.65713 1.14511 -13
0.11065 -0.06844 17.80062 0 0 2.17357 17.69318 1.68074 -13
1.84811 0.10593 90.16949 0 0 -3.12580 43.09664 2.64327 13
-0.62708 -0.16307 39.62770 0 0 4.98665 33.69642 1.01659 13
-1.92615 -0.14941 92.07507 0 0 4.59956 42.79585 0.48340 -13
1.09381 -0.11398 6.39955 0 0 3.40573 4.33342 2.39775 13
-1.10160 0.02619 4.38916 0 0 -0.55522 2.95088 0.73726 -13
0.51320 -0.03072 88.11256 0 0 1.01411 78.40008 2.04475 -13
0.56608 0.09105 89.83214 0 0 -2.65968 78.25403 2.08413 -13
-0.90596 -0.06702 33.08971 0 0 2.08275 24.54748 0.83581 13
1.43683 0.06052 20.42026 0 0 -1.78553 11.68001 2.53271 13
-0.30492 -0.07258 39.42650 0 0 2.25777 37.72077 1.27557 13
-0.99916 0.12521 94.89081 0 0 -3.68881 67.38509 0.78971 -13
-1.02815 -0.27475 94.89081 0 0 8.37579 67.38509 0.78971 -13
-0.48396 -0.11349 1.52485 0 0 3.15048 1.37435 1.12257 13
-1.08264 -0.04293 75.30117 0 0 1.38583 51.11813 0.74620 -13
1.51001 -0.04213 80.95649 0 0 1.36345 44.72741 2.55625 -13
0.65307 -0.15443 55.45969 0 0 4.72893 46.59724 2.14394 13
0.18000 0.04711 60.81290 0 0 -1.34817 59.85302 1.74870 13
-0.98853 -0.16511 21.31252 0 0 5.09323 15.25764 0.79789 -13
-0.55208 0.12822 1.18345 0 0 -4.26697 1.03774 1.06980 13
-0.56757 -0.27257 1.18345 0 0 7.78048 1.03774 1.06980 13
1.24435 -0.06084 29.91009 0 0 1.94360 18.75673 2.46374 -13
-1.79672 -0.21030 88.04046 0 0 6.41357 43.52503 0.51712 13
-0.17246 -0.19806 9.04811 0 0 6.11220 8.92131 1.40321 -13
0.08709 -0.06070 28.85547 0 0 1.89563 28.74704 1.65750 13
0.74430 0.08441 86.19172 0 0 -2.47191 69.22934 2.20894 13
-0.78084 -0.15882 74.79731 0 0 4.86383 59.23041 0.91388 13
-0.25846 0.11943 78.14930 0 0 -3.51463 75.69614 1.31958 -13
-0.26658 -0.28087 78.14930 0 0 8.56097 75.69614 1.31957 -13
0.33032 -0.04822 44.32077 0 0 1.54761 42.08906 1.88948 -13
1.52129 -0.22757 31.41257 0 0 6.97538 17.55905 2.54843 -13
0.62171 -0.15201 92.55827 0 0 4.67311 78.85371 2.12191 -13
-0.95601 0.07892 84.93735 0 0 -2.29139 61.48610 0.80944 -13
-1.45820 0.09887 53.92418 0 0 -2.91754 30.59853 0.60339 13
0.33305 -0.22825 56.30185 0 0 6.95711 53.54980 1.88476 13
-0.54419 0.02241 64.07112 0 0 -0.58629 56.28087 1.07253 -13
1.17862 -0.13313 52.54528 0 0 4.11134 34.16824 2.43366 -13
0.72763 0.13837 71.79950 0 0 -4.08410 58.24649 2.19532 -13
0.74487 -0.26088 71.79950 0 0 7.95961 58.24649 2.19531 -13
1.49766 0.12897 92.82111 0 0 -3.79923 51.83756 2.54905 -13
1.53883 -0.27076 92.82111 0 0 8.25877 51.83756 2.54905 -13
0.29238 -0.21460 88.20581 0 0 6.54850 84.80847 1.84924 13
-1.48865 -0.06095 16.38499 0 0 1.97596 9.14864 0.59237 -13
1.88656 -0.19305 64.02841 0 0 5.88694 30.41681 2.64657 13
0.36066 -0.16294 11.18412 0 0 5.04531 10.53661 1.91277 -13
1.67953 -0.13797 5.24404 0 0 4.42964 2.70134 2.60041 -13
-0.85063 -0.11794 92.35819 0 0 3.64636 70.55309 0.86934 -13
-0.50782 0.03364 28.50606 0 0 -0.91445 25.41957 1.10114 -13
0.99199 0.04687 67.35915 0 0 -1.32258 47.84737 2.35163 -13
0.01836 0.08376 26.03951 0 0 -2.42581 26.03517 1.58909 -13
-0.07058 0.05471 27.76730 0 0 -1.55133 27.69860 1.50043 -13
-0.61906 -0.06346 42.95799 0 0 1.98229 36.54590 1.01738 13
1.78719 -0.11080 22.12884 0 0 3.46779 10.85619 2.62885 -13
0.31371 0.14134 48.95598 0 0 -4.17219 46.75323 1.87197 -13
0.32077 -0.25776 48.95598 0 0 7.86709 46.75323 1.87197 -13
-0.00636 -0.12829 52.71694 0 0 3.94222 52.71589 1.56448 13
-0.65794 -0.13790 25.20309 0 0 4.21730 21.11359 0.99318 13
0.34769 -0.17402 93.84593 0 0 5.33656 88.78172 1.90081 -13
0.81862 0.12206 79.76366 0 0 -3.60814 61.90299 2.25316 13
0.84343 -0.27809 79.76366 0 0 8.46232 61.90299 2.25317 13
0.43379 -0.00995 15.00206 0 0 0.41572 13.76303 1.98007 -13
-0.41167 -0.11719 62.72946 0 0 3.60808 58.06340 1.18266 13
0.22865 -0.09344 2.80429 0 0 3.07785 2.73445 1.79464 -13
-0.81075 0.10035 33.21170 0 0 -2.96497 25.84938 0.89199 13
0.42638 -0.24003 85.99219 0 0 7.31574 79.43516 1.96383 13
0.44186 0.00189 77.97621 0 0 0.03112 71.32403 1.98686 -13
-1.72034 -0.05599 57.75745 0 0 1.75345 29.05974 0.52722 13
-0.45088 -0.03975 89.68934 0 0 1.27427 81.77361 1.14750 13
-1.01782 0.14506 16.68949 0 0 -4.33719 11.75816 0.78177 13
-1.03927 -0.25403 16.68949 0 0 7.69707 11.75816 0.78177 13
-1.40179 0.08980 22.00457 0 0 -2.59015 12.81352 0.62154 -13
0.01355 -0.01455 68.60985 0 0 0.52705 68.60355 1.58435 -13
-0.39902 -0.17297 76.04863 0 0 5.29267 70.77441 1.19618 13
0.06111 -0.21894 51.22458 0 0 6.67627 51.13358 1.63042 13
0.54720 -0.03820 60.69747 0 0 1.22436 53.25576 2.07118 13
-0.27295 0.03471 38.72494 0 0 -0.97890 37.35987 1.30449 13
0.06380 0.02539 28.56732 0 0 -0.70177 28.50941 1.63449 13
0.25803 -0.07325 36.76846 0 0 2.27683 35.60830 1.82267 13
-0.57364 0.10233 90.65564 0 0 -3.01182 78.73751 1.05223 13
-0.90901 0.03688 11.41626 0 0 -1.08794 8.45025 0.83336 13
1.86335 0.04319 87.35032 0 0 -1.21001 41.33552 2.64865 -13
0.40516 -0.10287 45.13747 0 0 3.17280 41.86518 1.95391 13
-0.60571 -0.23046 16.31058 0 0 7.06984 14.04623 1.03759 -13
1.00956 0.07291 19.05815 0 0 -2.08191 13.42927 2.35963 -13
-0.26993 -0.07799 69.76752 0 0 2.44102 67.37039 1.30791 -13
-0.06488 0.03148 60.89016 0 0 -0.86019 60.76253 1.50604 -13
-1.56746 -0.24254 34.79786 0 0 7.37116 19.09662 0.58091 13
-0.61308 -0.07026 74.81081 0 0 2.19312 63.82132 1.02191 13
-0.40578 -0.21938 49.53852 0 0 6.68897 46.05296 1.19344 13
1.26328 -0.02328 96.77953 0 0 0.79130 60.07771 2.47187 -13
-0.97728 0.02577 17.99222 0 0 -0.73454 12.87010 0.79706 13
0.05766 -0.14621 86.36634 0 0 4.49755 86.22611 1.62779 -13
-0.88182 -0.19143 51.27496 0 0 5.84361 38.75929 0.85704 13
0.82169 -0.16736 94.05797 0 0 5.12308 73.07414 2.25186 13
-1.51453 -0.17413 19.48824 0 0 5.38188 10.85020 0.59045 -13
-0.02708 0.14463 85.99378 0 0 -4.27575 85.96292 1.54401 -13
-0.02764 -0.25433 85.99378 0 0 7.75925 85.96292 1.54401 -13
-0.81653 -0.22156 85.84959 0 0 6.75662 67.12898 0.89776 13
0.68675 -0.23983 19.95053 0 0 7.34657 16.59086 2.15959 -13
1.80385 0.02565 71.51717 0 0 -0.67821 34.68389 2.63526 -13
0.58367 -0.04666 11.23464 0 0 1.53854 9.70550 2.09865 -13
0.80999 -0.23566 81.56656 0 0 7.18168 64.05314 2.23842 13
0.75091 0.02043 69.66555 0 0 -0.54350 55.71212 2.21478 13
1.22520 -0.09625 93.64568 0 0 2.97669 59.37785 2.45480 13
0.78322 -0.01292 20.84557 0 0 0.50062 16.41156 2.23518 -13
-1.47906 0.06001 22.86114 0 0 -1.76737 12.82027 0.59534 13
-0.79481 0.05134 76.30047 0 0 -1.45932 59.76172 0.89987 -13
1.18983 -0.19378 30.17633 0 0 5.95199 19.62480 2.43357 -13
-1.68555 -0.00014 30.78484 0 0 0.11717 15.70779 0.53546 -13
-0.69589 -0.11104 19.75339 0 0 3.40152 16.24619 0.96570 13
-2.07210 0.13563 76.26183 0 0 -4.02570 33.39193 0.45321 13
-2.12360 -0.26380 76.26183 0 0 8.02186 33.39193 0.45320 13
-0.55974 0.09608 20.21583 0 0 -2.78930 17.65980 1.06246 -13
-1.43393 -0.16237 50.22769 0 0 4.96321 28.98290 0.61509 13
1.70252 -0.09465 15.48274 0 0 2.87395 7.86695 2.60857 13
0.98283 0.01017 30.64085 0 0 -0.24813 21.85376 2.34751 13
1.71951 -0.15304 89.78680 0 0 4.70809 45.52909 2.60980 -13
0.24851 -0.24656 10.18296 0 0 7.46502 9.89890 1.80756 13
-0.90994 0.00021 50.31046 0 0 0.08794 37.21087 0.83252 -13
-0.74423 0.04277 46.92998 0 0 -1.22193 37.66036 0.93144 13
-0.72008 0.03665 11.13880 0 0 -1.07737 9.04126 0.94704 13
-0.68282 -0.20608 90.81379 0 0 6.30430 75.48891 0.98134 -13
1.35696 -0.11338 32.23647 0 0 3.52756 19.20269 2.50345 -13
0.72029 0.02382 96.17507 0 0 -0.63096 78.04635 2.19488 -13
0.20625 0.12540 6.10720 0 0 -3.61892 5.98314 1.77266 -13
0.21231 -0.27443 6.10720 0 0 8.44709 5.98314 1.77274 -13
-0.20667 0.07023 45.08381 0 0 -2.02598 44.15519 1.36748 -13
-0.89777 -0.16600 27.98639 0 0 5.11309 20.95087 0.84597 -13
0.27253 -0.05368 61.00076 0 0 1.70888 58.86009 1.83650 -13
-0.78761 -0.18420 45.17165 0 0 5.62338 35.71185 0.91175 13
1.17295 -0.07907 61.88085 0 0 2.45473 40.21974 2.43408 13
0.11728 0.01027 84.46159 0 0 -0.22276 83.88673 1.68754 -13
0.58221 -0.22230 58.57065 0 0 6.79671 50.92139 2.08761 -13
-0.56973 -0.12669 3.33448 0 0 4.07371 2.90304 1.05635 -13
0.65793 -0.02100 73.18105 0 0 0.72284 61.13967 2.15262 -13
0.87045 -0.19006 52.56849 0 0 5.80210 39.95253 2.27827 13
1.35323 -0.06619 61.65688 0 0 2.06491 36.69520 2.50414 13
-0.96270 -0.24572 83.74409 0 0 7.50162 61.17429 0.81904 -13
1.03020 -0.18781 36.21623 0 0 5.72731 25.44896 2.36240 13
1.30964 -0.12765 25.37241 0 0 3.89831 15.47705 2.48556 13
0.15402 0.09816 43.51693 0 0 -2.89052 43.01450 1.72289 13
0.29675 -0.21019 2.79331 0 0 6.23113 2.68258 1.85343 13
-1.43041 0.12454 8.04184 0 0 -3.77889 4.63204 0.61374 13
-1.47265 -0.27577 8.04184 0 0 8.28436 4.63204 0.61367 13
0.04992 -0.23962 24.39637 0 0 7.28812 24.36767 1.61930 13
-0.37811 0.11957 25.83814 0 0 -3.54668 24.18955 1.21165 13
-0.38999 -0.28089 25.83814 0 0 8.52823 24.18955 1.21162 13
-2.04575 -0.15821 70.00694 0 0 4.86939 31.05175 0.45956 -13
-0.47474 -0.19155 11.22073 0 0 5.90862 10.16947 1.13450 -13
1.54026 -0.06785 79.84393 0 0 2.11660 43.54828 2.56470 13
1.50821 -0.15516 70.15619 0 0 4.74858 39.08901 2.55062 13
-0.56836 0.11331 57.12768 0 0 -3.32723 49.74330 1.05670 -13
0.72330 -0.16437 8.45420 0 0 4.96710 6.88154 2.19067 13
0.24841 -0.14854 83.14093 0 0 4.56798 80.73940 1.81173 -13
1.35904 -0.23461 27.94138 0 0 7.12677 16.84622 2.49440 13
0.94864 0.13719 83.30620 0 0 -4.06482 60.70370 2.32519 13
0.97160 -0.26213 83.30620 0 0 7.98071 60.70370 2.32520 13
-0.56126 0.11412 80.50008 0 0 -3.35443 70.30739 1.06211 -13
1.69088 -0.00234 34.99048 0 0 0.17921 17.81185 2.60751 -13
0.56602 -0.05865 92.41209 0 0 1.85654 80.45638 2.08512 -13
-1.75795 -0.06649 14.52062 0 0 2.01724 7.19134 0.51815 13
1.13026 -0.20767 14.22198 0 0 6.40309 9.53561 2.40678 -13
-0.00004 -0.02468 22.87598 0 0 0.80420 22.87598 1.57076 13
-2.12429 -0.12430 58.32491 0 0 3.81091 24.99809 0.44293 13
0.43019 0.03988 38.16700 0 0 -1.13547 35.06484 1.97677 13
0.47305 0.06548 93.63783 0 0 -1.89938 84.67788 2.01182 13
1.83201 -0.24444 51.60171 0 0 7.47845 25.27743 2.62964 -13
0.36050 -0.02425 85.40117 0 0 0.81883 80.34253 1.91670 -13
0.14706 -0.07086 18.54211 0 0 2.19248 18.34579 1.71645 13
-0.11890 0.12957 83.43881 0 0 -3.82148 82.86470 1.45342 -13
-0.12214 -0.27013 83.43881 0 0 8.23575 82.86470 1.45343 -13
1.19762 -0.06053 2.49661 0 0 1.62781 1.59900 2.44498 13
-0.79597 -0.23984 80.39388 0 0 7.32347 63.57498 0.91210 -13
-0.85250 -0.00038 40.52305 0 0 0.10844 30.83837 0.86485 -13
0.72238 -0.07862 88.76623 0 0 2.44590 72.03174 2.19492 13
1.38759 0.03491 67.20659 0 0 -0.95936 39.30866 2.51684 -13
0.55586 0.09298 53.82441 0 0 -2.73364 47.09223 2.07630 13
-1.01766 -0.13304 3.08680 0 0 3.86438 2.17324 0.78103 13
0.16397 0.00773 82.31712 0 0 -0.14639 81.23242 1.73332 -13
1.56879 0.04559 82.08536 0 0 -1.30509 44.15483 2.57363 13
-0.31663 0.00658 5.23344 0 0 -0.02193 4.98931 1.26416 -13
1.61244 0.04227 28.29176 0 0 -1.16110 14.92086 2.58607 -13
1.47467 0.06087 82.97754 0 0 -1.76516 46.62941 2.54484 13
-0.39198 0.03302 91.26965 0 0 -0.90892 84.98094 1.19741 -13
-0.88369 -0.04735 42.70275 0 0 1.52480 32.01488 0.84762 -13
0.21641 0.08652 10.69507 0 0 -2.48031 10.45495 1.78315 -13
-0.33310 -0.15643 88.11024 0 0 4.80516 83.69457 1.25287 -13
0.04429 -0.25178 6.28493 0 0 7.59471 6.27916 1.61372 13
-0.37620 0.03074 20.81960 0 0 -0.82180 19.48747 1.21113 -13
-0.37561 -0.19218 5.89573 0 0 5.78961 5.53141 1.21742 13
-1.30808 -0.15830 90.63526 0 0 4.84786 55.47507 0.65868 13
0.28311 -0.10368 6.64253 0 0 3.13147 6.39380 1.84528 13
-0.79655 -0.11579 89.66426 0 0 3.58073 70.31532 0.90141 -13
0.40979 -0.24071 44.28833 0 0 7.32935 41.14307 1.94993 13
1.04847 -0.13491 80.96213 0 0 4.14171 56.14203 2.37535 13
1.14815 -0.04563 4.12608 0 0 1.63590 2.71172 2.42453 -13
-1.13409 -0.16462 46.64125 0 0 5.03182 31.07852 0.72929 13
1.72251 -0.17592 56.96625 0 0 5.40490 28.92746 2.60896 -13
1.20490 -0.23037 21.74824 0 0 7.06682 14.10177 2.43612 -13
0.27747 -0.17904 43.88883 0 0 5.49340 42.33810 1.83742 -13
1.53109 0.01870 4.21715 0 0 -0.68985 2.30628 2.56294 13
-0.26185 -0.11867 9.90987 0 0 3.71246 9.59121 1.31641 -13
-0.85934 -0.09987 64.37902 0 0 3.08413 48.93041 0.86336 13
-0.57577 0.06874 63.50795 0 0 -1.98335 55.06947 1.04940 -13
1.04514 -0.12479 41.27186 0 0 3.86187 28.64717 2.37440 -13
0.30822 -0.02218 48.96106 0 0 0.74030 46.78994 1.86971 13
0.04616 -0.06041 77.58842 0 0 1.89722 77.50622 1.61684 13
1.45288 0.11013 59.16831 0 0 -3.22567 33.68415 2.53595 -13
-2.05386 -0.12487 36.59921 0 0 3.87861 16.12146 0.45616 -13
0.24181 -0.01204 86.99921 0 0 0.43957 84.56231 1.80804 13
0.60850 -0.17843 85.86478 0 0 5.45695 73.65941 2.11051 13
1.49104 0.10154 26.79850 0 0 -3.01342 14.97993 2.54845 13
-0.08890 -0.08454 3.30231 0 0 2.77899 3.28942 1.48244 -13
0.47131 0.13899 63.00005 0 0 -4.11973 57.08617 2.00755 13
0.48237 -0.26026 63.00005 0 0 7.92302 57.08617 2.00755 13
-0.40987 -0.18420 38.69010 0 0 5.62362 35.88488 1.18763 13
-1.57768 -0.09956 84.49666 0 0 3.09459 45.39465 0.56716 -13
1.35360 -0.22088 73.69441 0 0 6.73354 44.46391 2.49390 13
-1.66624 -0.22956 40.33264 0 0 6.98087 21.14761 0.55193 13
0.34463 0.11194 3.30688 0 0 -3.14378 3.12840 1.90076 -13
0.43987 -0.17972 5.89015 0 0 5.40360 5.40551 1.97936 13
0.59573 -0.08236 97.43465 0 0 2.57151 83.78024 2.10659 -13
-0.16386 -0.02490 56.99525 0 0 0.84092 56.24569 1.40843 -13
-0.53396 -0.23821 98.23726 0 0 7.26159 87.17854 1.09173 13
-0.33765 -0.17427 65.73394 0 0 5.32991 62.37353 1.24967 13
-0.70732 -0.09114 41.34646 0 0 2.81653 33.80206 0.95712 13
0.21987 -0.02836 94.81569 0 0 0.94177 92.60561 1.78713 -13
-1.73267 -0.21172 83.32267 0 0 6.47958 42.33714 0.53299 -13
-0.04612 -0.20714 96.01450 0 0 6.33473 95.91672 1.52566 -13
0.16673 0.05753 65.93103 0 0 -1.64644 65.03606 1.73574 -13
1.89299 -0.22077 32.89258 0 0 6.77354 15.65122 2.64570 -13
0.10204 -0.19859 45.61854 0 0 6.06034 45.39179 1.67055 13
-0.52657 -0.18793 32.75209 0 0 5.76711 29.08772 1.09324 -13
0.31688 -0.04141 67.63463 0 0 1.33788 64.47991 1.87742 -13
-0.59908 0.01909 54.44305 0 0 -0.50461 46.70554 1.03113 13
-1.17887 -1.62578 54.44305 0 0 -0.42807 46.70554 1.01752 13
0.61102 1.83047 54.44305 0 0 0.37939 46.70554 1.28583 13
0.06494 -0.05701 11.44844 0 0 1.75726 11.42449 1.63554 13
0.34736 -0.14620 33.36112 0 0 4.50765 31.54933 1.90186 -13
-1.05718 0.03358 48.94962 0 0 -0.91764 33.64722 0.75789 -13
1.10517 -0.05437 80.19030 0 0 1.71255 53.84692 2.40538 13
-0.64443 0.06791 30.59796 0 0 -1.98629 25.73735 0.99939 13
-0.39641 -0.20592 20.59303 0 0 6.32054 19.19677 1.20045 -13
0.30164 0.13937 4.54096 0 0 -4.23921 4.35074 1.86111 13
0.30878 -0.26007 4.54096 0 0 7.80140 4.35074 1.86118 13
1.66587 -0.20513 1.45978 0 0 5.59299 0.76283 2.59183 13
0.05304 0.01989 54.33779 0 0 -0.52782 54.26155 1.62378 13
1.77641 -0.10684 92.74626 0 0 3.29299 45.69232 2.62644 13
-0.17240 -0.16811 74.17927 0 0 5.14516 73.12937 1.40239 13
0.10759 -0.06203 94.43261 0 0 1.95765 93.89281 1.67777 -13
-0.27976 0.07350 82.56027 0 0 -2.14192 79.52308 1.29871 13
-1.08011 0.08581 37.59365 0 0 -2.48805 25.59039 0.74873 -13
1.67314 0.02606 45.86298 0 0 -0.72519 23.53478 2.60273 13
-0.02529 -0.24593 37.46895 0 0 7.48553 37.45766 1.54624 13
0.64813 0.03198 10.22744 0 0 -0.94034 8.58357 2.14562 13
0.56892 -0.20588 69.06263 0 0 6.28336 60.32848 2.07917 13
-1.30199 -0.22852 85.89342 0 0 6.98403 53.15635 0.66729 -13
-1.49632 -0.08084 31.90606 0 0 2.54793 17.76937 0.59064 -13
-0.93439 0.08758 25.83389 0 0 -2.58744 18.90960 0.82121 13
0.18104 -0.05009 92.56572 0 0 1.58654 91.08856 1.74968 13
-0.32565 0.01484 51.76469 0 0 -0.35663 49.22121 1.25601 -13
-1.01250 -0.13869 19.87326 0 0 4.30018 14.03179 0.78395 -13
1.05709 -0.14271 74.33531 0 0 4.39597 51.35575 2.37890 -13
-0.72098 0.03625 45.12700 0 0 -1.02530 36.61330 0.94644 13
2.15344 -0.05258 10.93850 0 0 1.76844 4.61256 2.70632 -13
-1.47996 -0.07146 29.38729 0 0 2.26757 16.48183 0.59541 -13
-1.07495 -0.17051 22.78031 0 0 5.19264 15.63449 0.75644 13
-1.08797 -0.04812 72.80228 0 0 1.52284 49.29676 0.74387 13
-1.21948 -0.15254 20.52801 0 0 4.64577 13.10620 0.69247 13
-1.63750 -0.20590 14.51310 0 0 6.36032 7.67864 0.55752 -13
-1.74486 -0.04439 3.83298 0 0 1.66633 1.90785 0.52084 -13
-0.61134 0.09352 77.32251 0 0 -2.73311 66.04975 1.02401 -13
-1.92561 -0.07178 6.90054 0 0 2.09148 3.18673 0.48003 13
-0.42042 0.07218 81.42289 0 0 -2.08948 75.08828 1.17374 -13
-0.04152 -0.17277 59.63327 0 0 5.28409 59.58338 1.52990 13
0.45193 0.12081 49.08198 0 0 -3.57414 44.78093 1.99254 13
0.46586 -0.27944 49.08198 0 0 8.49859 44.78093 1.99255 13
0.09184 -0.19048 40.67196 0 0 5.84026 40.50739 1.66077 -13
0.31440 -0.09512 74.42388 0 0 2.94357 71.02615 1.87412 13
0.58248 -0.16165 98.51084 0 0 4.95207 85.39898 2.09265 13
-1.19675 0.13110 3.27897 0 0 -4.10256 2.11357 0.70027 13
-1.22878 -0.26900 3.27897 0 0 7.94758 2.11357 0.70027 13
-0.18329 0.14408 63.40655 0 0 -4.25722 62.38822 1.39133 -13
-0.18721 -0.25489 63.40655 0 0 7.77849 62.38822 1.39134 -13
0.93398 -0.18866 89.87019 0 0 5.77982 66.21147 2.31335 -13
-1.22867 -0.04314 79.70595 0 0 1.37305 50.34163 0.68361 13
-1.33786 0.10303 44.15126 0 0 -3.00839 26.52312 0.64441 -13
0.49520 -0.04546 88.25748 0 0 1.44630 79.10713 2.03018 13
0.17423 -0.10114 78.49039 0 0 3.13850 77.33701 1.74244 -13
-1.00358 0.11171 29.07008 0 0 -3.31202 20.58331 0.78671 13
-0.48930 -0.00013 89.02124 0 0 0.08026 79.96221 1.11574 13
-1.17802 0.09112 66.69816 0 0 -2.67899 43.26678 0.70588 13
-1.32562 -0.09944 58.30912 0 0 3.09551 35.22441 0.64865 -13
0.33126 0.12157 4.68342 0 0 -3.70004 4.44889 1.88850 13
0.34138 -0.27874 4.68342 0 0 8.36828 4.44889 1.88850 13
-0.55433 0.10422 38.28174 0 0 -3.07671 33.52411 1.06692 13
1.39403 -0.14322 4.68447 0 0 4.23198 2.74876 2.51450 13
1.21099 -0.20225 98.73933 0 0 6.18994 63.61881 2.44147 -13
-1.02960 -0.07694 20.13163 0 0 2.36744 14.04694 0.77229 13
-0.76818 0.05843 74.87641 0 0 -1.68824 59.41679 0.91659 13
-0.73496 -0.09466 48.40325 0 0 2.94882 39.06343 0.93912 -13
-0.26720 -0.08029 49.10659 0 0 2.51335 47.45237 1.31050 -13
-1.07396 0.03551 20.19962 0 0 -1.02498 13.77007 0.75007 13
-0.35029 -0.15405 56.39256 0 0 4.71909 53.28927 1.23751 13
-1.03212 -0.03772 8.89991 0 0 1.29938 6.19532 0.76995 -13
0.19855 0.01077 38.19099 0 0 -0.25611 37.45976 1.76678 13
-0.28467 -0.07045 21.30968 0 0 2.21081 20.50050 1.29411 -13
-0.58687 -0.14629 67.77614 0 0 4.50231 58.61102 1.04470 -13
-2.01494 0.07454 28.46841 0 0 -2.20626 12.68389 0.46178 13
0.86901 0.01773 10.13034 0 0 -0.39014 7.64715 2.28614 -13
-0.85601 -0.22034 94.77355 0 0 6.72101 72.71302 0.87451 13
-1.74572 0.10910 44.35545 0 0 -3.23191 22.14570 0.52276 13
-0.42911 0.01545 15.82924 0 0 -0.35112 14.54671 1.16549 -13
0.21871 0.14038 79.31554 0 0 -4.14753 77.51830 1.78409 -13
0.22373 -0.25878 79.31554 0 0 7.89272 77.51830 1.78409 -13
-0.90378 0.10992 64.34990 0 0 -3.24461 47.86992 0.83888 13
-0.29434 0.08753 97.86858 0 0 -2.55375 93.91465 1.28558 -13
-2.06693 -0.11036 55.80847 0 0 3.43182 24.42441 0.45299 -13
-1.39683 -0.16957 7.86977 0 0 5.08670 4.62383 0.62805 13
-1.21443 0.05310 52.84512 0 0 -1.53525 33.61852 0.68956 13
-0.38110 0.14726 44.88896 0 0 -4.37282 42.00289 1.21024 13
-0.38877 -0.25162 44.88896 0 0 7.65910 42.00289 1.21026 13
0.94110 0.09174 67.83815 0 0 -2.67641 49.49795 2.32377 -13
-0.31339 -0.07630 45.59911 0 0 2.39390 43.52365 1.26793 -13
0.82101 0.14755 53.96296 0 0 -4.38167 41.88732 2.25294 13
0.83749 -0.25132 53.96296 0 0 7.64955 41.88732 2.25295 13
0.47767 -0.13639 24.69208 0 0 4.21824 22.31805 2.01284 -13
1.17508 0.00593 97.63414 0 0 -0.10521 63.27693 2.43650 13
-0.50767 -0.15922 35.01170 0 0 4.86859 31.29860 1.10607 13
-0.14331 0.06835 62.58920 0 0 -1.98827 61.95917 1.42878 13
1.58939 0.09552 63.84685 0 0 -2.81559 34.11187 2.57795 13
-1.25599 0.11761 49.31779 0 0 -3.48229 30.84782 0.67576 13
-1.68630 0.03207 91.20010 0 0 -0.87551 46.53618 0.53549 -13
-0.14596 0.13215 4.78267 0 0 -4.01099 4.73338 1.42709 13
-0.14980 -0.26781 4.78267 0 0 8.03976 4.73338 1.42709 13
-0.61555 -0.10327 71.46319 0 0 3.20393 60.94636 1.02139 -13
1.09542 0.03677 60.43944 0 0 -1.03986 40.76383 2.40136 13
0.71891 0.11768 88.79847 0 0 -3.47559 72.26882 2.19085 13
-1.79544 -0.14243 4.53084 0 0 4.59991 2.22225 0.51246 -13
-0.21308 -0.07129 32.62277 0 0 2.24654 31.90999 1.36137 -13
0.76912 0.13613 43.59063 0 0 -4.01093 34.67002 2.22199 -13
0.78804 -0.26319 43.59063 0 0 8.03586 34.67002 2.22199 -13
-0.77460 -0.20024 63.62079 0 0 6.11208 50.66432 0.92123 13
-1.87277 -0.16560 79.14420 0 0 5.06359 37.67229 0.49609 13
-1.77496 -0.11006 57.73414 0 0 3.41964 28.46806 0.51565 -13
-0.34539 0.01544 75.67720 0 0 -0.37772 71.53159 1.23827 -13
-0.43932 0.05430 2.33268 0 0 -1.78538 2.13620 1.15740 13
-0.14104 0.11644 25.00193 0 0 -3.41103 24.76018 1.43161 -13
-0.12034 0.03395 13.98363 0 0 -0.97768 13.88359 1.45110 13
0.10623 0.05711 31.39211 0 0 -1.65749 31.21705 1.67645 13
-0.18854 -0.20890 8.50962 0 0 6.44374 8.36833 1.38829 -13
-0.93040 -0.19476 16.36326 0 0 5.91345 12.08277 0.83071 13
0.43003 0.11907 28.12497 0 0 -3.49223 25.86597 1.97437 -13
0.14331 -0.21810 89.09147 0 0 6.65438 88.23070 1.70991 13
-0.70461 0.08769 6.45075 0 0 -2.47391 5.27990 0.95879 -13
-0.62514 0.09127 84.84204 0 0 -2.67849 72.02531 1.01396 13
0.61814 0.07764 31.90583 0 0 -2.27906 27.16176 2.12310 13
0.17396 -0.06704 2.94401 0 0 1.92805 2.90071 1.74265 13
-1.68521 -0.08783 98.50213 0 0 2.74007 50.41080 0.53724 -13
0.39586 -0.12308 68.21504 0 0 3.78639 63.49033 1.94516 13
2.09755 -0.11276 97.14041 0 0 3.47058 42.01904 2.69426 13
0.96217 -0.00743 44.48832 0 0 0.32069 32.05883 2.33690 -13
0.75216 -0.02167 22.30630 0 0 0.70761 17.82817 2.21556 13
-0.75126 0.14793 52.95002 0 0 -4.39324 42.49886 0.93168 13
-0.76622 -0.25093 52.95002 0 0 7.63751 42.49886 0.93168 13
-0.91076 -0.49767 52.95002 0 0 -4.19346 42.49886 0.88675 13
0.32465 0.05391 52.95002 0 0 -2.91398 42.49886 1.25730 13
0.31543 1.31106 52.95002 0 0 -3.98379 42.49886 1.38178 13
2.13600 0.02057 52.94402 0 0 -0.51770 22.45225 2.70365 -13
-0.50548 0.04667 1.67363 0 0 -1.65793 1.49390 1.10321 13
