-0.96738 -0.17380 15.51941 0 0 5.27951 11.23382 0.80941 13
-0.56161 -0.01424 12.26628 0 0 0.46579 10.69509 1.05913 13
1.11820 -0.21042 21.49974 0 0 6.39329 14.50329 2.40116 13
0.53788 -0.07901 85.79791 0 0 2.47011 75.61347 2.06299 -13
-0.31415 -0.04632 48.66012 0 0 1.46764 46.42774 1.26671 13
-0.51032 -0.15838 36.74972 0 0 4.84343 32.81679 1.10392 13
0.28172 0.01555 14.29869 0 0 -0.35304 13.76324 1.84537 -13
-1.19694 -0.00021 60.55467 0 0 0.07479 38.82450 0.69599 13
0.52504 -0.07130 27.56375 0 0 2.21265 24.41795 2.05323 13
-0.85516 -0.13434 25.11625 0 0 4.10914 19.16084 0.86773 13
0.50661 0.09798 24.97852 0 0 -2.89698 22.30373 2.03779 13
-2.15780 -0.21097 7.48514 0 0 6.27505 3.20399 0.44233 13
-0.16497 -0.11733 62.11787 0 0 3.61244 61.30038 1.40839 13
1.91840 -0.23414 57.49696 0 0 7.16406 27.13769 2.65005 -13
0.61847 -0.10616 99.27312 0 0 3.28936 84.56035 2.12218 -13
-0.53232 -0.15035 15.24935 0 0 4.65198 13.49371 1.08625 -13
0.76540 0.01195 69.51518 0 0 -0.28801 55.20286 2.22405 13
-0.99314 0.04148 93.32685 0 0 -1.16280 66.24678 0.78927 -13
-1.39912 -0.04600 82.15715 0 0 1.47889 47.80609 0.62105 -13
-0.47976 0.06425 93.33406 0 0 -1.85094 84.18297 1.12427 -13
-0.09915 -0.18616 19.34892 0 0 5.72231 19.25760 1.47362 -13
-0.77825 -0.19509 8.65820 0 0 5.88904 6.88071 0.91849 13
1.21408 -0.00085 6.23284 0 0 0.22696 3.96254 2.45258 -13
-1.15891 0.09733 22.75331 0 0 -2.82240 14.90566 0.71426 -13
-1.68553 -0.05291 65.25434 0 0 1.69123 33.32988 0.53608 -13
0.28510 -0.13778 49.44463 0 0 4.22744 47.58335 1.84606 13
1.52605 0.01808 46.75281 0 0 -0.48285 25.62831 2.56144 13
0.29700 -0.19222 31.87442 0 0 5.86381 30.59957 1.85458 13
0.73631 -0.17234 84.32251 0 0 5.27301 68.24859 2.19851 13
1.58588 0.07860 22.25677 0 0 -2.33320 11.89683 2.57761 13
0.13280 -0.21979 15.86849 0 0 6.67716 15.73669 1.69978 13
-0.01423 -0.18338 38.67483 0 0 5.62573 38.67104 1.55681 -13
-0.73730 0.12414 6.44630 0 0 -3.56964 5.20216 0.93912 -13
-0.75890 -0.27573 6.44630 0 0 8.49897 5.20216 0.93918 -13
-0.13660 -0.12869 89.48880 0 0 3.95772 88.67867 1.43613 13
0.50708 -0.20715 89.69764 0 0 6.32385 80.33889 2.03167 13
-0.51094 -0.02440 89.41281 0 0 0.81133 79.62665 1.09856 13
2.11408 -0.10967 43.35901 0 0 3.41595 18.63057 2.69745 -13
-0.81221 -0.12449 55.17051 0 0 3.84827 42.95534 0.89241 -13
-0.48327 -0.12187 21.52405 0 0 3.73244 19.40663 1.12350 13
-0.79781 -0.00321 58.33531 0 0 0.18875 45.60075 0.89740 -13
-0.43274 -0.16272 96.80330 0 0 4.98434 89.02281 1.16713 13
0.37929 -0.14417 64.25298 0 0 4.43818 60.15379 1.92992 -13
-0.69931 0.10464 92.89983 0 0 -3.06936 76.26725 0.96309 -13
0.34011 -0.10266 38.19622 0 0 3.19178 36.18142 1.89704 -13
-1.27148 0.04458 92.18946 0 0 -1.25598 57.02617 0.66693 -13
-0.61300 -0.12920 84.80614 0 0 3.97244 72.46500 1.02455 13
-0.17167 -0.24838 20.68685 0 0 7.59852 20.40563 1.40570 -13
-1.52433 -0.24440 39.57826 0 0 7.42929 22.15042 0.59398 13
-1.01358 0.13365 28.90407 0 0 -3.92612 20.39135 0.78308 -13
-1.03955 -0.26578 28.90407 0 0 8.12526 20.39135 0.78307 -13
-0.07181 -0.01640 70.92865 0 0 0.56954 70.74653 1.49912 13
-0.06794 -0.23889 30.35813 0 0 7.30334 30.29206 1.50482 -13
-0.81521 -0.04223 42.84028 0 0 1.34023 33.21640 0.88729 13
-0.63658 0.08288 29.14288 0 0 -2.43856 24.60899 1.00547 13
-0.72684 -0.22349 96.32907 0 0 6.82878 78.56989 0.95383 -13
-0.79553 -0.11881 67.17450 0 0 3.65569 52.71164 0.90220 13
-0.04817 -0.05508 6.55159 0 0 1.81776 6.54400 1.52274 -13
-1.04040 0.06002 41.18349 0 0 -1.74642 28.56532 0.76650 13
-0.01221 -0.04647 94.13013 0 0 1.48747 94.12312 1.55860 -13
-0.85842 0.05707 53.01000 0 0 -1.62818 40.25006 0.86224 -13
1.39243 0.10820 62.48777 0 0 -3.16934 36.59053 2.51602 -13
-1.24313 -0.02110 63.45110 0 0 0.72986 39.77673 0.67754 -13
1.59695 -0.00143 86.04017 0 0 0.13438 45.66436 2.58213 -13
-1.26735 0.13509 51.13386 0 0 -4.00827 31.85107 0.67243 13
-1.29907 -0.26437 51.13386 0 0 8.04022 31.85107 0.67244 13
0.84669 -0.10942 50.12346 0 0 3.36756 38.34895 2.27043 13
0.32797 -0.21464 41.77480 0 0 6.54265 39.77963 1.88110 13
-1.08230 -0.22864 94.28910 0 0 6.98570 64.86231 0.75861 -13
0.88756 -0.02844 54.21590 0 0 0.92717 40.55537 2.29649 13
-0.84691 0.10095 69.75071 0 0 -2.95497 53.33945 0.87060 -13
0.34317 -0.07678 18.27446 0 0 2.42529 17.29032 1.90047 -13
0.10363 -0.02620 7.59141 0 0 0.93565 7.55099 1.67402 -13
0.39892 -0.15124 24.91819 0 0 4.66359 23.18045 1.94650 -13
-1.28954 0.08798 28.30742 0 0 -2.60177 17.38877 0.66147 13
-0.85436 -0.12406 89.09404 0 0 3.81618 67.95555 0.86754 13
0.58185 -0.22675 59.59452 0 0 6.93060 51.83168 2.08693 -13
1.73586 -0.05890 81.42850 0 0 1.84647 40.69976 2.61819 13
-0.20269 -0.09518 47.45709 0 0 2.94197 46.51936 1.37169 13
0.34643 -0.11686 1.02659 0 0 4.14902 0.97099 1.90220 -13
-0.57942 0.12278 35.02889 0 0 -3.63884 30.36548 1.04888 13
-0.59679 -0.27736 35.02889 0 0 8.43007 30.36548 1.04890 13
-1.28614 -0.23810 92.18118 0 0 7.25440 57.55277 0.67429 13
-1.06184 -0.15122 29.48621 0 0 4.66681 20.33683 0.76106 -13
1.69329 -0.13759 45.42049 0 0 4.21156 23.25717 2.60402 13
-0.16458 -0.09794 2.97709 0 0 3.20320 2.93785 1.40844 -13
-0.35254 -0.04652 52.25047 0 0 1.49429 49.28381 1.23220 -13
-0.72270 0.02261 87.36003 0 0 -0.60769 70.81131 0.94512 13
-0.26339 -0.14813 41.87124 0 0 4.56187 40.51870 1.31591 -13
-1.33712 0.11771 50.93030 0 0 -3.48462 30.63686 0.64544 13
-0.90764 -0.21634 18.62440 0 0 6.64341 13.93227 0.84514 -13
0.99370 0.03450 14.16768 0 0 -0.91062 10.05275 2.35274 -13
-1.09085 -0.08003 72.99191 0 0 2.48589 49.40911 0.74356 13
0.14770 -0.13323 39.10161 0 0 4.08773 38.68927 1.71617 13
-0.39568 -0.17838 10.34754 0 0 5.40947 9.64196 1.19935 13
0.02064 -0.16995 20.86697 0 0 5.23084 20.86266 1.59114 -13
-0.50194 -0.01745 66.25245 0 0 0.59941 59.21402 1.10566 13
-0.69460 -0.03821 52.33470 0 0 1.22266 42.99308 0.96404 13
-0.70357 0.12894 87.16416 0 0 -3.80145 71.48162 0.96155 -13
-0.72292 -0.27081 87.16416 0 0 8.25712 71.48162 0.96156 -13
-0.05090 0.05070 24.75978 0 0 -1.46821 24.72786 1.52000 13
1.83384 0.07132 68.67029 0 0 -2.08482 32.94043 2.64130 13
-1.77311 -0.04145 37.95866 0 0 1.35740 18.65940 0.51388 -13
0.82912 0.02255 71.41783 0 0 -0.60796 54.98415 2.26292 13
2.00903 -0.09044 47.84517 0 0 2.83269 21.39076 2.67812 -13
-1.34594 0.13716 26.85804 0 0 -4.08885 16.11440 0.64346 13
-1.37857 -0.26219 26.85804 0 0 7.95599 16.11440 0.64344 13
-0.50903 -0.03200 74.50908 0 0 1.05364 66.40821 1.10016 -13
-0.35586 -0.10199 95.53832 0 0 3.15233 90.06120 1.23054 13
-0.46614 -0.21410 67.93863 0 0 6.54799 61.81948 1.14312 -13
0.04602 -0.15675 3.28982 0 0 4.96537 3.28643 1.61623 -13
-0.22498 -0.22822 89.49900 0 0 6.97120 87.42075 1.35487 -13
1.76216 0.00546 49.64560 0 0 -0.10315 24.50302 2.62542 13
-0.04504 -0.14503 1.69634 0 0 4.15735 1.69467 1.52625 13
-0.05352 -0.20036 23.12926 0 0 6.14727 23.09749 1.51836 -13
1.00881 -0.05228 31.96088 0 0 1.67991 22.51620 2.35990 -13
0.65739 -0.11933 42.60969 0 0 3.69507 35.68054 2.14911 -13
-0.73269 -0.04538 48.74879 0 0 1.43786 39.33727 0.93896 13
0.51500 -0.05129 65.82281 0 0 1.63639 58.53436 2.04584 -13
-0.45353 0.01702 9.56387 0 0 -0.48912 8.71004 1.14507 13
0.93885 0.14397 64.94131 0 0 -4.27152 47.57195 2.31955 13
0.95901 -0.25505 64.94131 0 0 7.76455 47.57195 2.31955 13
0.53642 -0.08534 50.76699 0 0 2.64513 44.77314 2.06164 13
1.65142 0.10107 22.38323 0 0 -2.92490 11.63734 2.59485 -13
-0.67244 -0.16827 16.74938 0 0 5.11908 13.95928 0.98525 13
1.60304 0.06885 67.93905 0 0 -2.00851 36.01973 2.58278 13
0.29197 -0.13598 37.97933 0 0 4.16990 36.48319 1.85242 13
-0.46556 -0.06487 47.91887 0 0 2.02662 43.45793 1.13588 13
0.91053 -0.13508 51.38118 0 0 4.14231 38.14786 2.30490 13
0.98806 -0.18932 2.89993 0 0 5.54395 2.08033 2.34139 13
1.66667 -0.09432 30.09975 0 0 2.95663 15.53702 2.59922 -13
-0.06474 -0.16458 33.28345 0 0 5.03194 33.21576 1.50700 13
-1.32640 0.01500 48.11944 0 0 -0.35485 28.96958 0.64606 -13
0.09525 0.04010 99.77820 0 0 -1.13244 99.32940 1.66568 13
-0.21600 -0.23784 25.07164 0 0 7.27682 24.53581 1.36367 -13
-1.37576 -0.07236 24.56951 0 0 2.29835 14.47098 0.62978 -13
-1.37197 -0.18354 35.90269 0 0 5.59467 21.37609 0.63775 13
-0.80111 0.01231 28.68405 0 0 -0.26787 22.38716 0.89542 -13
0.64422 -0.12574 29.71906 0 0 3.85535 25.04063 2.13953 13
0.72022 0.06512 20.53354 0 0 -1.91294 16.67387 2.19396 13
0.76461 -0.12157 16.23348 0 0 3.70915 12.93051 2.22005 13
0.05005 -0.24493 54.04355 0 0 7.47891 53.97979 1.61938 -13
-1.26825 -0.09789 35.14440 0 0 3.05716 21.82420 0.67000 -13
1.76451 -0.05303 95.52660 0 0 1.67046 47.15067 2.62539 13
1.81380 0.14923 43.26282 0 0 -4.39734 21.06500 2.63306 -13
1.84899 -0.24947 43.26282 0 0 7.63230 21.06500 2.63308 -13
0.66511 0.08800 84.31473 0 0 -2.58081 70.28812 2.15594 13
0.00985 -0.17279 69.95873 0 0 5.30059 69.95543 1.58050 -13
0.87985 -0.09702 24.07443 0 0 3.03633 18.11088 2.29004 -13
0.34396 -0.19367 40.75821 0 0 5.93628 38.61595 1.89646 -13
-1.86686 -0.13140 11.51043 0 0 3.95548 5.47150 0.49534 13
-0.56775 0.10859 69.22567 0 0 -3.20239 60.28553 1.05694 13
1.87844 -0.07780 71.53542 0 0 2.44306 33.69471 2.65114 -13
0.10523 0.11839 46.30230 0 0 -3.47995 46.05153 1.67492 -13
-1.26955 -0.11766 18.80158 0 0 3.67380 11.68317 0.67053 -13
-1.50993 -0.01557 2.57510 0 0 0.20369 1.42201 0.58502 13
-1.35230 -0.06208 17.81245 0 0 1.90765 10.60403 0.63765 13
1.76508 -0.11169 61.73741 0 0 3.43364 30.57651 2.62347 13
-0.01589 -0.24136 99.71380 0 0 7.36633 99.70191 1.55535 -13
-0.47628 -0.03221 74.28695 0 0 1.04586 67.07489 1.12650 13
0.12934 0.06434 28.56172 0 0 -1.84200 28.32666 1.69916 -13
-0.61437 0.08824 74.01192 0 0 -2.57338 63.12778 1.02161 -13
-0.38099 -0.13062 38.72708 0 0 4.00863 36.22804 1.20959 13
0.61472 -0.13853 9.89109 0 0 4.31704 8.44805 2.11773 -13
-1.80219 -0.13323 73.38829 0 0 4.11476 35.84729 0.51032 -13
0.88794 0.14290 87.58824 0 0 -4.22189 65.78637 2.29189 -13
0.90738 -0.25611 87.58824 0 0 7.81543 65.78637 2.29189 -13
-2.55013 0.02383 87.58824 0 0 7.83564 65.78637 2.76779 -13
1.83434 0.00050 64.04250 0 0 0.08172 30.65386 2.64248 -13
-0.06984 0.08894 53.90173 0 0 -2.59268 53.77180 1.50134 -13
-0.17839 0.12966 39.26484 0 0 -3.84208 38.66459 1.39570 13
-0.18325 -0.27009 39.26484 0 0 8.21497 38.66459 1.39569 13
-1.56949 -0.17655 27.89344 0 0 5.43477 15.15033 0.57427 -13
-0.21963 0.06592 65.25789 0 0 -1.91433 63.74504 1.35505 13
0.91065 0.03436 52.03812 0 0 -0.96770 38.48542 2.30917 13
-0.24854 -0.17223 74.78347 0 0 5.28301 72.63639 1.33059 -13
0.35464 -0.19600 96.33480 0 0 5.98845 90.98241 1.90570 13
-1.00166 0.12398 4.66100 0 0 -3.50607 3.30479 0.78838 -13
-1.03140 -0.27572 4.66100 0 0 8.56523 3.30479 0.78826 -13
-1.08728 0.02199 78.01751 0 0 -0.59132 52.82080 0.74373 13
-1.01995 -0.03422 78.92022 0 0 1.12221 55.26771 0.77581 -13
0.41385 -0.12599 7.09533 0 0 3.80642 6.56346 1.96041 13
0.46038 -0.14109 44.14829 0 0 4.34972 40.17091 1.99851 -13
-0.47230 -0.22993 83.64879 0 0 7.02319 75.98551 1.13942 -13
-0.18413 -0.08272 24.08926 0 0 2.55637 23.69363 1.38931 13
-1.30878 -0.04708 75.20720 0 0 1.49104 45.69216 0.65298 13
-0.20850 0.09707 84.77780 0 0 -2.85184 83.00911 1.36617 13
-0.37093 0.01529 54.60099 0 0 -0.37070 51.19300 1.21564 -13
-0.98708 0.00921 57.75636 0 0 -0.20814 41.10549 0.79192 13
1.41090 0.02653 39.61784 0 0 -0.69818 22.91460 2.52484 -13
0.59953 0.09984 21.37487 0 0 -2.95776 18.35664 2.10869 13
-0.08296 -0.14014 91.97246 0 0 4.31384 91.66361 1.48882 -13
-0.29434 -0.21614 24.44115 0 0 6.62274 23.48841 1.29067 -13
-1.93565 -0.10544 4.49069 0 0 3.50267 2.06984 0.47911 -13
0.29805 0.11962 34.14794 0 0 -3.54163 32.74406 1.85853 13
0.30737 -0.28072 34.14794 0 0 8.53329 32.74406 1.85851 13
0.01160 -0.03559 83.53340 0 0 1.14907 83.52778 1.58239 13
2.13370 -0.05075 87.78907 0 0 1.59913 37.29422 2.70283 13
1.17232 -0.00033 93.16817 0 0 0.08287 60.46429 2.43535 13
1.69013 -0.24070 12.58711 0 0 7.25518 6.54461 2.59490 13
-0.01180 0.09023 68.83952 0 0 -2.63361 68.83476 1.55904 -13
-0.36792 -0.02352 92.37556 0 0 0.79620 86.69669 1.21833 -13
-0.05961 -0.17246 98.93374 0 0 5.28804 98.76351 1.51212 -13
0.08774 0.07845 50.90121 0 0 -2.29465 50.70760 1.65805 13
1.23616 0.11914 73.65590 0 0 -3.52295 46.52131 2.45796 13
1.27509 -0.28122 73.65590 0 0 8.55306 46.52131 2.45796 13
-1.47464 -0.03689 34.04935 0 0 1.21974 19.11941 0.59621 -13
0.29211 -0.16018 26.99707 0 0 4.89360 25.93960 1.85160 13
-0.99462 -0.17662 66.30253 0 0 5.41940 47.36668 0.79577 -13
-0.67351 0.03754 21.48774 0 0 -1.02298 17.82633 0.97839 -13
1.42557 -0.12112 38.08193 0 0 3.75699 21.97645 2.52645 -13
0.46164 -0.21341 15.24558 0 0 6.55541 13.89499 1.99488 -13
0.42574 -0.18020 68.11920 0 0 5.50950 62.82722 1.96757 13
1.29389 0.01913 41.96622 0 0 -0.51401 25.66594 2.48353 13
0.53263 -0.08920 88.57036 0 0 2.76560 78.24151 2.05856 13
-1.17970 0.08864 23.10229 0 0 -2.62569 14.97245 0.70507 13
-1.03893 0.13229 3.51806 0 0 -3.70534 2.45114 0.77064 -13
-1.06640 -0.26684 3.51806 0 0 8.35263 2.45114 0.77045 -13
1.61153 -0.08502 24.81159 0 0 2.68221 13.11700 2.58460 -13
-0.51371 -0.23418 10.39450 0 0 7.19899 9.29655 1.10701 -13
0.57921 0.14278 45.33508 0 0 -4.23836 39.32852 2.09142 13
0.59193 -0.25629 45.33508 0 0 7.79910 39.32852 2.09143 13
-0.18718 -0.22901 74.45112 0 0 6.98215 73.24206 1.39033 13
-0.11406 0.03834 14.54850 0 0 -1.10888 14.45486 1.45731 13
1.26188 0.04839 5.15860 0 0 -1.53197 3.20626 2.47089 13
-0.58428 -0.10171 63.52557 0 0 3.14031 54.92134 1.04425 13
-0.49153 0.10192 34.22498 0 0 -3.00902 30.74583 1.11599 13
0.36360 0.06647 36.34573 0 0 -1.93803 34.16674 1.91883 13
0.98846 0.07917 92.30839 0 0 -2.29979 65.75092 2.34883 -13
-7.07099 -27.52607 92.30839 0 0 -2.44068 65.75092 1.82208 -13
0.17568 -5.90932 92.30839 0 0 -2.09685 65.75092 1.54149 -13
0.03122 -0.15731 65.54349 0 0 4.81894 65.51234 1.60162 13
-0.06249 0.07066 85.12498 0 0 -2.04550 84.96012 1.50855 -13
0.95275 -0.07314 68.07409 0 0 2.27772 49.34881 2.33067 13
-2.09952 0.02399 9.23637 0 0 -0.51833 3.97282 0.44462 -13
0.11602 -0.14841 34.75772 0 0 4.54382 34.53105 1.68506 13
0.83380 0.00535 42.54839 0 0 -0.09514 32.67906 2.26580 13
-0.39490 0.12794 99.14257 0 0 -3.77271 92.31309 1.19746 -13
-0.40593 -0.27185 99.14257 0 0 8.28702 92.31309 1.19745 -13
1.76255 0.14312 61.88079 0 0 -4.25196 30.77106 2.62116 13
1.80094 -0.25598 61.88079 0 0 7.78592 30.77106 2.62114 13
-0.12119 -0.00999 54.07029 0 0 0.37363 53.67759 1.45020 13
-1.85137 -0.11860 15.55494 0 0 3.59099 7.43253 0.49817 13
-0.12611 -0.19413 14.12270 0 0 5.97353 14.01575 1.44763 -13
0.85592 -0.08988 28.56925 0 0 2.81494 21.74162 2.27673 -13
1.16728 0.00198 36.16553 0 0 0.00018 23.52866 2.43323 13
-1.46484 -0.00484 64.19345 0 0 0.21378 36.19324 0.59900 13
-1.73254 -0.00255 77.81710 0 0 0.17029 38.90032 0.52348 -13
-0.72152 0.05489 78.91266 0 0 -1.56686 64.02721 0.94649 -13
-0.21501 0.12237 69.24236 0 0 -3.60257 67.71746 1.36053 -13
-0.22150 -0.27776 69.24236 0 0 8.46753 67.71746 1.36053 -13
-0.04141 0.11743 70.60257 0 0 -3.46822 70.54298 1.52969 13
-0.20543 -0.15633 91.23471 0 0 4.79114 89.41164 1.37055 13
0.27781 -0.00742 86.52450 0 0 0.29943 83.36754 1.84176 13
0.80335 0.06724 59.96037 0 0 -1.95752 46.78607 2.24648 13
0.15304 0.09004 29.32145 0 0 -2.61779 28.98674 1.72205 -13
-1.04801 -0.15171 85.46702 0 0 4.64919 59.35241 0.76765 13
-1.32201 0.05493 48.66642 0 0 -1.59162 29.38706 0.64833 13
0.81869 0.11955 19.97542 0 0 -3.55768 15.49980 2.25335 13
0.84437 -0.28079 19.97542 0 0 8.51727 15.49980 2.25337 13
-0.78838 0.01826 88.89011 0 0 -0.47669 69.81176 0.90326 13
-1.89090 -0.08546 55.15752 0 0 2.64019 25.85929 0.48796 13
0.56514 -0.08968 94.77134 0 0 2.78078 82.58696 2.08347 13
-0.51778 -0.09076 51.69257 0 0 2.82849 45.94382 1.09470 -13
-1.16012 -0.00658 68.37957 0 0 0.29056 44.64567 0.71142 -13
-1.61991 0.12517 39.14322 0 0 -3.67008 20.67678 0.55654 -13
-1.66679 -0.27473 39.14322 0 0 8.39470 20.67678 0.55657 -13
-1.37431 0.12927 37.86932 0 0 -3.79710 22.40125 0.63298 -13
-1.41195 -0.27045 37.86932 0 0 8.26113 22.40125 0.63298 -13
1.12591 -0.03080 54.39482 0 0 1.02402 36.13094 2.41512 -13
-1.04184 0.05679 9.93935 0 0 -1.55963 6.88812 0.76572 -13
1.61922 -0.13614 24.10020 0 0 4.14680 12.74722 2.58423 13
-0.34408 0.04003 70.08967 0 0 -1.13365 66.28174 1.23965 13
-0.28595 -0.18959 4.89954 0 0 5.90581 4.71695 1.29691 -13
2.03541 -0.13284 34.87345 0 0 4.12164 15.48613 2.68146 -13
-0.33463 -0.03990 35.00628 0 0 1.26987 33.19966 1.24812 13
-0.21371 0.04634 71.94793 0 0 -1.32346 70.36242 1.36047 13
0.68745 -0.07937 10.06053 0 0 2.53478 8.29877 2.17159 -13
0.41256 -0.00425 50.29599 0 0 0.21992 46.49483 1.96208 -13
1.97557 -0.08731 48.04680 0 0 2.69466 21.76466 2.67148 13
0.57669 -0.04097 43.47680 0 0 1.32964 37.67059 2.09354 -13
0.04290 0.07481 15.83598 0 0 -2.14457 15.82150 1.61355 -13
2.08097 -0.14249 43.19185 0 0 4.35441 18.85985 2.68969 13
-0.51324 -0.10501 96.42072 0 0 3.24324 85.87996 1.09884 13
-0.39717 -0.21860 8.01999 0 0 6.60590 7.47679 1.20067 13
-0.44424 -0.13167 36.88659 0 0 4.06784 33.75732 1.15592 -13
-0.02941 -0.08727 88.15891 0 0 2.70811 88.12110 1.54151 13
-0.13537 -0.21763 78.69047 0 0 6.63980 78.01099 1.43929 13
-0.56251 0.03693 60.11311 0 0 -1.02362 52.40163 1.05869 -13
-0.87410 -0.06837 45.63487 0 0 2.15845 34.39380 0.85363 -13
-0.85337 -0.06752 39.76910 0 0 2.10153 30.28043 0.86547 13
1.09785 -0.06661 71.93980 0 0 2.08049 48.50263 2.40170 13
-0.33229 -0.09425 88.39508 0 0 2.91784 83.92191 1.25131 13
-0.25124 0.14638 24.02170 0 0 -4.35498 23.31224 1.32715 13
-0.25636 -0.25256 24.02170 0 0 7.67828 23.31224 1.32717 13
0.61628 0.02988 92.56779 0 0 -0.82604 78.81438 2.12290 13
-0.60571 -0.07065 88.76908 0 0 2.20583 75.97772 1.02729 13
1.29107 -0.00753 38.27421 0 0 0.32955 23.43776 2.48255 -13
-1.03842 -0.10950 97.52875 0 0 3.37774 67.86073 0.76953 13
-0.74456 -0.22896 33.23056 0 0 7.00770 26.89429 0.94298 -13
-0.65560 -0.06280 42.83669 0 0 1.96197 35.84542 0.99140 13
-1.72140 -0.21107 56.59372 0 0 6.46582 28.89096 0.53579 -13
0.86047 -0.21098 77.71875 0 0 6.43736 59.45286 2.27059 13
-0.19368 0.01232 2.12242 0 0 -0.05603 2.08373 1.37950 -13
-1.73439 -0.12260 47.28501 0 0 3.76095 23.75051 0.52625 13
0.10339 -0.19561 72.61734 0 0 5.97483 72.24634 1.67192 13
-0.03306 -0.16714 49.77525 0 0 5.13262 49.74879 1.53820 -13
0.01472 -0.08028 76.43892 0 0 2.50950 76.43071 1.58546 -13
0.69419 -0.24325 48.87908 0 0 7.40507 40.52263 2.16422 13
-0.02250 0.00078 33.89954 0 0 0.07241 33.89096 1.54830 -13
0.48552 -0.16844 92.78820 0 0 5.15691 83.69069 2.01732 13
-1.35603 -0.22235 49.07193 0 0 6.77086 29.57984 0.64699 13
-1.29741 -0.16542 69.26774 0 0 5.05956 42.64379 0.66320 13
-0.43373 -0.13411 4.67436 0 0 4.01186 4.29425 1.16480 13
-0.37771 0.10020 85.31789 0 0 -2.94741 79.86384 1.21130 13
0.77678 -0.24559 8.75172 0 0 7.41352 6.98710 2.21709 13
-1.80043 -0.19399 31.71040 0 0 5.89754 15.61458 0.51488 13
1.00266 -0.23310 74.56511 0 0 7.12235 53.34977 2.34429 -13
-0.20800 -0.12095 33.58359 0 0 3.74463 32.88975 1.36716 -13
1.13129 0.10422 31.32264 0 0 -3.03972 20.80717 2.41504 -13
-1.28794 0.00978 94.80818 0 0 -0.22212 58.14570 0.66023 13
2.11982 -0.18389 70.63276 0 0 5.64423 30.54667 2.69436 -13
0.74211 -0.12650 99.29409 0 0 3.90303 79.96029 2.20544 -13
-0.05802 -0.00887 82.57397 0 0 0.34316 82.43536 1.51285 13
0.71762 0.07290 27.79366 0 0 -2.09574 22.60087 2.19200 -13
-0.40156 -0.00166 42.20735 0 0 0.11904 39.16751 1.18895 13
0.96244 -0.05221 51.82882 0 0 1.66955 37.36750 2.33638 -13
1.83481 -0.13014 21.88809 0 0 3.96057 10.54283 2.63905 13
-1.27083 0.03762 16.17572 0 0 -1.10106 10.00728 0.66704 13
1.17907 -0.05145 20.42508 0 0 1.67054 13.22159 2.43753 -13
-0.33030 -0.00677 27.01856 0 0 0.30517 25.65537 1.25178 -13
-0.34324 -0.11171 70.25576 0 0 3.45846 66.49364 1.24206 -13
0.46003 0.03263 82.68921 0 0 -0.90969 75.12875 2.00176 13
0.57362 -0.23160 13.52753 0 0 7.11122 11.80870 2.08039 -13
-0.99543 -0.13030 20.01870 0 0 3.97454 14.24656 0.79190 13
-1.89998 -0.07425 84.01389 0 0 2.33362 39.21279 0.48561 -13
-0.64668 0.05584 52.05426 0 0 -1.59167 43.73055 0.99747 -13
-1.47013 -0.05573 14.73706 0 0 1.70529 8.29778 0.59804 13
-0.50214 -0.08935 57.16274 0 0 2.76740 51.12474 1.10703 13
0.09600 -0.18594 65.54231 0 0 5.68376 65.25234 1.66490 13
0.59689 0.01527 41.29420 0 0 -0.36563 35.45920 2.10888 -13
-0.67981 0.13073 97.38981 0 0 -3.86804 80.75451 0.97768 13
-0.69802 -0.26892 97.38981 0 0 8.18782 80.75451 0.97768 13
0.51107 -0.21075 27.33100 0 0 6.45948 24.44461 2.03451 -13
-1.37190 0.00273 48.65017 0 0 -0.01832 28.65695 0.62987 13
-0.46444 -0.16311 99.48056 0 0 5.00650 90.43272 1.14099 -13
0.75100 0.11422 85.09078 0 0 -3.35702 68.19855 2.21183 -13
-0.10868 -0.23138 33.99939 0 0 7.04512 33.81038 1.46531 13
-0.11848 -0.07495 74.80009 0 0 2.34822 74.28351 1.45320 -13
0.80377 0.04212 91.54950 0 0 -1.18251 71.38170 2.24740 -13
-0.29424 0.08237 65.60060 0 0 -2.39600 62.94975 1.28555 -13
-0.19170 -0.09920 31.13724 0 0 3.05758 30.58572 1.38229 13
0.19519 -0.20128 67.26309 0 0 6.14614 66.06425 1.75986 13
0.17123 -0.18371 98.88594 0 0 5.62789 97.51268 1.73764 -13
-0.11132 -0.08751 6.83513 0 0 2.79364 6.79346 1.46035 -13
0.30057 0.03638 38.20299 0 0 -1.02946 36.58798 1.86259 13
-1.50677 -0.17763 13.09889 0 0 5.50481 7.32073 0.59310 -13
0.79497 -0.13676 87.38093 0 0 4.19971 68.64526 2.23795 13
-1.39770 -0.17869 58.53120 0 0 5.48618 34.41096 0.62848 -13
1.17005 -0.08692 24.35019 0 0 2.67330 15.85453 2.43254 13
0.20588 -0.00950 44.72874 0 0 0.37875 43.81002 1.77383 -13
-0.23510 -0.00445 1.98174 0 0 0.47489 1.92920 1.33989 -13
0.47359 -0.01565 48.50747 0 0 0.54239 43.84055 2.01304 13
-0.61185 0.02700 26.87945 0 0 -0.75400 22.93047 1.02187 13
-1.37901 -0.02057 68.66503 0 0 0.71384 40.31551 0.62751 -13
0.50940 0.05614 15.25057 0 0 -1.64682 13.59341 2.04130 13
-1.78804 -0.11390 21.64683 0 0 3.56050 10.61833 0.51268 -13
-0.00422 0.02144 98.93277 0 0 -0.56051 98.93189 1.56658 -13
-0.84801 -0.22978 26.14084 0 0 6.98658 20.14987 0.88012 13
-1.37414 -0.24688 44.21189 0 0 7.54763 26.51715 0.64323 -13
1.20113 -0.08603 1.88927 0 0 3.06515 1.21097 2.44551 -13
-0.88631 -0.20100 37.99687 0 0 6.12742 28.68165 0.85542 13
-0.31021 -0.05094 6.58778 0 0 1.54114 6.29274 1.27037 13
-1.04685 0.04249 78.61741 0 0 -1.20936 54.33008 0.76296 13
0.68142 0.04477 28.69514 0 0 -1.24869 23.72108 2.16848 -13
0.35243 -0.22018 60.97275 0 0 6.71362 57.65372 1.90228 13
1.53469 -0.23761 2.69052 0 0 7.58195 1.49615 2.55147 -13
-0.60179 -0.03367 27.06967 0 0 1.11890 23.19755 1.02931 -13
1.60798 -0.16858 12.91000 0 0 5.24119 6.88762 2.57893 -13
-0.82708 -0.07311 5.72643 0 0 2.39608 4.41728 0.88107 -13
1.54670 -0.20951 63.03273 0 0 6.41577 34.74224 2.55782 -13
-1.54434 -0.14775 2.67780 0 0 4.19204 1.46627 0.57957 13
0.18251 -0.08083 22.22968 0 0 2.54125 21.87065 1.75075 -13
-0.11997 -0.10050 57.05349 0 0 3.10415 56.65140 1.45199 13
-0.27801 0.03249 59.39111 0 0 -0.89062 57.22315 1.29977 -13
-0.36476 -0.22071 61.54480 0 0 6.74762 57.97713 1.22862 -13
-1.42443 -0.08006 71.68863 0 0 2.50775 41.27973 0.61359 -13
0.38708 0.13233 24.02081 0 0 -3.93165 22.42644 1.93720 13
0.39721 -0.26728 24.02081 0 0 8.12123 22.42644 1.93721 13
-0.43774 -0.23925 9.58953 0 0 7.35912 8.82308 1.16831 -13
1.81576 -0.15487 50.08727 0 0 4.77341 24.38241 2.63316 -13
-1.77602 -0.18303 93.29314 0 0 5.59188 46.34543 0.51988 13
-0.09210 -0.23510 82.75678 0 0 7.17929 82.42620 1.48138 -13
0.24715 -0.18841 10.77134 0 0 5.71470 10.46680 1.80906 13
0.76248 -0.22653 61.15539 0 0 6.92522 49.07392 2.21021 -13
0.46448 0.08493 51.73337 0 0 -2.49107 46.94909 2.00425 13
-0.21062 -0.15663 67.80413 0 0 4.79861 66.38216 1.36564 13
0.76462 -0.16162 46.32173 0 0 4.96958 36.97166 2.21738 -13
0.68428 -0.24678 24.95212 0 0 7.54934 20.78336 2.15720 -13
-0.34435 -0.07776 38.37491 0 0 2.44038 36.29559 1.24009 -13
-0.20464 -0.09228 70.59895 0 0 2.85807 69.17731 1.36977 13
-0.43419 0.13625 54.48785 0 0 -4.03870 50.05201 1.16451 13
-0.44486 -0.26315 54.48785 0 0 8.00800 50.05201 1.16451 13
0.97998 -0.03297 45.58887 0 0 1.09083 32.56911 2.34581 -13
-1.54987 0.05979 29.57640 0 0 -1.75125 16.05510 0.57382 13
1.21284 0.00033 58.45596 0 0 0.08059 37.19598 2.45208 -13
0.25194 0.07739 16.21285 0 0 -2.28451 15.72439 1.81689 13
-0.37694 0.06245 87.61669 0 0 -1.80864 82.00551 1.21097 13
-2.04387 -0.08051 29.06217 0 0 2.47532 12.80575 0.45630 13
-0.02644 -0.08077 44.73743 0 0 2.52758 44.72189 1.54445 -13
-0.63205 -0.15052 37.41340 0 0 4.60587 31.72624 1.01219 13
-0.11359 -0.02316 87.16189 0 0 0.78542 86.60520 1.45772 -13
-0.71681 0.09389 15.18206 0 0 -2.79108 12.35797 0.95095 13
0.20241 0.00394 55.78697 0 0 -0.04660 54.67810 1.77051 13
0.10255 -0.14687 90.70079 0 0 4.50605 90.23752 1.67191 13
1.46050 -0.20349 92.37539 0 0 6.21064 52.90906 2.53172 13
-0.89046 0.02408 57.95362 0 0 -0.65605 43.28676 0.84342 13
0.89120 -0.23057 43.16968 0 0 7.02118 32.59412 2.28589 13
-0.01811 -0.00155 57.56969 0 0 0.11955 57.56024 1.55269 13
1.59346 -0.21076 90.75353 0 0 6.42872 48.99370 2.57132 13
-0.28926 -0.08109 1.11280 0 0 2.08074 1.06932 1.29010 13
-0.83171 -0.19833 2.05662 0 0 5.74461 1.59395 0.88649 13
-0.03339 -0.00160 69.99400 0 0 0.13633 69.95500 1.53742 -13
0.22695 0.13308 46.10137 0 0 -3.94426 44.97734 1.79208 13
0.23283 -0.26646 46.10137 0 0 8.10746 44.97734 1.79209 13
0.82902 -0.07365 8.22325 0 0 2.38170 6.33796 2.26165 -13
-1.10790 0.06770 92.76497 0 0 -1.96861 62.23384 0.73539 13
-0.10608 -0.18163 32.96619 0 0 5.54468 32.78803 1.46680 13
0.39898 0.00863 57.02180 0 0 -0.17014 52.96216 1.95041 -13
-0.47584 0.06853 84.10475 0 0 -1.99204 75.97797 1.12757 13
0.49923 -0.10404 42.61193 0 0 3.20670 38.16572 2.03168 13
-0.21358 -0.14502 19.14679 0 0 4.43048 18.73298 1.36250 13
0.26399 -0.24821 93.16300 0 0 7.56284 90.24794 1.82162 13
-0.70106 -0.16762 10.73359 0 0 5.08258 8.82881 0.96585 13
0.81703 -0.17525 85.37615 0 0 5.37485 66.51282 2.24843 -13
-0.56010 -0.22387 11.67546 0 0 6.88696 10.24514 1.07059 -13
-0.75463 0.14172 46.37660 0 0 -4.20702 37.15147 0.92911 13
-0.77151 -0.25740 46.37660 0 0 7.83206 37.15147 0.92912 13
0.60934 -0.02507 22.65704 0 0 0.81179 19.34990 2.11791 13
0.65896 0.02081 25.21762 0 0 -0.52374 21.05821 2.15335 -13
-1.65372 -0.07859 54.62486 0 0 2.43494 28.32909 0.54523 13
-2.14842 -0.20567 59.17193 0 0 6.30585 25.39698 0.44361 -13
1.33266 0.05289 60.86450 0 0 -1.50088 36.56330 2.49718 -13
-0.72128 0.01615 53.92373 0 0 -0.41498 43.73597 0.94599 13
2.14519 0.04456 9.25554 0 0 -1.38783 3.91252 2.70500 13
0.20473 -0.14297 44.61546 0 0 4.38261 43.72655 1.77076 13
0.29838 -0.21109 92.42086 0 0 6.45392 88.71728 1.85485 -13
0.18782 -0.05575 73.39659 0 0 1.75627 72.13914 1.75617 13
1.70761 -0.17215 57.14958 0 0 5.25724 29.19460 2.60543 13
-0.34675 -0.04784 72.15282 0 0 1.53081 68.17910 1.23737 -13
-1.36859 -0.23249 14.38303 0 0 7.03428 8.63083 0.64361 13
2.11356 0.07955 28.31341 0 0 -2.35786 12.14024 2.69845 13
-0.24422 -0.06120 99.53871 0 0 1.93218 96.70699 1.33170 -13
-0.13520 0.13117 3.02556 0 0 -4.04373 2.99873 1.43754 13
-0.13869 -0.26862 3.02556 0 0 8.00720 2.99873 1.43765 13
-0.08636 0.02936 95.64472 0 0 -0.79921 95.29039 1.48469 -13
0.13547 -0.18390 46.31123 0 0 5.63981 45.90552 1.70325 -13
0.92412 0.02167 68.20296 0 0 -0.56226 50.09570 2.31666 -13
0.38913 -0.06780 10.73087 0 0 2.17468 10.00321 1.94112 -13
-0.31017 -0.19415 55.82324 0 0 5.92891 53.40255 1.27523 13
0.46814 -0.18309 93.80578 0 0 5.60994 85.20598 2.00234 -13
0.69045 -0.21006 22.56538 0 0 6.39048 18.69716 2.16503 13
-0.66095 -0.05082 2.14565 0 0 1.86858 1.79090 0.98736 -13
-0.31335 -0.11891 63.63166 0 0 3.66037 60.75831 1.26914 13
-0.85717 0.11546 37.79845 0 0 -3.38446 28.77866 0.86543 -13
-1.61050 0.14323 32.71904 0 0 -4.26675 17.38646 0.56022 13
-1.64552 -0.25579 32.71904 0 0 7.77015 17.38646 0.56023 13
0.26236 0.04099 75.54570 0 0 -1.14859 73.07677 1.82717 -13
0.78285 0.04396 4.54588 0 0 -1.10999 3.58100 2.23453 -13
0.31084 -0.03513 27.56320 0 0 1.12238 26.32249 1.87199 13
-0.82018 0.12592 19.89323 0 0 -3.75096 15.43035 0.88773 13
-0.84379 -0.27410 19.89323 0 0 8.31183 15.43035 0.88771 13
0.41902 0.10301 64.11066 0 0 -3.03398 59.17633 1.96571 13
-0.25362 0.01016 67.12886 0 0 -0.23241 65.06891 1.32242 13
-0.15050 0.03242 11.72405 0 0 -0.93924 11.59366 1.42149 13
0.98877 0.04666 20.10983 0 0 -1.29237 14.30744 2.35000 -13
2.01341 0.01589 74.69546 0 0 -0.41287 33.22970 2.68056 13
-0.65942 -0.06656 79.06372 0 0 2.09638 66.04910 0.98885 -13
-0.40834 -0.10501 51.65620 0 0 3.25881 47.86000 1.18504 -13
-0.02392 0.11285 38.35687 0 0 -3.33484 38.34604 1.54703 13
-0.29704 -0.15742 74.34049 0 0 4.83645 71.33288 1.28538 -13
-0.38564 -0.14335 56.16134 0 0 4.39670 52.46827 1.20613 13
0.82606 -0.12112 62.07792 0 0 3.74517 48.00091 2.25765 -13
0.45815 0.06462 62.52491 0 0 -1.87652 56.86340 1.99962 13
-0.54843 0.08056 50.67967 0 0 -2.33770 44.46896 1.07052 -13
0.39498 0.04575 9.52440 0 0 -1.24378 8.85976 1.94661 -13
0.56280 0.02374 73.31698 0 0 -0.62702 63.89753 2.08329 -13
-0.16951 0.08852 14.57331 0 0 -2.62305 14.36972 1.40352 13
-0.78921 0.01531 10.87326 0 0 -0.43930 8.53557 0.90272 13
1.60587 -0.04346 48.68150 0 0 1.37402 25.75054 2.58421 13
0.70952 -0.14156 95.33411 0 0 4.35805 78.00868 2.18321 -13
1.16979 0.05205 37.27008 0 0 -1.47015 24.23716 2.43362 -13
-1.04762 0.07557 13.32386 0 0 -2.24780 9.21388 0.76357 13
0.19971 -0.13111 96.56915 0 0 4.04125 94.72995 1.76628 -13
-0.61873 -0.00263 64.41174 0 0 0.15145 54.77490 1.01672 13
0.33585 -0.12578 49.98230 0 0 3.88566 47.41904 1.89245 -13
-0.24653 0.08082 54.25706 0 0 -2.34704 52.68961 1.32985 -13
-0.16693 -0.09384 70.56092 0 0 2.90497 69.60605 1.40610 13
0.87771 -0.24686 67.48923 0 0 7.51756 51.36978 2.27652 13
0.12793 0.13679 81.56899 0 0 -4.03892 80.92147 1.69688 -13
