0.03230 0.09990 88.34762 0 0 -2.92668 88.30200 1.60293 -13
-1.61615 -0.18655 71.48696 0 0 5.72117 38.08034 0.56178 -13
1.34654 -0.17810 87.20458 0 0 5.44446 52.51556 2.49533 13
-1.27062 -0.10822 38.25225 0 0 3.36741 23.74228 0.66960 -13
0.43929 0.00816 96.37754 0 0 -0.15997 88.23911 1.98470 -13
1.33060 -0.13243 37.68189 0 0 4.09753 22.76461 2.49292 -13
1.80711 0.14082 98.23561 0 0 -4.15735 47.92215 2.63200 -13
1.84811 -0.25831 98.23561 0 0 7.88297 47.92215 2.63198 -13
1.98722 0.03877 2.70371 0 0 -1.47993 1.21637 2.67507 13
1.57174 0.10373 66.91136 0 0 -3.06116 36.05335 2.57253 13
0.43824 -0.20318 62.80366 0 0 6.20137 57.70721 1.97644 13
-0.19916 -0.18507 40.51122 0 0 5.67519 39.75613 1.37741 -13
-2.09098 -0.21691 45.92509 0 0 6.64912 20.18565 0.45510 -13
0.24940 0.07517 12.69616 0 0 -2.14795 12.32069 1.81455 -13
1.04744 -0.16598 86.47476 0 0 5.07954 60.13729 2.37257 13
0.00900 -0.01124 28.05211 0 0 0.43722 28.05098 1.57980 -13
0.08696 -0.05297 22.49584 0 0 1.70021 22.41150 1.65742 -13
-1.76742 -0.22266 4.81254 0 0 6.57902 2.41374 0.52532 13
-0.22174 -0.12796 61.43255 0 0 3.93244 59.99873 1.35430 13
-2.12125 0.09745 58.56807 0 0 -2.83862 25.07035 0.44235 -13
0.28965 -0.20626 46.09356 0 0 6.29195 44.34376 1.84721 13
-1.20389 -0.12906 14.60200 0 0 3.91847 9.37573 0.69721 13
-0.27456 -0.21418 83.29276 0 0 6.54815 80.44413 1.30851 -13
0.07475 0.03810 83.04194 0 0 -1.06210 82.81122 1.64536 -13
-0.27580 0.12500 70.18483 0 0 -3.69702 67.69558 1.30367 13
-0.28382 -0.27499 70.18483 0 0 8.36830 67.69558 1.30367 13
0.53406 -0.10417 95.89429 0 0 3.21775 84.68760 2.05908 13
-1.21716 -0.07661 44.49665 0 0 2.40921 28.29672 0.68920 -13
1.10394 -0.19010 33.11728 0 0 5.79345 22.44952 2.39672 13
0.15349 -0.23012 44.88184 0 0 7.03394 44.38812 1.71927 -13
-0.82650 -0.12353 63.62283 0 0 3.79747 49.19097 0.88382 13
-0.31901 -0.03849 50.99311 0 0 1.23239 48.58405 1.26220 13
-0.70989 -0.18485 63.22404 0 0 5.66709 51.84184 0.96137 -13
1.80329 -0.09169 81.59456 0 0 2.85946 39.69713 2.63349 -13
0.88625 -0.09892 5.90960 0 0 3.17831 4.43221 2.29355 -13
-0.87664 0.09361 7.10351 0 0 -2.83282 5.35189 0.85320 13
0.70411 -0.21179 29.60334 0 0 6.44965 24.37890 2.17399 13
-1.41839 0.04762 41.53675 0 0 -1.33484 23.95228 0.61462 -13
-0.79564 -0.22082 65.31036 0 0 6.73253 51.57445 0.91029 13
0.16659 -0.10565 6.69319 0 0 3.19430 6.60328 1.73498 13
0.59138 -0.24973 19.34007 0 0 7.58422 16.77490 2.09170 13
0.71337 0.00104 51.72867 0 0 0.06137 42.11162 2.19044 -13
-2.01525 -0.03752 44.59532 0 0 1.18871 19.83377 0.46090 13
-0.30247 0.12086 36.22152 0 0 -3.55113 34.69111 1.27908 -13
-0.31178 -0.27936 36.22152 0 0 8.52192 34.69111 1.27908 -13
0.26103 -0.16006 86.07677 0 0 4.91562 83.35262 1.82305 -13
-0.15033 -0.10936 43.58911 0 0 3.36893 43.11037 1.42245 13
-0.36129 -0.11538 50.60042 0 0 3.55172 47.62590 1.22621 13
1.81683 0.08814 87.99630 0 0 -2.56585 42.55685 2.63680 -13
-1.20351 0.04481 35.09557 0 0 -1.29289 22.44198 0.69379 13
0.11008 0.05461 94.20642 0 0 -1.56143 93.64238 1.68028 -13
0.00035 0.01912 2.86752 0 0 -0.33385 2.86752 1.57115 -13
-0.86215 -0.10821 16.10428 0 0 3.30446 12.22693 0.86217 13
-0.47910 0.11543 69.60240 0 0 -3.40855 62.84719 1.12658 13
1.22619 -0.12928 38.07426 0 0 4.00068 24.18344 2.45339 -13
-0.24980 -0.15299 40.50880 0 0 4.70918 39.32767 1.32871 -13
-0.91091 -0.01846 42.43966 0 0 0.65361 31.37656 0.83207 -13
-0.86720 0.03713 14.81334 0 0 -1.08284 11.19487 0.85674 13
-0.19572 -0.07374 63.96540 0 0 2.31329 62.78057 1.37803 -13
1.69472 -0.21400 51.81569 0 0 6.55581 26.77020 2.59866 -13
0.34853 -0.19297 21.78501 0 0 5.92724 20.61152 1.90052 -13
-0.16466 0.05368 47.76130 0 0 -1.52749 47.12849 1.40783 -13
-1.26015 -0.05882 92.77740 0 0 1.84697 57.73279 0.67164 13
0.26682 -0.03646 41.58734 0 0 1.16865 40.18328 1.83138 13
-0.27765 -0.16913 77.12992 0 0 5.17666 74.39261 1.30359 13
0.71975 0.10949 73.56598 0 0 -3.21330 59.82981 2.19183 -13
-0.57003 -0.04182 49.63885 0 0 1.35418 43.13379 1.05308 -13
0.80574 -0.18548 96.85013 0 0 5.68190 75.91389 2.24078 -13
0.61004 0.03729 7.08556 0 0 -0.96238 6.05023 2.11826 -13
0.22439 0.00790 93.93456 0 0 -0.16225 91.65556 1.79152 13
-0.85978 0.13204 24.18971 0 0 -3.92824 18.40959 0.86492 13
-0.88247 -0.26759 24.18971 0 0 8.12554 18.40959 0.86487 13
0.06192 -0.18895 74.45365 0 0 5.78689 74.31621 1.63157 -13
0.01374 0.04905 51.72183 0 0 -1.40767 51.71696 1.58452 13
-1.33921 -0.21966 98.96431 0 0 6.69948 60.10612 0.65272 13
0.86171 -0.02093 31.47603 0 0 0.73315 23.84676 2.28194 -13
-0.18822 -0.03406 35.48914 0 0 1.12270 34.87752 1.38486 -13
0.53648 -0.23838 3.03225 0 0 7.46885 2.68842 2.05177 -13
-1.88805 -0.16738 31.63607 0 0 5.16377 14.96680 0.49282 -13
0.85418 -0.01444 47.85404 0 0 0.53052 36.38822 2.27766 -13
1.09904 0.10004 80.54974 0 0 -2.94522 54.35741 2.40086 13
-0.32209 -0.19502 12.56679 0 0 5.92143 11.98226 1.26460 13
0.81744 0.07067 62.09169 0 0 -2.04053 48.12124 2.25486 -13
-0.56217 -0.12926 92.05454 0 0 3.98649 80.40372 1.06219 -13
-0.17472 -0.16544 68.62262 0 0 5.06420 67.62540 1.40010 13
-0.60952 -0.13516 10.74780 0 0 4.10656 9.20008 1.02742 13
1.81650 -0.03493 30.62693 0 0 1.10139 14.77714 2.63810 13
0.41711 0.10127 68.52833 0 0 -2.98059 63.29449 1.96416 13
-0.32708 -0.24033 71.00177 0 0 7.33878 67.66229 1.26288 -13
0.23039 -0.18626 95.59322 0 0 5.69509 93.23162 1.79354 13
-0.39543 -0.10599 27.81322 0 0 3.29788 25.88388 1.19614 -13
-1.66696 -0.03656 11.99512 0 0 1.10734 6.17383 0.54064 13
-1.07932 0.02930 28.24502 0 0 -0.77736 19.20099 0.74748 -13
0.28852 -0.01880 56.84444 0 0 0.63976 54.61741 1.85164 13
-0.32318 -0.21202 65.53609 0 0 6.46880 62.48759 1.26459 13
1.05954 -0.00417 60.99935 0 0 0.19541 41.86890 2.38509 13
-0.54164 -0.07313 94.92549 0 0 2.29316 83.51894 1.07551 -13
-0.74753 0.08036 98.12510 0 0 -2.34914 78.68402 0.93042 13
-1.80592 -0.03226 19.10022 0 0 1.00255 9.25624 0.50593 13
-0.37228 -0.10699 48.09467 0 0 3.31919 45.10376 1.21627 -13
-0.11118 -0.02102 75.50405 0 0 0.72185 75.04186 1.46010 -13
0.41508 -0.16385 81.15087 0 0 5.01736 75.09479 1.95957 13
-0.75968 -0.04004 12.11959 0 0 1.23860 9.65343 0.92151 13
-0.55190 -0.04723 60.56025 0 0 1.49676 53.03531 1.06697 13
-0.13606 -0.14060 3.36449 0 0 4.46875 3.33446 1.43687 -13
0.61674 -0.17101 60.35792 0 0 5.22994 51.57524 2.11702 13
0.62103 -0.22845 76.54622 0 0 6.98079 65.48038 2.11520 -13
-0.90041 0.12367 60.53114 0 0 -3.66014 45.13608 0.84153 13
-0.92709 -0.27642 60.53114 0 0 8.40820 45.13608 0.84154 13
-1.21536 -0.21885 53.47659 0 0 6.66837 34.44947 0.69999 13
0.46089 0.13253 55.27471 0 0 -3.92609 50.27555 1.99937 13
0.47290 -0.26705 55.27471 0 0 8.12634 50.27555 1.99937 13
1.14546 -0.03324 56.73146 0 0 1.09699 37.32121 2.42362 -13
-0.72013 -0.06229 94.78991 0 0 1.96683 76.97133 0.94760 -13
-0.01057 -0.10164 86.18725 0 0 3.14195 86.18246 1.56028 13
-0.23994 -0.24747 13.05991 0 0 7.50584 12.71964 1.34197 13
-0.73189 -0.14695 96.78845 0 0 4.52071 78.39423 0.94407 -13
0.88327 -0.16203 72.47870 0 0 4.96017 54.62967 2.28787 13
-0.47127 -0.24965 66.71302 0 0 7.60412 60.67166 1.14194 13
2.04099 -0.03800 13.29759 0 0 1.14551 5.85385 2.68573 13
0.06169 -0.23479 4.59844 0 0 7.28589 4.59017 1.63078 -13
0.39675 -0.05005 67.07746 0 0 1.59875 62.36014 1.94807 -13
0.14839 0.13827 84.02918 0 0 -4.09589 83.13577 1.71674 13
0.15191 -0.26101 84.02918 0 0 7.94818 83.13577 1.71674 13
-1.06052 -0.17382 30.07505 0 0 5.34840 20.79443 0.76347 -13
0.66594 -0.13899 32.24699 0 0 4.29117 26.91916 2.15389 -13
0.00520 -0.04344 3.79569 0 0 1.51819 3.79563 1.57599 -13
1.65583 -0.18248 6.68085 0 0 5.74222 3.49563 2.59101 -13
-0.64133 0.04871 21.84046 0 0 -1.36002 18.39077 1.00108 -13
0.15954 -0.03757 69.24555 0 0 1.22157 68.38197 1.72889 -13
0.40199 0.12229 62.03268 0 0 -3.61588 57.61574 1.95046 13
0.41414 -0.27788 62.03268 0 0 8.45418 57.61574 1.95046 13
-0.18161 -0.11890 99.46743 0 0 3.66336 97.88841 1.39238 13
-0.34163 -0.12153 9.96135 0 0 3.69509 9.43378 1.24383 13
-1.32188 0.09008 34.05732 0 0 -2.65833 20.59978 0.64959 13
1.22938 -0.23884 7.51078 0 0 7.18215 4.81803 2.44511 13
-0.37055 -0.21578 24.02125 0 0 6.56789 22.58514 1.22328 13
0.84821 0.03289 80.30115 0 0 -0.91875 61.25256 2.27398 13
0.02021 0.08938 88.70105 0 0 -2.61999 88.68307 1.59092 13
-0.93550 -0.11416 72.01217 0 0 3.53454 52.74696 0.82194 -13
-1.17857 -0.09063 41.31493 0 0 2.83361 26.79295 0.70563 -13
-0.67910 -0.00773 68.50217 0 0 0.30622 56.67046 0.97425 13
-0.26672 -0.14147 93.21560 0 0 4.35407 90.12575 1.31260 -13
-0.74677 0.08807 18.42404 0 0 -2.54265 14.78267 0.93122 -13
-0.28738 0.06365 74.25933 0 0 -1.84567 71.38147 1.29149 13
-0.85570 -0.24030 36.96660 0 0 7.31365 28.41642 0.87684 13
0.60285 -0.19369 53.28831 0 0 5.91336 45.85860 2.10520 13
-1.20104 0.09716 1.56089 0 0 -2.37312 1.00146 0.69662 -13
-0.71258 0.04482 8.99222 0 0 -1.20366 7.32574 0.95215 -13
0.05792 0.13969 82.74854 0 0 -4.12549 82.61271 1.62810 -13
0.05927 -0.25950 82.74854 0 0 7.91637 82.61271 1.62810 -13
-1.89136 0.13705 97.36345 0 0 -4.04185 45.83987 0.49021 -13
-1.93726 -0.26224 97.36345 0 0 8.00369 45.83987 0.49020 -13
0.42340 -0.08972 60.01649 0 0 2.77833 55.30053 1.96988 13
0.58118 -0.12676 98.80679 0 0 3.91048 85.59827 2.09381 -13
0.23706 -0.06910 18.34095 0 0 2.19507 17.84867 1.80302 -13
-0.22747 -0.00107 26.62298 0 0 0.09466 25.95979 1.34714 13
0.62509 0.07423 27.08892 0 0 -2.13662 22.98792 2.12823 -13
0.07002 0.12272 28.62737 0 0 -3.63707 28.55848 1.64018 13
0.07213 -0.27743 28.62737 0 0 8.43204 28.55848 1.64019 13
1.18992 0.04389 12.16946 0 0 -1.18109 7.83372 2.44223 -13
-0.08665 -0.02656 96.49857 0 0 0.87816 96.13856 1.48439 13
-0.35982 -0.07719 67.14905 0 0 2.41740 63.20488 1.22635 -13
-0.20451 -0.18238 81.60482 0 0 5.58929 80.00167 1.37226 -13
-0.25217 -0.19654 97.32728 0 0 6.00460 94.47812 1.32824 13
-0.00823 -0.03495 99.07078 0 0 1.13134 99.06743 1.56257 13
-0.02413 -0.01259 78.95355 0 0 0.45490 78.93057 1.54667 13
-0.43575 0.02164 32.23579 0 0 -0.55476 29.55310 1.15994 -13
1.07241 -0.12562 97.22554 0 0 3.87780 66.58304 2.38722 -13
-1.90731 -0.03315 76.18583 0 0 1.09495 35.39266 0.48312 -13
-0.20639 -0.11348 87.55668 0 0 3.50989 85.77154 1.36852 -13
0.76494 -0.21920 21.68519 0 0 6.72360 17.37157 2.21250 -13
0.57863 0.03687 92.42064 0 0 -1.03675 80.00751 2.09506 13
0.12100 0.05500 37.41978 0 0 -1.59123 37.14955 1.69104 13
-1.98003 -0.19051 19.34743 0 0 5.76941 8.84711 0.47488 13
0.75576 -0.24686 42.66639 0 0 7.54310 34.40007 2.20381 -13
-0.00745 -0.07474 24.33625 0 0 2.35551 24.33558 1.56337 -13
-0.10384 -0.13466 13.94407 0 0 4.10721 13.87087 1.46825 13
-0.97364 0.00572 38.52003 0 0 -0.07399 27.59929 0.79876 -13
0.47247 0.12489 1.74303 0 0 -3.38267 1.57839 2.00920 -13
-0.49095 -0.14742 73.36944 0 0 4.52084 65.99676 1.11865 13
-0.79936 -0.08089 15.02015 0 0 2.56343 11.74688 0.89803 -13
0.08633 -0.17013 11.46433 0 0 5.25634 11.42299 1.65570 -13
0.10208 0.09097 60.24426 0 0 -2.65451 59.93529 1.67211 -13
0.71367 0.10807 34.84106 0 0 -3.19512 28.41492 2.18790 13
-0.16269 0.04497 94.22694 0 0 -1.28023 93.00654 1.40968 13
1.92971 -0.17157 83.24098 0 0 5.26974 38.73838 2.65753 -13
0.05513 0.09835 97.75231 0 0 -2.89033 97.60550 1.62561 13
2.01177 0.05946 60.19781 0 0 -1.73118 26.83300 2.67958 13
0.03775 -0.03670 97.51973 0 0 1.18437 97.45040 1.60850 13
-0.42241 0.09169 99.48788 0 0 -2.67913 91.70505 1.17262 -13
-0.14382 -0.00794 81.77465 0 0 0.32679 80.94182 1.42796 -13
1.61664 -0.23753 34.78212 0 0 7.27447 18.66190 2.57528 -13
-0.26039 0.14227 80.46749 0 0 -4.20419 77.92019 1.31850 -13
-0.26616 -0.25679 80.46749 0 0 7.83390 77.92019 1.31849 -13
0.10808 0.00741 43.17734 0 0 -0.15399 42.92738 1.67845 13
-2.05823 -0.06082 14.33819 0 0 1.99395 6.27516 0.45299 -13
0.62946 -0.09532 61.51183 0 0 2.94715 52.12374 2.13056 13
0.53322 -0.03139 24.44393 0 0 1.05067 21.57173 2.06046 -13
0.14579 0.00404 52.02010 0 0 -0.03133 51.47589 1.71557 -13
0.82070 -0.21508 62.48295 0 0 6.57985 48.73515 2.24697 -13
-1.75185 -0.12009 69.50095 0 0 3.71791 34.64122 0.52178 -13
-0.17170 0.09865 41.72338 0 0 -2.90566 41.12726 1.40156 13
1.76832 -0.03488 56.55676 0 0 1.11581 27.85330 2.62666 13
-1.51492 -0.23287 5.65791 0 0 7.27609 3.17385 0.59565 -13
1.83535 -0.03595 21.45331 0 0 1.21269 10.26927 2.64244 -13
-0.55122 0.09079 70.87142 0 0 -2.66452 62.12531 1.06875 13
0.82688 -0.09159 1.46132 0 0 3.28099 1.12843 2.25967 -13
-1.53611 0.10626 83.51276 0 0 -3.11321 45.74144 0.57964 -13
-1.53382 0.10076 88.23715 0 0 -2.96724 48.36071 0.58007 13
0.11037 0.04169 49.82668 0 0 -1.18589 49.52650 1.68062 13
-1.64570 0.12426 98.14677 0 0 -3.65728 51.25197 0.54943 -13
-1.69409 -0.27574 98.14677 0 0 8.40938 51.25197 0.54943 -13
-0.34798 -0.13697 57.69196 0 0 4.20357 54.54157 1.23879 13
-0.66596 0.12601 26.82254 0 0 -3.74419 22.37866 0.98691 13
-0.68506 -0.27394 26.82254 0 0 8.31884 22.37866 0.98693 13
0.37167 0.11730 77.72691 0 0 -3.45059 72.91748 1.92442 -13
0.46543 -0.02236 71.90473 0 0 0.74835 65.19242 2.00631 13
-0.36101 -0.07840 71.75202 0 0 2.43902 67.51254 1.22532 13
-1.13792 -0.06136 13.38113 0 0 1.98665 8.84203 0.72191 -13
1.74011 -0.16561 17.34528 0 0 5.13396 8.73010 2.61414 -13
-0.15435 0.13243 23.29594 0 0 -3.89200 23.02797 1.41896 -13
-0.15838 -0.26707 23.29594 0 0 8.16118 23.02797 1.41896 -13
1.48219 -0.08579 33.52580 0 0 2.69416 18.79766 2.54636 -13
-0.72453 0.06407 15.54135 0 0 -1.89104 12.59417 0.94477 13
0.89022 -0.07115 77.45969 0 0 2.23515 57.92152 2.29693 -13
1.38248 -0.08135 95.88815 0 0 2.52656 56.32043 2.51381 13
1.16272 -0.21161 79.46099 0 0 6.47458 52.46378 2.42045 -13
0.29985 -0.16549 60.76214 0 0 5.08180 58.26605 1.85842 -13
0.10518 -0.07089 28.78174 0 0 2.20201 28.62467 1.67533 13
0.01723 -0.24658 21.05695 0 0 7.54355 21.05402 1.58753 -13
-1.28182 0.09608 69.29803 0 0 -2.82789 42.74735 0.66474 13
-0.15875 -0.22306 76.27956 0 0 6.81614 75.38014 1.41708 -13
0.49902 -0.11516 44.14910 0 0 3.54263 39.55482 2.03104 13
0.44346 0.10594 65.67323 0 0 -3.12262 60.08972 1.98614 13
0.11013 0.06254 97.55768 0 0 -1.81019 96.97360 1.68027 13
-1.49924 0.10896 92.43618 0 0 -3.21525 51.50215 0.59096 13
0.54432 -0.14713 44.24592 0 0 4.50664 38.95623 2.06478 13
0.25302 -0.05446 29.77213 0 0 1.70755 28.86523 1.81826 13
0.49596 -0.04219 99.66148 0 0 1.35975 89.29901 2.03085 -13
-0.81687 -0.22959 5.21393 0 0 6.87783 4.07899 0.89840 13
0.69256 -0.00588 25.76447 0 0 0.23539 21.18096 2.17651 13
-0.92409 0.06365 30.63048 0 0 -1.81789 22.51672 0.82584 -13
-0.06591 -0.06560 3.93361 0 0 2.18843 3.92513 1.50512 -13
-1.80872 -0.20566 34.75198 0 0 6.25566 17.08262 0.51387 13
-0.99989 0.02897 58.85319 0 0 -0.80469 41.62621 0.78567 13
-1.55844 -0.10772 38.24973 0 0 3.30740 20.74103 0.57312 13
-1.20211 -0.21999 13.91077 0 0 6.77594 9.01980 0.70552 -13
1.26342 -0.01618 34.13736 0 0 0.54713 21.18836 2.47199 13
-0.74265 -0.13150 39.97886 0 0 4.06293 32.19346 0.93611 -13
0.63382 -0.06343 35.06243 0 0 1.97759 29.63206 2.13481 13
-0.78257 -0.24722 17.76023 0 0 7.50093 14.14198 0.92112 13
-0.44758 -0.22970 52.00364 0 0 7.02093 47.66591 1.15946 -13
1.00761 0.11173 54.53633 0 0 -3.27591 38.53614 2.35688 -13
0.77086 -0.02290 54.42135 0 0 0.76071 43.10592 2.22739 13
1.97777 0.05934 51.59285 0 0 -1.68837 23.31253 2.67275 -13
-0.21247 -0.21800 89.37659 0 0 6.65118 87.51081 1.36611 13
1.93375 0.00431 40.33199 0 0 -0.07536 18.52695 2.66433 13
1.79954 -0.05458 93.14997 0 0 1.73830 45.29836 2.63376 -13
0.09956 -0.23795 6.82170 0 0 7.18082 6.78983 1.66735 13
1.12847 -0.24725 62.90666 0 0 7.55166 42.41076 2.40173 -13
-1.34775 0.07787 90.30914 0 0 -2.25864 53.91659 0.63979 -13
1.87783 -0.10299 46.29239 0 0 3.16626 21.84861 2.65007 13
0.59812 0.05650 18.99533 0 0 -1.65341 16.30860 2.10913 13
1.46354 0.12316 51.53437 0 0 -3.61725 29.22254 2.53867 -13
1.50725 -0.27688 51.53437 0 0 8.45082 29.22254 2.53868 -13
1.33856 0.03984 75.97414 0 0 -1.13173 45.49385 2.49959 13
-1.56124 0.05278 53.77009 0 0 -1.52813 29.03047 0.57031 13
0.25813 -0.13674 17.62571 0 0 4.17759 17.07611 1.82118 13
1.34505 -0.10759 8.22550 0 0 3.22535 4.92641 2.49953 13
-1.20930 -0.11965 16.53587 0 0 3.64589 10.58196 0.69444 13
0.33078 -0.18474 8.66108 0 0 5.59337 8.23627 1.88528 13
1.31831 0.10217 71.36884 0 0 -3.01179 43.27438 2.49014 13
-0.77672 0.09069 26.92043 0 0 -2.63181 21.29334 0.91239 -13
-1.49468 0.01456 20.68604 0 0 -0.31609 11.50386 0.58969 -13
-0.61544 0.08886 17.98734 0 0 -2.56701 15.33522 1.02085 -13
-0.96450 -0.00934 65.97564 0 0 0.37298 47.48819 0.80349 -13
-0.39909 -0.19638 68.41551 0 0 5.99793 63.70496 1.19755 13
0.45181 -0.01761 19.40976 0 0 0.63998 17.68873 1.99510 -13
1.22216 0.09500 52.97088 0 0 -2.79885 33.63456 2.45364 13
0.00533 -0.13720 78.95976 0 0 4.21367 78.95866 1.57608 13
-0.04975 0.12782 84.73635 0 0 -3.76858 84.63336 1.52148 -13
-0.05115 -0.27198 84.73635 0 0 8.29178 84.63336 1.52148 -13
-0.27300 -0.13779 57.34060 0 0 4.22892 55.35210 1.30667 13
2.06893 -0.23096 38.65045 0 0 7.01872 17.17606 2.68110 13
0.02348 -0.09719 29.47719 0 0 2.99628 29.46915 1.59416 13
-0.18827 -0.17880 23.54686 0 0 5.45321 23.15264 1.38755 13
-1.00243 -0.03047 43.09010 0 0 0.98428 30.43947 0.78442 13
1.00809 0.11913 40.21915 0 0 -3.53039 28.42476 2.35670 13
1.03979 -0.28123 40.21915 0 0 8.54578 28.42476 2.35667 13
0.14567 -0.21444 14.59217 0 0 6.58552 14.44641 1.71228 -13
1.30565 0.08860 72.64232 0 0 -2.58036 44.27959 2.48610 -13
-0.11224 0.01051 74.30953 0 0 -0.22910 73.84588 1.45903 -13
0.70149 -0.16350 10.89975 0 0 5.06875 8.96117 2.17634 -13
0.22150 -0.03645 2.79956 0 0 1.35642 2.73340 1.78864 -13
-1.47753 0.00498 18.06912 0 0 -0.11679 10.12771 0.59499 13
-1.16812 -0.10115 41.41850 0 0 3.15242 27.01022 0.71053 -13
0.62210 -0.21296 54.53516 0 0 6.51513 46.58859 2.11741 -13
0.66082 -0.02735 83.05767 0 0 0.89947 69.30259 2.15457 13
-0.56175 -0.15311 26.29313 0 0 4.67977 22.98692 1.06391 13
-0.93592 0.01758 18.06366 0 0 -0.41147 13.18949 0.81857 -13
-0.47910 -0.03797 91.01573 0 0 1.23261 82.09268 1.12429 -13
-0.32759 0.11931 15.71888 0 0 -3.48523 14.94812 1.25631 -13
0.66270 -0.00096 90.13934 0 0 0.11701 75.13778 2.15605 -13
-0.03025 0.03350 49.56922 0 0 -0.93924 49.54659 1.54058 13
-0.31451 -0.03093 16.63650 0 0 1.04524 15.87078 1.26622 -13
-0.48165 -0.22156 32.75779 0 0 6.74694 29.64385 1.13123 13
-0.03447 -0.15395 86.90373 0 0 4.73099 86.85332 1.53674 -13
2.09277 -0.14193 81.94745 0 0 4.37624 35.61824 2.69194 -13
0.10791 0.14225 82.42230 0 0 -4.20403 81.95592 1.67723 -13
0.11033 -0.25677 82.42230 0 0 7.83399 81.95592 1.67725 -13
-0.80495 -0.08212 96.66361 0 0 2.56479 75.39870 0.89468 -13
2.02983 -0.08775 75.21265 0 0 2.74188 33.34130 2.68232 -13
0.33342 0.11888 1.96015 0 0 -3.76753 1.86088 1.89053 13
0.34390 -0.28183 1.96015 0 0 8.30146 1.86088 1.89045 13
-0.12005 -0.08708 40.82111 0 0 2.71906 40.53233 1.45176 -13
0.94582 0.07550 10.29439 0 0 -2.26422 7.48828 2.32694 13
0.64419 -0.01486 44.99013 0 0 0.54259 37.82305 2.14303 -13
-1.34774 0.07471 26.53764 0 0 -2.20291 15.84097 0.63968 13
0.85515 -0.00244 98.11449 0 0 0.14835 74.56742 2.27827 13
0.01843 0.13015 45.97466 0 0 -3.83412 45.96699 1.58907 -13
0.01893 -0.26950 45.97466 0 0 8.22166 45.96699 1.58908 -13
1.07324 0.06724 52.24514 0 0 -1.93321 35.65890 2.39038 -13
0.00614 0.14571 11.14535 0 0 -4.35930 11.14514 1.57687 13
0.00628 -0.25331 11.14535 0 0 7.67363 11.14514 1.57689 13
0.02821 -0.16728 62.12976 0 0 5.11931 62.10574 1.59861 13
-0.13465 -0.00998 38.23663 0 0 0.39523 37.89467 1.43696 -13
-0.07647 -0.22160 86.97259 0 0 6.76072 86.73130 1.49628 13
-0.82904 -0.00349 12.70875 0 0 0.13591 9.78399 0.87860 13
1.39090 -0.13295 80.49124 0 0 4.10254 47.25811 2.51410 -13
1.04315 -0.10870 65.90883 0 0 3.34944 45.74934 2.37438 13
0.83192 -0.24846 25.78861 0 0 7.60262 20.06515 2.25002 -13
-0.95819 -0.21103 37.45172 0 0 6.46548 27.32166 0.81762 -13
-0.56043 0.14786 21.49416 0 0 -4.35175 18.79886 1.06458 -13
-0.57158 -0.25095 21.49416 0 0 7.67927 18.79886 1.06459 -13
0.91474 -0.01436 36.46466 0 0 0.53257 26.90705 2.31164 -13
0.09720 -0.00288 66.92180 0 0 0.17541 66.60786 1.66770 -13
-1.30880 -0.00751 5.08530 0 0 0.15508 3.08762 0.65245 13
-1.42674 -0.00552 45.73922 0 0 0.26564 26.25252 0.61133 -13
-0.48283 -0.14635 59.53446 0 0 4.48731 53.71897 1.12511 13
1.33804 -0.07460 60.40456 0 0 2.31820 36.22549 2.49845 13
0.31509 0.02865 12.61831 0 0 -0.82470 12.03543 1.87592 13
0.75389 -0.18971 67.44369 0 0 5.79455 54.19637 2.20830 13
0.36168 0.07136 48.79288 0 0 -2.08208 45.89736 1.91703 13
0.67078 -0.17195 60.79789 0 0 5.27782 50.71656 2.15492 -13
0.37155 -0.09279 83.98185 0 0 2.88646 78.76412 1.92514 -13
-0.54225 -0.21353 32.69101 0 0 6.53987 28.88143 1.08321 -13
-0.25796 -0.16639 74.13607 0 0 5.09358 71.84646 1.32162 13
-0.13857 -0.10468 11.23899 0 0 3.28681 11.13371 1.43384 -13
1.12358 -0.11625 8.27378 0 0 3.49580 5.52180 2.41099 13
-0.31239 -0.23323 42.26723 0 0 7.10329 40.43748 1.27547 13
1.33728 0.02083 54.49973 0 0 -0.56207 32.64225 2.49941 13
0.27236 -0.02354 25.23885 0 0 0.81124 24.35229 1.83663 -13
-0.52051 -0.19491 36.38463 0 0 5.97563 32.40084 1.09847 -13
-1.03261 -0.11139 59.62191 0 0 3.42876 41.60819 0.77244 13
-0.69196 -0.00689 11.07617 0 0 0.23611 9.10816 0.96550 13
2.10444 -0.10533 88.75243 0 0 3.24665 38.26414 2.69585 13
-0.18005 -0.08037 5.87992 0 0 2.59061 5.78747 1.39322 -13
0.47783 0.09832 9.90333 0 0 -2.83114 8.94339 2.01468 -13
0.61023 -0.11641 63.63714 0 0 3.60161 54.42070 2.11571 -13
1.14306 0.04980 71.00213 0 0 -1.41006 46.78361 2.42224 -13
0.13759 0.09908 59.25534 0 0 -2.89948 58.70756 1.70687 -13
-1.26751 0.11165 56.20885 0 0 -3.30029 34.94828 0.67098 13
0.67759 -0.02468 74.57918 0 0 0.81807 61.74606 2.16618 13
1.69391 0.08125 53.79277 0 0 -2.35278 27.41356 2.60686 -13
-0.25874 -0.10866 50.27543 0 0 3.34931 48.69057 1.31903 13
-0.76774 0.13321 53.75618 0 0 -3.92577 42.77790 0.92028 -13
-0.78753 -0.26628 53.75618 0 0 8.12574 42.77790 0.92028 -13
1.38172 -0.21770 22.42272 0 0 6.68602 13.34685 2.50408 -13
0.53541 -0.17703 70.07057 0 0 5.42887 61.98394 2.05597 -13
-0.24171 0.07045 90.86575 0 0 -2.03814 88.33442 1.33420 -13
2.07794 0.08107 95.63947 0 0 -2.37580 41.58434 2.69178 13
-0.04935 -0.11764 31.16863 0 0 3.64601 31.13130 1.52182 -13
-0.18509 -0.10181 80.86827 0 0 3.15843 79.53116 1.38870 -13
0.54782 -0.15218 44.32113 0 0 4.68460 38.97255 2.06715 -13
1.08589 0.07424 24.56562 0 0 -2.18658 16.66572 2.39598 13
-1.93735 0.01761 2.53502 0 0 -0.86007 1.16260 0.47656 13
-1.44516 -0.07551 68.28826 0 0 2.34655 38.93289 0.60664 13
0.10093 0.08036 70.93046 0 0 -2.33575 70.57415 1.67106 -13
-1.94966 -0.19306 47.02717 0 0 5.92756 21.77434 0.48139 -13
0.88237 0.05853 38.50785 0 0 -1.70136 28.89600 2.29294 13
1.53073 0.01297 45.80302 0 0 -0.32954 25.05207 2.56287 13
0.40255 -0.10199 82.77696 0 0 3.16358 76.84382 1.95171 -13
0.33592 0.11782 18.24196 0 0 -3.50050 17.30436 1.89280 13
0.34673 -0.28267 18.24196 0 0 8.57590 17.30436 1.89284 13
0.17207 0.09471 68.85471 0 0 -2.76866 67.86616 1.74045 -13
0.42698 0.12633 10.42404 0 0 -3.78168 9.59844 1.97149 13
0.43916 -0.27364 10.42404 0 0 8.28030 9.59844 1.97147 13
0.40006 0.05043 57.07300 0 0 -1.43066 52.99898 1.95092 -13
-0.92579 0.07312 42.42373 0 0 -2.13942 31.16897 0.82524 13
1.25379 -0.16100 26.38478 0 0 4.96615 16.58090 2.46208 -13
-0.03693 0.08500 97.20212 0 0 -2.48786 97.13640 1.53402 13
1.29959 0.00280 97.50825 0 0 0.00460 59.46326 2.48574 -13
0.22579 -0.08190 25.78744 0 0 2.53168 25.15829 1.79214 13
-0.09715 -0.07442 83.45350 0 0 2.33189 83.06458 1.47421 -13
-0.12932 -0.06283 72.34443 0 0 1.96972 71.74927 1.44244 13
1.41516 0.00206 70.34313 0 0 0.00734 40.59467 2.52643 13
0.22689 -0.10343 25.05453 0 0 3.18120 24.43995 1.79276 13
0.16908 -0.13147 22.97768 0 0 4.02439 22.66146 1.73689 13
-0.99426 -0.23537 85.69647 0 0 7.18932 61.57946 0.80175 -13
0.97568 0.01968 43.14010 0 0 -0.52833 30.88055 2.34379 13
0.46227 -0.02441 29.51743 0 0 0.79971 26.79468 2.00369 13
-0.06481 -0.22241 6.66820 0 0 6.85933 6.65479 1.50761 -13
0.66189 -0.06691 64.17039 0 0 2.09030 53.54710 2.15446 13
-1.42342 -0.01830 21.75555 0 0 0.67144 12.50776 0.61250 -13
-2.12279 0.04395 79.70987 0 0 -1.23054 33.99598 0.44062 -13
0.72826 0.08005 87.40858 0 0 -2.32636 70.73546 2.19872 -13
0.09538 -0.14685 14.49426 0 0 4.47645 14.43015 1.66489 13
-1.52901 -0.18113 17.51456 0 0 5.49557 9.69468 0.58661 13
-0.50129 0.01914 43.12810 0 0 -0.50869 38.55629 1.10619 13
0.04592 -0.22824 36.84606 0 0 6.95197 36.80918 1.61553 13
-0.27636 0.03368 32.04804 0 0 -0.91877 30.89136 1.30131 -13
0.20830 0.00138 85.33520 0 0 0.03377 83.54211 1.77616 13
-1.61109 -0.02280 65.72536 0 0 0.75497 34.66743 0.55562 13
0.08400 -0.15716 56.09099 0 0 4.83011 55.89890 1.65358 -13
1.32334 -0.05155 73.98405 0 0 1.64678 44.64169 2.49384 -13
-0.03863 -0.08564 4.51094 0 0 2.55274 4.50760 1.53233 13
-0.27253 0.08396 16.73993 0 0 -2.48276 16.15475 1.30561 13
0.33398 0.05208 52.52575 0 0 -1.47995 49.82729 1.89272 -13
-0.42071 -0.22225 84.71049 0 0 6.79132 78.35958 1.18111 -13
1.60838 -0.17212 86.45959 0 0 5.28451 46.13250 2.57877 -13
-1.33180 -0.17573 70.90869 0 0 5.37052 42.98999 0.65137 13
0.77705 -0.21865 32.74505 0 0 6.69682 26.08157 2.22011 -13
0.79989 0.03841 38.71935 0 0 -1.06209 30.24521 2.24511 -13
-1.53155 0.10452 63.55383 0 0 -3.08604 34.87855 0.58092 13
-1.49825 -0.14924 55.50293 0 0 4.56670 31.04719 0.59364 13
0.78889 0.05900 20.77919 0 0 -1.66875 16.32495 2.23788 -13
0.50595 -0.07142 50.06255 0 0 2.24633 44.69382 2.03817 -13
0.32383 -0.24408 84.91463 0 0 7.45016 81.00078 1.87559 -13
-0.20369 -0.11587 32.41870 0 0 3.59182 31.77479 1.37115 -13
0.39950 -0.20352 50.18939 0 0 6.20996 46.73608 1.94393 13
0.91708 0.14348 83.48417 0 0 -4.23959 61.81335 2.30789 -13
0.93696 -0.25552 83.48417 0 0 7.79706 61.81335 2.30790 -13
1.10878 -0.13236 19.91997 0 0 4.11039 13.40490 2.40341 -13
0.54782 -0.04651 82.36287 0 0 1.49091 72.25219 2.07151 -13
0.32532 0.08405 62.72798 0 0 -2.46229 59.67074 1.88428 13
0.80835 0.02612 48.16268 0 0 -0.71953 37.46102 2.25044 13
-0.86632 0.14339 31.79194 0 0 -4.22347 24.13360 0.86194 -13
-0.88513 -0.25559 31.79194 0 0 7.81357 24.13360 0.86193 -13
1.10266 -0.05366 4.16559 0 0 1.52706 2.80022 2.40427 13
-0.72300 0.11167 17.81372 0 0 -3.25321 14.46661 0.94774 -13
1.06829 0.04270 6.71942 0 0 -1.31271 4.59400 2.38875 13
0.59820 -0.20165 74.95556 0 0 6.17194 64.65865 2.10116 -13
0.25098 -0.06478 14.01466 0 0 2.07180 13.59477 1.81620 -13
-0.21090 0.00262 19.58566 0 0 -0.02296 19.16412 1.36295 13
0.37972 -0.12507 80.39729 0 0 3.86014 75.23415 1.93113 -13
0.60411 0.05963 55.39720 0 0 -1.72768 47.43921 2.11344 13
-0.85341 -0.15536 39.59179 0 0 4.75219 30.26684 0.87021 13
-0.17391 -0.23228 51.68375 0 0 7.09769 50.95778 1.40299 -13
1.01372 -0.18783 18.61946 0 0 5.70931 13.19007 2.35434 13
1.12661 -0.24101 84.68833 0 0 7.34293 57.10238 2.40162 13
-0.27051 -0.19768 82.65071 0 0 6.03776 79.88576 1.31140 13
-0.11680 -0.00129 96.97026 0 0 0.11529 96.31553 1.45452 13
-1.72037 -0.16521 22.37583 0 0 5.02028 11.35872 0.53240 13
0.63024 -0.04505 96.46857 0 0 1.43511 81.63604 2.13270 13
-0.30728 -0.23986 75.70298 0 0 7.32342 72.53414 1.28044 -13
-0.10693 0.04137 78.84081 0 0 -1.17288 78.39471 1.46436 13
0.94147 -0.01429 83.76591 0 0 0.50396 60.99195 2.32601 13
0.58613 -0.13062 96.82971 0 0 4.01518 83.71703 2.09728 13
-0.26860 0.01252 85.12782 0 0 -0.30249 82.21406 1.30841 13
-1.94576 0.01042 39.12857 0 0 -0.20567 17.88686 0.47476 -13
-0.06075 0.14412 35.77283 0 0 -4.27974 35.70834 1.51074 13
-0.06205 -0.25489 35.77283 0 0 7.75622 35.70834 1.51074 13
-0.72468 -0.04041 99.40586 0 0 1.30641 80.51462 0.94408 -13
-1.43711 -0.09491 80.76894 0 0 2.95447 46.27288 0.61003 -13
-0.43589 -0.00322 46.73553 0 0 0.16711 42.84240 1.15974 13
1.83237 -0.16647 77.66220 0 0 5.11696 37.59626 2.63626 -13
-0.30159 -0.22730 98.76971 0 0 6.94257 94.75683 1.28477 -13
-0.24896 0.02221 43.11856 0 0 -0.57721 41.84196 1.32685 -13
1.51067 0.07470 31.10179 0 0 -2.14574 17.20080 2.55558 -13
0.72382 -0.04823 35.92117 0 0 1.55224 29.11006 2.19678 -13
0.29019 -0.07357 97.23861 0 0 2.30576 93.40554 1.85251 -13
0.81691 -0.16579 36.43249 0 0 5.09950 28.36703 2.24913 -13
-0.18431 -0.02060 13.46661 0 0 0.66590 13.24371 1.38857 13
-0.61081 0.06929 59.48408 0 0 -1.99883 50.79687 1.02353 -13
-0.63796 -0.18595 15.25707 0 0 5.65213 12.92492 1.01061 13
0.08024 -0.10374 96.58316 0 0 3.21577 96.27704 1.65044 -13
-0.38167 0.13551 22.47158 0 0 -3.98266 21.01856 1.20921 -13
-0.39117 -0.26384 22.47158 0 0 8.06497 21.01856 1.20920 -13
-1.10189 0.06922 79.67619 0 0 -2.01534 53.61616 0.73815 13
0.39633 -0.12085 76.31763 0 0 3.73344 71.01819 1.94566 -13
-0.68203 -0.22484 97.72412 0 0 6.86954 81.35816 0.98366 -13
-0.71245 0.05693 14.87632 0 0 -1.59559 12.12273 0.95253 -13
0.81620 -0.24051 29.78129 0 0 7.35857 23.32966 2.24160 -13
3.02047 1.43809 29.78129 0 0 7.27219 23.32966 2.61608 -13
-0.43173 -0.09940 29.78129 0 0 7.40344 23.32966 1.97657 -13
13.88764 4.88697 29.78129 0 0 6.82693 23.32966 0.34483 -13
1.10307 0.03357 69.33877 0 0 -0.92085 46.58577 2.40489 -13
1.05279 0.00842 8.35518 0 0 -0.25816 5.75414 2.38189 13
-0.02523 -0.05744 11.07253 0 0 1.76916 11.06902 1.54562 13
0.01338 0.00465 70.55355 0 0 -0.05231 70.54724 1.58417 -13
2.14156 -0.11112 14.89992 0 0 3.50973 6.33667 2.70238 -13
2.05409 0.12985 51.14956 0 0 -3.85719 22.54123 2.68523 13
2.10985 -0.26988 51.14956 0 0 8.19924 22.54123 2.68523 13
1.90308 0.09151 15.07279 0 0 -2.74844 7.03510 2.65606 13
2.13326 -0.23702 74.16160 0 0 7.24647 32.18656 2.69265 -13
-1.19514 -0.23186 34.72477 0 0 7.05112 22.62561 0.70965 13
0.21894 0.13325 20.81150 0 0 -3.96236 20.33819 1.78451 13
0.22457 -0.26634 20.81150 0 0 8.08856 20.33819 1.78448 13
-1.59972 -0.22677 23.34343 0 0 6.96377 12.59727 0.57001 -13
