0.62933 -0.08572 87.89743 0 0 2.66067 74.46885 2.13086 13
1.09730 0.14457 53.86608 0 0 -4.29230 36.48704 2.39740 13
1.12061 -0.25440 53.86608 0 0 7.74270 36.48704 2.39741 13
0.25342 -0.14740 53.86608 0 0 7.77741 36.48704 1.81645 13
10.19891 2.22895 53.86608 0 0 7.79679 36.48704 0.23511 13
0.30525 -0.09870 1.61010 0 0 3.38701 1.54058 1.86571 -13
-0.53182 -0.15439 36.07218 0 0 4.75364 31.93056 1.08688 -13
-0.18728 -0.24691 41.93487 0 0 7.54214 41.25841 1.39094 -13
0.29666 -0.12249 54.65921 0 0 3.76671 52.43332 1.85716 13
1.40696 -0.19628 89.72372 0 0 5.99224 52.63232 2.51474 13
1.10643 0.08291 82.46357 0 0 -2.41080 55.39808 2.40498 -13
-0.47194 -0.08724 5.62432 0 0 2.61764 5.08982 1.13131 13
-0.60565 -0.08792 85.67069 0 0 2.72652 73.35405 1.02793 13
1.46260 0.12072 95.33693 0 0 -3.55144 54.07436 2.53851 -13
1.50773 -0.27951 95.33693 0 0 8.52145 54.07436 2.53851 -13
1.75502 0.04371 83.90061 0 0 -1.22656 41.56644 2.62327 -13
-1.04257 -0.06498 24.08617 0 0 2.07129 16.69165 0.76561 -13
-1.09668 -0.03566 47.75378 0 0 1.14209 32.18664 0.73964 13
0.56749 -0.20727 46.48276 0 0 6.32079 40.63108 2.07799 13
0.28493 0.13215 17.32899 0 0 -3.87754 16.67635 1.84609 -13
0.29244 -0.26741 17.32899 0 0 8.17612 16.67635 1.84613 -13
0.25413 -0.16795 4.67635 0 0 5.03887 4.53607 1.81636 13
0.23120 0.07778 37.40046 0 0 -2.27875 36.44463 1.79734 13
0.44831 -0.17363 26.60843 0 0 5.29842 24.34004 1.98672 13
0.41498 -0.18176 26.63687 0 0 5.58481 24.66048 1.95843 -13
-0.31511 -0.23998 98.09099 0 0 7.31558 93.78692 1.27347 13
-0.32902 0.00416 75.38687 0 0 -0.03752 71.61058 1.25294 -13
0.54094 0.10913 76.79272 0 0 -3.20334 67.63414 2.06418 -13
-0.11349 -0.16778 31.23845 0 0 5.15811 31.04460 1.45934 -13
-0.10660 -0.04222 5.13762 0 0 1.25713 5.10871 1.46469 13
-0.88304 0.05233 58.34717 0 0 -1.48602 43.76208 0.84811 -13
-0.56270 0.02789 10.92642 0 0 -0.70806 9.52326 1.05842 -13
0.37978 -0.13387 9.56750 0 0 4.17564 8.95440 1.93081 -13
0.60057 0.10347 74.95991 0 0 -3.03222 64.35183 2.10929 -13
0.22204 -0.22494 51.95396 0 0 6.85587 50.77625 1.78413 13
-1.98056 -0.19097 98.94807 0 0 5.83070 45.23634 0.47481 13
0.74136 0.04919 24.67372 0 0 -1.42783 19.82931 2.20817 13
-0.68031 -0.09584 80.30450 0 0 2.97897 66.49234 0.97553 -13
-0.88897 0.09983 8.54488 0 0 -3.00598 6.40014 0.84657 13
-0.67140 -0.18012 64.32631 0 0 5.52404 53.66860 0.98689 -13
-0.55907 0.07372 64.64654 0 0 -2.13413 56.46347 1.06217 -13
-1.10160 0.01417 99.83378 0 0 -0.35348 67.10594 0.73714 13
-0.51052 -0.02497 85.41420 0 0 0.82831 76.07895 1.09890 13
-1.17144 0.07439 78.53721 0 0 -2.15351 51.07225 0.70797 -13
-0.24249 -13.09904 78.53721 0 0 -2.13303 51.07225 1.55234 -13
-0.07640 0.02198 67.38806 0 0 -0.58887 67.19233 1.49457 13
0.15195 -0.04598 31.48332 0 0 1.45285 31.12684 1.72143 13
-0.26288 -0.12960 64.14504 0 0 3.98273 62.07033 1.31578 13
0.37947 0.03450 1.51150 0 0 -0.62800 1.41338 1.93328 -13
-1.23678 0.02031 20.99426 0 0 -0.49486 13.20165 0.68003 -13
0.24169 -0.21610 8.92832 0 0 6.53969 8.68924 1.80278 13
0.56400 -0.01484 11.97668 0 0 0.57690 10.43224 2.08428 -13
-1.81510 0.04305 12.08209 0 0 -1.13346 5.83460 0.50395 -13
0.88751 0.03706 66.61705 0 0 -1.02676 49.83938 2.29633 -13
0.90895 0.13817 61.43075 0 0 -4.09715 45.65207 2.30383 13
0.93059 -0.26113 61.43075 0 0 7.94719 45.65207 2.30383 13
-0.42510 -0.11568 4.37876 0 0 3.45022 4.03394 1.17123 13
0.09732 0.07300 30.80976 0 0 -2.13709 30.66565 1.66756 13
-0.15290 0.01062 99.56403 0 0 -0.24409 98.42029 1.41908 13
-1.25248 -0.10358 96.99123 0 0 3.19795 60.71359 0.67638 13
1.30835 -0.17595 47.14388 0 0 5.40687 28.90402 2.48162 -13
0.35669 -0.08721 16.12107 0 0 2.67991 15.19061 1.91222 13
0.57599 -0.92936 16.12107 0 0 3.04374 15.19061 1.97005 13
1.58221 -0.09042 92.71606 0 0 2.80106 49.67853 2.57612 13
-0.26531 0.11590 51.06153 0 0 -3.40490 49.37557 1.31311 -13
-0.01523 -0.10237 46.55630 0 0 3.15871 46.55095 1.55565 13
1.09127 0.06931 74.80354 0 0 -1.99965 50.60271 2.39862 -13
-1.92070 0.01018 59.25933 0 0 -0.24398 27.36716 0.48005 13
-0.47916 0.00266 94.35525 0 0 -0.00463 85.09135 1.12396 13
-1.26806 -0.14909 86.80631 0 0 4.58883 54.11513 0.67310 -13
0.72465 0.10787 7.29176 0 0 -3.09136 5.91606 2.19513 -13
0.12324 0.09984 2.29461 0 0 -2.71414 2.27746 1.69281 -13
0.54397 0.01362 12.88818 0 0 -0.28646 11.32180 2.06896 -13
-0.02241 -0.10940 94.93742 0 0 3.37603 94.91388 1.54852 13
0.13208 0.01529 6.09988 0 0 -0.30062 6.04736 1.70210 -13
0.33424 -0.12162 62.36644 0 0 3.75808 59.19339 1.89116 -13
1.50665 -0.08504 69.39239 0 0 2.63430 38.47014 2.55397 13
-0.01002 -0.23672 88.32549 0 0 7.22737 88.32129 1.56105 -13
-0.46451 -0.12926 60.74251 0 0 3.98925 55.16980 1.13910 -13
-0.10858 -0.18759 22.37925 0 0 5.71646 22.25286 1.46448 13
0.10932 -0.16102 43.19331 0 0 4.92662 42.94388 1.67831 13
0.07306 -0.21400 14.14756 0 0 6.50023 14.11161 1.64212 13
0.91379 0.07397 99.68485 0 0 -2.15685 73.67942 2.30982 13
1.67431 -0.00624 55.95373 0 0 0.28607 28.69154 2.60318 -13
-0.02704 0.11040 57.21769 0 0 -3.25717 57.19706 1.54393 13
1.01614 0.03669 4.94363 0 0 -1.16485 3.46843 2.36386 13
-0.23520 0.06754 7.32026 0 0 -2.02375 7.12673 1.34030 13
0.03408 0.09100 25.45121 0 0 -2.64431 25.43655 1.60472 -13
-0.29335 0.05060 37.62291 0 0 -1.45859 36.10527 1.28579 13
0.04422 -0.14639 10.27958 0 0 4.54546 10.26977 1.61452 -13
1.63849 0.13568 19.86439 0 0 -3.96322 10.41802 2.58956 -13
1.67892 -0.26367 19.86439 0 0 8.08543 10.41802 2.58951 -13
-0.68054 -0.10326 44.22895 0 0 3.20929 36.62628 0.97572 -13
-0.33569 0.00721 21.01708 0 0 -0.16040 19.92456 1.24693 13
2.06563 -0.19152 84.22668 0 0 5.87137 37.23815 2.68363 -13
0.76743 0.06587 59.20314 0 0 -1.91630 47.00458 2.22431 13
1.16368 -0.16119 17.34133 0 0 4.99036 11.38539 2.42535 -13
0.97018 0.13522 46.19741 0 0 -4.01235 33.30277 2.33653 13
0.99440 -0.26424 46.19741 0 0 8.03581 33.30277 2.33652 13
0.11593 -0.10417 64.79023 0 0 3.21604 64.36380 1.68560 13
1.89545 -0.19794 92.65091 0 0 6.06324 43.88597 2.64815 -13
0.07125 -0.14926 92.65091 0 0 6.06578 43.88597 1.64114 -13
0.15831 0.46328 92.65091 0 0 8.25303 43.88597 1.42813 -13
-0.26969 -0.19839 92.65091 0 0 -3.65661 43.88597 1.82941 -13
-0.90736 -0.89017 92.65091 0 0 6.64096 43.88597 0.97517 -13
0.25767 0.06483 92.65091 0 0 7.75061 43.88597 1.31912 -13
1.86017 0.73540 92.65091 0 0 6.46538 43.88597 2.55315 -13
1.61192 -0.03500 53.69086 0 0 1.15372 28.31653 2.58605 -13
-0.22024 -0.01018 13.82327 0 0 0.35196 13.49986 1.35403 13
-0.89242 -0.14511 58.08843 0 0 4.46989 43.53943 0.84736 -13
0.13781 -0.16649 36.71107 0 0 5.08992 36.37659 1.70591 13
-1.54552 -0.18552 33.94492 0 0 5.70392 18.66059 0.58203 -13
-1.87294 0.11962 60.20847 0 0 -3.51069 28.51428 0.49337 -13
-1.93169 -0.28059 60.20847 0 0 8.56494 28.51428 0.49333 -13
1.23110 0.12121 41.99388 0 0 -3.59288 26.59373 2.45584 13
1.26880 -0.27904 41.99388 0 0 8.47906 26.59373 2.45582 13
-0.41784 0.07148 49.71800 0 0 -2.06375 45.89217 1.17592 -13
-1.93593 -0.19187 84.21828 0 0 5.85627 39.20569 0.48421 13
0.12841 0.03921 66.20264 0 0 -1.10918 65.66434 1.69841 13
-0.96156 -0.04465 40.36057 0 0 1.44484 29.10654 0.80549 -13
0.65608 0.00980 62.68087 0 0 -0.22370 52.40904 2.15141 13
1.19518 0.13227 72.79281 0 0 -3.91829 46.95031 2.44060 13
1.22649 -0.26733 72.79281 0 0 8.13449 46.95031 2.44061 13
0.98329 0.09902 8.69078 0 0 -2.82579 6.21119 2.34533 -13
0.96230 0.11644 90.82244 0 0 -3.42397 65.65448 2.33362 -13
0.47187 -0.23977 52.13032 0 0 7.32452 47.38052 2.00099 -13
0.21428 -0.14676 59.24674 0 0 4.51669 57.95839 1.77972 -13
1.42560 -0.06007 97.79416 0 0 1.88444 56.22702 2.52904 13
-0.01809 0.07184 99.99363 0 0 -2.08094 99.97736 1.55275 -13
0.32424 -0.02276 11.51235 0 0 0.72306 10.95140 1.88426 13
0.10773 -0.11460 94.49652 0 0 3.53308 93.95990 1.67742 13
-1.40303 -0.21437 66.53675 0 0 6.56108 39.19319 0.62988 -13
0.76991 -0.18854 59.42709 0 0 5.77849 47.39124 2.21850 -13
-1.82044 -0.21386 44.21665 0 0 6.50899 21.65682 0.51181 13
1.49645 -0.09145 21.24104 0 0 2.79788 11.83575 2.55057 13
-0.33351 0.06911 1.05097 0 0 -1.50769 0.99714 1.24960 -13
2.03615 -0.19677 36.43330 0 0 5.98497 16.30835 2.67751 13
0.04993 0.04360 87.99128 0 0 -1.23944 87.88205 1.62064 13
-0.41094 -0.14818 2.55407 0 0 4.34778 2.36608 1.18470 13
0.31332 0.09379 95.11028 0 0 -2.74259 90.79516 1.87318 -13
-0.09501 -0.11356 87.14007 0 0 3.51256 86.75432 1.47668 -13
0.42255 -0.05447 40.06401 0 0 1.73757 36.91275 1.97006 -13
-0.23353 0.02442 23.77786 0 0 -0.63424 23.15525 1.34144 -13
0.96961 -0.15851 75.34825 0 0 4.87121 54.41926 2.33457 -13
-0.28923 0.00925 59.07731 0 0 -0.18920 56.75140 1.28926 -13
-0.77286 -0.12820 24.67322 0 0 3.97313 19.58141 0.91677 -13
0.76444 -0.24322 76.41208 0 0 7.42610 61.34162 2.20966 -13
-1.28300 -0.16795 47.71782 0 0 5.13146 29.58819 0.66882 13
-1.35065 0.04827 97.60241 0 0 -1.36625 58.12102 0.63788 -13
-0.48016 0.02673 96.06563 0 0 -0.73042 86.60573 1.12329 13
0.35944 0.12103 96.41996 0 0 -3.57477 90.81145 1.91355 13
0.37047 -0.27920 96.41996 0 0 8.49824 90.81145 1.91354 13
0.00054 0.13908 74.16679 0 0 -4.10764 74.16678 1.57133 -13
0.00056 -0.26014 74.16679 0 0 7.93517 74.16678 1.57133 -13
-0.87962 0.11967 83.30331 0 0 -3.52101 62.74234 0.85288 -13
-0.90713 -0.28064 83.30331 0 0 8.55427 62.74234 0.85288 -13
0.57727 0.04406 52.17955 0 0 -1.23737 45.20128 2.09392 -13
-0.22217 -0.04527 22.40776 0 0 1.46861 21.87543 1.35239 -13
-0.02187 0.09495 54.39208 0 0 -2.77413 54.37919 1.54903 -13
1.58375 -0.00304 4.34179 0 0 0.37720 2.31818 2.57839 -13
-1.86913 0.12392 32.35756 0 0 -3.68937 15.35562 0.49444 13
-1.92432 -0.27615 32.35756 0 0 8.37787 15.35562 0.49445 13
-0.16168 -0.22827 59.75042 0 0 6.95820 59.02166 1.41445 13
0.15560 -0.08183 99.95978 0 0 2.55462 98.77903 1.72465 -13
0.13130 0.02894 21.46148 0 0 -0.76896 21.27903 1.70130 -13
0.04995 -0.20482 95.83675 0 0 6.26507 95.72222 1.61969 -13
0.77845 -0.19159 52.67323 0 0 5.84878 41.84475 2.22354 13
0.61734 -0.12130 33.24569 0 0 3.72304 28.34626 2.12061 13
-0.03215 -0.02055 39.16931 0 0 0.68887 39.14908 1.53867 13
-0.87282 -0.06653 59.66470 0 0 2.09910 44.99341 0.85429 -13
-0.09259 -0.00343 28.69387 0 0 0.16786 28.57167 1.47847 13
-0.35887 0.12838 59.97535 0 0 -3.79949 56.50245 1.22883 13
-0.36882 -0.27143 59.97535 0 0 8.25972 56.50245 1.22884 13
1.34264 0.09182 76.36495 0 0 -2.67768 45.73787 2.49942 -13
1.02743 -0.06815 61.52069 0 0 2.12617 42.96041 2.36857 13
0.10305 0.09739 47.33608 0 0 -2.86706 47.08901 1.67301 13
-0.27515 0.04853 85.17606 0 0 -1.37680 82.13088 1.30259 -13
-0.72077 -0.18728 55.90692 0 0 5.71999 45.61884 0.95442 13
-0.70148 0.04078 67.49207 0 0 -1.15796 55.27017 0.95947 13
1.52781 -0.20938 8.21342 0 0 6.51030 4.56689 2.55217 -13
-0.33487 -0.00425 18.30361 0 0 0.23662 17.35640 1.24766 -13
-0.62263 -0.19255 3.21647 0 0 6.07179 2.74432 1.02203 -13
0.16870 -0.23409 7.31304 0 0 7.21875 7.21637 1.73361 -13
0.40561 -0.02205 53.57710 0 0 0.73670 49.65007 1.95605 13
-1.61235 -0.22197 72.17896 0 0 6.79008 38.70508 0.56598 -13
-0.50200 -0.11749 81.00625 0 0 3.61846 72.49533 1.10829 13
0.21235 -0.21046 75.03359 0 0 6.43642 73.46415 1.77568 -13
-0.23382 0.02750 35.02767 0 0 -0.73421 34.10839 1.34119 -13
-0.58400 -0.03776 88.40564 0 0 1.22601 76.35477 1.04254 -13
0.70578 0.05474 76.35943 0 0 -1.56195 62.41688 2.18469 -13
0.32327 -0.01542 8.37344 0 0 0.48515 7.96753 1.88343 13
0.96861 0.13095 16.14106 0 0 -3.91010 11.64139 2.33600 13
0.99445 -0.26859 16.14106 0 0 8.14406 11.64139 2.33600 13
-0.16109 0.12915 39.43493 0 0 -3.82799 38.94114 1.41238 13
-0.16549 -0.27061 39.43493 0 0 8.23010 38.94114 1.41239 13
0.40584 -0.12108 47.04942 0 0 3.74469 43.64035 1.95380 -13
-0.27575 -0.15438 93.86811 0 0 4.73272 90.56548 1.30473 13
-0.20255 -0.07639 49.40418 0 0 2.37547 48.42653 1.37152 13
0.20450 0.08073 79.70885 0 0 -2.34753 78.10282 1.77187 -13
0.04372 -0.11366 46.38179 0 0 3.52019 46.33808 1.61421 -13
0.09624 0.07917 65.41185 0 0 -2.29944 65.11278 1.66645 -13
0.06826 0.14035 52.84299 0 0 -4.14313 52.72267 1.63829 -13
0.06984 -0.25882 52.84299 0 0 7.89784 52.72267 1.63831 -13
-0.04414 -0.00197 53.46931 0 0 0.13158 53.41729 1.52668 13
-0.38047 0.02283 56.22826 0 0 -0.61660 52.55480 1.20733 13
0.53306 -0.08550 15.20703 0 0 2.62519 13.43072 2.05903 13
0.22034 -0.10958 22.33278 0 0 3.40940 21.81545 1.78642 -13
-0.88510 0.07009 99.29405 0 0 -2.03960 74.43300 0.84749 13
0.60172 0.08073 62.39905 0 0 -2.34482 53.51257 2.11104 -13
-0.07938 -0.04233 46.69409 0 0 1.36797 46.54798 1.49165 -13
0.80171 0.13593 47.13301 0 0 -4.03236 36.90492 2.24212 13
0.82150 -0.26347 47.13301 0 0 8.01471 36.90492 2.24211 13
0.57478 -0.15626 69.54087 0 0 4.78701 60.47038 2.08727 13
0.69648 0.13573 45.16962 0 0 -3.99908 37.17610 2.17488 -13
0.71370 -0.26365 45.16962 0 0 8.04840 37.17610 2.17486 -13
0.14014 -0.18801 16.56159 0 0 5.72187 16.40668 1.70766 13
-0.36528 0.10870 52.86466 0 0 -3.18751 49.68969 1.22246 -13
1.59498 -0.11715 75.86781 0 0 3.62729 40.49808 2.57851 -13
-0.22872 -0.20424 72.96432 0 0 6.24944 71.19866 1.35035 -13
0.69216 0.14301 48.06363 0 0 -4.22020 39.64915 2.17151 -13
0.70730 -0.25602 48.06363 0 0 7.81724 39.64915 2.17152 -13
0.00017 -0.21407 42.73180 0 0 6.55055 42.73180 1.57096 -13
-0.08775 -0.13378 70.47251 0 0 4.12402 70.20748 1.48404 -13
-1.71725 -0.10268 94.25354 0 0 3.16838 47.61444 0.52961 13
-1.26275 -0.03482 56.76504 0 0 1.14568 35.25395 0.67009 -13
0.17440 0.02628 98.83925 0 0 -0.71650 97.37050 1.74341 13
1.15737 0.08222 96.54441 0 0 -2.39152 63.24102 2.42734 -13
-0.02680 -0.19224 77.44876 0 0 5.87659 77.42191 1.54448 13
0.04652 -0.10459 82.17932 0 0 3.23053 82.09151 1.61703 13
0.85266 0.13598 99.75001 0 0 -4.01428 76.19569 2.27231 -13
0.87371 -0.26339 99.75001 0 0 8.03253 76.19569 2.27232 -13
0.39329 0.13826 23.94873 0 0 -4.06774 22.31490 1.94229 -13
0.40261 -0.26097 23.94873 0 0 7.97642 22.31490 1.94228 -13
0.31035 -0.24340 28.22907 0 0 7.44359 27.02701 1.86367 -13
0.52531 0.13547 72.49533 0 0 -4.01265 64.30460 2.05075 13
0.53841 -0.26395 72.49533 0 0 8.03604 64.30460 2.05077 13
-1.50626 0.05624 70.47623 0 0 -1.62749 39.02352 0.58681 13
-1.34796 -0.16883 48.52300 0 0 5.15772 29.17239 0.64501 13
1.43229 0.11160 38.92008 0 0 -3.26442 22.37330 2.52918 -13
-0.60606 -0.20298 35.25744 0 0 6.18822 30.31347 1.03484 13
-0.45547 0.11327 2.97752 0 0 -3.15662 2.71290 1.14580 -13
1.20654 0.01498 77.51781 0 0 -0.38041 49.46956 2.44947 13
-1.16207 -0.08830 15.59669 0 0 2.69759 10.19596 0.71250 13
0.45825 0.01104 20.52319 0 0 -0.27805 18.65774 2.00047 13
-1.14006 -0.10904 14.07538 0 0 3.31604 9.31255 0.72297 13
-1.37180 0.03155 84.03045 0 0 -0.88046 49.51603 0.63014 13
-0.18782 -0.06489 94.77385 0 0 2.03350 93.15154 1.38552 13
0.60032 0.14800 71.45877 0 0 -4.37596 61.44130 2.10668 -13
0.61225 -0.25084 71.45877 0 0 7.65454 61.44130 2.10668 -13
1.62335 0.14042 58.83130 0 0 -4.13808 31.07432 2.58512 -13
1.66050 -0.25873 58.83130 0 0 7.90280 31.07432 2.58511 -13
0.04548 0.03625 67.74614 0 0 -1.01954 67.67629 1.61621 13
-2.12065 -0.19154 24.11191 0 0 5.80866 10.43576 0.44762 13
0.72355 -0.11340 51.41630 0 0 3.49020 41.74695 2.19412 13
1.22459 -0.11488 41.63248 0 0 3.56560 26.43604 2.45360 -13
0.16715 0.14541 65.85280 0 0 -4.29751 64.97001 1.73472 -13
0.17063 -0.25352 65.85280 0 0 7.73672 64.97001 1.73471 -13
-0.47810 0.12377 15.40800 0 0 -3.68822 13.92042 1.12777 13
-0.49224 -0.27633 15.40800 0 0 8.37884 13.92042 1.12779 13
1.99921 0.07550 68.31907 0 0 -2.21165 30.63242 2.67665 13
0.32269 -0.13610 8.10049 0 0 4.12141 7.71551 1.88027 13
1.62708 -0.04746 54.79401 0 0 1.52984 28.71412 2.59001 -13
-0.83669 -0.13869 5.61894 0 0 4.15169 4.32643 0.87876 13
1.01339 -0.18043 56.36639 0 0 5.51162 39.91164 2.35484 13
-1.68823 0.12649 43.40397 0 0 -3.75558 22.25068 0.53825 13
-1.73640 -0.27340 43.40397 0 0 8.30673 22.25068 0.53824 13
0.08797 0.08928 98.36557 0 0 -2.61611 97.99015 1.65819 13
-1.07032 0.11220 20.14201 0 0 -3.26779 13.79720 0.75456 -13
-0.76319 0.13226 91.86507 0 0 -3.91530 73.25988 0.92309 13
-0.78317 -0.26733 91.86507 0 0 8.13785 73.25988 0.92309 13
0.56097 0.02078 79.24144 0 0 -0.53839 69.11352 2.08193 -13
0.45547 0.11053 3.08041 0 0 -3.07293 2.80628 1.99590 -13
-1.43323 -0.01844 38.48210 0 0 0.61483 22.02220 0.60928 13
-0.51331 0.06745 74.40447 0 0 -1.96066 66.22463 1.09748 13
-0.23455 -0.20081 34.21661 0 0 6.12270 33.34622 1.34476 13
1.58854 0.14352 32.46915 0 0 -4.27733 17.42462 2.57515 13
1.62312 -0.25587 32.46915 0 0 7.75879 17.42462 2.57516 13
0.29630 -0.22794 80.16092 0 0 6.96293 77.01163 1.85203 -13
0.01786 0.14238 46.67699 0 0 -4.20335 46.66969 1.58848 -13
0.01826 -0.25668 46.67699 0 0 7.83396 46.66969 1.58848 -13
-0.87914 0.00447 33.27879 0 0 -0.03416 24.99358 0.84963 -13
1.08529 -0.20525 91.09179 0 0 6.26490 62.41124 2.38679 13
1.29716 -0.13913 3.08654 0 0 4.54618 1.89636 2.48020 -13
-0.26040 -0.03704 2.08793 0 0 1.43854 2.02072 1.31622 -13
-0.83271 -0.21577 46.43176 0 0 6.57497 36.01013 0.88759 13
-0.11816 0.07013 33.24422 0 0 -2.04882 33.01567 1.45346 13
1.02527 0.00179 39.91250 0 0 0.00934 27.86812 2.36867 13
-0.72511 -0.22733 47.17980 0 0 6.92549 38.52250 0.95534 13
-1.05850 -0.18253 33.05424 0 0 5.60844 22.89579 0.76517 -13
0.78038 0.13221 60.02055 0 0 -3.89626 47.47167 2.22926 -13
0.80079 -0.26733 60.02055 0 0 8.15619 47.47167 2.22924 -13
-0.36469 0.13294 41.41960 0 0 -3.94157 38.95243 1.22391 13
-0.37416 -0.26660 41.41960 0 0 8.11095 38.95243 1.22389 13
-0.66740 -0.15640 58.16990 0 0 4.80896 48.56326 0.98786 -13
0.15723 -0.18423 79.76670 0 0 5.63271 78.82984 1.72421 13
0.29553 -0.20474 46.91468 0 0 6.26891 45.06398 1.85261 -13
0.84072 0.13544 49.78113 0 0 -3.99101 38.24767 2.26541 -13
0.86164 -0.26395 49.78113 0 0 8.05727 38.24767 2.26540 -13
-1.42416 0.05006 35.04548 0 0 -1.40451 20.15579 0.61277 -13
1.05216 0.03985 14.57741 0 0 -1.07220 10.04681 2.38121 -13
-0.12553 0.01427 67.81595 0 0 -0.34244 67.28799 1.44594 -13
-0.30906 -0.11748 62.37808 0 0 3.61679 59.63200 1.27298 13
1.47971 0.03549 27.62270 0 0 -0.95762 15.47369 2.54700 -13
1.23637 0.13633 96.53393 0 0 -4.02287 61.04521 2.45699 -13
1.26671 -0.26301 96.53393 0 0 8.02401 61.04521 2.45699 -13
0.92023 -0.07412 15.82910 0 0 2.27668 11.66273 2.31331 13
-2.01799 -0.07019 84.77182 0 0 2.21116 37.71430 0.46105 -13
-1.22704 -0.06532 93.79907 0 0 2.04330 59.33259 0.68484 13
-0.88126 0.09850 82.30494 0 0 -2.89760 61.87892 0.85082 13
-0.35710 -0.16518 64.13395 0 0 5.07224 60.48920 1.23205 -13
-0.91804 -0.02777 96.42399 0 0 0.91218 71.04330 0.82829 13
-1.01607 -0.15416 96.55473 0 0 4.73885 68.13072 0.78330 -13
-0.37906 -0.09439 26.59477 0 0 2.94856 24.88193 1.20994 -13
0.18951 -0.13576 86.84628 0 0 4.18235 85.35438 1.75642 -13
0.00024 0.10742 81.78960 0 0 -3.15370 81.78960 1.57103 -13
1.03566 -0.16255 13.19770 0 0 5.03715 9.22894 2.36719 -13
-0.21243 -0.17280 77.25842 0 0 5.28676 75.61950 1.36445 13
-2.01691 0.12040 38.29982 0 0 -3.57735 17.11221 0.46316 13
-2.07947 -0.27986 38.29982 0 0 8.49562 17.11221 0.46314 13
-0.93236 -0.00067 81.20123 0 0 0.10947 59.39156 0.82039 -13
0.19682 -0.09752 45.61430 0 0 3.01236 44.76353 1.76424 13
-0.65903 0.08392 3.95668 0 0 -2.30664 3.30728 0.98971 -13
-1.45380 0.02541 33.48450 0 0 -0.71113 18.98084 0.60268 13
1.65228 0.12258 81.85214 0 0 -3.62829 42.61246 2.59403 13
1.70197 -0.27756 81.85214 0 0 8.44167 42.61246 2.59402 13
0.01588 -0.16309 99.63686 0 0 4.99588 99.62462 1.58647 13
1.06718 -0.21655 36.79308 0 0 6.63383 25.46282 2.37724 -13
-0.63149 0.05116 55.66897 0 0 -1.47239 47.08706 1.00813 13
0.77812 -0.22578 75.29979 0 0 6.90053 59.97918 2.22004 -13
-0.67310 -0.11225 72.46432 0 0 3.47499 60.23153 0.98125 -13
0.44627 -0.17426 50.70217 0 0 5.32936 46.41553 1.98500 13
0.76472 0.04208 60.33062 0 0 -1.19809 47.93937 2.22323 13
0.52325 0.13414 75.42813 0 0 -3.95771 66.95936 2.04922 -13
0.53656 -0.26532 75.42813 0 0 8.09218 66.95936 2.04922 -13
-0.87147 -0.24774 22.56317 0 0 7.58478 17.22650 0.86869 -13
-0.72214 0.09385 1.56070 0 0 -2.37717 1.26809 0.94745 -13
-0.16409 -0.16244 73.43933 0 0 4.98787 72.49472 1.41022 -13
0.82329 -0.06936 77.93031 0 0 2.16541 60.22240 2.25840 13
1.67342 -0.10160 22.48723 0 0 3.18891 11.57817 2.60069 -13
1.44477 -0.14294 98.29791 0 0 4.38467 56.32614 2.53141 13
0.33942 -0.14114 18.23885 0 0 4.36753 17.28844 1.89502 -13
-0.12611 -0.00677 33.74737 0 0 0.27060 33.48219 1.44535 13
0.73381 -0.23164 52.32383 0 0 7.05638 42.56596 2.19144 13
-0.20368 0.05207 28.51464 0 0 -1.47145 27.94247 1.37013 -13
0.27358 0.01473 94.71802 0 0 -0.36834 91.36136 1.83781 13
0.40252 -0.13023 64.92727 0 0 4.01712 60.30110 1.95057 -13
1.14364 -0.04524 38.16616 0 0 1.42770 25.13725 2.42259 13
0.32676 0.05903 71.20348 0 0 -1.69232 67.69317 1.88610 -13
-1.41757 0.00901 74.87485 0 0 -0.20199 43.16202 0.61438 13
-0.13320 -0.22951 22.49942 0 0 6.98158 22.31220 1.44169 13
1.63396 0.04308 50.85650 0 0 -1.23726 26.56579 2.59198 13
-0.96060 -0.18260 73.07834 0 0 5.59868 53.11476 0.81368 -13
-1.44912 -0.22176 14.37719 0 0 6.70626 8.29895 0.61530 13
1.34941 -0.16934 5.66285 0 0 5.03936 3.40249 2.49706 13
-0.22303 -0.04261 53.30261 0 0 1.35706 52.02666 1.35155 13
-0.57277 -0.19737 9.79797 0 0 5.97786 8.54183 1.05884 13
-0.17243 -0.05224 32.94657 0 0 1.67169 32.46881 1.40028 -13
-0.29505 -0.14681 98.77946 0 0 4.50490 94.82204 1.28677 13
-1.19942 -0.02924 50.80455 0 0 0.97873 32.54216 0.69519 -13
0.01029 -0.18650 47.41906 0 0 5.71740 47.41663 1.58092 -13
1.04796 -0.00646 4.59035 0 0 0.12250 3.16873 2.37960 13
0.04916 -0.03124 6.46874 0 0 1.09920 6.46094 1.61990 -13
1.13491 0.05375 77.69121 0 0 -1.53047 51.40385 2.41859 -13
0.05349 -0.05965 81.67513 0 0 1.88661 81.55893 1.62414 -13
-1.40920 -0.04720 58.19826 0 0 1.51946 33.70504 0.61768 -13
-0.17147 0.04234 92.39624 0 0 -1.20134 91.06950 1.40113 13
0.77679 0.01551 95.42000 0 0 -0.38030 75.35950 2.23117 -13
0.09810 -0.05990 7.29073 0 0 1.95552 7.25601 1.66841 -13
0.02751 0.13298 85.78356 0 0 -3.93576 85.75171 1.59806 13
0.02822 -0.26656 85.78356 0 0 8.11596 85.75171 1.59806 13
-0.49876 0.11276 71.00810 0 0 -3.31270 63.62240 1.11066 -13
0.50986 -0.18922 18.17877 0 0 5.82175 16.25311 2.03522 -13
0.21745 0.12571 97.60503 0 0 -3.70572 95.40960 1.78329 -13
0.22372 -0.27421 97.60503 0 0 8.35797 95.40960 1.78330 -13
0.00588 0.14048 76.78231 0 0 -4.14988 76.78101 1.57662 -13
0.00601 -0.25867 76.78231 0 0 7.89065 76.78101 1.57661 -13
-1.67032 -0.17488 49.12970 0 0 5.33743 25.51734 0.54612 13
0.28548 0.10621 55.00038 0 0 -3.13190 52.90965 1.84741 13
-1.07445 0.00928 72.85865 0 0 -0.20863 49.63890 0.74955 13
-0.47330 -0.04987 12.33701 0 0 1.62996 11.15361 1.12922 -13
1.15985 -0.19708 98.43066 0 0 6.03404 64.97435 2.42063 -13
1.32629 0.03929 69.07137 0 0 -1.09249 41.60363 2.49518 -13
0.31179 0.07559 24.37039 0 0 -2.21980 23.27144 1.87223 13
-0.40980 -0.00276 14.28501 0 0 0.20141 13.21811 1.18187 -13
0.14965 -0.12591 31.47561 0 0 3.86406 31.13437 1.71820 13
1.84064 -0.01264 84.51677 0 0 0.47474 40.34966 2.64388 -13
1.41637 0.09492 14.75878 0 0 -2.72595 8.53821 2.52472 -13
-0.82670 -0.10383 46.12669 0 0 3.19894 35.62862 0.88262 13
0.21696 -0.05380 33.02129 0 0 1.71865 32.27255 1.78415 -13
-0.30694 0.01035 43.94157 0 0 -0.24251 42.00754 1.27300 13
0.47667 -0.06524 73.31808 0 0 2.05572 66.20955 2.01478 -13
-0.89488 0.14113 83.01274 0 0 -4.16849 62.13033 0.84571 -13
-0.91510 -0.25799 83.01274 0 0 7.87110 62.13033 0.84572 -13
-0.71085 -0.09759 40.05698 0 0 3.00875 32.70046 0.95506 13
-1.75553 -0.17709 98.51596 0 0 5.43305 49.33074 0.52446 -13
1.34595 -0.05363 71.39346 0 0 1.71040 42.61693 2.50192 -13
2.02899 0.04648 75.21438 0 0 -1.33542 33.27995 2.68325 13
-1.37249 -0.13268 35.79558 0 0 4.10866 21.19914 0.63383 -13
0.43410 -0.02344 36.18177 0 0 0.80329 33.19084 1.98025 -13
-0.49636 0.04888 50.70281 0 0 -1.38281 45.42661 1.11054 -13
-0.00042 -0.24184 13.98908 0 0 7.33784 13.98908 1.57039 13
-0.50882 -0.20090 88.78074 0 0 6.14776 79.44434 1.10807 -13
-0.07912 0.00783 84.64465 0 0 -0.16069 84.38092 1.49184 13
0.21441 -0.00386 4.30850 0 0 0.31315 4.21278 1.78201 -13
0.29737 -0.03724 91.29251 0 0 1.19897 87.51024 1.85965 13
-0.13013 0.07684 35.23679 0 0 -2.25092 34.94390 1.44177 13
1.43469 -0.09212 91.79454 0 0 2.85025 52.63870 2.53089 13
0.16004 -0.21720 23.76745 0 0 6.65496 23.48203 1.72593 -13
0.56538 -0.14322 70.64526 0 0 4.39315 61.64716 2.08103 13
0.09625 -0.08345 30.87815 0 0 2.61443 30.73699 1.66642 -13
-1.21600 0.01929 41.96851 0 0 -0.51882 26.66000 0.68832 13
-0.20337 0.12652 6.13988 0 0 -3.81887 6.01866 1.37171 13
-0.20910 -0.27346 6.13988 0 0 8.24146 6.01866 1.37177 13
-1.50266 -1.57248 6.13988 0 0 8.27352 6.01866 0.89219 13
0.88329 -0.47385 6.13988 0 0 -2.22041 6.01866 0.89715 13
-0.06575 0.97433 6.13988 0 0 -4.25154 6.01866 1.52374 13
4.64396 -1.67527 6.13988 0 0 7.93548 6.01866 0.39773 13
0.31488 -0.01934 6.13988 0 0 -3.32715 6.01866 1.26580 13
-0.21832 0.61338 6.13988 0 0 -3.23588 6.01866 1.38680 13
-0.61925 -0.21728 18.91207 0 0 6.60338 16.18011 1.02661 13
-0.54409 -0.08704 55.55728 0 0 2.71679 48.84328 1.07408 -13
0.74957 -0.15511 80.44407 0 0 4.75214 64.64213 2.20833 13
0.71100 1.30748 80.44407 0 0 4.69355 64.64213 1.97853 13
0.02670 -2.08276 80.44407 0 0 5.34087 64.64213 1.55924 13
-0.42712 -0.30100 80.44407 0 0 5.10978 64.64213 1.18256 13
-0.58993 1.07728 80.44407 0 0 5.98987 64.64213 1.95246 13
0.41023 -0.21884 4.63265 0 0 6.56670 4.30036 1.95195 13
0.07577 -0.24771 82.25099 0 0 7.55904 82.02947 1.64421 -13
-1.01914 0.13140 62.64400 0 0 -3.89363 44.06580 0.78020 13
-1.04618 -0.26823 62.64400 0 0 8.16077 44.06580 0.78019 13
-0.50483 0.01345 19.22431 0 0 -0.35439 17.16194 1.10333 13
-0.60724 -0.08339 50.62988 0 0 2.60670 43.31559 1.02661 -13
0.08180 -0.23986 30.63067 0 0 7.29981 30.53422 1.65017 13
0.07938 -0.14558 18.47176 0 0 4.44505 18.41505 1.64918 13
0.32235 0.12266 37.13521 0 0 -3.63278 35.36905 1.88046 13
0.33205 -0.27744 37.13521 0 0 8.43665 35.36905 1.88047 13
0.73331 -0.13206 30.14629 0 0 4.04468 24.38398 2.19941 13
-1.53924 0.09769 3.16017 0 0 -3.14294 1.72848 0.57831 13
1.73643 0.10820 58.20130 0 0 -3.16531 29.17292 2.61657 -13
-0.44558 0.10032 15.39553 0 0 -2.98077 14.07428 1.15348 13
-1.71822 -0.10440 94.61990 0 0 3.22021 47.78818 0.52944 13
0.14473 -0.17277 50.21247 0 0 5.28232 49.70948 1.71246 13
1.44118 0.00139 30.46374 0 0 0.01031 17.36684 2.53499 13
0.66274 -0.07194 14.66984 0 0 2.29126 12.23764 2.15489 -13
1.80604 -0.06617 90.96704 0 0 2.06609 44.13820 2.63499 13
0.85917 0.12146 55.70667 0 0 -3.57091 42.38427 2.27697 -13
0.88540 -0.27870 55.70667 0 0 8.50111 42.38427 2.27697 -13
-0.40213 -0.25033 9.03845 0 0 7.56990 8.42027 1.19886 13
0.92128 -0.01685 16.04704 0 0 0.63060 11.80275 2.31517 -13
0.18889 0.10533 23.02597 0 0 -3.11722 22.63010 1.75648 13
0.77151 -0.21688 47.78960 0 0 6.63710 38.15851 2.21684 -13
1.34981 0.13735 61.33056 0 0 -4.04850 36.72896 2.49950 -13
1.38234 -0.26196 61.33056 0 0 7.99604 36.72896 2.49949 -13
-0.51136 -0.20004 38.42375 0 0 6.09978 34.34790 1.10601 13
-0.20976 -0.07496 42.36462 0 0 2.35430 41.46722 1.36460 -13
0.05330 -0.04279 15.95726 0 0 1.40311 15.93460 1.62400 -13
-1.03170 0.06200 21.35988 0 0 -1.82026 14.88021 0.77075 13
0.08234 -0.10432 58.53340 0 0 3.23676 58.33810 1.65251 -13
-0.97862 -0.09306 81.47435 0 0 2.88060 58.35262 0.79836 13
0.02940 -0.19373 80.94593 0 0 5.91884 80.91223 1.59965 13
0.89014 -0.18029 55.70977 0 0 5.53117 41.90464 2.29020 -13
0.55536 -0.11024 21.39181 0 0 3.38005 18.72794 2.07518 13
-0.15513 -0.08569 81.13179 0 0 2.67213 80.17970 1.41745 -13
-0.63191 -0.04131 15.41431 0 0 1.36389 13.03392 1.00763 -13
0.25985 -0.16331 23.87869 0 0 4.98504 23.13022 1.82184 13
0.18512 0.05053 29.25483 0 0 -1.42625 28.76719 1.75362 -13
-0.05445 0.12307 64.41320 0 0 -3.63840 64.31929 1.51680 13
-0.05608 -0.27703 64.41320 0 0 8.43018 64.31929 1.51681 13
-1.64820 0.00600 57.65156 0 0 -0.08319 29.90532 0.54536 -13
1.55346 0.08039 17.72469 0 0 -2.39400 9.61541 2.56817 13
0.30293 -0.08292 79.80066 0 0 2.58915 76.39522 1.86399 -13
-2.00935 -0.22680 61.43770 0 0 6.90338 27.92657 0.47186 13
-1.52727 -0.16733 31.13634 0 0 5.09946 17.22074 0.58606 13
-0.34986 -0.09442 88.85745 0 0 2.92361 83.91271 1.23563 13
-0.51862 0.09854 42.42014 0 0 -2.90418 37.69541 1.09434 13
-0.66815 -0.19711 28.41251 0 0 6.00481 23.76224 0.99054 13
-0.55241 0.11677 84.20492 0 0 -3.43423 73.82288 1.06897 -13
-1.35740 -0.15494 14.96511 0 0 4.81748 8.94417 0.64061 -13
-0.25692 -0.09497 26.75921 0 0 2.96442 25.92462 1.32040 -13
1.11761 0.13032 55.03516 0 0 -3.83658 36.86910 2.40749 -13
1.14774 -0.26931 55.03516 0 0 8.21896 36.86910 2.40750 -13
-0.84687 -0.24546 2.71764 0 0 7.22811 2.09901 0.88251 13
-0.68346 -0.12381 37.93063 0 0 3.80029 31.39103 0.97479 13
-0.26138 0.05192 16.61485 0 0 -1.51531 16.07615 1.31546 13
1.04740 -0.03177 9.24325 0 0 0.96286 6.38462 2.37909 13
0.47678 0.00213 20.86461 0 0 -0.00858 18.83352 2.01569 13
-0.19244 0.02002 30.26868 0 0 -0.50663 29.72357 1.38072 -13
0.14510 -0.13106 32.86859 0 0 4.01880 32.53352 1.71369 13
-0.61467 0.00929 36.43507 0 0 -0.18345 31.04051 1.01968 -13
0.02569 0.06857 94.76473 0 0 -1.98200 94.73362 1.59642 -13
-1.27707 -0.19762 75.93797 0 0 6.03189 47.37242 0.67363 13
-1.07175 -0.12790 46.72606 0 0 3.92410 32.01497 0.75483 13
2.00543 0.01289 43.29738 0 0 -0.28204 19.32277 2.67900 -13
1.20923 0.00224 72.20294 0 0 0.02465 46.01396 2.45062 -13
1.07617 0.10511 76.64446 0 0 -3.09821 52.32625 2.39012 13
-1.72618 0.12625 78.70696 0 0 -3.71464 39.68710 0.52851 -13
-1.77548 -0.27362 78.70696 0 0 8.34847 39.68710 0.52852 -13
1.65515 0.06773 98.96078 0 0 -1.97109 51.26026 2.59710 13
-0.86903 -0.21550 55.05552 0 0 6.56989 41.95887 0.86657 13
-2.10894 0.00894 16.89873 0 0 -0.25722 7.24058 0.44279 13
