0.00028 -0.19556 84.87744 0 0 5.98614 84.87743 1.57107 -13
0.45536 -0.14451 74.66017 0 0 4.44796 68.06710 1.99422 -13
0.74690 0.08993 85.08791 0 0 -2.62462 68.26961 2.21038 -13
-0.24578 -0.02530 97.81441 0 0 0.84950 94.98924 1.32987 -13
1.72430 -0.21723 13.83239 0 0 6.56066 7.05943 2.60599 13
-1.12859 0.05291 39.01014 0 0 -1.49654 25.89116 0.72575 -13
-1.22332 -0.09657 92.07222 0 0 2.98621 58.43418 0.68757 13
-1.42671 0.12983 16.38834 0 0 -3.88458 9.45881 0.61527 13
-1.46542 -0.27006 16.38834 0 0 8.17118 9.45881 0.61530 13
0.62714 -0.23393 51.33310 0 0 7.12569 43.81055 2.11902 13
0.25965 -0.23815 82.46299 0 0 7.25883 79.95196 1.81821 13
-0.31397 -0.09965 22.99947 0 0 3.10971 21.95312 1.26798 -13
1.15414 -0.00269 5.89322 0 0 0.28452 3.85949 2.42763 -13
0.29683 -0.14112 44.20499 0 0 4.32658 42.41097 1.85666 13
1.72375 -0.23832 71.09764 0 0 7.25552 36.41675 2.60384 13
-1.09969 -0.20280 71.79789 0 0 6.18887 48.83497 0.74799 13
0.02801 -0.21177 8.17447 0 0 6.40674 8.17139 1.59819 13
1.79807 -0.18478 43.99754 0 0 5.63075 21.65957 2.62688 13
0.59993 -0.10110 56.30657 0 0 3.14120 48.34834 2.10893 -13
1.77980 0.07358 5.09940 0 0 -2.33077 2.50263 2.62853 13
-0.50953 -0.04499 65.42130 0 0 1.42980 58.30262 1.09996 13
0.92239 -0.11094 64.17229 0 0 3.43741 47.30216 2.31280 -13
-1.49793 0.06970 56.77554 0 0 -2.03670 31.57632 0.58976 13
-1.60304 0.12007 24.37981 0 0 -3.57713 12.97033 0.56097 13
-1.65273 -0.28022 24.37981 0 0 8.49630 12.97033 0.56102 13
-1.39900 -0.18736 6.94088 0 0 5.85657 4.08218 0.62877 -13
0.76018 -0.10678 91.39987 0 0 3.30891 72.91326 2.21805 -13
-1.05567 -0.02150 79.11682 0 0 0.73879 54.41580 0.75844 -13
-1.17959 -0.06412 51.46234 0 0 2.00123 33.31786 0.70420 13
0.29133 0.14399 3.53110 0 0 -4.40808 3.39308 1.85154 13
0.29749 -0.25472 3.53110 0 0 7.62498 3.39308 1.85147 13
-1.06752 -0.18188 31.97358 0 0 5.54451 22.04757 0.76088 13
0.64495 0.04167 67.56994 0 0 -1.16739 56.79878 2.14322 -13
0.28621 0.08684 2.85117 0 0 -2.36217 2.74207 1.84856 -13
1.58135 -0.12268 19.13265 0 0 3.73533 10.28068 2.57433 13
0.17611 0.04964 35.06933 0 0 -1.42980 34.53916 1.74491 13
-0.12946 -0.07616 77.66285 0 0 2.37246 77.02378 1.44242 13
0.69662 0.10097 87.18806 0 0 -2.97124 71.65837 2.17688 13
-0.01314 0.08911 19.71890 0 0 -2.58181 19.71721 1.55771 -13
0.49310 -0.08927 91.24708 0 0 2.76794 81.90191 2.02734 13
-1.04089 0.08363 34.94319 0 0 -2.46178 24.25191 0.76711 13
1.19403 0.12254 11.84358 0 0 -3.55005 7.63779 2.44073 -13
1.22972 -0.27745 11.84358 0 0 8.52131 7.63779 2.44064 -13
0.37615 0.05736 41.27379 0 0 -1.63618 38.63893 1.93004 -13
1.29372 0.02854 19.88592 0 0 -0.73807 12.16484 2.48336 -13
1.29373 0.02856 19.88592 0 0 -0.73880 12.16484 2.48336 -13
1.91336 -0.05190 86.65270 0 0 1.65525 40.18188 2.65944 -13
0.64582 -0.23041 80.55656 0 0 7.02409 68.17884 2.13251 13
-0.69235 -0.01316 96.22209 0 0 0.48353 79.11356 0.96526 -13
1.40669 -0.03547 90.42414 0 0 1.14165 52.41354 2.52330 13
-0.52039 0.07177 49.33613 0 0 -2.09516 43.78888 1.09202 13
1.71764 0.02099 54.46121 0 0 -0.57009 27.40577 2.61427 13
0.53093 -0.05644 51.48755 0 0 1.77283 45.49130 2.05822 13
-0.27067 -0.24647 35.50324 0 0 7.50074 34.33705 1.31380 13
1.47963 -0.03518 37.19983 0 0 1.16650 20.83859 2.54698 -13
-0.26774 0.08542 8.48913 0 0 -2.55295 8.20210 1.31010 13
0.16134 -0.13295 69.33247 0 0 4.09874 68.46235 1.72938 -13
2.13869 -0.06821 38.77254 0 0 2.10899 16.45421 2.70333 13
0.19273 -0.15520 10.98774 0 0 4.81022 10.79370 1.75899 -13
-0.00888 -0.12142 79.33236 0 0 3.74999 79.32927 1.56198 -13
-1.99891 -0.21655 82.97671 0 0 6.60066 37.80623 0.47310 13
-0.11444 -0.23950 62.58652 0 0 7.29772 62.20251 1.45996 13
0.34006 0.01316 16.82097 0 0 -0.28475 15.92550 1.89856 -13
-0.39634 -0.17778 85.45645 0 0 5.44987 79.60973 1.19875 -13
0.22272 0.04729 24.13089 0 0 -1.36528 23.55500 1.78970 13
-1.49918 0.08512 74.58549 0 0 -2.49901 41.49186 0.58992 13
-1.14843 -0.00480 22.83461 0 0 0.19366 14.99522 0.71642 13
-1.01486 0.09544 17.64464 0 0 -2.75781 12.41276 0.78029 -13
0.77339 -0.18344 34.91077 0 0 5.59653 27.78535 2.22111 13
-0.97592 0.06405 50.98939 0 0 -1.83680 36.52799 0.79861 -13
-1.33295 0.11593 61.15314 0 0 -3.40158 36.85565 0.64685 -13
1.93807 -0.20754 52.85590 0 0 6.36218 24.64226 2.65660 -13
0.23910 -0.20273 84.78468 0 0 6.20252 82.54850 1.80098 -13
0.19643 0.12730 83.71565 0 0 -3.75365 82.17012 1.76324 -13
0.20197 -0.27254 83.71565 0 0 8.30769 82.17012 1.76324 -13
0.29526 0.08053 31.19502 0 0 -2.36399 29.92599 1.85702 13
-2.08231 0.01099 29.99231 0 0 -0.28821 12.98437 0.44773 13
0.04905 -0.02433 74.10006 0 0 0.82171 74.01114 1.61979 -13
-0.23483 0.02938 63.79634 0 0 -0.81257 62.10834 1.34024 13
0.20595 -0.14207 62.31085 0 0 4.35889 61.05455 1.77195 13
-1.96506 -0.05401 52.22545 0 0 1.73203 23.71330 0.47132 -13
-1.22583 -0.06121 91.64371 0 0 1.91932 57.99461 0.68520 13
0.66601 -0.17027 22.85251 0 0 5.19298 19.10319 2.15177 13
1.37023 0.03201 23.48029 0 0 -0.84838 13.84677 2.51090 -13
1.63280 0.09291 14.46583 0 0 -2.78663 7.57926 2.59016 13
0.07607 -0.15803 55.04853 0 0 4.84007 54.89380 1.64579 13
0.89765 0.09150 83.02814 0 0 -2.68605 61.90057 2.30024 13
0.61581 -0.07034 62.44050 0 0 2.21255 53.20400 2.12166 -13
0.06156 -0.17323 97.86485 0 0 5.30168 97.68530 1.63138 13
0.44444 0.13421 92.68656 0 0 -3.96134 84.82238 1.98571 -13
0.45573 -0.26525 92.68656 0 0 8.08830 84.82238 1.98572 -13
0.88172 0.03899 25.58002 0 0 -1.06878 19.19319 2.29304 -13
-0.34372 -0.05915 27.48350 0 0 1.84696 25.99577 1.24027 13
-0.71554 0.02171 3.10860 0 0 -0.37733 2.52840 0.94983 -13
0.07352 -0.21020 46.59355 0 0 6.43267 46.47343 1.64262 -13
-1.31382 -0.01166 95.43907 0 0 0.42472 57.80584 0.65063 13
0.44508 0.12844 2.69905 0 0 -3.59239 2.46922 1.98652 -13
0.45715 -0.27104 2.69905 0 0 8.47212 2.46922 1.98634 -13
-1.12174 -0.07144 61.96865 0 0 2.22416 41.29519 0.72935 13
0.49857 -0.06574 61.31020 0 0 2.05547 54.89230 2.03244 13
-1.09464 -0.21294 99.15862 0 0 6.49746 67.68445 0.75130 13
0.47331 0.07882 27.76368 0 0 -2.27684 25.10914 2.01167 -13
0.55511 -0.07558 55.09553 0 0 2.37026 48.20364 2.07635 -13
-1.75296 -0.02870 56.45911 0 0 0.93034 27.98478 0.51860 13
-1.67452 0.13228 98.03324 0 0 -3.89959 50.58532 0.54217 -13
-1.71832 -0.26727 98.03324 0 0 8.15361 50.58532 0.54218 -13
-0.27996 0.18981 98.03324 0 0 8.15666 50.58532 1.30239 -13
0.05381 0.07415 39.31398 0 0 -2.14324 39.25747 1.62441 -13
-1.11317 0.13937 82.09254 0 0 -4.13178 55.15257 0.73668 13
-1.13916 -0.25986 82.09254 0 0 7.91052 55.15257 0.73667 13
-0.58043 -0.18518 69.86483 0 0 5.67520 60.67779 1.05218 -13
1.32177 -0.24499 34.63155 0 0 7.49566 21.28189 2.47983 -13
0.63976 0.08221 9.62073 0 0 -2.46092 8.11251 2.13841 13
1.48904 -0.05352 66.66545 0 0 1.70897 37.20401 2.54954 -13
0.16998 -0.15179 20.55271 0 0 4.68558 20.26848 1.73730 -13
0.11344 0.07534 21.02658 0 0 -2.21458 20.89333 1.68344 13
0.70439 0.11067 37.78274 0 0 -3.27311 30.95182 2.18160 13
0.57232 0.00844 85.69702 0 0 -0.17984 74.37804 2.09060 13
0.83792 0.00811 93.63949 0 0 -0.15662 71.77473 2.26822 -13
1.69511 0.10100 78.92610 0 0 -2.97734 40.25347 2.60639 13
-1.56410 -0.14290 41.98164 0 0 4.37030 22.77524 0.57344 13
-0.11533 -0.05102 49.64493 0 0 1.61055 49.31881 1.45612 13
1.21308 0.11820 34.94097 0 0 -3.46195 22.31709 2.44877 -13
1.00362 -0.20490 15.27042 0 0 6.21513 10.88900 2.34772 13
-0.35011 0.11758 74.31204 0 0 -3.47209 70.18996 1.23616 13
0.65173 -0.02368 14.72977 0 0 0.75593 12.34146 2.14826 13
2.15256 0.07635 3.72599 0 0 -1.90906 1.57358 2.70558 -13
-0.17124 -0.09576 99.07236 0 0 2.97493 97.66367 1.40196 -13
1.62728 0.06853 76.57369 0 0 -1.99795 40.15921 2.58952 13
-1.16630 -0.16858 79.00041 0 0 5.17519 51.83568 0.71571 -13
-1.17461 -0.12703 31.95456 0 0 3.93596 20.80990 0.70923 -13
-0.11238 -0.01367 96.62295 0 0 0.48866 96.01866 1.45890 13
1.10672 0.01810 77.73183 0 0 -0.47420 52.11800 2.40673 13
0.79816 -0.21087 79.68471 0 0 6.45058 62.80148 2.23383 -13
-0.58184 -0.24077 23.16139 0 0 7.31817 20.15965 1.05600 13
1.96030 -0.09257 42.96229 0 0 2.89810 19.58840 2.66815 -13
1.15407 -0.06388 23.07175 0 0 1.97608 15.12637 2.42659 13
-0.03356 -0.13055 46.04309 0 0 4.00885 46.01761 1.53753 13
-1.45198 -0.20337 63.27827 0 0 6.22925 36.38598 0.61261 -13
0.71103 -0.21994 53.55543 0 0 6.72763 43.98916 2.17778 -13
-1.97975 0.11589 19.15484 0 0 -3.47385 8.68302 0.47042 13
-1.38726 -0.17879 69.33570 0 0 5.46254 40.96387 0.63206 13
0.54048 0.09745 72.79560 0 0 -2.85103 64.10881 2.06432 -13
-1.03200 -0.22462 74.37687 0 0 6.86593 52.41183 0.78196 -13
-1.48947 -0.05965 10.19569 0 0 1.96725 5.68996 0.59208 -13
-0.16047 -0.19789 87.30342 0 0 6.05598 86.24130 1.41466 -13
1.99812 -0.18281 75.55343 0 0 5.61010 34.26053 2.67096 -13
-1.40959 -0.00283 55.43043 0 0 0.15170 32.07307 0.61703 13
0.14258 -0.03295 55.82549 0 0 1.08408 55.26721 1.71235 -13
-0.09057 0.09988 74.68652 0 0 -2.93758 74.38509 1.48092 13
0.69390 -0.06568 5.23145 0 0 2.17311 4.30138 2.17641 -13
0.25691 0.01578 96.09206 0 0 -0.39963 93.07049 1.82224 13
-0.76625 -0.03609 1.79584 0 0 1.50967 1.42585 0.91729 -13
-0.05572 0.07886 66.40234 0 0 -2.30526 66.30014 1.51531 13
0.15944 0.07004 17.39788 0 0 -2.00300 17.18195 1.72852 -13
-0.29548 -0.02914 68.20294 0 0 0.96764 65.40960 1.28361 -13
0.39069 -0.14039 16.42199 0 0 4.28388 15.31546 1.93995 13
-0.28347 -0.22500 51.71023 0 0 6.85884 49.83958 1.30099 13
-0.14055 0.13180 64.66124 0 0 -3.88676 64.04251 1.43235 -13
-0.14425 -0.26778 64.66124 0 0 8.16652 64.04251 1.43235 -13
0.79548 0.04656 98.15578 0 0 -1.31681 76.84812 2.24225 -13
2.08061 -0.17918 23.16444 0 0 5.43806 10.16305 2.68736 13
-2.05352 -0.12518 31.71917 0 0 3.89335 13.97388 0.45624 -13
1.00916 -0.10199 19.10184 0 0 3.19298 13.48059 2.35817 -13
-0.03463 0.02833 73.13715 0 0 -0.77986 73.09336 1.53619 13
-0.39550 -0.05143 34.39304 0 0 1.61728 31.98815 1.19462 13
1.03095 0.04623 35.12680 0 0 -1.33285 24.47065 2.37090 13
-1.47760 -0.10006 79.87009 0 0 3.11058 44.91859 0.59728 -13
-2.02614 0.01673 28.86015 0 0 -0.38631 12.77455 0.45853 -13
1.81781 -0.17228 55.82078 0 0 5.26122 27.20781 2.63246 13
0.96023 -0.10245 17.68993 0 0 3.20998 12.79144 2.33330 -13
-0.52156 -0.04428 57.99292 0 0 1.40780 51.43021 1.09045 13
1.15360 -0.18247 32.43346 0 0 5.60819 21.44203 2.41928 -13
-0.00601 0.12254 38.12952 0 0 -3.60263 38.12884 1.56483 -13
-0.00620 -0.27755 38.12952 0 0 8.46648 38.12884 1.56483 -13
-1.63680 -0.14209 30.48761 0 0 4.39873 16.00982 0.55289 -13
-0.28317 -0.02450 41.22506 0 0 0.80806 39.66631 1.29493 13
-0.98204 -0.05631 64.05900 0 0 1.79031 45.74045 0.79525 -13
-0.59297 0.04546 89.19686 0 0 -1.29648 76.74341 1.03602 13
-1.37564 -0.20567 88.45161 0 0 6.29496 52.71247 0.63846 -13
0.71841 -0.17308 8.63611 0 0 5.23297 7.04833 2.18680 13
-0.27414 -0.00108 24.97011 0 0 0.13434 24.08152 1.30323 -13
1.78987 -0.00656 60.80999 0 0 0.29573 29.66003 2.63209 -13
-1.52601 -0.09473 96.30506 0 0 2.92937 52.94948 0.58214 13
0.32522 -0.00670 94.81073 0 0 0.28854 90.16261 1.88522 -13
0.91213 -0.22220 59.74781 0 0 6.77271 44.62209 2.29829 13
1.02038 -0.16705 58.00433 0 0 5.13136 40.88333 2.35940 -13
-0.99175 0.01033 50.48909 0 0 -0.21687 35.84956 0.78956 -13
-0.78973 0.01821 24.53974 0 0 -0.44220 19.25961 0.90243 -13
-0.00187 0.09411 52.98878 0 0 -2.76718 52.98869 1.56893 13
0.82967 0.11811 63.54463 0 0 -3.47104 49.04126 2.25997 -13
0.79165 0.11781 58.33179 0 0 -3.48331 45.85643 2.23707 13
0.16230 -0.10115 23.40759 0 0 3.11089 23.10828 1.73089 13
-1.13852 0.10956 29.70445 0 0 -3.19949 19.66881 0.72367 -13
-1.57097 -0.12558 46.94977 0 0 3.85116 25.35198 0.57041 13
-1.94836 0.03439 37.60204 0 0 -0.92812 17.17735 0.47443 -13
-0.70467 0.01135 39.35749 0 0 -0.24615 32.17294 0.95698 -13
1.90560 -0.21241 51.96182 0 0 6.46818 24.56401 2.64919 13
0.22550 0.00200 87.20070 0 0 0.02659 85.06473 1.79259 -13
-0.68526 0.04600 5.78041 0 0 -1.20573 4.76973 0.97052 -13
1.02983 -0.16964 3.04275 0 0 5.42820 2.13504 2.36380 -13
0.27943 0.09049 1.36931 0 0 -2.28313 1.31913 1.84222 -13
0.25397 -0.19026 96.43622 0 0 5.81490 93.56801 1.81530 13
-1.59816 -0.14427 84.14028 0 0 4.42212 44.96152 0.56376 13
2.00922 0.05766 3.85459 0 0 -1.36830 1.71924 2.67912 -13
-0.89264 -0.11701 15.55417 0 0 3.65004 11.63830 0.84544 -13
1.49094 0.10584 20.46670 0 0 -3.15442 11.44418 2.54821 13
-0.03428 0.07513 1.47105 0 0 -2.52034 1.47011 1.53662 13
-0.03020 0.14265 71.70020 0 0 -4.22835 71.66817 1.54090 13
-0.03087 -0.25642 71.70020 0 0 7.80994 71.66817 1.54090 13
1.64189 0.13359 28.86604 0 0 -3.91639 15.11141 2.59060 -13
1.68384 -0.26583 28.86604 0 0 8.13454 15.11141 2.59058 -13
0.20287 -0.02181 31.59347 0 0 0.75468 30.96299 1.77091 -13
-0.33764 -0.23204 34.98543 0 0 7.09618 33.23379 1.25304 -13
-0.16860 0.08524 95.03615 0 0 -2.49521 93.72293 1.40436 13
1.01469 -0.07910 99.65367 0 0 2.47423 70.06137 2.36193 -13
-0.16803 -0.00600 79.56269 0 0 0.25608 78.46274 1.40432 13
-1.32062 -0.11821 23.26873 0 0 3.68115 14.10857 0.65145 -13
0.26937 0.09133 33.82314 0 0 -2.68881 32.66808 1.83288 13
-1.73140 0.01438 9.28509 0 0 -0.45805 4.64440 0.52381 13
-0.89356 -0.21386 21.05314 0 0 6.50041 15.85376 0.85265 13
-1.55636 0.00666 60.10423 0 0 -0.10460 32.49045 0.57111 -13
-1.63140 1.47787 60.10423 0 0 -0.12514 32.49045 0.83016 -13
1.02721 -0.52380 60.10423 0 0 1.04786 32.49045 0.83252 -13
0.20309 -0.28639 60.10423 0 0 -1.04460 32.49045 1.76361 -13
-0.78630 0.23896 60.10423 0 0 -0.05316 32.49045 2.22368 -13
-0.84911 0.01453 19.40098 0 0 -0.38990 14.78923 0.86687 13
-1.14639 0.00404 50.56628 0 0 -0.05452 33.24016 0.71730 13
-0.56559 -0.13814 10.09017 0 0 4.19456 8.80257 1.06010 13
0.32558 -0.00438 45.51319 0 0 0.22470 43.27739 1.88555 -13
-0.19719 0.14740 32.91685 0 0 -4.35082 32.30780 1.37814 -13
-0.20115 -0.25144 32.91685 0 0 7.68090 32.30780 1.37814 -13
-0.71138 0.03101 10.19200 0 0 -0.79661 8.30642 0.95270 -13
-0.95439 -0.08207 26.52759 0 0 2.58295 19.22126 0.81041 -13
1.03661 -0.22532 79.48385 0 0 6.86862 55.88794 2.36179 13
-0.33223 0.10724 6.84807 0 0 -3.07644 6.50237 1.25175 -13
-1.55111 -0.21189 88.11848 0 0 6.46352 48.48981 0.58269 13
-0.62803 0.06412 42.56193 0 0 -1.86625 36.06383 1.01094 13
0.53280 -0.14139 92.98113 0 0 4.34065 82.23854 2.05624 13
0.07454 -0.14241 21.91992 0 0 4.39996 21.86050 1.64446 -13
0.40308 0.10965 35.25651 0 0 -3.21267 32.72712 1.95189 -13
-0.42532 -0.17974 42.59567 0 0 5.51623 39.29167 1.17435 -13
0.24108 -0.20909 52.40304 0 0 6.40015 51.00151 1.80254 -13
0.98037 -0.24231 84.78060 0 0 7.39875 61.38046 2.33203 -13
-0.20758 -0.12709 82.26800 0 0 3.90902 80.57742 1.36771 13
0.09436 -0.06459 67.05002 0 0 2.02329 66.75472 1.66468 13
0.52207 -0.17254 76.97683 0 0 5.29301 68.44930 2.04595 -13
-0.29797 -0.03167 90.20153 0 0 1.03179 86.44913 1.28134 13
-0.38400 0.05948 65.48066 0 0 -1.70498 61.14258 1.20475 -13
-1.23339 -0.14657 57.72949 0 0 4.48940 36.58980 0.68648 13
1.05683 0.06573 20.06036 0 0 -1.86824 13.80328 2.38274 -13
-0.66891 -0.19749 12.78351 0 0 5.99094 10.68746 0.99005 13
-0.55943 -0.11520 29.55149 0 0 3.57526 25.83036 1.06355 -13
0.63218 -0.16773 88.80258 0 0 5.13436 75.35566 2.12830 13
1.47367 0.03104 19.17209 0 0 -0.80954 10.76883 2.54517 -13
-0.11535 -0.10923 21.37901 0 0 3.35005 21.23997 1.45662 13
-1.38897 0.07760 45.40244 0 0 -2.27892 26.58002 0.62542 13
-0.16291 -0.20461 36.22943 0 0 6.26776 35.77660 1.41253 -13
0.46754 0.06262 60.66422 0 0 -1.81628 54.97397 2.00739 13
-0.07131 -0.15588 68.84416 0 0 4.79047 68.67384 1.50045 -13
-0.27247 -0.01647 31.13867 0 0 0.59426 30.04369 1.30482 -13
-1.49142 -0.02945 7.95265 0 0 0.86037 4.42987 0.59085 13
-0.66566 0.14355 59.23866 0 0 -4.25930 49.46616 0.98819 13
-0.68008 -0.25552 59.23866 0 0 7.77712 49.46616 0.98818 13
-0.00155 0.02441 41.56613 0 0 -0.66659 41.56608 1.56924 13
-0.11006 -0.06483 45.80026 0 0 2.02618 45.52649 1.46140 13
-0.15594 0.11450 78.04339 0 0 -3.36643 77.12326 1.41709 -13
0.75815 -0.01500 89.86397 0 0 0.52699 71.61271 2.21944 13
1.08823 -0.06310 30.27396 0 0 2.00869 20.50632 2.39743 -13
-0.87594 -0.05216 16.72041 0 0 1.61737 12.58476 0.85211 13
-0.12416 0.03034 50.31999 0 0 -0.82424 49.93690 1.44732 -13
-0.39842 0.08725 15.25992 0 0 -2.58547 14.18354 1.19296 13
-1.22195 0.01137 38.64822 0 0 -0.28201 24.47786 0.68587 13
-1.08192 -0.20668 84.21845 0 0 6.32413 57.80604 0.75650 -13
-1.12677 -0.15080 78.35741 0 0 4.63947 52.33843 0.73145 -13
1.13299 0.01715 99.21192 0 0 -0.42859 65.65747 2.41839 -13
0.18433 0.01103 93.04898 0 0 -0.24640 91.50742 1.75307 -13
-1.65073 0.13538 73.04569 0 0 -4.01524 38.09982 0.54870 13
-1.69192 -0.26403 73.04569 0 0 8.03301 38.09982 0.54869 13
-0.57368 -0.00095 31.89057 0 0 0.09190 27.66185 1.04995 13
-1.20455 -0.21450 35.67277 0 0 6.57436 23.08815 0.70395 -13
-0.61557 0.14382 82.04391 0 0 -4.25013 70.06274 1.02357 -13
-0.62882 -0.25518 82.04391 0 0 7.78567 70.06274 1.02357 -13
0.29271 -0.23076 51.28440 0 0 7.03129 49.31764 1.84864 13
0.29984 -0.24190 65.99469 0 0 7.37036 63.35887 1.85438 13
-1.69451 0.12682 9.59415 0 0 -3.83831 4.90503 0.53664 13
-1.74283 -0.27325 9.59415 0 0 8.22141 4.90503 0.53660 13
1.46644 -0.18850 41.14030 0 0 5.74717 23.45455 2.53495 13
-0.11236 0.02786 47.44981 0 0 -0.74899 47.15332 1.45895 -13
-0.40731 -0.23739 18.94356 0 0 7.27355 17.61119 1.19349 -13
-1.38533 -0.10034 82.21612 0 0 3.11793 48.27912 0.62762 -13
-0.52857 -0.21380 82.58748 0 0 6.52474 73.36567 1.09373 13
-0.34054 0.02151 4.58540 0 0 -0.67741 4.34064 1.24264 13
-0.31277 -0.03709 77.91476 0 0 1.20671 74.36695 1.26786 -13
0.40852 0.09899 25.70978 0 0 -2.92424 23.81681 1.95692 13
-0.45133 0.10119 94.42925 0 0 -2.97674 86.14288 1.14874 13
0.12379 -0.18909 55.63922 0 0 5.77628 55.23214 1.69183 13
0.30704 0.04143 41.69997 0 0 -1.18100 39.86624 1.86846 13
1.37667 0.07045 30.11166 0 0 -2.07123 17.72485 2.51220 13
0.91843 0.01304 87.86187 0 0 -0.30447 64.71390 2.31366 -13
0.80733 -0.13950 18.91424 0 0 4.32266 14.77244 2.24529 -13
-0.01839 -0.13893 72.56023 0 0 4.27903 72.54820 1.55259 -13
-0.99327 -0.17775 27.25061 0 0 5.41817 19.48308 0.79655 13
-0.51722 0.00223 17.26153 0 0 0.04699 15.33221 1.09347 -13
1.45758 0.14301 7.87436 0 0 -4.34499 4.48583 2.53555 13
1.48942 -0.25668 7.87436 0 0 7.69009 4.48583 2.53547 13
0.31573 -0.17588 97.71864 0 0 5.39167 93.31132 1.87228 -13
-1.02725 -0.03731 26.02680 0 0 1.23323 18.16087 0.77230 -13
0.00533 -0.18039 41.80679 0 0 5.51102 41.80621 1.57604 13
0.46219 -0.23020 40.74155 0 0 7.01187 37.14728 1.99399 13
0.20149 -0.05538 33.51590 0 0 1.76720 32.85741 1.76933 -13
1.11979 0.11116 42.94869 0 0 -3.28788 28.70545 2.40959 13
-1.96310 -0.12418 11.57115 0 0 3.92522 5.28294 0.47424 -13
-1.96255 -0.20878 66.20723 0 0 6.39614 30.56877 0.47994 -13
-1.43492 0.00973 2.97793 0 0 0.08062 1.70250 0.60867 -13
0.83880 -0.03185 75.41741 0 0 1.03327 57.79366 2.26850 13
-0.48093 -0.01442 3.04145 0 0 0.34171 2.74089 1.12256 13
0.70316 -0.14363 40.58606 0 0 4.42792 33.31140 2.17885 -13
1.56582 -0.12045 28.55848 0 0 3.74716 15.45039 2.56997 -13
-0.27332 -0.12649 11.31649 0 0 3.85085 10.92225 1.30601 13
-1.00260 -0.13503 72.12498 0 0 4.16417 51.16412 0.78862 -13
0.88461 -0.13288 20.53755 0 0 4.12230 15.44151 2.29070 -13
0.07797 0.09300 32.38701 0 0 -2.70916 32.28985 1.64827 -13
-0.36009 -0.01973 62.49679 0 0 0.68470 58.80192 1.22522 -13
0.30217 0.01718 52.06917 0 0 -0.44682 49.84404 1.86420 13
-0.34150 0.02656 22.70979 0 0 -0.69804 21.49189 1.24182 -13
0.66315 -0.22118 36.62611 0 0 6.77075 30.74424 2.14541 -13
-0.26575 -0.11154 53.43113 0 0 3.43714 51.66006 1.31258 13
0.88757 -0.08225 25.93376 0 0 2.58648 19.42468 2.29503 -13
1.40446 0.12312 33.68970 0 0 -3.65730 19.63833 2.51929 13
1.44646 -0.27706 33.68970 0 0 8.41083 19.63833 2.51929 13
-1.33379 -0.21268 11.48849 0 0 6.42138 6.98897 0.65399 13
0.72016 0.04196 17.17261 0 0 -1.15043 13.93900 2.19451 -13
0.94666 -0.05420 65.44950 0 0 1.72584 47.56256 2.32807 -13
-1.04344 -0.06288 8.12476 0 0 2.06559 5.62743 0.76513 -13
-0.35553 0.33205 8.12476 0 0 1.45034 5.62743 1.89622 -13
-0.02668 -0.14559 13.54612 0 0 4.50956 13.54141 1.54440 -13
1.17681 -0.05499 36.82325 0 0 1.71799 23.86446 2.43650 13
1.32918 0.13938 24.53455 0 0 -4.08987 14.84083 2.49196 -13
1.36004 -0.25974 24.53455 0 0 7.95298 14.84083 2.49193 -13
0.73869 -0.09649 84.07681 0 0 2.99905 67.73738 2.20480 -13
0.57435 -0.07566 20.56119 0 0 2.39161 17.84230 2.09091 -13
0.85513 0.00635 35.33627 0 0 -0.12866 26.85596 2.27825 13
-1.27955 -0.18284 2.41623 0 0 5.25183 1.50379 0.67137 13
0.79239 -0.03464 51.60443 0 0 1.11539 40.45537 2.24059 13
-0.23886 0.12016 27.59499 0 0 -3.56077 26.85047 1.33795 13
-0.24630 -0.28009 27.59499 0 0 8.51292 26.85047 1.33793 13
-1.74540 0.00777 46.84610 0 0 -0.13205 23.28892 0.52029 -13
0.69601 0.05678 64.60294 0 0 -1.63970 53.05143 2.17809 13
0.23321 0.09808 35.94706 0 0 -2.89088 35.01640 1.79886 13
0.65111 0.06566 73.10501 0 0 -1.90776 61.30292 2.14697 13
0.32951 0.14494 30.81523 0 0 -4.30712 29.29692 1.88603 13
0.33647 -0.25405 30.81523 0 0 7.72739 29.29692 1.88603 13
1.16837 0.08629 26.12944 0 0 -2.55179 17.02654 2.43185 13
-0.56454 -0.03400 64.08137 0 0 1.11480 55.81076 1.05710 -13
1.63018 -0.12309 81.81023 0 0 3.78255 43.01130 2.58800 13
-0.10882 0.13552 17.84498 0 0 -4.03548 17.74216 1.46338 13
-0.11149 -0.26396 17.84498 0 0 8.01216 17.74216 1.46341 13
1.28434 0.10463 7.66591 0 0 -2.97532 4.72556 2.47739 -13
-1.60461 0.00692 85.36611 0 0 -0.11645 45.15098 0.55732 -13
0.26419 0.04550 90.97742 0 0 -1.29684 87.96536 1.82883 13
-0.73192 -0.03309 60.36956 0 0 1.08905 48.72458 0.93923 -13
0.46490 0.19868 60.36956 0 0 1.07155 48.72458 1.99862 -13
-1.77532 0.79439 60.36956 0 0 1.92862 48.72458 2.51798 -13
-9.07464 1.15774 60.36956 0 0 2.22654 48.72458 2.97458 -13
-1.13745 -0.64906 60.36956 0 0 2.88610 48.72458 2.33271 -13
0.15712 0.03227 69.60551 0 0 -0.89940 68.76276 1.72657 13
-0.19946 -0.10407 7.52189 0 0 3.28741 7.37815 1.37495 -13
1.09303 -0.22451 7.15623 0 0 6.74560 4.89467 2.38836 13
0.63682 0.01282 6.37819 0 0 -0.21395 5.38001 2.13782 -13
1.04505 -0.18652 83.25983 0 0 5.71531 58.07448 2.36968 -13
-0.75290 0.11186 90.30495 0 0 -3.28632 72.30502 0.92843 -13
1.36703 -0.14678 66.06229 0 0 4.49625 39.27402 2.50494 13
0.91075 0.13992 3.96479 0 0 -3.97090 2.94381 2.30470 -13
0.93222 -0.25916 3.96479 0 0 8.07406 2.94381 2.30494 -13
-1.84586 -0.01086 93.20272 0 0 0.42007 44.39829 0.49651 -13
1.13834 -0.10104 70.86381 0 0 3.11899 46.90264 2.41828 13
0.50774 -0.19555 70.20008 0 0 5.97146 62.83171 2.03308 13
-1.93371 -0.06212 44.27402 0 0 1.97962 20.36821 0.47805 -13
-1.24994 -0.12390 7.16747 0 0 3.70860 4.49781 0.67848 13
-0.86952 -0.18401 3.13377 0 0 5.84060 2.38147 0.86331 -13
-1.55164 -0.08173 36.06030 0 0 2.57083 19.58024 0.57400 -13
0.18781 -0.04114 67.66746 0 0 1.32955 66.50666 1.75629 -13
-0.73126 -0.11388 8.38662 0 0 3.44306 6.78517 0.94247 13
-0.98242 -0.06550 85.63698 0 0 2.04995 61.15397 0.79534 13
-0.82774 -0.01306 52.80631 0 0 0.46311 40.67991 0.87941 13
-0.79853 -0.04644 15.86086 0 0 1.43969 12.39932 0.89748 13
-0.41849 0.14489 11.55037 0 0 -4.24074 10.67071 1.17814 -13
-0.42734 -0.25393 11.55037 0 0 7.79480 10.67071 1.17812 -13
-0.00755 0.00648 4.92272 0 0 -0.01651 4.92258 1.56325 -13
-1.46557 -0.13434 44.44999 0 0 4.15342 25.20643 0.60294 -13
0.65186 -0.17736 31.28110 0 0 5.45017 26.32504 2.14141 -13
0.20843 -0.16713 43.15733 0 0 5.13466 42.27331 1.77355 -13
-1.05998 0.09732 24.49305 0 0 -2.82436 16.84964 0.75864 -13
1.17992 -0.25015 12.67903 0 0 7.56041 8.34182 2.42354 13
1.24703 0.13473 39.78630 0 0 -4.00203 25.02668 2.46130 13
1.27842 -0.26472 39.78630 0 0 8.04772 25.02668 2.46129 13
-1.72921 -0.02772 46.80460 0 0 0.89603 23.43745 0.52448 13
-0.76122 -0.07480 74.93360 0 0 2.32911 59.68536 0.92150 13
0.79748 -0.13341 7.33270 0 0 4.02163 5.75236 2.23970 13
1.43417 0.14580 85.49783 0 0 -4.32648 49.24780 2.52776 13
1.46393 -0.25314 85.49783 0 0 7.70775 49.24780 2.52776 13
1.20680 -0.08086 19.99264 0 0 2.55686 12.78074 2.44803 -13
-0.88021 0.06191 3.30167 0 0 -1.58733 2.48023 0.84997 -13
-0.53411 0.04168 69.32070 0 0 -1.18347 61.15732 1.08059 13
-1.53625 -0.15252 63.50040 0 0 4.66839 34.92179 0.58230 13
0.42758 0.05006 95.28764 0 0 -1.43442 87.63133 1.97440 13
-0.03329 -0.17910 42.20969 0 0 5.47276 42.18706 1.53804 13
-0.39243 -0.12248 83.10926 0 0 3.76972 77.44189 1.19936 13
1.13188 -0.14828 61.62504 0 0 4.54252 41.05071 2.41258 13
0.58019 0.10835 5.82466 0 0 -3.08943 5.04551 2.09399 -13
-2.00727 0.02800 58.38769 0 0 -0.74453 26.04427 0.46235 -13
-1.33293 -0.23716 64.70581 0 0 7.24908 39.51017 0.65683 -13
-1.93154 -0.17293 4.30827 0 0 5.55201 2.00399 0.48376 -13
-0.04362 -0.24776 33.14872 0 0 7.53967 33.11904 1.52848 13
1.28388 0.08567 13.33198 0 0 -2.56139 8.21104 2.47808 13
0.11336 -0.02911 94.44493 0 0 0.96443 93.84440 1.68363 -13
-0.09544 0.03932 46.55692 0 0 -1.09442 46.34665 1.47572 -13
0.29326 -0.21801 29.81725 0 0 6.67475 28.66385 1.84985 -13
-0.13780 -0.09021 6.62540 0 0 2.72652 6.56381 1.43441 13
-0.78560 0.08376 49.98151 0 0 -2.43275 39.35532 0.90660 -13
-0.29706 -0.18396 90.87531 0 0 5.63528 87.22884 1.28655 -13
-1.20920 0.09657 57.53584 0 0 -2.82008 36.76879 0.69326 -13
-0.15214 -0.16411 95.50426 0 0 5.02670 94.44584 1.42178 13
-1.86479 -0.04050 8.01640 0 0 1.41491 3.78842 0.49257 -13
-0.47964 0.04179 52.50782 0 0 -1.16904 47.35134 1.12391 -13
0.38284 -0.14834 98.02594 0 0 4.55043 91.67263 1.93280 13
-1.46904 0.11469 52.21256 0 0 -3.36301 29.51089 0.60071 -13
1.34401 -0.01943 62.53373 0 0 0.65437 37.33328 2.50183 13
-1.43826 -0.08411 70.86773 0 0 2.60651 40.55185 0.60921 13
-1.11706 0.12000 16.45398 0 0 -3.49441 11.01857 0.73372 -13
-1.15188 -0.28017 16.45398 0 0 8.57779 11.01857 0.73368 -13
0.34434 -0.04273 84.00115 0 0 1.37648 79.43204 1.90214 -13
-0.43539 0.11110 64.38495 0 0 -3.27848 59.08967 1.16240 13
1.31229 -0.24895 20.61335 0 0 7.54989 12.73041 2.47589 13
-0.64646 -0.07528 54.62572 0 0 2.36259 45.91294 0.99820 -13
-0.02391 -0.21419 47.61236 0 0 6.53197 47.59936 1.54742 13
-1.79939 -0.13720 95.57362 0 0 4.20921 46.75731 0.51121 13
1.51820 -0.07348 82.50311 0 0 2.30854 45.46746 2.55791 -13
0.59274 -0.13444 66.02392 0 0 4.14580 56.92741 2.10194 -13
1.63332 -0.13555 86.64692 0 0 4.18097 45.54360 2.58815 -13
-1.28385 0.14456 13.69083 0 0 -4.33949 8.46684 0.66676 13
-1.31111 -0.25466 13.69083 0 0 7.69497 8.46684 0.66680 13
0.47001 0.00822 82.71606 0 0 -0.16018 74.86020 2.01015 -13
0.78709 -0.02955 60.57657 0 0 0.96243 47.60855 2.23741 13
-0.14196 -0.20276 90.78181 0 0 6.19175 89.91574 1.43255 13
0.71549 -0.08940 94.02955 0 0 2.78451 76.57452 2.18996 -13
-1.77106 -0.04567 5.65507 0 0 1.27042 2.78248 0.51445 13
-0.00692 -0.08046 38.83614 0 0 2.52094 38.83521 1.56390 -13
-0.28239 0.02712 8.37245 0 0 -0.67590 8.05752 1.29567 -13
-1.94346 -0.17269 84.56997 0 0 5.30269 39.14436 0.48122 -13
-1.16870 -0.04810 38.96481 0 0 1.51234 25.34944 0.70834 13
-1.59717 -0.06460 86.66646 0 0 2.04019 46.06085 0.56033 -13
-0.14470 0.07577 24.49828 0 0 -2.18450 24.24721 1.42750 -13
-1.03372 0.04997 56.09742 0 0 -1.41188 39.02707 0.76944 -13
-1.08673 0.05735 28.03873 0 0 -1.67472 19.00239 0.74468 13
-0.06711 0.12990 67.01860 0 0 -3.84462 66.87065 1.50434 13
-0.06894 -0.26981 67.01860 0 0 8.21205 66.87065 1.50433 13
-0.16259 -0.01492 71.62226 0 0 0.53799 70.69420 1.40964 -13
-0.24421 -0.20102 16.73041 0 0 6.17658 16.27078 1.33580 -13
-0.86699 -0.12545 87.13069 0 0 3.87279 66.05275 0.86038 -13
0.37520 0.08465 74.64309 0 0 -2.47930 69.91637 1.92857 13
-1.82450 -0.07899 65.71964 0 0 2.44939 31.66306 0.50269 13
-0.05876 0.01461 76.32877 0 0 -0.36578 76.19736 1.51211 13
0.96543 -0.13900 80.13960 0 0 4.28260 57.92042 2.33383 -13
-0.71162 -0.23959 81.85376 0 0 7.31633 67.30823 0.96544 -13
-0.03643 -0.15762 49.22152 0 0 4.82706 49.18964 1.53482 13
0.26299 -0.08896 91.76340 0 0 2.75931 88.76833 1.82699 13
0.59047 0.03704 23.34258 0 0 -1.01211 20.10346 2.10388 -13
1.25480 -0.03315 13.14885 0 0 1.14013 8.19750 2.46845 -13
-0.98886 -0.23366 53.85546 0 0 7.14270 38.79386 0.80428 -13
1.39829 -0.21244 19.77727 0 0 6.44314 11.67282 2.51029 13
1.96724 0.07076 38.73013 0 0 -2.08172 17.58505 2.67030 13
-0.37784 -0.08201 49.48468 0 0 2.56579 46.30995 1.21064 -13
-0.03509 -0.10566 3.84906 0 0 3.40258 3.84672 1.53592 -13
0.96271 0.13853 73.00465 0 0 -4.08784 52.83476 2.33245 -13
0.98547 -0.26070 73.00465 0 0 7.95546 52.83476 2.33245 -13
0.49215 -0.10637 12.28071 0 0 3.33425 11.03053 2.02592 -13
0.52203 0.13106 19.05143 0 0 -3.84371 16.91910 2.04843 -13
0.53589 -0.26848 19.05143 0 0 8.21113 16.91910 2.04839 -13
0.88337 -0.10472 98.02241 0 0 3.24659 73.63940 2.29164 -13
-0.22271 -0.05710 19.75012 0 0 1.82830 19.27935 1.35201 -13
1.89337 -0.23085 88.49768 0 0 7.03352 42.17372 2.64487 13
-0.22858 -0.18336 92.78988 0 0 5.60732 90.52992 1.34965 13
0.13188 -0.23316 78.81455 0 0 7.12055 78.17239 1.69853 -13
-0.07292 -0.16509 57.61886 0 0 5.05360 57.47030 1.49897 13
-1.63522 0.04489 56.58290 0 0 -1.25689 29.54075 0.54931 -13
-1.61617 0.05174 26.04052 0 0 -1.51837 13.71500 0.55469 13
-1.36968 0.09312 30.69478 0 0 -2.75343 18.15103 0.63270 13
0.74640 -0.19958 53.90916 0 0 6.11259 43.50113 2.20265 -13
-0.08300 -0.17808 49.06423 0 0 5.46269 48.90125 1.48927 -13
-0.98850 -0.01076 11.16988 0 0 0.46502 7.94418 0.79121 -13
-0.38958 0.14857 76.20193 0 0 -4.40663 71.10513 1.20298 13
-0.39724 -0.25025 76.20193 0 0 7.62348 71.10513 1.20298 13
-0.81662 -0.17168 72.63613 0 0 5.26882 56.58490 0.89311 -13
0.05199 -0.24558 91.25452 0 0 7.48360 91.13843 1.62124 13
-0.19602 -0.05463 51.26449 0 0 1.73854 50.30992 1.37751 -13
0.42271 -0.05304 42.67289 0 0 1.66831 39.31396 1.97022 13
-0.64946 0.00476 73.82033 0 0 -0.07043 61.90947 0.99480 13
0.42718 0.11530 95.32434 0 0 -3.39195 87.74992 1.97213 -13
